1 203.0
2 0.0
3 120.0
4 0.0
5 32.0
6 169.0
7 0.0
8 0.0
9 0.0
10 203.0
11 174.0
12 191.0
13 0.0
14 0.0
15 32.0
16 0.0
17 30.0
18 0.0
19 25.0
20 169.0
21 0.0
22 0.0
23 25.0
24 0.0
25 49.0
26 0.0
27 0.0
28 32.0
29 0.0
30 32.0
31 6.0
32 38.0
33 203.0
34 203.0
35 0.0
36 0.0
37 0.0
38 33.0
39 0.0
40 25.0
41 30.0
42 0.0
43 32.0
44 0.0
45 38.0
46 25.0
47 191.0
48 32.0
49 30.0
50 0.0
51 203.0
52 203.0
53 204.0
54 120.0
55 174.0
56 38.0
57 169.0
58 32.0
59 0.0
60 0.0
61 203.0
62 203.0
63 191.0
64 191.0
65 38.0
66 32.0
67 0.0
68 30.0
69 14.0
70 38.0
71 169.0
72 170.0
73 25.0
74 25.0
75 0.0
76 49.0
77 44.0
78 0.0
79 32.0
80 0.0
81 32.0
82 38.0
83 203.0
84 203.0
85 203.0
86 30.0
87 0.0
88 33.0
89 33.0
90 33.0
91 30.0
92 30.0
93 32.0
94 32.0
95 33.0
96 38.0
97 191.0
98 191.0
99 191.0
100 33.0
101 204.0
102 204.0
103 204.0
104 203.0
105 204.0
106 169.0
107 180.0
108 169.0
109 180.0
110 0.0
111 203.0
112 203.0
113 203.0
114 203.0
115 120.0
116 49.0
117 38.0
118 0.0
119 30.0
120 32.0
121 0.0
122 161.0
123 98.0
124 32.0
125 25.0
126 32.0
127 49.0
128 44.0
129 0.0
130 32.0
131 0.0
132 33.0
133 38.0
134 11.0
135 203.0
136 203.0
137 0.0
138 33.0
139 49.0
140 33.0
141 38.0
142 31.0
143 32.0
144 98.0
145 32.0
146 174.0
147 175.0
148 104.0
149 191.0
150 174.0
151 33.0
152 203.0
153 204.0
154 204.0
155 204.0
156 204.0
157 98.0
158 191.0
159 169.0
160 180.0
161 0.0
162 32.0
163 203.0
164 203.0
165 203.0
166 32.0
167 38.0
168 38.0
169 0.0
170 32.0
171 32.0
172 0.0
173 169.0
174 32.0
175 32.0
176 203.0
177 0.0
178 49.0
179 0.0
180 0.0
181 32.0
182 33.0
183 33.0
184 1.0
185 54.0
186 203.0
187 203.0
188 0.0
189 49.0
190 120.0
191 33.0
192 32.0
193 0.0
194 32.0
195 98.0
196 98.0
197 98.0
198 175.0
199 191.0
200 191.0
201 32.0
202 204.0
203 0.0
204 204.0
205 204.0
206 203.0
207 204.0
208 175.0
209 191.0
210 191.0
211 32.0
212 203.0
213 204.0
214 203.0
215 174.0
216 120.0
217 204.0
218 33.0
219 49.0
220 204.0
221 32.0
222 38.0
223 32.0
224 168.0
225 0.0
226 200.0
227 223.0
228 49.0
229 49.0
230 0.0
231 0.0
232 32.0
233 33.0
234 49.0
235 32.0
236 49.0
237 203.0
238 203.0
239 203.0
240 203.0
241 49.0
242 49.0
243 6.0
244 169.0
245 32.0
246 32.0
247 98.0
248 175.0
249 174.0
250 7.0
251 191.0
252 204.0
253 203.0
254 204.0
255 223.0
256 204.0
257 204.0
258 203.0
259 0.0
260 191.0
261 191.0
262 203.0
263 203.0
264 0.0
265 204.0
266 0.0
267 204.0
268 6.0
269 203.0
270 38.0
271 104.0
272 38.0
273 14.0
274 32.0
275 169.0
276 114.0
277 201.0
278 198.0
279 203.0
280 49.0
281 38.0
282 0.0
283 33.0
284 0.0
285 0.0
286 38.0
287 11.0
288 203.0
289 203.0
290 30.0
291 204.0
292 49.0
293 49.0
294 164.0
295 204.0
296 30.0
297 32.0
298 33.0
299 6.0
300 186.0
301 104.0
302 204.0
303 204.0
304 203.0
305 203.0
306 223.0
307 204.0
308 204.0
309 204.0
310 0.0
311 180.0
312 203.0
313 203.0
314 0.0
315 32.0
316 0.0
317 180.0
318 191.0
319 6.0
320 203.0
321 204.0
322 0.0
323 38.0
324 38.0
325 32.0
326 180.0
327 203.0
328 38.0
329 203.0
330 198.0
331 203.0
332 44.0
333 158.0
334 33.0
335 49.0
336 33.0
337 38.0
338 54.0
339 203.0
340 203.0
341 204.0
342 49.0
343 203.0
344 164.0
345 204.0
346 30.0
347 33.0
348 98.0
349 33.0
350 175.0
351 175.0
352 204.0
353 204.0
354 204.0
355 204.0
356 203.0
357 223.0
358 204.0
359 203.0
360 204.0
361 104.0
362 203.0
363 203.0
364 169.0
365 0.0
366 32.0
367 204.0
368 180.0
369 120.0
370 32.0
371 203.0
372 204.0
373 38.0
374 33.0
375 32.0
376 32.0
377 203.0
378 203.0
379 223.0
380 203.0
381 203.0
382 203.0
383 0.0
384 0.0
385 174.0
386 0.0
387 33.0
388 33.0
389 54.0
390 203.0
391 203.0
392 203.0
393 203.0
394 203.0
395 204.0
396 204.0
397 204.0
398 33.0
399 98.0
400 33.0
401 98.0
402 204.0
403 204.0
404 203.0
405 204.0
406 203.0
407 32.0
408 223.0
409 204.0
410 204.0
411 204.0
412 0.0
413 180.0
414 191.0
415 203.0
416 33.0
417 0.0
418 203.0
419 203.0
420 120.0
421 203.0
422 204.0
423 204.0
424 104.0
425 32.0
426 14.0
427 203.0
428 227.0
429 32.0
430 200.0
431 198.0
432 203.0
433 203.0
434 44.0
435 169.0
436 164.0
437 32.0
438 0.0
439 38.0
440 203.0
441 203.0
442 204.0
443 204.0
444 204.0
445 0.0
446 0.0
447 30.0
448 30.0
449 204.0
450 32.0
451 174.0
452 6.0
453 204.0
454 204.0
455 204.0
456 204.0
457 203.0
458 204.0
459 227.0
460 204.0
461 204.0
462 204.0
463 0.0
464 180.0
465 32.0
466 203.0
467 203.0
468 0.0
469 0.0
470 33.0
471 38.0
472 6.0
473 0.0
474 38.0
475 0.0
476 38.0
477 203.0
478 203.0
479 165.0
480 203.0
481 203.0
482 198.0
483 223.0
484 203.0
485 38.0
486 33.0
487 33.0
488 32.0
489 0.0
490 33.0
491 203.0
492 120.0
493 109.0
494 204.0
495 49.0
496 220.0
497 204.0
498 30.0
499 204.0
500 0.0
501 103.0
502 203.0
503 204.0
504 204.0
505 203.0
506 204.0
507 204.0
508 204.0
509 203.0
510 227.0
511 204.0
512 204.0
513 204.0
514 175.0
515 203.0
516 203.0
517 203.0
518 203.0
519 0.0
520 204.0
521 32.0
522 120.0
523 32.0
524 0.0
525 204.0
526 109.0
527 38.0
528 203.0
529 203.0
530 165.0
531 203.0
532 203.0
533 204.0
534 198.0
535 223.0
536 30.0
537 164.0
538 33.0
539 0.0
540 25.0
541 203.0
542 54.0
543 120.0
544 203.0
545 203.0
546 201.0
547 204.0
548 203.0
549 204.0
550 30.0
551 33.0
552 204.0
553 44.0
554 203.0
555 203.0
556 204.0
557 204.0
558 204.0
559 204.0
560 33.0
561 227.0
562 204.0
563 203.0
564 204.0
565 204.0
566 203.0
567 204.0
568 203.0
569 203.0
570 203.0
571 203.0
572 33.0
573 203.0
574 204.0
575 1.0
576 204.0
577 32.0
578 33.0
579 203.0
580 165.0
581 203.0
582 203.0
583 223.0
584 204.0
585 223.0
586 223.0
587 0.0
588 0.0
589 33.0
590 0.0
591 25.0
592 11.0
593 60.0
594 204.0
595 203.0
596 203.0
597 203.0
598 0.0
599 204.0
600 30.0
601 204.0
602 32.0
603 0.0
604 174.0
605 203.0
606 204.0
607 204.0
608 204.0
609 204.0
610 203.0
611 203.0
612 227.0
613 204.0
614 204.0
615 204.0
616 98.0
617 203.0
618 204.0
619 204.0
620 203.0
621 32.0
622 0.0
623 32.0
624 191.0
625 6.0
626 33.0
627 204.0
628 32.0
629 38.0
630 203.0
631 169.0
632 227.0
633 203.0
634 200.0
635 204.0
636 203.0
637 198.0
638 38.0
639 180.0
640 174.0
641 1.0
642 25.0
643 32.0
644 204.0
645 120.0
646 109.0
647 204.0
648 6.0
649 204.0
650 38.0
651 30.0
652 204.0
653 30.0
654 204.0
655 174.0
656 203.0
657 203.0
658 204.0
659 204.0
660 204.0
661 204.0
662 203.0
663 227.0
664 204.0
665 204.0
666 204.0
667 204.0
668 191.0
669 204.0
670 191.0
671 203.0
672 0.0
673 0.0
674 32.0
675 204.0
676 6.0
677 204.0
678 204.0
679 204.0
680 38.0
681 203.0
682 203.0
683 201.0
684 203.0
685 198.0
686 223.0
687 223.0
688 223.0
689 38.0
690 0.0
691 169.0
692 32.0
693 0.0
694 209.0
695 209.0
696 204.0
697 204.0
698 203.0
699 203.0
700 204.0
701 0.0
702 204.0
703 204.0
704 0.0
705 33.0
706 6.0
707 203.0
708 204.0
709 204.0
710 204.0
711 204.0
712 204.0
713 0.0
714 227.0
715 204.0
716 203.0
717 204.0
718 0.0
719 204.0
720 203.0
721 204.0
722 203.0
723 0.0
724 203.0
725 204.0
726 120.0
727 32.0
728 38.0
729 204.0
730 32.0
731 203.0
732 203.0
733 203.0
734 203.0
735 203.0
736 223.0
737 198.0
738 198.0
739 203.0
740 38.0
741 164.0
742 180.0
743 0.0
744 120.0
745 109.0
746 209.0
747 209.0
748 203.0
749 203.0
750 1.0
751 204.0
752 204.0
753 204.0
754 204.0
755 32.0
756 203.0
757 204.0
758 203.0
759 204.0
760 204.0
761 204.0
762 204.0
763 203.0
764 203.0
765 227.0
766 204.0
767 204.0
768 204.0
769 93.0
770 203.0
771 204.0
772 204.0
773 203.0
774 32.0
775 203.0
776 32.0
777 203.0
778 6.0
779 204.0
780 204.0
781 30.0
782 38.0
783 203.0
784 227.0
785 201.0
786 203.0
787 200.0
788 204.0
789 223.0
790 204.0
791 0.0
792 164.0
793 169.0
794 0.0
795 44.0
796 209.0
797 209.0
798 209.0
799 209.0
800 98.0
801 109.0
802 203.0
803 30.0
804 203.0
805 204.0
806 32.0
807 204.0
808 203.0
809 203.0
810 204.0
811 204.0
812 204.0
813 204.0
814 204.0
815 0.0
816 227.0
817 204.0
818 204.0
819 204.0
820 204.0
821 203.0
822 203.0
823 204.0
824 203.0
825 203.0
826 203.0
827 49.0
828 203.0
829 6.0
830 33.0
831 204.0
832 38.0
833 38.0
834 203.0
835 203.0
836 201.0
837 203.0
838 223.0
839 204.0
840 204.0
841 193.0
842 204.0
843 0.0
844 180.0
845 0.0
846 109.0
847 120.0
848 209.0
849 209.0
850 209.0
851 38.0
852 222.0
853 204.0
854 204.0
855 30.0
856 204.0
857 30.0
858 203.0
859 203.0
860 204.0
861 204.0
862 204.0
863 204.0
864 204.0
865 204.0
866 204.0
867 227.0
868 204.0
869 25.0
870 204.0
871 0.0
872 203.0
873 203.0
874 191.0
875 0.0
876 0.0
877 0.0
878 32.0
879 204.0
880 32.0
881 38.0
882 204.0
883 32.0
884 33.0
885 204.0
886 203.0
887 203.0
888 203.0
889 38.0
890 198.0
891 204.0
892 204.0
893 204.0
894 204.0
895 175.0
896 0.0
897 114.0
898 204.0
899 209.0
900 204.0
901 204.0
902 6.0
903 6.0
904 204.0
905 0.0
906 204.0
907 204.0
908 30.0
909 33.0
910 203.0
911 203.0
912 204.0
913 204.0
914 203.0
915 204.0
916 204.0
917 203.0
918 227.0
919 204.0
920 203.0
921 203.0
922 0.0
923 203.0
924 204.0
925 204.0
926 203.0
927 32.0
928 203.0
929 203.0
930 204.0
931 203.0
932 204.0
933 204.0
934 32.0
935 33.0
936 203.0
937 203.0
938 227.0
939 203.0
940 200.0
941 198.0
942 198.0
943 204.0
944 204.0
945 20.0
946 38.0
947 185.0
948 44.0
949 204.0
950 209.0
951 204.0
952 209.0
953 32.0
954 6.0
955 38.0
956 0.0
957 30.0
958 204.0
959 30.0
960 204.0
961 204.0
962 203.0
963 204.0
964 204.0
965 204.0
966 204.0
967 204.0
968 203.0
969 227.0
970 204.0
971 33.0
972 204.0
973 98.0
974 204.0
975 203.0
976 203.0
977 203.0
978 203.0
979 203.0
980 32.0
981 203.0
982 6.0
983 38.0
984 204.0
985 32.0
986 204.0
987 201.0
988 203.0
989 165.0
990 203.0
991 223.0
992 204.0
993 198.0
994 223.0
995 204.0
996 203.0
997 204.0
998 0.0
999 38.0
1000 44.0
1001 209.0
1002 209.0
1003 209.0
1004 1.0
1005 1.0
1006 204.0
1007 204.0
1008 30.0
1009 204.0
1010 32.0
1011 0.0
1012 203.0
1013 203.0
1014 204.0
1015 204.0
1016 204.0
1017 204.0
1018 204.0
1019 33.0
1020 227.0
1021 204.0
1022 0.0
1023 204.0
1024 203.0
1025 32.0
1026 203.0
1027 204.0
1028 203.0
1029 0.0
1030 204.0
1031 203.0
1032 203.0
1033 204.0
1034 204.0
1035 204.0
1036 204.0
1037 180.0
1038 203.0
1039 203.0
1040 165.0
1041 203.0
1042 38.0
1043 223.0
1044 203.0
1045 223.0
1046 33.0
1047 203.0
1048 204.0
1049 33.0
1050 114.0
1051 120.0
1052 204.0
1053 209.0
1054 194.0
1055 0.0
1056 203.0
1057 204.0
1058 0.0
1059 204.0
1060 204.0
1061 33.0
1062 31.0
1063 203.0
1064 203.0
1065 203.0
1066 204.0
1067 44.0
1068 204.0
1069 204.0
1070 203.0
1071 227.0
1072 204.0
1073 33.0
1074 204.0
1075 175.0
1076 203.0
1077 204.0
1078 204.0
1079 203.0
1080 33.0
1081 0.0
1082 191.0
1083 204.0
1084 203.0
1085 204.0
1086 204.0
1087 32.0
1088 180.0
1089 203.0
1090 203.0
1091 227.0
1092 203.0
1093 223.0
1094 198.0
1095 203.0
1096 223.0
1097 204.0
1098 204.0
1099 204.0
1100 33.0
1101 38.0
1102 180.0
1103 204.0
1104 209.0
1105 203.0
1106 32.0
1107 6.0
1108 204.0
1109 30.0
1110 204.0
1111 204.0
1112 30.0
1113 30.0
1114 203.0
1115 203.0
1116 204.0
1117 204.0
1118 204.0
1119 204.0
1120 204.0
1121 203.0
1122 227.0
1123 204.0
1124 204.0
1125 204.0
1126 189.0
1127 203.0
1128 204.0
1129 203.0
1130 203.0
1131 203.0
1132 33.0
1133 203.0
1134 204.0
1135 204.0
1136 204.0
1137 204.0
1138 33.0
1139 0.0
1140 0.0
1141 165.0
1142 203.0
1143 203.0
1144 200.0
1145 204.0
1146 203.0
1147 204.0
1148 204.0
1149 30.0
1150 203.0
1151 0.0
1152 109.0
1153 209.0
1154 209.0
1155 209.0
1156 195.0
1157 1.0
1158 109.0
1159 0.0
1160 204.0
1161 204.0
1162 204.0
1163 30.0
1164 204.0
1165 203.0
1166 203.0
1167 204.0
1168 204.0
1169 204.0
1170 204.0
1171 204.0
1172 204.0
1173 227.0
1174 204.0
1175 0.0
1176 204.0
1177 93.0
1178 251.0
1179 203.0
1180 204.0
1181 203.0
1182 0.0
1183 203.0
1184 32.0
1185 203.0
1186 6.0
1187 38.0
1188 204.0
1189 0.0
1190 0.0
1191 227.0
1192 203.0
1193 201.0
1194 203.0
1195 203.0
1196 223.0
1197 198.0
1198 204.0
1199 204.0
1200 204.0
1201 38.0
1202 6.0
1203 209.0
1204 44.0
1205 209.0
1206 209.0
1207 215.0
1208 1.0
1209 109.0
1210 0.0
1211 204.0
1212 204.0
1213 204.0
1214 33.0
1215 203.0
1216 203.0
1217 203.0
1218 203.0
1219 204.0
1220 204.0
1221 204.0
1222 204.0
1223 203.0
1224 251.0
1225 204.0
1226 203.0
1227 204.0
1228 203.0
1229 203.0
1230 251.0
1231 204.0
1232 203.0
1233 32.0
1234 204.0
1235 191.0
1236 203.0
1237 203.0
1238 204.0
1239 204.0
1240 38.0
1241 203.0
1242 203.0
1243 165.0
1244 201.0
1245 203.0
1246 223.0
1247 198.0
1248 203.0
1249 198.0
1250 33.0
1251 203.0
1252 204.0
1253 32.0
1254 38.0
1255 180.0
1256 209.0
1257 209.0
1258 220.0
1259 32.0
1260 6.0
1261 220.0
1262 204.0
1263 204.0
1264 204.0
1265 30.0
1266 203.0
1267 6.0
1268 203.0
1269 204.0
1270 204.0
1271 204.0
1272 204.0
1273 204.0
1274 203.0
1275 251.0
1276 203.0
1277 33.0
1278 204.0
1279 180.0
1280 191.0
1281 203.0
1282 32.0
1283 204.0
1284 203.0
1285 0.0
1286 204.0
1287 204.0
1288 203.0
1289 204.0
1290 204.0
1291 32.0
1292 203.0
1293 165.0
1294 203.0
1295 203.0
1296 203.0
1297 200.0
1298 204.0
1299 223.0
1300 204.0
1301 0.0
1302 204.0
1303 204.0
1304 44.0
1305 215.0
1306 204.0
1307 209.0
1308 220.0
1309 220.0
1310 32.0
1311 120.0
1312 203.0
1313 203.0
1314 204.0
1315 204.0
1316 0.0
1317 204.0
1318 203.0
1319 203.0
1320 204.0
1321 204.0
1322 204.0
1323 204.0
1324 204.0
1325 204.0
1326 251.0
1327 203.0
1328 204.0
1329 204.0
1330 191.0
1331 32.0
1332 203.0
1333 191.0
1334 203.0
1335 0.0
1336 203.0
1337 204.0
1338 204.0
1339 1.0
1340 204.0
1341 204.0
1342 32.0
1343 203.0
1344 158.0
1345 201.0
1346 201.0
1347 203.0
1348 223.0
1349 204.0
1350 198.0
1351 204.0
1352 38.0
1353 33.0
1354 38.0
1355 203.0
1356 209.0
1357 251.0
1358 209.0
1359 220.0
1360 220.0
1361 6.0
1362 203.0
1363 38.0
1364 203.0
1365 204.0
1366 204.0
1367 33.0
1368 204.0
1369 203.0
1370 203.0
1371 204.0
1372 204.0
1373 204.0
1374 204.0
1375 204.0
1376 204.0
1377 251.0
1378 204.0
1379 25.0
1380 204.0
1381 174.0
1382 203.0
1383 204.0
1384 203.0
1385 203.0
1386 0.0
1387 204.0
1388 204.0
1389 203.0
1390 1.0
1391 38.0
1392 204.0
1393 204.0
1394 203.0
1395 203.0
1396 165.0
1397 201.0
1398 203.0
1399 223.0
1400 223.0
1401 203.0
1402 223.0
1403 223.0
1404 204.0
1405 204.0
1406 33.0
1407 215.0
1408 203.0
1409 0.0
1410 220.0
1411 220.0
1412 109.0
1413 6.0
1414 163.0
1415 164.0
1416 204.0
1417 204.0
1418 30.0
1419 204.0
1420 38.0
1421 203.0
1422 204.0
1423 204.0
1424 204.0
1425 204.0
1426 204.0
1427 33.0
1428 251.0
1429 204.0
1430 204.0
1431 204.0
1432 180.0
1433 203.0
1434 204.0
1435 203.0
1436 203.0
1437 203.0
1438 32.0
1439 203.0
1440 204.0
1441 204.0
1442 204.0
1443 204.0
1444 32.0
1445 203.0
1446 203.0
1447 227.0
1448 227.0
1449 201.0
1450 223.0
1451 223.0
1452 223.0
1453 223.0
1454 0.0
1455 33.0
1456 204.0
1457 32.0
1458 204.0
1459 1.0
1460 0.0
1461 209.0
1462 220.0
1463 138.0
1464 6.0
1465 203.0
1466 204.0
1467 204.0
1468 204.0
1469 30.0
1470 204.0
1471 204.0
1472 6.0
1473 204.0
1474 204.0
1475 203.0
1476 204.0
1477 204.0
1478 203.0
1479 251.0
1480 203.0
1481 204.0
1482 204.0
1483 191.0
1484 191.0
1485 203.0
1486 98.0
1487 203.0
1488 0.0
1489 203.0
1490 204.0
1491 204.0
1492 203.0
1493 204.0
1494 204.0
1495 32.0
1496 0.0
1497 201.0
1498 227.0
1499 227.0
1500 203.0
1501 200.0
1502 223.0
1503 198.0
1504 204.0
1505 204.0
1506 33.0
1507 204.0
1508 32.0
1509 109.0
1510 251.0
1511 209.0
1512 220.0
1513 220.0
1514 194.0
1515 6.0
1516 49.0
1517 203.0
1518 204.0
1519 204.0
1520 33.0
1521 204.0
1522 203.0
1523 204.0
1524 204.0
1525 204.0
1526 204.0
1527 204.0
1528 204.0
1529 204.0
1530 251.0
1531 204.0
1532 203.0
1533 204.0
1534 191.0
1535 203.0
1536 203.0
1537 32.0
1538 203.0
1539 0.0
1540 203.0
1541 204.0
1542 203.0
1543 1.0
1544 204.0
1545 204.0
1546 204.0
1547 203.0
1548 203.0
1549 165.0
1550 201.0
1551 203.0
1552 38.0
1553 204.0
1554 223.0
1555 204.0
1556 38.0
1557 223.0
1558 38.0
1559 38.0
1560 204.0
1561 209.0
1562 194.0
1563 220.0
1564 220.0
1565 1.0
1566 203.0
1567 202.0
1568 0.0
1569 204.0
1570 204.0
1571 33.0
1572 204.0
1573 204.0
1574 180.0
1575 204.0
1576 204.0
1577 203.0
1578 204.0
1579 204.0
1580 204.0
1581 251.0
1582 204.0
1583 204.0
1584 204.0
1585 174.0
1586 203.0
1587 203.0
1588 203.0
1589 203.0
1590 33.0
1591 32.0
1592 204.0
1593 204.0
1594 204.0
1595 38.0
1596 204.0
1597 32.0
1598 203.0
1599 227.0
1600 201.0
1601 203.0
1602 200.0
1603 223.0
1604 223.0
1605 204.0
1606 204.0
1607 0.0
1608 203.0
1609 203.0
1610 0.0
1611 0.0
1612 251.0
1613 38.0
1614 251.0
1615 220.0
1616 138.0
1617 6.0
1618 164.0
1619 0.0
1620 204.0
1621 204.0
1622 32.0
1623 204.0
1624 203.0
1625 180.0
1626 204.0
1627 204.0
1628 204.0
1629 204.0
1630 204.0
1631 203.0
1632 251.0
1633 203.0
1634 204.0
1635 204.0
1636 251.0
1637 251.0
1638 203.0
1639 191.0
1640 204.0
1641 203.0
1642 203.0
1643 203.0
1644 204.0
1645 203.0
1646 204.0
1647 204.0
1648 0.0
1649 32.0
1650 201.0
1651 203.0
1652 201.0
1653 25.0
1654 200.0
1655 223.0
1656 223.0
1657 223.0
1658 223.0
1659 203.0
1660 195.0
1661 32.0
1662 209.0
1663 0.0
1664 204.0
1665 220.0
1666 49.0
1667 157.0
1668 203.0
1669 6.0
1670 204.0
1671 204.0
1672 204.0
1673 30.0
1674 204.0
1675 204.0
1676 203.0
1677 204.0
1678 204.0
1679 203.0
1680 204.0
1681 204.0
1682 204.0
1683 251.0
1684 204.0
1685 204.0
1686 251.0
1687 203.0
1688 251.0
1689 203.0
1690 203.0
1691 203.0
1692 204.0
1693 204.0
1694 204.0
1695 204.0
1696 203.0
1697 204.0
1698 204.0
1699 0.0
1700 32.0
1701 227.0
1702 203.0
1703 201.0
1704 38.0
1705 223.0
1706 204.0
1707 223.0
1708 204.0
1709 204.0
1710 204.0
1711 30.0
1712 209.0
1713 109.0
1714 0.0
1715 204.0
1716 220.0
1717 209.0
1718 32.0
1719 222.0
1720 203.0
1721 0.0
1722 204.0
1723 204.0
1724 30.0
1725 204.0
1726 203.0
1727 180.0
1728 204.0
1729 204.0
1730 204.0
1731 204.0
1732 204.0
1733 203.0
1734 251.0
1735 204.0
1736 251.0
1737 251.0
1738 203.0
1739 251.0
1740 191.0
1741 32.0
1742 203.0
1743 0.0
1744 32.0
1745 204.0
1746 203.0
1747 1.0
1748 38.0
1749 204.0
1750 32.0
1751 203.0
1752 227.0
1753 227.0
1754 227.0
1755 203.0
1756 223.0
1757 204.0
1758 223.0
1759 204.0
1760 33.0
1761 204.0
1762 0.0
1763 109.0
1764 215.0
1765 0.0
1766 247.0
1767 209.0
1768 209.0
1769 4.0
1770 222.0
1771 204.0
1772 0.0
1773 204.0
1774 204.0
1775 33.0
1776 204.0
1777 6.0
1778 180.0
1779 204.0
1780 204.0
1781 204.0
1782 204.0
1783 204.0
1784 203.0
1785 251.0
1786 203.0
1787 251.0
1788 251.0
1789 115.0
1790 203.0
1791 203.0
1792 204.0
1793 203.0
1794 203.0
1795 204.0
1796 204.0
1797 204.0
1798 203.0
1799 204.0
1800 204.0
1801 38.0
1802 203.0
1803 201.0
1804 203.0
1805 227.0
1806 203.0
1807 223.0
1808 223.0
1809 223.0
1810 223.0
1811 33.0
1812 203.0
1813 32.0
1814 204.0
1815 180.0
1816 209.0
1817 251.0
1818 220.0
1819 251.0
1820 6.0
1821 6.0
1822 6.0
1823 204.0
1824 204.0
1825 204.0
1826 30.0
1827 204.0
1828 204.0
1829 203.0
1830 204.0
1831 204.0
1832 203.0
1833 204.0
1834 204.0
1835 204.0
1836 251.0
1837 251.0
1838 251.0
1839 203.0
1840 188.0
1841 251.0
1842 203.0
1843 203.0
1844 32.0
1845 203.0
1846 204.0
1847 204.0
1848 203.0
1849 203.0
1850 204.0
1851 204.0
1852 0.0
1853 0.0
1854 201.0
1855 201.0
1856 227.0
1857 204.0
1858 223.0
1859 223.0
1860 223.0
1861 223.0
1862 204.0
1863 204.0
1864 32.0
1865 33.0
1866 220.0
1867 0.0
1868 247.0
1869 220.0
1870 220.0
1871 44.0
1872 203.0
1873 204.0
1874 0.0
1875 204.0
1876 204.0
1877 30.0
1878 204.0
1879 203.0
1880 203.0
1881 204.0
1882 204.0
1883 44.0
1884 204.0
1885 204.0
1886 204.0
1887 251.0
1888 251.0
1889 251.0
1890 251.0
1891 203.0
1892 251.0
1893 203.0
1894 191.0
1895 203.0
1896 0.0
1897 33.0
1898 204.0
1899 204.0
1900 204.0
1901 204.0
1902 204.0
1903 104.0
1904 30.0
1905 203.0
1906 201.0
1907 227.0
1908 165.0
1909 223.0
1910 204.0
1911 223.0
1912 223.0
1913 33.0
1914 204.0
1915 203.0
1916 49.0
1917 109.0
1918 0.0
1919 251.0
1920 251.0
1921 49.0
1922 38.0
1923 222.0
1924 38.0
1925 0.0
1926 204.0
1927 204.0
1928 32.0
1929 204.0
1930 204.0
1931 180.0
1932 204.0
1933 204.0
1934 204.0
1935 204.0
1936 204.0
1937 251.0
1938 251.0
1939 251.0
1940 203.0
1941 251.0
1942 203.0
1943 251.0
1944 203.0
1945 32.0
1946 203.0
1947 203.0
1948 32.0
1949 204.0
1950 204.0
1951 1.0
1952 204.0
1953 204.0
1954 38.0
1955 201.0
1956 203.0
1957 227.0
1958 227.0
1959 203.0
1960 223.0
1961 204.0
1962 223.0
1963 204.0
1964 33.0
1965 203.0
1966 0.0
1967 203.0
1968 209.0
1969 209.0
1970 247.0
1971 220.0
1972 251.0
1973 195.0
1974 222.0
1975 204.0
1976 204.0
1977 204.0
1978 204.0
1979 30.0
1980 203.0
1981 203.0
1982 180.0
1983 204.0
1984 204.0
1985 204.0
1986 204.0
1987 188.0
1988 203.0
1989 251.0
1990 251.0
1991 251.0
1992 20.0
1993 203.0
1994 251.0
1995 203.0
1996 32.0
1997 203.0
1998 203.0
1999 204.0
2000 204.0
2001 203.0
2002 203.0
2003 204.0
2004 204.0
2005 204.0
2006 201.0
2007 165.0
2008 227.0
2009 227.0
2010 32.0
2011 223.0
2012 198.0
2013 223.0
2014 198.0
2015 204.0
2016 223.0
2017 38.0
2018 1.0
2019 220.0
2020 204.0
2021 247.0
2022 209.0
2023 220.0
2024 49.0
2025 203.0
2026 203.0
2027 30.0
2028 204.0
2029 204.0
2030 30.0
2031 203.0
2032 203.0
2033 203.0
2034 204.0
2035 204.0
2036 204.0
2037 204.0
2038 188.0
2039 251.0
2040 251.0
2041 251.0
2042 251.0
2043 251.0
2044 203.0
2045 251.0
2046 203.0
2047 204.0
2048 203.0
2049 32.0
2050 204.0
2051 203.0
2052 204.0
2053 204.0
2054 204.0
2055 204.0
2056 204.0
2057 203.0
2058 227.0
2059 201.0
2060 227.0
2061 203.0
2062 223.0
2063 223.0
2064 223.0
2065 204.0
2066 33.0
2067 204.0
2068 203.0
2069 33.0
2070 32.0
2071 38.0
2072 247.0
2073 220.0
2074 247.0
2075 247.0
2076 222.0
2077 246.0
2078 30.0
2079 204.0
2080 204.0
2081 32.0
2082 204.0
2083 203.0
2084 180.0
2085 204.0
2086 204.0
2087 204.0
2088 204.0
2089 203.0
2090 251.0
2091 251.0
2092 251.0
2093 251.0
2094 251.0
2095 251.0
2096 251.0
2097 203.0
2098 203.0
2099 204.0
2100 0.0
2101 32.0
2102 203.0
2103 204.0
2104 204.0
2105 204.0
2106 204.0
2107 204.0
2108 203.0
2109 203.0
2110 227.0
2111 227.0
2112 203.0
2113 223.0
2114 204.0
2115 223.0
2116 204.0
2117 33.0
2118 33.0
2119 0.0
2120 32.0
2121 220.0
2122 220.0
2123 247.0
2124 215.0
2125 247.0
2126 247.0
2127 251.0
2128 0.0
2129 204.0
2130 204.0
2131 204.0
2132 32.0
2133 204.0
2134 203.0
2135 180.0
2136 204.0
2137 204.0
2138 204.0
2139 204.0
2140 203.0
2141 251.0
2142 251.0
2143 251.0
2144 251.0
2145 251.0
2146 203.0
2147 251.0
2148 203.0
2149 251.0
2150 203.0
2151 203.0
2152 32.0
2153 204.0
2154 204.0
2155 203.0
2156 204.0
2157 204.0
2158 204.0
2159 203.0
2160 201.0
2161 227.0
2162 227.0
2163 32.0
2164 223.0
2165 204.0
2166 223.0
2167 204.0
2168 204.0
2169 203.0
2170 38.0
2171 180.0
2172 180.0
2173 180.0
2174 191.0
2175 220.0
2176 251.0
2177 251.0
2178 247.0
2179 209.0
2180 204.0
2181 204.0
2182 204.0
2183 30.0
2184 30.0
2185 203.0
2186 203.0
2187 204.0
2188 204.0
2189 204.0
2190 204.0
2191 251.0
2192 251.0
2193 251.0
2194 203.0
2195 251.0
2196 203.0
2197 203.0
2198 251.0
2199 203.0
2200 203.0
2201 203.0
2202 203.0
2203 204.0
2204 204.0
2205 203.0
2206 204.0
2207 204.0
2208 204.0
2209 204.0
2210 0.0
2211 201.0
2212 227.0
2213 227.0
2214 204.0
2215 223.0
2216 223.0
2217 223.0
2218 223.0
2219 204.0
2220 204.0
2221 204.0
2222 6.0
2223 32.0
2224 180.0
2225 251.0
2226 220.0
2227 247.0
2228 251.0
2229 247.0
2230 191.0
2231 30.0
2232 204.0
2233 204.0
2234 0.0
2235 204.0
2236 203.0
2237 180.0
2238 204.0
2239 204.0
2240 204.0
2241 203.0
2242 251.0
2243 251.0
2244 251.0
2245 251.0
2246 251.0
2247 203.0
2248 203.0
2249 251.0
2250 203.0
2251 203.0
2252 203.0
2253 0.0
2254 32.0
2255 203.0
2256 203.0
2257 204.0
2258 204.0
2259 204.0
2260 204.0
2261 203.0
2262 203.0
2263 201.0
2264 227.0
2265 201.0
2266 223.0
2267 223.0
2268 223.0
2269 223.0
2270 0.0
2271 33.0
2272 32.0
2273 252.0
2274 1.0
2275 191.0
2276 220.0
2277 209.0
2278 251.0
2279 251.0
2280 247.0
2281 33.0
2282 30.0
2283 204.0
2284 204.0
2285 32.0
2286 204.0
2287 204.0
2288 180.0
2289 204.0
2290 204.0
2291 204.0
2292 204.0
2293 251.0
2294 251.0
2295 252.0
2296 203.0
2297 251.0
2298 251.0
2299 203.0
2300 251.0
2301 204.0
2302 203.0
2303 203.0
2304 0.0
2305 0.0
2306 204.0
2307 204.0
2308 204.0
2309 204.0
2310 204.0
2311 38.0
2312 201.0
2313 203.0
2314 227.0
2315 227.0
2316 203.0
2317 223.0
2318 223.0
2319 223.0
2320 204.0
2321 0.0
2322 223.0
2323 32.0
2324 191.0
2325 186.0
2326 191.0
2327 180.0
2328 220.0
2329 251.0
2330 247.0
2331 203.0
2332 203.0
2333 204.0
2334 204.0
2335 204.0
2336 30.0
2337 204.0
2338 204.0
2339 204.0
2340 204.0
2341 204.0
2342 204.0
2343 104.0
2344 251.0
2345 251.0
2346 252.0
2347 251.0
2348 251.0
2349 203.0
2350 252.0
2351 251.0
2352 203.0
2353 203.0
2354 203.0
2355 32.0
2356 203.0
2357 204.0
2358 204.0
2359 204.0
2360 204.0
2361 204.0
2362 204.0
2363 203.0
2364 203.0
2365 227.0
2366 227.0
2367 38.0
2368 223.0
2369 204.0
2370 223.0
2371 223.0
2372 33.0
2373 193.0
2374 180.0
2375 191.0
2376 1.0
2377 180.0
2378 251.0
2379 220.0
2380 251.0
2381 247.0
2382 247.0
2383 38.0
2384 202.0
2385 204.0
2386 204.0
2387 30.0
2388 30.0
2389 203.0
2390 204.0
2391 204.0
2392 204.0
2393 204.0
2394 203.0
2395 251.0
2396 251.0
2397 252.0
2398 251.0
2399 251.0
2400 203.0
2401 203.0
2402 109.0
2403 203.0
2404 191.0
2405 251.0
2406 0.0
2407 203.0
2408 204.0
2409 204.0
2410 204.0
2411 204.0
2412 204.0
2413 204.0
2414 204.0
2415 165.0
2416 227.0
2417 227.0
2418 203.0
2419 223.0
2420 223.0
2421 223.0
2422 223.0
2423 204.0
2424 223.0
2425 220.0
2426 180.0
2427 1.0
2428 180.0
2429 220.0
2430 220.0
2431 251.0
2432 251.0
2433 49.0
2434 174.0
2435 30.0
2436 204.0
2437 204.0
2438 32.0
2439 204.0
2440 203.0
2441 180.0
2442 204.0
2443 204.0
2444 204.0
2445 188.0
2446 251.0
2447 251.0
2448 252.0
2449 251.0
2450 251.0
2451 203.0
2452 203.0
2453 174.0
2454 203.0
2455 203.0
2456 203.0
2457 203.0
2458 203.0
2459 203.0
2460 204.0
2461 204.0
2462 204.0
2463 204.0
2464 38.0
2465 203.0
2466 227.0
2467 201.0
2468 227.0
2469 203.0
2470 223.0
2471 223.0
2472 223.0
2473 204.0
2474 204.0
2475 33.0
2476 209.0
2477 6.0
2478 180.0
2479 231.0
2480 251.0
2481 220.0
2482 251.0
2483 251.0
2484 49.0
2485 180.0
2486 204.0
2487 204.0
2488 204.0
2489 30.0
2490 204.0
2491 203.0
2492 180.0
2493 204.0
2494 204.0
2495 204.0
2496 251.0
2497 251.0
2498 251.0
2499 252.0
2500 251.0
2501 251.0
2502 203.0
2503 251.0
2504 231.0
2505 203.0
2506 203.0
2507 203.0
2508 203.0
2509 0.0
2510 204.0
2511 204.0
2512 204.0
2513 204.0
2514 204.0
2515 38.0
2516 203.0
2517 203.0
2518 227.0
2519 227.0
2520 203.0
2521 223.0
2522 204.0
2523 223.0
2524 204.0
2525 33.0
2526 223.0
2527 220.0
2528 252.0
2529 220.0
2530 191.0
2531 44.0
2532 209.0
2533 251.0
2534 247.0
2535 247.0
2536 204.0
2537 202.0
2538 204.0
2539 204.0
2540 30.0
2541 203.0
2542 204.0
2543 204.0
2544 204.0
2545 204.0
2546 251.0
2547 203.0
2548 251.0
2549 251.0
2550 252.0
2551 251.0
2552 251.0
2553 203.0
2554 203.0
2555 231.0
2556 203.0
2557 203.0
2558 203.0
2559 191.0
2560 203.0
2561 204.0
2562 204.0
2563 203.0
2564 204.0
2565 204.0
2566 204.0
2567 203.0
2568 201.0
2569 227.0
2570 227.0
2571 203.0
2572 223.0
2573 198.0
2574 223.0
2575 223.0
2576 0.0
2577 223.0
2578 252.0
2579 185.0
2580 209.0
2581 180.0
2582 251.0
2583 220.0
2584 251.0
2585 251.0
2586 247.0
2587 30.0
2588 0.0
2589 204.0
2590 204.0
2591 32.0
2592 204.0
2593 203.0
2594 204.0
2595 204.0
2596 203.0
2597 203.0
2598 203.0
2599 251.0
2600 251.0
2601 252.0
2602 203.0
2603 251.0
2604 252.0
2605 203.0
2606 251.0
2607 191.0
2608 251.0
2609 203.0
2610 203.0
2611 203.0
2612 204.0
2613 204.0
2614 204.0
2615 204.0
2616 204.0
2617 38.0
2618 203.0
2619 201.0
2620 201.0
2621 227.0
2622 203.0
2623 223.0
2624 204.0
2625 223.0
2626 223.0
2627 204.0
2628 252.0
2629 252.0
2630 185.0
2631 0.0
2632 180.0
2633 247.0
2634 251.0
2635 251.0
2636 251.0
2637 251.0
2638 204.0
2639 202.0
2640 204.0
2641 204.0
2642 32.0
2643 204.0
2644 203.0
2645 204.0
2646 204.0
2647 203.0
2648 203.0
2649 251.0
2650 251.0
2651 251.0
2652 252.0
2653 251.0
2654 251.0
2655 203.0
2656 251.0
2657 174.0
2658 203.0
2659 251.0
2660 203.0
2661 203.0
2662 0.0
2663 203.0
2664 204.0
2665 203.0
2666 204.0
2667 204.0
2668 38.0
2669 203.0
2670 203.0
2671 227.0
2672 227.0
2673 203.0
2674 223.0
2675 223.0
2676 223.0
2677 204.0
2678 252.0
2679 251.0
2680 252.0
2681 220.0
2682 186.0
2683 191.0
2684 251.0
2685 220.0
2686 251.0
2687 251.0
2688 251.0
2689 203.0
2690 202.0
2691 204.0
2692 204.0
2693 30.0
2694 203.0
2695 203.0
2696 6.0
2697 204.0
2698 251.0
2699 203.0
2700 203.0
2701 251.0
2702 251.0
2703 252.0
2704 251.0
2705 203.0
2706 203.0
2707 203.0
2708 203.0
2709 203.0
2710 203.0
2711 203.0
2712 251.0
2713 203.0
2714 204.0
2715 204.0
2716 203.0
2717 204.0
2718 204.0
2719 204.0
2720 201.0
2721 227.0
2722 227.0
2723 227.0
2724 203.0
2725 223.0
2726 223.0
2727 223.0
2728 252.0
2729 252.0
2730 252.0
2731 220.0
2732 6.0
2733 220.0
2734 180.0
2735 251.0
2736 220.0
2737 251.0
2738 251.0
2739 251.0
2740 38.0
2741 204.0
2742 204.0
2743 204.0
2744 32.0
2745 203.0
2746 38.0
2747 203.0
2748 203.0
2749 251.0
2750 203.0
2751 203.0
2752 251.0
2753 251.0
2754 252.0
2755 251.0
2756 251.0
2757 251.0
2758 203.0
2759 174.0
2760 32.0
2761 203.0
2762 203.0
2763 251.0
2764 251.0
2765 204.0
2766 204.0
2767 204.0
2768 204.0
2769 204.0
2770 204.0
2771 201.0
2772 201.0
2773 227.0
2774 227.0
2775 203.0
2776 223.0
2777 204.0
2778 251.0
2779 251.0
2780 209.0
2781 252.0
2782 252.0
2783 1.0
2784 1.0
2785 174.0
2786 247.0
2787 209.0
2788 251.0
2789 251.0
2790 49.0
2791 203.0
2792 158.0
2793 204.0
2794 204.0
2795 32.0
2796 204.0
2797 204.0
2798 204.0
2799 203.0
2800 203.0
2801 203.0
2802 203.0
2803 251.0
2804 251.0
2805 252.0
2806 203.0
2807 203.0
2808 203.0
2809 203.0
2810 251.0
2811 203.0
2812 251.0
2813 203.0
2814 251.0
2815 251.0
2816 204.0
2817 204.0
2818 204.0
2819 204.0
2820 204.0
2821 38.0
2822 203.0
2823 203.0
2824 227.0
2825 227.0
2826 203.0
2827 223.0
2828 251.0
2829 251.0
2830 252.0
2831 252.0
2832 252.0
2833 252.0
2834 191.0
2835 180.0
2836 191.0
2837 251.0
2838 215.0
2839 251.0
2840 251.0
2841 251.0
2842 246.0
2843 204.0
2844 204.0
2845 204.0
2846 32.0
2847 204.0
2848 203.0
2849 203.0
2850 203.0
2851 194.0
2852 203.0
2853 203.0
2854 251.0
2855 251.0
2856 252.0
2857 251.0
2858 203.0
2859 203.0
2860 203.0
2861 231.0
2862 203.0
2863 251.0
2864 203.0
2865 203.0
2866 251.0
2867 203.0
2868 204.0
2869 204.0
2870 204.0
2871 204.0
2872 204.0
2873 203.0
2874 203.0
2875 227.0
2876 227.0
2877 203.0
2878 245.0
2879 251.0
2880 251.0
2881 252.0
2882 252.0
2883 252.0
2884 252.0
2885 225.0
2886 186.0
2887 180.0
2888 251.0
2889 220.0
2890 251.0
2891 251.0
2892 251.0
2893 242.0
2894 0.0
2895 204.0
2896 204.0
2897 0.0
2898 30.0
2899 38.0
2900 203.0
2901 203.0
2902 203.0
2903 203.0
2904 203.0
2905 251.0
2906 251.0
2907 252.0
2908 251.0
2909 251.0
2910 251.0
2911 188.0
2912 203.0
2913 203.0
2914 203.0
2915 203.0
2916 251.0
2917 251.0
2918 251.0
2919 204.0
2920 204.0
2921 204.0
2922 204.0
2923 204.0
2924 201.0
2925 165.0
2926 227.0
2927 227.0
2928 203.0
2929 251.0
2930 251.0
2931 252.0
2932 209.0
2933 252.0
2934 252.0
2935 252.0
2936 32.0
2937 204.0
2938 180.0
2939 247.0
2940 49.0
2941 251.0
2942 251.0
2943 251.0
2944 209.0
2945 197.0
2946 204.0
2947 204.0
2948 32.0
2949 204.0
2950 203.0
2951 203.0
2952 188.0
2953 203.0
2954 251.0
2955 203.0
2956 251.0
2957 251.0
2958 252.0
2959 251.0
2960 251.0
2961 203.0
2962 188.0
2963 203.0
2964 109.0
2965 251.0
2966 203.0
2967 251.0
2968 251.0
2969 203.0
2970 251.0
2971 204.0
2972 204.0
2973 204.0
2974 38.0
2975 204.0
2976 203.0
2977 227.0
2978 227.0
2979 33.0
2980 251.0
2981 252.0
2982 252.0
2983 251.0
2984 252.0
2985 252.0
2986 252.0
2987 32.0
2988 204.0
2989 251.0
2990 247.0
2991 220.0
2992 251.0
2993 251.0
2994 251.0
2995 246.0
2996 203.0
2997 204.0
2998 204.0
2999 32.0
3000 204.0
3001 204.0
3002 203.0
3003 203.0
3004 203.0
3005 251.0
3006 203.0
3007 251.0
3008 251.0
3009 252.0
3010 251.0
3011 203.0
3012 203.0
3013 203.0
3014 191.0
3015 203.0
3016 251.0
3017 203.0
3018 251.0
3019 251.0
3020 251.0
3021 251.0
3022 251.0
3023 204.0
3024 204.0
3025 204.0
3026 203.0
3027 203.0
3028 227.0
3029 227.0
3030 38.0
3031 252.0
3032 251.0
3033 251.0
3034 252.0
3035 252.0
3036 252.0
3037 252.0
3038 38.0
3039 191.0
3040 191.0
3041 203.0
3042 220.0
3043 251.0
3044 251.0
3045 247.0
3046 209.0
3047 30.0
3048 204.0
3049 204.0
3050 204.0
3051 203.0
3052 33.0
3053 204.0
3054 203.0
3055 203.0
3056 251.0
3057 203.0
3058 251.0
3059 251.0
3060 252.0
3061 251.0
3062 251.0
3063 251.0
3064 203.0
3065 174.0
3066 32.0
3067 251.0
3068 203.0
3069 203.0
3070 203.0
3071 251.0
3072 251.0
3073 203.0
3074 203.0
3075 204.0
3076 204.0
3077 201.0
3078 165.0
3079 201.0
3080 227.0
3081 33.0
3082 251.0
3083 251.0
3084 251.0
3085 252.0
3086 252.0
3087 252.0
3088 252.0
3089 204.0
3090 204.0
3091 191.0
3092 220.0
3093 49.0
3094 251.0
3095 251.0
3096 251.0
3097 242.0
3098 0.0
3099 204.0
3100 204.0
3101 30.0
3102 204.0
3103 203.0
3104 203.0
3105 203.0
3106 203.0
3107 251.0
3108 203.0
3109 251.0
3110 251.0
3111 252.0
3112 251.0
3113 203.0
3114 203.0
3115 203.0
3116 203.0
3117 204.0
3118 203.0
3119 203.0
3120 251.0
3121 251.0
3122 203.0
3123 251.0
3124 251.0
3125 251.0
3126 204.0
3127 204.0
3128 201.0
3129 203.0
3130 227.0
3131 227.0
3132 203.0
3133 252.0
3134 251.0
3135 252.0
3136 251.0
3137 252.0
3138 252.0
3139 252.0
3140 32.0
3141 241.0
3142 180.0
3143 220.0
3144 209.0
3145 251.0
3146 251.0
3147 251.0
3148 251.0
3149 202.0
3150 204.0
3151 204.0
3152 32.0
3153 204.0
3154 203.0
3155 203.0
3156 203.0
3157 203.0
3158 251.0
3159 203.0
3160 251.0
3161 251.0
3162 252.0
3163 251.0
3164 203.0
3165 203.0
3166 203.0
3167 251.0
3168 203.0
3169 251.0
3170 203.0
3171 251.0
3172 251.0
3173 203.0
3174 251.0
3175 203.0
3176 251.0
3177 203.0
3178 204.0
3179 203.0
3180 32.0
3181 227.0
3182 227.0
3183 209.0
3184 251.0
3185 252.0
3186 251.0
3187 252.0
3188 252.0
3189 252.0
3190 252.0
3191 38.0
3192 220.0
3193 180.0
3194 220.0
3195 220.0
3196 251.0
3197 251.0
3198 251.0
3199 247.0
3200 201.0
3201 204.0
3202 204.0
3203 32.0
3204 204.0
3205 33.0
3206 203.0
3207 203.0
3208 203.0
3209 251.0
3210 203.0
3211 251.0
3212 251.0
3213 252.0
3214 251.0
3215 203.0
3216 251.0
3217 203.0
3218 231.0
3219 203.0
3220 251.0
3221 204.0
3222 203.0
3223 203.0
3224 251.0
3225 251.0
3226 203.0
3227 251.0
3228 203.0
3229 204.0
3230 203.0
3231 158.0
3232 227.0
3233 227.0
3234 32.0
3235 251.0
3236 209.0
3237 251.0
3238 252.0
3239 252.0
3240 252.0
3241 252.0
3242 32.0
3243 186.0
3244 191.0
3245 220.0
3246 220.0
3247 251.0
3248 251.0
3249 251.0
3250 247.0
3251 164.0
3252 204.0
3253 204.0
3254 30.0
3255 204.0
3256 203.0
3257 203.0
3258 203.0
3259 251.0
3260 203.0
3261 203.0
3262 251.0
3263 251.0
3264 252.0
3265 251.0
3266 188.0
3267 203.0
3268 188.0
3269 203.0
3270 203.0
3271 203.0
3272 203.0
3273 203.0
3274 251.0
3275 203.0
3276 251.0
3277 203.0
3278 251.0
3279 203.0
3280 204.0
3281 203.0
3282 203.0
3283 201.0
3284 227.0
3285 203.0
3286 220.0
3287 252.0
3288 252.0
3289 252.0
3290 252.0
3291 252.0
3292 252.0
3293 32.0
3294 180.0
3295 180.0
3296 247.0
3297 220.0
3298 251.0
3299 251.0
3300 251.0
3301 247.0
3302 38.0
3303 204.0
3304 204.0
3305 32.0
3306 203.0
3307 204.0
3308 203.0
3309 203.0
3310 174.0
3311 251.0
3312 203.0
3313 251.0
3314 251.0
3315 252.0
3316 203.0
3317 203.0
3318 203.0
3319 188.0
3320 203.0
3321 203.0
3322 203.0
3323 203.0
3324 251.0
3325 251.0
3326 251.0
3327 251.0
3328 203.0
3329 251.0
3330 203.0
3331 204.0
3332 201.0
3333 201.0
3334 227.0
3335 227.0
3336 251.0
3337 251.0
3338 252.0
3339 252.0
3340 252.0
3341 252.0
3342 252.0
3343 252.0
3344 32.0
3345 204.0
3346 252.0
3347 220.0
3348 247.0
3349 251.0
3350 247.0
3351 251.0
3352 247.0
3353 38.0
3354 204.0
3355 204.0
3356 32.0
3357 204.0
3358 33.0
3359 204.0
3360 174.0
3361 203.0
3362 251.0
3363 203.0
3364 251.0
3365 251.0
3366 252.0
3367 251.0
3368 203.0
3369 203.0
3370 251.0
3371 203.0
3372 203.0
3373 251.0
3374 203.0
3375 251.0
3376 251.0
3377 251.0
3378 251.0
3379 203.0
3380 251.0
3381 203.0
3382 204.0
3383 201.0
3384 203.0
3385 227.0
3386 203.0
3387 251.0
3388 251.0
3389 251.0
3390 251.0
3391 252.0
3392 252.0
3393 252.0
3394 252.0
3395 32.0
3396 120.0
3397 180.0
3398 180.0
3399 220.0
3400 251.0
3401 251.0
3402 251.0
3403 247.0
3404 203.0
3405 204.0
3406 204.0
3407 30.0
3408 204.0
3409 33.0
3410 204.0
3411 251.0
3412 203.0
3413 251.0
3414 203.0
3415 251.0
3416 251.0
3417 252.0
3418 251.0
3419 203.0
3420 203.0
3421 203.0
3422 203.0
3423 203.0
3424 251.0
3425 203.0
3426 203.0
3427 251.0
3428 251.0
3429 251.0
3430 203.0
3431 251.0
3432 251.0
3433 204.0
3434 204.0
3435 204.0
3436 227.0
3437 251.0
3438 251.0
3439 251.0
3440 252.0
3441 251.0
3442 252.0
3443 252.0
3444 252.0
3445 252.0
3446 32.0
3447 241.0
3448 180.0
3449 203.0
3450 220.0
3451 251.0
3452 251.0
3453 251.0
3454 49.0
3455 247.0
3456 204.0
3457 204.0
3458 0.0
3459 204.0
3460 38.0
3461 203.0
3462 203.0
3463 174.0
3464 251.0
3465 203.0
3466 251.0
3467 251.0
3468 252.0
3469 203.0
3470 203.0
3471 203.0
3472 203.0
3473 203.0
3474 203.0
3475 251.0
3476 203.0
3477 203.0
3478 203.0
3479 251.0
3480 251.0
3481 203.0
3482 251.0
3483 251.0
3484 251.0
3485 203.0
3486 203.0
3487 251.0
3488 251.0
3489 251.0
3490 251.0
3491 252.0
3492 252.0
3493 252.0
3494 252.0
3495 252.0
3496 252.0
3497 32.0
3498 204.0
3499 180.0
3500 194.0
3501 220.0
3502 251.0
3503 247.0
3504 251.0
3505 251.0
3506 247.0
3507 38.0
3508 204.0
3509 32.0
3510 204.0
3511 204.0
3512 251.0
3513 203.0
3514 203.0
3515 251.0
3516 203.0
3517 251.0
3518 251.0
3519 252.0
3520 251.0
3521 203.0
3522 202.0
3523 203.0
3524 231.0
3525 203.0
3526 251.0
3527 203.0
3528 251.0
3529 251.0
3530 251.0
3531 203.0
3532 203.0
3533 251.0
3534 251.0
3535 251.0
3536 203.0
3537 203.0
3538 251.0
3539 251.0
3540 252.0
3541 251.0
3542 252.0
3543 251.0
3544 252.0
3545 252.0
3546 252.0
3547 252.0
3548 225.0
3549 1.0
3550 191.0
3551 247.0
3552 220.0
3553 251.0
3554 251.0
3555 251.0
3556 247.0
3557 251.0
3558 247.0
3559 204.0
3560 32.0
3561 204.0
3562 203.0
3563 251.0
3564 251.0
3565 203.0
3566 251.0
3567 203.0
3568 251.0
3569 251.0
3570 252.0
3571 203.0
3572 203.0
3573 203.0
3574 251.0
3575 203.0
3576 203.0
3577 251.0
3578 203.0
3579 251.0
3580 203.0
3581 251.0
3582 203.0
3583 251.0
3584 251.0
3585 203.0
3586 251.0
3587 251.0
3588 251.0
3589 251.0
3590 203.0
3591 220.0
3592 251.0
3593 252.0
3594 251.0
3595 252.0
3596 252.0
3597 252.0
3598 252.0
3599 32.0
3600 32.0
3601 191.0
3602 220.0
3603 220.0
3604 251.0
3605 251.0
3606 251.0
3607 247.0
3608 251.0
3609 220.0
3610 30.0
3611 30.0
3612 204.0
3613 251.0
3614 251.0
3615 203.0
3616 174.0
3617 251.0
3618 203.0
3619 251.0
3620 251.0
3621 252.0
3622 251.0
3623 203.0
3624 174.0
3625 203.0
3626 203.0
3627 203.0
3628 251.0
3629 203.0
3630 203.0
3631 251.0
3632 251.0
3633 251.0
3634 203.0
3635 251.0
3636 251.0
3637 251.0
3638 251.0
3639 203.0
3640 180.0
3641 251.0
3642 252.0
3643 251.0
3644 252.0
3645 251.0
3646 252.0
3647 252.0
3648 252.0
3649 252.0
3650 32.0
3651 241.0
3652 191.0
3653 247.0
3654 220.0
3655 251.0
3656 251.0
3657 251.0
3658 49.0
3659 247.0
3660 247.0
3661 247.0
3662 30.0
3663 196.0
3664 196.0
3665 203.0
3666 203.0
3667 174.0
3668 251.0
3669 203.0
3670 251.0
3671 251.0
3672 252.0
3673 251.0
3674 251.0
3675 191.0
3676 203.0
3677 180.0
3678 203.0
3679 251.0
3680 203.0
3681 251.0
3682 251.0
3683 251.0
3684 251.0
3685 203.0
3686 251.0
3687 251.0
3688 251.0
3689 251.0
3690 251.0
3691 203.0
3692 251.0
3693 251.0
3694 252.0
3695 252.0
3696 252.0
3697 252.0
3698 252.0
3699 252.0
3700 252.0
3701 32.0
3702 204.0
3703 180.0
3704 220.0
3705 220.0
3706 251.0
3707 247.0
3708 251.0
3709 251.0
3710 247.0
3711 246.0
3712 220.0
3713 247.0
3714 196.0
3715 251.0
3716 251.0
3717 251.0
3718 251.0
3719 251.0
3720 251.0
3721 251.0
3722 251.0
3723 252.0
3724 251.0
3725 203.0
3726 203.0
3727 203.0
3728 231.0
3729 203.0
3730 203.0
3731 251.0
3732 251.0
3733 251.0
3734 251.0
3735 251.0
3736 251.0
3737 251.0
3738 251.0
3739 251.0
3740 203.0
3741 251.0
3742 251.0
3743 49.0
3744 251.0
3745 251.0
3746 252.0
3747 252.0
3748 252.0
3749 252.0
3750 252.0
3751 252.0
3752 32.0
3753 109.0
3754 191.0
3755 32.0
3756 220.0
3757 251.0
3758 247.0
3759 251.0
3760 247.0
3761 251.0
3762 246.0
3763 247.0
3764 38.0
3765 251.0
3766 203.0
3767 203.0
3768 203.0
3769 203.0
3770 251.0
3771 203.0
3772 251.0
3773 251.0
3774 252.0
3775 251.0
3776 203.0
3777 252.0
3778 251.0
3779 231.0
3780 203.0
3781 251.0
3782 32.0
3783 251.0
3784 251.0
3785 251.0
3786 203.0
3787 203.0
3788 251.0
3789 203.0
3790 251.0
3791 203.0
3792 203.0
3793 203.0
3794 251.0
3795 220.0
3796 204.0
3797 252.0
3798 251.0
3799 252.0
3800 252.0
3801 252.0
3802 252.0
3803 204.0
3804 33.0
3805 191.0
3806 209.0
3807 220.0
3808 251.0
3809 251.0
3810 251.0
3811 247.0
3812 251.0
3813 220.0
3814 251.0
3815 251.0
3816 251.0
3817 196.0
3818 251.0
3819 203.0
3820 203.0
3821 251.0
3822 203.0
3823 251.0
3824 251.0
3825 252.0
3826 251.0
3827 251.0
3828 203.0
3829 203.0
3830 203.0
3831 203.0
3832 251.0
3833 203.0
3834 203.0
3835 251.0
3836 251.0
3837 203.0
3838 203.0
3839 251.0
3840 251.0
3841 251.0
3842 191.0
3843 251.0
3844 251.0
3845 251.0
3846 252.0
3847 251.0
3848 252.0
3849 251.0
3850 252.0
3851 252.0
3852 252.0
3853 252.0
3854 32.0
3855 1.0
3856 180.0
3857 247.0
3858 220.0
3859 251.0
3860 251.0
3861 251.0
3862 251.0
3863 247.0
3864 246.0
3865 33.0
3866 32.0
3867 251.0
3868 251.0
3869 251.0
3870 251.0
3871 203.0
3872 251.0
3873 203.0
3874 251.0
3875 251.0
3876 252.0
3877 251.0
3878 203.0
3879 203.0
3880 203.0
3881 203.0
3882 32.0
3883 251.0
3884 203.0
3885 203.0
3886 251.0
3887 251.0
3888 251.0
3889 203.0
3890 251.0
3891 251.0
3892 251.0
3893 203.0
3894 251.0
3895 251.0
3896 203.0
3897 251.0
3898 251.0
3899 252.0
3900 252.0
3901 252.0
3902 252.0
3903 252.0
3904 252.0
3905 32.0
3906 109.0
3907 180.0
3908 247.0
3909 220.0
3910 251.0
3911 251.0
3912 251.0
3913 247.0
3914 247.0
3915 247.0
3916 247.0
3917 38.0
3918 251.0
3919 203.0
3920 251.0
3921 203.0
3922 203.0
3923 251.0
3924 203.0
3925 251.0
3926 251.0
3927 252.0
3928 251.0
3929 203.0
3930 174.0
3931 203.0
3932 231.0
3933 204.0
3934 251.0
3935 214.0
3936 251.0
3937 251.0
3938 251.0
3939 251.0
3940 203.0
3941 251.0
3942 251.0
3943 251.0
3944 203.0
3945 203.0
3946 215.0
3947 251.0
3948 251.0
3949 251.0
3950 252.0
3951 251.0
3952 252.0
3953 209.0
3954 252.0
3955 252.0
3956 32.0
3957 204.0
3958 191.0
3959 220.0
3960 220.0
3961 251.0
3962 247.0
3963 251.0
3964 247.0
3965 204.0
3966 247.0
3967 247.0
3968 38.0
3969 251.0
3970 203.0
3971 251.0
3972 203.0
3973 203.0
3974 251.0
3975 203.0
3976 251.0
3977 251.0
3978 252.0
3979 251.0
3980 251.0
3981 115.0
3982 203.0
3983 231.0
3984 203.0
3985 251.0
3986 214.0
3987 203.0
3988 251.0
3989 251.0
3990 251.0
3991 203.0
3992 251.0
3993 251.0
3994 251.0
3995 251.0
3996 251.0
3997 251.0
3998 251.0
3999 220.0
4000 251.0
4001 252.0
4002 252.0
4003 252.0
4004 209.0
4005 252.0
4006 252.0
4007 32.0
4008 209.0
4009 191.0
4010 251.0
4011 220.0
4012 251.0
4013 251.0
4014 251.0
4015 251.0
4016 204.0
4017 247.0
4018 31.0
4019 33.0
4020 251.0
4021 196.0
4022 251.0
4023 203.0
4024 251.0
4025 251.0
4026 251.0
4027 251.0
4028 251.0
4029 252.0
4030 251.0
4031 203.0
4032 203.0
4033 203.0
4034 203.0
4035 203.0
4036 251.0
4037 203.0
4038 203.0
4039 251.0
4040 251.0
4041 251.0
4042 203.0
4043 251.0
4044 251.0
4045 251.0
4046 251.0
4047 251.0
4048 251.0
4049 251.0
4050 252.0
4051 252.0
4052 252.0
4053 252.0
4054 252.0
4055 252.0
4056 252.0
4057 252.0
4058 32.0
4059 169.0
4060 180.0
4061 247.0
4062 220.0
4063 251.0
4064 251.0
4065 251.0
4066 251.0
4067 204.0
4068 203.0
4069 246.0
4070 251.0
4071 251.0
4072 203.0
4073 251.0
4074 203.0
4075 203.0
4076 251.0
4077 251.0
4078 251.0
4079 251.0
4080 252.0
4081 251.0
4082 203.0
4083 252.0
4084 188.0
4085 203.0
4086 203.0
4087 203.0
4088 231.0
4089 251.0
4090 251.0
4091 251.0
4092 203.0
4093 203.0
4094 251.0
4095 251.0
4096 251.0
4097 203.0
4098 203.0
4099 203.0
4100 251.0
4101 251.0
4102 251.0
4103 252.0
4104 251.0
4105 252.0
4106 252.0
4107 252.0
4108 252.0
4109 32.0
4110 0.0
4111 180.0
4112 247.0
4113 220.0
4114 251.0
4115 247.0
4116 251.0
4117 251.0
4118 251.0
4119 251.0
4120 247.0
4121 38.0
4122 251.0
4123 203.0
4124 251.0
4125 251.0
4126 188.0
4127 251.0
4128 251.0
4129 251.0
4130 251.0
4131 252.0
4132 251.0
4133 203.0
4134 174.0
4135 174.0
4136 231.0
4137 109.0
4138 251.0
4139 203.0
4140 251.0
4141 251.0
4142 251.0
4143 251.0
4144 203.0
4145 251.0
4146 251.0
4147 251.0
4148 251.0
4149 251.0
4150 251.0
4151 203.0
4152 209.0
4153 251.0
4154 252.0
4155 251.0
4156 252.0
4157 252.0
4158 252.0
4159 252.0
4160 32.0
4161 204.0
4162 191.0
4163 252.0
4164 220.0
4165 251.0
4166 251.0
4167 251.0
4168 247.0
4169 204.0
4170 247.0
4171 246.0
4172 33.0
4173 251.0
4174 196.0
4175 251.0
4176 203.0
4177 203.0
4178 251.0
4179 251.0
4180 251.0
4181 251.0
4182 252.0
4183 251.0
4184 251.0
4185 203.0
4186 203.0
4187 231.0
4188 203.0
4189 251.0
4190 203.0
4191 203.0
4192 251.0
4193 251.0
4194 251.0
4195 203.0
4196 251.0
4197 251.0
4198 251.0
4199 191.0
4200 203.0
4201 251.0
4202 251.0
4203 220.0
4204 251.0
4205 251.0
4206 251.0
4207 252.0
4208 252.0
4209 252.0
4210 252.0
4211 32.0
4212 246.0
4213 180.0
4214 209.0
4215 220.0
4216 251.0
4217 251.0
4218 251.0
4219 251.0
4220 204.0
4221 246.0
4222 203.0
4223 38.0
4224 251.0
4225 251.0
4226 251.0
4227 203.0
4228 251.0
4229 251.0
4230 203.0
4231 251.0
4232 251.0
4233 252.0
4234 251.0
4235 203.0
4236 115.0
4237 251.0
4238 203.0
4239 203.0
4240 251.0
4241 203.0
4242 251.0
4243 251.0
4244 203.0
4245 251.0
4246 203.0
4247 251.0
4248 251.0
4249 251.0
4250 191.0
4251 203.0
4252 209.0
4253 251.0
4254 251.0
4255 251.0
4256 252.0
4257 252.0
4258 252.0
4259 252.0
4260 252.0
4261 252.0
4262 32.0
4263 199.0
4264 180.0
4265 33.0
4266 220.0
4267 251.0
4268 251.0
4269 251.0
4270 247.0
4271 251.0
4272 246.0
4273 251.0
4274 38.0
4275 251.0
4276 203.0
4277 203.0
4278 203.0
4279 203.0
4280 251.0
4281 251.0
4282 251.0
4283 251.0
4284 252.0
4285 251.0
4286 203.0
4287 203.0
4288 251.0
4289 203.0
4290 203.0
4291 251.0
4292 203.0
4293 251.0
4294 251.0
4295 251.0
4296 251.0
4297 251.0
4298 251.0
4299 251.0
4300 251.0
4301 251.0
4302 203.0
4303 204.0
4304 170.0
4305 220.0
4306 251.0
4307 220.0
4308 251.0
4309 252.0
4310 252.0
4311 252.0
4312 252.0
4313 32.0
4314 252.0
4315 191.0
4316 44.0
4317 220.0
4318 251.0
4319 247.0
4320 251.0
4321 251.0
4322 201.0
4323 247.0
4324 247.0
4325 32.0
4326 251.0
4327 196.0
4328 251.0
4329 203.0
4330 203.0
4331 251.0
4332 251.0
4333 251.0
4334 251.0
4335 252.0
4336 251.0
4337 203.0
4338 203.0
4339 203.0
4340 231.0
4341 204.0
4342 251.0
4343 203.0
4344 203.0
4345 251.0
4346 251.0
4347 251.0
4348 203.0
4349 251.0
4350 251.0
4351 251.0
4352 203.0
4353 251.0
4354 251.0
4355 33.0
4356 252.0
4357 251.0
4358 251.0
4359 251.0
4360 252.0
4361 192.0
4362 252.0
4363 252.0
4364 32.0
4365 38.0
4366 191.0
4367 44.0
4368 220.0
4369 251.0
4370 251.0
4371 251.0
4372 251.0
4373 247.0
4374 247.0
4375 38.0
4376 38.0
4377 251.0
4378 203.0
4379 251.0
4380 251.0
4381 194.0
4382 251.0
4383 203.0
4384 251.0
4385 251.0
4386 252.0
4387 251.0
4388 203.0
4389 174.0
4390 203.0
4391 251.0
4392 203.0
4393 251.0
4394 203.0
4395 251.0
4396 251.0
4397 203.0
4398 251.0
4399 251.0
4400 251.0
4401 251.0
4402 251.0
4403 191.0
4404 203.0
4405 251.0
4406 251.0
4407 251.0
4408 251.0
4409 251.0
4410 252.0
4411 252.0
4412 252.0
4413 252.0
4414 252.0
4415 38.0
4416 172.0
4417 180.0
4418 209.0
4419 220.0
4420 251.0
4421 251.0
4422 251.0
4423 251.0
4424 247.0
4425 246.0
4426 209.0
4427 38.0
4428 251.0
4429 196.0
4430 251.0
4431 188.0
4432 251.0
4433 251.0
4434 251.0
4435 251.0
4436 251.0
4437 252.0
4438 251.0
4439 203.0
4440 174.0
4441 174.0
4442 203.0
4443 203.0
4444 251.0
4445 203.0
4446 251.0
4447 251.0
4448 203.0
4449 251.0
4450 203.0
4451 251.0
4452 251.0
4453 251.0
4454 191.0
4455 251.0
4456 180.0
4457 220.0
4458 251.0
4459 251.0
4460 203.0
4461 252.0
4462 252.0
4463 252.0
4464 252.0
4465 252.0
4466 32.0
4467 252.0
4468 191.0
4469 247.0
4470 220.0
4471 251.0
4472 251.0
4473 251.0
4474 251.0
4475 247.0
4476 251.0
4477 220.0
4478 32.0
4479 251.0
4480 251.0
4481 251.0
4482 188.0
4483 251.0
4484 251.0
4485 251.0
4486 251.0
4487 251.0
4488 252.0
4489 251.0
4490 251.0
4491 252.0
4492 251.0
4493 231.0
4494 204.0
4495 251.0
4496 32.0
4497 203.0
4498 251.0
4499 203.0
4500 251.0
4501 203.0
4502 251.0
4503 251.0
4504 251.0
4505 251.0
4506 251.0
4507 251.0
4508 32.0
4509 220.0
4510 251.0
4511 251.0
4512 251.0
4513 252.0
4514 252.0
4515 252.0
4516 252.0
4517 32.0
4518 33.0
4519 191.0
4520 44.0
4521 220.0
4522 251.0
4523 251.0
4524 251.0
4525 251.0
4526 251.0
4527 247.0
4528 38.0
4529 32.0
4530 251.0
4531 251.0
4532 251.0
4533 203.0
4534 203.0
4535 251.0
4536 251.0
4537 251.0
4538 251.0
4539 252.0
4540 251.0
4541 203.0
4542 115.0
4543 203.0
4544 231.0
4545 32.0
4546 251.0
4547 203.0
4548 203.0
4549 251.0
4550 204.0
4551 251.0
4552 203.0
4553 251.0
4554 251.0
4555 251.0
4556 203.0
4557 203.0
4558 251.0
4559 203.0
4560 220.0
4561 251.0
4562 252.0
4563 251.0
4564 252.0
4565 252.0
4566 252.0
4567 252.0
4568 32.0
4569 252.0
4570 180.0
4571 209.0
4572 220.0
4573 251.0
4574 251.0
4575 251.0
4576 251.0
4577 251.0
4578 33.0
4579 246.0
4580 38.0
4581 251.0
4582 196.0
4583 251.0
4584 251.0
4585 188.0
4586 251.0
4587 251.0
4588 251.0
4589 251.0
4590 252.0
4591 251.0
4592 203.0
4593 174.0
4594 203.0
4595 203.0
4596 203.0
4597 251.0
4598 203.0
4599 251.0
4600 251.0
4601 251.0
4602 251.0
4603 203.0
4604 251.0
4605 251.0
4606 251.0
4607 251.0
4608 251.0
4609 251.0
4610 251.0
4611 251.0
4612 251.0
4613 251.0
4614 251.0
4615 252.0
4616 252.0
4617 252.0
4618 252.0
4619 32.0
4620 199.0
4621 204.0
4622 186.0
4623 220.0
4624 251.0
4625 251.0
4626 247.0
4627 251.0
4628 247.0
4629 33.0
4630 247.0
4631 38.0
4632 251.0
4633 196.0
4634 251.0
4635 203.0
4636 203.0
4637 251.0
4638 251.0
4639 251.0
4640 251.0
4641 252.0
4642 251.0
4643 251.0
4644 252.0
4645 203.0
4646 231.0
4647 251.0
4648 251.0
4649 209.0
4650 251.0
4651 251.0
4652 203.0
4653 251.0
4654 203.0
4655 251.0
4656 251.0
4657 251.0
4658 251.0
4659 251.0
4660 180.0
4661 32.0
4662 252.0
4663 251.0
4664 251.0
4665 251.0
4666 252.0
4667 252.0
4668 252.0
4669 252.0
4670 32.0
4671 252.0
4672 220.0
4673 44.0
4674 220.0
4675 251.0
4676 251.0
4677 251.0
4678 251.0
4679 251.0
4680 247.0
4681 247.0
4682 32.0
4683 251.0
4684 251.0
4685 251.0
4686 203.0
4687 174.0
4688 251.0
4689 251.0
4690 251.0
4691 251.0
4692 252.0
4693 251.0
4694 203.0
4695 252.0
4696 203.0
4697 203.0
4698 203.0
4699 251.0
4700 203.0
4701 251.0
4702 251.0
4703 203.0
4704 251.0
4705 203.0
4706 251.0
4707 251.0
4708 251.0
4709 203.0
4710 203.0
4711 251.0
4712 20.0
4713 220.0
4714 251.0
4715 251.0
4716 251.0
4717 252.0
4718 252.0
4719 252.0
4720 252.0
4721 32.0
4722 209.0
4723 251.0
4724 252.0
4725 220.0
4726 251.0
4727 251.0
4728 251.0
4729 251.0
4730 251.0
4731 247.0
4732 32.0
4733 38.0
4734 251.0
4735 251.0
4736 251.0
4737 203.0
4738 203.0
4739 251.0
4740 251.0
4741 251.0
4742 251.0
4743 252.0
4744 251.0
4745 203.0
4746 203.0
4747 203.0
4748 203.0
4749 251.0
4750 251.0
4751 203.0
4752 203.0
4753 251.0
4754 251.0
4755 251.0
4756 203.0
4757 251.0
4758 251.0
4759 251.0
4760 251.0
4761 251.0
4762 251.0
4763 251.0
4764 252.0
4765 251.0
4766 251.0
4767 251.0
4768 252.0
4769 252.0
4770 252.0
4771 252.0
4772 32.0
4773 236.0
4774 109.0
4775 209.0
4776 209.0
4777 251.0
4778 251.0
4779 251.0
4780 251.0
4781 251.0
4782 209.0
4783 33.0
4784 38.0
4785 251.0
4786 251.0
4787 203.0
4788 203.0
4789 203.0
4790 251.0
4791 251.0
4792 251.0
4793 251.0
4794 252.0
4795 251.0
4796 251.0
4797 180.0
4798 203.0
4799 231.0
4800 203.0
4801 251.0
4802 231.0
4803 251.0
4804 251.0
4805 251.0
4806 251.0
4807 251.0
4808 251.0
4809 251.0
4810 251.0
4811 251.0
4812 251.0
4813 251.0
4814 251.0
4815 252.0
4816 251.0
4817 251.0
4818 251.0
4819 252.0
4820 252.0
4821 252.0
4822 252.0
4823 32.0
4824 172.0
4825 209.0
4826 251.0
4827 220.0
4828 251.0
4829 251.0
4830 251.0
4831 251.0
4832 251.0
4833 38.0
4834 246.0
4835 38.0
4836 251.0
4837 251.0
4838 203.0
4839 188.0
4840 104.0
4841 251.0
4842 251.0
4843 251.0
4844 251.0
4845 252.0
4846 251.0
4847 203.0
4848 203.0
4849 203.0
4850 231.0
4851 251.0
4852 251.0
4853 251.0
4854 251.0
4855 251.0
4856 251.0
4857 203.0
4858 251.0
4859 251.0
4860 251.0
4861 251.0
4862 203.0
4863 203.0
4864 215.0
4865 220.0
4866 220.0
4867 251.0
4868 251.0
4869 251.0
4870 252.0
4871 252.0
4872 252.0
4873 252.0
4874 32.0
4875 172.0
4876 180.0
4877 247.0
4878 220.0
4879 251.0
4880 251.0
4881 251.0
4882 251.0
4883 251.0
4884 251.0
4885 247.0
4886 251.0
4887 251.0
4888 251.0
4889 251.0
4890 203.0
4891 251.0
4892 251.0
4893 251.0
4894 251.0
4895 251.0
4896 252.0
4897 251.0
4898 180.0
4899 174.0
4900 203.0
4901 203.0
4902 109.0
4903 251.0
4904 203.0
4905 203.0
4906 251.0
4907 251.0
4908 251.0
4909 203.0
4910 251.0
4911 251.0
4912 251.0
4913 251.0
4914 203.0
4915 251.0
4916 251.0
4917 252.0
4918 251.0
4919 251.0
4920 251.0
4921 252.0
4922 252.0
4923 252.0
4924 252.0
4925 32.0
4926 236.0
4927 204.0
4928 220.0
4929 220.0
4930 251.0
4931 251.0
4932 251.0
4933 251.0
4934 251.0
4935 247.0
4936 246.0
4937 38.0
4938 251.0
4939 251.0
4940 251.0
4941 203.0
4942 203.0
4943 251.0
4944 251.0
4945 251.0
4946 251.0
4947 252.0
4948 251.0
4949 203.0
4950 174.0
4951 174.0
4952 203.0
4953 251.0
4954 251.0
4955 203.0
4956 203.0
4957 251.0
4958 251.0
4959 251.0
4960 203.0
4961 251.0
4962 251.0
4963 251.0
4964 251.0
4965 203.0
4966 251.0
4967 251.0
4968 252.0
4969 251.0
4970 251.0
4971 251.0
4972 252.0
4973 252.0
4974 252.0
4975 252.0
4976 32.0
4977 236.0
4978 204.0
4979 209.0
4980 220.0
4981 251.0
4982 251.0
4983 251.0
4984 251.0
4985 251.0
4986 246.0
4987 246.0
4988 32.0
4989 251.0
4990 251.0
4991 251.0
4992 203.0
4993 203.0
4994 251.0
4995 251.0
4996 251.0
4997 251.0
4998 252.0
4999 251.0
5000 251.0
5001 252.0
5002 251.0
5003 231.0
5004 203.0
5005 251.0
5006 251.0
5007 251.0
5008 203.0
5009 251.0
5010 251.0
5011 251.0
5012 251.0
5013 251.0
5014 251.0
5015 251.0
5016 251.0
5017 251.0
5018 32.0
5019 252.0
5020 251.0
5021 251.0
5022 251.0
5023 252.0
5024 252.0
5025 252.0
5026 252.0
5027 32.0
5028 252.0
5029 204.0
5030 220.0
5031 220.0
5032 251.0
5033 251.0
5034 251.0
5035 251.0
5036 251.0
5037 32.0
5038 251.0
5039 38.0
5040 251.0
5041 251.0
5042 251.0
5043 203.0
5044 203.0
5045 251.0
5046 251.0
5047 251.0
5048 251.0
5049 252.0
5050 251.0
5051 203.0
5052 252.0
5053 180.0
5054 203.0
5055 203.0
5056 251.0
5057 203.0
5058 251.0
5059 203.0
5060 251.0
5061 251.0
5062 251.0
5063 251.0
5064 251.0
5065 251.0
5066 203.0
5067 203.0
5068 251.0
5069 251.0
5070 252.0
5071 251.0
5072 251.0
5073 251.0
5074 252.0
5075 220.0
5076 252.0
5077 252.0
5078 32.0
5079 209.0
5080 1.0
5081 220.0
5082 220.0
5083 251.0
5084 251.0
5085 251.0
5086 251.0
5087 251.0
5088 247.0
5089 251.0
5090 38.0
5091 251.0
5092 251.0
5093 251.0
5094 251.0
5095 203.0
5096 251.0
5097 251.0
5098 251.0
5099 251.0
5100 252.0
