1 180.0
2 44.0
3 38.0
4 25.0
5 185.0
6 191.0
7 203.0
8 191.0
9 203.0
10 180.0
11 0.0
12 49.0
13 203.0
14 180.0
15 32.0
16 203.0
17 32.0
18 38.0
19 169.0
20 0.0
21 0.0
22 180.0
23 203.0
24 32.0
25 191.0
26 25.0
27 180.0
28 32.0
29 32.0
30 191.0
31 38.0
32 33.0
33 186.0
34 43.0
35 32.0
36 32.0
37 180.0
38 191.0
39 169.0
40 191.0
41 32.0
42 32.0
43 33.0
44 38.0
45 180.0
46 180.0
47 0.0
48 207.0
49 251.0
50 203.0
51 251.0
52 203.0
53 32.0
54 0.0
55 169.0
56 32.0
57 175.0
58 203.0
59 38.0
60 0.0
61 38.0
62 203.0
63 203.0
64 203.0
65 32.0
66 0.0
67 251.0
68 169.0
69 249.0
70 169.0
71 0.0
72 203.0
73 158.0
74 0.0
75 0.0
76 0.0
77 203.0
78 169.0
79 32.0
80 160.0
81 251.0
82 169.0
83 32.0
84 203.0
85 203.0
86 38.0
87 203.0
88 169.0
89 203.0
90 30.0
91 25.0
92 20.0
93 32.0
94 32.0
95 0.0
96 251.0
97 191.0
98 0.0
99 185.0
100 203.0
101 30.0
102 251.0
103 203.0
104 191.0
105 251.0
106 180.0
107 30.0
108 32.0
109 38.0
110 30.0
111 3.0
112 43.0
113 203.0
114 203.0
115 203.0
116 203.0
117 191.0
118 203.0
119 203.0
120 191.0
121 169.0
122 0.0
123 201.0
124 32.0
125 38.0
126 180.0
127 203.0
128 3.0
129 180.0
130 32.0
131 32.0
132 203.0
133 191.0
134 32.0
135 245.0
136 203.0
137 251.0
138 203.0
139 191.0
140 169.0
141 20.0
142 207.0
143 20.0
144 32.0
145 251.0
146 191.0
147 32.0
148 191.0
149 32.0
150 0.0
151 203.0
152 204.0
153 251.0
154 38.0
155 98.0
156 0.0
157 203.0
158 203.0
159 109.0
160 20.0
161 203.0
162 203.0
163 204.0
164 32.0
165 251.0
166 203.0
167 203.0
168 0.0
169 251.0
170 191.0
171 278.0
172 180.0
173 6.0
174 203.0
175 0.0
176 191.0
177 6.0
178 180.0
179 169.0
180 203.0
181 180.0
182 158.0
183 180.0
184 103.0
185 191.0
186 0.0
187 163.0
188 0.0
189 32.0
190 180.0
191 0.0
192 180.0
193 203.0
194 363.0
195 32.0
196 251.0
197 32.0
198 32.0
199 204.0
200 0.0
201 136.0
202 203.0
203 204.0
204 363.0
205 203.0
206 248.0
207 109.0
208 0.0
209 251.0
210 203.0
211 32.0
212 251.0
213 32.0
214 204.0
215 203.0
216 0.0
217 203.0
218 30.0
219 0.0
220 0.0
221 224.0
222 33.0
223 30.0
224 6.0
225 0.0
226 0.0
227 0.0
228 180.0
229 251.0
230 203.0
231 0.0
232 180.0
233 32.0
234 33.0
235 251.0
236 158.0
237 203.0
238 2.0
239 203.0
240 32.0
241 169.0
242 169.0
243 0.0
244 30.0
245 203.0
246 32.0
247 0.0
248 251.0
249 251.0
250 0.0
251 1.0
252 203.0
253 203.0
254 203.0
255 363.0
256 203.0
257 245.0
258 251.0
259 224.0
260 203.0
261 203.0
262 30.0
263 236.0
264 32.0
265 204.0
266 279.0
267 203.0
268 203.0
269 169.0
270 0.0
271 251.0
272 30.0
273 204.0
274 169.0
275 0.0
276 203.0
277 38.0
278 203.0
279 252.0
280 169.0
281 25.0
282 180.0
283 38.0
284 249.0
285 203.0
286 32.0
287 32.0
288 203.0
289 30.0
290 30.0
291 191.0
292 251.0
293 0.0
294 235.0
295 25.0
296 240.0
297 32.0
298 203.0
299 169.0
300 32.0
301 191.0
302 32.0
303 38.0
304 30.0
305 203.0
306 363.0
307 203.0
308 98.0
309 0.0
310 169.0
311 32.0
312 32.0
313 38.0
314 251.0
315 3.0
316 191.0
317 251.0
318 251.0
319 203.0
320 120.0
321 0.0
322 32.0
323 169.0
324 32.0
325 169.0
326 0.0
327 38.0
328 0.0
329 203.0
330 30.0
331 186.0
332 25.0
333 191.0
334 180.0
335 180.0
336 32.0
337 32.0
338 33.0
339 0.0
340 203.0
341 0.0
342 32.0
343 191.0
344 32.0
345 20.0
346 191.0
347 20.0
348 38.0
349 251.0
350 203.0
351 33.0
352 243.0
353 32.0
354 43.0
355 251.0
356 204.0
357 363.0
358 180.0
359 251.0
360 169.0
361 32.0
362 191.0
363 203.0
364 20.0
365 251.0
366 203.0
367 204.0
368 227.0
369 0.0
370 203.0
371 180.0
372 0.0
373 6.0
374 235.0
375 32.0
376 30.0
377 6.0
378 38.0
379 0.0
380 203.0
381 251.0
382 191.0
383 203.0
384 191.0
385 180.0
386 251.0
387 198.0
388 169.0
389 32.0
390 0.0
391 0.0
392 203.0
393 32.0
394 32.0
395 203.0
396 0.0
397 251.0
398 20.0
399 32.0
400 203.0
401 249.0
402 33.0
403 0.0
404 25.0
405 203.0
406 251.0
407 204.0
408 363.0
409 191.0
410 251.0
411 205.0
412 32.0
413 203.0
414 203.0
415 180.0
416 203.0
417 32.0
418 109.0
419 251.0
420 363.0
421 203.0
422 120.0
423 0.0
424 6.0
425 251.0
426 251.0
427 251.0
428 6.0
429 203.0
430 0.0
431 203.0
432 180.0
433 185.0
434 30.0
435 191.0
436 227.0
437 32.0
438 251.0
439 169.0
440 32.0
441 203.0
442 249.0
443 246.0
444 32.0
445 251.0
446 191.0
447 249.0
448 180.0
449 914.0
450 169.0
451 32.0
452 363.0
453 203.0
454 251.0
455 32.0
456 19.0
457 203.0
458 203.0
459 914.0
460 203.0
461 251.0
462 251.0
463 32.0
464 191.0
465 180.0
466 203.0
467 0.0
468 174.0
469 191.0
470 2089.0
471 413.0
472 203.0
473 120.0
474 0.0
475 413.0
476 191.0
477 191.0
478 191.0
479 0.0
480 0.0
481 0.0
482 203.0
483 33.0
484 186.0
485 169.0
486 169.0
487 38.0
488 32.0
489 203.0
490 191.0
491 32.0
492 32.0
493 0.0
494 169.0
495 191.0
496 191.0
497 191.0
498 32.0
499 180.0
500 203.0
501 570.0
502 235.0
503 443.0
504 207.0
505 191.0
506 25.0
507 443.0
508 191.0
509 203.0
510 2089.0
511 203.0
512 251.0
513 32.0
514 32.0
515 203.0
516 191.0
517 0.0
518 201.0
519 3.0
520 203.0
521 203.0
522 2102.0
523 203.0
524 169.0
525 0.0
526 30.0
527 1130.0
528 32.0
529 30.0
530 1.0
531 203.0
532 0.0
533 203.0
534 0.0
535 191.0
536 191.0
537 191.0
538 180.0
539 180.0
540 158.0
541 33.0
542 25.0
543 180.0
544 2837.0
545 0.0
546 32.0
547 651.0
548 180.0
549 203.0
550 191.0
551 203.0
552 701.0
553 251.0
554 443.0
555 49.0
556 251.0
557 251.0
558 203.0
559 191.0
560 203.0
561 2837.0
562 191.0
563 224.0
564 251.0
565 251.0
566 203.0
567 204.0
568 0.0
569 188.0
570 180.0
571 699.0
572 443.0
573 163.0
574 203.0
575 32.0
576 0.0
577 191.0
578 3215.0
579 32.0
580 180.0
581 6.0
582 6.0
583 0.0
584 32.0
585 0.0
586 385.0
587 32.0
588 0.0
589 180.0
590 158.0
591 251.0
592 32.0
593 32.0
594 203.0
595 176.0
596 245.0
597 251.0
598 203.0
599 169.0
600 169.0
601 413.0
602 1130.0
603 1130.0
604 203.0
605 443.0
606 169.0
607 164.0
608 251.0
609 203.0
610 180.0
611 204.0
612 3215.0
613 203.0
614 0.0
615 30.0
616 32.0
617 203.0
618 186.0
619 203.0
620 0.0
621 203.0
622 253.0
623 203.0
624 443.0
625 32.0
626 120.0
627 0.0
628 203.0
629 203.0
630 32.0
631 191.0
632 0.0
633 32.0
634 0.0
635 203.0
636 169.0
637 251.0
638 180.0
639 191.0
640 180.0
641 32.0
642 203.0
643 363.0
644 169.0
645 203.0
646 176.0
647 251.0
648 180.0
649 2475.0
650 191.0
651 30.0
652 251.0
653 3194.0
654 32.0
655 203.0
656 169.0
657 202.0
658 180.0
659 32.0
660 443.0
661 203.0
662 204.0
663 3215.0
664 196.0
665 910.0
666 191.0
667 32.0
668 120.0
669 191.0
670 0.0
671 0.0
672 251.0
673 203.0
674 1291.0
675 2078.0
676 203.0
677 909.0
678 0.0
679 32.0
680 2071.0
681 32.0
682 203.0
683 191.0
684 251.0
685 180.0
686 251.0
687 180.0
688 363.0
689 413.0
690 191.0
691 3787.0
692 0.0
693 192.0
694 180.0
695 32.0
696 32.0
697 0.0
698 363.0
699 180.0
700 251.0
701 180.0
702 30.0
703 909.0
704 183.0
705 32.0
706 25.0
707 169.0
708 32.0
709 651.0
710 169.0
711 3224.0
712 443.0
713 203.0
714 3787.0
715 191.0
716 251.0
717 0.0
718 180.0
719 203.0
720 191.0
721 203.0
722 187.0
723 180.0
724 651.0
725 251.0
726 2102.0
727 203.0
728 203.0
729 0.0
730 25.0
731 651.0
732 169.0
733 169.0
734 0.0
735 33.0
736 0.0
737 203.0
738 0.0
739 3195.0
740 363.0
741 0.0
742 180.0
743 169.0
744 158.0
745 363.0
746 203.0
747 224.0
748 224.0
749 0.0
750 180.0
751 443.0
752 203.0
753 651.0
754 203.0
755 168.0
756 901.0
757 251.0
758 175.0
759 202.0
760 3768.0
761 180.0
762 33.0
763 203.0
764 203.0
765 3787.0
766 651.0
767 191.0
768 0.0
769 180.0
770 191.0
771 191.0
772 203.0
773 0.0
774 191.0
775 364.0
776 651.0
777 2101.0
778 203.0
779 203.0
780 0.0
781 180.0
782 2737.0
783 251.0
784 203.0
785 0.0
786 1130.0
787 180.0
788 32.0
789 0.0
790 186.0
791 352.0
792 191.0
793 203.0
794 223.0
795 203.0
796 279.0
797 25.0
798 224.0
799 181.0
800 203.0
801 180.0
802 363.0
803 191.0
804 4096.0
805 251.0
806 651.0
807 251.0
808 203.0
809 443.0
810 181.0
811 651.0
812 363.0
813 203.0
814 1837.0
815 204.0
816 4096.0
