1 32.0
2 25.0
3 0.0
4 32.0
5 0.0
6 32.0
7 14.0
8 25.0
9 25.0
10 0.0
11 32.0
12 32.0
13 0.0
14 30.0
15 20.0
16 30.0
17 20.0
18 25.0
19 0.0
20 25.0
21 203.0
22 32.0
23 19.0
24 204.0
25 32.0
26 32.0
27 30.0
28 30.0
29 0.0
30 32.0
31 30.0
32 0.0
33 0.0
34 32.0
35 30.0
36 83.0
37 32.0
38 30.0
39 32.0
40 32.0
41 32.0
42 30.0
43 25.0
44 32.0
45 20.0
46 25.0
47 30.0
48 0.0
49 32.0
50 32.0
51 204.0
52 204.0
53 25.0
54 204.0
55 30.0
56 204.0
57 30.0
58 203.0
59 32.0
60 32.0
61 203.0
62 203.0
63 32.0
64 203.0
65 203.0
66 32.0
67 25.0
68 204.0
69 204.0
70 204.0
71 32.0
72 204.0
73 32.0
74 0.0
75 32.0
76 203.0
77 0.0
78 204.0
79 203.0
80 32.0
81 32.0
82 203.0
83 32.0
84 0.0
85 203.0
86 204.0
87 204.0
88 32.0
89 32.0
90 32.0
91 203.0
92 204.0
93 32.0
94 30.0
95 32.0
96 30.0
97 32.0
98 203.0
99 204.0
100 203.0
101 30.0
102 204.0
103 204.0
104 203.0
105 32.0
106 204.0
107 32.0
108 30.0
109 203.0
110 203.0
111 25.0
112 32.0
113 203.0
114 32.0
115 203.0
116 204.0
117 32.0
118 191.0
119 32.0
120 204.0
121 32.0
122 32.0
123 204.0
124 33.0
125 103.0
126 98.0
127 32.0
128 33.0
129 32.0
130 203.0
131 33.0
132 204.0
133 32.0
134 32.0
135 204.0
136 203.0
137 32.0
138 32.0
139 32.0
140 32.0
141 32.0
142 203.0
143 32.0
144 204.0
145 32.0
146 32.0
147 30.0
148 32.0
149 203.0
150 32.0
151 203.0
152 203.0
153 204.0
154 203.0
155 32.0
156 204.0
157 32.0
158 204.0
159 203.0
160 32.0
161 203.0
162 32.0
163 32.0
164 32.0
165 32.0
166 32.0
167 32.0
168 32.0
169 203.0
170 204.0
171 38.0
172 204.0
173 0.0
174 32.0
175 32.0
176 32.0
177 32.0
178 203.0
179 32.0
180 203.0
181 204.0
182 32.0
183 0.0
184 203.0
185 32.0
186 204.0
187 30.0
188 203.0
189 0.0
190 203.0
191 32.0
192 203.0
193 203.0
194 203.0
195 204.0
196 32.0
197 33.0
198 32.0
199 203.0
200 32.0
201 32.0
202 38.0
203 204.0
204 204.0
205 204.0
206 32.0
207 204.0
208 204.0
209 32.0
210 204.0
211 25.0
212 32.0
213 0.0
214 203.0
215 203.0
216 32.0
217 204.0
218 32.0
219 32.0
220 32.0
221 204.0
222 204.0
223 204.0
224 32.0
225 203.0
226 32.0
227 32.0
228 33.0
229 32.0
230 203.0
231 32.0
232 32.0
233 0.0
234 203.0
235 203.0
236 32.0
237 203.0
238 204.0
239 30.0
240 203.0
241 204.0
242 203.0
243 98.0
244 203.0
245 32.0
246 32.0
247 32.0
248 32.0
249 33.0
250 203.0
251 203.0
252 32.0
253 203.0
254 204.0
255 204.0
256 204.0
257 203.0
258 32.0
259 20.0
260 32.0
261 32.0
262 203.0
263 32.0
264 32.0
265 25.0
266 204.0
267 32.0
268 204.0
269 203.0
270 32.0
271 204.0
272 32.0
273 204.0
274 204.0
275 32.0
276 43.0
277 32.0
278 0.0
279 0.0
280 204.0
281 203.0
282 204.0
283 32.0
284 32.0
285 32.0
286 203.0
287 32.0
288 0.0
289 32.0
290 32.0
291 32.0
292 32.0
293 203.0
294 32.0
295 203.0
296 204.0
297 32.0
298 32.0
299 32.0
300 204.0
301 32.0
302 203.0
303 204.0
304 84.0
305 32.0
306 204.0
307 204.0
308 204.0
309 32.0
310 32.0
311 32.0
312 204.0
313 32.0
314 203.0
315 32.0
316 32.0
317 32.0
318 32.0
319 32.0
320 32.0
321 204.0
322 203.0
323 32.0
324 25.0
325 32.0
326 25.0
327 0.0
328 32.0
329 32.0
330 104.0
331 204.0
332 203.0
333 0.0
334 203.0
335 32.0
336 25.0
337 32.0
338 44.0
339 32.0
340 204.0
341 204.0
342 203.0
343 203.0
344 204.0
345 32.0
346 204.0
347 203.0
348 204.0
349 32.0
350 32.0
351 32.0
352 32.0
353 32.0
354 204.0
355 32.0
356 203.0
357 204.0
358 32.0
359 32.0
360 204.0
361 32.0
362 203.0
363 32.0
364 32.0
365 204.0
366 25.0
367 32.0
368 32.0
369 92.0
370 204.0
371 32.0
372 203.0
373 204.0
374 204.0
375 30.0
376 204.0
377 204.0
378 203.0
379 32.0
380 103.0
381 33.0
382 204.0
383 32.0
384 32.0
385 204.0
386 203.0
387 5.0
388 32.0
389 38.0
390 204.0
391 204.0
392 203.0
393 203.0
394 203.0
395 32.0
396 204.0
397 32.0
398 203.0
399 204.0
400 32.0
401 203.0
402 203.0
403 32.0
404 32.0
405 32.0
406 32.0
407 203.0
408 204.0
409 32.0
410 32.0
411 32.0
412 32.0
413 32.0
414 32.0
415 25.0
416 203.0
417 14.0
418 32.0
419 203.0
420 32.0
421 32.0
422 33.0
423 32.0
424 32.0
425 32.0
426 204.0
427 203.0
428 32.0
429 0.0
430 204.0
431 103.0
432 33.0
433 204.0
434 32.0
435 204.0
436 32.0
437 0.0
438 32.0
439 87.0
440 33.0
441 32.0
442 204.0
443 32.0
444 204.0
445 32.0
446 203.0
447 33.0
448 203.0
449 33.0
450 204.0
451 32.0
452 38.0
453 33.0
454 32.0
455 204.0
456 32.0
457 204.0
458 204.0
459 204.0
460 0.0
461 203.0
462 204.0
463 0.0
464 32.0
465 204.0
466 25.0
467 203.0
468 204.0
469 33.0
470 204.0
471 32.0
472 32.0
473 32.0
474 204.0
475 32.0
476 32.0
477 32.0
478 204.0
479 32.0
480 203.0
481 32.0
482 204.0
483 32.0
484 204.0
485 0.0
486 203.0
487 32.0
488 33.0
489 32.0
490 0.0
491 32.0
492 203.0
493 32.0
494 32.0
495 0.0
496 203.0
497 204.0
498 32.0
499 203.0
500 203.0
501 204.0
502 32.0
503 38.0
504 32.0
505 203.0
506 204.0
507 204.0
508 204.0
509 32.0
510 204.0
511 204.0
512 32.0
513 32.0
514 204.0
515 32.0
516 204.0
517 32.0
518 204.0
519 204.0
520 32.0
521 32.0
522 98.0
523 203.0
524 32.0
525 203.0
526 203.0
527 33.0
528 87.0
529 204.0
530 32.0
531 0.0
532 32.0
533 38.0
534 33.0
535 204.0
536 32.0
537 203.0
538 203.0
539 32.0
540 0.0
541 204.0
542 32.0
543 204.0
544 203.0
545 30.0
546 203.0
547 204.0
548 32.0
549 32.0
550 32.0
551 0.0
552 204.0
553 32.0
554 203.0
555 32.0
556 0.0
557 32.0
558 204.0
559 204.0
560 32.0
561 204.0
562 32.0
563 33.0
564 204.0
565 32.0
566 203.0
567 32.0
568 25.0
569 204.0
570 204.0
571 33.0
572 203.0
573 0.0
574 204.0
575 33.0
576 32.0
577 32.0
578 204.0
579 32.0
580 32.0
581 32.0
582 0.0
583 32.0
584 32.0
585 33.0
586 204.0
587 32.0
588 32.0
589 203.0
590 0.0
591 0.0
592 33.0
593 32.0
594 204.0
595 204.0
596 203.0
597 203.0
598 32.0
599 0.0
600 32.0
601 32.0
602 33.0
603 204.0
604 32.0
605 32.0
606 32.0
607 32.0
608 32.0
609 32.0
610 204.0
611 203.0
612 204.0
613 204.0
614 38.0
615 203.0
616 32.0
617 204.0
618 203.0
619 25.0
620 204.0
621 204.0
622 33.0
623 203.0
624 32.0
625 204.0
626 32.0
627 203.0
628 203.0
629 32.0
630 32.0
631 203.0
632 32.0
633 32.0
634 33.0
635 98.0
636 33.0
637 204.0
638 20.0
639 32.0
640 203.0
641 0.0
642 32.0
643 33.0
644 32.0
645 203.0
646 32.0
647 32.0
648 204.0
649 32.0
650 0.0
651 33.0
652 203.0
653 203.0
654 204.0
655 32.0
656 0.0
657 32.0
658 32.0
659 204.0
660 204.0
661 32.0
662 203.0
663 204.0
664 30.0
665 203.0
666 203.0
667 32.0
668 32.0
669 203.0
670 25.0
671 204.0
672 204.0
673 32.0
674 204.0
675 204.0
676 204.0
677 38.0
678 203.0
679 203.0
680 32.0
681 32.0
682 32.0
683 25.0
684 32.0
685 204.0
686 103.0
687 33.0
688 204.0
689 32.0
690 203.0
691 203.0
692 32.0
693 0.0
694 104.0
695 44.0
696 32.0
697 204.0
698 32.0
699 203.0
700 203.0
701 32.0
702 204.0
703 32.0
704 0.0
705 204.0
706 32.0
707 203.0
708 32.0
709 0.0
710 204.0
711 204.0
712 32.0
713 204.0
714 204.0
715 32.0
716 32.0
717 204.0
718 32.0
719 32.0
720 32.0
721 25.0
722 0.0
723 204.0
724 33.0
725 32.0
726 204.0
727 204.0
728 33.0
729 32.0
730 32.0
731 204.0
732 32.0
733 32.0
734 32.0
735 0.0
736 32.0
737 0.0
738 32.0
739 204.0
740 32.0
741 33.0
742 32.0
743 32.0
744 30.0
745 32.0
746 32.0
747 204.0
748 203.0
749 32.0
750 0.0
751 204.0
752 204.0
753 32.0
754 32.0
755 33.0
756 32.0
757 33.0
758 32.0
759 32.0
760 30.0
761 32.0
762 32.0
763 203.0
764 204.0
765 204.0
766 32.0
767 38.0
768 32.0
769 204.0
770 32.0
771 32.0
772 25.0
773 204.0
774 204.0
775 33.0
776 203.0
777 32.0
778 204.0
779 33.0
780 204.0
781 203.0
782 32.0
783 32.0
784 204.0
785 32.0
786 0.0
787 32.0
788 103.0
789 33.0
790 204.0
791 0.0
792 203.0
793 203.0
794 32.0
795 32.0
796 32.0
797 33.0
798 204.0
799 32.0
800 32.0
801 204.0
802 32.0
803 203.0
804 32.0
805 203.0
806 44.0
807 32.0
808 204.0
809 0.0
810 32.0
811 32.0
812 32.0
813 204.0
814 203.0
815 203.0
816 204.0
817 204.0
818 38.0
819 203.0
820 204.0
821 203.0
822 203.0
823 203.0
824 204.0
825 204.0
826 32.0
827 203.0
828 0.0
829 32.0
830 33.0
831 203.0
832 204.0
833 32.0
834 204.0
835 204.0
836 204.0
837 0.0
838 32.0
839 0.0
840 32.0
841 204.0
842 203.0
843 203.0
844 203.0
845 33.0
846 32.0
847 33.0
848 32.0
849 32.0
850 32.0
851 204.0
852 203.0
853 203.0
854 32.0
855 204.0
856 0.0
857 0.0
858 204.0
859 32.0
860 0.0
861 0.0
862 32.0
863 204.0
864 204.0
865 32.0
866 204.0
867 204.0
868 203.0
869 0.0
870 203.0
871 204.0
872 32.0
873 32.0
874 25.0
875 203.0
876 0.0
877 32.0
878 203.0
879 98.0
880 204.0
881 32.0
882 203.0
883 32.0
884 32.0
885 30.0
886 204.0
887 203.0
888 0.0
889 0.0
890 204.0
891 33.0
892 204.0
893 32.0
894 203.0
895 32.0
896 32.0
897 30.0
898 203.0
899 33.0
900 32.0
901 0.0
902 204.0
903 32.0
904 0.0
905 92.0
906 203.0
907 204.0
908 203.0
909 204.0
910 32.0
911 203.0
912 32.0
913 32.0
914 204.0
915 32.0
916 203.0
917 204.0
918 204.0
919 32.0
920 203.0
921 32.0
922 204.0
923 32.0
924 204.0
925 25.0
926 204.0
927 0.0
928 33.0
929 32.0
930 203.0
931 204.0
932 33.0
933 32.0
934 32.0
935 204.0
936 38.0
937 204.0
938 32.0
939 32.0
940 32.0
941 30.0
942 32.0
943 204.0
944 32.0
945 204.0
946 203.0
947 32.0
948 32.0
949 32.0
950 204.0
951 204.0
952 32.0
953 204.0
954 203.0
955 203.0
956 203.0
957 32.0
958 32.0
959 33.0
960 32.0
961 32.0
962 32.0
963 204.0
964 203.0
965 0.0
966 204.0
967 204.0
968 204.0
969 204.0
970 32.0
971 32.0
972 32.0
973 204.0
974 32.0
975 204.0
976 30.0
977 204.0
978 204.0
979 33.0
980 203.0
981 98.0
982 32.0
983 33.0
984 32.0
985 203.0
986 32.0
987 204.0
988 30.0
989 203.0
990 32.0
991 32.0
992 32.0
993 33.0
994 204.0
995 204.0
996 32.0
997 203.0
998 169.0
999 203.0
1000 32.0
1001 32.0
1002 204.0
1003 32.0
1004 203.0
1005 19.0
1006 32.0
1007 32.0
1008 32.0
1009 32.0
1010 204.0
1011 204.0
1012 32.0
1013 203.0
1014 0.0
1015 32.0
1016 204.0
1017 32.0
1018 32.0
1019 204.0
1020 204.0
1021 32.0
1022 33.0
1023 203.0
1024 32.0
1025 204.0
1026 32.0
1027 203.0
1028 204.0
1029 203.0
1030 32.0
1031 203.0
1032 204.0
1033 204.0
1034 204.0
1035 32.0
1036 203.0
1037 25.0
1038 38.0
1039 32.0
1040 204.0
1041 0.0
1042 0.0
1043 204.0
1044 32.0
1045 204.0
1046 203.0
1047 32.0
1048 203.0
1049 32.0
1050 0.0
1051 32.0
1052 32.0
1053 32.0
1054 32.0
1055 32.0
1056 204.0
1057 203.0
1058 0.0
1059 203.0
1060 203.0
1061 204.0
1062 204.0
1063 32.0
1064 0.0
1065 32.0
1066 32.0
1067 203.0
1068 32.0
1069 203.0
1070 32.0
1071 204.0
1072 204.0
1073 32.0
1074 204.0
1075 204.0
1076 204.0
1077 204.0
1078 32.0
1079 204.0
1080 0.0
1081 33.0
1082 32.0
1083 203.0
1084 204.0
1085 32.0
1086 0.0
1087 32.0
1088 30.0
1089 32.0
1090 203.0
1091 204.0
1092 203.0
1093 203.0
1094 30.0
1095 32.0
1096 204.0
1097 32.0
1098 20.0
1099 203.0
1100 169.0
1101 32.0
1102 32.0
1103 32.0
1104 204.0
1105 0.0
1106 204.0
1107 203.0
1108 204.0
1109 32.0
1110 203.0
1111 32.0
1112 32.0
1113 204.0
1114 32.0
1115 32.0
1116 204.0
1117 30.0
1118 32.0
1119 204.0
1120 203.0
1121 204.0
1122 204.0
1123 204.0
1124 32.0
1125 32.0
1126 32.0
1127 204.0
1128 204.0
1129 32.0
1130 204.0
1131 32.0
1132 203.0
1133 32.0
1134 98.0
1135 204.0
1136 32.0
1137 32.0
1138 204.0
1139 0.0
1140 32.0
1141 203.0
1142 204.0
1143 0.0
1144 32.0
1145 0.0
1146 32.0
1147 204.0
1148 20.0
1149 32.0
1150 203.0
1151 32.0
1152 204.0
1153 32.0
1154 204.0
1155 204.0
1156 0.0
1157 33.0
1158 0.0
1159 204.0
1160 204.0
1161 32.0
1162 32.0
1163 33.0
1164 32.0
1165 32.0
1166 32.0
1167 0.0
1168 0.0
1169 0.0
1170 204.0
1171 32.0
1172 203.0
1173 204.0
1174 204.0
1175 203.0
1176 32.0
1177 32.0
1178 32.0
1179 32.0
1180 14.0
1181 204.0
1182 204.0
1183 32.0
1184 203.0
1185 32.0
1186 204.0
1187 33.0
1188 204.0
1189 203.0
1190 32.0
1191 25.0
1192 204.0
1193 204.0
1194 0.0
1195 0.0
1196 204.0
1197 32.0
1198 204.0
1199 32.0
1200 32.0
1201 203.0
1202 32.0
1203 25.0
1204 32.0
1205 204.0
1206 32.0
1207 32.0
1208 32.0
1209 204.0
1210 32.0
1211 203.0
1212 32.0
1213 203.0
1214 203.0
1215 32.0
1216 32.0
1217 30.0
1218 32.0
1219 32.0
1220 204.0
1221 32.0
1222 32.0
1223 204.0
1224 204.0
1225 204.0
1226 32.0
1227 204.0
1228 204.0
1229 32.0
1230 32.0
1231 25.0
1232 25.0
1233 30.0
1234 33.0
1235 203.0
1236 32.0
1237 32.0
1238 204.0
1239 203.0
1240 204.0
1241 32.0
1242 204.0
1243 203.0
1244 32.0
1245 32.0
1246 32.0
1247 0.0
1248 33.0
1249 204.0
1250 32.0
1251 204.0
1252 204.0
1253 32.0
1254 204.0
1255 204.0
1256 204.0
1257 203.0
1258 175.0
1259 32.0
1260 203.0
1261 203.0
1262 204.0
1263 32.0
1264 32.0
1265 204.0
1266 204.0
1267 32.0
1268 32.0
1269 32.0
1270 204.0
1271 203.0
1272 204.0
1273 32.0
1274 32.0
1275 204.0
1276 204.0
1277 203.0
1278 0.0
1279 32.0
1280 204.0
1281 32.0
1282 32.0
1283 204.0
1284 30.0
1285 33.0
1286 204.0
1287 203.0
1288 204.0
1289 32.0
1290 204.0
1291 32.0
1292 32.0
1293 32.0
1294 204.0
1295 32.0
1296 32.0
1297 32.0
1298 0.0
1299 32.0
1300 30.0
1301 25.0
1302 204.0
1303 204.0
1304 32.0
1305 32.0
1306 32.0
1307 204.0
1308 204.0
1309 203.0
1310 203.0
1311 204.0
1312 204.0
1313 32.0
1314 33.0
1315 32.0
1316 203.0
1317 204.0
1318 32.0
1319 30.0
1320 204.0
1321 203.0
1322 204.0
1323 204.0
1324 203.0
1325 204.0
1326 204.0
1327 204.0
1328 203.0
1329 25.0
1330 32.0
1331 204.0
1332 32.0
1333 25.0
1334 203.0
1335 32.0
1336 32.0
1337 32.0
1338 98.0
1339 204.0
1340 32.0
1341 32.0
1342 32.0
1343 32.0
1344 30.0
1345 6.0
1346 203.0
1347 203.0
1348 204.0
1349 32.0
1350 33.0
1351 204.0
1352 32.0
1353 203.0
1354 203.0
1355 32.0
1356 203.0
1357 32.0
1358 204.0
1359 204.0
1360 32.0
1361 204.0
1362 204.0
1363 203.0
1364 203.0
1365 33.0
1366 203.0
1367 203.0
1368 32.0
1369 203.0
1370 30.0
1371 30.0
1372 203.0
1373 32.0
1374 204.0
1375 204.0
1376 203.0
1377 204.0
1378 32.0
1379 32.0
1380 32.0
1381 32.0
1382 32.0
1383 203.0
1384 25.0
1385 0.0
1386 32.0
1387 38.0
1388 203.0
1389 32.0
1390 32.0
1391 33.0
1392 32.0
1393 32.0
1394 32.0
1395 204.0
1396 203.0
1397 32.0
1398 0.0
1399 158.0
1400 32.0
1401 32.0
1402 204.0
1403 203.0
1404 204.0
1405 32.0
1406 32.0
1407 0.0
1408 32.0
1409 204.0
1410 203.0
1411 32.0
1412 203.0
1413 203.0
1414 203.0
1415 203.0
1416 32.0
1417 32.0
1418 32.0
1419 32.0
1420 32.0
1421 30.0
1422 204.0
1423 32.0
1424 204.0
1425 204.0
1426 32.0
1427 32.0
1428 204.0
1429 204.0
1430 204.0
1431 32.0
1432 204.0
1433 32.0
1434 204.0
1435 32.0
1436 204.0
1437 32.0
1438 33.0
1439 204.0
1440 98.0
1441 204.0
1442 33.0
1443 204.0
1444 203.0
1445 32.0
1446 204.0
1447 38.0
1448 204.0
1449 203.0
1450 0.0
1451 204.0
1452 33.0
1453 204.0
1454 203.0
1455 203.0
1456 203.0
1457 32.0
1458 32.0
1459 32.0
1460 204.0
1461 203.0
1462 98.0
1463 32.0
1464 203.0
1465 204.0
1466 32.0
1467 33.0
1468 32.0
1469 203.0
1470 204.0
1471 32.0
1472 32.0
1473 204.0
1474 32.0
1475 204.0
1476 0.0
1477 204.0
1478 204.0
1479 204.0
1480 204.0
1481 203.0
1482 98.0
1483 203.0
1484 203.0
1485 204.0
1486 32.0
1487 203.0
1488 30.0
1489 32.0
1490 32.0
1491 204.0
1492 204.0
1493 32.0
1494 32.0
1495 204.0
1496 204.0
1497 32.0
1498 32.0
1499 32.0
1500 32.0
1501 32.0
1502 204.0
1503 32.0
1504 204.0
1505 32.0
1506 204.0
1507 32.0
1508 32.0
1509 32.0
1510 32.0
1511 204.0
1512 204.0
1513 203.0
1514 32.0
1515 203.0
1516 204.0
1517 0.0
1518 32.0
1519 32.0
1520 38.0
1521 204.0
1522 204.0
1523 32.0
1524 30.0
1525 203.0
1526 32.0
1527 204.0
1528 203.0
1529 203.0
1530 204.0
1531 203.0
1532 203.0
1533 98.0
1534 204.0
1535 203.0
1536 204.0
1537 25.0
1538 0.0
1539 204.0
1540 33.0
1541 203.0
1542 204.0
1543 32.0
1544 32.0
1545 204.0
1546 32.0
1547 32.0
1548 32.0
1549 203.0
1550 204.0
1551 0.0
1552 32.0
1553 204.0
1554 32.0
1555 204.0
1556 32.0
1557 32.0
1558 203.0
1559 32.0
1560 0.0
1561 32.0
1562 204.0
1563 204.0
1564 32.0
1565 32.0
1566 204.0
1567 203.0
1568 204.0
1569 32.0
1570 204.0
1571 38.0
1572 32.0
1573 32.0
1574 30.0
1575 204.0
1576 204.0
1577 32.0
1578 204.0
1579 32.0
1580 204.0
1581 204.0
1582 204.0
1583 32.0
1584 98.0
1585 32.0
1586 204.0
1587 204.0
1588 32.0
1589 203.0
1590 204.0
1591 32.0
1592 203.0
1593 32.0
1594 204.0
1595 33.0
1596 204.0
1597 204.0
1598 204.0
1599 204.0
1600 204.0
1601 204.0
1602 203.0
1603 32.0
1604 32.0
1605 0.0
1606 204.0
1607 203.0
1608 204.0
1609 204.0
1610 32.0
1611 25.0
1612 32.0
1613 204.0
1614 203.0
1615 204.0
1616 204.0
1617 203.0
1618 32.0
1619 32.0
1620 32.0
1621 32.0
1622 204.0
1623 204.0
1624 32.0
1625 32.0
1626 204.0
1627 32.0
1628 204.0
1629 32.0
1630 32.0
1631 32.0
1632 204.0
1633 204.0
1634 32.0
1635 32.0
1636 204.0
1637 32.0
1638 32.0
1639 25.0
1640 0.0
1641 30.0
1642 32.0
1643 32.0
1644 204.0
1645 204.0
1646 33.0
1647 204.0
1648 203.0
1649 32.0
1650 204.0
1651 38.0
1652 204.0
1653 32.0
1654 32.0
1655 30.0
1656 33.0
1657 180.0
1658 203.0
1659 204.0
1660 203.0
1661 32.0
1662 32.0
1663 32.0
1664 204.0
1665 204.0
1666 164.0
1667 203.0
1668 204.0
1669 203.0
1670 32.0
1671 203.0
1672 32.0
1673 32.0
1674 204.0
1675 204.0
1676 32.0
1677 32.0
1678 32.0
1679 204.0
1680 32.0
1681 32.0
1682 203.0
1683 204.0
1684 32.0
1685 32.0
1686 32.0
1687 204.0
1688 32.0
1689 32.0
1690 32.0
1691 0.0
1692 204.0
1693 32.0
1694 203.0
1695 0.0
1696 32.0
1697 32.0
1698 32.0
1699 32.0
1700 32.0
1701 204.0
1702 38.0
1703 203.0
1704 203.0
1705 32.0
1706 204.0
1707 32.0
1708 204.0
1709 32.0
1710 204.0
1711 203.0
1712 32.0
1713 204.0
1714 32.0
1715 204.0
1716 204.0
1717 32.0
1718 203.0
1719 203.0
1720 204.0
1721 204.0
1722 32.0
1723 32.0
1724 203.0
1725 32.0
1726 32.0
1727 0.0
1728 20.0
1729 30.0
1730 32.0
1731 204.0
1732 203.0
1733 32.0
1734 204.0
1735 32.0
1736 204.0
1737 32.0
1738 32.0
1739 204.0
1740 203.0
1741 25.0
1742 203.0
1743 32.0
1744 33.0
1745 204.0
1746 203.0
1747 204.0
1748 33.0
1749 204.0
1750 32.0
1751 32.0
1752 30.0
1753 203.0
1754 204.0
1755 203.0
1756 180.0
1757 32.0
1758 32.0
1759 204.0
1760 204.0
1761 203.0
1762 203.0
1763 32.0
1764 0.0
1765 32.0
1766 204.0
1767 203.0
1768 32.0
1769 32.0
1770 203.0
1771 32.0
1772 92.0
1773 32.0
1774 32.0
1775 38.0
1776 204.0
1777 32.0
1778 32.0
1779 204.0
1780 32.0
1781 204.0
1782 32.0
1783 203.0
1784 30.0
1785 204.0
1786 0.0
1787 32.0
1788 0.0
1789 203.0
1790 204.0
1791 32.0
1792 25.0
1793 203.0
1794 32.0
1795 204.0
1796 32.0
1797 204.0
1798 204.0
1799 33.0
1800 204.0
1801 203.0
1802 25.0
1803 204.0
1804 203.0
1805 204.0
1806 203.0
1807 204.0
1808 204.0
1809 33.0
1810 203.0
1811 203.0
1812 204.0
1813 203.0
1814 32.0
1815 32.0
1816 32.0
1817 204.0
1818 203.0
1819 0.0
1820 32.0
1821 203.0
1822 203.0
1823 32.0
1824 109.0
1825 20.0
1826 204.0
1827 204.0
1828 32.0
1829 32.0
1830 204.0
1831 204.0
1832 204.0
1833 32.0
1834 32.0
1835 32.0
1836 204.0
1837 32.0
1838 203.0
1839 0.0
1840 204.0
1841 32.0
1842 32.0
1843 25.0
1844 0.0
1845 204.0
1846 32.0
1847 203.0
1848 32.0
1849 204.0
1850 32.0
1851 204.0
1852 203.0
1853 25.0
1854 0.0
1855 203.0
1856 32.0
1857 32.0
1858 32.0
1859 33.0
1860 32.0
1861 204.0
1862 32.0
1863 32.0
1864 204.0
1865 32.0
1866 204.0
1867 169.0
1868 204.0
1869 204.0
1870 204.0
1871 204.0
1872 203.0
1873 203.0
1874 32.0
1875 109.0
1876 203.0
1877 204.0
1878 32.0
1879 204.0
1880 32.0
1881 32.0
1882 204.0
1883 32.0
1884 32.0
1885 32.0
1886 203.0
1887 204.0
1888 32.0
1889 204.0
1890 32.0
1891 204.0
1892 32.0
1893 204.0
1894 25.0
1895 203.0
1896 32.0
1897 33.0
1898 204.0
1899 203.0
1900 204.0
1901 33.0
1902 87.0
1903 32.0
1904 32.0
1905 32.0
1906 30.0
1907 32.0
1908 203.0
1909 32.0
1910 32.0
1911 32.0
1912 0.0
1913 32.0
1914 204.0
1915 203.0
1916 32.0
1917 0.0
1918 32.0
1919 204.0
1920 204.0
1921 32.0
1922 203.0
1923 203.0
1924 32.0
1925 0.0
1926 38.0
1927 32.0
1928 203.0
1929 204.0
1930 32.0
1931 32.0
1932 30.0
1933 204.0
1934 204.0
1935 204.0
1936 32.0
1937 30.0
1938 204.0
1939 0.0
1940 32.0
1941 32.0
1942 204.0
1943 204.0
1944 204.0
1945 25.0
1946 249.0
1947 204.0
1948 38.0
1949 204.0
1950 204.0
1951 204.0
1952 33.0
1953 32.0
1954 204.0
1955 32.0
1956 87.0
1957 203.0
1958 32.0
1959 0.0
1960 0.0
1961 32.0
1962 32.0
1963 204.0
1964 203.0
1965 204.0
1966 203.0
1967 32.0
1968 32.0
1969 32.0
1970 32.0
1971 203.0
1972 0.0
1973 204.0
1974 203.0
1975 32.0
1976 32.0
1977 203.0
1978 204.0
1979 203.0
1980 204.0
1981 32.0
1982 30.0
1983 30.0
1984 204.0
1985 204.0
1986 0.0
1987 204.0
1988 32.0
1989 249.0
1990 179.0
1991 204.0
1992 249.0
1993 347.0
1994 249.0
1995 203.0
1996 0.0
1997 249.0
1998 203.0
1999 427.0
2000 204.0
2001 32.0
2002 203.0
2003 158.0
2004 203.0
2005 203.0
2006 192.0
2007 251.0
2008 20.0
2009 203.0
2010 204.0
2011 204.0
2012 203.0
2013 203.0
2014 203.0
2015 249.0
2016 169.0
2017 203.0
2018 32.0
2019 249.0
2020 203.0
2021 203.0
2022 203.0
2023 229.0
2024 204.0
2025 20.0
2026 27.0
2027 203.0
2028 0.0
2029 179.0
2030 204.0
2031 203.0
2032 179.0
2033 32.0
2034 203.0
2035 179.0
2036 179.0
2037 203.0
2038 203.0
2039 203.0
2040 427.0
2041 203.0
2042 204.0
2043 347.0
2044 195.0
2045 347.0
2046 203.0
2047 184.0
2048 203.0
2049 203.0
2050 347.0
2051 203.0
2052 203.0
2053 179.0
2054 169.0
2055 204.0
2056 249.0
2057 203.0
2058 347.0
2059 158.0
2060 203.0
2061 203.0
2062 203.0
2063 204.0
2064 32.0
2065 331.0
2066 179.0
2067 203.0
2068 203.0
2069 153.0
2070 347.0
2071 249.0
2072 249.0
2073 203.0
2074 229.0
2075 249.0
2076 204.0
2077 175.0
2078 203.0
2079 203.0
2080 249.0
2081 203.0
2082 203.0
2083 203.0
2084 32.0
2085 176.0
2086 203.0
2087 203.0
2088 203.0
2089 249.0
2090 347.0
2091 427.0
2092 0.0
2093 203.0
2094 249.0
2095 203.0
2096 347.0
2097 203.0
2098 32.0
2099 169.0
2100 203.0
2101 347.0
2102 204.0
2103 251.0
2104 0.0
2105 33.0
2106 203.0
2107 249.0
2108 204.0
2109 347.0
2110 20.0
2111 203.0
2112 203.0
2113 347.0
2114 203.0
2115 203.0
2116 191.0
2117 249.0
2118 204.0
2119 158.0
2120 30.0
2121 203.0
2122 0.0
2123 347.0
2124 203.0
2125 203.0
2126 347.0
2127 204.0
2128 203.0
2129 203.0
2130 204.0
2131 203.0
2132 203.0
2133 203.0
2134 203.0
2135 32.0
2136 203.0
2137 203.0
2138 204.0
2139 203.0
2140 347.0
2141 249.0
2142 427.0
2143 347.0
2144 249.0
2145 32.0
2146 30.0
2147 249.0
2148 203.0
2149 25.0
2150 203.0
2151 203.0
2152 427.0
2153 203.0
2154 203.0
2155 0.0
2156 158.0
2157 0.0
2158 249.0
2159 203.0
2160 203.0
2161 30.0
2162 204.0
2163 203.0
2164 249.0
2165 203.0
2166 249.0
2167 347.0
2168 203.0
2169 249.0
2170 203.0
2171 203.0
2172 427.0
2173 203.0
2174 347.0
2175 0.0
2176 203.0
2177 203.0
2178 204.0
2179 169.0
2180 204.0
2181 0.0
2182 201.0
2183 223.0
2184 190.0
2185 190.0
2186 0.0
2187 203.0
2188 249.0
2189 203.0
2190 203.0
2191 427.0
2192 347.0
2193 427.0
2194 347.0
2195 347.0
2196 347.0
2197 347.0
2198 347.0
2199 22.0
2200 201.0
2201 203.0
2202 76.0
2203 203.0
2204 203.0
2205 427.0
2206 179.0
2207 203.0
2208 204.0
2209 203.0
2210 203.0
2211 25.0
2212 32.0
2213 203.0
2214 204.0
2215 203.0
2216 249.0
2217 203.0
2218 146.0
2219 249.0
2220 347.0
2221 249.0
2222 0.0
2223 427.0
2224 182.0
2225 427.0
2226 313.0
2227 0.0
2228 249.0
2229 33.0
2230 175.0
2231 157.0
2232 249.0
2233 249.0
2234 214.0
2235 189.0
2236 203.0
2237 32.0
2238 0.0
2239 249.0
2240 203.0
2241 3.0
2242 203.0
2243 203.0
2244 427.0
2245 347.0
2246 203.0
2247 347.0
2248 215.0
2249 203.0
2250 203.0
2251 32.0
2252 203.0
2253 203.0
2254 203.0
2255 0.0
2256 203.0
2257 249.0
2258 203.0
2259 203.0
2260 249.0
2261 203.0
2262 25.0
2263 20.0
2264 203.0
2265 203.0
2266 347.0
2267 347.0
2268 203.0
2269 347.0
2270 245.0
2271 203.0
2272 427.0
2273 180.0
2274 427.0
2275 0.0
2276 203.0
2277 249.0
2278 249.0
2279 347.0
2280 0.0
2281 180.0
2282 203.0
2283 244.0
2284 203.0
2285 214.0
2286 25.0
2287 203.0
2288 30.0
2289 224.0
2290 249.0
2291 203.0
2292 0.0
2293 347.0
2294 347.0
2295 427.0
2296 203.0
2297 427.0
2298 347.0
2299 203.0
2300 347.0
2301 203.0
2302 32.0
2303 427.0
2304 203.0
2305 347.0
2306 203.0
2307 203.0
2308 203.0
2309 32.0
2310 203.0
2311 249.0
2312 169.0
2313 169.0
2314 30.0
2315 285.0
2316 203.0
2317 203.0
2318 347.0
2319 203.0
2320 331.0
2321 203.0
2322 249.0
2323 347.0
2324 32.0
2325 197.0
2326 203.0
2327 249.0
2328 347.0
2329 203.0
2330 203.0
2331 203.0
2332 169.0
2333 203.0
2334 249.0
2335 427.0
2336 198.0
2337 347.0
2338 0.0
2339 30.0
2340 203.0
2341 249.0
2342 203.0
2343 203.0
2344 203.0
2345 203.0
2346 427.0
2347 330.0
2348 249.0
2349 347.0
2350 347.0
2351 347.0
2352 203.0
2353 32.0
2354 427.0
2355 203.0
2356 203.0
2357 203.0
2358 203.0
2359 249.0
2360 203.0
2361 89.0
2362 203.0
2363 169.0
2364 98.0
2365 32.0
2366 249.0
2367 203.0
2368 249.0
2369 249.0
2370 203.0
2371 204.0
2372 203.0
2373 347.0
2374 203.0
2375 203.0
2376 347.0
2377 32.0
2378 249.0
2379 203.0
2380 229.0
2381 236.0
2382 203.0
2383 184.0
2384 203.0
2385 203.0
2386 427.0
2387 203.0
2388 347.0
2389 158.0
2390 203.0
2391 203.0
2392 203.0
2393 347.0
2394 347.0
2395 427.0
2396 249.0
2397 427.0
2398 347.0
2399 249.0
2400 249.0
2401 249.0
2402 203.0
2403 203.0
2404 32.0
2405 427.0
2406 427.0
2407 249.0
2408 204.0
2409 32.0
2410 249.0
2411 203.0
2412 204.0
2413 203.0
2414 203.0
2415 0.0
2416 32.0
2417 249.0
2418 249.0
2419 347.0
2420 249.0
2421 203.0
2422 331.0
2423 0.0
2424 203.0
2425 347.0
2426 203.0
2427 427.0
2428 0.0
2429 427.0
2430 427.0
2431 32.0
2432 347.0
2433 0.0
2434 32.0
2435 203.0
2436 249.0
2437 427.0
2438 203.0
2439 203.0
2440 0.0
2441 32.0
2442 203.0
2443 249.0
2444 203.0
2445 249.0
2446 249.0
2447 347.0
2448 427.0
2449 203.0
2450 347.0
2451 347.0
2452 203.0
2453 249.0
2454 203.0
2455 32.0
2456 203.0
2457 203.0
2458 249.0
2459 203.0
2460 203.0
2461 249.0
2462 203.0
2463 427.0
2464 347.0
2465 203.0
2466 0.0
2467 98.0
2468 203.0
2469 203.0
2470 347.0
2471 249.0
2472 203.0
2473 347.0
2474 249.0
2475 203.0
2476 427.0
2477 203.0
2478 203.0
2479 183.0
2480 249.0
2481 427.0
2482 203.0
2483 203.0
2484 0.0
2485 185.0
2486 203.0
2487 427.0
2488 427.0
2489 223.0
2490 347.0
2491 0.0
2492 30.0
2493 203.0
2494 249.0
2495 347.0
2496 249.0
2497 249.0
2498 347.0
2499 427.0
2500 330.0
2501 249.0
2502 347.0
2503 203.0
2504 330.0
2505 203.0
2506 32.0
2507 203.0
2508 203.0
2509 249.0
2510 347.0
2511 203.0
2512 203.0
2513 32.0
2514 249.0
2515 347.0
2516 203.0
2517 193.0
2518 32.0
2519 203.0
2520 204.0
2521 347.0
2522 203.0
2523 203.0
2524 203.0
2525 203.0
2526 347.0
2527 203.0
2528 203.0
2529 427.0
2530 203.0
2531 249.0
2532 203.0
2533 203.0
2534 347.0
2535 203.0
2536 169.0
2537 203.0
2538 203.0
2539 427.0
2540 214.0
2541 347.0
2542 180.0
2543 32.0
2544 201.0
2545 249.0
2546 204.0
2547 249.0
2548 249.0
2549 204.0
2550 427.0
2551 203.0
2552 427.0
2553 249.0
2554 203.0
2555 347.0
2556 43.0
2557 32.0
2558 249.0
2559 203.0
2560 427.0
2561 347.0
2562 203.0
2563 427.0
2564 347.0
2565 427.0
2566 203.0
2567 203.0
2568 203.0
2569 158.0
2570 249.0
2571 347.0
2572 249.0
2573 249.0
2574 203.0
2575 347.0
2576 142.0
2577 347.0
2578 203.0
2579 224.0
2580 347.0
2581 203.0
2582 203.0
2583 203.0
2584 203.0
2585 347.0
2586 347.0
2587 32.0
2588 285.0
2589 427.0
2590 427.0
2591 203.0
2592 203.0
2593 203.0
2594 98.0
2595 201.0
2596 249.0
2597 347.0
2598 427.0
2599 427.0
2600 249.0
2601 427.0
2602 203.0
2603 203.0
2604 347.0
2605 347.0
2606 203.0
2607 203.0
2608 32.0
2609 203.0
2610 251.0
2611 427.0
2612 203.0
2613 203.0
2614 249.0
2615 204.0
2616 203.0
2617 285.0
2618 203.0
2619 251.0
2620 190.0
2621 203.0
2622 244.0
2623 249.0
2624 347.0
2625 169.0
2626 347.0
2627 203.0
2628 203.0
2629 427.0
2630 249.0
2631 347.0
2632 82.0
2633 347.0
2634 249.0
2635 32.0
2636 249.0
2637 186.0
2638 189.0
2639 427.0
2640 427.0
2641 427.0
2642 203.0
2643 347.0
2644 203.0
2645 33.0
2646 427.0
2647 249.0
2648 347.0
2649 203.0
2650 427.0
2651 347.0
2652 427.0
2653 330.0
2654 249.0
2655 249.0
2656 203.0
2657 347.0
2658 203.0
2659 32.0
2660 203.0
2661 203.0
2662 249.0
2663 347.0
2664 203.0
2665 203.0
2666 203.0
2667 427.0
2668 147.0
2669 32.0
2670 347.0
2671 98.0
2672 0.0
2673 244.0
2674 347.0
2675 203.0
2676 203.0
2677 249.0
2678 203.0
2679 427.0
2680 427.0
2681 249.0
2682 347.0
2683 92.0
2684 203.0
2685 203.0
2686 203.0
2687 427.0
2688 203.0
2689 169.0
2690 249.0
2691 427.0
2692 427.0
2693 223.0
2694 347.0
2695 158.0
2696 203.0
2697 331.0
2698 249.0
2699 169.0
2700 249.0
2701 249.0
2702 0.0
2703 427.0
2704 249.0
2705 249.0
2706 347.0
2707 203.0
2708 347.0
2709 427.0
2710 32.0
2711 427.0
2712 203.0
2713 249.0
2714 249.0
2715 244.0
2716 203.0
2717 203.0
2718 347.0
2719 249.0
2720 203.0
2721 461.0
2722 190.0
2723 249.0
2724 203.0
2725 347.0
2726 203.0
2727 249.0
2728 249.0
2729 190.0
2730 249.0
2731 203.0
2732 203.0
2733 203.0
2734 32.0
2735 203.0
2736 203.0
2737 203.0
2738 203.0
2739 203.0
2740 188.0
2741 249.0
2742 203.0
2743 427.0
2744 196.0
2745 203.0
2746 195.0
2747 203.0
2748 201.0
2749 249.0
2750 203.0
2751 427.0
2752 249.0
2753 347.0
2754 461.0
2755 203.0
2756 498.0
2757 314.0
2758 203.0
2759 248.0
2760 249.0
2761 169.0
2762 194.0
2763 199.0
2764 248.0
2765 197.0
2766 180.0
2767 427.0
2768 213.0
2769 0.0
2770 0.0
2771 203.0
2772 248.0
2773 0.0
2774 190.0
2775 347.0
2776 98.0
2777 175.0
2778 93.0
2779 347.0
2780 0.0
2781 347.0
2782 204.0
2783 169.0
2784 248.0
2785 184.0
2786 494.0
2787 175.0
2788 203.0
2789 249.0
2790 175.0
2791 169.0
2792 494.0
2793 427.0
2794 198.0
2795 169.0
2796 248.0
2797 224.0
2798 203.0
2799 248.0
2800 190.0
2801 203.0
2802 198.0
2803 347.0
2804 427.0
2805 498.0
2806 190.0
2807 197.0
2808 193.0
2809 204.0
2810 179.0
2811 203.0
2812 169.0
2813 475.0
2814 198.0
2815 193.0
2816 193.0
2817 175.0
2818 203.0
2819 98.0
2820 176.0
2821 98.0
2822 203.0
2823 345.0
2824 192.0
2825 197.0
2826 347.0
2827 192.0
2828 248.0
2829 179.0
2830 179.0
2831 197.0
2832 176.0
2833 347.0
2834 244.0
2835 189.0
2836 158.0
2837 197.0
2838 175.0
2839 203.0
2840 475.0
2841 175.0
2842 0.0
2843 169.0
2844 190.0
2845 251.0
2846 38.0
2847 203.0
2848 203.0
2849 204.0
2850 92.0
2851 179.0
2852 203.0
2853 248.0
2854 251.0
2855 98.0
2856 498.0
2857 427.0
2858 204.0
2859 203.0
2860 347.0
2861 251.0
2862 203.0
2863 169.0
2864 427.0
2865 203.0
2866 203.0
2867 176.0
2868 203.0
2869 427.0
2870 192.0
2871 190.0
2872 427.0
2873 32.0
2874 345.0
2875 32.0
2876 203.0
2877 204.0
2878 347.0
2879 203.0
2880 203.0
2881 203.0
2882 203.0
2883 203.0
2884 98.0
2885 181.0
2886 192.0
2887 203.0
2888 140.0
2889 203.0
2890 203.0
2891 427.0
2892 236.0
2893 202.0
2894 248.0
2895 181.0
2896 203.0
2897 169.0
2898 251.0
2899 180.0
2900 203.0
2901 0.0
2902 181.0
2903 190.0
2904 179.0
2905 249.0
2906 179.0
2907 498.0
2908 187.0
2909 494.0
2910 251.0
2911 203.0
2912 193.0
2913 203.0
2914 32.0
2915 427.0
2916 169.0
2917 203.0
2918 203.0
2919 203.0
2920 192.0
2921 203.0
2922 249.0
2923 347.0
2924 203.0
2925 251.0
2926 185.0
2927 427.0
2928 248.0
2929 427.0
2930 197.0
2931 203.0
2932 203.0
2933 147.0
2934 427.0
2935 98.0
2936 200.0
2937 204.0
2938 180.0
2939 494.0
2940 203.0
2941 203.0
2942 248.0
2943 193.0
2944 427.0
2945 203.0
2946 203.0
2947 98.0
2948 169.0
2949 98.0
2950 180.0
2951 32.0
2952 224.0
2953 203.0
2954 180.0
2955 190.0
2956 251.0
2957 98.0
2958 498.0
2959 175.0
2960 345.0
2961 97.0
2962 0.0
2963 204.0
2964 98.0
2965 169.0
2966 251.0
2967 169.0
2968 169.0
2969 98.0
2970 178.0
2971 176.0
2972 98.0
2973 182.0
2974 251.0
2975 203.0
2976 248.0
2977 32.0
2978 193.0
2979 204.0
2980 98.0
2981 427.0
2982 203.0
2983 204.0
2984 427.0
2985 427.0
2986 203.0
2987 175.0
2988 427.0
2989 0.0
2990 176.0
2991 181.0
2992 203.0
2993 236.0
2994 0.0
2995 494.0
2996 197.0
2997 175.0
2998 203.0
2999 195.0
3000 347.0
3001 176.0
3002 32.0
3003 229.0
3004 347.0
3005 347.0
3006 173.0
3007 176.0
3008 494.0
3009 498.0
3010 175.0
3011 251.0
3012 347.0
3013 190.0
3014 248.0
3015 203.0
3016 169.0
3017 248.0
3018 203.0
3019 203.0
3020 347.0
3021 203.0
3022 248.0
3023 261.0
3024 427.0
3025 169.0
3026 203.0
3027 494.0
3028 33.0
3029 251.0
3030 169.0
3031 494.0
3032 248.0
3033 203.0
3034 427.0
3035 361.0
3036 203.0
3037 203.0
3038 181.0
3039 347.0
3040 203.0
3041 494.0
3042 192.0
3043 203.0
3044 179.0
3045 191.0
3046 494.0
3047 176.0
3048 181.0
3049 203.0
3050 179.0
3051 203.0
3052 427.0
3053 203.0
3054 0.0
3055 249.0
3056 203.0
3057 181.0
3058 203.0
3059 190.0
3060 498.0
3061 0.0
3062 251.0
3063 203.0
3064 498.0
3065 347.0
3066 203.0
3067 32.0
3068 427.0
3069 203.0
3070 203.0
3071 203.0
3072 219.0
3073 187.0
3074 203.0
3075 204.0
3076 338.0
3077 203.0
3078 179.0
3079 204.0
3080 184.0
3081 347.0
3082 175.0
3083 427.0
3084 203.0
3085 185.0
3086 192.0
3087 203.0
3088 203.0
3089 498.0
3090 241.0
3091 0.0
3092 251.0
3093 203.0
3094 203.0
3095 251.0
3096 248.0
3097 498.0
3098 251.0
3099 203.0
3100 251.0
3101 248.0
3102 203.0
3103 175.0
3104 0.0
3105 92.0
3106 251.0
3107 251.0
3108 203.0
3109 345.0
3110 494.0
3111 498.0
3112 190.0
3113 427.0
3114 98.0
3115 173.0
3116 184.0
3117 203.0
3118 251.0
3119 461.0
3120 98.0
3121 197.0
3122 98.0
3123 175.0
3124 427.0
3125 199.0
3126 203.0
3127 248.0
3128 203.0
3129 248.0
3130 204.0
3131 345.0
3132 203.0
3133 498.0
3134 251.0
3135 494.0
3136 248.0
3137 427.0
3138 204.0
3139 248.0
3140 427.0
3141 203.0
3142 204.0
3143 461.0
3144 203.0
3145 203.0
3146 203.0
3147 153.0
3148 251.0
3149 253.0
3150 203.0
3151 98.0
3152 427.0
3153 203.0
3154 192.0
3155 32.0
3156 169.0
3157 193.0
3158 500.0
3159 98.0
3160 193.0
3161 193.0
3162 500.0
3163 190.0
3164 494.0
3165 0.0
3166 103.0
3167 427.0
3168 203.0
3169 222.0
3170 187.0
3171 169.0
3172 98.0
3173 193.0
3174 176.0
3175 248.0
3176 32.0
3177 203.0
3178 150.0
3179 203.0
3180 203.0
3181 204.0
3182 176.0
3183 203.0
3184 0.0
3185 427.0
3186 203.0
3187 185.0
3188 361.0
3189 98.0
3190 203.0
3191 0.0
3192 217.0
3193 32.0
3194 0.0
3195 203.0
3196 203.0
3197 427.0
3198 186.0
3199 494.0
3200 0.0
3201 251.0
3202 203.0
3203 98.0
3204 203.0
3205 181.0
3206 32.0
3207 203.0
3208 178.0
3209 173.0
3210 98.0
3211 249.0
3212 253.0
3213 500.0
3214 312.0
3215 248.0
3216 203.0
3217 176.0
3218 0.0
3219 203.0
3220 169.0
3221 494.0
3222 203.0
3223 203.0
3224 203.0
3225 178.0
3226 192.0
3227 203.0
3228 98.0
3229 175.0
3230 203.0
3231 193.0
3232 249.0
3233 251.0
3234 203.0
3235 251.0
3236 248.0
3237 30.0
3238 324.0
3239 176.0
3240 203.0
3241 98.0
3242 498.0
3243 179.0
3244 0.0
3245 0.0
3246 98.0
3247 203.0
3248 475.0
3249 176.0
3250 176.0
3251 427.0
3252 251.0
3253 203.0
3254 169.0
3255 203.0
3256 176.0
3257 32.0
3258 0.0
3259 187.0
3260 427.0
3261 203.0
3262 203.0
3263 427.0
3264 500.0
3265 176.0
3266 187.0
3267 203.0
3268 176.0
3269 176.0
3270 203.0
3271 19.0
3272 176.0
3273 98.0
3274 248.0
3275 32.0
3276 175.0
3277 191.0
3278 204.0
3279 169.0
3280 427.0
3281 203.0
3282 248.0
3283 192.0
3284 498.0
3285 251.0
3286 251.0
3287 427.0
3288 203.0
3289 251.0
3290 427.0
3291 251.0
3292 203.0
3293 498.0
3294 181.0
3295 32.0
3296 248.0
3297 203.0
3298 203.0
3299 248.0
3300 229.0
3301 192.0
3302 498.0
3303 494.0
3304 98.0
3305 263.0
3306 98.0
3307 427.0
3308 203.0
3309 175.0
3310 203.0
3311 251.0
3312 98.0
3313 204.0
3314 32.0
3315 500.0
3316 498.0
3317 494.0
3318 0.0
3319 175.0
3320 181.0
3321 427.0
3322 169.0
3323 176.0
3324 193.0
3325 103.0
3326 32.0
3327 208.0
3328 203.0
3329 203.0
3330 192.0
3331 248.0
3332 169.0
3333 224.0
3334 33.0
3335 427.0
3336 203.0
3337 204.0
3338 494.0
3339 203.0
3340 248.0
3341 0.0
3342 501.0
3343 203.0
3344 494.0
3345 203.0
3346 32.0
3347 234.0
3348 176.0
3349 32.0
3350 461.0
3351 98.0
3352 427.0
3353 253.0
3354 203.0
3355 0.0
3356 248.0
3357 203.0
3358 201.0
3359 32.0
3360 203.0
3361 347.0
3362 498.0
3363 30.0
3364 498.0
3365 150.0
3366 501.0
3367 245.0
3368 427.0
3369 203.0
3370 204.0
3371 192.0
3372 203.0
3373 185.0
3374 176.0
3375 203.0
3376 203.0
3377 203.0
3378 208.0
3379 203.0
3380 30.0
3381 203.0
3382 253.0
3383 203.0
3384 427.0
3385 87.0
3386 249.0
3387 229.0
3388 203.0
3389 494.0
3390 169.0
3391 193.0
3392 501.0
3393 494.0
3394 204.0
3395 251.0
3396 203.0
3397 0.0
3398 427.0
3399 0.0
3400 203.0
3401 498.0
3402 249.0
3403 203.0
3404 500.0
3405 251.0
3406 203.0
3407 98.0
3408 203.0
3409 427.0
3410 32.0
3411 203.0
3412 98.0
3413 176.0
3414 203.0
3415 345.0
3416 498.0
3417 501.0
3418 500.0
3419 200.0
3420 98.0
3421 176.0
3422 315.0
3423 203.0
3424 32.0
3425 347.0
3426 98.0
3427 427.0
3428 203.0
3429 178.0
3430 171.0
3431 204.0
3432 98.0
3433 6.0
3434 191.0
3435 345.0
3436 192.0
3437 251.0
3438 203.0
3439 175.0
3440 494.0
3441 204.0
3442 498.0
3443 461.0
3444 253.0
3445 204.0
3446 498.0
3447 209.0
3448 82.0
3449 171.0
3450 98.0
3451 203.0
3452 498.0
3453 203.0
3454 185.0
3455 500.0
3456 494.0
3457 203.0
3458 347.0
3459 201.0
3460 427.0
3461 32.0
3462 0.0
3463 203.0
3464 253.0
3465 203.0
3466 461.0
3467 181.0
3468 501.0
3469 176.0
3470 193.0
3471 98.0
3472 175.0
3473 347.0
3474 203.0
3475 169.0
3476 248.0
3477 203.0
3478 204.0
3479 98.0
3480 175.0
3481 203.0
3482 203.0
3483 347.0
3484 427.0
3485 203.0
3486 253.0
3487 192.0
3488 251.0
3489 203.0
3490 427.0
3491 461.0
3492 251.0
3493 248.0
3494 176.0
3495 498.0
3496 347.0
3497 176.0
3498 192.0
3499 203.0
3500 494.0
3501 203.0
3502 203.0
3503 461.0
3504 98.0
3505 192.0
3506 500.0
3507 253.0
3508 315.0
3509 248.0
3510 0.0
3511 220.0
3512 32.0
3513 178.0
3514 30.0
3515 501.0
3516 248.0
3517 248.0
3518 181.0
3519 501.0
3520 181.0
3521 197.0
3522 203.0
3523 175.0
3524 203.0
3525 203.0
3526 169.0
3527 229.0
3528 98.0
3529 251.0
3530 98.0
3531 192.0
3532 248.0
3533 203.0
3534 347.0
3535 197.0
3536 203.0
3537 427.0
3538 204.0
3539 176.0
3540 203.0
3541 330.0
3542 494.0
3543 198.0
3544 0.0
3545 192.0
3546 427.0
3547 203.0
3548 244.0
3549 203.0
3550 204.0
3551 303.0
3552 203.0
3553 203.0
3554 500.0
3555 500.0
3556 203.0
3557 253.0
3558 427.0
3559 218.0
3560 461.0
3561 181.0
3562 176.0
3563 32.0
3564 223.0
3565 32.0
3566 500.0
3567 334.0
3568 494.0
3569 251.0
3570 501.0
3571 181.0
3572 181.0
3573 98.0
3574 176.0
3575 315.0
3576 203.0
3577 32.0
3578 315.0
3579 203.0
3580 251.0
3581 203.0
3582 203.0
3583 494.0
3584 25.0
3585 176.0
3586 427.0
3587 203.0
3588 427.0
3589 194.0
3590 315.0
3591 203.0
3592 251.0
3593 253.0
3594 198.0
3595 249.0
3596 461.0
3597 500.0
3598 427.0
3599 249.0
3600 98.0
3601 0.0
3602 181.0
3603 181.0
3604 203.0
3605 253.0
3606 248.0
3607 347.0
3608 498.0
3609 427.0
3610 203.0
3611 181.0
3612 203.0
3613 203.0
3614 32.0
3615 184.0
3616 203.0
3617 500.0
3618 203.0
3619 427.0
3620 251.0
3621 501.0
3622 187.0
3623 203.0
3624 98.0
3625 175.0
3626 427.0
3627 203.0
3628 185.0
3629 319.0
3630 203.0
3631 204.0
3632 189.0
3633 235.0
3634 341.0
3635 203.0
3636 203.0
3637 427.0
3638 203.0
3639 427.0
3640 249.0
3641 190.0
3642 203.0
3643 140.0
3644 494.0
3645 203.0
3646 98.0
3647 461.0
3648 253.0
3649 204.0
3650 498.0
3651 98.0
3652 169.0
3653 501.0
3654 176.0
3655 203.0
3656 500.0
3657 98.0
3658 251.0
3659 500.0
3660 427.0
3661 253.0
3662 501.0
3663 98.0
3664 427.0
3665 32.0
3666 142.0
3667 203.0
3668 498.0
3669 251.0
3670 248.0
3671 501.0
3672 501.0
3673 151.0
3674 25.0
3675 203.0
3676 176.0
3677 251.0
3678 203.0
3679 169.0
3680 203.0
3681 98.0
3682 204.0
3683 98.0
3684 203.0
3685 461.0
3686 203.0
3687 251.0
3688 32.0
3689 203.0
3690 427.0
3691 204.0
3692 190.0
3693 427.0
3694 33.0
3695 494.0
3696 187.0
3697 98.0
3698 498.0
3699 500.0
3700 203.0
3701 179.0
3702 498.0
3703 203.0
3704 253.0
3705 203.0
3706 32.0
3707 498.0
3708 98.0
3709 203.0
3710 500.0
3711 494.0
3712 98.0
3713 248.0
3714 203.0
3715 361.0
3716 32.0
3717 207.0
3718 203.0
3719 498.0
3720 461.0
3721 253.0
3722 181.0
3723 501.0
3724 203.0
3725 324.0
3726 98.0
3727 498.0
3728 501.0
3729 203.0
3730 32.0
3731 0.0
3732 98.0
3733 203.0
3734 203.0
3735 203.0
3736 461.0
3737 203.0
3738 347.0
3739 0.0
3740 203.0
3741 427.0
3742 204.0
3743 427.0
3744 203.0
3745 475.0
3746 427.0
3747 176.0
3748 248.0
3749 498.0
3750 427.0
3751 203.0
3752 249.0
3753 203.0
3754 0.0
3755 500.0
3756 203.0
3757 203.0
3758 347.0
3759 176.0
3760 498.0
3761 498.0
3762 498.0
3763 203.0
3764 500.0
3765 32.0
3766 0.0
3767 32.0
3768 427.0
3769 203.0
3770 500.0
3771 427.0
3772 494.0
3773 181.0
3774 501.0
3775 501.0
3776 193.0
3777 203.0
3778 175.0
3779 176.0
3780 203.0
3781 185.0
3782 98.0
3783 203.0
3784 247.0
3785 203.0
3786 235.0
3787 206.0
3788 203.0
3789 347.0
3790 147.0
3791 151.0
3792 494.0
3793 198.0
3794 347.0
3795 203.0
3796 251.0
3797 427.0
3798 169.0
3799 181.0
3800 461.0
3801 253.0
3802 249.0
3803 249.0
3804 332.0
3805 0.0
3806 494.0
3807 98.0
3808 180.0
3809 498.0
3810 347.0
3811 347.0
3812 501.0
3813 501.0
3814 251.0
3815 494.0
3816 203.0
3817 427.0
3818 32.0
3819 0.0
3820 203.0
3821 500.0
3822 427.0
3823 253.0
3824 251.0
3825 501.0
3826 176.0
3827 0.0
3828 203.0
3829 176.0
3830 500.0
3831 203.0
3832 200.0
3833 248.0
3834 197.0
3835 251.0
3836 197.0
3837 203.0
3838 427.0
3839 203.0
3840 248.0
3841 498.0
3842 203.0
3843 251.0
3844 204.0
3845 248.0
3846 203.0
3847 251.0
3848 494.0
3849 169.0
3850 176.0
3851 461.0
3852 461.0
3853 98.0
3854 203.0
3855 193.0
3856 203.0
3857 301.0
3858 197.0
3859 203.0
3860 498.0
3861 98.0
3862 0.0
3863 501.0
3864 461.0
3865 98.0
3866 253.0
3867 203.0
3868 427.0
3869 32.0
3870 204.0
3871 321.0
3872 498.0
3873 248.0
3874 251.0
3875 20.0
3876 501.0
3877 500.0
3878 194.0
3879 203.0
3880 176.0
3881 251.0
3882 203.0
3883 32.0
3884 203.0
3885 32.0
3886 251.0
3887 98.0
3888 203.0
3889 248.0
3890 204.0
3891 260.0
3892 197.0
3893 203.0
3894 494.0
3895 204.0
3896 251.0
3897 203.0
3898 103.0
3899 500.0
3900 253.0
3901 193.0
3902 498.0
3903 494.0
3904 203.0
3905 249.0
3906 494.0
3907 181.0
3908 427.0
3909 203.0
3910 203.0
3911 498.0
3912 0.0
3913 494.0
3914 253.0
3915 494.0
3916 203.0
3917 461.0
3918 32.0
3919 92.0
3920 32.0
3921 219.0
3922 203.0
3923 500.0
3924 248.0
3925 494.0
3926 176.0
3927 501.0
3928 192.0
3929 181.0
3930 175.0
3931 103.0
3932 251.0
3933 203.0
3934 179.0
3935 251.0
3936 203.0
3937 253.0
3938 203.0
3939 235.0
3940 209.0
3941 98.0
3942 248.0
3943 253.0
3944 203.0
3945 253.0
3946 249.0
3947 198.0
3948 203.0
3949 175.0
3950 176.0
3951 175.0
3952 501.0
3953 498.0
3954 498.0
3955 203.0
3956 498.0
3957 203.0
3958 158.0
3959 494.0
3960 203.0
3961 203.0
3962 253.0
3963 203.0
3964 427.0
3965 501.0
3966 347.0
3967 203.0
3968 500.0
3969 203.0
3970 427.0
3971 32.0
3972 178.0
3973 203.0
3974 501.0
3975 427.0
3976 253.0
3977 498.0
3978 501.0
3979 176.0
3980 190.0
3981 32.0
3982 32.0
3983 315.0
3984 347.0
3985 179.0
3986 427.0
3987 203.0
3988 180.0
3989 347.0
3990 203.0
3991 197.0
3992 203.0
3993 204.0
3994 427.0
3995 240.0
3996 427.0
3997 249.0
3998 347.0
3999 204.0
4000 203.0
4001 494.0
4002 251.0
4003 248.0
4004 461.0
4005 253.0
4006 204.0
4007 427.0
4008 203.0
4009 249.0
4010 500.0
4011 30.0
4012 203.0
4013 253.0
4014 498.0
4015 475.0
4016 501.0
4017 197.0
4018 25.0
4019 244.0
4020 203.0
4021 361.0
4022 32.0
4023 142.0
4024 203.0
4025 501.0
4026 427.0
4027 251.0
4028 251.0
4029 501.0
4030 427.0
4031 203.0
4032 176.0
4033 176.0
4034 176.0
4035 181.0
4036 175.0
4037 251.0
4038 204.0
4039 204.0
4040 315.0
4041 203.0
4042 253.0
4043 98.0
4044 186.0
4045 427.0
4046 191.0
4047 427.0
4048 204.0
4049 197.0
4050 203.0
4051 203.0
4052 427.0
4053 197.0
4054 197.0
4055 461.0
4056 461.0
4057 0.0
4058 498.0
4059 98.0
4060 203.0
4061 253.0
4062 203.0
4063 203.0
4064 498.0
4065 32.0
4066 251.0
4067 501.0
4068 501.0
4069 203.0
4070 253.0
4071 203.0
4072 361.0
4073 32.0
4074 164.0
4075 203.0
4076 500.0
4077 248.0
4078 427.0
4079 20.0
4080 501.0
4081 151.0
4082 248.0
4083 203.0
4084 209.0
4085 251.0
4086 203.0
4087 32.0
4088 347.0
4089 98.0
4090 251.0
4091 175.0
4092 175.0
4093 500.0
4094 30.0
4095 203.0
4096 253.0
4097 191.0
4098 427.0
4099 500.0
4100 190.0
4101 98.0
4102 190.0
4103 176.0
4104 197.0
4105 260.0
4106 0.0
4107 494.0
4108 203.0
4109 498.0
4110 179.0
4111 98.0
4112 253.0
4113 203.0
4114 203.0
4115 253.0
4116 248.0
4117 427.0
4118 500.0
4119 251.0
4120 203.0
4121 248.0
4122 191.0
4123 174.0
4124 32.0
4125 181.0
4126 203.0
4127 500.0
4128 248.0
4129 427.0
4130 180.0
4131 501.0
4132 203.0
4133 181.0
4134 192.0
4135 175.0
4136 251.0
4137 203.0
4138 472.0
4139 427.0
4140 203.0
4141 185.0
4142 229.0
4143 227.0
4144 427.0
4145 203.0
4146 251.0
4147 253.0
4148 178.0
4149 427.0
4150 249.0
4151 347.0
4152 203.0
4153 175.0
4154 33.0
4155 176.0
4156 347.0
4157 500.0
4158 251.0
4159 347.0
4160 427.0
4161 204.0
4162 188.0
4163 494.0
4164 25.0
4165 32.0
4166 253.0
4167 248.0
4168 361.0
4169 501.0
4170 501.0
4171 176.0
4172 500.0
4173 203.0
4174 498.0
4175 32.0
4176 176.0
4177 203.0
4178 498.0
4179 171.0
4180 253.0
4181 251.0
4182 501.0
4183 187.0
4184 175.0
4185 176.0
4186 0.0
4187 500.0
4188 203.0
4189 188.0
4190 427.0
4191 203.0
4192 185.0
4193 203.0
4194 227.0
4195 500.0
4196 203.0
4197 253.0
4198 427.0
4199 178.0
4200 427.0
4201 192.0
4202 203.0
4203 203.0
4204 347.0
4205 494.0
4206 461.0
4207 249.0
4208 461.0
4209 501.0
4210 204.0
4211 498.0
4212 203.0
4213 180.0
4214 427.0
4215 203.0
4216 203.0
4217 500.0
4218 175.0
4219 361.0
4220 500.0
4221 347.0
4222 32.0
4223 500.0
4224 347.0
4225 427.0
4226 32.0
4227 224.0
4228 203.0
4229 500.0
4230 248.0
4231 253.0
4232 251.0
4233 501.0
4234 318.0
4235 181.0
4236 204.0
4237 203.0
4238 427.0
4239 179.0
4240 32.0
4241 251.0
4242 98.0
4243 347.0
4244 196.0
4245 175.0
4246 253.0
4247 98.0
4248 191.0
4249 427.0
4250 191.0
4251 424.0
4252 204.0
4253 190.0
4254 203.0
4255 203.0
4256 253.0
4257 197.0
4258 427.0
4259 498.0
4260 427.0
4261 203.0
4262 498.0
4263 203.0
4264 33.0
4265 461.0
4266 169.0
4267 203.0
4268 498.0
4269 319.0
4270 190.0
4271 501.0
4272 498.0
4273 203.0
4274 253.0
4275 203.0
4276 251.0
4277 32.0
4278 153.0
4279 203.0
4280 500.0
4281 248.0
4282 253.0
4283 203.0
4284 501.0
4285 98.0
4286 494.0
4287 347.0
4288 176.0
4289 251.0
4290 198.0
4291 0.0
4292 248.0
4293 251.0
4294 251.0
4295 203.0
4296 175.0
4297 501.0
4298 203.0
4299 251.0
4300 500.0
4301 178.0
4302 427.0
4303 253.0
4304 190.0
4305 98.0
4306 498.0
4307 253.0
4308 461.0
4309 359.0
4310 172.0
4311 500.0
4312 203.0
4313 181.0
4314 204.0
4315 220.0
4316 461.0
4317 98.0
4318 203.0
4319 498.0
4320 347.0
4321 192.0
4322 501.0
4323 427.0
4324 347.0
4325 501.0
4326 203.0
4327 498.0
4328 32.0
4329 203.0
4330 203.0
4331 498.0
4332 427.0
4333 427.0
4334 38.0
4335 501.0
4336 182.0
4337 427.0
4338 191.0
4339 175.0
4340 501.0
4341 347.0
4342 188.0
4343 32.0
4344 203.0
4345 251.0
4346 203.0
4347 178.0
4348 501.0
4349 203.0
4350 249.0
4351 168.0
4352 203.0
4353 176.0
4354 234.0
4355 219.0
4356 203.0
4357 251.0
4358 427.0
4359 251.0
4360 249.0
4361 461.0
4362 253.0
4363 203.0
4364 498.0
4365 203.0
4366 197.0
4367 494.0
4368 203.0
4369 30.0
4370 253.0
4371 251.0
4372 461.0
4373 501.0
4374 461.0
4375 461.0
4376 500.0
4377 0.0
4378 427.0
4379 32.0
4380 229.0
4381 203.0
4382 498.0
4383 427.0
4384 494.0
4385 251.0
4386 501.0
4387 318.0
4388 461.0
4389 175.0
4390 20.0
4391 500.0
4392 315.0
4393 32.0
4394 248.0
4395 203.0
4396 251.0
4397 246.0
4398 178.0
4399 500.0
4400 98.0
4401 347.0
4402 500.0
4403 178.0
4404 427.0
4405 204.0
4406 203.0
4407 182.0
4408 203.0
4409 500.0
4410 252.0
4411 315.0
4412 502.0
4413 251.0
4414 203.0
4415 244.0
4416 204.0
4417 203.0
4418 501.0
4419 203.0
4420 203.0
4421 360.0
4422 0.0
4423 190.0
4424 501.0
4425 461.0
4426 427.0
4427 500.0
4428 203.0
4429 498.0
4430 32.0
4431 16.0
4432 104.0
4433 500.0
4434 251.0
4435 0.0
4436 203.0
4437 502.0
4438 203.0
4439 248.0
4440 177.0
4441 180.0
4442 347.0
4443 203.0
4444 0.0
4445 204.0
4446 25.0
4447 190.0
4448 203.0
4449 178.0
4450 244.0
4451 203.0
4452 253.0
4453 427.0
4454 203.0
4455 196.0
4456 192.0
4457 98.0
4458 204.0
4459 319.0
4460 176.0
4461 20.0
4462 197.0
4463 169.0
4464 20.0
4465 203.0
4466 197.0
4467 25.0
4468 38.0
4469 224.0
4470 25.0
4471 203.0
4472 498.0
4473 103.0
4474 175.0
4475 224.0
4476 498.0
4477 498.0
4478 244.0
4479 203.0
4480 192.0
4481 32.0
4482 0.0
4483 203.0
4484 502.0
4485 248.0
4486 494.0
4487 175.0
4488 502.0
4489 203.0
4490 427.0
4491 158.0
4492 203.0
4493 190.0
4494 203.0
4495 179.0
4496 204.0
4497 249.0
4498 143.0
4499 32.0
4500 178.0
4501 502.0
4502 0.0
4503 253.0
4504 33.0
4505 174.0
4506 501.0
4507 87.0
4508 197.0
4509 248.0
4510 175.0
4511 192.0
4512 427.0
4513 179.0
4514 461.0
4515 251.0
4516 204.0
4517 498.0
4518 203.0
4519 197.0
4520 427.0
4521 315.0
4522 179.0
4523 498.0
4524 347.0
4525 183.0
4526 501.0
4527 501.0
4528 203.0
4529 253.0
4530 203.0
4531 427.0
4532 32.0
4533 300.0
4534 203.0
4535 347.0
4536 0.0
4537 175.0
4538 251.0
4539 502.0
4540 176.0
4541 494.0
4542 190.0
4543 25.0
4544 461.0
4545 204.0
4546 30.0
4547 203.0
4548 203.0
4549 175.0
4550 30.0
4551 221.0
4552 347.0
4553 204.0
4554 203.0
4555 0.0
4556 200.0
4557 224.0
4558 32.0
4559 190.0
4560 229.0
4561 175.0
4562 500.0
4563 173.0
4564 202.0
4565 461.0
4566 347.0
4567 203.0
4568 498.0
4569 203.0
4570 200.0
4571 253.0
4572 203.0
4573 203.0
4574 169.0
4575 185.0
4576 190.0
4577 500.0
4578 347.0
4579 427.0
4580 253.0
4581 203.0
4582 498.0
4583 32.0
4584 223.0
4585 203.0
4586 501.0
4587 251.0
4588 187.0
4589 461.0
4590 502.0
4591 176.0
4592 0.0
4593 347.0
4594 204.0
4595 244.0
4596 203.0
4597 185.0
4598 203.0
4599 181.0
4600 251.0
4601 203.0
4602 178.0
4603 502.0
4604 204.0
4605 347.0
4606 427.0
4607 203.0
4608 494.0
4609 234.0
4610 498.0
4611 427.0
4612 38.0
4613 251.0
4614 251.0
4615 0.0
4616 169.0
4617 289.0
4618 203.0
4619 347.0
4620 498.0
4621 203.0
4622 253.0
4623 203.0
4624 203.0
4625 498.0
4626 253.0
4627 175.0
4628 244.0
4629 461.0
4630 427.0
4631 500.0
4632 203.0
4633 192.0
4634 32.0
4635 0.0
4636 203.0
4637 501.0
4638 155.0
4639 494.0
4640 175.0
4641 502.0
4642 176.0
4643 475.0
4644 202.0
4645 203.0
4646 347.0
4647 203.0
4648 220.0
4649 203.0
4650 98.0
4651 203.0
4652 203.0
4653 178.0
4654 502.0
4655 25.0
4656 296.0
4657 498.0
4658 229.0
4659 427.0
4660 500.0
4661 330.0
4662 0.0
4663 103.0
4664 174.0
4665 494.0
4666 0.0
4667 0.0
4668 498.0
4669 203.0
4670 251.0
4671 98.0
4672 203.0
4673 494.0
4674 25.0
4675 203.0
4676 498.0
4677 203.0
4678 175.0
4679 500.0
4680 347.0
4681 169.0
4682 502.0
4683 203.0
4684 347.0
4685 32.0
4686 185.0
4687 203.0
4688 501.0
4689 229.0
4690 244.0
4691 182.0
4692 502.0
4693 195.0
4694 475.0
4695 176.0
4696 203.0
4697 253.0
4698 98.0
4699 226.0
4700 203.0
4701 203.0
4702 361.0
4703 0.0
4704 178.0
4705 502.0
4706 25.0
4707 347.0
4708 0.0
4709 178.0
4710 224.0
4711 186.0
4712 190.0
4713 203.0
4714 175.0
4715 501.0
4716 176.0
4717 251.0
4718 501.0
4719 498.0
4720 203.0
4721 498.0
4722 296.0
4723 197.0
4724 182.0
4725 0.0
4726 203.0
4727 0.0
4728 347.0
4729 190.0
4730 461.0
4731 461.0
4732 165.0
4733 177.0
4734 204.0
4735 500.0
4736 32.0
4737 229.0
4738 203.0
4739 502.0
4740 244.0
4741 199.0
4742 251.0
4743 502.0
4744 347.0
4745 498.0
4746 190.0
4747 203.0
4748 461.0
4749 203.0
4750 220.0
4751 203.0
4752 203.0
4753 251.0
4754 203.0
4755 178.0
4756 502.0
4757 0.0
4758 178.0
4759 253.0
4760 203.0
4761 203.0
4762 87.0
4763 141.0
4764 203.0
4765 461.0
4766 251.0
4767 251.0
4768 229.0
4769 461.0
4770 501.0
4771 427.0
4772 498.0
4773 181.0
4774 251.0
4775 203.0
4776 204.0
4777 32.0
4778 253.0
4779 203.0
4780 427.0
4781 498.0
4782 244.0
4783 176.0
4784 500.0
4785 203.0
4786 500.0
4787 32.0
4788 0.0
4789 203.0
4790 244.0
4791 248.0
4792 248.0
4793 169.0
4794 502.0
4795 251.0
4796 0.0
4797 176.0
4798 203.0
4799 501.0
4800 203.0
4801 98.0
4802 203.0
4803 25.0
4804 461.0
4805 203.0
4806 178.0
4807 502.0
4808 204.0
4809 203.0
4810 427.0
4811 203.0
4812 224.0
4813 234.0
4814 330.0
4815 0.0
4816 427.0
4817 203.0
4818 172.0
4819 30.0
4820 461.0
4821 500.0
4822 203.0
4823 172.0
4824 176.0
4825 38.0
4826 181.0
4827 204.0
4828 203.0
4829 461.0
4830 203.0
4831 175.0
4832 347.0
4833 251.0
4834 203.0
4835 461.0
4836 203.0
4837 172.0
4838 32.0
4839 224.0
4840 203.0
4841 502.0
4842 253.0
4843 494.0
4844 461.0
4845 502.0
4846 278.0
4847 0.0
4848 181.0
4849 1.0
4850 347.0
4851 203.0
4852 162.0
4853 203.0
4854 169.0
4855 251.0
4856 203.0
4857 178.0
4858 502.0
4859 25.0
4860 203.0
4861 501.0
4862 0.0
4863 494.0
4864 255.0
4865 190.0
4866 203.0
4867 203.0
4868 178.0
4869 98.0
4870 204.0
4871 0.0
4872 347.0
4873 203.0
4874 0.0
4875 0.0
4876 203.0
4877 181.0
4878 204.0
4879 203.0
4880 461.0
4881 251.0
4882 347.0
4883 461.0
4884 475.0
4885 169.0
4886 198.0
4887 203.0
4888 427.0
4889 32.0
4890 248.0
4891 203.0
4892 501.0
4893 0.0
4894 251.0
4895 175.0
4896 502.0
4897 140.0
4898 498.0
4899 249.0
4900 203.0
4901 498.0
4902 203.0
4903 162.0
4904 203.0
4905 203.0
4906 461.0
4907 203.0
4908 178.0
4909 502.0
4910 204.0
4911 0.0
4912 0.0
4913 200.0
4914 198.0
4915 20.0
4916 190.0
4917 203.0
4918 98.0
4919 498.0
4920 199.0
4921 248.0
4922 461.0
4923 185.0
4924 204.0
4925 498.0
4926 181.0
4927 176.0
4928 0.0
4929 203.0
4930 203.0
4931 0.0
4932 208.0
4933 190.0
4934 244.0
4935 461.0
4936 176.0
4937 176.0
4938 347.0
4939 427.0
4940 32.0
4941 0.0
4942 203.0
4943 244.0
4944 427.0
4945 203.0
4946 195.0
4947 502.0
4948 176.0
4949 461.0
4950 245.0
4951 203.0
4952 500.0
4953 203.0
4954 185.0
4955 203.0
4956 203.0
4957 204.0
4958 203.0
4959 178.0
4960 502.0
4961 204.0
4962 203.0
4963 427.0
4964 229.0
4965 187.0
4966 0.0
4967 197.0
4968 98.0
4969 176.0
4970 251.0
4971 199.0
4972 98.0
4973 461.0
4974 502.0
4975 203.0
4976 494.0
4977 98.0
4978 220.0
4979 0.0
4980 204.0
4981 32.0
4982 0.0
4983 0.0
4984 498.0
4985 347.0
4986 169.0
4987 176.0
4988 461.0
4989 203.0
4990 224.0
4991 32.0
4992 223.0
4993 203.0
4994 502.0
4995 253.0
4996 104.0
4997 176.0
4998 502.0
4999 203.0
5000 244.0
5001 217.0
5002 203.0
5003 347.0
5004 203.0
5005 32.0
5006 203.0
5007 25.0
5008 461.0
5009 203.0
5010 178.0
5011 502.0
5012 30.0
5013 204.0
5014 427.0
5015 253.0
5016 169.0
5017 204.0
5018 197.0
5019 0.0
5020 181.0
5021 253.0
5022 193.0
5023 253.0
5024 180.0
5025 501.0
5026 203.0
5027 244.0
5028 203.0
5029 203.0
5030 172.0
5031 204.0
5032 203.0
5033 498.0
5034 203.0
5035 192.0
5036 461.0
5037 244.0
5038 427.0
5039 461.0
5040 203.0
5041 224.0
5042 32.0
5043 160.0
5044 203.0
5045 498.0
5046 347.0
5047 183.0
5048 500.0
5049 502.0
5050 184.0
5051 0.0
5052 203.0
5053 203.0
5054 501.0
5055 203.0
5056 427.0
5057 203.0
5058 203.0
5059 251.0
5060 347.0
5061 178.0
5062 244.0
5063 198.0
5064 203.0
5065 175.0
5066 253.0
5067 164.0
5068 204.0
5069 190.0
5070 210.0
5071 98.0
5072 203.0
5073 197.0
5074 248.0
5075 224.0
5076 502.0
5077 501.0
5078 498.0
5079 190.0
5080 347.0
5081 253.0
5082 30.0
5083 203.0
5084 498.0
5085 203.0
5086 175.0
5087 461.0
5088 475.0
5089 214.0
5090 176.0
5091 494.0
5092 427.0
5093 32.0
5094 203.0
5095 203.0
5096 502.0
5097 427.0
5098 203.0
5099 501.0
5100 502.0
