1 251.0
2 114.0
3 25.0
4 162.0
5 33.0
6 251.0
7 251.0
8 251.0
9 0.0
10 109.0
11 33.0
12 319.0
13 204.0
14 204.0
15 0.0
16 204.0
17 251.0
18 32.0
19 203.0
20 32.0
21 0.0
22 203.0
23 231.0
24 5.0
25 203.0
26 209.0
27 203.0
28 203.0
29 203.0
30 32.0
31 203.0
32 203.0
33 203.0
34 98.0
35 4.0
36 32.0
37 251.0
38 231.0
39 103.0
40 14.0
41 33.0
42 25.0
43 147.0
44 203.0
45 203.0
46 203.0
47 203.0
48 203.0
49 203.0
50 252.0
51 319.0
52 375.0
53 252.0
54 33.0
55 33.0
56 204.0
57 204.0
58 251.0
59 251.0
60 0.0
61 104.0
62 204.0
63 32.0
64 203.0
65 204.0
66 0.0
67 251.0
68 352.0
69 32.0
70 203.0
71 32.0
72 0.0
73 203.0
74 203.0
75 0.0
76 32.0
77 203.0
78 30.0
79 203.0
80 0.0
81 252.0
82 204.0
83 203.0
84 204.0
85 204.0
86 203.0
87 33.0
88 203.0
89 252.0
90 204.0
91 203.0
92 231.0
93 204.0
94 203.0
95 217.0
96 165.0
97 204.0
98 203.0
99 203.0
100 203.0
101 0.0
102 375.0
103 367.0
104 317.0
105 204.0
106 0.0
107 204.0
108 180.0
109 251.0
110 382.0
111 0.0
112 204.0
113 204.0
114 32.0
115 203.0
116 204.0
117 204.0
118 251.0
119 32.0
120 203.0
121 0.0
122 32.0
123 0.0
124 203.0
125 203.0
126 71.0
127 203.0
128 324.0
129 33.0
130 203.0
131 441.0
132 203.0
133 204.0
134 203.0
135 30.0
136 204.0
137 203.0
138 204.0
139 251.0
140 436.0
141 204.0
142 251.0
143 38.0
144 204.0
145 203.0
146 251.0
147 103.0
148 204.0
149 30.0
150 203.0
151 251.0
152 203.0
153 441.0
154 319.0
155 331.0
156 204.0
157 203.0
158 30.0
159 33.0
160 120.0
161 32.0
162 441.0
163 204.0
164 251.0
165 32.0
166 109.0
167 231.0
168 203.0
169 204.0
170 355.0
171 203.0
172 203.0
173 33.0
174 0.0
175 0.0
176 224.0
177 203.0
178 204.0
179 343.0
180 203.0
181 6.0
182 32.0
183 203.0
184 204.0
185 38.0
186 33.0
187 307.0
188 251.0
189 442.0
190 204.0
191 25.0
192 204.0
193 203.0
194 32.0
195 204.0
196 204.0
197 203.0
198 44.0
199 204.0
200 203.0
201 251.0
202 33.0
203 203.0
204 442.0
205 171.0
206 251.0
207 204.0
208 431.0
209 204.0
210 204.0
211 235.0
212 10.0
213 204.0
214 364.0
215 240.0
216 32.0
217 251.0
218 204.0
219 203.0
220 95.0
221 318.0
222 203.0
223 0.0
224 171.0
225 0.0
226 203.0
227 204.0
228 33.0
229 213.0
230 204.0
231 203.0
232 203.0
233 204.0
234 98.0
235 356.0
236 204.0
237 204.0
238 122.0
239 0.0
240 447.0
241 203.0
242 38.0
243 361.0
244 203.0
245 203.0
246 447.0
247 204.0
248 204.0
249 38.0
250 32.0
251 203.0
252 307.0
253 203.0
254 252.0
255 447.0
256 204.0
257 251.0
258 306.0
259 312.0
260 204.0
261 203.0
262 403.0
263 0.0
264 0.0
265 251.0
266 32.0
267 32.0
268 171.0
269 203.0
270 203.0
271 251.0
272 203.0
273 203.0
274 0.0
275 135.0
276 204.0
277 32.0
278 203.0
279 203.0
280 203.0
281 322.0
282 330.0
283 32.0
284 298.0
285 204.0
286 218.0
287 203.0
288 134.0
289 417.0
290 203.0
291 224.0
292 203.0
293 251.0
294 50.0
295 381.0
296 227.0
297 203.0
298 227.0
299 331.0
300 203.0
301 204.0
302 203.0
303 38.0
304 204.0
305 325.0
306 447.0
307 252.0
308 251.0
309 101.0
310 433.0
311 203.0
312 2.0
313 378.0
314 296.0
315 32.0
316 372.0
317 203.0
318 203.0
319 204.0
320 204.0
321 203.0
322 251.0
323 32.0
324 203.0
325 32.0
326 32.0
327 204.0
328 203.0
329 0.0
330 231.0
331 356.0
332 87.0
333 222.0
334 203.0
335 33.0
336 204.0
337 323.0
338 203.0
339 38.0
340 446.0
341 169.0
342 440.0
343 473.0
344 326.0
345 32.0
346 353.0
347 174.0
348 218.0
349 217.0
350 144.0
351 12.0
352 204.0
353 204.0
354 307.0
355 0.0
356 203.0
357 473.0
358 251.0
359 4.0
360 4.0
361 421.0
362 84.0
363 0.0
364 203.0
365 13.0
366 331.0
367 203.0
368 203.0
369 30.0
370 204.0
371 81.0
372 203.0
373 251.0
374 204.0
375 38.0
376 32.0
377 72.0
378 473.0
379 0.0
380 203.0
381 0.0
382 38.0
383 251.0
384 343.0
385 0.0
386 251.0
387 203.0
388 0.0
389 32.0
390 32.0
391 401.0
392 30.0
393 456.0
394 251.0
395 203.0
396 251.0
397 292.0
398 104.0
399 6.0
400 318.0
401 220.0
402 251.0
403 204.0
404 344.0
405 352.0
406 0.0
407 349.0
408 292.0
409 204.0
410 0.0
411 211.0
412 479.0
413 426.0
414 252.0
415 365.0
416 197.0
417 310.0
418 203.0
419 251.0
420 38.0
421 98.0
422 203.0
423 1.0
424 252.0
425 331.0
426 109.0
427 203.0
428 251.0
429 0.0
430 0.0
431 203.0
432 215.0
433 306.0
434 203.0
435 203.0
436 0.0
437 193.0
438 326.0
439 218.0
440 203.0
441 30.0
442 310.0
443 0.0
444 251.0
445 306.0
446 392.0
447 152.0
448 251.0
449 236.0
450 314.0
451 203.0
452 252.0
453 251.0
454 204.0
455 479.0
456 364.0
457 215.0
458 251.0
459 479.0
460 298.0
461 33.0
462 230.0
463 299.0
464 280.0
465 203.0
466 204.0
467 252.0
468 204.0
469 203.0
470 465.0
471 251.0
472 33.0
473 99.0
474 1.0
475 204.0
476 203.0
477 440.0
478 204.0
479 203.0
480 251.0
481 203.0
482 203.0
483 251.0
484 203.0
485 252.0
486 203.0
487 203.0
488 33.0
489 203.0
490 203.0
491 203.0
492 203.0
493 308.0
494 38.0
495 251.0
496 203.0
497 33.0
498 310.0
499 353.0
500 98.0
501 203.0
502 203.0
503 224.0
504 251.0
505 203.0
506 215.0
507 363.0
508 204.0
509 251.0
510 479.0
511 33.0
512 33.0
513 506.0
514 450.0
515 99.0
516 99.0
517 203.0
518 38.0
519 292.0
520 251.0
521 204.0
522 44.0
523 204.0
524 203.0
525 204.0
526 251.0
527 346.0
528 292.0
529 204.0
530 215.0
531 203.0
532 204.0
533 33.0
534 306.0
535 203.0
536 344.0
537 354.0
538 113.0
539 161.0
540 203.0
541 321.0
542 1.0
543 203.0
544 436.0
545 30.0
546 204.0
547 251.0
548 251.0
549 456.0
550 418.0
551 109.0
552 0.0
553 200.0
554 204.0
555 38.0
556 464.0
557 300.0
558 305.0
559 203.0
560 203.0
561 506.0
562 203.0
563 0.0
564 203.0
565 204.0
566 33.0
567 32.0
568 251.0
569 275.0
570 38.0
571 34.0
572 481.0
573 0.0
574 0.0
575 123.0
576 49.0
577 0.0
578 251.0
579 302.0
580 0.0
581 251.0
582 356.0
583 0.0
584 203.0
585 0.0
586 32.0
587 251.0
588 203.0
589 0.0
590 203.0
591 203.0
592 204.0
593 204.0
594 0.0
595 14.0
596 203.0
597 203.0
598 204.0
599 0.0
600 203.0
601 203.0
602 0.0
603 204.0
604 0.0
605 237.0
606 186.0
607 203.0
608 251.0
609 203.0
610 204.0
611 204.0
612 506.0
613 203.0
614 0.0
615 203.0
616 251.0
617 27.0
618 204.0
619 335.0
620 203.0
621 251.0
622 203.0
623 0.0
624 317.0
625 30.0
626 0.0
627 204.0
628 251.0
629 203.0
630 13.0
631 251.0
632 30.0
633 203.0
634 203.0
635 204.0
636 306.0
637 204.0
638 203.0
639 227.0
640 32.0
641 32.0
642 203.0
643 484.0
644 203.0
645 334.0
646 281.0
647 32.0
648 251.0
649 204.0
650 203.0
651 203.0
652 203.0
653 236.0
654 204.0
655 86.0
656 203.0
657 251.0
658 203.0
659 251.0
660 160.0
661 203.0
662 203.0
663 506.0
664 33.0
665 33.0
666 137.0
667 317.0
668 203.0
669 203.0
670 204.0
671 0.0
672 203.0
673 204.0
674 203.0
675 0.0
676 32.0
677 224.0
678 204.0
679 241.0
680 204.0
681 433.0
682 203.0
683 251.0
684 204.0
685 203.0
686 203.0
687 251.0
688 204.0
689 68.0
690 203.0
691 97.0
692 204.0
693 204.0
694 203.0
695 203.0
696 251.0
697 137.0
698 353.0
699 203.0
700 251.0
701 251.0
702 251.0
703 123.0
704 0.0
705 0.0
706 105.0
707 204.0
708 307.0
709 203.0
710 204.0
711 204.0
712 38.0
713 204.0
714 506.0
715 203.0
716 203.0
717 302.0
718 314.0
719 2.0
720 203.0
721 453.0
722 0.0
723 32.0
724 309.0
725 204.0
726 203.0
727 204.0
728 252.0
729 203.0
730 4.0
731 203.0
732 242.0
733 203.0
734 170.0
735 204.0
736 104.0
737 43.0
738 204.0
739 204.0
740 43.0
741 204.0
742 30.0
743 223.0
744 172.0
745 203.0
746 38.0
747 32.0
748 203.0
749 164.0
750 204.0
751 469.0
752 251.0
753 0.0
754 123.0
755 32.0
756 32.0
757 0.0
758 528.0
759 0.0
760 204.0
761 214.0
762 149.0
763 0.0
764 203.0
765 528.0
766 251.0
767 0.0
768 1.0
769 251.0
770 0.0
771 203.0
772 326.0
773 450.0
774 451.0
775 203.0
776 203.0
777 240.0
778 203.0
779 0.0
780 0.0
781 0.0
782 533.0
783 0.0
784 203.0
785 251.0
786 204.0
787 0.0
788 203.0
789 1.0
790 203.0
791 204.0
792 204.0
793 0.0
794 32.0
795 203.0
796 309.0
797 38.0
798 428.0
799 0.0
800 109.0
801 442.0
802 252.0
803 203.0
804 212.0
805 415.0
806 0.0
807 204.0
808 0.0
809 32.0
810 251.0
811 203.0
812 203.0
813 203.0
814 251.0
815 38.0
816 533.0
817 0.0
818 33.0
819 1.0
820 470.0
821 355.0
822 203.0
823 203.0
824 322.0
825 251.0
826 203.0
827 0.0
828 251.0
829 204.0
830 322.0
831 498.0
832 132.0
833 305.0
834 242.0
835 0.0
836 251.0
837 109.0
838 0.0
839 204.0
840 203.0
841 504.0
842 203.0
843 231.0
844 30.0
845 33.0
846 203.0
847 203.0
848 203.0
849 252.0
850 226.0
851 98.0
852 482.0
853 251.0
854 330.0
855 420.0
856 0.0
857 215.0
858 204.0
859 0.0
860 204.0
861 298.0
862 233.0
863 204.0
864 378.0
865 203.0
866 0.0
867 533.0
868 203.0
869 33.0
870 137.0
871 334.0
872 144.0
873 203.0
874 496.0
875 436.0
876 251.0
877 204.0
878 204.0
879 203.0
880 251.0
881 251.0
882 204.0
883 56.0
884 203.0
885 347.0
886 203.0
887 217.0
888 203.0
889 203.0
890 33.0
891 203.0
892 203.0
893 0.0
894 306.0
895 220.0
896 204.0
897 204.0
898 251.0
899 203.0
900 97.0
901 226.0
902 28.0
903 251.0
904 251.0
905 251.0
906 180.0
907 103.0
908 32.0
909 204.0
910 316.0
911 369.0
912 1.0
913 233.0
914 291.0
915 441.0
916 0.0
917 319.0
918 533.0
919 203.0
920 203.0
921 251.0
922 274.0
923 38.0
924 203.0
925 298.0
926 203.0
927 469.0
928 203.0
929 204.0
930 251.0
931 203.0
932 251.0
933 197.0
934 0.0
935 0.0
936 414.0
937 204.0
938 331.0
939 204.0
940 490.0
941 203.0
942 204.0
943 251.0
944 0.0
945 203.0
946 168.0
947 33.0
948 203.0
949 453.0
950 203.0
951 252.0
952 0.0
953 203.0
954 251.0
955 203.0
956 203.0
957 331.0
958 391.0
959 114.0
960 38.0
961 287.0
962 32.0
963 203.0
964 38.0
965 203.0
966 204.0
967 231.0
968 203.0
969 533.0
970 0.0
971 0.0
972 1.0
973 464.0
974 30.0
975 203.0
976 114.0
977 252.0
978 469.0
979 203.0
980 339.0
981 314.0
982 115.0
983 446.0
984 49.0
985 132.0
986 33.0
987 32.0
988 0.0
989 9.0
990 1.0
991 0.0
992 203.0
993 1.0
994 203.0
995 203.0
996 203.0
997 0.0
998 251.0
999 304.0
1000 203.0
1001 203.0
1002 336.0
1003 0.0
1004 109.0
1005 203.0
1006 0.0
1007 203.0
1008 417.0
1009 0.0
1010 164.0
1011 364.0
1012 203.0
1013 463.0
1014 251.0
1015 492.0
1016 0.0
1017 333.0
1018 203.0
1019 0.0
1020 533.0
1021 203.0
1022 251.0
1023 347.0
1024 476.0
1025 5.0
1026 204.0
1027 251.0
1028 107.0
1029 251.0
1030 204.0
1031 203.0
1032 251.0
1033 204.0
1034 469.0
1035 204.0
1036 251.0
1037 33.0
1038 346.0
1039 0.0
1040 440.0
1041 203.0
1042 203.0
1043 204.0
1044 203.0
1045 413.0
1046 203.0
1047 203.0
1048 110.0
1049 251.0
1050 175.0
1051 251.0
1052 436.0
1053 79.0
1054 234.0
1055 341.0
1056 41.0
1057 251.0
1058 251.0
1059 439.0
1060 352.0
1061 204.0
1062 204.0
1063 0.0
1064 204.0
1065 358.0
1066 203.0
1067 0.0
1068 336.0
1069 203.0
1070 0.0
1071 533.0
1072 32.0
1073 33.0
1074 109.0
1075 314.0
1076 251.0
1077 203.0
1078 292.0
1079 251.0
1080 477.0
1081 204.0
1082 203.0
1083 252.0
1084 204.0
1085 0.0
1086 204.0
1087 0.0
1088 334.0
1089 234.0
1090 204.0
1091 471.0
1092 204.0
1093 204.0
1094 251.0
1095 203.0
1096 203.0
1097 251.0
1098 315.0
1099 110.0
1100 203.0
1101 109.0
1102 204.0
1103 203.0
1104 14.0
1105 137.0
1106 203.0
1107 203.0
1108 251.0
1109 251.0
1110 203.0
1111 226.0
1112 109.0
1113 204.0
1114 203.0
1115 0.0
1116 0.0
1117 203.0
1118 0.0
1119 251.0
1120 6.0
1121 325.0
1122 533.0
1123 0.0
1124 0.0
1125 1.0
1126 452.0
1127 30.0
1128 203.0
1129 109.0
1130 1.0
1131 409.0
1132 0.0
1133 204.0
1134 39.0
1135 32.0
1136 251.0
1137 0.0
1138 1.0
1139 0.0
1140 372.0
1141 204.0
1142 251.0
1143 0.0
1144 0.0
1145 472.0
1146 203.0
1147 203.0
1148 0.0
1149 203.0
1150 30.0
1151 109.0
1152 204.0
1153 203.0
1154 499.0
1155 175.0
1156 203.0
1157 109.0
1158 312.0
1159 203.0
1160 203.0
1161 333.0
1162 0.0
1163 98.0
1164 32.0
1165 126.0
1166 251.0
1167 251.0
1168 180.0
1169 203.0
1170 299.0
1171 309.0
1172 203.0
1173 533.0
1174 203.0
1175 251.0
1176 469.0
1177 0.0
1178 203.0
1179 32.0
1180 251.0
1181 10.0
1182 451.0
1183 114.0
1184 203.0
1185 251.0
1186 32.0
1187 251.0
1188 49.0
1189 252.0
1190 33.0
1191 32.0
1192 204.0
1193 251.0
1194 203.0
1195 0.0
1196 252.0
1197 203.0
1198 335.0
1199 203.0
1200 204.0
1201 0.0
1202 225.0
1203 204.0
1204 472.0
1205 465.0
1206 252.0
1207 0.0
1208 341.0
1209 57.0
1210 0.0
1211 204.0
1212 225.0
1213 0.0
1214 441.0
1215 251.0
1216 0.0
1217 204.0
1218 251.0
1219 180.0
1220 0.0
1221 414.0
1222 251.0
1223 251.0
1224 533.0
1225 33.0
1226 329.0
1227 204.0
1228 422.0
1229 224.0
1230 0.0
1231 316.0
1232 340.0
1233 251.0
1234 124.0
1235 204.0
1236 0.0
1237 32.0
1238 251.0
1239 204.0
1240 0.0
1241 135.0
1242 302.0
1243 32.0
1244 204.0
1245 203.0
1246 203.0
1247 251.0
1248 203.0
1249 440.0
1250 0.0
1251 203.0
1252 168.0
1253 251.0
1254 230.0
1255 204.0
1256 450.0
1257 0.0
1258 400.0
1259 0.0
1260 1.0
1261 251.0
1262 251.0
1263 0.0
1264 218.0
1265 204.0
1266 204.0
1267 226.0
1268 32.0
1269 0.0
1270 109.0
1271 316.0
1272 407.0
1273 231.0
1274 0.0
1275 533.0
1276 33.0
1277 32.0
1278 251.0
1279 111.0
1280 203.0
1281 203.0
1282 203.0
1283 251.0
1284 251.0
1285 433.0
1286 203.0
1287 341.0
1288 204.0
1289 0.0
1290 204.0
1291 0.0
1292 0.0
1293 440.0
1294 204.0
1295 3.0
1296 114.0
1297 203.0
1298 252.0
1299 204.0
1300 203.0
1301 0.0
1302 203.0
1303 100.0
1304 203.0
1305 0.0
1306 490.0
1307 251.0
1308 251.0
1309 203.0
1310 337.0
1311 203.0
1312 251.0
1313 461.0
1314 114.0
1315 203.0
1316 204.0
1317 0.0
1318 217.0
1319 109.0
1320 0.0
1321 203.0
1322 203.0
1323 340.0
1324 134.0
1325 331.0
1326 533.0
1327 203.0
1328 203.0
1329 251.0
1330 0.0
1331 203.0
1332 32.0
1333 251.0
1334 252.0
1335 364.0
1336 0.0
1337 193.0
1338 203.0
1339 32.0
1340 0.0
1341 204.0
1342 203.0
1343 33.0
1344 32.0
1345 204.0
1346 3.0
1347 204.0
1348 251.0
1349 251.0
1350 203.0
1351 334.0
1352 0.0
1353 231.0
1354 169.0
1355 251.0
1356 204.0
1357 203.0
1358 251.0
1359 144.0
1360 251.0
1361 301.0
1362 334.0
1363 30.0
1364 32.0
1365 354.0
1366 251.0
1367 301.0
1368 394.0
1369 99.0
1370 204.0
1371 251.0
1372 38.0
1373 29.0
1374 251.0
1375 491.0
1376 252.0
1377 533.0
1378 203.0
1379 33.0
1380 204.0
1381 251.0
1382 156.0
1383 0.0
1384 467.0
1385 169.0
1386 468.0
1387 203.0
1388 297.0
1389 251.0
1390 204.0
1391 336.0
1392 49.0
1393 204.0
1394 33.0
1395 203.0
1396 204.0
1397 328.0
1398 114.0
1399 0.0
1400 251.0
1401 203.0
1402 203.0
1403 203.0
1404 203.0
1405 73.0
1406 434.0
1407 0.0
1408 203.0
1409 316.0
1410 25.0
1411 450.0
1412 469.0
1413 251.0
1414 0.0
1415 478.0
1416 203.0
1417 0.0
1418 251.0
1419 295.0
1420 367.0
1421 204.0
1422 251.0
1423 203.0
1424 29.0
1425 425.0
1426 203.0
1427 251.0
1428 533.0
1429 33.0
1430 32.0
1431 315.0
1432 203.0
1433 271.0
1434 203.0
1435 506.0
1436 203.0
1437 477.0
1438 251.0
1439 204.0
1440 0.0
1441 204.0
1442 251.0
1443 6.0
1444 0.0
1445 0.0
1446 459.0
1447 0.0
1448 203.0
1449 464.0
1450 203.0
1451 472.0
1452 0.0
1453 462.0
1454 203.0
1455 203.0
1456 217.0
1457 464.0
1458 204.0
1459 298.0
1460 355.0
1461 251.0
1462 440.0
1463 326.0
1464 251.0
1465 251.0
1466 251.0
1467 251.0
1468 203.0
1469 251.0
1470 203.0
1471 7.0
1472 32.0
1473 9.0
1474 203.0
1475 0.0
1476 333.0
1477 337.0
1478 0.0
1479 533.0
1480 251.0
1481 251.0
1482 203.0
1483 171.0
1484 32.0
1485 203.0
1486 251.0
1487 338.0
1488 222.0
1489 0.0
1490 114.0
1491 203.0
1492 204.0
1493 0.0
1494 204.0
1495 304.0
1496 0.0
1497 32.0
1498 203.0
1499 3.0
1500 204.0
1501 137.0
1502 513.0
1503 332.0
1504 359.0
1505 0.0
1506 203.0
1507 180.0
1508 251.0
1509 235.0
1510 203.0
1511 251.0
1512 251.0
1513 0.0
1514 358.0
1515 356.0
1516 251.0
1517 251.0
1518 312.0
1519 203.0
1520 209.0
1521 464.0
1522 242.0
1523 109.0
1524 0.0
1525 174.0
1526 0.0
1527 203.0
1528 305.0
1529 203.0
1530 533.0
1531 203.0
1532 203.0
1533 203.0
1534 0.0
1535 0.0
1536 203.0
1537 251.0
1538 340.0
1539 533.0
1540 0.0
1541 251.0
1542 251.0
1543 32.0
1544 226.0
1545 203.0
1546 453.0
1547 333.0
1548 251.0
1549 0.0
1550 3.0
1551 203.0
1552 203.0
1553 251.0
1554 203.0
1555 203.0
1556 251.0
1557 312.0
1558 194.0
1559 251.0
1560 252.0
1561 203.0
1562 251.0
1563 387.0
1564 251.0
1565 355.0
1566 448.0
1567 0.0
1568 204.0
1569 251.0
1570 460.0
1571 204.0
1572 345.0
1573 115.0
1574 204.0
1575 251.0
1576 252.0
1577 0.0
1578 425.0
1579 203.0
1580 203.0
1581 533.0
1582 0.0
1583 32.0
1584 204.0
1585 1.0
1586 271.0
1587 0.0
1588 506.0
1589 533.0
1590 497.0
1591 251.0
1592 204.0
1593 203.0
1594 229.0
1595 140.0
1596 204.0
1597 472.0
1598 135.0
1599 203.0
1600 0.0
1601 0.0
1602 472.0
1603 251.0
1604 251.0
1605 203.0
1606 203.0
1607 203.0
1608 422.0
1609 251.0
1610 431.0
1611 252.0
1612 204.0
1613 493.0
1614 0.0
1615 301.0
1616 460.0
1617 283.0
1618 251.0
1619 345.0
1620 203.0
1621 30.0
1622 98.0
1623 296.0
1624 251.0
1625 300.0
1626 251.0
1627 222.0
1628 1.0
1629 313.0
1630 251.0
1631 0.0
1632 533.0
1633 203.0
1634 30.0
1635 251.0
1636 203.0
1637 0.0
1638 203.0
1639 468.0
1640 120.0
1641 358.0
1642 203.0
1643 469.0
1644 251.0
1645 204.0
1646 251.0
1647 6.0
1648 251.0
1649 0.0
1650 344.0
1651 203.0
1652 469.0
1653 335.0
1654 0.0
1655 422.0
1656 203.0
1657 475.0
1658 32.0
1659 251.0
1660 169.0
1661 251.0
1662 252.0
1663 203.0
1664 251.0
1665 437.0
1666 0.0
1667 463.0
1668 251.0
1669 251.0
1670 251.0
1671 389.0
1672 0.0
1673 122.0
1674 455.0
1675 0.0
1676 203.0
1677 0.0
1678 203.0
1679 0.0
1680 464.0
1681 204.0
1682 0.0
1683 533.0
1684 203.0
1685 174.0
1686 209.0
1687 0.0
1688 32.0
1689 203.0
1690 251.0
1691 251.0
1692 358.0
1693 204.0
1694 251.0
1695 251.0
1696 204.0
1697 0.0
1698 49.0
1699 1.0
1700 0.0
1701 357.0
1702 204.0
1703 3.0
1704 251.0
1705 203.0
1706 422.0
1707 456.0
1708 203.0
1709 0.0
1710 318.0
1711 140.0
1712 109.0
1713 326.0
1714 251.0
1715 251.0
1716 325.0
1717 469.0
1718 251.0
1719 424.0
1720 0.0
1721 251.0
1722 183.0
1723 203.0
1724 252.0
1725 442.0
1726 99.0
1727 109.0
1728 203.0
1729 0.0
1730 204.0
1731 251.0
1732 315.0
1733 252.0
1734 533.0
1735 33.0
1736 30.0
1737 0.0
1738 0.0
1739 105.0
1740 0.0
1741 114.0
1742 412.0
1743 283.0
1744 30.0
1745 204.0
1746 251.0
1747 104.0
1748 226.0
1749 204.0
1750 251.0
1751 33.0
1752 391.0
1753 0.0
1754 353.0
1755 204.0
1756 306.0
1757 251.0
1758 203.0
1759 353.0
1760 32.0
1761 422.0
1762 194.0
1763 251.0
1764 235.0
1765 481.0
1766 477.0
1767 109.0
1768 330.0
1769 333.0
1770 251.0
1771 3.0
1772 430.0
1773 34.0
1774 434.0
1775 251.0
1776 251.0
1777 1.0
1778 204.0
1779 215.0
1780 251.0
1781 203.0
1782 251.0
1783 203.0
1784 439.0
1785 533.0
1786 0.0
1787 30.0
1788 177.0
1789 203.0
1790 0.0
1791 203.0
1792 473.0
1793 152.0
1794 533.0
1795 0.0
1796 204.0
1797 218.0
1798 400.0
1799 125.0
1800 203.0
1801 372.0
1802 126.0
1803 251.0
1804 0.0
1805 203.0
1806 204.0
1807 1.0
1808 491.0
1809 251.0
1810 251.0
1811 251.0
1812 477.0
1813 230.0
1814 464.0
1815 203.0
1816 204.0
1817 477.0
1818 0.0
1819 336.0
1820 463.0
1821 203.0
1822 114.0
1823 421.0
1824 0.0
1825 30.0
1826 303.0
1827 342.0
1828 329.0
1829 109.0
1830 358.0
1831 242.0
1832 203.0
1833 251.0
1834 203.0
1835 0.0
1836 533.0
1837 204.0
1838 174.0
1839 203.0
1840 111.0
1841 0.0
1842 203.0
1843 496.0
1844 0.0
1845 358.0
1846 226.0
1847 533.0
1848 251.0
1849 38.0
1850 209.0
1851 38.0
1852 83.0
1853 0.0
1854 347.0
1855 203.0
1856 251.0
1857 203.0
1858 203.0
1859 461.0
1860 1.0
1861 413.0
1862 103.0
1863 251.0
1864 180.0
1865 109.0
1866 203.0
1867 251.0
1868 251.0
1869 280.0
1870 1.0
1871 251.0
1872 114.0
1873 251.0
1874 251.0
1875 34.0
1876 203.0
1877 347.0
1878 204.0
1879 444.0
1880 251.0
1881 4.0
1882 0.0
1883 204.0
1884 251.0
1885 0.0
1886 203.0
1887 533.0
1888 251.0
1889 33.0
1890 203.0
1891 0.0
1892 394.0
1893 32.0
1894 114.0
1895 113.0
1896 533.0
1897 203.0
1898 251.0
1899 351.0
1900 0.0
1901 209.0
1902 480.0
1903 363.0
1904 1.0
1905 251.0
1906 203.0
1907 44.0
1908 136.0
1909 305.0
1910 203.0
1911 203.0
1912 358.0
1913 251.0
1914 474.0
1915 180.0
1916 440.0
1917 317.0
1918 251.0
1919 251.0
1920 0.0
1921 0.0
1922 326.0
1923 204.0
1924 204.0
1925 251.0
1926 147.0
1927 32.0
1928 251.0
1929 64.0
1930 114.0
1931 204.0
1932 251.0
1933 114.0
1934 251.0
1935 203.0
1936 341.0
1937 325.0
1938 533.0
1939 252.0
1940 30.0
1941 204.0
1942 203.0
1943 271.0
1944 335.0
1945 553.0
1946 329.0
1947 251.0
1948 0.0
1949 518.0
1950 334.0
1951 204.0
1952 108.0
1953 203.0
1954 372.0
1955 1.0
1956 0.0
1957 0.0
1958 204.0
1959 252.0
1960 40.0
1961 203.0
1962 203.0
1963 433.0
1964 251.0
1965 363.0
1966 252.0
1967 451.0
1968 252.0
1969 204.0
1970 355.0
1971 109.0
1972 336.0
1973 280.0
1974 251.0
1975 238.0
1976 448.0
1977 0.0
1978 203.0
1979 363.0
1980 469.0
1981 251.0
1982 251.0
1983 251.0
1984 225.0
1985 204.0
1986 435.0
1987 203.0
1988 203.0
1989 553.0
1990 204.0
1991 203.0
1992 251.0
1993 204.0
1994 0.0
1995 204.0
1996 204.0
1997 203.0
1998 465.0
1999 30.0
2000 347.0
2001 506.0
2002 203.0
2003 111.0
2004 0.0
2005 440.0
2006 0.0
2007 203.0
2008 204.0
2009 204.0
2010 505.0
2011 203.0
2012 235.0
2013 303.0
2014 203.0
2015 292.0
2016 252.0
2017 230.0
2018 421.0
2019 203.0
2020 204.0
2021 299.0
2022 99.0
2023 298.0
2024 251.0
2025 251.0
2026 251.0
2027 474.0
2028 209.0
2029 203.0
2030 204.0
2031 204.0
2032 514.0
2033 109.0
2034 251.0
2035 204.0
2036 468.0
2037 251.0
2038 472.0
2039 0.0
2040 553.0
2041 251.0
2042 33.0
2043 251.0
2044 0.0
2045 439.0
2046 203.0
2047 339.0
2048 6.0
2049 555.0
2050 0.0
2051 484.0
2052 203.0
2053 30.0
2054 154.0
2055 197.0
2056 0.0
2057 1.0
2058 0.0
2059 448.0
2060 203.0
2061 203.0
2062 0.0
2063 468.0
2064 203.0
2065 493.0
2066 297.0
2067 251.0
2068 220.0
2069 329.0
2070 313.0
2071 251.0
2072 506.0
2073 251.0
2074 0.0
2075 506.0
2076 251.0
2077 251.0
2078 358.0
2079 169.0
2080 0.0
2081 334.0
2082 204.0
2083 204.0
2084 204.0
2085 251.0
2086 0.0
2087 203.0
2088 333.0
2089 30.0
2090 203.0
2091 555.0
2092 204.0
2093 33.0
2094 251.0
2095 321.0
2096 318.0
2097 203.0
2098 474.0
2099 0.0
2100 480.0
2101 204.0
2102 362.0
2103 412.0
2104 204.0
2105 108.0
2106 203.0
2107 449.0
2108 0.0
2109 203.0
2110 204.0
2111 251.0
2112 305.0
2113 0.0
2114 471.0
2115 204.0
2116 342.0
2117 344.0
2118 433.0
2119 135.0
2120 204.0
2121 204.0
2122 251.0
2123 465.0
2124 203.0
2125 251.0
2126 336.0
2127 204.0
2128 204.0
2129 251.0
2130 213.0
2131 32.0
2132 303.0
2133 158.0
2134 297.0
2135 204.0
2136 369.0
2137 30.0
2138 251.0
2139 251.0
2140 203.0
2141 203.0
2142 555.0
2143 204.0
2144 251.0
2145 351.0
2146 103.0
2147 251.0
2148 204.0
2149 204.0
2150 1.0
2151 480.0
2152 147.0
2153 171.0
2154 203.0
2155 203.0
2156 30.0
2157 204.0
2158 469.0
2159 1.0
2160 357.0
2161 203.0
2162 204.0
2163 302.0
2164 303.0
2165 231.0
2166 203.0
2167 405.0
2168 299.0
2169 465.0
2170 123.0
2171 204.0
2172 204.0
2173 204.0
2174 468.0
2175 399.0
2176 438.0
2177 344.0
2178 204.0
2179 299.0
2180 251.0
2181 0.0
2182 203.0
2183 413.0
2184 169.0
2185 549.0
2186 435.0
2187 204.0
2188 251.0
2189 203.0
2190 297.0
2191 203.0
2192 203.0
2193 555.0
2194 445.0
2195 251.0
2196 251.0
2197 0.0
2198 0.0
2199 251.0
2200 299.0
2201 203.0
2202 470.0
2203 30.0
2204 465.0
2205 484.0
2206 203.0
2207 98.0
2208 6.0
2209 0.0
2210 126.0
2211 203.0
2212 251.0
2213 203.0
2214 203.0
2215 0.0
2216 251.0
2217 203.0
2218 433.0
2219 305.0
2220 204.0
2221 137.0
2222 337.0
2223 251.0
2224 474.0
2225 500.0
2226 459.0
2227 251.0
2228 251.0
2229 251.0
2230 251.0
2231 203.0
2232 33.0
2233 203.0
2234 358.0
2235 204.0
2236 510.0
2237 251.0
2238 475.0
2239 0.0
2240 204.0
2241 455.0
2242 0.0
2243 488.0
2244 555.0
2245 360.0
2246 30.0
2247 204.0
2248 203.0
2249 224.0
2250 0.0
2251 441.0
2252 33.0
2253 465.0
2254 32.0
2255 506.0
2256 361.0
2257 120.0
2258 108.0
2259 204.0
2260 251.0
2261 1.0
2262 32.0
2263 204.0
2264 303.0
2265 203.0
2266 0.0
2267 251.0
2268 203.0
2269 377.0
2270 490.0
2271 38.0
2272 137.0
2273 203.0
2274 203.0
2275 251.0
2276 506.0
2277 435.0
2278 204.0
2279 204.0
2280 0.0
2281 203.0
2282 251.0
2283 14.0
2284 203.0
2285 251.0
2286 204.0
2287 465.0
2288 204.0
2289 251.0
2290 32.0
2291 203.0
2292 305.0
2293 341.0
2294 203.0
2295 555.0
2296 204.0
2297 33.0
2298 474.0
2299 111.0
2300 300.0
2301 217.0
2302 465.0
2303 1.0
2304 470.0
2305 0.0
2306 459.0
2307 341.0
2308 203.0
2309 106.0
2310 203.0
2311 286.0
2312 131.0
2313 203.0
2314 203.0
2315 315.0
2316 358.0
2317 0.0
2318 299.0
2319 203.0
2320 251.0
2321 204.0
2322 296.0
2323 137.0
2324 204.0
2325 203.0
2326 358.0
2327 470.0
2328 464.0
2329 349.0
2330 451.0
2331 0.0
2332 251.0
2333 251.0
2334 480.0
2335 32.0
2336 484.0
2337 38.0
2338 555.0
2339 539.0
2340 204.0
2341 0.0
2342 203.0
2343 480.0
2344 203.0
2345 203.0
2346 555.0
2347 204.0
2348 251.0
2349 251.0
2350 0.0
2351 0.0
2352 453.0
2353 480.0
2354 1.0
2355 298.0
2356 32.0
2357 38.0
2358 109.0
2359 314.0
2360 433.0
2361 323.0
2362 465.0
2363 33.0
2364 0.0
2365 251.0
2366 204.0
2367 295.0
2368 0.0
2369 251.0
2370 0.0
2371 469.0
2372 300.0
2373 204.0
2374 204.0
2375 310.0
2376 204.0
2377 203.0
2378 346.0
2379 295.0
2380 464.0
2381 485.0
2382 0.0
2383 251.0
2384 204.0
2385 0.0
2386 32.0
2387 348.0
2388 251.0
2389 295.0
2390 204.0
2391 0.0
2392 0.0
2393 204.0
2394 485.0
2395 203.0
2396 203.0
2397 555.0
2398 282.0
2399 356.0
2400 251.0
2401 32.0
2402 313.0
2403 0.0
2404 296.0
2405 203.0
2406 480.0
2407 32.0
2408 204.0
2409 165.0
2410 120.0
2411 111.0
2412 251.0
2413 109.0
2414 0.0
2415 203.0
2416 203.0
2417 32.0
2418 496.0
2419 0.0
2420 341.0
2421 0.0
2422 203.0
2423 298.0
2424 204.0
2425 35.0
2426 109.0
2427 317.0
2428 510.0
2429 506.0
2430 204.0
2431 109.0
2432 204.0
2433 251.0
2434 453.0
2435 486.0
2436 25.0
2437 203.0
2438 251.0
2439 204.0
2440 465.0
2441 398.0
2442 489.0
2443 310.0
2444 251.0
2445 465.0
2446 0.0
2447 203.0
2448 555.0
2449 468.0
2450 30.0
2451 251.0
2452 32.0
2453 333.0
2454 324.0
2455 468.0
2456 33.0
2457 470.0
2458 204.0
2459 480.0
2460 203.0
2461 293.0
2462 251.0
2463 204.0
2464 0.0
2465 251.0
2466 32.0
2467 439.0
2468 32.0
2469 448.0
2470 0.0
2471 251.0
2472 203.0
2473 251.0
2474 468.0
2475 251.0
2476 194.0
2477 204.0
2478 251.0
2479 284.0
2480 298.0
2481 464.0
2482 204.0
2483 507.0
2484 2.0
2485 203.0
2486 251.0
2487 251.0
2488 227.0
2489 464.0
2490 204.0
2491 555.0
2492 480.0
2493 204.0
2494 204.0
2495 203.0
2496 300.0
2497 203.0
2498 203.0
2499 555.0
2500 204.0
2501 32.0
2502 251.0
2503 0.0
2504 204.0
2505 298.0
2506 303.0
2507 0.0
2508 465.0
2509 32.0
2510 33.0
2511 109.0
2512 203.0
2513 0.0
2514 296.0
2515 251.0
2516 126.0
2517 0.0
2518 251.0
2519 315.0
2520 306.0
2521 0.0
2522 299.0
2523 203.0
2524 333.0
2525 204.0
2526 204.0
2527 149.0
2528 113.0
2529 230.0
2530 495.0
2531 487.0
2532 334.0
2533 204.0
2534 331.0
2535 129.0
2536 251.0
2537 203.0
2538 378.0
2539 30.0
2540 348.0
2541 0.0
2542 298.0
2543 493.0
2544 555.0
2545 204.0
2546 305.0
2547 345.0
2548 159.0
2549 203.0
2550 555.0
2551 225.0
2552 251.0
2553 203.0
2554 0.0
2555 251.0
2556 555.0
2557 471.0
2558 0.0
2559 480.0
2560 203.0
2561 481.0
2562 165.0
2563 203.0
2564 427.0
2565 300.0
2566 299.0
2567 135.0
2568 203.0
2569 485.0
2570 306.0
2571 302.0
2572 0.0
2573 490.0
2574 203.0
2575 251.0
2576 300.0
2577 38.0
2578 180.0
2579 98.0
2580 235.0
2581 203.0
2582 469.0
2583 204.0
2584 203.0
2585 251.0
2586 0.0
2587 326.0
2588 300.0
2589 32.0
2590 203.0
2591 251.0
2592 495.0
2593 465.0
2594 342.0
2595 203.0
2596 30.0
2597 203.0
2598 204.0
2599 152.0
2600 203.0
2601 555.0
2602 204.0
2603 251.0
2604 204.0
2605 32.0
2606 109.0
2607 307.0
2608 465.0
2609 223.0
2610 298.0
2611 204.0
2612 204.0
2613 203.0
2614 0.0
2615 236.0
2616 323.0
2617 0.0
2618 0.0
2619 486.0
2620 468.0
2621 204.0
2622 203.0
2623 466.0
2624 203.0
2625 0.0
2626 251.0
2627 486.0
2628 251.0
2629 64.0
2630 204.0
2631 203.0
2632 203.0
2633 505.0
2634 204.0
2635 204.0
2636 428.0
2637 0.0
2638 529.0
2639 486.0
2640 251.0
2641 203.0
2642 348.0
2643 204.0
2644 470.0
2645 463.0
2646 475.0
2647 30.0
2648 303.0
2649 470.0
2650 203.0
2651 203.0
2652 555.0
2653 204.0
2654 30.0
2655 251.0
2656 0.0
2657 204.0
2658 470.0
2659 468.0
2660 203.0
2661 465.0
2662 30.0
2663 251.0
2664 109.0
2665 203.0
2666 203.0
2667 377.0
2668 252.0
2669 0.0
2670 32.0
2671 251.0
2672 203.0
2673 303.0
2674 0.0
2675 0.0
2676 203.0
2677 251.0
2678 300.0
2679 252.0
2680 194.0
2681 98.0
2682 203.0
2683 300.0
2684 467.0
2685 287.0
2686 204.0
2687 295.0
2688 0.0
2689 203.0
2690 345.0
2691 162.0
2692 438.0
2693 484.0
2694 251.0
2695 377.0
2696 524.0
2697 251.0
2698 204.0
2699 204.0
2700 555.0
2701 152.0
2702 203.0
2703 555.0
2704 470.0
2705 204.0
2706 542.0
2707 32.0
2708 204.0
2709 298.0
2710 305.0
2711 113.0
2712 470.0
2713 0.0
2714 38.0
2715 0.0
2716 354.0
2717 327.0
2718 461.0
2719 0.0
2720 215.0
2721 0.0
2722 251.0
2723 469.0
2724 323.0
2725 0.0
2726 295.0
2727 203.0
2728 298.0
2729 300.0
2730 109.0
2731 194.0
2732 32.0
2733 204.0
2734 251.0
2735 470.0
2736 203.0
2737 1.0
2738 251.0
2739 0.0
2740 450.0
2741 300.0
2742 158.0
2743 0.0
2744 300.0
2745 471.0
2746 553.0
2747 539.0
2748 251.0
2749 204.0
2750 203.0
2751 298.0
2752 160.0
2753 203.0
2754 555.0
2755 265.0
2756 251.0
2757 204.0
2758 0.0
2759 251.0
2760 555.0
2761 302.0
2762 207.0
2763 480.0
2764 203.0
2765 465.0
2766 109.0
2767 203.0
2768 98.0
2769 251.0
2770 0.0
2771 0.0
2772 203.0
2773 294.0
2774 204.0
2775 203.0
2776 0.0
2777 490.0
2778 203.0
2779 485.0
2780 486.0
2781 109.0
2782 217.0
2783 0.0
2784 204.0
2785 300.0
2786 298.0
2787 203.0
2788 203.0
2789 461.0
2790 0.0
2791 295.0
2792 448.0
2793 237.0
2794 203.0
2795 344.0
2796 341.0
2797 555.0
2798 465.0
2799 475.0
2800 30.0
2801 344.0
2802 555.0
2803 203.0
2804 203.0
2805 555.0
2806 204.0
2807 251.0
2808 465.0
2809 0.0
2810 251.0
2811 465.0
2812 508.0
2813 203.0
2814 470.0
2815 0.0
2816 342.0
2817 203.0
2818 350.0
2819 0.0
2820 203.0
2821 180.0
2822 0.0
2823 287.0
2824 486.0
2825 251.0
2826 204.0
2827 0.0
2828 311.0
2829 203.0
2830 489.0
2831 555.0
2832 38.0
2833 169.0
2834 0.0
2835 98.0
2836 203.0
2837 505.0
2838 298.0
2839 203.0
2840 470.0
2841 0.0
2842 203.0
2843 296.0
2844 275.0
2845 203.0
2846 464.0
2847 251.0
2848 465.0
2849 493.0
2850 251.0
2851 231.0
2852 203.0
2853 470.0
2854 493.0
2855 0.0
2856 555.0
2857 204.0
2858 203.0
2859 251.0
2860 203.0
2861 435.0
2862 555.0
2863 480.0
2864 297.0
2865 465.0
2866 203.0
2867 203.0
2868 0.0
2869 353.0
2870 203.0
2871 317.0
2872 335.0
2873 1.0
2874 0.0
2875 550.0
2876 203.0
2877 203.0
2878 0.0
2879 309.0
2880 203.0
2881 474.0
2882 300.0
2883 203.0
2884 180.0
2885 169.0
2886 204.0
2887 204.0
2888 469.0
2889 252.0
2890 203.0
2891 497.0
2892 0.0
2893 498.0
2894 299.0
2895 226.0
2896 0.0
2897 300.0
2898 469.0
2899 553.0
2900 465.0
2901 377.0
2902 204.0
2903 203.0
2904 298.0
2905 40.0
2906 203.0
2907 555.0
2908 251.0
2909 300.0
2910 468.0
2911 32.0
2912 300.0
2913 377.0
2914 297.0
2915 203.0
2916 480.0
2917 443.0
2918 38.0
2919 478.0
2920 251.0
2921 203.0
2922 203.0
2923 427.0
2924 138.0
2925 462.0
2926 204.0
2927 203.0
2928 300.0
2929 0.0
2930 462.0
2931 204.0
2932 413.0
2933 555.0
2934 204.0
2935 194.0
2936 203.0
2937 204.0
2938 284.0
2939 463.0
2940 203.0
2941 203.0
2942 414.0
2943 0.0
2944 474.0
2945 251.0
2946 480.0
2947 289.0
2948 482.0
2949 302.0
2950 555.0
2951 549.0
2952 485.0
2953 204.0
2954 203.0
2955 470.0
2956 203.0
2957 203.0
2958 555.0
2959 298.0
2960 251.0
2961 493.0
2962 0.0
2963 109.0
2964 470.0
2965 305.0
2966 237.0
2967 298.0
2968 304.0
2969 204.0
2970 109.0
2971 323.0
2972 218.0
2973 489.0
2974 251.0
2975 1.0
2976 203.0
2977 446.0
2978 204.0
2979 315.0
2980 0.0
2981 362.0
2982 203.0
2983 497.0
2984 549.0
2985 204.0
2986 194.0
2987 0.0
2988 98.0
2989 203.0
2990 251.0
2991 470.0
2992 204.0
2993 506.0
2994 0.0
2995 203.0
2996 305.0
2997 392.0
2998 418.0
2999 464.0
3000 251.0
3001 465.0
3002 477.0
3003 342.0
3004 203.0
3005 251.0
3006 555.0
3007 203.0
3008 203.0
3009 555.0
3010 204.0
3011 251.0
3012 251.0
3013 0.0
3014 251.0
3015 555.0
3016 251.0
3017 164.0
3018 465.0
3019 251.0
3020 204.0
3021 455.0
3022 203.0
3023 203.0
3024 203.0
3025 298.0
3026 0.0
3027 0.0
3028 485.0
3029 342.0
3030 203.0
3031 0.0
3032 298.0
3033 203.0
3034 346.0
3035 470.0
3036 251.0
3037 180.0
3038 203.0
3039 98.0
3040 7.0
3041 204.0
3042 332.0
3043 204.0
3044 322.0
3045 0.0
3046 309.0
3047 377.0
3048 32.0
3049 251.0
3050 343.0
3051 251.0
3052 377.0
3053 465.0
3054 251.0
3055 203.0
3056 203.0
3057 300.0
3058 1.0
3059 0.0
3060 555.0
3061 31.0
3062 356.0
3063 209.0
3064 32.0
3065 204.0
3066 467.0
3067 318.0
3068 164.0
3069 480.0
3070 124.0
3071 1.0
3072 165.0
3073 0.0
3074 204.0
3075 204.0
3076 470.0
3077 96.0
3078 490.0
3079 203.0
3080 307.0
3081 465.0
3082 0.0
3083 477.0
3084 203.0
3085 413.0
3086 300.0
3087 38.0
3088 194.0
3089 32.0
3090 204.0
3091 0.0
3092 203.0
3093 204.0
3094 98.0
3095 777.0
3096 0.0
3097 204.0
3098 251.0
3099 465.0
3100 251.0
3101 251.0
3102 285.0
3103 377.0
3104 344.0
3105 342.0
3106 0.0
3107 204.0
3108 300.0
3109 251.0
3110 203.0
3111 777.0
3112 204.0
3113 204.0
3114 251.0
3115 203.0
3116 204.0
3117 475.0
3118 508.0
3119 113.0
3120 298.0
3121 203.0
3122 0.0
3123 109.0
3124 323.0
3125 203.0
3126 204.0
3127 304.0
3128 203.0
3129 287.0
3130 204.0
3131 306.0
3132 297.0
3133 0.0
3134 203.0
3135 203.0
3136 301.0
3137 553.0
3138 204.0
3139 137.0
3140 0.0
3141 32.0
3142 7.0
3143 251.0
3144 204.0
3145 203.0
3146 300.0
3147 0.0
3148 203.0
3149 345.0
3150 251.0
3151 331.0
3152 251.0
3153 295.0
3154 777.0
3155 341.0
3156 479.0
3157 0.0
3158 0.0
3159 484.0
3160 203.0
3161 203.0
3162 777.0
3163 204.0
3164 302.0
3165 251.0
3166 0.0
3167 251.0
3168 475.0
3169 295.0
3170 203.0
3171 470.0
3172 0.0
3173 0.0
3174 203.0
3175 203.0
3176 218.0
3177 203.0
3178 251.0
3179 0.0
3180 289.0
3181 203.0
3182 252.0
3183 303.0
3184 0.0
3185 251.0
3186 203.0
3187 480.0
3188 553.0
3189 251.0
3190 169.0
3191 30.0
3192 98.0
3193 203.0
3194 475.0
3195 440.0
3196 0.0
3197 485.0
3198 0.0
3199 298.0
3200 302.0
3201 32.0
3202 464.0
3203 341.0
3204 251.0
3205 777.0
3206 204.0
3207 479.0
3208 30.0
3209 0.0
3210 549.0
3211 203.0
3212 203.0
3213 777.0
3214 251.0
3215 251.0
3216 555.0
3217 445.0
3218 339.0
3219 459.0
3220 297.0
3221 204.0
3222 480.0
3223 226.0
3224 0.0
3225 6.0
3226 203.0
3227 326.0
3228 203.0
3229 472.0
3230 0.0
3231 0.0
3232 450.0
3233 204.0
3234 496.0
3235 0.0
3236 300.0
3237 203.0
3238 346.0
3239 470.0
3240 353.0
3241 20.0
3242 98.0
3243 98.0
3244 0.0
3245 469.0
3246 204.0
3247 251.0
3248 345.0
3249 0.0
3250 468.0
3251 549.0
3252 419.0
3253 204.0
3254 275.0
3255 298.0
3256 555.0
3257 204.0
3258 342.0
3259 30.0
3260 0.0
3261 300.0
3262 0.0
3263 203.0
3264 777.0
3265 469.0
3266 114.0
3267 204.0
3268 203.0
3269 295.0
3270 251.0
3271 251.0
3272 164.0
3273 555.0
3274 32.0
3275 0.0
3276 477.0
3277 204.0
3278 203.0
3279 38.0
3280 204.0
3281 37.0
3282 355.0
3283 203.0
3284 204.0
3285 482.0
3286 0.0
3287 485.0
3288 203.0
3289 251.0
3290 300.0
3291 204.0
3292 194.0
3293 0.0
3294 30.0
3295 345.0
3296 470.0
3297 204.0
3298 0.0
3299 506.0
3300 0.0
3301 203.0
3302 477.0
3303 494.0
3304 493.0
3305 251.0
3306 472.0
3307 377.0
3308 204.0
3309 489.0
3310 204.0
3311 19.0
3312 477.0
3313 203.0
3314 217.0
3315 777.0
3316 204.0
3317 295.0
3318 465.0
3319 0.0
3320 470.0
3321 459.0
3322 553.0
3323 0.0
3324 470.0
3325 32.0
3326 0.0
3327 240.0
3328 251.0
3329 203.0
3330 44.0
3331 399.0
3332 0.0
3333 287.0
3334 485.0
3335 114.0
3336 301.0
3337 0.0
3338 410.0
3339 0.0
3340 345.0
3341 300.0
3342 203.0
3343 137.0
3344 0.0
3345 98.0
3346 7.0
3347 251.0
3348 440.0
3349 203.0
3350 384.0
3351 0.0
3352 309.0
3353 553.0
3354 478.0
3355 306.0
3356 251.0
3357 251.0
3358 777.0
3359 343.0
3360 489.0
3361 0.0
3362 471.0
3363 477.0
3364 229.0
3365 506.0
3366 777.0
3367 204.0
3368 33.0
3369 251.0
3370 171.0
3371 465.0
3372 490.0
3373 453.0
3374 203.0
3375 480.0
3376 209.0
3377 204.0
3378 251.0
3379 203.0
3380 3.0
3381 203.0
3382 297.0
3383 0.0
3384 490.0
3385 317.0
3386 203.0
3387 296.0
3388 0.0
3389 486.0
3390 203.0
3391 300.0
3392 486.0
3393 204.0
3394 169.0
3395 98.0
3396 98.0
3397 7.0
3398 204.0
3399 332.0
3400 0.0
3401 299.0
3402 0.0
3403 329.0
3404 345.0
3405 342.0
3406 451.0
3407 526.0
3408 470.0
3409 777.0
3410 204.0
3411 204.0
3412 0.0
3413 0.0
3414 298.0
3415 203.0
3416 158.0
3417 777.0
3418 31.0
3419 251.0
3420 468.0
3421 320.0
3422 295.0
3423 251.0
3424 465.0
3425 164.0
3426 777.0
3427 312.0
3428 0.0
3429 165.0
3430 204.0
3431 218.0
3432 203.0
3433 38.0
3434 0.0
3435 93.0
3436 204.0
3437 325.0
3438 324.0
3439 0.0
3440 300.0
3441 203.0
3442 489.0
3443 486.0
3444 203.0
3445 218.0
3446 109.0
3447 92.0
3448 0.0
3449 251.0
3450 203.0
3451 104.0
3452 327.0
3453 0.0
3454 0.0
3455 204.0
3456 461.0
3457 493.0
3458 342.0
3459 252.0
3460 553.0
3461 303.0
3462 477.0
3463 4.0
3464 25.0
3465 297.0
3466 209.0
3467 217.0
3468 777.0
3469 1.0
3470 356.0
3471 204.0
3472 0.0
3473 251.0
3474 457.0
3475 251.0
3476 340.0
3477 555.0
3478 0.0
3479 38.0
3480 251.0
3481 120.0
3482 282.0
3483 204.0
3484 32.0
3485 50.0
3486 203.0
3487 203.0
3488 32.0
3489 251.0
3490 0.0
3491 204.0
3492 203.0
3493 203.0
3494 204.0
3495 251.0
3496 194.0
3497 0.0
3498 204.0
3499 463.0
3500 203.0
3501 362.0
3502 234.0
3503 251.0
3504 0.0
3505 203.0
3506 506.0
3507 481.0
3508 493.0
3509 552.0
3510 38.0
3511 777.0
3512 204.0
3513 420.0
3514 204.0
3515 0.0
3516 203.0
3517 238.0
3518 203.0
3519 777.0
3520 204.0
3521 377.0
3522 497.0
3523 0.0
3524 474.0
3525 298.0
3526 299.0
3527 251.0
3528 777.0
3529 226.0
3530 0.0
3531 109.0
3532 203.0
3533 203.0
3534 302.0
3535 296.0
3536 0.0
3537 549.0
3538 485.0
3539 204.0
3540 326.0
3541 0.0
3542 203.0
3543 0.0
3544 481.0
3545 356.0
3546 394.0
3547 180.0
3548 203.0
3549 98.0
3550 0.0
3551 204.0
3552 435.0
3553 203.0
3554 300.0
3555 0.0
3556 479.0
3557 490.0
3558 350.0
3559 377.0
3560 298.0
3561 470.0
3562 477.0
3563 204.0
3564 377.0
3565 0.0
3566 309.0
3567 203.0
3568 229.0
3569 295.0
3570 777.0
3571 203.0
3572 203.0
3573 251.0
3574 203.0
3575 295.0
3576 251.0
3577 298.0
3578 343.0
3579 298.0
3580 0.0
3581 0.0
3582 0.0
3583 116.0
3584 3.0
3585 203.0
3586 0.0
3587 7.0
3588 486.0
3589 204.0
3590 0.0
3591 324.0
3592 0.0
3593 204.0
3594 0.0
3595 497.0
3596 486.0
3597 367.0
3598 146.0
3599 169.0
3600 463.0
3601 495.0
3602 203.0
3603 204.0
3604 0.0
3605 350.0
3606 0.0
3607 334.0
3608 204.0
3609 377.0
3610 377.0
3611 777.0
3612 553.0
3613 477.0
3614 204.0
3615 342.0
3616 237.0
3617 203.0
3618 204.0
3619 490.0
3620 346.0
3621 777.0
3622 0.0
3623 555.0
3624 204.0
3625 0.0
3626 508.0
3627 555.0
3628 342.0
3629 203.0
3630 484.0
3631 204.0
3632 0.0
3633 406.0
3634 0.0
3635 204.0
3636 305.0
3637 336.0
3638 50.0
3639 549.0
3640 341.0
3641 204.0
3642 384.0
3643 0.0
3644 0.0
3645 203.0
3646 503.0
3647 204.0
3648 44.0
3649 218.0
3650 0.0
3651 92.0
3652 251.0
3653 203.0
3654 204.0
3655 32.0
3656 327.0
3657 0.0
3658 203.0
3659 549.0
3660 419.0
3661 451.0
3662 342.0
3663 295.0
3664 484.0
3665 203.0
3666 555.0
3667 203.0
3668 203.0
3669 307.0
3670 251.0
3671 506.0
3672 777.0
3673 204.0
3674 327.0
3675 204.0
3676 203.0
3677 508.0
3678 459.0
3679 204.0
3680 327.0
3681 553.0
3682 209.0
3683 38.0
3684 203.0
3685 203.0
3686 203.0
3687 204.0
3688 338.0
3689 0.0
3690 251.0
3691 468.0
3692 32.0
3693 465.0
3694 0.0
3695 204.0
3696 203.0
3697 300.0
3698 300.0
3699 251.0
3700 137.0
3701 109.0
3702 32.0
3703 369.0
3704 203.0
3705 204.0
3706 3.0
3707 480.0
3708 0.0
3709 342.0
3710 474.0
3711 481.0
3712 451.0
3713 479.0
3714 553.0
3715 777.0
3716 203.0
3717 477.0
3718 204.0
3719 203.0
3720 203.0
3721 203.0
3722 251.0
3723 777.0
3724 0.0
3725 553.0
3726 465.0
3727 0.0
3728 295.0
3729 251.0
3730 377.0
3731 203.0
3732 377.0
3733 214.0
3734 204.0
3735 474.0
3736 203.0
3737 203.0
3738 203.0
3739 203.0
3740 0.0
3741 549.0
3742 204.0
3743 0.0
3744 295.0
3745 0.0
3746 495.0
3747 203.0
3748 305.0
3749 486.0
3750 377.0
3751 140.0
3752 169.0
3753 98.0
3754 203.0
3755 0.0
3756 447.0
3757 0.0
3758 485.0
3759 0.0
3760 342.0
3761 300.0
3762 480.0
3763 458.0
3764 300.0
3765 470.0
3766 477.0
3767 203.0
3768 342.0
3769 203.0
3770 203.0
3771 203.0
3772 464.0
3773 468.0
3774 777.0
3775 203.0
3776 307.0
3777 251.0
3778 0.0
3779 466.0
3780 466.0
3781 38.0
3782 324.0
3783 484.0
3784 0.0
3785 203.0
3786 145.0
3787 120.0
3788 3.0
3789 203.0
3790 32.0
3791 0.0
3792 460.0
3793 295.0
3794 204.0
3795 358.0
3796 0.0
3797 251.0
3798 1.0
3799 504.0
3800 505.0
3801 203.0
3802 60.0
3803 169.0
3804 98.0
3805 300.0
3806 203.0
3807 203.0
3808 463.0
3809 553.0
3810 0.0
3811 342.0
3812 549.0
3813 480.0
3814 495.0
3815 553.0
3816 298.0
3817 777.0
3818 204.0
3819 555.0
3820 203.0
3821 203.0
3822 203.0
3823 40.0
3824 305.0
3825 777.0
3826 203.0
3827 303.0
3828 203.0
3829 0.0
3830 203.0
3831 377.0
3832 465.0
3833 448.0
3834 298.0
3835 372.0
3836 3.0
3837 203.0
3838 203.0
3839 422.0
3840 204.0
3841 399.0
3842 0.0
3843 251.0
3844 295.0
3845 32.0
3846 465.0
3847 0.0
3848 0.0
3849 203.0
3850 251.0
3851 300.0
3852 251.0
3853 137.0
3854 109.0
3855 92.0
3856 465.0
3857 455.0
3858 335.0
3859 158.0
3860 347.0
3861 0.0
3862 342.0
3863 506.0
3864 251.0
3865 470.0
3866 477.0
3867 298.0
3868 553.0
3869 203.0
3870 477.0
3871 463.0
3872 0.0
3873 307.0
3874 204.0
3875 203.0
3876 777.0
3877 470.0
3878 251.0
3879 465.0
3880 0.0
3881 508.0
3882 300.0
3883 342.0
3884 38.0
3885 480.0
3886 214.0
3887 0.0
3888 474.0
3889 203.0
3890 202.0
3891 486.0
3892 420.0
3893 0.0
3894 486.0
3895 295.0
3896 203.0
3897 777.0
3898 0.0
3899 251.0
3900 203.0
3901 504.0
3902 300.0
3903 251.0
3904 194.0
3905 0.0
3906 92.0
3907 490.0
3908 203.0
3909 252.0
3910 203.0
3911 485.0
3912 0.0
3913 342.0
3914 506.0
3915 296.0
3916 377.0
3917 300.0
3918 553.0
3919 477.0
3920 203.0
3921 485.0
3922 204.0
3923 204.0
3924 483.0
3925 203.0
3926 506.0
3927 777.0
3928 1.0
3929 32.0
3930 251.0
3931 145.0
3932 295.0
3933 485.0
3934 553.0
3935 505.0
3936 470.0
3937 30.0
3938 203.0
3939 251.0
3940 204.0
3941 0.0
3942 480.0
3943 32.0
3944 0.0
3945 300.0
3946 345.0
3947 203.0
3948 295.0
3949 0.0
3950 203.0
3951 0.0
3952 377.0
3953 486.0
3954 465.0
3955 140.0
3956 169.0
3957 98.0
3958 251.0
3959 204.0
3960 203.0
3961 204.0
3962 777.0
3963 0.0
3964 342.0
3965 555.0
3966 299.0
3967 553.0
3968 552.0
3969 377.0
3970 477.0
3971 484.0
3972 477.0
3973 204.0
3974 0.0
3975 203.0
3976 88.0
3977 487.0
3978 777.0
3979 422.0
3980 204.0
3981 204.0
3982 0.0
3983 480.0
3984 465.0
3985 295.0
3986 452.0
3987 480.0
3988 472.0
3989 3.0
3990 510.0
3991 0.0
3992 225.0
3993 204.0
3994 38.0
3995 0.0
3996 298.0
3997 295.0
3998 252.0
3999 465.0
4000 0.0
4001 114.0
4002 203.0
4003 467.0
4004 486.0
4005 251.0
4006 218.0
4007 251.0
4008 98.0
4009 251.0
4010 203.0
4011 203.0
4012 204.0
4013 347.0
4014 0.0
4015 529.0
4016 345.0
4017 251.0
4018 298.0
4019 479.0
4020 777.0
4021 484.0
4022 203.0
4023 377.0
4024 310.0
4025 0.0
4026 497.0
4027 41.0
4028 305.0
4029 777.0
4030 204.0
4031 38.0
4032 469.0
4033 0.0
4034 485.0
4035 298.0
4036 342.0
4037 450.0
4038 480.0
4039 214.0
4040 0.0
4041 203.0
4042 0.0
4043 225.0
4044 203.0
4045 296.0
4046 0.0
4047 486.0
4048 298.0
4049 203.0
4050 377.0
4051 0.0
4052 0.0
4053 203.0
4054 469.0
4055 204.0
4056 485.0
4057 230.0
4058 30.0
4059 98.0
4060 251.0
4061 203.0
4062 334.0
4063 0.0
4064 777.0
4065 0.0
4066 384.0
4067 497.0
4068 251.0
4069 777.0
4070 479.0
4071 298.0
4072 777.0
4073 203.0
4074 342.0
4075 203.0
4076 0.0
4077 307.0
4078 203.0
4079 203.0
4080 777.0
4081 204.0
4082 38.0
4083 251.0
4084 203.0
4085 298.0
4086 777.0
4087 301.0
4088 204.0
4089 555.0
4090 0.0
4091 25.0
4092 477.0
4093 203.0
4094 203.0
4095 298.0
4096 339.0
4097 0.0
4098 549.0
4099 467.0
4100 309.0
4101 303.0
4102 0.0
4103 343.0
4104 203.0
4105 300.0
4106 204.0
4107 422.0
4108 230.0
4109 203.0
4110 203.0
4111 203.0
4112 204.0
4113 204.0
4114 0.0
4115 777.0
4116 0.0
4117 467.0
4118 204.0
4119 296.0
4120 549.0
4121 298.0
4122 549.0
4123 477.0
4124 203.0
4125 477.0
4126 777.0
4127 451.0
4128 203.0
4129 203.0
4130 346.0
4131 777.0
4132 8.0
4133 204.0
4134 298.0
4135 0.0
4136 466.0
4137 484.0
4138 299.0
4139 506.0
4140 377.0
4141 0.0
4142 3.0
4143 251.0
4144 251.0
4145 202.0
4146 204.0
4147 203.0
4148 0.0
4149 298.0
4150 307.0
4151 204.0
4152 458.0
4153 0.0
4154 203.0
4155 203.0
4156 475.0
4157 300.0
4158 306.0
4159 169.0
4160 251.0
4161 203.0
4162 297.0
4163 505.0
4164 295.0
4165 0.0
4166 553.0
4167 0.0
4168 486.0
4169 497.0
4170 251.0
4171 777.0
4172 553.0
4173 777.0
4174 777.0
4175 203.0
4176 477.0
4177 204.0
4178 0.0
4179 483.0
4180 156.0
4181 203.0
4182 777.0
4183 204.0
4184 304.0
4185 346.0
4186 0.0
4187 508.0
4188 777.0
4189 204.0
4190 337.0
4191 298.0
4192 214.0
4193 203.0
4194 478.0
4195 0.0
4196 203.0
4197 306.0
4198 296.0
4199 0.0
4200 298.0
4201 307.0
4202 203.0
4203 309.0
4204 486.0
4205 204.0
4206 203.0
4207 300.0
4208 251.0
4209 506.0
4210 218.0
4211 432.0
4212 204.0
4213 355.0
4214 251.0
4215 295.0
4216 0.0
4217 553.0
4218 0.0
4219 203.0
4220 204.0
4221 158.0
4222 777.0
4223 342.0
4224 777.0
4225 553.0
4226 203.0
4227 377.0
4228 203.0
4229 0.0
4230 495.0
4231 155.0
4232 466.0
4233 777.0
4234 204.0
4235 306.0
4236 251.0
4237 0.0
4238 295.0
4239 298.0
4240 480.0
4241 203.0
4242 377.0
4243 506.0
4244 204.0
4245 508.0
4246 203.0
4247 324.0
4248 362.0
4249 456.0
4250 0.0
4251 549.0
4252 298.0
4253 203.0
4254 305.0
4255 0.0
4256 299.0
4257 203.0
4258 489.0
4259 458.0
4260 203.0
4261 218.0
4262 32.0
4263 98.0
4264 208.0
4265 251.0
4266 555.0
4267 0.0
4268 777.0
4269 0.0
4270 417.0
4271 204.0
4272 0.0
4273 553.0
4274 300.0
4275 777.0
4276 298.0
4277 203.0
4278 342.0
4279 495.0
4280 0.0
4281 203.0
4282 203.0
4283 336.0
4284 777.0
4285 1.0
4286 295.0
4287 251.0
4288 0.0
4289 204.0
4290 506.0
4291 414.0
4292 437.0
4293 777.0
4294 0.0
4295 103.0
4296 505.0
4297 203.0
4298 225.0
4299 204.0
4300 0.0
4301 6.0
4302 549.0
4303 777.0
4304 336.0
4305 342.0
4306 0.0
4307 203.0
4308 203.0
4309 345.0
4310 204.0
4311 466.0
4312 218.0
4313 482.0
4314 203.0
4315 7.0
4316 204.0
4317 342.0
4318 0.0
4319 553.0
4320 0.0
4321 203.0
4322 251.0
4323 32.0
4324 553.0
4325 552.0
4326 553.0
4327 777.0
4328 203.0
4329 251.0
4330 455.0
4331 553.0
4332 448.0
4333 203.0
4334 351.0
4335 777.0
4336 204.0
4337 555.0
4338 204.0
4339 506.0
4340 466.0
4341 777.0
4342 296.0
4343 251.0
4344 298.0
4345 312.0
4346 3.0
4347 510.0
4348 203.0
4349 0.0
4350 498.0
4351 338.0
4352 0.0
4353 777.0
4354 377.0
4355 32.0
4356 480.0
4357 0.0
4358 344.0
4359 305.0
4360 489.0
4361 251.0
4362 422.0
4363 220.0
4364 251.0
4365 33.0
4366 777.0
4367 203.0
4368 470.0
4369 0.0
4370 477.0
4371 0.0
4372 467.0
4373 204.0
4374 158.0
4375 777.0
4376 342.0
4377 777.0
4378 553.0
4379 204.0
4380 772.0
4381 377.0
4382 25.0
4383 297.0
4384 203.0
4385 251.0
4386 777.0
4387 468.0
4388 375.0
4389 204.0
4390 30.0
4391 466.0
4392 298.0
4393 347.0
4394 505.0
4395 553.0
4396 209.0
4397 0.0
4398 459.0
4399 0.0
4400 204.0
4401 377.0
4402 332.0
4403 0.0
4404 298.0
4405 777.0
4406 98.0
4407 325.0
4408 0.0
4409 477.0
4410 203.0
4411 473.0
4412 251.0
4413 506.0
4414 220.0
4415 203.0
4416 203.0
4417 0.0
4418 251.0
4419 777.0
4420 0.0
4421 347.0
4422 0.0
4423 446.0
4424 251.0
4425 42.0
4426 777.0
4427 300.0
4428 777.0
4429 477.0
4430 203.0
4431 251.0
4432 433.0
4433 479.0
4434 203.0
4435 251.0
4436 309.0
4437 777.0
4438 287.0
4439 555.0
4440 251.0
4441 32.0
4442 454.0
4443 484.0
4444 553.0
4445 204.0
4446 377.0
4447 0.0
4448 0.0
4449 466.0
4450 0.0
4451 203.0
4452 458.0
4453 377.0
4454 0.0
4455 549.0
4456 777.0
4457 252.0
4458 377.0
4459 0.0
4460 251.0
4461 203.0
4462 204.0
4463 204.0
4464 203.0
4465 252.0
4466 204.0
4467 315.0
4468 208.0
4469 203.0
4470 295.0
4471 0.0
4472 777.0
4473 1.0
4474 203.0
4475 339.0
4476 0.0
4477 553.0
4478 553.0
4479 553.0
4480 477.0
4481 203.0
4482 553.0
4483 777.0
4484 204.0
4485 204.0
4486 251.0
4487 506.0
4488 777.0
4489 204.0
4490 553.0
4491 484.0
4492 0.0
4493 480.0
4494 549.0
4495 305.0
4496 297.0
4497 553.0
4498 0.0
4499 0.0
4500 251.0
4501 0.0
4502 0.0
4503 386.0
4504 338.0
4505 0.0
4506 553.0
4507 777.0
4508 339.0
4509 347.0
4510 0.0
4511 251.0
4512 203.0
4513 203.0
4514 204.0
4515 485.0
4516 146.0
4517 251.0
4518 298.0
4519 7.0
4520 204.0
4521 555.0
4522 0.0
4523 477.0
4524 0.0
4525 489.0
4526 251.0
4527 153.0
4528 553.0
4529 479.0
4530 777.0
4531 553.0
4532 203.0
4533 489.0
4534 451.0
4535 203.0
4536 300.0
4537 203.0
4538 505.0
4539 777.0
4540 204.0
4541 555.0
4542 346.0
4543 0.0
4544 485.0
4545 298.0
4546 465.0
4547 319.0
4548 298.0
4549 203.0
4550 0.0
4551 203.0
4552 0.0
4553 3.0
4554 298.0
4555 553.0
4556 0.0
4557 298.0
4558 777.0
4559 313.0
4560 343.0
4561 0.0
4562 484.0
4563 203.0
4564 204.0
4565 251.0
4566 422.0
4567 169.0
4568 310.0
4569 203.0
4570 251.0
4571 357.0
4572 555.0
4573 0.0
4574 553.0
4575 0.0
4576 298.0
4577 203.0
4578 251.0
4579 777.0
4580 479.0
4581 777.0
4582 777.0
4583 117.0
4584 475.0
4585 204.0
4586 0.0
4587 485.0
4588 155.0
4589 300.0
4590 777.0
4591 251.0
4592 377.0
4593 455.0
4594 0.0
4595 470.0
4596 549.0
4597 465.0
4598 203.0
4599 298.0
4600 436.0
4601 0.0
4602 145.0
4603 45.0
4604 302.0
4605 470.0
4606 32.0
4607 0.0
4608 298.0
4609 777.0
4610 98.0
4611 500.0
4612 0.0
4613 477.0
4614 203.0
4615 477.0
4616 251.0
4617 305.0
4618 217.0
4619 81.0
4620 204.0
4621 0.0
4622 251.0
4623 295.0
4624 203.0
4625 553.0
4626 0.0
4627 203.0
4628 251.0
4629 0.0
4630 553.0
4631 777.0
4632 777.0
4633 777.0
4634 204.0
4635 342.0
4636 433.0
4637 203.0
4638 204.0
4639 203.0
4640 477.0
4641 777.0
4642 305.0
4643 549.0
4644 484.0
4645 0.0
4646 474.0
4647 475.0
4648 553.0
4649 203.0
4650 470.0
4651 203.0
4652 0.0
4653 203.0
4654 0.0
4655 203.0
4656 420.0
4657 295.0
4658 0.0
4659 549.0
4660 777.0
4661 203.0
4662 383.0
4663 0.0
4664 777.0
4665 203.0
4666 251.0
4667 251.0
4668 203.0
4669 137.0
4670 251.0
4671 203.0
4672 7.0
4673 251.0
4674 298.0
4675 0.0
4676 777.0
4677 0.0
4678 342.0
4679 490.0
4680 419.0
4681 777.0
4682 552.0
4683 553.0
4684 777.0
4685 203.0
4686 485.0
4687 204.0
4688 251.0
4689 555.0
4690 251.0
4691 251.0
4692 777.0
4693 470.0
4694 555.0
4695 298.0
4696 0.0
4697 298.0
4698 777.0
4699 305.0
4700 307.0
4701 470.0
4702 251.0
4703 0.0
4704 203.0
4705 203.0
4706 203.0
4707 784.0
4708 251.0
4709 0.0
4710 549.0
4711 777.0
4712 252.0
4713 375.0
4714 0.0
4715 299.0
4716 0.0
4717 346.0
4718 477.0
4719 308.0
4720 146.0
4721 251.0
4722 204.0
4723 7.0
4724 203.0
4725 555.0
4726 0.0
4727 777.0
4728 251.0
4729 467.0
4730 345.0
4731 158.0
4732 553.0
4733 479.0
4734 777.0
4735 777.0
4736 203.0
4737 377.0
4738 433.0
4739 342.0
4740 298.0
4741 203.0
4742 320.0
4743 784.0
4744 302.0
4745 203.0
4746 491.0
4747 0.0
4748 109.0
4749 302.0
4750 203.0
4751 251.0
4752 203.0
4753 33.0
4754 0.0
4755 486.0
4756 251.0
4757 202.0
4758 301.0
4759 297.0
4760 342.0
4761 302.0
4762 301.0
4763 551.0
4764 204.0
4765 0.0
4766 302.0
4767 0.0
4768 38.0
4769 204.0
4770 533.0
4771 169.0
4772 0.0
4773 251.0
4774 203.0
4775 203.0
4776 299.0
4777 0.0
4778 301.0
4779 0.0
4780 109.0
4781 301.0
4782 302.0
4783 301.0
4784 302.0
4785 203.0
4786 432.0
4787 335.0
4788 125.0
4789 203.0
4790 204.0
4791 386.0
4792 203.0
4793 251.0
4794 784.0
4795 494.0
4796 204.0
4797 299.0
4798 0.0
4799 474.0
4800 784.0
4801 305.0
4802 169.0
4803 386.0
4804 203.0
4805 0.0
4806 357.0
4807 160.0
4808 3.0
4809 461.0
4810 203.0
4811 0.0
4812 301.0
4813 420.0
4814 109.0
4815 515.0
4816 0.0
4817 303.0
4818 203.0
4819 38.0
4820 497.0
4821 203.0
4822 194.0
4823 203.0
4824 251.0
4825 0.0
4826 203.0
4827 482.0
4828 0.0
4829 498.0
4830 0.0
4831 490.0
4832 455.0
4833 203.0
4834 301.0
4835 333.0
4836 461.0
4837 480.0
4838 203.0
4839 428.0
4840 481.0
4841 301.0
4842 109.0
4843 251.0
4844 476.0
4845 784.0
4846 203.0
4847 513.0
4848 413.0
4849 0.0
4850 468.0
4851 203.0
4852 420.0
4853 252.0
4854 204.0
4855 180.0
4856 204.0
4857 485.0
4858 300.0
4859 0.0
4860 420.0
4861 203.0
4862 0.0
4863 505.0
4864 302.0
4865 109.0
4866 447.0
4867 0.0
4868 344.0
4869 203.0
4870 38.0
4871 252.0
4872 351.0
4873 194.0
4874 251.0
4875 203.0
4876 204.0
4877 301.0
4878 204.0
4879 0.0
4880 204.0
4881 0.0
4882 204.0
4883 204.0
4884 20.0
4885 298.0
4886 362.0
4887 204.0
4888 204.0
4889 204.0
4890 431.0
4891 204.0
4892 204.0
4893 204.0
4894 1.0
4895 506.0
4896 784.0
4897 432.0
4898 303.0
4899 486.0
4900 0.0
4901 340.0
4902 480.0
4903 301.0
4904 253.0
4905 203.0
4906 498.0
4907 0.0
4908 203.0
4909 139.0
4910 203.0
4911 426.0
4912 503.0
4913 0.0
4914 204.0
4915 386.0
4916 251.0
4917 297.0
4918 0.0
4919 298.0
4920 0.0
4921 109.0
4922 204.0
4923 477.0
4924 173.0
4925 0.0
4926 214.0
4927 193.0
4928 203.0
4929 297.0
4930 0.0
4931 777.0
4932 0.0
4933 377.0
4934 204.0
4935 25.0
4936 302.0
4937 333.0
4938 486.0
4939 298.0
4940 204.0
4941 477.0
4942 301.0
4943 103.0
4944 109.0
4945 203.0
4946 433.0
4947 784.0
4948 498.0
4949 296.0
4950 304.0
4951 0.0
4952 109.0
4953 486.0
4954 251.0
4955 376.0
4956 498.0
4957 453.0
4958 0.0
4959 456.0
4960 161.0
4961 9.0
4962 480.0
4963 300.0
4964 0.0
4965 505.0
4966 301.0
4967 251.0
4968 145.0
4969 0.0
4970 467.0
4971 203.0
4972 204.0
4973 360.0
4974 203.0
4975 174.0
4976 474.0
4977 203.0
4978 383.0
4979 251.0
4980 203.0
4981 0.0
4982 203.0
4983 0.0
4984 203.0
4985 203.0
4986 0.0
4987 432.0
4988 204.0
4989 784.0
4990 301.0
4991 204.0
4992 306.0
4993 301.0
4994 204.0
4995 251.0
4996 203.0
4997 304.0
4998 784.0
4999 481.0
5000 302.0
5001 312.0
5002 0.0
5003 203.0
5004 480.0
5005 302.0
5006 0.0
5007 301.0
5008 422.0
5009 0.0
5010 203.0
5011 204.0
5012 218.0
5013 301.0
5014 314.0
5015 0.0
5016 301.0
5017 204.0
5018 98.0
5019 302.0
5020 0.0
5021 302.0
5022 0.0
5023 204.0
5024 457.0
5025 204.0
5026 174.0
5027 251.0
5028 251.0
5029 204.0
5030 204.0
5031 251.0
5032 0.0
5033 203.0
5034 0.0
5035 204.0
5036 203.0
5037 251.0
5038 204.0
5039 204.0
5040 301.0
5041 307.0
5042 203.0
5043 302.0
5044 204.0
5045 38.0
5046 204.0
5047 251.0
5048 474.0
5049 784.0
5050 491.0
5051 251.0
5052 465.0
5053 204.0
5054 333.0
5055 301.0
5056 109.0
5057 342.0
5058 204.0
5059 251.0
5060 0.0
5061 104.0
5062 330.0
5063 203.0
5064 420.0
5065 203.0
5066 0.0
5067 488.0
5068 204.0
5069 109.0
5070 488.0
5071 204.0
5072 486.0
5073 203.0
5074 109.0
5075 204.0
5076 203.0
5077 174.0
5078 0.0
5079 251.0
5080 249.0
5081 33.0
5082 297.0
5083 253.0
5084 553.0
5085 0.0
5086 203.0
5087 204.0
5088 147.0
5089 204.0
5090 203.0
5091 420.0
5092 204.0
5093 204.0
5094 297.0
5095 475.0
5096 463.0
5097 204.0
5098 1.0
5099 506.0
5100 784.0
