1 32.0
2 0.0
3 0.0
4 32.0
5 203.0
6 32.0
7 203.0
8 30.0
9 25.0
10 32.0
11 32.0
12 0.0
13 0.0
14 38.0
15 32.0
16 33.0
17 0.0
18 0.0
19 32.0
20 38.0
21 32.0
22 32.0
23 32.0
24 32.0
25 32.0
26 30.0
27 32.0
28 32.0
29 32.0
30 33.0
31 32.0
32 32.0
33 32.0
34 203.0
35 0.0
36 43.0
37 33.0
38 32.0
39 32.0
40 32.0
41 33.0
42 203.0
43 32.0
44 30.0
45 32.0
46 98.0
47 32.0
48 33.0
49 32.0
50 0.0
51 203.0
52 33.0
53 210.0
54 204.0
55 203.0
56 33.0
57 203.0
58 242.0
59 20.0
60 203.0
61 203.0
62 0.0
63 6.0
64 32.0
65 38.0
66 203.0
67 33.0
68 204.0
69 33.0
70 203.0
71 33.0
72 203.0
73 32.0
74 33.0
75 32.0
76 32.0
77 30.0
78 32.0
79 33.0
80 33.0
81 33.0
82 109.0
83 33.0
84 103.0
85 203.0
86 33.0
87 204.0
88 204.0
89 33.0
90 0.0
91 218.0
92 203.0
93 215.0
94 33.0
95 203.0
96 175.0
97 215.0
98 203.0
99 33.0
100 203.0
101 38.0
102 242.0
103 251.0
104 203.0
105 176.0
106 203.0
107 103.0
108 203.0
109 210.0
110 227.0
111 235.0
112 204.0
113 252.0
114 203.0
115 204.0
116 32.0
117 203.0
118 203.0
119 204.0
120 33.0
121 203.0
122 38.0
123 203.0
124 203.0
125 33.0
126 43.0
127 364.0
128 203.0
129 251.0
130 103.0
131 33.0
132 203.0
133 171.0
134 203.0
135 235.0
136 363.0
137 203.0
138 229.0
139 203.0
140 175.0
141 1.0
142 229.0
143 203.0
144 203.0
145 175.0
146 44.0
147 175.0
148 203.0
149 252.0
150 203.0
151 203.0
152 203.0
153 364.0
154 251.0
155 203.0
156 33.0
157 203.0
158 363.0
159 251.0
160 252.0
161 203.0
162 203.0
163 204.0
164 43.0
165 1.0
166 230.0
167 38.0
168 33.0
169 203.0
170 231.0
171 230.0
172 203.0
173 204.0
174 220.0
175 363.0
176 203.0
177 174.0
178 225.0
179 23.0
180 204.0
181 103.0
182 210.0
183 203.0
184 203.0
185 251.0
186 32.0
187 363.0
188 1.0
189 251.0
190 364.0
191 1.0
192 33.0
193 203.0
194 38.0
195 203.0
196 203.0
197 32.0
198 252.0
199 33.0
200 32.0
201 203.0
202 252.0
203 203.0
204 364.0
205 203.0
206 363.0
207 251.0
208 252.0
209 251.0
210 251.0
211 33.0
212 252.0
213 203.0
214 203.0
215 364.0
216 11.0
217 327.0
218 204.0
219 204.0
220 252.0
221 0.0
222 32.0
223 1.0
224 38.0
225 33.0
226 203.0
227 443.0
228 204.0
229 203.0
230 203.0
231 363.0
232 363.0
233 33.0
234 203.0
235 120.0
236 251.0
237 114.0
238 204.0
239 252.0
240 203.0
241 203.0
242 1.0
243 1.0
244 203.0
245 203.0
246 32.0
247 33.0
248 49.0
249 203.0
250 103.0
251 210.0
252 203.0
253 11.0
254 32.0
255 443.0
256 203.0
257 203.0
258 33.0
259 33.0
260 1.0
261 43.0
262 251.0
263 32.0
264 203.0
265 25.0
266 204.0
267 6.0
268 251.0
269 204.0
270 251.0
271 32.0
272 203.0
273 33.0
274 252.0
275 109.0
276 203.0
277 251.0
278 11.0
279 32.0
280 0.0
281 33.0
282 363.0
283 203.0
284 443.0
285 251.0
286 251.0
287 203.0
288 38.0
289 11.0
290 251.0
291 204.0
292 38.0
293 44.0
294 252.0
295 203.0
296 49.0
297 169.0
298 43.0
299 203.0
300 363.0
301 218.0
302 203.0
303 203.0
304 443.0
305 49.0
306 443.0
307 203.0
308 251.0
309 43.0
310 203.0
311 49.0
312 251.0
313 203.0
314 203.0
315 203.0
316 114.0
317 43.0
318 32.0
319 251.0
320 32.0
321 443.0
322 38.0
323 204.0
324 203.0
325 251.0
326 109.0
327 203.0
328 203.0
329 204.0
330 32.0
331 38.0
332 203.0
333 363.0
334 203.0
335 203.0
336 33.0
337 252.0
338 251.0
339 114.0
340 11.0
341 251.0
342 178.0
343 43.0
344 43.0
345 1.0
346 43.0
347 38.0
348 203.0
349 203.0
350 1435.0
351 251.0
352 203.0
353 203.0
354 32.0
355 38.0
356 38.0
357 1435.0
358 43.0
359 43.0
360 0.0
361 33.0
362 203.0
363 33.0
364 363.0
365 1.0
366 203.0
367 204.0
368 33.0
369 0.0
370 1435.0
371 11.0
372 11.0
373 251.0
374 6.0
375 203.0
376 363.0
377 251.0
378 0.0
379 203.0
380 11.0
381 252.0
382 32.0
383 251.0
384 252.0
385 363.0
386 1435.0
387 11.0
388 11.0
389 251.0
390 38.0
391 203.0
392 11.0
393 363.0
394 203.0
395 11.0
396 203.0
397 203.0
398 204.0
399 11.0
400 11.0
401 30.0
402 2555.0
403 363.0
404 252.0
405 0.0
406 11.0
407 203.0
408 2555.0
409 43.0
410 364.0
411 251.0
412 32.0
413 1.0
414 251.0
415 251.0
416 444.0
417 109.0
418 11.0
419 363.0
420 1.0
421 11.0
422 43.0
423 251.0
424 33.0
425 251.0
426 1403.0
427 32.0
428 203.0
429 32.0
430 252.0
431 11.0
432 203.0
433 0.0
434 203.0
435 43.0
436 6.0
437 11.0
438 363.0
439 109.0
440 203.0
441 -1.0
442 204.0
443 11.0
444 11.0
445 1.0
446 252.0
447 33.0
448 235.0
449 32.0
450 33.0
451 203.0
452 43.0
453 11.0
454 251.0
455 43.0
456 11.0
457 11.0
458 11.0
459 2555.0
460 38.0
461 251.0
462 11.0
463 444.0
464 1.0
465 443.0
466 203.0
467 43.0
468 203.0
469 11.0
470 43.0
471 11.0
472 11.0
473 203.0
474 444.0
475 203.0
476 252.0
477 11.0
478 1254.0
479 33.0
480 38.0
481 11.0
482 203.0
483 203.0
484 38.0
485 203.0
486 33.0
487 203.0
488 443.0
489 43.0
490 114.0
491 203.0
492 1.0
493 11.0
494 114.0
495 252.0
496 0.0
497 54.0
498 33.0
499 33.0
500 32.0
501 203.0
502 203.0
503 203.0
504 11.0
505 203.0
506 203.0
507 1.0
508 38.0
509 30.0
510 2555.0
511 30.0
512 11.0
513 191.0
514 11.0
515 203.0
516 11.0
517 11.0
518 444.0
519 251.0
520 180.0
521 204.0
522 33.0
523 203.0
524 114.0
525 11.0
526 33.0
527 43.0
528 1435.0
529 203.0
530 33.0
531 0.0
532 203.0
533 232.0
534 204.0
535 32.0
536 443.0
537 364.0
538 1435.0
539 1435.0
540 363.0
541 245.0
542 203.0
543 251.0
544 43.0
545 175.0
546 203.0
547 1.0
548 11.0
549 203.0
550 363.0
551 203.0
552 203.0
553 43.0
554 30.0
555 251.0
556 203.0
557 204.0
558 1.0
559 443.0
560 33.0
561 2555.0
562 30.0
563 11.0
564 191.0
565 43.0
566 11.0
567 11.0
568 363.0
569 251.0
570 1.0
571 204.0
572 32.0
573 203.0
574 203.0
575 1435.0
576 1435.0
577 33.0
578 251.0
579 443.0
580 43.0
581 251.0
582 38.0
583 11.0
584 11.0
585 203.0
586 32.0
587 203.0
588 11.0
589 11.0
590 11.0
591 251.0
592 43.0
593 363.0
594 38.0
595 203.0
596 11.0
597 363.0
598 203.0
599 251.0
600 203.0
601 251.0
602 11.0
603 203.0
604 203.0
605 30.0
606 443.0
607 11.0
608 203.0
609 43.0
610 11.0
611 1.0
612 2555.0
613 33.0
614 203.0
615 251.0
616 43.0
617 11.0
618 363.0
619 203.0
620 43.0
621 203.0
622 11.0
623 103.0
624 203.0
625 11.0
626 11.0
627 1817.0
628 43.0
629 251.0
630 1435.0
631 32.0
632 11.0
633 38.0
634 204.0
635 203.0
636 30.0
637 38.0
638 204.0
639 11.0
640 203.0
641 443.0
642 33.0
643 398.0
644 11.0
645 252.0
646 43.0
647 11.0
648 11.0
649 203.0
650 204.0
651 443.0
652 11.0
653 11.0
654 203.0
655 203.0
656 203.0
657 11.0
658 204.0
659 204.0
660 6.0
661 1436.0
662 251.0
663 2555.0
664 0.0
665 220.0
666 11.0
667 203.0
668 363.0
669 235.0
670 2555.0
671 363.0
672 109.0
673 109.0
674 32.0
675 43.0
676 11.0
677 11.0
678 1435.0
679 33.0
680 43.0
681 251.0
682 203.0
683 33.0
684 0.0
685 363.0
686 120.0
687 251.0
688 0.0
689 33.0
690 44.0
691 203.0
692 443.0
693 0.0
694 114.0
695 363.0
696 0.0
697 1435.0
698 98.0
699 251.0
700 11.0
701 43.0
702 43.0
703 251.0
704 204.0
705 11.0
706 1.0
707 1400.0
708 444.0
709 203.0
710 251.0
711 1.0
712 444.0
713 30.0
714 2555.0
715 30.0
716 11.0
717 251.0
718 11.0
719 204.0
720 443.0
721 11.0
722 251.0
723 109.0
724 120.0
725 11.0
726 44.0
727 1435.0
728 204.0
729 1435.0
730 203.0
731 43.0
732 1435.0
733 203.0
734 203.0
735 204.0
736 203.0
737 11.0
738 203.0
739 30.0
740 11.0
741 11.0
742 11.0
743 1436.0
744 32.0
745 204.0
746 204.0
747 38.0
748 251.0
749 11.0
750 203.0
751 203.0
752 363.0
753 1435.0
754 203.0
755 33.0
756 32.0
757 251.0
758 43.0
759 11.0
760 104.0
761 251.0
762 203.0
763 1435.0
764 203.0
765 2555.0
766 204.0
767 11.0
768 32.0
769 43.0
770 11.0
771 11.0
772 251.0
773 11.0
774 203.0
775 203.0
776 251.0
777 30.0
778 251.0
779 203.0
780 363.0
781 33.0
782 33.0
783 1435.0
784 32.0
785 203.0
786 32.0
787 0.0
788 11.0
789 251.0
790 38.0
791 203.0
792 363.0
793 11.0
794 11.0
795 32.0
796 11.0
797 251.0
798 38.0
799 11.0
800 11.0
801 363.0
802 251.0
803 0.0
804 11.0
805 11.0
806 204.0
807 33.0
808 43.0
809 1435.0
810 1435.0
811 251.0
812 251.0
813 3244.0
814 1435.0
815 207.0
816 3244.0
817 0.0
818 203.0
819 251.0
820 11.0
821 203.0
822 11.0
823 251.0
824 444.0
825 363.0
826 11.0
827 43.0
828 31.0
829 11.0
830 252.0
831 1435.0
832 30.0
833 33.0
834 251.0
835 43.0
836 109.0
837 25.0
838 1.0
839 109.0
840 43.0
841 30.0
842 203.0
843 103.0
844 203.0
845 443.0
846 33.0
847 204.0
848 11.0
849 38.0
850 11.0
851 203.0
852 11.0
853 251.0
854 363.0
855 43.0
856 43.0
857 203.0
858 11.0
859 43.0
860 204.0
861 443.0
862 203.0
863 11.0
864 43.0
865 251.0
866 203.0
867 3244.0
868 32.0
869 11.0
870 11.0
871 443.0
872 169.0
873 443.0
874 203.0
875 363.0
876 11.0
877 120.0
878 203.0
879 12.0
880 11.0
881 11.0
882 11.0
883 38.0
884 43.0
885 251.0
886 251.0
887 11.0
888 251.0
889 203.0
890 11.0
891 11.0
892 43.0
893 11.0
894 11.0
895 203.0
896 443.0
897 0.0
898 225.0
899 203.0
900 38.0
901 251.0
902 98.0
903 251.0
904 364.0
905 3244.0
906 43.0
907 203.0
908 11.0
909 109.0
910 203.0
911 11.0
912 3244.0
913 251.0
914 203.0
915 43.0
916 11.0
917 252.0
918 3244.0
919 30.0
920 252.0
921 204.0
922 443.0
923 11.0
924 363.0
925 363.0
926 251.0
927 203.0
928 120.0
929 251.0
930 30.0
931 11.0
932 11.0
933 11.0
934 30.0
935 43.0
936 1436.0
937 203.0
938 224.0
939 204.0
940 203.0
941 11.0
942 251.0
943 43.0
944 203.0
945 251.0
946 33.0
947 11.0
948 32.0
949 114.0
950 203.0
951 443.0
952 11.0
953 11.0
954 252.0
955 251.0
956 43.0
957 11.0
958 103.0
959 114.0
960 11.0
961 43.0
962 43.0
963 11.0
964 11.0
965 44.0
966 11.0
967 11.0
968 30.0
969 3244.0
970 32.0
971 204.0
972 204.0
973 11.0
974 43.0
975 11.0
976 11.0
977 43.0
978 1435.0
979 11.0
980 43.0
981 43.0
982 203.0
983 363.0
984 364.0
985 30.0
986 33.0
987 43.0
988 203.0
989 251.0
990 203.0
991 363.0
992 114.0
993 203.0
994 203.0
995 204.0
996 3.0
997 11.0
998 11.0
999 33.0
1000 203.0
1001 203.0
1002 203.0
1003 43.0
1004 11.0
1005 251.0
1006 363.0
1007 251.0
1008 33.0
1009 104.0
1010 204.0
1011 11.0
1012 11.0
1013 43.0
1014 11.0
1015 363.0
1016 1.0
1017 11.0
1018 251.0
1019 30.0
1020 3244.0
1021 38.0
1022 203.0
1023 43.0
1024 11.0
1025 98.0
1026 11.0
1027 251.0
1028 251.0
1029 11.0
1030 363.0
1031 19.0
1032 30.0
1033 3243.0
1034 251.0
1035 252.0
1036 32.0
1037 251.0
1038 11.0
1039 33.0
1040 38.0
1041 0.0
1042 11.0
1043 109.0
1044 11.0
1045 30.0
1046 203.0
1047 11.0
1048 11.0
1049 443.0
1050 32.0
1051 203.0
1052 11.0
1053 0.0
1054 33.0
1055 11.0
1056 11.0
1057 251.0
1058 251.0
1059 43.0
1060 44.0
1061 33.0
1062 11.0
1063 203.0
1064 1435.0
1065 443.0
1066 203.0
1067 11.0
1068 43.0
1069 443.0
1070 203.0
1071 3244.0
1072 30.0
1073 11.0
1074 204.0
1075 191.0
1076 0.0
1077 43.0
1078 251.0
1079 251.0
1080 11.0
1081 158.0
1082 251.0
1083 203.0
1084 11.0
1085 11.0
1086 252.0
1087 1.0
1088 43.0
1089 1435.0
1090 32.0
1091 251.0
1092 33.0
1093 11.0
1094 1435.0
1095 11.0
1096 32.0
1097 11.0
1098 251.0
1099 203.0
1100 251.0
1101 203.0
1102 203.0
1103 11.0
1104 11.0
1105 11.0
1106 11.0
1107 203.0
1108 203.0
1109 43.0
1110 11.0
1111 31.0
1112 120.0
1113 43.0
1114 363.0
1115 204.0
1116 11.0
1117 11.0
1118 33.0
1119 43.0
1120 11.0
1121 203.0
1122 3244.0
1123 30.0
1124 11.0
1125 252.0
1126 203.0
1127 43.0
1128 443.0
1129 11.0
1130 11.0
1131 363.0
1132 180.0
1133 43.0
1134 30.0
1135 11.0
1136 251.0
1137 11.0
1138 33.0
1139 43.0
1140 1436.0
1141 203.0
1142 203.0
1143 204.0
1144 203.0
1145 11.0
1146 203.0
1147 32.0
1148 251.0
1149 251.0
1150 1435.0
1151 363.0
1152 33.0
1153 251.0
1154 251.0
1155 38.0
1156 11.0
1157 11.0
1158 1.0
1159 251.0
1160 3244.0
1161 11.0
1162 30.0
1163 120.0
1164 11.0
1165 33.0
1166 11.0
1167 11.0
1168 1.0
1169 33.0
1170 203.0
1171 443.0
1172 203.0
1173 3244.0
1174 0.0
1175 218.0
1176 11.0
1177 203.0
1178 1.0
1179 11.0
1180 11.0
1181 443.0
1182 1.0
1183 11.0
1184 43.0
1185 30.0
1186 203.0
1187 252.0
1188 11.0
1189 43.0
1190 252.0
1191 43.0
1192 203.0
1193 33.0
1194 204.0
1195 203.0
1196 444.0
1197 251.0
1198 38.0
1199 203.0
1200 363.0
1201 11.0
1202 11.0
1203 30.0
1204 204.0
1205 204.0
1206 172.0
1207 33.0
1208 11.0
1209 11.0
1210 11.0
1211 251.0
1212 30.0
1213 44.0
1214 33.0
1215 11.0
1216 3244.0
1217 443.0
1218 11.0
1219 103.0
1220 33.0
1221 11.0
1222 32.0
1223 30.0
1224 3244.0
1225 0.0
1226 218.0
1227 651.0
1228 43.0
1229 11.0
1230 43.0
1231 251.0
1232 444.0
1233 251.0
1234 11.0
1235 1.0
1236 43.0
1237 203.0
1238 11.0
1239 252.0
1240 1.0
1241 251.0
1242 3243.0
1243 32.0
1244 109.0
1245 30.0
1246 11.0
1247 203.0
1248 11.0
1249 0.0
1250 203.0
1251 1435.0
1252 203.0
1253 1415.0
1254 203.0
1255 203.0
1256 11.0
1257 174.0
1258 11.0
1259 11.0
1260 251.0
1261 203.0
1262 3243.0
1263 33.0
1264 114.0
1265 203.0
1266 11.0
1267 1.0
1268 1435.0
1269 1435.0
1270 11.0
1271 98.0
1272 43.0
1273 11.0
1274 251.0
1275 3244.0
1276 33.0
1277 11.0
1278 11.0
1279 49.0
1280 443.0
1281 33.0
1282 1415.0
1283 443.0
1284 11.0
1285 109.0
1286 11.0
1287 30.0
1288 11.0
1289 11.0
1290 251.0
1291 30.0
1292 11.0
1293 3243.0
1294 33.0
1295 251.0
1296 251.0
1297 11.0
1298 11.0
1299 251.0
1300 38.0
1301 11.0
1302 11.0
1303 1435.0
1304 251.0
1305 32.0
1306 363.0
1307 363.0
1308 252.0
1309 11.0
1310 11.0
1311 1.0
1312 251.0
1313 43.0
1314 699.0
1315 30.0
1316 11.0
1317 43.0
1318 32.0
1319 251.0
1320 443.0
1321 104.0
1322 30.0
1323 3244.0
1324 204.0
1325 203.0
1326 3244.0
1327 11.0
1328 11.0
1329 11.0
1330 11.0
1331 43.0
1332 443.0
1333 11.0
1334 11.0
1335 251.0
1336 204.0
1337 43.0
1338 6.0
1339 3244.0
1340 11.0
1341 11.0
1342 30.0
1343 11.0
1344 1436.0
1345 203.0
1346 203.0
1347 204.0
1348 1.0
1349 11.0
1350 363.0
1351 38.0
1352 11.0
1353 251.0
1354 11.0
1355 11.0
1356 30.0
1357 3244.0
1358 251.0
1359 11.0
1360 33.0
1361 6.0
1362 11.0
1363 3243.0
1364 11.0
1365 11.0
1366 31.0
1367 32.0
1368 11.0
1369 11.0
1370 43.0
1371 2555.0
1372 175.0
1373 33.0
1374 11.0
1375 38.0
1376 6.0
1377 3244.0
1378 0.0
1379 252.0
1380 3244.0
1381 11.0
1382 363.0
1383 11.0
1384 251.0
1385 364.0
1386 363.0
1387 203.0
1388 203.0
1389 93.0
1390 251.0
1391 363.0
1392 364.0
1393 0.0
1394 103.0
1395 0.0
1396 32.0
1397 33.0
1398 0.0
1399 251.0
1400 11.0
1401 43.0
1402 30.0
1403 17.0
1404 363.0
1405 203.0
1406 33.0
1407 32.0
1408 11.0
1409 11.0
1410 11.0
1411 1436.0
1412 6.0
1413 11.0
1414 11.0
1415 251.0
1416 363.0
1417 114.0
1418 32.0
1419 185.0
1420 203.0
1421 1435.0
1422 11.0
1423 114.0
1424 98.0
1425 11.0
1426 3244.0
1427 203.0
1428 3244.0
1429 0.0
1430 204.0
1431 11.0
1432 38.0
1433 443.0
1434 11.0
1435 251.0
1436 363.0
1437 251.0
1438 11.0
1439 0.0
1440 30.0
1441 11.0
1442 251.0
1443 364.0
1444 33.0
1445 33.0
1446 1241.0
1447 32.0
1448 43.0
1449 0.0
1450 252.0
1451 224.0
1452 251.0
1453 30.0
1454 1.0
1455 11.0
1456 43.0
1457 3244.0
1458 1.0
1459 1435.0
1460 11.0
1461 252.0
1462 43.0
1463 6.0
1464 203.0
1465 251.0
1466 3243.0
1467 43.0
1468 30.0
1469 43.0
1470 11.0
1471 43.0
1472 443.0
1473 443.0
1474 109.0
1475 98.0
1476 3244.0
1477 11.0
1478 43.0
1479 3244.0
1480 30.0
1481 252.0
1482 11.0
1483 11.0
1484 11.0
1485 38.0
1486 363.0
1487 363.0
1488 11.0
1489 203.0
1490 30.0
1491 1.0
1492 11.0
1493 203.0
1494 11.0
1495 25.0
1496 11.0
1497 1435.0
1498 252.0
1499 251.0
1500 25.0
1501 11.0
1502 251.0
1503 11.0
1504 0.0
1505 23.0
1506 11.0
1507 11.0
1508 251.0
1509 33.0
1510 251.0
1511 251.0
1512 11.0
1513 33.0
1514 17.0
1515 11.0
1516 251.0
1517 11.0
1518 652.0
1519 114.0
1520 204.0
1521 185.0
1522 11.0
1523 443.0
1524 443.0
1525 44.0
1526 32.0
1527 3244.0
1528 203.0
1529 33.0
1530 3244.0
1531 30.0
1532 11.0
1533 11.0
1534 33.0
1535 3244.0
1536 251.0
1537 11.0
1538 251.0
1539 11.0
1540 204.0
1541 30.0
1542 6.0
1543 204.0
1544 203.0
1545 1817.0
1546 11.0
1547 204.0
1548 191.0
1549 104.0
1550 191.0
1551 180.0
1552 191.0
1553 185.0
1554 114.0
1555 180.0
1556 191.0
1557 191.0
1558 191.0
1559 114.0
1560 104.0
1561 191.0
1562 191.0
1563 191.0
1564 191.0
1565 120.0
1566 191.0
1567 191.0
1568 191.0
1569 191.0
1570 175.0
1571 32.0
1572 185.0
1573 191.0
1574 185.0
1575 191.0
1576 38.0
1577 38.0
1578 191.0
1579 38.0
1580 203.0
1581 191.0
1582 180.0
1583 175.0
1584 191.0
1585 44.0
1586 191.0
1587 191.0
1588 185.0
1589 191.0
1590 191.0
1591 191.0
1592 104.0
1593 104.0
1594 191.0
1595 191.0
1596 191.0
1597 38.0
1598 203.0
1599 185.0
1600 191.0
1601 203.0
1602 169.0
1603 204.0
1604 191.0
1605 204.0
1606 38.0
1607 185.0
1608 191.0
1609 38.0
1610 109.0
1611 186.0
1612 191.0
1613 191.0
1614 191.0
1615 114.0
1616 191.0
1617 191.0
1618 191.0
1619 191.0
1620 191.0
1621 33.0
1622 120.0
1623 114.0
1624 191.0
1625 191.0
1626 191.0
1627 0.0
1628 104.0
1629 191.0
1630 191.0
1631 180.0
1632 191.0
1633 38.0
1634 191.0
1635 191.0
1636 191.0
1637 191.0
1638 0.0
1639 203.0
1640 191.0
1641 185.0
1642 191.0
1643 33.0
1644 114.0
1645 191.0
1646 191.0
1647 191.0
1648 180.0
1649 185.0
1650 191.0
1651 191.0
1652 30.0
1653 33.0
1654 204.0
1655 204.0
1656 204.0
1657 180.0
1658 185.0
1659 191.0
1660 191.0
1661 191.0
1662 186.0
1663 191.0
1664 191.0
1665 191.0
1666 191.0
1667 120.0
1668 204.0
1669 191.0
1670 191.0
1671 191.0
1672 38.0
1673 32.0
1674 114.0
1675 185.0
1676 191.0
1677 114.0
1678 0.0
1679 33.0
1680 191.0
1681 191.0
1682 33.0
1683 191.0
1684 38.0
1685 191.0
1686 191.0
1687 191.0
1688 191.0
1689 109.0
1690 191.0
1691 191.0
1692 204.0
1693 204.0
1694 109.0
1695 38.0
1696 191.0
1697 191.0
1698 191.0
1699 114.0
1700 185.0
1701 191.0
1702 114.0
1703 191.0
1704 180.0
1705 185.0
1706 191.0
1707 191.0
1708 186.0
1709 185.0
1710 191.0
1711 191.0
1712 43.0
1713 186.0
1714 191.0
1715 191.0
1716 191.0
1717 186.0
1718 191.0
1719 191.0
1720 191.0
1721 191.0
1722 191.0
1723 38.0
1724 32.0
1725 204.0
1726 185.0
1727 114.0
1728 191.0
1729 38.0
1730 175.0
1731 191.0
1732 185.0
1733 203.0
1734 191.0
1735 38.0
1736 25.0
1737 186.0
1738 49.0
1739 191.0
1740 191.0
1741 185.0
1742 191.0
1743 185.0
1744 191.0
1745 114.0
1746 114.0
1747 191.0
1748 191.0
1749 191.0
1750 33.0
1751 185.0
1752 191.0
1753 191.0
1754 191.0
1755 191.0
1756 114.0
1757 191.0
1758 114.0
1759 33.0
1760 191.0
1761 191.0
1762 191.0
1763 114.0
1764 104.0
1765 191.0
1766 191.0
1767 191.0
1768 191.0
1769 191.0
1770 191.0
1771 191.0
1772 191.0
1773 191.0
1774 33.0
1775 191.0
1776 185.0
1777 191.0
1778 191.0
1779 191.0
1780 0.0
1781 104.0
1782 191.0
1783 191.0
1784 203.0
1785 191.0
1786 1.0
1787 191.0
1788 191.0
1789 191.0
1790 191.0
1791 38.0
1792 191.0
1793 191.0
1794 191.0
1795 191.0
1796 33.0
1797 114.0
1798 191.0
1799 191.0
1800 191.0
1801 33.0
1802 191.0
1803 191.0
1804 191.0
1805 203.0
1806 185.0
1807 204.0
1808 191.0
1809 185.0
1810 33.0
1811 191.0
1812 191.0
1813 191.0
1814 114.0
1815 186.0
1816 191.0
1817 191.0
1818 191.0
1819 191.0
1820 120.0
1821 191.0
1822 191.0
1823 191.0
1824 191.0
1825 32.0
1826 191.0
1827 191.0
1828 191.0
1829 114.0
1830 191.0
1831 0.0
1832 104.0
1833 191.0
1834 191.0
1835 203.0
1836 191.0
1837 33.0
1838 191.0
1839 114.0
1840 191.0
1841 191.0
1842 44.0
1843 191.0
1844 191.0
1845 191.0
1846 185.0
1847 109.0
1848 32.0
1849 191.0
1850 191.0
1851 191.0
1852 114.0
1853 191.0
1854 191.0
1855 114.0
1856 0.0
1857 180.0
1858 175.0
1859 191.0
1860 204.0
1861 25.0
1862 191.0
1863 191.0
1864 191.0
1865 191.0
1866 185.0
1867 191.0
1868 185.0
1869 185.0
1870 191.0
1871 120.0
1872 191.0
1873 191.0
1874 191.0
1875 191.0
1876 38.0
1877 203.0
1878 114.0
1879 185.0
1880 191.0
1881 43.0
1882 38.0
1883 30.0
1884 191.0
1885 191.0
1886 191.0
1887 191.0
1888 33.0
1889 44.0
1890 185.0
1891 38.0
1892 191.0
1893 191.0
1894 185.0
1895 191.0
1896 191.0
1897 191.0
1898 114.0
1899 103.0
1900 191.0
1901 191.0
1902 191.0
1903 109.0
1904 185.0
1905 191.0
1906 114.0
1907 191.0
1908 175.0
1909 185.0
1910 191.0
1911 204.0
1912 33.0
1913 185.0
1914 191.0
1915 191.0
1916 43.0
1917 32.0
1918 191.0
1919 120.0
1920 191.0
1921 191.0
1922 191.0
1923 191.0
1924 191.0
1925 191.0
1926 191.0
1927 175.0
1928 33.0
1929 191.0
1930 191.0
1931 191.0
1932 191.0
1933 38.0
1934 33.0
1935 191.0
1936 191.0
1937 203.0
1938 191.0
1939 180.0
1940 191.0
1941 191.0
1942 114.0
1943 191.0
1944 191.0
1945 185.0
1946 191.0
1947 185.0
1948 204.0
1949 33.0
1950 191.0
1951 191.0
1952 191.0
1953 191.0
1954 114.0
1955 191.0
1956 185.0
1957 191.0
1958 114.0
1959 185.0
1960 114.0
1961 191.0
1962 114.0
1963 203.0
1964 185.0
1965 191.0
1966 38.0
1967 109.0
1968 191.0
1969 191.0
1970 191.0
1971 191.0
1972 191.0
1973 191.0
1974 191.0
1975 191.0
1976 191.0
1977 191.0
1978 30.0
1979 191.0
1980 191.0
1981 191.0
1982 191.0
1983 191.0
1984 38.0
1985 109.0
1986 191.0
1987 191.0
1988 191.0
1989 191.0
1990 180.0
1991 191.0
1992 191.0
1993 191.0
1994 191.0
1995 44.0
1996 185.0
1997 191.0
1998 191.0
1999 186.0
2000 109.0
2001 114.0
2002 191.0
2003 191.0
2004 191.0
2005 1.0
2006 185.0
2007 191.0
2008 191.0
2009 114.0
2010 203.0
2011 191.0
2012 191.0
2013 114.0
2014 180.0
2015 191.0
2016 191.0
2017 185.0
2018 109.0
2019 104.0
2020 191.0
2021 191.0
2022 191.0
2023 191.0
2024 120.0
2025 191.0
2026 191.0
2027 191.0
2028 191.0
2029 38.0
2030 203.0
2031 114.0
2032 191.0
2033 191.0
2034 191.0
2035 38.0
2036 25.0
2037 191.0
2038 191.0
2039 180.0
2040 191.0
2041 33.0
2042 204.0
2043 191.0
2044 191.0
2045 191.0
2046 44.0
2047 203.0
2048 191.0
2049 191.0
2050 185.0
2051 203.0
2052 114.0
2053 191.0
2054 38.0
2055 191.0
2056 33.0
2057 43.0
2058 191.0
2059 104.0
2060 191.0
2061 43.0
2062 87.0
2063 191.0
2064 204.0
2065 33.0
2066 185.0
2067 191.0
2068 191.0
2069 1.0
2070 114.0
2071 191.0
2072 191.0
2073 191.0
2074 191.0
2075 203.0
2076 191.0
2077 191.0
2078 191.0
2079 191.0
2080 33.0
2081 203.0
2082 114.0
2083 191.0
2084 191.0
2085 191.0
2086 6.0
2087 38.0
2088 191.0
2089 191.0
2090 191.0
2091 191.0
2092 0.0
2093 191.0
2094 191.0
2095 191.0
2096 191.0
2097 191.0
2098 191.0
2099 191.0
2100 191.0
2101 191.0
2102 33.0
2103 175.0
2104 191.0
2105 191.0
2106 186.0
2107 38.0
2108 114.0
2109 191.0
2110 114.0
2111 186.0
2112 33.0
2113 120.0
2114 191.0
2115 114.0
2116 180.0
2117 185.0
2118 191.0
2119 38.0
2120 1.0
2121 191.0
2122 191.0
2123 185.0
2124 191.0
2125 191.0
2126 191.0
2127 191.0
2128 191.0
2129 191.0
2130 191.0
2131 25.0
2132 33.0
2133 185.0
2134 191.0
2135 191.0
2136 191.0
2137 180.0
2138 33.0
2139 191.0
2140 191.0
2141 203.0
2142 191.0
2143 0.0
2144 191.0
2145 191.0
2146 191.0
2147 191.0
2148 44.0
2149 185.0
2150 191.0
2151 191.0
2152 191.0
2153 114.0
2154 109.0
2155 191.0
2156 191.0
2157 6.0
2158 33.0
2159 191.0
2160 185.0
2161 191.0
2162 114.0
2163 185.0
2164 120.0
2165 191.0
2166 204.0
2167 180.0
2168 185.0
2169 191.0
2170 191.0
2171 109.0
2172 104.0
2173 191.0
2174 191.0
2175 191.0
2176 191.0
2177 191.0
2178 191.0
2179 191.0
2180 191.0
2181 191.0
2182 38.0
2183 191.0
2184 114.0
2185 191.0
2186 191.0
2187 191.0
2188 38.0
2189 33.0
2190 191.0
2191 191.0
2192 203.0
2193 191.0
2194 180.0
2195 191.0
2196 191.0
2197 191.0
2198 191.0
2199 186.0
2200 186.0
2201 191.0
2202 191.0
2203 191.0
2204 114.0
2205 114.0
2206 191.0
2207 191.0
2208 191.0
2209 38.0
2210 185.0
2211 191.0
2212 191.0
2213 191.0
2214 191.0
2215 186.0
2216 191.0
2217 204.0
2218 33.0
2219 191.0
2220 191.0
2221 191.0
2222 114.0
2223 191.0
2224 191.0
2225 191.0
2226 191.0
2227 191.0
2228 120.0
2229 191.0
2230 191.0
2231 191.0
2232 191.0
2233 30.0
2234 32.0
2235 175.0
2236 191.0
2237 191.0
2238 191.0
2239 38.0
2240 114.0
2241 191.0
2242 191.0
2243 191.0
2244 191.0
2245 38.0
2246 186.0
2247 191.0
2248 191.0
2249 191.0
2250 191.0
2251 191.0
2252 191.0
2253 191.0
2254 191.0
2255 33.0
2256 114.0
2257 191.0
2258 191.0
2259 185.0
2260 109.0
2261 185.0
2262 191.0
2263 191.0
2264 204.0
2265 203.0
2266 204.0
2267 191.0
2268 191.0
2269 203.0
2270 191.0
2271 191.0
2272 191.0
2273 191.0
2274 185.0
2275 191.0
2276 185.0
2277 191.0
2278 191.0
2279 191.0
2280 191.0
2281 185.0
2282 191.0
2283 191.0
2284 25.0
2285 32.0
2286 191.0
2287 191.0
2288 191.0
2289 191.0
2290 38.0
2291 33.0
2292 191.0
2293 191.0
2294 203.0
2295 191.0
2296 109.0
2297 175.0
2298 191.0
2299 191.0
2300 191.0
2301 191.0
2302 114.0
2303 191.0
2304 191.0
2305 191.0
2306 185.0
2307 175.0
2308 191.0
2309 191.0
2310 186.0
2311 180.0
2312 114.0
2313 191.0
2314 114.0
2315 38.0
2316 185.0
2317 185.0
2318 191.0
2319 114.0
2320 180.0
2321 191.0
2322 191.0
2323 191.0
2324 191.0
2325 185.0
2326 191.0
2327 120.0
2328 191.0
2329 191.0
2330 191.0
2331 186.0
2332 204.0
2333 191.0
2334 191.0
2335 33.0
2336 191.0
2337 186.0
2338 191.0
2339 191.0
2340 191.0
2341 0.0
2342 38.0
2343 191.0
2344 191.0
2345 203.0
2346 191.0
2347 1.0
2348 191.0
2349 191.0
2350 191.0
2351 191.0
2352 191.0
2353 203.0
2354 191.0
2355 191.0
2356 191.0
2357 114.0
2358 109.0
2359 109.0
2360 191.0
2361 186.0
2362 38.0
2363 191.0
2364 191.0
2365 191.0
2366 38.0
2367 185.0
2368 204.0
2369 191.0
2370 191.0
2371 114.0
2372 185.0
2373 191.0
2374 191.0
2375 114.0
2376 43.0
2377 191.0
2378 191.0
2379 191.0
2380 191.0
2381 114.0
2382 204.0
2383 191.0
2384 191.0
2385 191.0
2386 204.0
2387 204.0
2388 33.0
2389 191.0
2390 191.0
2391 191.0
2392 174.0
2393 109.0
2394 191.0
2395 191.0
2396 109.0
2397 191.0
2398 180.0
2399 191.0
2400 191.0
2401 191.0
2402 191.0
2403 44.0
2404 203.0
2405 191.0
2406 191.0
2407 191.0
2408 98.0
2409 104.0
2410 191.0
2411 191.0
2412 191.0
2413 180.0
2414 191.0
2415 191.0
2416 191.0
2417 186.0
2418 203.0
2419 175.0
2420 191.0
2421 204.0
2422 33.0
2423 185.0
2424 191.0
2425 191.0
2426 191.0
2427 185.0
2428 191.0
2429 49.0
2430 191.0
2431 191.0
2432 191.0
2433 114.0
2434 185.0
2435 191.0
2436 191.0
2437 30.0
2438 33.0
2439 191.0
2440 191.0
2441 191.0
2442 191.0
2443 33.0
2444 109.0
2445 191.0
2446 191.0
2447 114.0
2448 191.0
2449 33.0
2450 175.0
2451 191.0
2452 191.0
2453 191.0
2454 191.0
2455 191.0
2456 191.0
2457 191.0
2458 186.0
2459 180.0
2460 109.0
2461 191.0
2462 191.0
2463 191.0
2464 109.0
2465 185.0
2466 191.0
2467 114.0
2468 191.0
2469 191.0
2470 114.0
2471 49.0
2472 191.0
2473 186.0
2474 191.0
2475 191.0
2476 191.0
2477 38.0
2478 191.0
2479 191.0
2480 191.0
2481 191.0
2482 191.0
2483 191.0
2484 191.0
2485 186.0
2486 191.0
2487 191.0
2488 38.0
2489 33.0
2490 204.0
2491 191.0
2492 191.0
2493 191.0
2494 109.0
2495 185.0
2496 191.0
2497 38.0
2498 203.0
2499 191.0
2500 33.0
2501 191.0
2502 191.0
2503 191.0
2504 191.0
2505 191.0
2506 185.0
2507 191.0
2508 191.0
2509 191.0
2510 191.0
2511 32.0
2512 191.0
2513 191.0
2514 191.0
2515 114.0
2516 191.0
2517 191.0
2518 191.0
2519 191.0
2520 204.0
2521 191.0
2522 191.0
2523 114.0
2524 191.0
2525 191.0
2526 191.0
2527 191.0
2528 109.0
2529 0.0
2530 191.0
2531 185.0
2532 191.0
2533 191.0
2534 109.0
2535 204.0
2536 204.0
2537 191.0
2538 191.0
2539 32.0
2540 191.0
2541 104.0
2542 191.0
2543 191.0
2544 191.0
2545 0.0
2546 25.0
2547 191.0
2548 191.0
2549 203.0
2550 191.0
2551 0.0
2552 191.0
2553 191.0
2554 6.0
2555 191.0
2556 38.0
2557 204.0
2558 191.0
2559 191.0
2560 191.0
2561 114.0
2562 104.0
2563 191.0
2564 191.0
2565 191.0
2566 109.0
2567 191.0
2568 191.0
2569 191.0
2570 191.0
2571 191.0
2572 98.0
2573 191.0
2574 204.0
2575 38.0
2576 185.0
2577 191.0
2578 191.0
2579 191.0
2580 185.0
2581 191.0
2582 191.0
2583 191.0
2584 191.0
2585 109.0
2586 114.0
2587 191.0
2588 191.0
2589 191.0
2590 30.0
2591 32.0
2592 204.0
2593 191.0
2594 191.0
2595 191.0
2596 0.0
2597 191.0
2598 191.0
2599 191.0
2600 114.0
2601 191.0
2602 0.0
2603 191.0
2604 191.0
2605 12.0
2606 191.0
2607 44.0
2608 203.0
2609 191.0
2610 191.0
2611 191.0
2612 180.0
2613 104.0
2614 191.0
2615 191.0
2616 191.0
2617 114.0
2618 185.0
2619 191.0
2620 191.0
2621 191.0
2622 186.0
2623 32.0
2624 32.0
2625 191.0
2626 49.0
2627 185.0
2628 191.0
2629 191.0
2630 114.0
2631 185.0
2632 191.0
2633 191.0
2634 191.0
2635 191.0
2636 185.0
2637 185.0
2638 185.0
2639 191.0
2640 191.0
2641 38.0
2642 191.0
2643 191.0
2644 191.0
2645 191.0
2646 191.0
2647 38.0
2648 109.0
2649 191.0
2650 191.0
2651 203.0
2652 191.0
2653 25.0
2654 191.0
2655 191.0
2656 191.0
2657 191.0
2658 191.0
2659 114.0
2660 191.0
2661 191.0
2662 191.0
2663 38.0
2664 32.0
2665 191.0
2666 191.0
2667 186.0
2668 109.0
2669 185.0
2670 191.0
2671 191.0
2672 191.0
2673 191.0
2674 120.0
2675 49.0
2676 114.0
2677 114.0
2678 191.0
2679 191.0
2680 191.0
2681 43.0
2682 0.0
2683 191.0
2684 191.0
2685 191.0
2686 191.0
2687 185.0
2688 204.0
2689 185.0
2690 191.0
2691 191.0
2692 38.0
2693 204.0
2694 175.0
2695 191.0
2696 191.0
2697 191.0
2698 0.0
2699 109.0
2700 191.0
2701 191.0
2702 203.0
2703 191.0
2704 25.0
2705 191.0
2706 191.0
2707 191.0
2708 191.0
2709 38.0
2710 114.0
2711 191.0
2712 191.0
2713 204.0
2714 104.0
2715 175.0
2716 191.0
2717 191.0
2718 191.0
2719 109.0
2720 114.0
2721 191.0
2722 191.0
2723 191.0
2724 191.0
2725 32.0
2726 191.0
2727 114.0
2728 114.0
2729 185.0
2730 191.0
2731 191.0
2732 114.0
2733 191.0
2734 191.0
2735 191.0
2736 191.0
2737 191.0
2738 33.0
2739 191.0
2740 191.0
2741 191.0
2742 191.0
2743 93.0
2744 0.0
2745 191.0
2746 191.0
2747 191.0
2748 191.0
2749 32.0
2750 175.0
2751 191.0
2752 191.0
2753 203.0
2754 191.0
2755 25.0
2756 191.0
2757 191.0
2758 38.0
2759 191.0
2760 109.0
2761 114.0
2762 191.0
2763 191.0
2764 191.0
2765 180.0
2766 104.0
2767 191.0
2768 191.0
2769 191.0
2770 114.0
2771 185.0
2772 191.0
2773 185.0
2774 6.0
2775 191.0
2776 114.0
2777 191.0
2778 175.0
2779 49.0
2780 191.0
2781 191.0
2782 191.0
2783 114.0
2784 185.0
2785 191.0
2786 191.0
2787 191.0
2788 191.0
2789 191.0
2790 191.0
2791 204.0
2792 191.0
2793 191.0
2794 32.0
2795 33.0
2796 25.0
2797 191.0
2798 191.0
2799 191.0
2800 38.0
2801 114.0
2802 191.0
2803 191.0
2804 33.0
2805 191.0
2806 38.0
2807 186.0
2808 191.0
2809 185.0
2810 191.0
2811 191.0
2812 44.0
2813 191.0
2814 191.0
2815 191.0
2816 38.0
2817 109.0
2818 191.0
2819 191.0
2820 191.0
2821 191.0
2822 185.0
2823 191.0
2824 191.0
2825 185.0
2826 191.0
2827 185.0
2828 44.0
2829 43.0
2830 6.0
2831 191.0
2832 191.0
2833 191.0
2834 6.0
2835 30.0
2836 191.0
2837 191.0
2838 191.0
2839 191.0
2840 191.0
2841 191.0
2842 191.0
2843 191.0
2844 191.0
2845 38.0
2846 191.0
2847 25.0
2848 191.0
2849 191.0
2850 191.0
2851 38.0
2852 185.0
2853 191.0
2854 191.0
2855 203.0
2856 191.0
2857 25.0
2858 191.0
2859 191.0
2860 191.0
2861 191.0
2862 114.0
2863 185.0
2864 191.0
2865 191.0
2866 191.0
2867 104.0
2868 109.0
2869 191.0
2870 191.0
2871 174.0
2872 109.0
2873 191.0
2874 191.0
2875 191.0
2876 191.0
2877 186.0
2878 98.0
2879 191.0
2880 186.0
2881 114.0
2882 191.0
2883 191.0
2884 191.0
2885 109.0
2886 191.0
2887 191.0
2888 191.0
2889 191.0
2890 191.0
2891 186.0
2892 204.0
2893 185.0
2894 191.0
2895 191.0
2896 38.0
2897 32.0
2898 191.0
2899 191.0
2900 191.0
2901 191.0
2902 0.0
2903 109.0
2904 191.0
2905 191.0
2906 203.0
2907 191.0
2908 0.0
2909 191.0
2910 191.0
2911 191.0
2912 191.0
2913 0.0
2914 114.0
2915 191.0
2916 191.0
2917 191.0
2918 33.0
2919 114.0
2920 191.0
2921 191.0
2922 114.0
2923 33.0
2924 114.0
2925 191.0
2926 191.0
2927 0.0
2928 204.0
2929 185.0
2930 191.0
2931 169.0
2932 204.0
2933 191.0
2934 191.0
2935 191.0
2936 109.0
2937 185.0
2938 191.0
2939 191.0
2940 191.0
2941 191.0
2942 163.0
2943 191.0
2944 204.0
2945 191.0
2946 191.0
2947 93.0
2948 0.0
2949 191.0
