1 25.0
2 0.0
3 30.0
4 169.0
5 202.0
6 25.0
7 32.0
8 0.0
9 32.0
10 98.0
11 38.0
12 0.0
13 0.0
14 29.0
15 33.0
16 203.0
17 38.0
18 203.0
19 44.0
20 0.0
21 0.0
22 203.0
23 0.0
24 0.0
25 49.0
26 0.0
27 87.0
28 0.0
29 38.0
30 31.0
31 9.0
32 32.0
33 203.0
34 25.0
35 103.0
36 6.0
37 164.0
38 0.0
39 0.0
40 185.0
41 38.0
42 203.0
43 0.0
44 32.0
45 0.0
46 32.0
47 32.0
48 32.0
49 0.0
50 0.0
51 203.0
52 25.0
53 98.0
54 87.0
55 0.0
56 202.0
57 202.0
58 32.0
59 0.0
60 32.0
61 98.0
62 98.0
63 38.0
64 203.0
65 29.0
66 203.0
67 203.0
68 203.0
69 203.0
70 203.0
71 109.0
72 104.0
73 203.0
74 203.0
75 0.0
76 49.0
77 33.0
78 87.0
79 0.0
80 38.0
81 38.0
82 204.0
83 0.0
84 203.0
85 32.0
86 103.0
87 0.0
88 164.0
89 0.0
90 191.0
91 185.0
92 204.0
93 203.0
94 0.0
95 32.0
96 25.0
97 32.0
98 32.0
99 32.0
100 32.0
101 0.0
102 204.0
103 0.0
104 30.0
105 169.0
106 191.0
107 202.0
108 202.0
109 0.0
110 0.0
111 104.0
112 98.0
113 92.0
114 109.0
115 29.0
116 203.0
117 203.0
118 203.0
119 203.0
120 203.0
121 103.0
122 203.0
123 104.0
124 203.0
125 225.0
126 6.0
127 49.0
128 32.0
129 87.0
130 32.0
131 38.0
132 21.0
133 0.0
134 204.0
135 203.0
136 0.0
137 103.0
138 0.0
139 164.0
140 196.0
141 43.0
142 204.0
143 169.0
144 204.0
145 204.0
146 32.0
147 203.0
148 32.0
149 32.0
150 32.0
151 0.0
152 33.0
153 225.0
154 0.0
155 30.0
156 158.0
157 120.0
158 202.0
159 202.0
160 191.0
161 203.0
162 98.0
163 0.0
164 114.0
165 204.0
166 0.0
167 203.0
168 203.0
169 203.0
170 203.0
171 203.0
172 38.0
173 169.0
174 0.0
175 203.0
176 204.0
177 251.0
178 49.0
179 33.0
180 87.0
181 32.0
182 38.0
183 203.0
184 0.0
185 204.0
186 38.0
187 25.0
188 103.0
189 25.0
190 196.0
191 203.0
192 169.0
193 169.0
194 169.0
195 169.0
196 1.0
197 98.0
198 204.0
199 32.0
200 32.0
201 32.0
202 33.0
203 32.0
204 251.0
205 87.0
206 0.0
207 109.0
208 169.0
209 202.0
210 196.0
211 30.0
212 0.0
213 203.0
214 109.0
215 204.0
216 32.0
217 204.0
218 203.0
219 203.0
220 203.0
221 203.0
222 203.0
223 43.0
224 169.0
225 30.0
226 204.0
227 251.0
228 203.0
229 252.0
230 98.0
231 87.0
232 32.0
233 30.0
234 203.0
235 32.0
236 204.0
237 204.0
238 0.0
239 103.0
240 0.0
241 185.0
242 203.0
243 169.0
244 204.0
245 203.0
246 169.0
247 204.0
248 38.0
249 204.0
250 204.0
251 32.0
252 33.0
253 30.0
254 32.0
255 252.0
256 30.0
257 0.0
258 109.0
259 120.0
260 202.0
261 202.0
262 30.0
263 25.0
264 93.0
265 204.0
266 38.0
267 203.0
268 169.0
269 175.0
270 203.0
271 203.0
272 203.0
273 203.0
274 104.0
275 180.0
276 32.0
277 203.0
278 218.0
279 203.0
280 251.0
281 204.0
282 98.0
283 114.0
284 30.0
285 204.0
286 204.0
287 204.0
288 203.0
289 204.0
290 103.0
291 14.0
292 174.0
293 203.0
294 185.0
295 185.0
296 169.0
297 169.0
298 158.0
299 12.0
300 203.0
301 204.0
302 32.0
303 33.0
304 33.0
305 38.0
306 252.0
307 25.0
308 169.0
309 98.0
310 203.0
311 202.0
312 202.0
313 0.0
314 32.0
315 204.0
316 204.0
317 38.0
318 114.0
319 204.0
320 203.0
321 203.0
322 203.0
323 203.0
324 203.0
325 38.0
326 203.0
327 0.0
328 204.0
329 251.0
330 0.0
331 251.0
332 252.0
333 204.0
334 0.0
335 32.0
336 32.0
337 204.0
338 204.0
339 204.0
340 212.0
341 204.0
342 14.0
343 158.0
344 196.0
345 204.0
346 169.0
347 169.0
348 251.0
349 158.0
350 203.0
351 203.0
352 203.0
353 204.0
354 251.0
355 38.0
356 32.0
357 252.0
358 158.0
359 30.0
360 0.0
361 0.0
362 120.0
363 202.0
364 203.0
365 204.0
366 204.0
367 204.0
368 114.0
369 114.0
370 204.0
371 203.0
372 25.0
373 203.0
374 203.0
375 203.0
376 38.0
377 180.0
378 0.0
379 251.0
380 203.0
381 0.0
382 203.0
383 252.0
384 204.0
385 204.0
386 30.0
387 204.0
388 32.0
389 203.0
390 251.0
391 240.0
392 220.0
393 25.0
394 0.0
395 251.0
396 204.0
397 169.0
398 169.0
399 331.0
400 204.0
401 180.0
402 204.0
403 203.0
404 32.0
405 32.0
406 4.0
407 32.0
408 331.0
409 158.0
410 147.0
411 0.0
412 120.0
413 203.0
414 3.0
415 204.0
416 204.0
417 204.0
418 204.0
419 38.0
420 40.0
421 204.0
422 204.0
423 203.0
424 203.0
425 38.0
426 203.0
427 103.0
428 180.0
429 32.0
430 252.0
431 218.0
432 204.0
433 251.0
434 252.0
435 252.0
436 204.0
437 203.0
438 203.0
439 30.0
440 204.0
441 199.0
442 226.0
443 244.0
444 203.0
445 169.0
446 204.0
447 251.0
448 180.0
449 32.0
450 204.0
451 0.0
452 204.0
453 204.0
454 204.0
455 30.0
456 38.0
457 38.0
458 76.0
459 331.0
460 158.0
461 0.0
462 147.0
463 120.0
464 125.0
465 204.0
466 203.0
467 251.0
468 204.0
469 204.0
470 44.0
471 32.0
472 204.0
473 204.0
474 203.0
475 203.0
476 203.0
477 203.0
478 44.0
479 180.0
480 203.0
481 252.0
482 251.0
483 203.0
484 251.0
485 252.0
486 252.0
487 203.0
488 204.0
489 203.0
490 204.0
491 226.0
492 251.0
493 204.0
494 244.0
495 203.0
496 203.0
497 120.0
498 0.0
499 169.0
500 169.0
501 251.0
502 0.0
503 6.0
504 203.0
505 203.0
506 38.0
507 33.0
508 38.0
509 25.0
510 331.0
511 93.0
512 169.0
513 120.0
514 0.0
515 203.0
516 203.0
517 203.0
518 204.0
519 204.0
520 203.0
521 204.0
522 204.0
523 204.0
524 204.0
525 203.0
526 203.0
527 203.0
528 203.0
529 203.0
530 180.0
531 0.0
532 251.0
533 204.0
534 0.0
535 252.0
536 252.0
537 204.0
538 252.0
539 38.0
540 30.0
541 204.0
542 251.0
543 203.0
544 223.0
545 244.0
546 203.0
547 147.0
548 204.0
549 204.0
550 169.0
551 109.0
552 203.0
553 192.0
554 203.0
555 204.0
556 204.0
557 38.0
558 184.0
559 38.0
560 147.0
561 331.0
562 158.0
563 87.0
564 0.0
565 0.0
566 0.0
567 204.0
568 203.0
569 204.0
570 251.0
571 204.0
572 204.0
573 114.0
574 204.0
575 180.0
576 204.0
577 203.0
578 38.0
579 203.0
580 93.0
581 203.0
582 203.0
583 251.0
584 204.0
585 251.0
586 252.0
587 251.0
588 252.0
589 203.0
590 30.0
591 30.0
592 231.0
593 229.0
594 229.0
595 226.0
596 244.0
597 251.0
598 178.0
599 204.0
600 204.0
601 180.0
602 38.0
603 395.0
604 169.0
605 203.0
606 204.0
607 204.0
608 30.0
609 33.0
610 38.0
611 158.0
612 395.0
613 0.0
614 0.0
615 120.0
616 0.0
617 0.0
618 251.0
619 93.0
620 251.0
621 204.0
622 252.0
623 204.0
624 204.0
625 204.0
626 204.0
627 203.0
628 203.0
629 38.0
630 203.0
631 169.0
632 180.0
633 33.0
634 204.0
635 252.0
636 203.0
637 251.0
638 252.0
639 251.0
640 203.0
641 38.0
642 204.0
643 224.0
644 240.0
645 185.0
646 240.0
647 251.0
648 240.0
649 32.0
650 203.0
651 11.0
652 185.0
653 180.0
654 251.0
655 203.0
656 204.0
657 32.0
658 204.0
659 38.0
660 0.0
661 9.0
662 32.0
663 395.0
664 98.0
665 0.0
666 0.0
667 125.0
668 204.0
669 251.0
670 203.0
671 204.0
672 203.0
673 251.0
674 251.0
675 32.0
676 204.0
677 203.0
678 203.0
679 204.0
680 203.0
681 203.0
682 93.0
683 203.0
684 32.0
685 204.0
686 204.0
687 203.0
688 251.0
689 252.0
690 252.0
691 203.0
692 38.0
693 240.0
694 251.0
695 240.0
696 204.0
697 213.0
698 251.0
699 251.0
700 14.0
701 203.0
702 32.0
703 169.0
704 169.0
705 203.0
706 204.0
707 12.0
708 32.0
709 203.0
710 204.0
711 0.0
712 38.0
713 158.0
714 395.0
715 147.0
716 30.0
717 0.0
718 0.0
719 204.0
720 204.0
721 204.0
722 204.0
723 33.0
724 204.0
725 251.0
726 251.0
727 204.0
728 204.0
729 203.0
730 204.0
731 203.0
732 203.0
733 203.0
734 180.0
735 204.0
736 251.0
737 214.0
738 204.0
739 251.0
740 251.0
741 204.0
742 30.0
743 203.0
744 235.0
745 240.0
746 229.0
747 185.0
748 240.0
749 251.0
750 204.0
751 14.0
752 204.0
753 204.0
754 180.0
755 180.0
756 203.0
757 203.0
758 203.0
759 204.0
760 203.0
761 38.0
762 33.0
763 25.0
764 147.0
765 395.0
766 158.0
767 169.0
768 109.0
769 0.0
770 204.0
771 251.0
772 204.0
773 251.0
774 251.0
775 251.0
776 252.0
777 204.0
778 203.0
779 204.0
780 204.0
781 204.0
782 203.0
783 203.0
784 203.0
785 204.0
786 0.0
787 251.0
788 204.0
789 251.0
790 252.0
791 204.0
792 204.0
793 203.0
794 204.0
795 229.0
796 224.0
797 203.0
798 251.0
799 251.0
800 244.0
801 251.0
802 32.0
803 204.0
804 204.0
805 180.0
806 180.0
807 349.0
808 395.0
809 180.0
810 204.0
811 204.0
812 32.0
813 38.0
814 32.0
815 158.0
816 395.0
817 158.0
818 147.0
819 120.0
820 0.0
821 203.0
822 251.0
823 204.0
824 204.0
825 252.0
826 251.0
827 251.0
828 203.0
829 251.0
830 204.0
831 32.0
832 204.0
833 186.0
834 203.0
835 103.0
836 204.0
837 203.0
838 252.0
839 251.0
840 204.0
841 251.0
842 204.0
843 252.0
844 204.0
845 49.0
846 240.0
847 230.0
848 230.0
849 203.0
850 204.0
851 251.0
852 244.0
853 1.0
854 203.0
855 204.0
856 169.0
857 180.0
858 251.0
859 349.0
860 32.0
861 204.0
862 204.0
863 38.0
864 203.0
865 38.0
866 158.0
867 395.0
868 158.0
869 158.0
870 120.0
871 203.0
872 204.0
873 204.0
874 204.0
875 203.0
876 203.0
877 252.0
878 252.0
879 204.0
880 203.0
881 204.0
882 203.0
883 203.0
884 331.0
885 203.0
886 103.0
887 109.0
888 32.0
889 251.0
890 204.0
891 203.0
892 251.0
893 251.0
894 252.0
895 252.0
896 203.0
897 235.0
898 240.0
899 226.0
900 203.0
901 240.0
902 251.0
903 244.0
904 147.0
905 204.0
906 185.0
907 169.0
908 169.0
909 203.0
910 293.0
911 33.0
912 32.0
913 203.0
914 38.0
915 203.0
916 38.0
917 158.0
918 395.0
919 158.0
920 169.0
921 125.0
922 0.0
923 204.0
924 204.0
925 204.0
926 252.0
927 251.0
928 32.0
929 251.0
930 203.0
931 234.0
932 38.0
933 203.0
934 203.0
935 204.0
936 203.0
937 204.0
938 204.0
939 252.0
940 251.0
941 251.0
942 252.0
943 251.0
944 204.0
945 252.0
946 109.0
947 49.0
948 104.0
949 229.0
950 230.0
951 231.0
952 251.0
953 251.0
954 251.0
955 1.0
956 204.0
957 204.0
958 169.0
959 38.0
960 275.0
961 203.0
962 204.0
963 203.0
964 203.0
965 32.0
966 33.0
967 38.0
968 158.0
969 395.0
970 158.0
971 169.0
972 125.0
973 0.0
974 204.0
975 251.0
976 204.0
977 204.0
978 251.0
979 252.0
980 251.0
981 203.0
982 203.0
983 204.0
984 203.0
985 203.0
986 204.0
987 169.0
988 204.0
989 38.0
990 103.0
991 252.0
992 251.0
993 204.0
994 251.0
995 204.0
996 203.0
997 203.0
998 38.0
999 240.0
1000 230.0
1001 203.0
1002 251.0
1003 229.0
1004 244.0
1005 251.0
1006 204.0
1007 32.0
1008 204.0
1009 180.0
1010 180.0
1011 251.0
1012 164.0
1013 32.0
1014 204.0
1015 203.0
1016 32.0
1017 33.0
1018 32.0
1019 158.0
1020 395.0
1021 158.0
1022 147.0
1023 120.0
1024 0.0
1025 125.0
1026 251.0
1027 251.0
1028 204.0
1029 204.0
1030 252.0
1031 252.0
1032 204.0
1033 203.0
1034 204.0
1035 32.0
1036 203.0
1037 204.0
1038 203.0
1039 204.0
1040 98.0
1041 114.0
1042 252.0
1043 252.0
1044 252.0
1045 252.0
1046 251.0
1047 204.0
1048 203.0
1049 203.0
1050 240.0
1051 240.0
1052 230.0
1053 251.0
1054 240.0
1055 251.0
1056 251.0
1057 204.0
1058 225.0
1059 169.0
1060 32.0
1061 180.0
1062 349.0
1063 203.0
1064 203.0
1065 204.0
1066 204.0
1067 38.0
1068 30.0
1069 38.0
1070 158.0
1071 395.0
1072 158.0
1073 169.0
1074 0.0
1075 0.0
1076 203.0
1077 204.0
1078 204.0
1079 252.0
1080 251.0
1081 204.0
1082 252.0
1083 251.0
1084 109.0
1085 204.0
1086 204.0
1087 203.0
1088 204.0
1089 203.0
1090 204.0
1091 103.0
1092 33.0
1093 252.0
1094 252.0
1095 203.0
1096 251.0
1097 251.0
1098 252.0
1099 109.0
1100 38.0
1101 230.0
1102 240.0
1103 229.0
1104 251.0
1105 251.0
1106 251.0
1107 244.0
1108 1.0
1109 204.0
1110 32.0
1111 169.0
1112 38.0
1113 192.0
1114 192.0
1115 33.0
1116 32.0
1117 204.0
1118 204.0
1119 33.0
1120 32.0
1121 158.0
1122 395.0
1123 158.0
1124 169.0
1125 125.0
1126 0.0
1127 204.0
1128 251.0
1129 204.0
1130 204.0
1131 204.0
1132 38.0
1133 252.0
1134 252.0
1135 240.0
1136 204.0
1137 203.0
1138 204.0
1139 204.0
1140 203.0
1141 204.0
1142 203.0
1143 203.0
1144 251.0
1145 251.0
1146 204.0
1147 251.0
1148 252.0
1149 203.0
1150 104.0
1151 203.0
1152 220.0
1153 229.0
1154 186.0
1155 229.0
1156 251.0
1157 244.0
1158 244.0
1159 252.0
1160 251.0
1161 252.0
1162 180.0
1163 251.0
1164 349.0
1165 203.0
1166 32.0
1167 203.0
1168 204.0
1169 32.0
1170 33.0
1171 32.0
1172 158.0
1173 395.0
1174 158.0
1175 147.0
1176 120.0
1177 0.0
1178 204.0
1179 251.0
1180 204.0
1181 252.0
1182 203.0
1183 251.0
1184 251.0
1185 32.0
1186 251.0
1187 204.0
1188 203.0
1189 203.0
1190 204.0
1191 44.0
1192 204.0
1193 33.0
1194 103.0
1195 251.0
1196 252.0
1197 252.0
1198 252.0
1199 252.0
1200 204.0
1201 252.0
1202 218.0
1203 240.0
1204 235.0
1205 226.0
1206 229.0
1207 251.0
1208 251.0
1209 251.0
1210 203.0
1211 32.0
1212 204.0
1213 169.0
1214 169.0
1215 251.0
1216 203.0
1217 203.0
1218 204.0
1219 204.0
1220 38.0
1221 33.0
1222 6.0
1223 158.0
1224 395.0
1225 169.0
1226 169.0
1227 120.0
1228 0.0
1229 203.0
1230 204.0
1231 204.0
1232 204.0
1233 203.0
1234 204.0
1235 252.0
1236 251.0
1237 120.0
1238 251.0
1239 204.0
1240 203.0
1241 204.0
1242 203.0
1243 103.0
1244 31.0
1245 252.0
1246 252.0
1247 252.0
1248 251.0
1249 251.0
1250 252.0
1251 252.0
1252 203.0
1253 251.0
1254 251.0
1255 245.0
1256 230.0
1257 251.0
1258 251.0
1259 251.0
1260 203.0
1261 1.0
1262 169.0
1263 169.0
1264 169.0
1265 38.0
1266 251.0
1267 296.0
1268 174.0
1269 203.0
1270 204.0
1271 204.0
1272 30.0
1273 38.0
1274 158.0
1275 395.0
1276 32.0
1277 169.0
1278 0.0
1279 0.0
1280 131.0
1281 251.0
1282 204.0
1283 251.0
1284 252.0
1285 252.0
1286 252.0
1287 251.0
1288 204.0
1289 251.0
1290 203.0
1291 203.0
1292 204.0
1293 175.0
1294 204.0
1295 33.0
1296 203.0
1297 252.0
1298 252.0
1299 251.0
1300 251.0
1301 252.0
1302 251.0
1303 104.0
1304 203.0
1305 229.0
1306 203.0
1307 229.0
1308 251.0
1309 204.0
1310 251.0
1311 204.0
1312 1.0
1313 204.0
1314 169.0
1315 180.0
1316 169.0
1317 331.0
1318 395.0
1319 12.0
1320 38.0
1321 204.0
1322 45.0
1323 203.0
1324 197.0
1325 169.0
1326 395.0
1327 98.0
1328 147.0
1329 0.0
1330 0.0
1331 204.0
1332 251.0
1333 204.0
1334 251.0
1335 251.0
1336 252.0
1337 252.0
1338 103.0
1339 252.0
1340 203.0
1341 98.0
1342 203.0
1343 191.0
1344 203.0
1345 204.0
1346 215.0
1347 252.0
1348 251.0
1349 251.0
1350 204.0
1351 251.0
1352 252.0
1353 204.0
1354 252.0
1355 251.0
1356 229.0
1357 224.0
1358 226.0
1359 229.0
1360 251.0
1361 251.0
1362 204.0
1363 204.0
1364 204.0
1365 251.0
1366 169.0
1367 169.0
1368 192.0
1369 203.0
1370 180.0
1371 204.0
1372 204.0
1373 32.0
1374 33.0
1375 32.0
1376 32.0
1377 395.0
1378 158.0
1379 169.0
1380 0.0
1381 0.0
1382 0.0
1383 204.0
1384 252.0
1385 251.0
1386 204.0
1387 252.0
1388 252.0
1389 252.0
1390 252.0
1391 204.0
1392 203.0
1393 204.0
1394 203.0
1395 203.0
1396 215.0
1397 214.0
1398 214.0
1399 251.0
1400 251.0
1401 204.0
1402 251.0
1403 251.0
1404 252.0
1405 203.0
1406 218.0
1407 240.0
1408 224.0
1409 229.0
1410 251.0
1411 240.0
1412 251.0
1413 251.0
1414 251.0
1415 32.0
1416 251.0
1417 204.0
1418 251.0
1419 251.0
1420 184.0
1421 164.0
1422 204.0
1423 204.0
1424 204.0
1425 32.0
1426 38.0
1427 169.0
1428 395.0
1429 158.0
1430 169.0
1431 120.0
1432 0.0
1433 204.0
1434 252.0
1435 125.0
1436 204.0
1437 252.0
1438 204.0
1439 252.0
1440 204.0
1441 114.0
1442 251.0
1443 246.0
1444 203.0
1445 204.0
1446 203.0
1447 32.0
1448 251.0
1449 203.0
1450 252.0
1451 252.0
1452 203.0
1453 251.0
1454 252.0
1455 252.0
1456 104.0
1457 203.0
1458 229.0
1459 240.0
1460 229.0
1461 251.0
1462 229.0
1463 251.0
1464 251.0
1465 1.0
1466 204.0
1467 252.0
1468 180.0
1469 38.0
1470 251.0
1471 184.0
1472 12.0
1473 204.0
1474 204.0
1475 38.0
1476 203.0
1477 32.0
1478 32.0
1479 395.0
1480 32.0
1481 0.0
1482 0.0
1483 0.0
1484 131.0
1485 252.0
1486 204.0
1487 204.0
1488 252.0
1489 252.0
1490 251.0
1491 103.0
1492 114.0
1493 252.0
1494 203.0
1495 191.0
1496 38.0
1497 203.0
1498 33.0
1499 215.0
1500 203.0
1501 252.0
1502 252.0
1503 251.0
1504 251.0
1505 252.0
1506 204.0
1507 109.0
1508 218.0
1509 240.0
1510 204.0
1511 240.0
1512 218.0
1513 204.0
1514 251.0
1515 204.0
1516 203.0
1517 169.0
1518 252.0
1519 169.0
1520 204.0
1521 203.0
1522 169.0
1523 32.0
1524 203.0
1525 204.0
1526 32.0
1527 33.0
1528 32.0
1529 25.0
1530 395.0
1531 98.0
1532 169.0
1533 0.0
1534 0.0
1535 131.0
1536 252.0
1537 203.0
1538 204.0
1539 252.0
1540 252.0
1541 252.0
1542 203.0
1543 252.0
1544 252.0
1545 204.0
1546 191.0
1547 204.0
1548 204.0
1549 33.0
1550 175.0
1551 109.0
1552 251.0
1553 251.0
1554 204.0
1555 251.0
1556 251.0
1557 252.0
1558 203.0
1559 218.0
1560 240.0
1561 240.0
1562 240.0
1563 251.0
1564 235.0
1565 251.0
1566 203.0
1567 252.0
1568 204.0
1569 251.0
1570 169.0
1571 169.0
1572 203.0
1573 184.0
1574 32.0
1575 203.0
1576 204.0
1577 45.0
1578 38.0
1579 38.0
1580 30.0
1581 395.0
1582 158.0
1583 169.0
1584 0.0
1585 0.0
1586 251.0
1587 252.0
1588 120.0
1589 251.0
1590 204.0
1591 204.0
1592 252.0
1593 229.0
1594 252.0
1595 252.0
1596 203.0
1597 204.0
1598 203.0
1599 103.0
1600 32.0
1601 214.0
1602 252.0
1603 251.0
1604 251.0
1605 252.0
1606 252.0
1607 252.0
1608 252.0
1609 252.0
1610 252.0
1611 229.0
1612 230.0
1613 229.0
1614 251.0
1615 251.0
1616 251.0
1617 234.0
1618 175.0
1619 204.0
1620 252.0
1621 180.0
1622 204.0
1623 251.0
1624 184.0
1625 32.0
1626 204.0
1627 204.0
1628 38.0
1629 32.0
1630 1.0
1631 32.0
1632 395.0
1633 158.0
1634 147.0
1635 196.0
1636 0.0
1637 204.0
1638 252.0
1639 204.0
1640 252.0
1641 252.0
1642 252.0
1643 252.0
1644 98.0
1645 252.0
1646 252.0
1647 251.0
1648 203.0
1649 204.0
1650 203.0
1651 32.0
1652 204.0
1653 203.0
1654 252.0
1655 252.0
1656 251.0
1657 251.0
1658 252.0
1659 204.0
1660 203.0
1661 252.0
1662 240.0
1663 230.0
1664 240.0
1665 251.0
1666 204.0
1667 251.0
1668 203.0
1669 251.0
1670 252.0
1671 252.0
1672 180.0
1673 180.0
1674 251.0
1675 169.0
1676 6.0
1677 204.0
1678 204.0
1679 38.0
1680 33.0
1681 32.0
1682 32.0
1683 395.0
1684 98.0
1685 202.0
1686 0.0
1687 0.0
1688 251.0
1689 252.0
1690 252.0
1691 204.0
1692 252.0
1693 252.0
1694 252.0
1695 251.0
1696 252.0
1697 252.0
1698 204.0
1699 204.0
1700 38.0
1701 103.0
1702 33.0
1703 251.0
1704 252.0
1705 252.0
1706 252.0
1707 204.0
1708 251.0
1709 251.0
1710 204.0
1711 252.0
1712 251.0
1713 32.0
1714 240.0
1715 240.0
1716 251.0
1717 240.0
1718 251.0
1719 251.0
1720 251.0
1721 251.0
1722 252.0
1723 169.0
1724 180.0
1725 204.0
1726 349.0
1727 203.0
1728 203.0
1729 204.0
1730 32.0
1731 0.0
1732 32.0
1733 38.0
1734 395.0
1735 202.0
1736 125.0
1737 0.0
1738 0.0
1739 251.0
1740 252.0
1741 120.0
1742 204.0
1743 204.0
1744 252.0
1745 252.0
1746 203.0
1747 252.0
1748 252.0
1749 252.0
1750 186.0
1751 203.0
1752 103.0
1753 32.0
1754 251.0
1755 252.0
1756 252.0
1757 251.0
1758 204.0
1759 252.0
1760 252.0
1761 252.0
1762 203.0
1763 218.0
1764 229.0
1765 240.0
1766 229.0
1767 251.0
1768 229.0
1769 251.0
1770 251.0
1771 252.0
1772 252.0
1773 251.0
1774 169.0
1775 169.0
1776 169.0
1777 192.0
1778 25.0
1779 203.0
1780 204.0
1781 204.0
1782 0.0
1783 38.0
1784 0.0
1785 395.0
1786 196.0
1787 125.0
1788 0.0
1789 203.0
1790 252.0
1791 252.0
1792 251.0
1793 252.0
1794 204.0
1795 159.0
1796 252.0
1797 204.0
1798 252.0
1799 252.0
1800 252.0
1801 203.0
1802 204.0
1803 203.0
1804 32.0
1805 215.0
1806 203.0
1807 252.0
1808 252.0
1809 252.0
1810 251.0
1811 251.0
1812 252.0
1813 252.0
1814 251.0
1815 240.0
1816 240.0
1817 229.0
1818 229.0
1819 251.0
1820 251.0
1821 234.0
1822 252.0
1823 204.0
1824 252.0
1825 180.0
1826 180.0
1827 203.0
1828 169.0
1829 12.0
1830 204.0
1831 204.0
1832 204.0
1833 33.0
1834 38.0
1835 125.0
1836 395.0
1837 180.0
1838 0.0
1839 0.0
1840 0.0
1841 252.0
1842 252.0
1843 6.0
1844 252.0
1845 252.0
1846 203.0
1847 252.0
1848 98.0
1849 252.0
1850 252.0
1851 252.0
1852 203.0
1853 186.0
1854 203.0
1855 38.0
1856 313.0
1857 252.0
1858 252.0
1859 252.0
1860 251.0
1861 252.0
1862 251.0
1863 204.0
1864 203.0
1865 252.0
1866 203.0
1867 230.0
1868 186.0
1869 251.0
1870 251.0
1871 251.0
1872 234.0
1873 252.0
1874 252.0
1875 245.0
1876 169.0
1877 32.0
1878 203.0
1879 203.0
1880 180.0
1881 204.0
1882 204.0
1883 32.0
1884 33.0
1885 32.0
1886 114.0
1887 395.0
1888 202.0
1889 202.0
1890 0.0
1891 0.0
1892 252.0
1893 252.0
1894 252.0
1895 252.0
1896 252.0
1897 204.0
1898 252.0
1899 203.0
1900 252.0
1901 252.0
1902 203.0
1903 203.0
1904 38.0
1905 203.0
1906 31.0
1907 292.0
1908 31.0
1909 252.0
1910 251.0
1911 204.0
1912 251.0
1913 252.0
1914 204.0
1915 203.0
1916 218.0
1917 203.0
1918 229.0
1919 204.0
1920 251.0
1921 251.0
1922 251.0
1923 251.0
1924 252.0
1925 251.0
1926 252.0
1927 169.0
1928 169.0
1929 169.0
1930 192.0
1931 32.0
1932 203.0
1933 204.0
1934 204.0
1935 203.0
1936 9.0
1937 0.0
1938 395.0
1939 196.0
1940 125.0
1941 0.0
1942 204.0
1943 252.0
1944 252.0
1945 204.0
1946 251.0
1947 203.0
1948 252.0
1949 252.0
1950 103.0
1951 252.0
1952 252.0
1953 203.0
1954 203.0
1955 203.0
1956 103.0
1957 204.0
1958 363.0
1959 215.0
1960 251.0
1961 252.0
1962 252.0
1963 251.0
1964 252.0
1965 252.0
1966 203.0
1967 218.0
1968 204.0
1969 240.0
1970 230.0
1971 229.0
1972 251.0
1973 251.0
1974 217.0
1975 252.0
1976 204.0
1977 251.0
1978 180.0
1979 169.0
1980 109.0
1981 164.0
1982 33.0
1983 203.0
1984 204.0
1985 204.0
1986 251.0
1987 33.0
1988 32.0
1989 395.0
1990 202.0
1991 125.0
1992 0.0
1993 0.0
1994 252.0
1995 252.0
1996 204.0
1997 251.0
1998 252.0
1999 252.0
2000 252.0
2001 252.0
2002 252.0
2003 252.0
2004 252.0
2005 203.0
2006 204.0
2007 103.0
2008 38.0
2009 251.0
2010 214.0
2011 252.0
2012 251.0
2013 251.0
2014 251.0
2015 252.0
2016 252.0
2017 203.0
2018 252.0
2019 203.0
2020 251.0
2021 229.0
2022 251.0
2023 251.0
2024 251.0
2025 224.0
2026 252.0
2027 252.0
2028 251.0
2029 180.0
2030 203.0
2031 180.0
2032 0.0
2033 38.0
2034 204.0
2035 204.0
2036 38.0
2037 33.0
2038 38.0
2039 125.0
2040 395.0
2041 202.0
2042 125.0
2043 0.0
2044 0.0
2045 252.0
2046 252.0
2047 6.0
2048 252.0
2049 251.0
2050 32.0
2051 252.0
2052 251.0
2053 252.0
2054 252.0
2055 252.0
2056 203.0
2057 180.0
2058 203.0
2059 32.0
2060 215.0
2061 251.0
2062 252.0
2063 252.0
2064 252.0
2065 252.0
2066 252.0
2067 203.0
2068 203.0
2069 252.0
2070 203.0
2071 218.0
2072 38.0
2073 251.0
2074 251.0
2075 251.0
2076 234.0
2077 252.0
2078 251.0
2079 252.0
2080 175.0
2081 38.0
2082 103.0
2083 0.0
2084 32.0
2085 203.0
2086 204.0
2087 38.0
2088 0.0
2089 32.0
2090 125.0
2091 395.0
2092 202.0
2093 169.0
2094 0.0
2095 0.0
2096 252.0
2097 252.0
2098 251.0
2099 204.0
2100 252.0
2101 204.0
2102 252.0
2103 204.0
2104 252.0
2105 252.0
2106 204.0
2107 203.0
2108 204.0
2109 203.0
2110 32.0
2111 358.0
2112 215.0
2113 252.0
2114 252.0
2115 252.0
2116 251.0
2117 252.0
2118 204.0
2119 203.0
2120 218.0
2121 203.0
2122 240.0
2123 226.0
2124 251.0
2125 251.0
2126 251.0
2127 251.0
2128 252.0
2129 252.0
2130 252.0
2131 251.0
2132 38.0
2133 204.0
2134 192.0
2135 32.0
2136 203.0
2137 204.0
2138 185.0
2139 33.0
2140 38.0
2141 169.0
2142 395.0
2143 202.0
2144 191.0
2145 0.0
2146 109.0
2147 252.0
2148 252.0
2149 204.0
2150 204.0
2151 203.0
2152 252.0
2153 252.0
2154 103.0
2155 252.0
2156 252.0
2157 252.0
2158 204.0
2159 203.0
2160 175.0
2161 32.0
2162 292.0
2163 215.0
2164 252.0
2165 252.0
2166 252.0
2167 251.0
2168 252.0
2169 252.0
2170 204.0
2171 203.0
2172 204.0
2173 240.0
2174 226.0
2175 229.0
2176 251.0
2177 251.0
2178 226.0
2179 252.0
2180 252.0
2181 252.0
2182 180.0
2183 169.0
2184 169.0
2185 203.0
2186 12.0
2187 204.0
2188 204.0
2189 204.0
2190 33.0
2191 32.0
2192 125.0
2193 395.0
2194 202.0
2195 125.0
2196 0.0
2197 0.0
2198 252.0
2199 252.0
2200 252.0
2201 252.0
2202 252.0
2203 204.0
2204 252.0
2205 32.0
2206 252.0
2207 252.0
2208 252.0
2209 204.0
2210 204.0
2211 103.0
2212 32.0
2213 251.0
2214 214.0
2215 252.0
2216 252.0
2217 252.0
2218 251.0
2219 252.0
2220 252.0
2221 203.0
2222 218.0
2223 203.0
2224 230.0
2225 226.0
2226 251.0
2227 251.0
2228 251.0
2229 234.0
2230 252.0
2231 252.0
2232 252.0
2233 169.0
2234 204.0
2235 349.0
2236 203.0
2237 33.0
2238 204.0
2239 204.0
2240 185.0
2241 203.0
2242 38.0
2243 0.0
2244 395.0
2245 202.0
2246 125.0
2247 0.0
2248 0.0
2249 252.0
2250 252.0
2251 252.0
2252 252.0
2253 252.0
2254 252.0
2255 252.0
2256 204.0
2257 252.0
2258 252.0
2259 204.0
2260 204.0
2261 204.0
2262 103.0
2263 32.0
2264 251.0
2265 214.0
2266 252.0
2267 252.0
2268 252.0
2269 251.0
2270 251.0
2271 252.0
2272 33.0
2273 176.0
2274 32.0
2275 240.0
2276 230.0
2277 251.0
2278 251.0
2279 251.0
2280 251.0
2281 252.0
2282 252.0
2283 252.0
2284 169.0
2285 204.0
2286 103.0
2287 184.0
2288 32.0
2289 203.0
2290 204.0
2291 251.0
2292 33.0
2293 197.0
2294 125.0
2295 395.0
2296 202.0
2297 191.0
2298 0.0
2299 0.0
2300 252.0
2301 252.0
2302 204.0
2303 251.0
2304 204.0
2305 251.0
2306 252.0
2307 25.0
2308 251.0
2309 252.0
2310 203.0
2311 203.0
2312 331.0
2313 203.0
2314 32.0
2315 292.0
2316 251.0
2317 251.0
2318 252.0
2319 252.0
2320 251.0
2321 252.0
2322 203.0
2323 251.0
2324 203.0
2325 204.0
2326 240.0
2327 226.0
2328 251.0
2329 251.0
2330 251.0
2331 234.0
2332 252.0
2333 252.0
2334 252.0
2335 180.0
2336 180.0
2337 203.0
2338 192.0
2339 33.0
2340 204.0
2341 32.0
2342 30.0
2343 33.0
2344 33.0
2345 125.0
2346 395.0
2347 196.0
2348 191.0
2349 0.0
2350 0.0
2351 252.0
2352 252.0
2353 252.0
2354 251.0
2355 252.0
2356 251.0
2357 252.0
2358 103.0
2359 252.0
2360 252.0
2361 252.0
2362 203.0
2363 204.0
2364 203.0
2365 32.0
2366 292.0
2367 214.0
2368 252.0
2369 251.0
2370 252.0
2371 251.0
2372 252.0
2373 252.0
2374 203.0
2375 203.0
2376 32.0
2377 229.0
2378 226.0
2379 251.0
2380 251.0
2381 251.0
2382 234.0
2383 252.0
2384 252.0
2385 251.0
2386 185.0
2387 251.0
2388 169.0
2389 0.0
2390 32.0
2391 204.0
2392 38.0
2393 204.0
2394 33.0
2395 43.0
2396 125.0
2397 395.0
2398 202.0
2399 125.0
2400 0.0
2401 204.0
2402 252.0
2403 252.0
2404 252.0
2405 252.0
2406 252.0
2407 252.0
2408 252.0
2409 204.0
2410 252.0
2411 252.0
2412 252.0
2413 203.0
2414 191.0
2415 203.0
2416 32.0
2417 363.0
2418 214.0
2419 252.0
2420 252.0
2421 252.0
2422 251.0
2423 252.0
2424 252.0
2425 252.0
2426 251.0
2427 32.0
2428 229.0
2429 203.0
2430 251.0
2431 251.0
2432 251.0
2433 234.0
2434 252.0
2435 252.0
2436 252.0
2437 169.0
2438 204.0
2439 32.0
2440 0.0
2441 203.0
2442 203.0
2443 204.0
2444 251.0
2445 33.0
2446 32.0
2447 202.0
2448 395.0
2449 202.0
2450 202.0
2451 0.0
2452 0.0
2453 252.0
2454 252.0
2455 252.0
2456 251.0
2457 252.0
2458 203.0
2459 252.0
2460 251.0
2461 252.0
2462 252.0
2463 204.0
2464 203.0
2465 204.0
2466 203.0
2467 203.0
2468 215.0
2469 214.0
2470 252.0
2471 252.0
2472 252.0
2473 252.0
2474 252.0
2475 252.0
2476 204.0
2477 203.0
2478 32.0
2479 240.0
2480 226.0
2481 251.0
2482 251.0
2483 251.0
2484 234.0
2485 252.0
2486 252.0
2487 252.0
2488 204.0
2489 204.0
2490 204.0
2491 395.0
2492 32.0
2493 203.0
2494 204.0
2495 30.0
2496 33.0
2497 38.0
2498 125.0
2499 395.0
2500 202.0
2501 191.0
2502 0.0
2503 0.0
2504 252.0
2505 252.0
2506 204.0
2507 252.0
2508 252.0
2509 252.0
2510 252.0
2511 103.0
2512 252.0
2513 252.0
2514 252.0
2515 203.0
2516 203.0
2517 103.0
2518 32.0
2519 215.0
2520 251.0
2521 251.0
2522 252.0
2523 252.0
2524 251.0
2525 252.0
2526 252.0
2527 203.0
2528 203.0
2529 33.0
2530 229.0
2531 186.0
2532 251.0
2533 251.0
2534 251.0
2535 234.0
2536 252.0
2537 252.0
2538 252.0
2539 180.0
2540 204.0
2541 204.0
2542 0.0
2543 32.0
2544 204.0
2545 38.0
2546 185.0
2547 33.0
2548 6.0
2549 125.0
2550 395.0
2551 202.0
2552 125.0
2553 0.0
2554 0.0
2555 252.0
2556 252.0
2557 251.0
2558 252.0
2559 252.0
2560 252.0
2561 252.0
2562 204.0
2563 252.0
2564 252.0
2565 252.0
2566 203.0
2567 204.0
2568 203.0
2569 32.0
2570 292.0
2571 214.0
2572 252.0
2573 251.0
2574 252.0
2575 251.0
2576 252.0
2577 252.0
2578 203.0
2579 203.0
2580 229.0
2581 229.0
2582 226.0
2583 251.0
2584 251.0
2585 251.0
2586 213.0
2587 252.0
2588 252.0
2589 252.0
2590 169.0
2591 169.0
2592 103.0
2593 203.0
2594 38.0
2595 204.0
2596 38.0
2597 0.0
2598 203.0
2599 3.0
2600 0.0
2601 395.0
2602 202.0
2603 202.0
2604 0.0
2605 0.0
2606 252.0
2607 252.0
2608 252.0
2609 252.0
2610 252.0
2611 252.0
2612 252.0
2613 203.0
2614 252.0
2615 252.0
2616 203.0
2617 203.0
2618 204.0
2619 203.0
2620 203.0
2621 292.0
2622 214.0
2623 204.0
2624 251.0
2625 252.0
2626 251.0
2627 251.0
2628 252.0
2629 251.0
2630 203.0
2631 251.0
2632 229.0
2633 247.0
2634 251.0
2635 251.0
2636 251.0
2637 234.0
2638 252.0
2639 252.0
2640 252.0
2641 175.0
2642 203.0
2643 114.0
2644 52.0
2645 32.0
2646 203.0
2647 38.0
2648 38.0
2649 33.0
2650 38.0
2651 125.0
2652 395.0
2653 202.0
2654 191.0
2655 0.0
2656 0.0
2657 252.0
2658 252.0
2659 204.0
2660 251.0
2661 252.0
2662 245.0
2663 252.0
2664 252.0
2665 252.0
2666 252.0
2667 204.0
2668 203.0
2669 204.0
2670 203.0
2671 38.0
2672 215.0
2673 215.0
2674 251.0
2675 252.0
2676 252.0
2677 252.0
2678 251.0
2679 252.0
2680 252.0
2681 192.0
2682 251.0
2683 240.0
2684 226.0
2685 251.0
2686 251.0
2687 251.0
2688 234.0
2689 251.0
2690 251.0
2691 252.0
2692 180.0
2693 203.0
2694 251.0
2695 192.0
2696 32.0
2697 204.0
2698 38.0
2699 38.0
2700 33.0
2701 38.0
2702 125.0
2703 395.0
2704 202.0
2705 196.0
2706 0.0
2707 0.0
2708 252.0
2709 252.0
2710 204.0
2711 251.0
2712 252.0
2713 252.0
2714 252.0
2715 252.0
2716 252.0
2717 252.0
2718 251.0
2719 203.0
2720 204.0
2721 103.0
2722 32.0
2723 292.0
2724 251.0
2725 251.0
2726 214.0
2727 252.0
2728 251.0
2729 204.0
2730 252.0
2731 203.0
2732 203.0
2733 32.0
2734 240.0
2735 225.0
2736 251.0
2737 251.0
2738 251.0
2739 234.0
2740 252.0
2741 252.0
2742 252.0
2743 180.0
2744 251.0
2745 169.0
2746 169.0
2747 169.0
2748 204.0
2749 38.0
2750 204.0
2751 203.0
2752 33.0
2753 125.0
2754 395.0
2755 202.0
2756 196.0
2757 0.0
2758 0.0
2759 252.0
2760 252.0
2761 251.0
2762 252.0
2763 252.0
2764 252.0
2765 252.0
2766 252.0
2767 252.0
2768 252.0
2769 109.0
2770 203.0
2771 204.0
2772 103.0
2773 32.0
2774 313.0
2775 214.0
2776 203.0
2777 252.0
2778 252.0
2779 252.0
2780 252.0
2781 252.0
2782 203.0
2783 251.0
2784 203.0
2785 229.0
2786 251.0
2787 251.0
2788 251.0
2789 251.0
2790 234.0
2791 252.0
2792 251.0
2793 252.0
2794 175.0
2795 169.0
2796 203.0
2797 203.0
2798 38.0
2799 203.0
2800 204.0
2801 38.0
2802 32.0
2803 38.0
2804 0.0
2805 395.0
2806 202.0
2807 191.0
2808 0.0
2809 0.0
2810 252.0
2811 252.0
2812 251.0
2813 251.0
2814 252.0
2815 252.0
2816 252.0
2817 252.0
2818 252.0
2819 252.0
2820 203.0
2821 203.0
2822 204.0
2823 203.0
2824 32.0
2825 363.0
2826 214.0
2827 251.0
2828 251.0
2829 252.0
2830 251.0
2831 251.0
2832 252.0
2833 252.0
2834 191.0
2835 204.0
2836 240.0
2837 230.0
2838 251.0
2839 251.0
2840 244.0
2841 234.0
2842 252.0
2843 252.0
2844 252.0
2845 175.0
2846 204.0
2847 204.0
2848 192.0
2849 32.0
2850 203.0
2851 0.0
2852 38.0
2853 33.0
2854 38.0
2855 109.0
2856 395.0
2857 202.0
2858 196.0
2859 0.0
2860 204.0
2861 252.0
2862 252.0
2863 204.0
2864 251.0
2865 252.0
2866 252.0
2867 252.0
2868 251.0
2869 252.0
2870 252.0
2871 251.0
2872 204.0
2873 204.0
2874 203.0
2875 32.0
2876 215.0
2877 214.0
2878 252.0
2879 252.0
2880 252.0
2881 251.0
2882 204.0
2883 252.0
2884 251.0
2885 203.0
2886 32.0
2887 240.0
2888 247.0
2889 251.0
2890 251.0
2891 251.0
2892 234.0
2893 252.0
2894 252.0
2895 252.0
2896 180.0
2897 204.0
2898 251.0
2899 0.0
2900 12.0
2901 204.0
2902 38.0
2903 6.0
2904 38.0
2905 198.0
2906 202.0
2907 395.0
2908 202.0
2909 196.0
2910 0.0
2911 0.0
2912 252.0
2913 252.0
2914 252.0
2915 252.0
2916 252.0
2917 252.0
2918 252.0
2919 252.0
2920 252.0
2921 252.0
2922 251.0
2923 204.0
2924 204.0
2925 203.0
2926 32.0
2927 313.0
2928 214.0
2929 204.0
2930 252.0
2931 252.0
2932 251.0
2933 252.0
2934 252.0
2935 252.0
2936 252.0
2937 252.0
2938 229.0
2939 230.0
2940 251.0
2941 251.0
2942 251.0
2943 234.0
2944 252.0
2945 252.0
2946 252.0
2947 169.0
2948 204.0
2949 169.0
2950 0.0
2951 169.0
2952 204.0
2953 204.0
2954 204.0
2955 0.0
2956 25.0
2957 125.0
2958 395.0
2959 202.0
2960 202.0
2961 0.0
2962 204.0
2963 252.0
2964 252.0
2965 251.0
2966 252.0
2967 252.0
2968 252.0
2969 252.0
2970 252.0
2971 252.0
2972 252.0
2973 204.0
2974 203.0
2975 331.0
2976 203.0
2977 32.0
2978 313.0
2979 214.0
2980 251.0
2981 252.0
2982 252.0
2983 252.0
2984 38.0
2985 252.0
2986 252.0
2987 218.0
2988 252.0
2989 251.0
2990 226.0
2991 251.0
2992 251.0
2993 251.0
2994 234.0
2995 252.0
2996 252.0
2997 252.0
2998 175.0
2999 114.0
3000 204.0
3001 203.0
3002 32.0
3003 203.0
3004 204.0
3005 38.0
3006 33.0
3007 38.0
3008 158.0
3009 395.0
3010 202.0
3011 202.0
3012 0.0
3013 0.0
3014 252.0
3015 252.0
3016 204.0
3017 252.0
3018 252.0
3019 252.0
3020 252.0
3021 252.0
3022 252.0
3023 252.0
3024 109.0
3025 203.0
3026 204.0
3027 203.0
3028 31.0
3029 215.0
3030 214.0
3031 203.0
3032 252.0
3033 252.0
3034 251.0
3035 252.0
3036 252.0
3037 252.0
3038 252.0
3039 204.0
3040 32.0
3041 226.0
3042 251.0
3043 251.0
3044 251.0
3045 234.0
3046 252.0
3047 252.0
3048 252.0
3049 180.0
3050 203.0
3051 204.0
3052 0.0
3053 12.0
3054 204.0
3055 30.0
3056 38.0
3057 251.0
3058 38.0
3059 191.0
3060 395.0
3061 202.0
3062 202.0
3063 0.0
3064 252.0
3065 252.0
3066 252.0
3067 204.0
3068 251.0
3069 252.0
3070 252.0
3071 252.0
3072 252.0
3073 252.0
3074 252.0
3075 251.0
3076 203.0
3077 331.0
3078 203.0
3079 38.0
3080 215.0
3081 214.0
3082 32.0
3083 252.0
3084 252.0
3085 252.0
3086 204.0
3087 252.0
3088 252.0
3089 203.0
3090 32.0
3091 204.0
3092 226.0
3093 251.0
3094 251.0
3095 251.0
3096 192.0
3097 252.0
3098 252.0
3099 252.0
3100 175.0
3101 204.0
3102 251.0
3103 0.0
3104 49.0
3105 32.0
3106 0.0
3107 6.0
3108 38.0
3109 203.0
3110 125.0
3111 395.0
3112 202.0
3113 202.0
3114 0.0
3115 204.0
3116 252.0
3117 252.0
3118 6.0
3119 252.0
3120 252.0
3121 252.0
3122 252.0
3123 252.0
3124 252.0
3125 252.0
3126 109.0
3127 203.0
3128 331.0
3129 203.0
3130 38.0
3131 292.0
3132 214.0
3133 203.0
3134 252.0
3135 252.0
3136 251.0
3137 252.0
3138 252.0
3139 252.0
3140 252.0
3141 252.0
3142 251.0
3143 218.0
3144 251.0
3145 251.0
3146 251.0
3147 234.0
3148 252.0
3149 252.0
3150 252.0
3151 169.0
3152 349.0
3153 204.0
3154 0.0
3155 203.0
3156 203.0
3157 204.0
3158 204.0
3159 251.0
3160 33.0
3161 32.0
3162 395.0
3163 202.0
3164 202.0
3165 0.0
3166 251.0
3167 252.0
3168 252.0
3169 251.0
3170 252.0
3171 252.0
3172 252.0
3173 252.0
3174 252.0
3175 252.0
3176 252.0
3177 204.0
3178 203.0
3179 204.0
3180 203.0
3181 38.0
3182 313.0
3183 214.0
3184 203.0
3185 252.0
3186 252.0
3187 252.0
3188 252.0
3189 252.0
3190 252.0
3191 218.0
3192 252.0
3193 32.0
3194 226.0
3195 251.0
3196 251.0
3197 251.0
3198 234.0
3199 252.0
3200 252.0
3201 252.0
3202 180.0
3203 109.0
3204 204.0
3205 0.0
3206 174.0
3207 203.0
3208 30.0
3209 38.0
3210 184.0
3211 203.0
3212 25.0
3213 395.0
3214 202.0
3215 202.0
3216 0.0
3217 252.0
3218 252.0
3219 252.0
3220 252.0
3221 251.0
3222 252.0
3223 252.0
3224 252.0
3225 252.0
3226 252.0
3227 252.0
3228 109.0
3229 203.0
3230 331.0
3231 203.0
3232 32.0
3233 292.0
3234 214.0
3235 32.0
3236 252.0
3237 252.0
3238 252.0
3239 252.0
3240 252.0
3241 252.0
3242 252.0
3243 252.0
3244 32.0
3245 229.0
3246 251.0
3247 251.0
3248 251.0
3249 251.0
3250 252.0
3251 252.0
3252 252.0
3253 169.0
3254 275.0
3255 251.0
3256 0.0
3257 33.0
3258 203.0
3259 38.0
3260 38.0
3261 251.0
3262 197.0
3263 119.0
3264 395.0
3265 202.0
3266 202.0
3267 0.0
3268 204.0
3269 252.0
3270 252.0
3271 204.0
3272 252.0
3273 252.0
3274 252.0
3275 252.0
3276 251.0
3277 251.0
3278 252.0
3279 251.0
3280 203.0
3281 204.0
3282 203.0
3283 32.0
3284 215.0
3285 214.0
3286 0.0
3287 252.0
3288 252.0
3289 252.0
3290 204.0
3291 252.0
3292 252.0
3293 252.0
3294 204.0
3295 173.0
3296 226.0
3297 251.0
3298 251.0
3299 251.0
3300 234.0
3301 252.0
3302 252.0
3303 252.0
3304 175.0
3305 169.0
3306 169.0
3307 0.0
3308 203.0
3309 203.0
3310 38.0
3311 204.0
3312 251.0
3313 201.0
3314 125.0
3315 395.0
3316 202.0
3317 202.0
3318 0.0
3319 204.0
3320 252.0
3321 252.0
3322 252.0
3323 252.0
3324 252.0
3325 252.0
3326 252.0
3327 252.0
3328 252.0
3329 252.0
3330 252.0
3331 203.0
3332 331.0
3333 203.0
3334 32.0
3335 358.0
3336 214.0
3337 203.0
3338 252.0
3339 252.0
3340 252.0
3341 252.0
3342 252.0
3343 252.0
3344 218.0
3345 252.0
3346 251.0
3347 240.0
3348 251.0
3349 251.0
3350 251.0
3351 234.0
3352 252.0
3353 252.0
3354 252.0
3355 180.0
3356 203.0
3357 180.0
3358 203.0
3359 6.0
3360 204.0
3361 38.0
3362 185.0
3363 184.0
3364 203.0
3365 32.0
3366 395.0
3367 202.0
3368 202.0
3369 0.0
3370 251.0
3371 252.0
3372 252.0
3373 251.0
3374 252.0
3375 252.0
3376 252.0
3377 252.0
3378 252.0
3379 252.0
3380 252.0
3381 204.0
3382 203.0
3383 204.0
3384 203.0
3385 32.0
3386 313.0
3387 214.0
3388 203.0
3389 252.0
3390 252.0
3391 252.0
3392 251.0
3393 252.0
3394 252.0
3395 252.0
3396 252.0
3397 203.0
3398 32.0
3399 251.0
3400 251.0
3401 251.0
3402 234.0
3403 252.0
3404 252.0
3405 252.0
3406 180.0
3407 203.0
3408 203.0
3409 0.0
3410 169.0
3411 204.0
3412 38.0
3413 32.0
3414 251.0
3415 251.0
3416 32.0
3417 395.0
3418 202.0
3419 202.0
3420 0.0
3421 204.0
3422 252.0
3423 252.0
3424 251.0
3425 251.0
3426 252.0
3427 252.0
3428 252.0
3429 252.0
3430 252.0
3431 252.0
3432 203.0
3433 204.0
3434 331.0
3435 186.0
3436 38.0
3437 215.0
3438 214.0
3439 251.0
3440 252.0
3441 252.0
3442 252.0
3443 252.0
3444 252.0
3445 252.0
3446 203.0
3447 252.0
3448 240.0
3449 230.0
3450 251.0
3451 251.0
3452 251.0
3453 234.0
3454 252.0
3455 252.0
3456 252.0
3457 169.0
3458 251.0
3459 251.0
3460 203.0
3461 11.0
3462 32.0
3463 38.0
3464 32.0
3465 251.0
3466 33.0
3467 109.0
3468 395.0
3469 196.0
3470 202.0
3471 0.0
3472 204.0
3473 252.0
3474 252.0
3475 252.0
3476 252.0
3477 252.0
3478 252.0
3479 252.0
3480 251.0
3481 252.0
3482 252.0
3483 251.0
3484 203.0
3485 331.0
3486 103.0
3487 38.0
3488 251.0
3489 313.0
3490 251.0
3491 252.0
3492 252.0
3493 252.0
3494 252.0
3495 252.0
3496 252.0
3497 251.0
3498 203.0
3499 32.0
3500 226.0
3501 251.0
3502 251.0
3503 251.0
3504 191.0
3505 251.0
3506 252.0
3507 252.0
3508 6.0
3509 349.0
3510 204.0
3511 0.0
3512 32.0
3513 203.0
3514 38.0
3515 38.0
3516 251.0
3517 251.0
3518 202.0
3519 395.0
3520 202.0
3521 202.0
3522 0.0
3523 252.0
3524 252.0
3525 252.0
3526 204.0
3527 252.0
3528 252.0
3529 252.0
3530 252.0
3531 114.0
3532 252.0
3533 252.0
3534 251.0
3535 204.0
3536 331.0
3537 203.0
3538 32.0
3539 313.0
3540 214.0
3541 313.0
3542 252.0
3543 252.0
3544 252.0
3545 252.0
3546 252.0
3547 252.0
3548 218.0
3549 203.0
3550 185.0
3551 203.0
3552 251.0
3553 251.0
3554 251.0
3555 234.0
3556 252.0
3557 252.0
3558 252.0
3559 191.0
3560 192.0
3561 251.0
3562 203.0
3563 203.0
3564 204.0
3565 38.0
3566 204.0
3567 251.0
3568 206.0
3569 102.0
3570 395.0
3571 202.0
3572 202.0
3573 0.0
3574 252.0
3575 252.0
3576 252.0
3577 251.0
3578 252.0
3579 252.0
3580 204.0
3581 252.0
3582 251.0
3583 252.0
3584 251.0
3585 203.0
3586 203.0
3587 331.0
3588 204.0
3589 32.0
3590 214.0
3591 214.0
3592 215.0
3593 298.0
3594 252.0
3595 252.0
3596 252.0
3597 252.0
3598 252.0
3599 203.0
3600 252.0
3601 32.0
3602 218.0
3603 251.0
3604 251.0
3605 251.0
3606 251.0
3607 252.0
3608 252.0
3609 252.0
3610 14.0
3611 395.0
3612 204.0
3613 0.0
3614 32.0
3615 38.0
3616 0.0
3617 38.0
3618 251.0
3619 251.0
3620 33.0
3621 395.0
3622 202.0
3623 202.0
3624 120.0
3625 204.0
3626 252.0
3627 252.0
3628 251.0
3629 252.0
3630 252.0
3631 252.0
3632 252.0
3633 251.0
3634 252.0
3635 251.0
3636 251.0
3637 204.0
3638 331.0
3639 203.0
3640 32.0
3641 215.0
3642 214.0
3643 31.0
3644 251.0
3645 31.0
3646 252.0
3647 251.0
3648 252.0
3649 252.0
3650 252.0
3651 252.0
3652 33.0
3653 229.0
3654 251.0
3655 251.0
3656 251.0
3657 234.0
3658 252.0
3659 252.0
3660 252.0
3661 204.0
3662 349.0
3663 103.0
3664 164.0
3665 204.0
3666 203.0
3667 38.0
3668 0.0
3669 251.0
3670 38.0
3671 169.0
3672 395.0
3673 202.0
3674 202.0
3675 120.0
3676 204.0
3677 252.0
3678 252.0
3679 49.0
3680 252.0
3681 252.0
3682 252.0
3683 252.0
3684 251.0
3685 252.0
3686 203.0
3687 204.0
3688 204.0
3689 315.0
3690 203.0
3691 103.0
3692 215.0
3693 313.0
3694 204.0
3695 313.0
3696 302.0
3697 252.0
3698 252.0
3699 252.0
3700 252.0
3701 218.0
3702 252.0
3703 203.0
3704 32.0
3705 251.0
3706 251.0
3707 251.0
3708 251.0
3709 252.0
3710 252.0
3711 252.0
3712 169.0
3713 349.0
3714 251.0
3715 203.0
3716 204.0
3717 204.0
3718 38.0
3719 204.0
3720 251.0
3721 251.0
3722 169.0
3723 395.0
3724 202.0
3725 202.0
3726 120.0
3727 252.0
3728 252.0
3729 252.0
3730 203.0
3731 252.0
3732 252.0
3733 252.0
3734 252.0
3735 252.0
3736 252.0
3737 252.0
3738 109.0
3739 204.0
3740 331.0
3741 203.0
3742 203.0
3743 215.0
3744 214.0
3745 204.0
3746 258.0
3747 313.0
3748 31.0
3749 252.0
3750 252.0
3751 252.0
3752 252.0
3753 252.0
3754 32.0
3755 226.0
3756 251.0
3757 251.0
3758 251.0
3759 234.0
3760 252.0
3761 252.0
3762 252.0
3763 32.0
3764 251.0
3765 169.0
3766 192.0
3767 169.0
3768 203.0
3769 204.0
3770 38.0
3771 251.0
3772 251.0
3773 0.0
3774 395.0
3775 202.0
3776 202.0
3777 0.0
3778 252.0
3779 252.0
3780 252.0
3781 251.0
3782 252.0
3783 252.0
3784 252.0
3785 252.0
3786 252.0
3787 252.0
3788 251.0
3789 251.0
3790 203.0
3791 331.0
3792 203.0
3793 32.0
3794 215.0
3795 33.0
3796 204.0
3797 299.0
3798 312.0
3799 312.0
3800 252.0
3801 252.0
3802 252.0
3803 203.0
3804 252.0
3805 32.0
3806 251.0
3807 251.0
3808 251.0
3809 251.0
3810 217.0
3811 252.0
3812 252.0
3813 252.0
3814 169.0
3815 275.0
3816 251.0
3817 203.0
3818 180.0
3819 203.0
3820 204.0
3821 0.0
3822 251.0
3823 251.0
3824 109.0
3825 395.0
3826 202.0
3827 202.0
3828 0.0
3829 252.0
3830 252.0
3831 252.0
3832 251.0
3833 252.0
3834 252.0
3835 252.0
3836 252.0
3837 252.0
3838 252.0
3839 114.0
3840 203.0
3841 204.0
3842 331.0
3843 203.0
3844 32.0
3845 313.0
3846 98.0
3847 204.0
3848 215.0
3849 313.0
3850 215.0
3851 215.0
3852 252.0
3853 252.0
3854 203.0
3855 203.0
3856 251.0
3857 204.0
3858 251.0
3859 251.0
3860 251.0
3861 331.0
3862 252.0
3863 252.0
3864 252.0
3865 204.0
3866 251.0
3867 204.0
3868 203.0
3869 251.0
3870 204.0
3871 38.0
3872 32.0
3873 251.0
3874 251.0
3875 32.0
3876 395.0
3877 202.0
3878 202.0
3879 131.0
3880 252.0
3881 252.0
3882 252.0
3883 203.0
3884 252.0
3885 252.0
3886 252.0
3887 252.0
3888 252.0
3889 252.0
3890 114.0
3891 203.0
3892 204.0
3893 331.0
3894 203.0
3895 38.0
3896 322.0
3897 313.0
3898 204.0
3899 303.0
3900 313.0
3901 215.0
3902 215.0
3903 252.0
3904 252.0
3905 218.0
3906 252.0
3907 251.0
3908 229.0
3909 251.0
3910 251.0
3911 251.0
3912 251.0
3913 191.0
3914 252.0
3915 252.0
3916 169.0
3917 192.0
3918 203.0
3919 192.0
3920 203.0
3921 204.0
3922 38.0
3923 38.0
3924 251.0
3925 251.0
3926 32.0
3927 395.0
3928 202.0
3929 202.0
3930 0.0
3931 204.0
3932 252.0
3933 252.0
3934 252.0
3935 252.0
3936 252.0
3937 252.0
3938 252.0
3939 252.0
3940 252.0
3941 252.0
3942 203.0
3943 203.0
3944 331.0
3945 203.0
3946 38.0
3947 215.0
3948 214.0
3949 303.0
3950 33.0
3951 299.0
3952 204.0
3953 215.0
3954 252.0
3955 252.0
3956 218.0
3957 252.0
3958 33.0
3959 229.0
3960 251.0
3961 251.0
3962 251.0
3963 217.0
3964 226.0
3965 252.0
3966 252.0
3967 204.0
3968 192.0
3969 169.0
3970 0.0
3971 180.0
3972 180.0
3973 0.0
3974 38.0
3975 251.0
3976 251.0
3977 30.0
3978 395.0
3979 202.0
3980 202.0
3981 0.0
3982 204.0
3983 252.0
3984 252.0
3985 251.0
3986 252.0
3987 252.0
3988 252.0
3989 252.0
3990 251.0
3991 252.0
3992 251.0
3993 251.0
3994 44.0
3995 331.0
3996 186.0
3997 32.0
3998 358.0
3999 313.0
4000 204.0
4001 215.0
4002 299.0
4003 302.0
4004 215.0
4005 252.0
4006 252.0
4007 251.0
4008 203.0
4009 203.0
4010 32.0
4011 251.0
4012 251.0
4013 251.0
4014 331.0
4015 203.0
4016 252.0
4017 252.0
4018 204.0
4019 349.0
4020 251.0
4021 203.0
4022 203.0
4023 203.0
4024 38.0
4025 32.0
4026 251.0
4027 251.0
4028 32.0
4029 395.0
4030 202.0
4031 202.0
4032 120.0
4033 252.0
4034 252.0
4035 252.0
4036 204.0
4037 252.0
4038 252.0
4039 252.0
4040 252.0
4041 252.0
4042 252.0
4043 114.0
4044 203.0
4045 44.0
4046 204.0
4047 204.0
4048 32.0
4049 313.0
4050 31.0
4051 204.0
4052 215.0
4053 313.0
4054 215.0
4055 215.0
4056 252.0
4057 252.0
4058 252.0
4059 252.0
4060 203.0
4061 229.0
4062 251.0
4063 251.0
4064 226.0
4065 234.0
4066 251.0
4067 252.0
4068 252.0
4069 169.0
4070 349.0
4071 114.0
4072 252.0
4073 180.0
4074 204.0
4075 38.0
4076 32.0
4077 251.0
4078 251.0
4079 33.0
4080 395.0
4081 202.0
4082 202.0
4083 120.0
4084 252.0
4085 252.0
4086 252.0
4087 252.0
4088 252.0
4089 252.0
4090 252.0
4091 252.0
4092 251.0
4093 252.0
4094 114.0
4095 203.0
4096 203.0
4097 331.0
4098 203.0
4099 38.0
4100 215.0
4101 292.0
4102 204.0
4103 258.0
4104 313.0
4105 302.0
4106 215.0
4107 252.0
4108 252.0
4109 251.0
4110 252.0
4111 251.0
4112 226.0
4113 251.0
4114 251.0
4115 204.0
4116 251.0
4117 224.0
4118 252.0
4119 252.0
4120 225.0
4121 203.0
4122 203.0
4123 184.0
4124 203.0
4125 203.0
4126 38.0
4127 38.0
4128 251.0
4129 251.0
4130 32.0
4131 395.0
4132 202.0
4133 202.0
4134 0.0
4135 204.0
4136 252.0
4137 252.0
4138 251.0
4139 252.0
4140 252.0
4141 252.0
4142 252.0
4143 252.0
4144 252.0
4145 251.0
4146 251.0
4147 203.0
4148 331.0
4149 203.0
4150 33.0
4151 215.0
4152 215.0
4153 204.0
4154 31.0
4155 299.0
4156 31.0
4157 299.0
4158 252.0
4159 252.0
4160 218.0
4161 252.0
4162 251.0
4163 226.0
4164 251.0
4165 251.0
4166 251.0
4167 251.0
4168 203.0
4169 252.0
4170 252.0
4171 204.0
4172 203.0
4173 169.0
4174 349.0
4175 180.0
4176 204.0
4177 38.0
4178 38.0
4179 251.0
4180 251.0
4181 32.0
4182 395.0
4183 202.0
4184 202.0
4185 0.0
4186 252.0
4187 252.0
4188 252.0
4189 252.0
4190 252.0
4191 252.0
4192 252.0
4193 252.0
4194 252.0
4195 252.0
4196 251.0
4197 203.0
4198 44.0
4199 204.0
4200 103.0
4201 38.0
4202 363.0
4203 358.0
4204 204.0
4205 303.0
4206 299.0
4207 203.0
4208 215.0
4209 215.0
4210 252.0
4211 251.0
4212 252.0
4213 203.0
4214 204.0
4215 251.0
4216 251.0
4217 251.0
4218 251.0
4219 332.0
4220 252.0
4221 252.0
4222 203.0
4223 251.0
4224 203.0
4225 203.0
4226 203.0
4227 203.0
4228 38.0
4229 32.0
4230 251.0
4231 251.0
4232 32.0
4233 395.0
4234 202.0
4235 202.0
4236 0.0
4237 251.0
4238 252.0
4239 252.0
4240 204.0
4241 252.0
4242 252.0
4243 252.0
4244 252.0
4245 252.0
4246 252.0
4247 109.0
4248 203.0
4249 44.0
4250 331.0
4251 203.0
4252 33.0
4253 292.0
4254 322.0
4255 204.0
4256 215.0
4257 313.0
4258 215.0
4259 215.0
4260 252.0
4261 252.0
4262 252.0
4263 252.0
4264 235.0
4265 203.0
4266 251.0
4267 251.0
4268 251.0
4269 251.0
4270 204.0
4271 166.0
4272 252.0
4273 251.0
4274 251.0
4275 204.0
4276 395.0
4277 192.0
4278 204.0
4279 38.0
4280 38.0
4281 251.0
4282 251.0
4283 32.0
4284 395.0
4285 202.0
4286 202.0
4287 204.0
4288 204.0
4289 252.0
4290 252.0
4291 251.0
4292 252.0
4293 252.0
4294 252.0
4295 252.0
4296 252.0
4297 252.0
4298 252.0
4299 251.0
4300 203.0
4301 331.0
4302 203.0
4303 32.0
4304 251.0
4305 363.0
4306 204.0
4307 313.0
4308 299.0
4309 215.0
4310 215.0
4311 252.0
4312 252.0
4313 251.0
4314 252.0
4315 42.0
4316 226.0
4317 251.0
4318 251.0
4319 0.0
4320 331.0
4321 204.0
4322 331.0
4323 252.0
4324 251.0
4325 204.0
4326 169.0
4327 315.0
4328 204.0
4329 203.0
4330 38.0
4331 251.0
4332 251.0
4333 251.0
4334 175.0
4335 395.0
4336 202.0
4337 204.0
4338 0.0
4339 252.0
4340 252.0
4341 252.0
4342 251.0
4343 252.0
4344 252.0
4345 252.0
4346 252.0
4347 252.0
4348 252.0
4349 251.0
4350 251.0
4351 204.0
4352 315.0
4353 203.0
4354 103.0
4355 251.0
4356 215.0
4357 204.0
4358 259.0
4359 299.0
4360 214.0
4361 215.0
4362 204.0
4363 252.0
4364 251.0
4365 252.0
4366 203.0
4367 226.0
4368 251.0
4369 251.0
4370 234.0
4371 251.0
4372 331.0
4373 204.0
4374 0.0
4375 251.0
4376 203.0
4377 203.0
4378 203.0
4379 180.0
4380 203.0
4381 32.0
4382 32.0
4383 251.0
4384 251.0
4385 33.0
4386 395.0
4387 204.0
4388 204.0
4389 120.0
4390 252.0
4391 252.0
4392 252.0
4393 203.0
4394 252.0
4395 252.0
4396 252.0
4397 252.0
4398 252.0
4399 252.0
4400 114.0
4401 203.0
4402 204.0
4403 331.0
4404 103.0
4405 98.0
4406 358.0
4407 292.0
4408 204.0
4409 313.0
4410 299.0
4411 215.0
4412 204.0
4413 204.0
4414 252.0
4415 252.0
4416 252.0
4417 224.0
4418 231.0
4419 251.0
4420 251.0
4421 251.0
4422 251.0
4423 204.0
4424 203.0
4425 92.0
4426 192.0
4427 169.0
4428 204.0
4429 293.0
4430 180.0
4431 203.0
4432 32.0
4433 38.0
4434 251.0
4435 251.0
4436 180.0
4437 395.0
4438 204.0
4439 204.0
4440 204.0
4441 252.0
4442 252.0
4443 252.0
4444 252.0
4445 252.0
4446 252.0
4447 252.0
4448 252.0
4449 252.0
4450 252.0
4451 43.0
4452 109.0
4453 204.0
4454 331.0
4455 169.0
4456 33.0
4457 358.0
4458 292.0
4459 204.0
4460 251.0
4461 313.0
4462 215.0
4463 299.0
4464 204.0
4465 252.0
4466 252.0
4467 252.0
4468 203.0
4469 204.0
4470 251.0
4471 251.0
4472 89.0
4473 251.0
4474 204.0
4475 203.0
4476 0.0
4477 204.0
4478 332.0
4479 349.0
4480 349.0
4481 204.0
4482 203.0
4483 32.0
4484 251.0
4485 251.0
4486 251.0
4487 175.0
4488 395.0
4489 204.0
4490 204.0
4491 0.0
4492 204.0
4493 252.0
4494 252.0
4495 252.0
4496 252.0
4497 252.0
4498 252.0
4499 252.0
4500 252.0
4501 252.0
4502 251.0
4503 203.0
4504 204.0
4505 331.0
4506 203.0
4507 31.0
4508 251.0
4509 215.0
4510 204.0
4511 31.0
4512 313.0
4513 215.0
4514 215.0
4515 312.0
4516 252.0
4517 251.0
4518 252.0
4519 203.0
4520 226.0
4521 251.0
4522 251.0
4523 251.0
4524 231.0
4525 331.0
4526 204.0
4527 331.0
4528 204.0
4529 204.0
4530 251.0
4531 203.0
4532 203.0
4533 203.0
4534 203.0
4535 32.0
4536 251.0
4537 251.0
4538 158.0
4539 395.0
4540 204.0
4541 204.0
4542 131.0
4543 252.0
4544 252.0
4545 252.0
4546 204.0
4547 252.0
4548 252.0
4549 252.0
4550 252.0
4551 251.0
4552 252.0
4553 252.0
4554 251.0
4555 331.0
4556 331.0
4557 203.0
4558 98.0
4559 251.0
4560 215.0
4561 204.0
4562 259.0
4563 313.0
4564 215.0
4565 251.0
4566 215.0
4567 251.0
4568 251.0
4569 252.0
4570 245.0
4571 240.0
4572 251.0
4573 251.0
4574 204.0
4575 203.0
4576 331.0
4577 204.0
4578 204.0
4579 252.0
4580 169.0
4581 251.0
4582 349.0
4583 169.0
4584 203.0
4585 38.0
4586 32.0
4587 251.0
4588 251.0
4589 203.0
4590 395.0
4591 204.0
4592 204.0
4593 0.0
4594 252.0
4595 252.0
4596 252.0
4597 252.0
4598 252.0
4599 252.0
4600 252.0
4601 252.0
4602 252.0
4603 252.0
4604 252.0
4605 251.0
4606 252.0
4607 331.0
4608 203.0
4609 204.0
4610 358.0
4611 313.0
4612 204.0
4613 215.0
4614 299.0
4615 215.0
4616 204.0
4617 282.0
4618 251.0
4619 252.0
4620 203.0
4621 226.0
4622 203.0
4623 251.0
4624 251.0
4625 191.0
4626 251.0
4627 204.0
4628 331.0
4629 204.0
4630 252.0
4631 251.0
4632 251.0
4633 349.0
4634 180.0
4635 203.0
4636 30.0
4637 38.0
4638 251.0
4639 251.0
4640 186.0
4641 395.0
4642 204.0
4643 202.0
4644 204.0
4645 252.0
4646 252.0
4647 252.0
4648 252.0
4649 252.0
4650 252.0
4651 252.0
4652 252.0
4653 251.0
4654 252.0
4655 252.0
4656 251.0
4657 204.0
4658 331.0
4659 203.0
4660 252.0
4661 251.0
4662 251.0
4663 204.0
4664 215.0
4665 299.0
4666 215.0
4667 312.0
4668 204.0
4669 215.0
4670 251.0
4671 252.0
4672 203.0
4673 229.0
4674 251.0
4675 251.0
4676 226.0
4677 0.0
4678 204.0
4679 331.0
4680 203.0
4681 204.0
4682 203.0
4683 192.0
4684 203.0
4685 203.0
4686 203.0
4687 38.0
4688 38.0
4689 251.0
4690 251.0
4691 251.0
4692 395.0
4693 204.0
4694 204.0
4695 0.0
4696 204.0
4697 252.0
4698 252.0
4699 252.0
4700 252.0
4701 252.0
4702 252.0
4703 252.0
4704 252.0
4705 252.0
4706 252.0
4707 251.0
4708 204.0
4709 331.0
4710 203.0
4711 103.0
4712 251.0
4713 215.0
4714 204.0
4715 251.0
4716 313.0
4717 215.0
4718 215.0
4719 215.0
4720 215.0
4721 252.0
4722 252.0
4723 251.0
4724 230.0
4725 251.0
4726 251.0
4727 251.0
4728 251.0
4729 332.0
4730 204.0
4731 203.0
4732 25.0
4733 203.0
4734 349.0
4735 203.0
4736 203.0
4737 203.0
4738 204.0
4739 32.0
4740 251.0
4741 251.0
4742 251.0
4743 395.0
4744 204.0
4745 204.0
4746 0.0
4747 204.0
4748 252.0
4749 252.0
4750 252.0
4751 252.0
4752 252.0
4753 252.0
4754 252.0
4755 252.0
4756 252.0
4757 252.0
4758 251.0
4759 331.0
4760 331.0
4761 203.0
4762 32.0
4763 358.0
4764 215.0
4765 204.0
4766 251.0
4767 313.0
4768 215.0
4769 312.0
4770 215.0
4771 204.0
4772 252.0
4773 252.0
4774 245.0
4775 231.0
4776 251.0
4777 251.0
4778 251.0
4779 251.0
4780 332.0
4781 204.0
4782 204.0
4783 251.0
4784 169.0
4785 251.0
4786 349.0
4787 169.0
4788 203.0
4789 204.0
4790 32.0
4791 251.0
4792 251.0
4793 186.0
4794 395.0
4795 204.0
4796 204.0
4797 0.0
4798 252.0
4799 252.0
4800 252.0
4801 252.0
4802 252.0
4803 252.0
4804 252.0
4805 252.0
4806 252.0
4807 252.0
4808 252.0
4809 251.0
4810 331.0
4811 331.0
4812 175.0
4813 204.0
4814 358.0
4815 251.0
4816 204.0
4817 215.0
4818 313.0
4819 215.0
4820 283.0
4821 312.0
4822 32.0
4823 252.0
4824 203.0
4825 240.0
4826 240.0
4827 251.0
4828 251.0
4829 226.0
4830 251.0
4831 204.0
4832 203.0
4833 203.0
4834 252.0
4835 203.0
4836 395.0
4837 349.0
4838 194.0
4839 203.0
4840 38.0
4841 32.0
4842 251.0
4843 251.0
4844 32.0
4845 395.0
4846 204.0
4847 204.0
4848 0.0
4849 204.0
4850 252.0
4851 252.0
4852 204.0
4853 252.0
4854 252.0
4855 252.0
4856 252.0
4857 252.0
4858 252.0
4859 252.0
4860 251.0
4861 204.0
4862 331.0
4863 203.0
4864 215.0
4865 251.0
4866 313.0
4867 204.0
4868 215.0
4869 299.0
4870 215.0
4871 215.0
4872 282.0
4873 215.0
4874 252.0
4875 252.0
4876 203.0
4877 226.0
4878 251.0
4879 251.0
4880 251.0
4881 251.0
4882 331.0
4883 203.0
4884 203.0
4885 252.0
4886 203.0
4887 251.0
4888 395.0
4889 203.0
4890 203.0
4891 204.0
4892 38.0
4893 251.0
4894 251.0
4895 251.0
4896 395.0
4897 204.0
4898 204.0
4899 0.0
4900 204.0
4901 252.0
4902 252.0
4903 204.0
4904 252.0
4905 252.0
4906 252.0
4907 252.0
4908 251.0
4909 252.0
4910 252.0
4911 251.0
4912 331.0
4913 204.0
4914 203.0
4915 31.0
4916 251.0
4917 215.0
4918 204.0
4919 31.0
4920 299.0
4921 215.0
4922 215.0
4923 215.0
4924 214.0
4925 251.0
4926 252.0
4927 203.0
4928 226.0
4929 251.0
4930 251.0
4931 251.0
4932 226.0
4933 332.0
4934 251.0
4935 332.0
4936 251.0
4937 203.0
4938 251.0
4939 203.0
4940 203.0
4941 203.0
4942 38.0
4943 38.0
4944 251.0
4945 251.0
4946 252.0
4947 395.0
4948 204.0
4949 204.0
4950 204.0
4951 252.0
4952 252.0
4953 252.0
4954 252.0
4955 252.0
4956 252.0
4957 252.0
4958 252.0
4959 252.0
4960 252.0
4961 252.0
4962 251.0
4963 331.0
4964 331.0
4965 169.0
4966 31.0
4967 363.0
4968 251.0
4969 204.0
4970 31.0
4971 313.0
4972 215.0
4973 204.0
4974 312.0
4975 215.0
4976 252.0
4977 252.0
4978 235.0
4979 230.0
4980 251.0
4981 251.0
4982 0.0
4983 332.0
4984 332.0
4985 251.0
4986 331.0
4987 395.0
4988 169.0
4989 251.0
4990 395.0
4991 169.0
4992 203.0
4993 38.0
4994 32.0
4995 251.0
4996 190.0
4997 203.0
4998 395.0
4999 204.0
5000 204.0
5001 204.0
5002 252.0
5003 252.0
5004 252.0
5005 252.0
5006 252.0
5007 252.0
5008 252.0
5009 252.0
5010 251.0
5011 252.0
5012 252.0
5013 251.0
5014 204.0
5015 331.0
5016 203.0
5017 203.0
5018 358.0
5019 292.0
5020 204.0
5021 215.0
5022 313.0
5023 215.0
5024 203.0
5025 282.0
5026 215.0
5027 251.0
5028 252.0
5029 203.0
5030 226.0
5031 251.0
5032 251.0
5033 231.0
5034 203.0
5035 332.0
5036 197.0
5037 251.0
5038 32.0
5039 103.0
5040 251.0
5041 349.0
5042 203.0
5043 203.0
5044 38.0
5045 38.0
5046 251.0
5047 38.0
5048 252.0
5049 395.0
5050 204.0
5051 204.0
5052 0.0
5053 252.0
5054 252.0
5055 252.0
5056 252.0
5057 252.0
5058 252.0
5059 252.0
5060 252.0
5061 252.0
5062 252.0
5063 252.0
5064 251.0
5065 204.0
5066 331.0
5067 204.0
5068 33.0
5069 251.0
5070 358.0
5071 204.0
5072 299.0
5073 313.0
5074 215.0
5075 215.0
5076 215.0
5077 215.0
5078 252.0
5079 252.0
5080 252.0
5081 186.0
5082 251.0
5083 251.0
5084 251.0
5085 331.0
5086 332.0
5087 157.0
5088 251.0
5089 251.0
5090 204.0
5091 251.0
5092 395.0
5093 203.0
5094 203.0
5095 38.0
5096 251.0
5097 251.0
5098 203.0
5099 252.0
5100 395.0
