1 1.0
2 0.0
3 0.0
4 0.0
5 0.0
6 0.0
7 203.0
8 204.0
9 33.0
10 0.0
11 203.0
12 33.0
13 203.0
14 0.0
15 38.0
16 33.0
17 0.0
18 0.0
19 231.0
20 0.0
21 0.0
22 0.0
23 203.0
24 33.0
25 0.0
26 1.0
27 1.0
28 0.0
29 30.0
30 0.0
31 32.0
32 0.0
33 32.0
34 38.0
35 1.0
36 204.0
37 1.0
38 203.0
39 203.0
40 0.0
41 0.0
42 203.0
43 0.0
44 0.0
45 0.0
46 174.0
47 0.0
48 180.0
49 1.0
50 0.0
51 231.0
52 0.0
53 0.0
54 1.0
55 1.0
56 0.0
57 30.0
58 1.0
59 0.0
60 0.0
61 0.0
62 203.0
63 0.0
64 0.0
65 0.0
66 0.0
67 0.0
68 0.0
69 180.0
70 0.0
71 0.0
72 0.0
73 203.0
74 32.0
75 1.0
76 0.0
77 0.0
78 0.0
79 0.0
80 0.0
81 203.0
82 0.0
83 0.0
84 0.0
85 0.0
86 0.0
87 204.0
88 0.0
89 0.0
90 33.0
91 0.0
92 32.0
93 0.0
94 0.0
95 32.0
96 1.0
97 236.0
98 204.0
99 204.0
100 180.0
101 0.0
102 236.0
103 0.0
104 0.0
105 1.0
106 1.0
107 0.0
108 1.0
109 204.0
110 1.0
111 203.0
112 0.0
113 203.0
114 33.0
115 1.0
116 0.0
117 104.0
118 0.0
119 0.0
120 0.0
121 0.0
122 38.0
123 1.0
124 32.0
125 0.0
126 33.0
127 32.0
128 0.0
129 0.0
130 0.0
131 0.0
132 0.0
133 0.0
134 0.0
135 0.0
136 0.0
137 0.0
138 0.0
139 1.0
140 0.0
141 1.0
142 0.0
143 0.0
144 0.0
145 1.0
146 1.0
147 32.0
148 203.0
149 33.0
150 203.0
151 0.0
152 6.0
153 236.0
154 1.0
155 166.0
156 0.0
157 0.0
158 1.0
159 1.0
160 0.0
161 0.0
162 0.0
163 0.0
164 203.0
165 33.0
166 1.0
167 0.0
168 104.0
169 33.0
170 239.0
171 0.0
172 236.0
173 204.0
174 0.0
175 17.0
176 0.0
177 0.0
178 38.0
179 0.0
180 169.0
181 163.0
182 0.0
183 0.0
184 0.0
185 6.0
186 203.0
187 6.0
188 32.0
189 0.0
190 169.0
191 203.0
192 6.0
193 71.0
194 203.0
195 0.0
196 1.0
197 0.0
198 0.0
199 174.0
200 33.0
201 32.0
202 174.0
203 0.0
204 239.0
205 1.0
206 0.0
207 0.0
208 25.0
209 6.0
210 0.0
211 0.0
212 0.0
213 6.0
214 0.0
215 180.0
216 203.0
217 203.0
218 0.0
219 1.0
220 203.0
221 0.0
222 98.0
223 203.0
224 0.0
225 1.0
226 203.0
227 30.0
228 203.0
229 1.0
230 32.0
231 6.0
232 0.0
233 0.0
234 0.0
235 25.0
236 1.0
237 1.0
238 33.0
239 32.0
240 32.0
241 169.0
242 203.0
243 0.0
244 0.0
245 0.0
246 242.0
247 203.0
248 32.0
249 38.0
250 0.0
251 204.0
252 0.0
253 38.0
254 0.0
255 242.0
256 33.0
257 6.0
258 0.0
259 6.0
260 0.0
261 0.0
262 203.0
263 6.0
264 203.0
265 0.0
266 180.0
267 1.0
268 0.0
269 0.0
270 0.0
271 6.0
272 33.0
273 0.0
274 6.0
275 6.0
276 0.0
277 0.0
278 0.0
279 203.0
280 33.0
281 0.0
282 0.0
283 30.0
284 203.0
285 61.0
286 0.0
287 109.0
288 242.0
289 6.0
290 32.0
291 204.0
292 251.0
293 6.0
294 6.0
295 6.0
296 203.0
297 6.0
298 203.0
299 0.0
300 6.0
301 6.0
302 25.0
303 6.0
304 1.0
305 203.0
306 251.0
307 0.0
308 0.0
309 0.0
310 0.0
311 216.0
312 33.0
313 203.0
314 204.0
315 0.0
316 0.0
317 204.0
318 0.0
319 203.0
320 6.0
321 32.0
322 0.0
323 11.0
324 32.0
325 226.0
326 0.0
327 247.0
328 6.0
329 0.0
330 6.0
331 0.0
332 6.0
333 251.0
334 0.0
335 242.0
336 203.0
337 204.0
338 251.0
339 157.0
340 0.0
341 0.0
342 0.0
343 0.0
344 0.0
345 33.0
346 0.0
347 1.0
348 30.0
349 202.0
350 11.0
351 0.0
352 32.0
353 6.0
354 1.0
355 0.0
356 0.0
357 251.0
358 251.0
359 0.0
360 33.0
361 6.0
362 216.0
363 203.0
364 203.0
365 0.0
366 203.0
367 0.0
368 30.0
369 157.0
370 32.0
371 0.0
372 33.0
373 0.0
374 192.0
375 204.0
376 29.0
377 0.0
378 0.0
379 6.0
380 0.0
381 229.0
382 251.0
383 0.0
384 0.0
385 0.0
386 242.0
387 0.0
388 204.0
389 0.0
390 0.0
391 0.0
392 203.0
393 203.0
394 164.0
395 0.0
396 6.0
397 0.0
398 38.0
399 203.0
400 32.0
401 242.0
402 9.0
403 25.0
404 6.0
405 0.0
406 194.0
407 0.0
408 251.0
409 6.0
410 0.0
411 0.0
412 203.0
413 203.0
414 6.0
415 192.0
416 201.0
417 169.0
418 0.0
419 30.0
420 0.0
421 0.0
422 0.0
423 0.0
424 0.0
425 0.0
426 0.0
427 6.0
428 6.0
429 251.0
430 6.0
431 0.0
432 251.0
433 251.0
434 0.0
435 221.0
436 0.0
437 242.0
438 201.0
439 204.0
440 6.0
441 0.0
442 200.0
443 203.0
444 0.0
445 216.0
446 6.0
447 33.0
448 6.0
449 6.0
450 17.0
451 32.0
452 6.0
453 0.0
454 203.0
455 101.0
456 204.0
457 251.0
458 6.0
459 251.0
460 221.0
461 0.0
462 6.0
463 0.0
464 0.0
465 251.0
466 0.0
467 180.0
468 0.0
469 30.0
470 30.0
471 38.0
472 0.0
473 0.0
474 104.0
475 203.0
476 0.0
477 0.0
478 242.0
479 251.0
480 204.0
481 251.0
482 0.0
483 192.0
484 251.0
485 0.0
486 6.0
487 0.0
488 0.0
489 242.0
490 32.0
491 0.0
492 0.0
493 6.0
494 1.0
495 0.0
496 0.0
497 0.0
498 0.0
499 200.0
500 0.0
501 32.0
502 38.0
503 203.0
504 0.0
505 169.0
506 38.0
507 0.0
508 205.0
509 242.0
510 251.0
511 201.0
512 204.0
513 203.0
514 248.0
515 216.0
516 0.0
517 25.0
518 203.0
519 204.0
520 0.0
521 203.0
522 0.0
523 203.0
524 0.0
525 203.0
526 201.0
527 0.0
528 0.0
529 251.0
530 157.0
531 6.0
532 251.0
533 0.0
534 6.0
535 251.0
536 0.0
537 203.0
538 0.0
539 251.0
540 251.0
541 60.0
542 6.0
543 0.0
544 251.0
545 6.0
546 0.0
547 0.0
548 203.0
549 41.0
550 200.0
551 6.0
552 242.0
553 203.0
554 11.0
555 0.0
556 6.0
557 6.0
558 33.0
559 203.0
560 200.0
561 251.0
562 6.0
563 216.0
564 251.0
565 0.0
566 216.0
567 17.0
568 0.0
569 201.0
570 191.0
571 0.0
572 203.0
573 0.0
574 169.0
575 0.0
576 203.0
577 0.0
578 0.0
579 203.0
580 204.0
581 6.0
582 251.0
583 0.0
584 0.0
585 6.0
586 0.0
587 157.0
588 0.0
589 0.0
590 251.0
591 0.0
592 204.0
593 203.0
594 251.0
595 0.0
596 203.0
597 0.0
598 242.0
599 203.0
600 6.0
601 220.0
602 203.0
603 0.0
604 242.0
605 6.0
606 0.0
607 180.0
608 6.0
609 32.0
610 242.0
611 4.0
612 251.0
613 6.0
614 204.0
615 6.0
616 201.0
617 0.0
618 0.0
619 203.0
620 6.0
621 191.0
622 32.0
623 203.0
624 203.0
625 0.0
626 0.0
627 203.0
628 218.0
629 0.0
630 0.0
631 201.0
632 17.0
633 247.0
634 169.0
635 0.0
636 156.0
637 0.0
638 0.0
639 0.0
640 0.0
641 0.0
642 6.0
643 204.0
644 0.0
645 0.0
646 251.0
647 6.0
648 32.0
649 169.0
650 169.0
651 6.0
652 6.0
653 0.0
654 0.0
655 38.0
656 201.0
657 0.0
658 30.0
659 101.0
660 6.0
661 6.0
662 201.0
663 251.0
664 251.0
665 200.0
666 0.0
667 32.0
668 203.0
669 0.0
670 6.0
671 6.0
672 0.0
673 0.0
674 114.0
675 0.0
676 32.0
677 0.0
678 251.0
679 0.0
680 0.0
681 32.0
682 242.0
683 251.0
684 156.0
685 251.0
686 0.0
687 251.0
688 0.0
689 0.0
690 251.0
691 0.0
692 201.0
693 251.0
694 0.0
695 0.0
696 251.0
697 203.0
698 203.0
699 0.0
700 251.0
701 169.0
702 0.0
703 203.0
704 0.0
705 6.0
706 203.0
707 6.0
708 180.0
709 203.0
710 203.0
711 203.0
712 0.0
713 6.0
714 251.0
715 201.0
716 6.0
717 204.0
718 248.0
719 203.0
720 251.0
721 6.0
722 33.0
723 0.0
724 204.0
725 204.0
726 109.0
727 32.0
728 0.0
729 0.0
730 0.0
731 0.0
732 32.0
733 251.0
734 6.0
735 0.0
736 251.0
737 0.0
738 6.0
739 242.0
740 0.0
741 0.0
742 0.0
743 242.0
744 6.0
745 0.0
746 191.0
747 0.0
748 32.0
749 201.0
750 6.0
751 0.0
752 32.0
753 6.0
754 251.0
755 6.0
756 0.0
757 33.0
758 17.0
759 0.0
760 0.0
761 6.0
762 0.0
763 0.0
764 169.0
765 251.0
766 6.0
767 0.0
768 6.0
769 0.0
770 6.0
771 251.0
772 204.0
773 151.0
774 191.0
775 204.0
776 204.0
777 6.0
778 32.0
779 0.0
780 201.0
781 0.0
782 0.0
783 204.0
784 221.0
785 203.0
786 0.0
787 6.0
788 0.0
789 6.0
790 8.0
791 0.0
792 221.0
793 0.0
794 251.0
795 201.0
796 201.0
797 6.0
798 0.0
799 203.0
800 0.0
801 0.0
802 0.0
803 242.0
804 6.0
805 251.0
806 201.0
807 0.0
808 38.0
809 201.0
810 0.0
811 158.0
812 203.0
813 0.0
814 214.0
815 6.0
816 251.0
817 6.0
818 0.0
819 6.0
820 0.0
821 203.0
822 201.0
823 203.0
824 180.0
825 0.0
826 0.0
827 203.0
828 242.0
829 32.0
830 0.0
831 0.0
832 0.0
833 0.0
834 218.0
835 201.0
836 251.0
837 251.0
838 6.0
839 0.0
840 1.0
841 0.0
842 1.0
843 6.0
844 0.0
845 251.0
846 201.0
847 201.0
848 192.0
849 33.0
850 203.0
851 203.0
852 0.0
853 201.0
854 6.0
855 0.0
856 251.0
857 0.0
858 203.0
859 203.0
860 192.0
861 0.0
862 203.0
863 0.0
864 0.0
865 203.0
866 200.0
867 251.0
868 201.0
869 0.0
870 158.0
871 25.0
872 216.0
873 6.0
874 6.0
875 6.0
876 203.0
877 6.0
878 204.0
879 203.0
880 169.0
881 0.0
882 0.0
883 0.0
884 0.0
885 33.0
886 203.0
887 251.0
888 6.0
889 251.0
890 0.0
891 6.0
892 8.0
893 0.0
894 6.0
895 0.0
896 251.0
897 6.0
898 201.0
899 197.0
900 251.0
901 32.0
902 0.0
903 251.0
904 246.0
905 242.0
906 6.0
907 251.0
908 0.0
909 203.0
910 156.0
911 6.0
912 0.0
913 203.0
914 6.0
915 1.0
916 251.0
917 207.0
918 251.0
919 156.0
920 204.0
921 0.0
922 203.0
923 203.0
924 6.0
925 0.0
926 201.0
927 17.0
928 1.0
929 203.0
930 38.0
931 32.0
932 0.0
933 0.0
934 218.0
935 0.0
936 33.0
937 251.0
938 6.0
939 251.0
940 251.0
941 0.0
942 251.0
943 251.0
944 0.0
945 221.0
946 0.0
947 251.0
948 251.0
949 200.0
950 251.0
951 0.0
952 0.0
953 203.0
954 6.0
955 251.0
956 0.0
957 6.0
958 201.0
959 0.0
960 6.0
961 207.0
962 6.0
963 0.0
964 87.0
965 32.0
966 0.0
967 204.0
968 201.0
969 251.0
970 251.0
971 251.0
972 0.0
973 203.0
974 203.0
975 32.0
976 0.0
977 0.0
978 0.0
979 204.0
980 203.0
981 242.0
982 32.0
983 0.0
984 33.0
985 0.0
986 0.0
987 0.0
988 251.0
989 251.0
990 251.0
991 33.0
992 0.0
993 201.0
994 251.0
995 0.0
996 204.0
997 0.0
998 0.0
999 221.0
1000 251.0
1001 0.0
1002 205.0
1003 221.0
1004 203.0
1005 0.0
1006 216.0
1007 0.0
1008 203.0
1009 251.0
1010 201.0
1011 203.0
1012 251.0
1013 6.0
1014 0.0
1015 32.0
1016 33.0
1017 209.0
1018 189.0
1019 201.0
1020 251.0
1021 203.0
1022 251.0
1023 6.0
1024 0.0
1025 6.0
1026 17.0
1027 227.0
1028 0.0
1029 6.0
1030 221.0
1031 203.0
1032 251.0
1033 32.0
1034 0.0
1035 203.0
1036 6.0
1037 0.0
1038 157.0
1039 185.0
1040 177.0
1041 251.0
1042 251.0
1043 0.0
1044 0.0
1045 242.0
1046 0.0
1047 251.0
1048 0.0
1049 242.0
1050 229.0
1051 6.0
1052 0.0
1053 251.0
1054 0.0
1055 0.0
1056 188.0
1057 201.0
1058 251.0
1059 6.0
1060 251.0
1061 0.0
1062 6.0
1063 203.0
1064 6.0
1065 203.0
1066 203.0
1067 6.0
1068 0.0
1069 218.0
1070 201.0
1071 251.0
1072 200.0
1073 221.0
1074 203.0
1075 6.0
1076 251.0
1077 6.0
1078 0.0
1079 251.0
1080 0.0
1081 6.0
1082 203.0
1083 192.0
1084 0.0
1085 0.0
1086 0.0
1087 0.0
1088 6.0
1089 157.0
1090 203.0
1091 203.0
1092 247.0
1093 0.0
1094 0.0
1095 6.0
1096 0.0
1097 0.0
1098 251.0
1099 203.0
1100 17.0
1101 203.0
1102 204.0
1103 191.0
1104 251.0
1105 251.0
1106 0.0
1107 0.0
1108 242.0
1109 6.0
1110 0.0
1111 200.0
1112 6.0
1113 0.0
1114 251.0
1115 6.0
1116 17.0
1117 0.0
1118 6.0
1119 1.0
1120 203.0
1121 169.0
1122 251.0
1123 251.0
1124 251.0
1125 203.0
1126 201.0
1127 251.0
1128 203.0
1129 0.0
1130 201.0
1131 0.0
1132 0.0
1133 203.0
1134 192.0
1135 17.0
1136 0.0
1137 0.0
1138 6.0
1139 0.0
1140 0.0
1141 251.0
1142 6.0
1143 247.0
1144 25.0
1145 0.0
1146 17.0
1147 8.0
1148 0.0
1149 203.0
1150 6.0
1151 32.0
1152 0.0
1153 213.0
1154 218.0
1155 1.0
1156 251.0
1157 33.0
1158 0.0
1159 216.0
1160 0.0
1161 0.0
1162 251.0
1163 0.0
1164 169.0
1165 251.0
1166 11.0
1167 203.0
1168 204.0
1169 235.0
1170 6.0
1171 6.0
1172 169.0
1173 251.0
1174 251.0
1175 251.0
1176 0.0
1177 204.0
1178 251.0
1179 0.0
1180 0.0
1181 0.0
1182 203.0
1183 0.0
1184 30.0
1185 203.0
1186 32.0
1187 0.0
1188 216.0
1189 0.0
1190 0.0
1191 0.0
1192 251.0
1193 251.0
1194 6.0
1195 6.0
1196 0.0
1197 251.0
1198 0.0
1199 0.0
1200 218.0
1201 201.0
1202 175.0
1203 0.0
1204 6.0
1205 6.0
1206 0.0
1207 0.0
1208 33.0
1209 251.0
1210 251.0
1211 169.0
1212 221.0
1213 251.0
1214 0.0
1215 6.0
1216 207.0
1217 192.0
1218 0.0
1219 203.0
1220 0.0
1221 209.0
1222 0.0
1223 201.0
1224 251.0
1225 221.0
1226 203.0
1227 201.0
1228 32.0
1229 203.0
1230 17.0
1231 25.0
1232 0.0
1233 17.0
1234 251.0
1235 203.0
1236 251.0
1237 169.0
1238 0.0
1239 203.0
1240 218.0
1241 0.0
1242 0.0
1243 221.0
1244 251.0
1245 247.0
1246 251.0
1247 0.0
1248 203.0
1249 0.0
1250 0.0
1251 247.0
1252 0.0
1253 17.0
1254 203.0
1255 6.0
1256 191.0
1257 251.0
1258 0.0
1259 33.0
1260 218.0
1261 242.0
1262 251.0
1263 0.0
1264 0.0
1265 0.0
1266 221.0
1267 6.0
1268 6.0
1269 17.0
1270 203.0
1271 101.0
1272 251.0
1273 251.0
1274 0.0
1275 251.0
1276 203.0
1277 251.0
1278 33.0
1279 0.0
1280 203.0
1281 0.0
1282 203.0
1283 0.0
1284 0.0
1285 6.0
1286 203.0
1287 192.0
1288 6.0
1289 0.0
1290 0.0
1291 0.0
1292 0.0
1293 0.0
1294 33.0
1295 6.0
1296 247.0
1297 0.0
1298 0.0
1299 6.0
1300 0.0
1301 0.0
1302 251.0
1303 203.0
1304 180.0
1305 1.0
1306 0.0
1307 191.0
1308 203.0
1309 251.0
1310 0.0
1311 0.0
1312 201.0
1313 6.0
1314 201.0
1315 0.0
1316 6.0
1317 169.0
1318 6.0
1319 6.0
1320 17.0
1321 245.0
1322 101.0
1323 6.0
1324 17.0
1325 32.0
1326 251.0
1327 6.0
1328 6.0
1329 6.0
1330 0.0
1331 251.0
1332 203.0
1333 33.0
1334 201.0
1335 0.0
1336 203.0
1337 203.0
1338 251.0
1339 0.0
1340 0.0
1341 0.0
1342 192.0
1343 6.0
1344 0.0
1345 251.0
1346 251.0
1347 203.0
1348 6.0
1349 0.0
1350 251.0
1351 0.0
1352 0.0
1353 221.0
1354 1.0
1355 17.0
1356 0.0
1357 251.0
1358 251.0
1359 251.0
1360 251.0
1361 6.0
1362 203.0
1363 216.0
1364 169.0
1365 38.0
1366 200.0
1367 0.0
1368 221.0
1369 6.0
1370 6.0
1371 32.0
1372 169.0
1373 6.0
1374 209.0
1375 0.0
1376 204.0
1377 251.0
1378 156.0
1379 251.0
1380 6.0
1381 0.0
1382 203.0
1383 17.0
1384 0.0
1385 0.0
1386 203.0
1387 0.0
1388 204.0
1389 203.0
1390 0.0
1391 0.0
1392 33.0
1393 6.0
1394 1.0
1395 0.0
1396 221.0
1397 251.0
1398 6.0
1399 6.0
1400 0.0
1401 203.0
1402 0.0
1403 0.0
1404 221.0
1405 0.0
1406 175.0
1407 6.0
1408 251.0
1409 0.0
1410 6.0
1411 6.0
1412 33.0
1413 0.0
1414 201.0
1415 251.0
1416 180.0
1417 203.0
1418 0.0
1419 216.0
1420 6.0
1421 242.0
1422 0.0
1423 0.0
1424 33.0
1425 251.0
1426 0.0
1427 0.0
1428 251.0
1429 251.0
1430 203.0
1431 0.0
1432 0.0
1433 203.0
1434 251.0
1435 203.0
1436 0.0
1437 191.0
1438 6.0
1439 38.0
1440 192.0
1441 6.0
1442 0.0
1443 0.0
1444 203.0
1445 0.0
1446 0.0
1447 251.0
1448 6.0
1449 251.0
1450 0.0
1451 0.0
1452 251.0
1453 251.0
1454 0.0
1455 157.0
1456 0.0
1457 180.0
1458 0.0
1459 251.0
1460 251.0
1461 251.0
1462 221.0
1463 0.0
1464 6.0
1465 201.0
1466 242.0
1467 0.0
1468 0.0
1469 0.0
1470 201.0
1471 6.0
1472 251.0
1473 17.0
1474 33.0
1475 101.0
1476 6.0
1477 6.0
1478 0.0
1479 251.0
1480 33.0
1481 251.0
1482 1.0
1483 0.0
1484 203.0
1485 0.0
1486 0.0
1487 0.0
1488 204.0
1489 6.0
1490 204.0
1491 203.0
1492 6.0
1493 0.0
1494 0.0
1495 0.0
1496 0.0
1497 0.0
1498 251.0
1499 231.0
1500 247.0
1501 0.0
1502 0.0
1503 0.0
1504 248.0
1505 156.0
1506 247.0
1507 32.0
1508 180.0
1509 6.0
1510 221.0
1511 251.0
1512 203.0
1513 201.0
1514 33.0
1515 6.0
1516 216.0
1517 0.0
1518 0.0
1519 200.0
1520 0.0
1521 242.0
1522 6.0
1523 201.0
1524 17.0
1525 169.0
1526 38.0
1527 251.0
1528 17.0
1529 201.0
1530 251.0
1531 0.0
1532 251.0
1533 6.0
1534 0.0
1535 251.0
1536 6.0
1537 0.0
1538 0.0
1539 0.0
1540 251.0
1541 203.0
1542 6.0
1543 0.0
1544 0.0
1545 203.0
1546 218.0
1547 0.0
1548 6.0
1549 251.0
1550 6.0
1551 251.0
1552 6.0
1553 0.0
1554 203.0
1555 0.0
1556 0.0
1557 221.0
1558 30.0
1559 203.0
1560 0.0
1561 6.0
1562 251.0
1563 251.0
1564 251.0
1565 203.0
1566 192.0
1567 216.0
1568 203.0
1569 0.0
1570 0.0
1571 0.0
1572 251.0
1573 223.0
1574 201.0
1575 201.0
1576 0.0
1577 101.0
1578 209.0
1579 201.0
1580 0.0
1581 251.0
1582 251.0
1583 201.0
1584 6.0
1585 0.0
1586 216.0
1587 6.0
1588 1.0
1589 0.0
1590 6.0
1591 0.0
1592 204.0
1593 192.0
1594 0.0
1595 0.0
1596 0.0
1597 0.0
1598 209.0
1599 0.0
1600 203.0
1601 251.0
1602 6.0
1603 6.0
1604 0.0
1605 0.0
1606 0.0
1607 0.0
1608 251.0
1609 0.0
1610 175.0
1611 0.0
1612 6.0
1613 6.0
1614 251.0
1615 251.0
1616 33.0
1617 218.0
1618 251.0
1619 203.0
1620 0.0
1621 0.0
1622 0.0
1623 201.0
1624 251.0
1625 203.0
1626 32.0
1627 32.0
1628 229.0
1629 251.0
1630 204.0
1631 204.0
1632 251.0
1633 251.0
1634 242.0
1635 0.0
1636 0.0
1637 203.0
1638 201.0
1639 25.0
1640 0.0
1641 251.0
1642 6.0
1643 203.0
1644 6.0
1645 6.0
1646 0.0
1647 0.0
1648 1.0
1649 0.0
1650 0.0
1651 242.0
1652 251.0
1653 6.0
1654 0.0
1655 0.0
1656 6.0
1657 8.0
1658 0.0
1659 247.0
1660 0.0
1661 242.0
1662 203.0
1663 221.0
1664 251.0
1665 203.0
1666 201.0
1667 33.0
1668 6.0
1669 251.0
1670 0.0
1671 0.0
1672 200.0
1673 0.0
1674 251.0
1675 1.0
1676 6.0
1677 203.0
1678 221.0
1679 6.0
1680 6.0
1681 6.0
1682 0.0
1683 251.0
1684 0.0
1685 242.0
1686 0.0
1687 201.0
1688 1.0
1689 251.0
1690 6.0
1691 0.0
1692 203.0
1693 6.0
1694 203.0
1695 203.0
1696 6.0
1697 0.0
1698 251.0
1699 192.0
1700 0.0
1701 0.0
1702 251.0
1703 251.0
1704 247.0
1705 6.0
1706 0.0
1707 251.0
1708 0.0
1709 0.0
1710 247.0
1711 0.0
1712 180.0
1713 6.0
1714 251.0
1715 251.0
1716 251.0
1717 242.0
1718 203.0
1719 188.0
1720 204.0
1721 251.0
1722 0.0
1723 204.0
1724 1.0
1725 251.0
1726 169.0
1727 201.0
1728 17.0
1729 169.0
1730 6.0
1731 251.0
1732 6.0
1733 0.0
1734 251.0
1735 0.0
1736 0.0
1737 201.0
1738 0.0
1739 216.0
1740 6.0
1741 0.0
1742 0.0
1743 0.0
1744 0.0
1745 203.0
1746 192.0
1747 0.0
1748 0.0
1749 203.0
1750 0.0
1751 0.0
1752 0.0
1753 251.0
1754 251.0
1755 6.0
1756 6.0
1757 0.0
1758 251.0
1759 31.0
1760 0.0
1761 6.0
1762 0.0
1763 175.0
1764 0.0
1765 251.0
1766 6.0
1767 251.0
1768 251.0
1769 203.0
1770 188.0
1771 251.0
1772 251.0
1773 203.0
1774 251.0
1775 203.0
1776 203.0
1777 0.0
1778 6.0
1779 203.0
1780 235.0
1781 25.0
1782 251.0
1783 0.0
1784 203.0
1785 251.0
1786 251.0
1787 201.0
1788 6.0
1789 204.0
1790 200.0
1791 251.0
1792 0.0
1793 0.0
1794 6.0
1795 6.0
1796 180.0
1797 192.0
1798 6.0
1799 0.0
1800 0.0
1801 203.0
1802 0.0
1803 0.0
1804 251.0
1805 221.0
1806 6.0
1807 251.0
1808 0.0
1809 6.0
1810 251.0
1811 0.0
1812 204.0
1813 0.0
1814 175.0
1815 1.0
1816 251.0
1817 251.0
1818 203.0
1819 251.0
1820 33.0
1821 251.0
1822 251.0
1823 221.0
1824 0.0
1825 200.0
1826 191.0
1827 201.0
1828 207.0
1829 203.0
1830 0.0
1831 169.0
1832 241.0
1833 203.0
1834 17.0
1835 0.0
1836 251.0
1837 6.0
1838 203.0
1839 6.0
1840 25.0
1841 247.0
1842 203.0
1843 0.0
1844 0.0
1845 192.0
1846 6.0
1847 180.0
1848 203.0
1849 6.0
1850 0.0
1851 0.0
1852 192.0
1853 0.0
1854 0.0
1855 251.0
1856 251.0
1857 247.0
1858 0.0
1859 38.0
1860 251.0
1861 0.0
1862 157.0
1863 6.0
1864 203.0
1865 180.0
1866 203.0
1867 251.0
1868 251.0
1869 6.0
1870 221.0
1871 203.0
1872 6.0
1873 201.0
1874 251.0
1875 0.0
1876 0.0
1877 203.0
1878 251.0
1879 0.0
1880 6.0
1881 221.0
1882 251.0
1883 32.0
1884 251.0
1885 17.0
1886 0.0
1887 251.0
1888 203.0
1889 221.0
1890 0.0
1891 6.0
1892 203.0
1893 251.0
1894 0.0
1895 0.0
1896 201.0
1897 6.0
1898 180.0
1899 251.0
1900 32.0
1901 0.0
1902 203.0
1903 191.0
1904 192.0
1905 203.0
1906 223.0
1907 251.0
1908 247.0
1909 251.0
1910 38.0
1911 251.0
1912 0.0
1913 33.0
1914 6.0
1915 0.0
1916 180.0
1917 203.0
1918 6.0
1919 251.0
1920 251.0
1921 242.0
1922 203.0
1923 218.0
1924 251.0
1925 251.0
1926 203.0
1927 251.0
1928 0.0
1929 251.0
1930 251.0
1931 201.0
1932 6.0
1933 169.0
1934 6.0
1935 251.0
1936 200.0
1937 0.0
1938 251.0
1939 251.0
1940 200.0
1941 6.0
1942 38.0
1943 203.0
1944 251.0
1945 6.0
1946 0.0
1947 6.0
1948 0.0
1949 180.0
1950 192.0
1951 0.0
1952 0.0
1953 201.0
1954 218.0
1955 0.0
1956 0.0
1957 6.0
1958 251.0
1959 251.0
1960 0.0
1961 203.0
1962 6.0
1963 8.0
1964 104.0
1965 251.0
1966 0.0
1967 175.0
1968 0.0
1969 0.0
1970 251.0
1971 251.0
1972 221.0
1973 201.0
1974 6.0
1975 251.0
1976 251.0
1977 0.0
1978 220.0
1979 0.0
1980 201.0
1981 1.0
1982 203.0
1983 251.0
1984 242.0
1985 241.0
1986 251.0
1987 201.0
1988 0.0
1989 251.0
1990 251.0
1991 251.0
1992 6.0
1993 0.0
1994 251.0
1995 242.0
1996 0.0
1997 0.0
1998 17.0
1999 0.0
2000 180.0
2001 203.0
2002 0.0
2003 0.0
2004 0.0
2005 192.0
2006 0.0
2007 0.0
2008 200.0
2009 251.0
2010 0.0
2011 6.0
2012 203.0
2013 221.0
2014 251.0
2015 0.0
2016 204.0
2017 201.0
2018 17.0
2019 0.0
2020 251.0
2021 251.0
2022 251.0
2023 251.0
2024 203.0
2025 6.0
2026 221.0
2027 251.0
2028 204.0
2029 251.0
2030 0.0
2031 201.0
2032 204.0
2033 6.0
2034 221.0
2035 33.0
2036 6.0
2037 224.0
2038 205.0
2039 0.0
2040 251.0
2041 251.0
2042 251.0
2043 251.0
2044 6.0
2045 251.0
2046 251.0
2047 251.0
2048 0.0
2049 0.0
2050 6.0
2051 180.0
2052 203.0
2053 6.0
2054 0.0
2055 6.0
2056 218.0
2057 203.0
2058 0.0
2059 251.0
2060 200.0
2061 6.0
2062 6.0
2063 38.0
2064 221.0
2065 0.0
2066 0.0
2067 6.0
2068 0.0
2069 180.0
2070 203.0
2071 251.0
2072 6.0
2073 221.0
2074 251.0
2075 203.0
2076 188.0
2077 221.0
2078 6.0
2079 203.0
2080 0.0
2081 0.0
2082 242.0
2083 203.0
2084 204.0
2085 6.0
2086 251.0
2087 6.0
2088 203.0
2089 0.0
2090 0.0
2091 251.0
2092 156.0
2093 6.0
2094 201.0
2095 6.0
2096 6.0
2097 251.0
2098 0.0
2099 0.0
2100 203.0
2101 6.0
2102 180.0
2103 203.0
2104 0.0
2105 0.0
2106 203.0
2107 0.0
2108 0.0
2109 0.0
2110 6.0
2111 0.0
2112 0.0
2113 0.0
2114 38.0
2115 251.0
2116 8.0
2117 6.0
2118 247.0
2119 0.0
2120 32.0
2121 251.0
2122 251.0
2123 251.0
2124 203.0
2125 221.0
2126 203.0
2127 6.0
2128 251.0
2129 6.0
2130 0.0
2131 0.0
2132 0.0
2133 251.0
2134 203.0
2135 201.0
2136 6.0
2137 33.0
2138 241.0
2139 6.0
2140 6.0
2141 0.0
2142 251.0
2143 251.0
2144 6.0
2145 201.0
2146 6.0
2147 251.0
2148 251.0
2149 6.0
2150 201.0
2151 6.0
2152 0.0
2153 25.0
2154 203.0
2155 203.0
2156 0.0
2157 251.0
2158 0.0
2159 0.0
2160 0.0
2161 223.0
2162 251.0
2163 0.0
2164 0.0
2165 203.0
2166 6.0
2167 8.0
2168 1.0
2169 247.0
2170 0.0
2171 175.0
2172 158.0
2173 0.0
2174 191.0
2175 251.0
2176 0.0
2177 6.0
2178 6.0
2179 251.0
2180 251.0
2181 0.0
2182 251.0
2183 0.0
2184 216.0
2185 207.0
2186 109.0
2187 201.0
2188 169.0
2189 203.0
2190 224.0
2191 185.0
2192 0.0
2193 251.0
2194 203.0
2195 203.0
2196 6.0
2197 6.0
2198 251.0
2199 203.0
2200 6.0
2201 0.0
2202 251.0
2203 1.0
2204 180.0
2205 191.0
2206 6.0
2207 0.0
2208 0.0
2209 203.0
2210 0.0
2211 0.0
2212 223.0
2213 251.0
2214 0.0
2215 6.0
2216 25.0
2217 0.0
2218 0.0
2219 0.0
2220 6.0
2221 203.0
2222 175.0
2223 6.0
2224 6.0
2225 251.0
2226 201.0
2227 169.0
2228 32.0
2229 251.0
2230 221.0
2231 251.0
2232 0.0
2233 200.0
2234 0.0
2235 216.0
2236 38.0
2237 0.0
2238 221.0
2239 216.0
2240 6.0
2241 203.0
2242 6.0
2243 0.0
2244 251.0
2245 251.0
2246 6.0
2247 251.0
2248 204.0
2249 251.0
2250 251.0
2251 201.0
2252 0.0
2253 219.0
2254 6.0
2255 180.0
2256 218.0
2257 32.0
2258 0.0
2259 201.0
2260 251.0
2261 0.0
2262 0.0
2263 6.0
2264 251.0
2265 0.0
2266 251.0
2267 221.0
2268 251.0
2269 251.0
2270 6.0
2271 251.0
2272 203.0
2273 17.0
2274 6.0
2275 251.0
2276 6.0
2277 221.0
2278 0.0
2279 203.0
2280 188.0
2281 203.0
2282 251.0
2283 0.0
2284 251.0
2285 0.0
2286 158.0
2287 6.0
2288 0.0
2289 6.0
2290 158.0
2291 229.0
2292 251.0
2293 242.0
2294 0.0
2295 251.0
2296 156.0
2297 251.0
2298 201.0
2299 6.0
2300 251.0
2301 203.0
2302 6.0
2303 0.0
2304 6.0
2305 251.0
2306 180.0
2307 0.0
2308 32.0
2309 0.0
2310 203.0
2311 192.0
2312 0.0
2313 0.0
2314 251.0
2315 251.0
2316 247.0
2317 0.0
2318 38.0
2319 251.0
2320 251.0
2321 0.0
2322 247.0
2323 203.0
2324 32.0
2325 251.0
2326 6.0
2327 251.0
2328 251.0
2329 203.0
2330 0.0
2331 6.0
2332 251.0
2333 203.0
2334 0.0
2335 0.0
2336 0.0
2337 216.0
2338 0.0
2339 109.0
2340 203.0
2341 251.0
2342 241.0
2343 203.0
2344 200.0
2345 0.0
2346 251.0
2347 203.0
2348 203.0
2349 6.0
2350 0.0
2351 251.0
2352 251.0
2353 6.0
2354 0.0
2355 0.0
2356 0.0
2357 203.0
2358 203.0
2359 17.0
2360 0.0
2361 0.0
2362 251.0
2363 0.0
2364 0.0
2365 251.0
2366 0.0
2367 0.0
2368 6.0
2369 203.0
2370 204.0
2371 0.0
2372 0.0
2373 6.0
2374 201.0
2375 175.0
2376 251.0
2377 6.0
2378 251.0
2379 251.0
2380 169.0
2381 6.0
2382 6.0
2383 6.0
2384 251.0
2385 0.0
2386 0.0
2387 0.0
2388 251.0
2389 0.0
2390 242.0
2391 6.0
2392 33.0
2393 1.0
2394 6.0
2395 177.0
2396 0.0
2397 251.0
2398 251.0
2399 203.0
2400 251.0
2401 248.0
2402 251.0
2403 251.0
2404 6.0
2405 0.0
2406 6.0
2407 221.0
2408 180.0
2409 203.0
2410 0.0
2411 0.0
2412 0.0
2413 203.0
2414 0.0
2415 0.0
2416 251.0
2417 221.0
2418 204.0
2419 6.0
2420 25.0
2421 201.0
2422 251.0
2423 0.0
2424 247.0
2425 0.0
2426 180.0
2427 251.0
2428 251.0
2429 251.0
2430 201.0
2431 169.0
2432 32.0
2433 188.0
2434 221.0
2435 251.0
2436 0.0
2437 200.0
2438 209.0
2439 242.0
2440 38.0
2441 0.0
2442 0.0
2443 163.0
2444 1.0
2445 6.0
2446 17.0
2447 0.0
2448 251.0
2449 156.0
2450 6.0
2451 201.0
2452 204.0
2453 251.0
2454 251.0
2455 192.0
2456 0.0
2457 201.0
2458 6.0
2459 180.0
2460 192.0
2461 6.0
2462 0.0
2463 33.0
2464 251.0
2465 209.0
2466 0.0
2467 6.0
2468 251.0
2469 0.0
2470 0.0
2471 1.0
2472 251.0
2473 251.0
2474 0.0
2475 251.0
2476 6.0
2477 180.0
2478 251.0
2479 251.0
2480 6.0
2481 203.0
2482 204.0
2483 0.0
2484 157.0
2485 203.0
2486 251.0
2487 6.0
2488 200.0
2489 191.0
2490 6.0
2491 6.0
2492 203.0
2493 0.0
2494 169.0
2495 241.0
2496 251.0
2497 203.0
2498 0.0
2499 251.0
2500 6.0
2501 221.0
2502 203.0
2503 0.0
2504 251.0
2505 251.0
2506 6.0
2507 0.0
2508 203.0
2509 6.0
2510 203.0
2511 203.0
2512 6.0
2513 0.0
2514 203.0
2515 251.0
2516 0.0
2517 0.0
2518 251.0
2519 251.0
2520 0.0
2521 251.0
2522 38.0
2523 251.0
2524 251.0
2525 0.0
2526 251.0
2527 201.0
2528 180.0
2529 6.0
2530 203.0
2531 6.0
2532 201.0
2533 203.0
2534 203.0
2535 6.0
2536 6.0
2537 251.0
2538 0.0
2539 0.0
2540 203.0
2541 216.0
2542 203.0
2543 242.0
2544 6.0
2545 203.0
2546 32.0
2547 209.0
2548 251.0
2549 0.0
2550 251.0
2551 251.0
2552 221.0
2553 6.0
2554 0.0
2555 251.0
2556 203.0
2557 6.0
2558 0.0
2559 0.0
2560 0.0
2561 180.0
2562 218.0
2563 0.0
2564 0.0
2565 0.0
2566 6.0
2567 0.0
2568 0.0
2569 0.0
2570 201.0
2571 203.0
2572 6.0
2573 1.0
2574 0.0
2575 242.0
2576 0.0
2577 251.0
2578 0.0
2579 180.0
2580 192.0
2581 6.0
2582 191.0
2583 251.0
2584 169.0
2585 32.0
2586 251.0
2587 6.0
2588 251.0
2589 0.0
2590 200.0
2591 218.0
2592 201.0
2593 203.0
2594 201.0
2595 203.0
2596 32.0
2597 6.0
2598 6.0
2599 17.0
2600 0.0
2601 251.0
2602 251.0
2603 251.0
2604 251.0
2605 248.0
2606 251.0
2607 6.0
2608 201.0
2609 0.0
2610 6.0
2611 251.0
2612 6.0
2613 0.0
2614 6.0
2615 0.0
2616 221.0
2617 251.0
2618 0.0
2619 0.0
2620 6.0
2621 251.0
2622 247.0
2623 6.0
2624 0.0
2625 251.0
2626 0.0
2627 0.0
2628 6.0
2629 6.0
2630 180.0
2631 251.0
2632 251.0
2633 0.0
2634 0.0
2635 203.0
2636 33.0
2637 188.0
2638 203.0
2639 6.0
2640 0.0
2641 203.0
2642 251.0
2643 251.0
2644 38.0
2645 251.0
2646 221.0
2647 158.0
2648 241.0
2649 6.0
2650 0.0
2651 0.0
2652 251.0
2653 251.0
2654 6.0
2655 203.0
2656 25.0
2657 251.0
2658 0.0
2659 6.0
2660 0.0
2661 0.0
2662 6.0
2663 180.0
2664 203.0
2665 17.0
2666 0.0
2667 203.0
2668 251.0
2669 6.0
2670 0.0
2671 0.0
2672 251.0
2673 0.0
2674 0.0
2675 1.0
2676 0.0
2677 251.0
2678 157.0
2679 251.0
2680 6.0
2681 180.0
2682 251.0
2683 251.0
2684 6.0
2685 204.0
2686 169.0
2687 203.0
2688 251.0
2689 203.0
2690 251.0
2691 0.0
2692 203.0
2693 200.0
2694 6.0
2695 38.0
2696 6.0
2697 0.0
2698 176.0
2699 241.0
2700 209.0
2701 251.0
2702 0.0
2703 251.0
2704 251.0
2705 251.0
2706 6.0
2707 25.0
2708 251.0
2709 251.0
2710 6.0
2711 0.0
2712 0.0
2713 0.0
2714 204.0
2715 201.0
2716 0.0
2717 0.0
2718 203.0
2719 251.0
2720 6.0
2721 0.0
2722 0.0
2723 200.0
2724 0.0
2725 6.0
2726 38.0
2727 0.0
2728 8.0
2729 33.0
2730 251.0
2731 221.0
2732 180.0
2733 251.0
2734 6.0
2735 251.0
2736 246.0
2737 169.0
2738 32.0
2739 6.0
2740 6.0
2741 251.0
2742 6.0
2743 200.0
2744 203.0
2745 201.0
2746 203.0
2747 6.0
2748 201.0
2749 169.0
2750 6.0
2751 203.0
2752 204.0
2753 0.0
2754 251.0
2755 156.0
2756 203.0
2757 6.0
2758 32.0
2759 251.0
2760 251.0
2761 251.0
2762 0.0
2763 6.0
2764 221.0
2765 180.0
2766 0.0
2767 0.0
2768 0.0
2769 0.0
2770 251.0
2771 0.0
2772 0.0
2773 0.0
2774 203.0
2775 203.0
2776 6.0
2777 201.0
2778 251.0
2779 251.0
2780 33.0
2781 251.0
2782 201.0
2783 180.0
2784 251.0
2785 203.0
2786 251.0
2787 246.0
2788 169.0
2789 203.0
2790 251.0
2791 6.0
2792 251.0
2793 204.0
2794 203.0
2795 191.0
2796 242.0
2797 169.0
2798 251.0
2799 203.0
2800 55.0
2801 6.0
2802 6.0
2803 0.0
2804 0.0
2805 251.0
2806 6.0
2807 251.0
2808 251.0
2809 201.0
2810 203.0
2811 0.0
2812 221.0
2813 0.0
2814 0.0
2815 6.0
2816 180.0
2817 201.0
2818 0.0
2819 0.0
2820 201.0
2821 251.0
2822 1.0
2823 0.0
2824 6.0
2825 251.0
2826 251.0
2827 0.0
2828 0.0
2829 251.0
2830 30.0
2831 0.0
2832 247.0
2833 221.0
2834 180.0
2835 6.0
2836 251.0
2837 6.0
2838 0.0
2839 221.0
2840 203.0
2841 188.0
2842 251.0
2843 251.0
2844 0.0
2845 204.0
2846 192.0
2847 221.0
2848 169.0
2849 251.0
2850 221.0
2851 251.0
2852 241.0
2853 6.0
2854 251.0
2855 221.0
2856 251.0
2857 203.0
2858 251.0
2859 221.0
2860 32.0
2861 251.0
2862 203.0
2863 6.0
2864 0.0
2865 251.0
2866 0.0
2867 180.0
2868 203.0
2869 0.0
2870 0.0
2871 203.0
2872 251.0
2873 242.0
2874 0.0
2875 6.0
2876 251.0
2877 0.0
2878 0.0
2879 38.0
2880 251.0
2881 251.0
2882 0.0
2883 203.0
2884 6.0
2885 180.0
2886 251.0
2887 251.0
2888 251.0
2889 246.0
2890 0.0
2891 17.0
2892 6.0
2893 203.0
2894 251.0
2895 0.0
2896 200.0
2897 203.0
2898 201.0
2899 6.0
2900 201.0
2901 201.0
2902 163.0
2903 6.0
2904 0.0
2905 6.0
2906 0.0
2907 251.0
2908 203.0
2909 251.0
2910 251.0
2911 0.0
2912 251.0
2913 221.0
2914 6.0
2915 0.0
2916 6.0
2917 221.0
2918 180.0
2919 0.0
2920 0.0
2921 0.0
2922 231.0
2923 251.0
2924 251.0
2925 0.0
2926 0.0
2927 0.0
2928 0.0
2929 6.0
2930 6.0
2931 0.0
2932 203.0
2933 0.0
2934 203.0
2935 201.0
2936 180.0
2937 251.0
2938 251.0
2939 191.0
2940 251.0
2941 201.0
2942 0.0
2943 6.0
2944 6.0
2945 251.0
2946 201.0
2947 180.0
2948 251.0
2949 203.0
2950 203.0
2951 251.0
2952 6.0
2953 32.0
2954 6.0
2955 209.0
2956 252.0
2957 0.0
2958 252.0
2959 1.0
2960 32.0
2961 203.0
2962 0.0
2963 0.0
2964 0.0
2965 32.0
2966 0.0
2967 203.0
2968 0.0
2969 180.0
2970 0.0
2971 1.0
2972 204.0
2973 4.0
2974 0.0
2975 1.0
2976 0.0
2977 0.0
2978 33.0
2979 0.0
2980 0.0
2981 32.0
2982 32.0
2983 204.0
2984 203.0
2985 203.0
2986 203.0
2987 180.0
2988 0.0
2989 0.0
2990 203.0
2991 203.0
2992 228.0
2993 33.0
2994 203.0
2995 0.0
2996 203.0
2997 0.0
2998 33.0
2999 192.0
3000 0.0
3001 0.0
3002 1.0
3003 1.0
3004 87.0
3005 203.0
3006 0.0
3007 0.0
3008 0.0
3009 252.0
3010 0.0
3011 32.0
3012 0.0
3013 0.0
3014 0.0
3015 0.0
3016 242.0
3017 0.0
3018 219.0
3019 203.0
3020 180.0
3021 201.0
3022 203.0
3023 30.0
3024 203.0
3025 200.0
3026 1.0
3027 0.0
3028 1.0
3029 6.0
3030 32.0
3031 6.0
3032 203.0
3033 203.0
3034 203.0
3035 203.0
3036 203.0
3037 32.0
3038 180.0
3039 0.0
3040 0.0
3041 0.0
3042 203.0
3043 204.0
3044 32.0
3045 0.0
3046 0.0
3047 0.0
3048 203.0
3049 32.0
3050 201.0
3051 0.0
3052 38.0
3053 0.0
3054 0.0
3055 169.0
3056 203.0
3057 203.0
3058 32.0
3059 0.0
3060 252.0
3061 6.0
3062 17.0
3063 204.0
3064 0.0
3065 0.0
3066 33.0
3067 0.0
3068 0.0
3069 33.0
3070 1.0
3071 203.0
3072 0.0
3073 1.0
3074 204.0
3075 186.0
3076 203.0
3077 6.0
3078 0.0
3079 0.0
3080 218.0
3081 6.0
3082 203.0
3083 32.0
3084 203.0
3085 0.0
3086 0.0
3087 204.0
3088 218.0
3089 175.0
3090 251.0
3091 203.0
3092 6.0
3093 17.0
3094 203.0
3095 0.0
3096 6.0
3097 0.0
3098 205.0
3099 203.0
3100 38.0
3101 0.0
3102 0.0
3103 32.0
3104 203.0
3105 32.0
3106 204.0
3107 241.0
3108 0.0
3109 247.0
3110 0.0
3111 252.0
3112 6.0
3113 203.0
3114 251.0
3115 203.0
3116 251.0
3117 0.0
3118 203.0
3119 0.0
3120 6.0
3121 203.0
3122 180.0
3123 0.0
3124 32.0
3125 1.0
3126 6.0
3127 0.0
3128 251.0
3129 0.0
3130 0.0
3131 0.0
3132 1.0
3133 0.0
3134 0.0
3135 204.0
3136 242.0
3137 0.0
3138 252.0
3139 203.0
3140 180.0
3141 6.0
3142 251.0
3143 221.0
3144 0.0
3145 0.0
3146 33.0
3147 0.0
3148 6.0
3149 17.0
3150 201.0
3151 231.0
3152 6.0
3153 17.0
3154 0.0
3155 251.0
3156 251.0
3157 0.0
3158 203.0
3159 0.0
3160 0.0
3161 0.0
3162 252.0
3163 0.0
3164 204.0
3165 0.0
3166 3.0
3167 0.0
3168 32.0
3169 252.0
3170 0.0
3171 6.0
3172 33.0
3173 180.0
3174 200.0
3175 203.0
3176 0.0
3177 4.0
3178 204.0
3179 0.0
3180 0.0
3181 0.0
3182 6.0
3183 204.0
3184 0.0
3185 252.0
3186 203.0
3187 6.0
3188 203.0
3189 204.0
3190 0.0
3191 180.0
3192 203.0
3193 221.0
3194 0.0
3195 203.0
3196 32.0
3197 203.0
3198 203.0
3199 1.0
3200 32.0
3201 1.0
3202 33.0
3203 0.0
3204 0.0
3205 203.0
3206 6.0
3207 204.0
3208 169.0
3209 241.0
3210 0.0
3211 0.0
3212 0.0
3213 252.0
3214 0.0
3215 203.0
3216 0.0
3217 0.0
3218 203.0
3219 203.0
3220 0.0
3221 203.0
3222 0.0
3223 0.0
3224 180.0
3225 0.0
3226 203.0
3227 0.0
3228 203.0
3229 203.0
3230 252.0
3231 0.0
3232 229.0
3233 0.0
3234 0.0
3235 17.0
3236 0.0
3237 6.0
3238 6.0
3239 0.0
3240 204.0
3241 6.0
3242 180.0
3243 0.0
3244 203.0
3245 251.0
3246 17.0
3247 252.0
3248 0.0
3249 0.0
3250 0.0
3251 204.0
3252 201.0
3253 6.0
3254 0.0
3255 17.0
3256 1.0
3257 218.0
3258 0.0
3259 33.0
3260 245.0
3261 0.0
3262 6.0
3263 0.0
3264 252.0
3265 6.0
3266 203.0
3267 242.0
3268 0.0
3269 0.0
3270 0.0
3271 1.0
3272 0.0
3273 203.0
3274 33.0
3275 203.0
3276 204.0
3277 0.0
3278 204.0
3279 221.0
3280 203.0
3281 156.0
3282 0.0
3283 203.0
3284 0.0
3285 251.0
3286 0.0
3287 0.0
3288 1.0
3289 0.0
3290 0.0
3291 203.0
3292 0.0
3293 180.0
3294 6.0
3295 203.0
3296 0.0
3297 203.0
3298 0.0
3299 204.0
3300 203.0
3301 0.0
3302 17.0
3303 191.0
3304 6.0
3305 191.0
3306 203.0
3307 0.0
3308 251.0
3309 6.0
3310 30.0
3311 245.0
3312 202.0
3313 6.0
3314 0.0
3315 252.0
3316 6.0
3317 251.0
3318 218.0
3319 0.0
3320 0.0
3321 204.0
3322 32.0
3323 0.0
3324 6.0
3325 32.0
3326 180.0
3327 0.0
3328 203.0
3329 0.0
3330 1.0
3331 0.0
3332 218.0
3333 0.0
3334 0.0
3335 0.0
3336 0.0
3337 0.0
3338 251.0
3339 0.0
3340 203.0
3341 203.0
3342 218.0
3343 6.0
3344 180.0
3345 6.0
3346 203.0
3347 1.0
3348 1.0
3349 32.0
3350 0.0
3351 203.0
3352 6.0
3353 251.0
3354 32.0
3355 0.0
3356 0.0
3357 251.0
3358 32.0
3359 242.0
3360 221.0
3361 169.0
3362 6.0
3363 0.0
3364 0.0
3365 32.0
3366 252.0
3367 0.0
3368 252.0
3369 203.0
3370 0.0
3371 203.0
3372 251.0
3373 251.0
3374 0.0
3375 0.0
3376 251.0
3377 213.0
3378 203.0
3379 203.0
3380 30.0
3381 203.0
3382 0.0
3383 0.0
3384 0.0
3385 0.0
3386 203.0
3387 0.0
3388 17.0
3389 204.0
3390 32.0
3391 33.0
3392 203.0
3393 218.0
3394 4.0
3395 33.0
3396 0.0
3397 0.0
3398 203.0
3399 0.0
3400 251.0
3401 203.0
3402 0.0
3403 204.0
3404 0.0
3405 1.0
3406 0.0
3407 0.0
3408 203.0
3409 32.0
3410 218.0
3411 0.0
3412 175.0
3413 6.0
3414 0.0
3415 0.0
3416 0.0
3417 252.0
3418 0.0
3419 0.0
3420 221.0
3421 3.0
3422 203.0
3423 6.0
3424 204.0
3425 0.0
3426 0.0
3427 0.0
3428 180.0
3429 0.0
3430 203.0
3431 30.0
3432 32.0
3433 0.0
3434 32.0
3435 0.0
3436 0.0
3437 203.0
3438 203.0
3439 203.0
3440 203.0
3441 203.0
3442 1.0
3443 0.0
3444 204.0
3445 0.0
3446 180.0
3447 0.0
3448 251.0
3449 157.0
3450 6.0
3451 252.0
3452 32.0
3453 203.0
3454 0.0
3455 203.0
3456 0.0
3457 0.0
3458 0.0
3459 203.0
3460 0.0
3461 204.0
3462 1.0
3463 30.0
3464 251.0
3465 0.0
3466 0.0
3467 0.0
3468 252.0
3469 6.0
3470 0.0
3471 200.0
3472 0.0
3473 203.0
3474 0.0
3475 0.0
3476 0.0
3477 0.0
3478 229.0
3479 180.0
3480 0.0
3481 204.0
3482 204.0
3483 203.0
3484 0.0
3485 203.0
3486 0.0
3487 0.0
3488 0.0
3489 32.0
3490 203.0
3491 203.0
3492 203.0
3493 251.0
3494 0.0
3495 203.0
3496 0.0
3497 180.0
3498 0.0
3499 6.0
3500 0.0
3501 0.0
3502 1.0
3503 203.0
3504 0.0
3505 204.0
3506 17.0
3507 0.0
3508 0.0
3509 0.0
3510 32.0
3511 0.0
3512 220.0
3513 6.0
3514 38.0
3515 101.0
3516 0.0
3517 0.0
3518 0.0
3519 252.0
3520 6.0
3521 203.0
3522 0.0
3523 0.0
3524 0.0
3525 6.0
3526 32.0
3527 0.0
3528 0.0
3529 203.0
3530 30.0
3531 32.0
3532 33.0
3533 0.0
3534 6.0
3535 0.0
3536 0.0
3537 0.0
3538 0.0
3539 0.0
3540 32.0
3541 0.0
3542 252.0
3543 203.0
3544 0.0
3545 0.0
3546 218.0
3547 189.0
3548 180.0
3549 251.0
3550 0.0
3551 157.0
3552 1.0
3553 252.0
3554 17.0
3555 202.0
3556 0.0
3557 0.0
3558 32.0
3559 0.0
3560 177.0
3561 203.0
3562 0.0
3563 6.0
3564 32.0
3565 175.0
3566 245.0
3567 200.0
3568 0.0
3569 0.0
3570 252.0
3571 0.0
3572 251.0
3573 203.0
3574 1.0
3575 0.0
3576 0.0
3577 0.0
3578 0.0
3579 6.0
3580 0.0
3581 180.0
3582 6.0
3583 0.0
3584 204.0
3585 0.0
3586 0.0
3587 251.0
3588 0.0
3589 0.0
3590 203.0
3591 0.0
3592 203.0
3593 252.0
3594 204.0
3595 203.0
3596 0.0
3597 252.0
3598 0.0
3599 180.0
3600 6.0
3601 252.0
3602 157.0
3603 6.0
3604 251.0
3605 203.0
3606 33.0
3607 204.0
3608 0.0
3609 203.0
3610 0.0
3611 6.0
3612 17.0
3613 1.0
3614 203.0
3615 0.0
3616 180.0
3617 251.0
3618 0.0
3619 6.0
3620 203.0
3621 252.0
3622 0.0
3623 0.0
3624 203.0
3625 0.0
3626 203.0
3627 0.0
3628 32.0
3629 200.0
3630 6.0
3631 203.0
3632 180.0
3633 201.0
3634 0.0
3635 204.0
3636 203.0
3637 0.0
3638 200.0
3639 0.0
3640 0.0
3641 0.0
3642 203.0
3643 203.0
3644 203.0
3645 242.0
3646 0.0
3647 203.0
3648 252.0
3649 252.0
3650 180.0
3651 0.0
3652 203.0
3653 0.0
3654 17.0
3655 252.0
3656 33.0
3657 6.0
3658 0.0
3659 203.0
3660 201.0
3661 0.0
3662 204.0
3663 0.0
3664 203.0
3665 6.0
3666 0.0
3667 0.0
3668 251.0
3669 0.0
3670 0.0
3671 0.0
3672 252.0
3673 251.0
3674 32.0
3675 0.0
3676 0.0
3677 251.0
3678 0.0
3679 251.0
3680 0.0
3681 0.0
3682 0.0
3683 203.0
3684 0.0
3685 204.0
3686 204.0
3687 6.0
3688 0.0
3689 0.0
3690 0.0
3691 204.0
3692 0.0
3693 203.0
3694 251.0
3695 251.0
3696 203.0
3697 6.0
3698 203.0
3699 252.0
3700 189.0
3701 180.0
3702 32.0
3703 0.0
3704 252.0
3705 0.0
3706 1.0
3707 204.0
3708 252.0
3709 6.0
3710 17.0
3711 221.0
3712 203.0
3713 0.0
3714 251.0
3715 0.0
3716 218.0
3717 0.0
3718 0.0
3719 0.0
3720 251.0
3721 6.0
3722 0.0
3723 252.0
3724 6.0
3725 203.0
3726 0.0
3727 0.0
3728 251.0
3729 0.0
3730 204.0
3731 0.0
3732 221.0
3733 0.0
3734 180.0
3735 0.0
3736 203.0
3737 6.0
3738 252.0
3739 0.0
3740 218.0
3741 0.0
3742 0.0
3743 204.0
3744 203.0
3745 0.0
3746 204.0
3747 205.0
3748 6.0
3749 0.0
3750 252.0
3751 0.0
3752 180.0
3753 6.0
3754 252.0
3755 0.0
3756 0.0
3757 204.0
3758 203.0
3759 0.0
3760 6.0
3761 251.0
3762 221.0
3763 0.0
3764 6.0
3765 203.0
3766 203.0
3767 203.0
3768 0.0
3769 158.0
3770 251.0
3771 0.0
3772 0.0
3773 0.0
3774 252.0
3775 0.0
3776 251.0
3777 0.0
3778 0.0
3779 0.0
3780 0.0
3781 252.0
3782 0.0
3783 6.0
3784 1.0
3785 180.0
3786 0.0
3787 0.0
3788 30.0
3789 0.0
3790 0.0
3791 32.0
3792 0.0
3793 0.0
3794 203.0
3795 251.0
3796 1.0
3797 204.0
3798 242.0
3799 0.0
3800 203.0
3801 252.0
3802 0.0
3803 180.0
3804 6.0
3805 203.0
3806 204.0
3807 0.0
3808 0.0
3809 203.0
3810 6.0
3811 0.0
3812 0.0
3813 200.0
3814 0.0
3815 0.0
3816 203.0
3817 32.0
3818 203.0
3819 0.0
3820 98.0
3821 31.0
3822 0.0
3823 0.0
3824 0.0
3825 252.0
3826 0.0
3827 252.0
3828 0.0
3829 0.0
3830 0.0
3831 0.0
3832 204.0
3833 177.0
3834 6.0
3835 0.0
3836 180.0
3837 0.0
3838 0.0
3839 3.0
3840 0.0
3841 0.0
3842 252.0
3843 0.0
3844 203.0
3845 32.0
3846 252.0
3847 203.0
3848 203.0
3849 204.0
3850 1.0
3851 203.0
3852 252.0
3853 251.0
3854 180.0
3855 0.0
3856 252.0
3857 0.0
3858 0.0
3859 251.0
3860 203.0
3861 203.0
3862 251.0
3863 203.0
3864 251.0
3865 32.0
3866 203.0
3867 203.0
3868 6.0
3869 0.0
3870 0.0
3871 169.0
3872 6.0
3873 0.0
3874 0.0
3875 0.0
3876 252.0
3877 6.0
3878 203.0
3879 203.0
3880 203.0
3881 0.0
3882 0.0
3883 252.0
3884 0.0
3885 0.0
3886 203.0
3887 180.0
3888 0.0
3889 33.0
3890 203.0
3891 6.0
3892 0.0
3893 204.0
3894 0.0
3895 0.0
3896 32.0
3897 0.0
3898 203.0
3899 252.0
3900 1.0
3901 6.0
3902 210.0
3903 252.0
3904 0.0
3905 180.0
3906 6.0
3907 0.0
3908 203.0
3909 0.0
3910 203.0
3911 33.0
3912 0.0
3913 6.0
3914 251.0
3915 0.0
3916 0.0
3917 0.0
3918 204.0
3919 204.0
3920 205.0
3921 6.0
3922 32.0
3923 251.0
3924 0.0
3925 0.0
3926 201.0
3927 252.0
3928 221.0
3929 251.0
3930 0.0
3931 251.0
3932 0.0
3933 0.0
3934 204.0
3935 0.0
3936 0.0
3937 0.0
3938 204.0
3939 1.0
3940 33.0
3941 0.0
3942 0.0
3943 6.0
3944 32.0
3945 0.0
3946 0.0
3947 251.0
3948 0.0
3949 0.0
3950 251.0
3951 242.0
3952 203.0
3953 0.0
3954 252.0
3955 0.0
3956 180.0
3957 0.0
3958 252.0
3959 32.0
3960 0.0
3961 204.0
3962 33.0
3963 0.0
3964 0.0
3965 242.0
3966 203.0
3967 0.0
3968 0.0
3969 0.0
3970 203.0
3971 32.0
3972 6.0
3973 163.0
3974 245.0
3975 0.0
3976 0.0
3977 0.0
3978 252.0
3979 0.0
3980 251.0
3981 203.0
3982 0.0
3983 0.0
3984 0.0
3985 204.0
3986 0.0
3987 6.0
3988 0.0
3989 203.0
3990 0.0
3991 0.0
3992 204.0
3993 252.0
3994 0.0
3995 204.0
3996 0.0
3997 0.0
3998 6.0
3999 247.0
4000 203.0
4001 1.0
4002 203.0
4003 203.0
4004 203.0
4005 203.0
4006 0.0
4007 180.0
4008 0.0
4009 204.0
4010 252.0
4011 6.0
4012 204.0
4013 203.0
4014 0.0
4015 32.0
4016 32.0
4017 203.0
4018 6.0
4019 0.0
4020 17.0
4021 38.0
4022 203.0
4023 0.0
4024 32.0
4025 251.0
4026 0.0
4027 0.0
4028 0.0
4029 252.0
4030 0.0
4031 203.0
4032 203.0
4033 203.0
4034 0.0
4035 0.0
4036 251.0
4037 0.0
4038 0.0
4039 0.0
4040 180.0
4041 203.0
4042 33.0
4043 204.0
4044 6.0
4045 251.0
4046 204.0
4047 0.0
4048 0.0
4049 0.0
4050 203.0
4051 203.0
4052 203.0
4053 204.0
4054 1.0
4055 203.0
4056 203.0
4057 0.0
4058 180.0
4059 0.0
4060 252.0
4061 204.0
4062 6.0
4063 203.0
4064 25.0
4065 0.0
4066 0.0
4067 251.0
4068 1.0
4069 203.0
4070 56.0
4071 32.0
4072 204.0
4073 204.0
4074 1.0
4075 251.0
4076 241.0
4077 0.0
4078 0.0
4079 0.0
4080 252.0
4081 251.0
4082 252.0
4083 203.0
4084 252.0
4085 0.0
4086 0.0
4087 203.0
4088 32.0
4089 0.0
4090 0.0
4091 180.0
4092 203.0
4093 0.0
4094 203.0
4095 0.0
4096 0.0
4097 33.0
4098 0.0
4099 0.0
4100 0.0
4101 0.0
4102 203.0
4103 252.0
4104 32.0
4105 6.0
4106 0.0
4107 252.0
4108 0.0
4109 180.0
4110 229.0
4111 204.0
4112 32.0
4113 0.0
4114 204.0
4115 251.0
4116 0.0
4117 32.0
4118 32.0
4119 204.0
4120 0.0
4121 0.0
4122 0.0
4123 28.0
4124 0.0
4125 0.0
4126 0.0
4127 251.0
4128 0.0
4129 0.0
4130 0.0
4131 252.0
4132 6.0
4133 252.0
4134 251.0
4135 0.0
4136 0.0
4137 0.0
4138 252.0
4139 0.0
4140 205.0
4141 0.0
4142 180.0
4143 251.0
4144 0.0
4145 1.0
4146 200.0
4147 204.0
4148 1.0
4149 0.0
4150 0.0
4151 203.0
4152 251.0
4153 203.0
4154 252.0
4155 32.0
4156 251.0
4157 203.0
4158 218.0
4159 0.0
4160 180.0
4161 0.0
4162 203.0
4163 204.0
4164 17.0
4165 251.0
4166 251.0
4167 203.0
4168 252.0
4169 205.0
4170 203.0
4171 200.0
4172 32.0
4173 203.0
4174 0.0
4175 242.0
4176 0.0
4177 169.0
4178 251.0
4179 6.0
4180 0.0
4181 0.0
4182 252.0
4183 0.0
4184 252.0
4185 0.0
4186 1.0
4187 203.0
4188 0.0
4189 204.0
4190 6.0
4191 6.0
4192 203.0
4193 180.0
4194 0.0
4195 251.0
4196 204.0
4197 32.0
4198 6.0
4199 204.0
4200 0.0
4201 0.0
4202 0.0
4203 251.0
4204 1.0
4205 252.0
4206 203.0
4207 25.0
4208 203.0
4209 218.0
4210 185.0
4211 180.0
4212 0.0
4213 204.0
4214 204.0
4215 17.0
4216 203.0
4217 203.0
4218 0.0
4219 204.0
4220 0.0
4221 1.0
4222 6.0
4223 251.0
4224 17.0
4225 1.0
4226 203.0
4227 0.0
4228 169.0
4229 251.0
4230 6.0
4231 0.0
4232 206.0
4233 252.0
4234 0.0
4235 251.0
4236 32.0
4237 6.0
4238 0.0
4239 0.0
4240 251.0
4241 6.0
4242 251.0
4243 205.0
4244 180.0
4245 6.0
4246 33.0
4247 204.0
4248 0.0
4249 1.0
4250 203.0
4251 0.0
4252 0.0
4253 0.0
4254 203.0
4255 6.0
4256 204.0
4257 0.0
4258 1.0
4259 0.0
4260 1.0
4261 0.0
4262 180.0
4263 0.0
4264 204.0
4265 0.0
4266 203.0
4267 204.0
4268 4.0
4269 203.0
4270 203.0
4271 251.0
4272 1.0
4273 251.0
4274 0.0
4275 0.0
4276 0.0
4277 252.0
4278 0.0
4279 251.0
4280 6.0
4281 0.0
4282 0.0
4283 0.0
4284 252.0
4285 6.0
4286 252.0
4287 252.0
4288 0.0
4289 0.0
4290 0.0
4291 203.0
4292 0.0
4293 0.0
4294 0.0
4295 180.0
4296 12.0
4297 203.0
4298 204.0
4299 0.0
4300 0.0
4301 203.0
4302 0.0
4303 0.0
4304 0.0
4305 0.0
4306 6.0
4307 252.0
4308 242.0
4309 4.0
4310 210.0
4311 252.0
4312 0.0
4313 180.0
4314 0.0
4315 252.0
4316 203.0
4317 0.0
4318 204.0
4319 4.0
4320 203.0
4321 203.0
4322 252.0
4323 203.0
4324 0.0
4325 203.0
4326 0.0
4327 6.0
4328 0.0
4329 200.0
4330 203.0
4331 241.0
4332 0.0
4333 6.0
4334 0.0
4335 252.0
4336 6.0
4337 203.0
4338 0.0
4339 203.0
4340 0.0
4341 0.0
4342 252.0
4343 17.0
4344 0.0
4345 0.0
4346 32.0
4347 0.0
4348 1.0
4349 0.0
4350 0.0
4351 251.0
4352 32.0
4353 0.0
4354 0.0
4355 0.0
4356 204.0
4357 0.0
4358 252.0
4359 242.0
4360 251.0
4361 203.0
4362 218.0
4363 204.0
4364 180.0
4365 0.0
4366 204.0
4367 0.0
4368 17.0
4369 32.0
4370 204.0
4371 0.0
4372 204.0
4373 0.0
4374 251.0
4375 200.0
4376 191.0
4377 0.0
4378 37.0
4379 32.0
4380 0.0
4381 30.0
4382 251.0
4383 0.0
4384 0.0
4385 0.0
4386 252.0
4387 0.0
4388 0.0
4389 0.0
4390 25.0
4391 0.0
4392 0.0
4393 251.0
4394 17.0
4395 6.0
4396 0.0
4397 203.0
4398 252.0
4399 33.0
4400 252.0
4401 204.0
4402 200.0
4403 0.0
4404 0.0
4405 0.0
4406 6.0
4407 32.0
4408 203.0
4409 252.0
4410 203.0
4411 0.0
4412 0.0
4413 203.0
4414 0.0
4415 103.0
4416 0.0
4417 202.0
4418 252.0
4419 17.0
4420 32.0
4421 4.0
4422 0.0
4423 251.0
4424 32.0
4425 204.0
4426 203.0
4427 204.0
4428 0.0
4429 1.0
4430 203.0
4431 204.0
4432 169.0
4433 6.0
4434 0.0
4435 252.0
4436 203.0
4437 252.0
4438 6.0
4439 204.0
4440 32.0
4441 0.0
4442 0.0
4443 0.0
4444 251.0
4445 0.0
4446 6.0
4447 0.0
4448 180.0
4449 17.0
4450 33.0
4451 203.0
4452 0.0
4453 252.0
4454 218.0
4455 0.0
4456 0.0
4457 0.0
4458 32.0
4459 6.0
4460 204.0
4461 0.0
4462 204.0
4463 0.0
4464 252.0
4465 0.0
4466 180.0
4467 203.0
4468 204.0
4469 203.0
4470 0.0
4471 204.0
4472 4.0
4473 203.0
4474 203.0
4475 0.0
4476 32.0
4477 0.0
4478 32.0
4479 203.0
4480 203.0
4481 251.0
4482 204.0
4483 169.0
4484 6.0
4485 0.0
4486 6.0
4487 0.0
4488 252.0
4489 0.0
4490 203.0
4491 252.0
4492 0.0
4493 0.0
4494 0.0
4495 204.0
4496 17.0
4497 0.0
4498 203.0
4499 38.0
4500 0.0
4501 203.0
4502 1.0
4503 0.0
4504 0.0
4505 32.0
4506 0.0
4507 0.0
4508 0.0
4509 204.0
4510 203.0
4511 204.0
4512 0.0
4513 251.0
4514 203.0
4515 218.0
4516 0.0
4517 175.0
4518 0.0
4519 203.0
4520 203.0
4521 6.0
4522 0.0
4523 4.0
4524 6.0
4525 203.0
4526 0.0
4527 32.0
4528 203.0
4529 251.0
4530 0.0
4531 6.0
4532 252.0
4533 203.0
4534 32.0
4535 251.0
4536 0.0
4537 0.0
4538 247.0
4539 252.0
4540 6.0
4541 203.0
4542 1.0
4543 203.0
4544 0.0
4545 0.0
4546 204.0
4547 32.0
4548 0.0
4549 0.0
4550 203.0
4551 0.0
4552 0.0
4553 0.0
4554 0.0
4555 203.0
4556 229.0
4557 0.0
4558 0.0
4559 6.0
4560 203.0
4561 6.0
4562 11.0
4563 205.0
4564 0.0
4565 203.0
4566 203.0
4567 32.0
4568 180.0
4569 0.0
4570 252.0
4571 0.0
4572 0.0
4573 32.0
4574 4.0
4575 0.0
4576 252.0
4577 203.0
4578 204.0
4579 209.0
4580 201.0
4581 6.0
4582 38.0
4583 204.0
4584 252.0
4585 158.0
4586 251.0
4587 6.0
4588 0.0
4589 0.0
4590 252.0
4591 6.0
4592 32.0
4593 1.0
4594 1.0
4595 0.0
4596 0.0
4597 203.0
4598 0.0
4599 0.0
4600 6.0
4601 180.0
4602 0.0
4603 251.0
4604 1.0
4605 203.0
4606 203.0
4607 1.0
4608 0.0
4609 0.0
4610 6.0
4611 203.0
4612 203.0
4613 203.0
4614 203.0
4615 203.0
4616 0.0
4617 252.0
4618 203.0
4619 180.0
4620 0.0
4621 204.0
4622 204.0
4623 17.0
4624 0.0
4625 251.0
4626 0.0
4627 204.0
4628 251.0
4629 204.0
4630 218.0
4631 204.0
4632 0.0
4633 0.0
4634 251.0
4635 0.0
4636 169.0
4637 6.0
4638 0.0
4639 6.0
4640 0.0
4641 252.0
4642 0.0
4643 0.0
4644 204.0
4645 3.0
4646 0.0
4647 0.0
4648 204.0
4649 204.0
4650 221.0
4651 0.0
4652 203.0
4653 6.0
4654 203.0
4655 203.0
4656 1.0
4657 0.0
4658 203.0
4659 0.0
4660 0.0
4661 0.0
4662 252.0
4663 6.0
4664 203.0
4665 0.0
4666 251.0
4667 203.0
4668 218.0
4669 0.0
4670 180.0
4671 0.0
4672 252.0
4673 203.0
4674 0.0
4675 32.0
4676 251.0
4677 0.0
4678 1.0
4679 0.0
4680 204.0
4681 6.0
4682 221.0
4683 0.0
4684 0.0
4685 203.0
4686 204.0
4687 32.0
4688 203.0
4689 0.0
4690 251.0
4691 0.0
4692 252.0
4693 0.0
4694 0.0
4695 252.0
4696 3.0
4697 0.0
4698 0.0
4699 204.0
4700 6.0
4701 0.0
4702 0.0
4703 32.0
4704 0.0
4705 203.0
4706 204.0
4707 1.0
4708 203.0
4709 203.0
4710 0.0
4711 0.0
4712 6.0
4713 204.0
4714 0.0
4715 252.0
4716 0.0
4717 203.0
4718 203.0
4719 218.0
4720 32.0
4721 180.0
4722 0.0
4723 251.0
4724 0.0
4725 0.0
4726 0.0
4727 32.0
4728 0.0
4729 203.0
4730 0.0
4731 204.0
4732 203.0
4733 251.0
4734 0.0
4735 0.0
4736 203.0
4737 0.0
4738 32.0
4739 251.0
4740 6.0
4741 0.0
4742 203.0
4743 252.0
4744 6.0
4745 251.0
4746 204.0
4747 205.0
4748 0.0
4749 0.0
4750 252.0
4751 251.0
4752 204.0
4753 0.0
4754 251.0
4755 0.0
4756 204.0
4757 203.0
4758 0.0
4759 251.0
4760 229.0
4761 0.0
4762 0.0
4763 6.0
4764 1.0
4765 203.0
4766 204.0
4767 242.0
4768 203.0
4769 0.0
4770 252.0
4771 32.0
4772 180.0
4773 0.0
4774 252.0
4775 0.0
4776 0.0
4777 0.0
4778 4.0
4779 0.0
4780 204.0
4781 17.0
4782 32.0
4783 203.0
4784 203.0
4785 0.0
4786 0.0
4787 204.0
4788 203.0
4789 30.0
4790 241.0
4791 6.0
4792 0.0
4793 203.0
4794 252.0
4795 6.0
4796 32.0
4797 203.0
4798 203.0
4799 0.0
4800 0.0
4801 252.0
4802 0.0
4803 0.0
4804 203.0
4805 203.0
4806 0.0
4807 204.0
4808 204.0
4809 32.0
4810 0.0
4811 0.0
4812 0.0
4813 0.0
4814 0.0
4815 203.0
4816 6.0
4817 203.0
4818 251.0
4819 251.0
4820 0.0
4821 203.0
4822 204.0
4823 180.0
4824 0.0
4825 204.0
4826 32.0
4827 17.0
4828 203.0
4829 0.0
4830 6.0
4831 252.0
4832 17.0
4833 204.0
4834 203.0
4835 203.0
4836 0.0
4837 0.0
4838 204.0
4839 0.0
4840 169.0
4841 6.0
4842 0.0
4843 6.0
4844 0.0
4845 252.0
4846 0.0
4847 32.0
4848 218.0
4849 1.0
4850 0.0
4851 0.0
4852 251.0
4853 251.0
4854 247.0
4855 0.0
4856 203.0
4857 203.0
4858 203.0
4859 204.0
4860 0.0
4861 0.0
4862 203.0
4863 0.0
4864 0.0
4865 0.0
4866 0.0
4867 1.0
4868 252.0
4869 203.0
4870 32.0
4871 203.0
4872 218.0
4873 218.0
4874 180.0
4875 0.0
4876 252.0
4877 0.0
4878 0.0
4879 205.0
4880 251.0
4881 0.0
4882 252.0
4883 0.0
4884 251.0
4885 6.0
4886 252.0
4887 203.0
4888 0.0
4889 32.0
4890 203.0
4891 32.0
4892 251.0
4893 0.0
4894 0.0
4895 204.0
4896 252.0
4897 6.0
4898 251.0
4899 252.0
4900 1.0
4901 0.0
4902 0.0
4903 251.0
4904 221.0
4905 251.0
4906 0.0
4907 203.0
4908 0.0
4909 203.0
4910 203.0
4911 0.0
4912 6.0
4913 32.0
4914 0.0
4915 0.0
4916 0.0
4917 203.0
4918 242.0
4919 252.0
4920 204.0
4921 0.0
4922 203.0
4923 218.0
4924 203.0
4925 175.0
4926 0.0
4927 204.0
4928 203.0
4929 1.0
4930 0.0
4931 204.0
4932 203.0
4933 204.0
4934 0.0
4935 204.0
4936 251.0
4937 204.0
4938 0.0
4939 1.0
4940 32.0
4941 252.0
4942 236.0
4943 251.0
4944 0.0
4945 0.0
4946 0.0
4947 252.0
4948 0.0
4949 204.0
4950 203.0
4951 208.0
4952 0.0
4953 0.0
4954 203.0
4955 0.0
4956 0.0
4957 0.0
4958 251.0
4959 0.0
4960 252.0
4961 252.0
4962 203.0
4963 251.0
4964 0.0
4965 23.0
4966 0.0
4967 203.0
4968 0.0
4969 219.0
4970 204.0
4971 6.0
4972 0.0
4973 0.0
4974 203.0
4975 203.0
4976 180.0
4977 0.0
4978 252.0
4979 0.0
4980 17.0
4981 251.0
4982 30.0
4983 6.0
4984 252.0
4985 0.0
4986 251.0
4987 203.0
4988 203.0
4989 0.0
4990 0.0
4991 0.0
4992 0.0
4993 158.0
4994 251.0
4995 0.0
4996 6.0
4997 0.0
4998 252.0
4999 6.0
5000 203.0
5001 218.0
5002 1.0
5003 0.0
5004 0.0
5005 204.0
5006 6.0
5007 32.0
5008 203.0
5009 203.0
5010 32.0
5011 251.0
5012 204.0
5013 203.0
5014 0.0
5015 1.0
5016 0.0
5017 0.0
5018 0.0
5019 1.0
5020 33.0
5021 203.0
5022 17.0
5023 1.0
5024 0.0
5025 218.0
5026 252.0
5027 180.0
5028 0.0
5029 32.0
5030 0.0
5031 0.0
5032 17.0
5033 251.0
5034 0.0
5035 204.0
5036 17.0
5037 251.0
5038 203.0
5039 32.0
5040 203.0
5041 0.0
5042 0.0
5043 0.0
5044 169.0
5045 203.0
5046 0.0
5047 0.0
5048 0.0
5049 252.0
5050 6.0
5051 203.0
5052 218.0
5053 1.0
5054 0.0
5055 0.0
5056 251.0
5057 32.0
5058 6.0
5059 0.0
5060 32.0
5061 17.0
5062 203.0
5063 203.0
5064 0.0
5065 0.0
5066 203.0
5067 0.0
5068 0.0
5069 251.0
5070 32.0
5071 6.0
5072 204.0
5073 252.0
5074 0.0
5075 203.0
5076 252.0
5077 252.0
5078 180.0
5079 0.0
5080 203.0
5081 251.0
5082 0.0
5083 1.0
5084 251.0
5085 0.0
5086 252.0
5087 17.0
5088 252.0
5089 203.0
5090 32.0
5091 0.0
5092 0.0
5093 201.0
5094 203.0
5095 251.0
5096 6.0
5097 0.0
5098 0.0
5099 30.0
5100 252.0
