1 169.0
2 109.0
3 31.0
4 180.0
5 263.0
6 0.0
7 71.0
8 0.0
9 180.0
10 276.0
11 169.0
12 32.0
13 87.0
14 0.0
15 1.0
16 0.0
17 38.0
18 191.0
19 169.0
20 180.0
21 0.0
22 175.0
23 0.0
24 221.0
25 276.0
26 260.0
27 32.0
28 235.0
29 109.0
30 38.0
31 48.0
32 174.0
33 186.0
34 38.0
35 38.0
36 0.0
37 178.0
38 0.0
39 32.0
40 103.0
41 32.0
42 0.0
43 0.0
44 109.0
45 175.0
46 98.0
47 256.0
48 277.0
49 30.0
50 274.0
51 277.0
52 213.0
53 264.0
54 30.0
55 185.0
56 290.0
57 265.0
58 29.0
59 98.0
60 240.0
61 169.0
62 175.0
63 282.0
64 82.0
65 260.0
66 191.0
67 25.0
68 264.0
69 0.0
70 0.0
71 191.0
72 0.0
73 259.0
74 0.0
75 32.0
76 282.0
77 234.0
78 32.0
79 287.0
80 33.0
81 32.0
82 33.0
83 185.0
84 284.0
85 255.0
86 264.0
87 175.0
88 109.0
89 0.0
90 261.0
91 0.0
92 32.0
93 0.0
94 262.0
95 175.0
96 272.0
97 0.0
98 170.0
99 0.0
100 271.0
101 248.0
102 290.0
103 419.0
104 253.0
105 274.0
106 269.0
107 419.0
108 98.0
109 240.0
110 250.0
111 240.0
112 281.0
113 418.0
114 290.0
115 294.0
116 186.0
117 200.0
118 147.0
119 254.0
120 0.0
121 0.0
122 281.0
123 286.0
124 427.0
125 290.0
126 262.0
127 280.0
128 252.0
129 293.0
130 265.0
131 290.0
132 263.0
133 283.0
134 174.0
135 344.0
136 288.0
137 269.0
138 288.0
139 288.0
140 0.0
141 262.0
142 276.0
143 25.0
144 264.0
145 427.0
146 414.0
147 261.0
148 98.0
149 169.0
150 276.0
151 329.0
152 294.0
153 427.0
154 286.0
155 390.0
156 0.0
157 286.0
158 0.0
159 0.0
160 286.0
161 346.0
162 427.0
163 285.0
164 298.0
165 286.0
166 287.0
167 264.0
168 283.0
169 0.0
170 291.0
171 298.0
172 283.0
173 158.0
174 293.0
175 0.0
176 423.0
177 191.0
178 180.0
179 287.0
180 282.0
181 180.0
182 282.0
183 283.0
184 0.0
185 282.0
186 286.0
187 169.0
188 0.0
189 256.0
190 291.0
191 0.0
192 267.0
193 286.0
194 32.0
195 261.0
196 180.0
197 356.0
198 286.0
199 0.0
200 30.0
201 180.0
202 286.0
203 287.0
204 427.0
205 269.0
206 169.0
207 278.0
208 0.0
209 180.0
210 0.0
211 427.0
212 0.0
213 292.0
214 180.0
215 0.0
216 0.0
217 82.0
218 291.0
219 283.0
220 0.0
221 291.0
222 298.0
223 283.0
224 180.0
225 282.0
226 0.0
227 0.0
228 256.0
229 32.0
230 169.0
231 286.0
232 293.0
233 180.0
234 0.0
235 264.0
236 251.0
237 286.0
238 169.0
239 273.0
240 0.0
241 279.0
242 43.0
243 286.0
244 286.0
245 0.0
246 287.0
247 0.0
248 180.0
249 169.0
250 0.0
251 191.0
252 290.0
253 256.0
254 180.0
255 427.0
256 32.0
257 256.0
258 30.0
259 414.0
260 290.0
261 30.0
262 261.0
263 264.0
264 282.0
265 274.0
266 0.0
267 278.0
268 275.0
269 291.0
270 0.0
271 381.0
272 268.0
273 414.0
274 283.0
275 304.0
276 282.0
277 0.0
278 423.0
279 39.0
280 283.0
281 169.0
282 289.0
283 330.0
284 266.0
285 0.0
286 427.0
287 251.0
288 268.0
289 169.0
290 264.0
291 0.0
292 291.0
293 282.0
294 286.0
295 180.0
296 32.0
297 287.0
298 0.0
299 267.0
300 169.0
301 265.0
302 414.0
303 180.0
304 180.0
305 278.0
306 427.0
307 356.0
308 268.0
309 312.0
310 264.0
311 414.0
312 232.0
313 261.0
314 191.0
315 251.0
316 283.0
317 308.0
318 290.0
319 282.0
320 284.0
321 283.0
322 180.0
323 264.0
324 1.0
325 252.0
326 274.0
327 282.0
328 0.0
329 286.0
330 274.0
331 286.0
332 338.0
333 293.0
334 287.0
335 290.0
336 293.0
337 286.0
338 262.0
339 343.0
340 169.0
341 269.0
342 180.0
343 291.0
344 0.0
345 414.0
346 294.0
347 33.0
348 180.0
349 289.0
350 280.0
351 261.0
352 286.0
353 158.0
354 285.0
355 180.0
356 98.0
357 427.0
358 180.0
359 180.0
360 0.0
361 0.0
362 180.0
363 234.0
364 286.0
365 0.0
366 291.0
367 180.0
368 316.0
369 0.0
370 356.0
371 300.0
372 283.0
373 147.0
374 291.0
375 289.0
376 283.0
377 158.0
378 293.0
379 180.0
380 286.0
381 256.0
382 286.0
383 383.0
384 282.0
385 180.0
386 191.0
387 267.0
388 414.0
389 180.0
390 0.0
391 0.0
392 0.0
393 346.0
394 180.0
395 234.0
396 273.0
397 273.0
398 236.0
399 287.0
400 427.0
401 291.0
402 169.0
403 0.0
404 273.0
405 286.0
406 266.0
407 0.0
408 427.0
409 260.0
410 191.0
411 278.0
412 0.0
413 290.0
414 280.0
415 180.0
416 346.0
417 180.0
418 191.0
419 301.0
420 383.0
421 287.0
422 286.0
423 281.0
424 14.0
425 287.0
426 264.0
427 0.0
428 158.0
429 0.0
430 274.0
431 414.0
432 288.0
433 286.0
434 283.0
435 387.0
436 180.0
437 284.0
438 38.0
439 332.0
440 286.0
441 272.0
442 266.0
443 264.0
444 0.0
445 286.0
446 240.0
447 423.0
448 280.0
449 262.0
450 180.0
451 25.0
452 262.0
453 169.0
454 261.0
455 287.0
456 180.0
457 336.0
458 0.0
459 427.0
460 262.0
461 240.0
462 25.0
463 414.0
464 290.0
465 0.0
466 260.0
467 346.0
468 339.0
469 414.0
470 0.0
471 290.0
472 555.0
473 266.0
474 427.0
475 158.0
476 267.0
477 264.0
478 0.0
479 0.0
480 180.0
481 180.0
482 414.0
483 0.0
484 433.0
485 268.0
486 282.0
487 169.0
488 290.0
489 293.0
490 427.0
491 190.0
492 286.0
493 287.0
494 344.0
495 293.0
496 291.0
497 287.0
498 423.0
499 339.0
500 268.0
501 180.0
502 316.0
503 423.0
504 169.0
505 263.0
506 294.0
507 286.0
508 169.0
509 339.0
510 555.0
511 294.0
512 273.0
513 273.0
514 257.0
515 414.0
516 294.0
517 427.0
518 350.0
519 290.0
520 281.0
521 311.0
522 433.0
523 414.0
524 382.0
525 280.0
526 0.0
527 260.0
528 298.0
529 277.0
530 158.0
531 293.0
532 414.0
533 423.0
534 256.0
535 290.0
536 274.0
537 298.0
538 291.0
539 286.0
540 261.0
541 427.0
542 262.0
543 175.0
544 269.0
545 0.0
546 262.0
547 180.0
548 324.0
549 294.0
550 180.0
551 32.0
552 291.0
553 427.0
554 283.0
555 -1.0
556 158.0
557 277.0
558 270.0
559 295.0
560 395.0
561 555.0
562 0.0
563 169.0
564 282.0
565 563.0
566 419.0
567 304.0
568 427.0
569 294.0
570 327.0
571 180.0
572 268.0
573 274.0
574 555.0
575 294.0
576 265.0
577 14.0
578 291.0
579 0.0
580 284.0
581 191.0
582 298.0
583 433.0
584 423.0
585 191.0
586 433.0
587 158.0
588 270.0
589 180.0
590 294.0
591 251.0
592 414.0
593 295.0
594 287.0
595 262.0
596 32.0
597 0.0
598 147.0
599 0.0
600 423.0
601 287.0
602 32.0
603 2.0
604 372.0
605 414.0
606 293.0
607 294.0
608 240.0
609 267.0
610 180.0
611 264.0
612 563.0
613 285.0
614 180.0
615 286.0
616 180.0
617 268.0
618 275.0
619 414.0
620 350.0
621 180.0
622 180.0
623 0.0
624 433.0
625 281.0
626 0.0
627 414.0
628 0.0
629 267.0
630 0.0
631 192.0
632 0.0
633 0.0
634 281.0
635 286.0
636 39.0
637 245.0
638 339.0
639 258.0
640 267.0
641 0.0
642 287.0
643 427.0
644 283.0
645 339.0
646 240.0
647 280.0
648 0.0
649 291.0
650 281.0
651 325.0
652 291.0
653 262.0
654 294.0
655 0.0
656 414.0
657 169.0
658 0.0
659 326.0
660 164.0
661 280.0
662 290.0
663 563.0
664 294.0
665 185.0
666 267.0
667 281.0
668 280.0
669 427.0
670 331.0
671 346.0
672 414.0
673 288.0
674 280.0
675 294.0
676 414.0
677 300.0
678 286.0
679 0.0
680 260.0
681 264.0
682 0.0
683 360.0
684 282.0
685 414.0
686 269.0
687 246.0
688 290.0
689 268.0
690 258.0
691 180.0
692 282.0
693 6.0
694 414.0
695 207.0
696 286.0
697 282.0
698 343.0
699 256.0
700 158.0
701 287.0
702 281.0
703 283.0
704 262.0
705 180.0
706 286.0
707 283.0
708 191.0
709 339.0
710 277.0
711 164.0
712 293.0
713 274.0
714 563.0
715 282.0
716 263.0
717 319.0
718 414.0
719 285.0
720 339.0
721 263.0
722 290.0
723 414.0
724 261.0
725 286.0
726 343.0
727 427.0
728 300.0
729 283.0
730 0.0
731 291.0
732 293.0
733 283.0
734 191.0
735 293.0
736 395.0
737 280.0
738 33.0
739 262.0
740 414.0
741 259.0
742 180.0
743 281.0
744 286.0
745 427.0
746 251.0
747 275.0
748 280.0
749 427.0
750 262.0
751 286.0
752 0.0
753 286.0
754 191.0
755 268.0
756 297.0
757 280.0
758 285.0
759 286.0
760 283.0
761 327.0
762 276.0
763 336.0
764 158.0
765 563.0
766 419.0
767 169.0
768 279.0
769 0.0
770 274.0
771 414.0
772 180.0
773 274.0
774 414.0
775 291.0
776 414.0
777 414.0
778 555.0
779 246.0
780 158.0
781 30.0
782 414.0
783 414.0
784 284.0
785 0.0
786 283.0
787 281.0
788 423.0
789 0.0
790 294.0
791 319.0
792 269.0
793 169.0
794 0.0
795 180.0
796 427.0
797 295.0
798 350.0
799 280.0
800 284.0
801 0.0
802 158.0
803 0.0
804 286.0
805 414.0
806 268.0
807 92.0
808 0.0
809 299.0
810 293.0
811 0.0
812 383.0
813 289.0
814 414.0
815 0.0
816 563.0
817 285.0
818 0.0
819 280.0
820 290.0
821 275.0
822 281.0
823 285.0
824 288.0
825 180.0
826 339.0
827 289.0
828 294.0
829 276.0
830 278.0
831 269.0
832 0.0
833 254.0
834 270.0
835 284.0
836 0.0
837 293.0
838 294.0
839 423.0
840 262.0
841 290.0
842 261.0
843 338.0
844 271.0
845 0.0
846 284.0
847 281.0
848 289.0
849 265.0
850 257.0
851 0.0
852 0.0
853 158.0
854 555.0
855 286.0
856 180.0
857 32.0
858 281.0
859 414.0
860 286.0
861 280.0
862 286.0
863 229.0
864 287.0
865 251.0
866 169.0
867 563.0
868 294.0
869 0.0
870 290.0
871 278.0
872 280.0
873 289.0
874 291.0
875 290.0
876 414.0
877 286.0
878 309.0
879 191.0
880 294.0
881 287.0
882 286.0
883 0.0
884 291.0
885 293.0
886 283.0
887 191.0
888 268.0
889 414.0
890 414.0
891 0.0
892 262.0
893 268.0
894 262.0
895 180.0
896 287.0
897 278.0
898 278.0
899 174.0
900 256.0
901 276.0
902 262.0
903 180.0
904 291.0
905 286.0
906 414.0
907 414.0
908 262.0
909 414.0
910 273.0
911 285.0
912 414.0
913 283.0
914 240.0
915 281.0
916 284.0
917 158.0
918 563.0
919 280.0
920 294.0
921 563.0
922 285.0
923 280.0
924 339.0
925 319.0
926 180.0
927 281.0
928 285.0
929 0.0
930 433.0
931 427.0
932 277.0
933 283.0
934 0.0
935 294.0
936 291.0
937 283.0
938 180.0
939 257.0
940 433.0
941 423.0
942 414.0
943 339.0
944 414.0
945 276.0
946 169.0
947 414.0
948 287.0
949 286.0
950 251.0
951 296.0
952 276.0
953 0.0
954 383.0
955 147.0
956 275.0
957 288.0
958 284.0
959 262.0
960 339.0
961 281.0
962 262.0
963 277.0
964 0.0
965 169.0
966 290.0
967 336.0
968 0.0
969 563.0
970 427.0
971 169.0
972 267.0
973 427.0
974 0.0
975 343.0
976 180.0
977 0.0
978 414.0
979 414.0
980 267.0
981 290.0
982 555.0
983 331.0
984 423.0
985 0.0
986 294.0
987 271.0
988 283.0
989 0.0
990 294.0
991 383.0
992 414.0
993 256.0
994 294.0
995 319.0
996 263.0
997 169.0
998 414.0
999 271.0
1000 294.0
1001 295.0
1002 273.0
1003 169.0
1004 427.0
1005 0.0
1006 291.0
1007 279.0
1008 286.0
1009 290.0
1010 32.0
1011 261.0
1012 265.0
1013 282.0
1014 563.0
1015 0.0
1016 174.0
1017 286.0
1018 414.0
1019 0.0
1020 563.0
1021 280.0
1022 294.0
1023 294.0
1024 563.0
1025 280.0
1026 275.0
1027 263.0
1028 0.0
1029 414.0
1030 414.0
1031 297.0
1032 339.0
1033 294.0
1034 300.0
1035 297.0
1036 0.0
1037 459.0
1038 288.0
1039 283.0
1040 191.0
1041 293.0
1042 414.0
1043 414.0
1044 288.0
1045 294.0
1046 327.0
1047 339.0
1048 383.0
1049 294.0
1050 180.0
1051 427.0
1052 283.0
1053 290.0
1054 276.0
1055 275.0
1056 180.0
1057 180.0
1058 563.0
1059 180.0
1060 414.0
1061 283.0
1062 414.0
1063 414.0
1064 286.0
1065 459.0
1066 339.0
1067 0.0
1068 270.0
1069 294.0
1070 351.0
1071 563.0
1072 0.0
1073 174.0
1074 294.0
1075 281.0
1076 427.0
1077 288.0
1078 270.0
1079 287.0
1080 281.0
1081 414.0
1082 316.0
1083 459.0
1084 563.0
1085 344.0
1086 427.0
1087 0.0
1088 290.0
1089 288.0
1090 286.0
1091 180.0
1092 294.0
1093 414.0
1094 286.0
1095 271.0
1096 339.0
1097 261.0
1098 280.0
1099 180.0
1100 414.0
1101 169.0
1102 414.0
1103 289.0
1104 289.0
1105 290.0
1106 427.0
1107 0.0
1108 286.0
1109 423.0
1110 180.0
1111 414.0
1112 262.0
1113 339.0
1114 427.0
1115 374.0
1116 267.0
1117 286.0
1118 395.0
1119 240.0
1120 180.0
1121 158.0
1122 563.0
1123 261.0
1124 174.0
1125 294.0
1126 294.0
1127 427.0
1128 414.0
1129 0.0
1130 287.0
1131 414.0
1132 414.0
1133 152.0
1134 290.0
1135 427.0
1136 383.0
1137 286.0
1138 0.0
1139 294.0
1140 225.0
1141 280.0
1142 296.0
1143 395.0
1144 276.0
1145 423.0
1146 554.0
1147 344.0
1148 558.0
1149 395.0
1150 0.0
1151 414.0
1152 180.0
1153 414.0
1154 261.0
1155 271.0
1156 266.0
1157 0.0
1158 0.0
1159 575.0
1160 253.0
1161 288.0
1162 414.0
1163 283.0
1164 290.0
1165 281.0
1166 269.0
1167 267.0
1168 287.0
1169 169.0
1170 286.0
1171 0.0
1172 0.0
1173 575.0
1174 262.0
1175 191.0
1176 383.0
1177 414.0
1178 252.0
1179 339.0
1180 260.0
1181 33.0
1182 180.0
1183 414.0
1184 289.0
1185 329.0
1186 328.0
1187 383.0
1188 286.0
1189 0.0
1190 290.0
1191 427.0
1192 268.0
1193 0.0
1194 2.0
1195 267.0
1196 270.0
1197 293.0
1198 267.0
1199 338.0
1200 333.0
1201 291.0
1202 267.0
1203 261.0
1204 287.0
1205 295.0
1206 271.0
1207 286.0
1208 32.0
1209 292.0
1210 280.0
1211 0.0
1212 286.0
1213 267.0
1214 32.0
1215 281.0
1216 280.0
1217 283.0
1218 330.0
1219 267.0
1220 395.0
1221 290.0
1222 158.0
1223 0.0
1224 575.0
1225 280.0
1226 169.0
1227 332.0
1228 414.0
1229 427.0
1230 289.0
1231 281.0
1232 325.0
1233 297.0
1234 291.0
1235 316.0
1236 298.0
1237 281.0
1238 259.0
1239 267.0
1240 0.0
1241 290.0
1242 264.0
1243 284.0
1244 180.0
1245 278.0
1246 433.0
1247 286.0
1248 274.0
1249 267.0
1250 395.0
1251 25.0
1252 180.0
1253 414.0
1254 287.0
1255 267.0
1256 295.0
1257 260.0
1258 0.0
1259 32.0
1260 180.0
1261 414.0
1262 427.0
1263 414.0
1264 414.0
1265 262.0
1266 251.0
1267 269.0
1268 180.0
1269 559.0
1270 286.0
1271 25.0
1272 258.0
1273 0.0
1274 256.0
1275 575.0
1276 0.0
1277 174.0
1278 294.0
1279 290.0
1280 292.0
1281 259.0
1282 180.0
1283 304.0
1284 290.0
1285 180.0
1286 297.0
1287 293.0
1288 427.0
1289 344.0
1290 423.0
1291 343.0
1292 290.0
1293 286.0
1294 0.0
1295 180.0
1296 298.0
1297 285.0
1298 286.0
1299 274.0
1300 262.0
1301 261.0
1302 280.0
1303 290.0
1304 286.0
1305 287.0
1306 414.0
1307 169.0
1308 322.0
1309 292.0
1310 38.0
1311 0.0
1312 414.0
1313 282.0
1314 269.0
1315 414.0
1316 268.0
1317 575.0
1318 278.0
1319 180.0
1320 267.0
1321 264.0
1322 169.0
1323 240.0
1324 0.0
1325 0.0
1326 575.0
1327 274.0
1328 174.0
1329 294.0
1330 281.0
1331 0.0
1332 284.0
1333 180.0
1334 180.0
1335 180.0
1336 180.0
1337 0.0
1338 567.0
1339 563.0
1340 383.0
1341 286.0
1342 0.0
1343 300.0
1344 266.0
1345 179.0
1346 0.0
1347 2.0
1348 267.0
1349 414.0
1350 550.0
1351 414.0
1352 338.0
1353 269.0
1354 272.0
1355 423.0
1356 297.0
1357 423.0
1358 282.0
1359 345.0
1360 0.0
1361 30.0
1362 281.0
1363 265.0
1364 0.0
1365 414.0
1366 291.0
1367 262.0
1368 291.0
1369 395.0
1370 283.0
1371 563.0
1372 289.0
1373 298.0
1374 290.0
1375 282.0
1376 169.0
1377 575.0
1378 235.0
1379 279.0
1380 325.0
1381 427.0
1382 419.0
1383 0.0
1384 288.0
1385 268.0
1386 169.0
1387 293.0
1388 299.0
1389 268.0
1390 286.0
1391 395.0
1392 414.0
1393 180.0
1394 270.0
1395 288.0
1396 283.0
1397 278.0
1398 0.0
1399 343.0
1400 283.0
1401 459.0
1402 414.0
1403 267.0
1404 261.0
1405 291.0
1406 291.0
1407 169.0
1408 383.0
1409 295.0
1410 276.0
1411 31.0
1412 274.0
1413 262.0
1414 285.0
1415 276.0
1416 414.0
1417 414.0
1418 262.0
1419 267.0
1420 427.0
1421 272.0
1422 343.0
1423 286.0
1424 240.0
1425 286.0
1426 278.0
1427 0.0
1428 575.0
1429 383.0
1430 169.0
1431 567.0
1432 414.0
1433 292.0
1434 289.0
1435 383.0
1436 0.0
1437 302.0
1438 180.0
1439 297.0
1440 298.0
1441 286.0
1442 280.0
1443 281.0
1444 0.0
1445 459.0
1446 291.0
1447 284.0
1448 191.0
1449 268.0
1450 433.0
1451 286.0
1452 277.0
1453 433.0
1454 261.0
1455 267.0
1456 267.0
1457 275.0
1458 0.0
1459 567.0
1460 289.0
1461 267.0
1462 290.0
1463 0.0
1464 0.0
1465 267.0
1466 414.0
1467 287.0
1468 267.0
1469 268.0
1470 251.0
1471 280.0
1472 180.0
1473 267.0
1474 281.0
1475 327.0
1476 286.0
1477 286.0
1478 0.0
1479 575.0
1480 0.0
1481 274.0
1482 290.0
1483 290.0
1484 419.0
1485 0.0
1486 180.0
1487 304.0
1488 180.0
1489 180.0
1490 0.0
1491 567.0
1492 339.0
1493 259.0
1494 427.0
1495 0.0
1496 300.0
1497 427.0
1498 0.0
1499 191.0
1500 14.0
1501 290.0
1502 286.0
1503 275.0
1504 267.0
1505 395.0
1506 278.0
1507 274.0
1508 414.0
1509 256.0
1510 285.0
1511 115.0
1512 322.0
1513 0.0
1514 284.0
1515 262.0
1516 414.0
1517 414.0
1518 289.0
1519 328.0
1520 268.0
1521 414.0
1522 276.0
1523 292.0
1524 575.0
1525 264.0
1526 414.0
1527 267.0
1528 169.0
1529 281.0
1530 575.0
1531 343.0
1532 257.0
1533 383.0
1534 290.0
1535 0.0
1536 0.0
1537 281.0
1538 350.0
1539 180.0
1540 297.0
1541 299.0
1542 290.0
1543 356.0
1544 383.0
1545 286.0
1546 328.0
1547 264.0
1548 269.0
1549 414.0
1550 0.0
1551 298.0
1552 281.0
1553 283.0
1554 262.0
1555 290.0
1556 264.0
1557 222.0
1558 267.0
1559 282.0
1560 293.0
1561 267.0
1562 295.0
1563 263.0
1564 0.0
1565 337.0
1566 262.0
1567 270.0
1568 285.0
1569 286.0
1570 414.0
1571 262.0
1572 297.0
1573 427.0
1574 286.0
1575 330.0
1576 276.0
1577 285.0
1578 287.0
1579 414.0
1580 0.0
1581 575.0
1582 421.0
1583 280.0
1584 383.0
1585 267.0
1586 292.0
1587 0.0
1588 281.0
1589 0.0
1590 291.0
1591 309.0
1592 282.0
1593 245.0
1594 325.0
1595 383.0
1596 414.0
1597 414.0
1598 275.0
1599 288.0
1600 283.0
1601 0.0
1602 293.0
1603 287.0
1604 0.0
1605 271.0
1606 290.0
1607 267.0
1608 290.0
1609 427.0
1610 0.0
1611 0.0
1612 651.0
1613 295.0
1614 271.0
1615 0.0
1616 180.0
1617 0.0
1618 286.0
1619 427.0
1620 267.0
1621 414.0
1622 268.0
1623 291.0
1624 427.0
1625 283.0
1626 395.0
1627 267.0
1628 293.0
1629 286.0
1630 180.0
1631 0.0
1632 651.0
1633 419.0
1634 191.0
1635 294.0
1636 294.0
1637 292.0
1638 0.0
1639 180.0
1640 287.0
1641 294.0
1642 180.0
1643 0.0
1644 286.0
1645 286.0
1646 280.0
1647 267.0
1648 414.0
1649 287.0
1650 414.0
1651 0.0
1652 191.0
1653 268.0
1654 265.0
1655 286.0
1656 266.0
1657 346.0
1658 554.0
1659 278.0
1660 276.0
1661 290.0
1662 286.0
1663 280.0
1664 169.0
1665 271.0
1666 0.0
1667 318.0
1668 0.0
1669 414.0
1670 280.0
1671 287.0
1672 281.0
1673 268.0
1674 251.0
1675 259.0
1676 180.0
1677 559.0
1678 339.0
1679 414.0
1680 240.0
1681 180.0
1682 351.0
1683 651.0
1684 419.0
1685 390.0
1686 290.0
1687 285.0
1688 0.0
1689 0.0
1690 180.0
1691 287.0
1692 0.0
1693 180.0
1694 283.0
1695 268.0
1696 414.0
1697 395.0
1698 281.0
1699 278.0
1700 264.0
1701 414.0
1702 283.0
1703 191.0
1704 0.0
1705 291.0
1706 180.0
1707 459.0
1708 262.0
1709 267.0
1710 290.0
1711 395.0
1712 282.0
1713 263.0
1714 267.0
1715 272.0
1716 263.0
1717 0.0
1718 395.0
1719 180.0
1720 414.0
1721 280.0
1722 286.0
1723 281.0
1724 262.0
1725 343.0
1726 427.0
1727 292.0
1728 267.0
1729 555.0
1730 285.0
1731 287.0
1732 169.0
1733 169.0
1734 651.0
1735 419.0
1736 297.0
1737 383.0
1738 267.0
1739 0.0
1740 0.0
1741 331.0
1742 0.0
1743 267.0
1744 158.0
1745 299.0
1746 651.0
1747 427.0
1748 395.0
1749 427.0
1750 281.0
1751 292.0
1752 414.0
1753 286.0
1754 158.0
1755 0.0
1756 291.0
1757 267.0
1758 293.0
1759 290.0
1760 267.0
1761 270.0
1762 267.0
1763 282.0
1764 297.0
1765 563.0
1766 283.0
1767 275.0
1768 257.0
1769 284.0
1770 180.0
1771 290.0
1772 275.0
1773 286.0
1774 414.0
1775 262.0
1776 297.0
1777 180.0
1778 283.0
1779 277.0
1780 276.0
1781 293.0
1782 92.0
1783 286.0
1784 169.0
1785 651.0
1786 419.0
1787 180.0
1788 285.0
1789 267.0
1790 257.0
1791 414.0
1792 261.0
1793 337.0
1794 294.0
1795 267.0
1796 0.0
1797 383.0
1798 427.0
1799 290.0
1800 286.0
1801 286.0
1802 290.0
1803 414.0
1804 285.0
1805 0.0
1806 294.0
1807 291.0
1808 286.0
1809 0.0
1810 575.0
1811 348.0
1812 264.0
1813 555.0
1814 169.0
1815 295.0
1816 280.0
1817 311.0
1818 267.0
1819 0.0
1820 267.0
1821 0.0
1822 331.0
1823 414.0
1824 287.0
1825 414.0
1826 268.0
1827 291.0
1828 259.0
1829 269.0
1830 343.0
1831 267.0
1832 414.0
1833 271.0
1834 180.0
1835 0.0
1836 651.0
1837 427.0
1838 191.0
1839 651.0
1840 285.0
1841 419.0
1842 169.0
1843 285.0
1844 235.0
1845 414.0
1846 180.0
1847 282.0
1848 383.0
1849 338.0
1850 290.0
1851 291.0
1852 285.0
1853 264.0
1854 427.0
1855 290.0
1856 169.0
1857 0.0
1858 261.0
1859 286.0
1860 274.0
1861 267.0
1862 555.0
1863 280.0
1864 290.0
1865 169.0
1866 287.0
1867 267.0
1868 291.0
1869 263.0
1870 255.0
1871 273.0
1872 0.0
1873 567.0
1874 414.0
1875 286.0
1876 414.0
1877 262.0
1878 251.0
1879 281.0
1880 292.0
1881 559.0
1882 339.0
1883 274.0
1884 281.0
1885 180.0
1886 290.0
1887 651.0
1888 267.0
1889 283.0
1890 383.0
1891 267.0
1892 0.0
1893 0.0
1894 433.0
1895 0.0
1896 180.0
1897 291.0
1898 316.0
1899 290.0
1900 414.0
1901 235.0
1902 158.0
1903 158.0
1904 300.0
1905 289.0
1906 283.0
1907 191.0
1908 0.0
1909 284.0
1910 0.0
1911 262.0
1912 290.0
1913 427.0
1914 280.0
1915 294.0
1916 282.0
1917 263.0
1918 267.0
1919 273.0
1920 271.0
1921 0.0
1922 267.0
1923 180.0
1924 318.0
1925 253.0
1926 286.0
1927 267.0
1928 262.0
1929 390.0
1930 281.0
1931 286.0
1932 277.0
1933 281.0
1934 281.0
1935 0.0
1936 304.0
1937 169.0
1938 651.0
1939 419.0
1940 180.0
1941 383.0
1942 329.0
1943 293.0
1944 275.0
1945 383.0
1946 9.0
1947 267.0
1948 414.0
1949 0.0
1950 383.0
1951 563.0
1952 290.0
1953 286.0
1954 286.0
1955 291.0
1956 185.0
1957 283.0
1958 158.0
1959 294.0
1960 286.0
1961 286.0
1962 293.0
1963 267.0
1964 267.0
1965 290.0
1966 427.0
1967 282.0
1968 280.0
1969 651.0
1970 295.0
1971 267.0
1972 257.0
1973 261.0
1974 0.0
1975 290.0
1976 427.0
1977 287.0
1978 281.0
1979 268.0
1980 291.0
1981 280.0
1982 292.0
1983 559.0
1984 339.0
1985 327.0
1986 284.0
1987 286.0
1988 0.0
1989 651.0
1990 419.0
1991 169.0
1992 290.0
1993 285.0
1994 257.0
1995 0.0
1996 433.0
1997 350.0
1998 414.0
1999 180.0
2000 282.0
2001 294.0
2002 563.0
2003 290.0
2004 423.0
2005 414.0
2006 256.0
2007 291.0
2008 350.0
2009 0.0
2010 286.0
2011 263.0
2012 286.0
2013 0.0
2014 267.0
2015 555.0
2016 290.0
2017 555.0
2018 0.0
2019 286.0
2020 280.0
2021 174.0
2022 276.0
2023 0.0
2024 336.0
2025 0.0
2026 383.0
2027 267.0
2028 283.0
2029 414.0
2030 268.0
2031 339.0
2032 267.0
2033 158.0
2034 555.0
2035 280.0
2036 427.0
2037 309.0
2038 0.0
2039 169.0
2040 651.0
2041 419.0
2042 0.0
2043 290.0
2044 414.0
2045 427.0
2046 0.0
2047 651.0
2048 337.0
2049 290.0
2050 267.0
2051 316.0
2052 290.0
2053 563.0
2054 240.0
2055 273.0
2056 285.0
2057 300.0
2058 414.0
2059 271.0
2060 169.0
2061 0.0
2062 433.0
2063 287.0
2064 0.0
2065 290.0
2066 267.0
2067 268.0
2068 290.0
2069 286.0
2070 307.0
2071 285.0
2072 251.0
2073 267.0
2074 158.0
2075 390.0
2076 0.0
2077 318.0
2078 276.0
2079 180.0
2080 267.0
2081 262.0
2082 339.0
2083 427.0
2084 286.0
2085 274.0
2086 281.0
2087 285.0
2088 271.0
2089 169.0
2090 169.0
2091 651.0
2092 419.0
2093 180.0
2094 651.0
2095 427.0
2096 0.0
2097 0.0
2098 281.0
2099 0.0
2100 343.0
2101 575.0
2102 0.0
2103 651.0
2104 318.0
2105 235.0
2106 158.0
2107 286.0
2108 290.0
2109 272.0
2110 338.0
2111 158.0
2112 268.0
2113 287.0
2114 423.0
2115 555.0
2116 290.0
2117 559.0
2118 290.0
2119 285.0
2120 282.0
2121 278.0
2122 555.0
2123 268.0
2124 287.0
2125 158.0
2126 325.0
2127 180.0
2128 267.0
2129 414.0
2130 218.0
2131 294.0
2132 262.0
2133 291.0
2134 280.0
2135 292.0
2136 559.0
2137 395.0
2138 325.0
2139 285.0
2140 0.0
2141 0.0
2142 651.0
2143 575.0
2144 191.0
2145 383.0
2146 651.0
2147 0.0
2148 0.0
2149 290.0
2150 0.0
2151 414.0
2152 290.0
2153 316.0
2154 651.0
2155 267.0
2156 290.0
2157 180.0
2158 414.0
2159 269.0
2160 414.0
2161 286.0
2162 0.0
2163 294.0
2164 291.0
2165 286.0
2166 356.0
2167 267.0
2168 559.0
2169 277.0
2170 286.0
2171 387.0
2172 191.0
2173 567.0
2174 323.0
2175 276.0
2176 20.0
2177 261.0
2178 0.0
2179 383.0
2180 267.0
2181 286.0
2182 414.0
2183 268.0
2184 414.0
2185 281.0
2186 324.0
2187 350.0
2188 280.0
2189 293.0
2190 309.0
2191 414.0
2192 270.0
2193 651.0
2194 280.0
2195 257.0
2196 390.0
2197 285.0
2198 300.0
2199 275.0
2200 267.0
2201 343.0
2202 294.0
2203 575.0
2204 268.0
2205 290.0
2206 427.0
2207 221.0
2208 180.0
2209 158.0
2210 300.0
2211 291.0
2212 414.0
2213 0.0
2214 0.0
2215 265.0
2216 423.0
2217 459.0
2218 267.0
2219 267.0
2220 274.0
2221 555.0
2222 0.0
2223 291.0
2224 285.0
2225 295.0
2226 271.0
2227 0.0
2228 427.0
2229 0.0
2230 383.0
2231 0.0
2232 287.0
2233 281.0
2234 268.0
2235 267.0
2236 268.0
2237 260.0
2238 575.0
2239 280.0
2240 203.0
2241 271.0
2242 272.0
2243 169.0
2244 651.0
2245 419.0
2246 169.0
2247 651.0
2248 285.0
2249 300.0
2250 0.0
2251 281.0
2252 337.0
2253 180.0
2254 651.0
2255 309.0
2256 290.0
2257 414.0
2258 323.0
2259 180.0
2260 286.0
2261 291.0
2262 291.0
2263 280.0
2264 180.0
2265 294.0
2266 291.0
2267 291.0
2268 274.0
2269 575.0
2270 559.0
2271 223.0
2272 280.0
2273 282.0
2274 278.0
2275 285.0
2276 251.0
2277 279.0
2278 292.0
2279 277.0
2280 180.0
2281 318.0
2282 276.0
2283 267.0
2284 281.0
2285 262.0
2286 281.0
2287 281.0
2288 286.0
2289 318.0
2290 286.0
2291 203.0
2292 285.0
2293 414.0
2294 297.0
2295 651.0
2296 419.0
2297 293.0
2298 651.0
2299 427.0
2300 575.0
2301 0.0
2302 267.0
2303 337.0
2304 0.0
2305 280.0
2306 0.0
2307 567.0
2308 318.0
2309 290.0
2310 286.0
2311 286.0
2312 290.0
2313 38.0
2314 414.0
2315 180.0
2316 293.0
2317 291.0
2318 286.0
2319 274.0
2320 290.0
2321 559.0
2322 290.0
2323 286.0
2324 191.0
2325 180.0
2326 651.0
2327 192.0
2328 264.0
2329 292.0
2330 288.0
2331 267.0
2332 326.0
2333 267.0
2334 286.0
2335 414.0
2336 268.0
2337 281.0
2338 280.0
2339 414.0
2340 575.0
2341 567.0
2342 280.0
2343 281.0
2344 414.0
2345 0.0
2346 651.0
2347 280.0
2348 191.0
2349 651.0
2350 651.0
2351 0.0
2352 0.0
2353 267.0
2354 563.0
2355 561.0
2356 390.0
2357 651.0
2358 567.0
2359 427.0
2360 290.0
2361 286.0
2362 0.0
2363 264.0
2364 259.0
2365 338.0
2366 0.0
2367 0.0
2368 290.0
2369 285.0
2370 288.0
2371 290.0
2372 338.0
2373 338.0
2374 427.0
2375 0.0
2376 256.0
2377 563.0
2378 289.0
2379 281.0
2380 255.0
2381 249.0
2382 0.0
2383 318.0
2384 276.0
2385 286.0
2386 414.0
2387 268.0
2388 267.0
2389 427.0
2390 300.0
2391 350.0
2392 280.0
2393 202.0
2394 285.0
2395 414.0
2396 169.0
2397 651.0
2398 280.0
2399 191.0
2400 651.0
2401 285.0
2402 427.0
2403 343.0
2404 281.0
2405 0.0
2406 302.0
2407 651.0
2408 309.0
2409 268.0
2410 427.0
2411 267.0
2412 343.0
2413 0.0
2414 300.0
2415 459.0
2416 281.0
2417 169.0
2418 0.0
2419 267.0
2420 291.0
2421 274.0
2422 433.0
2423 390.0
2424 261.0
2425 280.0
2426 0.0
2427 274.0
2428 280.0
2429 295.0
2430 267.0
2431 270.0
2432 291.0
2433 262.0
2434 383.0
2435 0.0
2436 180.0
2437 267.0
2438 235.0
2439 267.0
2440 427.0
2441 286.0
2442 343.0
2443 555.0
2444 398.0
2445 276.0
2446 180.0
2447 351.0
2448 651.0
2449 294.0
2450 169.0
2451 390.0
2452 267.0
2453 427.0
2454 275.0
2455 281.0
2456 0.0
2457 180.0
2458 651.0
2459 0.0
2460 567.0
2461 280.0
2462 235.0
2463 158.0
2464 283.0
2465 290.0
2466 250.0
2467 286.0
2468 180.0
2469 293.0
2470 286.0
2471 286.0
2472 555.0
2473 433.0
2474 427.0
2475 277.0
2476 459.0
2477 191.0
2478 0.0
2479 651.0
2480 185.0
2481 276.0
2482 292.0
2483 275.0
2484 262.0
2485 383.0
2486 282.0
2487 283.0
2488 267.0
2489 262.0
2490 281.0
2491 279.0
2492 180.0
2493 274.0
2494 387.0
2495 327.0
2496 271.0
2497 414.0
2498 0.0
2499 651.0
2500 419.0
2501 292.0
2502 383.0
2503 651.0
2504 0.0
2505 300.0
2506 267.0
2507 349.0
2508 180.0
2509 651.0
2510 0.0
2511 567.0
2512 318.0
2513 395.0
2514 283.0
2515 286.0
2516 290.0
2517 459.0
2518 340.0
2519 180.0
2520 575.0
2521 414.0
2522 286.0
2523 555.0
2524 267.0
2525 318.0
2526 290.0
2527 427.0
2528 0.0
2529 0.0
2530 427.0
2531 272.0
2532 267.0
2533 257.0
2534 180.0
2535 0.0
2536 318.0
2537 267.0
2538 288.0
2539 414.0
2540 268.0
2541 281.0
2542 427.0
2543 285.0
2544 343.0
2545 651.0
2546 327.0
2547 309.0
2548 563.0
2549 0.0
2550 651.0
2551 419.0
2552 191.0
2553 383.0
2554 285.0
2555 427.0
2556 275.0
2557 651.0
2558 290.0
2559 281.0
2560 651.0
2561 298.0
2562 283.0
2563 300.0
2564 288.0
2565 158.0
2566 0.0
2567 280.0
2568 459.0
2569 414.0
2570 0.0
2571 2.0
2572 267.0
2573 285.0
2574 575.0
2575 277.0
2576 318.0
2577 277.0
2578 285.0
2579 290.0
2580 191.0
2581 280.0
2582 289.0
2583 256.0
2584 180.0
2585 291.0
2586 0.0
2587 319.0
2588 0.0
2589 288.0
2590 281.0
2591 235.0
2592 290.0
2593 276.0
2594 269.0
2595 350.0
2596 567.0
2597 390.0
2598 267.0
2599 281.0
2600 0.0
2601 651.0
2602 325.0
2603 169.0
2604 285.0
2605 267.0
2606 292.0
2607 575.0
2608 281.0
2609 0.0
2610 279.0
2611 651.0
2612 309.0
2613 280.0
2614 280.0
2615 290.0
2616 158.0
2617 286.0
2618 218.0
2619 267.0
2620 414.0
2621 0.0
2622 294.0
2623 267.0
2624 651.0
2625 268.0
2626 433.0
2627 575.0
2628 328.0
2629 290.0
2630 282.0
2631 284.0
2632 383.0
2633 174.0
2634 261.0
2635 291.0
2636 291.0
2637 180.0
2638 308.0
2639 360.0
2640 288.0
2641 281.0
2642 262.0
2643 267.0
2644 281.0
2645 191.0
2646 275.0
2647 575.0
2648 285.0
2649 285.0
2650 390.0
2651 0.0
2652 651.0
2653 325.0
2654 286.0
2655 332.0
2656 267.0
2657 419.0
2658 338.0
2659 267.0
2660 290.0
2661 180.0
2662 651.0
2663 0.0
2664 567.0
2665 318.0
2666 235.0
2667 180.0
2668 283.0
2669 290.0
2670 288.0
2671 414.0
2672 180.0
2673 294.0
2674 433.0
2675 414.0
2676 554.0
2677 433.0
2678 427.0
2679 216.0
2680 427.0
2681 282.0
2682 270.0
2683 383.0
2684 295.0
2685 279.0
2686 292.0
2687 266.0
2688 180.0
2689 267.0
2690 267.0
2691 288.0
2692 414.0
2693 283.0
2694 267.0
2695 259.0
2696 284.0
2697 293.0
2698 651.0
2699 414.0
2700 260.0
2701 267.0
2702 270.0
2703 651.0
2704 325.0
2705 310.0
2706 383.0
2707 267.0
2708 0.0
2709 290.0
2710 267.0
2711 290.0
2712 0.0
2713 390.0
2714 309.0
2715 567.0
2716 427.0
2717 395.0
2718 180.0
2719 414.0
2720 561.0
2721 288.0
2722 280.0
2723 0.0
2724 286.0
2725 285.0
2726 267.0
2727 559.0
2728 267.0
2729 318.0
2730 274.0
2731 555.0
2732 0.0
2733 325.0
2734 285.0
2735 280.0
2736 265.0
2737 292.0
2738 312.0
2739 267.0
2740 319.0
2741 0.0
2742 286.0
2743 414.0
2744 32.0
2745 281.0
2746 180.0
2747 292.0
2748 350.0
2749 651.0
2750 383.0
2751 285.0
2752 651.0
2753 169.0
2754 651.0
2755 419.0
2756 318.0
2757 280.0
2758 285.0
2759 0.0
2760 290.0
2761 267.0
2762 271.0
2763 180.0
2764 651.0
2765 309.0
2766 280.0
2767 280.0
2768 290.0
2769 169.0
2770 0.0
2771 280.0
2772 651.0
2773 390.0
2774 158.0
2775 2.0
2776 285.0
2777 285.0
2778 267.0
2779 262.0
2780 559.0
2781 327.0
2782 280.0
2783 282.0
2784 286.0
2785 280.0
2786 257.0
2787 256.0
2788 0.0
2789 427.0
2790 0.0
2791 301.0
2792 288.0
2793 286.0
2794 267.0
2795 32.0
2796 339.0
2797 279.0
2798 283.0
2799 343.0
2800 651.0
2801 414.0
2802 265.0
2803 290.0
2804 0.0
2805 651.0
2806 419.0
2807 180.0
2808 285.0
2809 267.0
2810 292.0
2811 338.0
2812 290.0
2813 344.0
2814 281.0
2815 651.0
2816 0.0
2817 294.0
2818 318.0
2819 267.0
2820 0.0
2821 286.0
2822 561.0
2823 339.0
2824 286.0
2825 180.0
2826 268.0
2827 395.0
2828 651.0
2829 390.0
2830 427.0
2831 575.0
2832 219.0
2833 555.0
2834 282.0
2835 286.0
2836 267.0
2837 323.0
2838 275.0
2839 0.0
2840 262.0
2841 651.0
2842 319.0
2843 427.0
2844 288.0
2845 281.0
2846 262.0
2847 339.0
2848 218.0
2849 284.0
2850 274.0
2851 575.0
2852 285.0
2853 262.0
2854 267.0
2855 0.0
2856 651.0
2857 651.0
2858 180.0
2859 332.0
2860 267.0
2861 293.0
2862 338.0
2863 267.0
2864 350.0
2865 291.0
2866 651.0
2867 32.0
2868 567.0
2869 563.0
2870 235.0
2871 180.0
2872 286.0
2873 294.0
2874 285.0
2875 286.0
2876 0.0
2877 286.0
2878 291.0
2879 267.0
2880 559.0
2881 565.0
2882 338.0
2883 280.0
2884 414.0
2885 0.0
2886 147.0
2887 280.0
2888 295.0
2889 192.0
2890 0.0
2891 391.0
2892 180.0
2893 383.0
2894 267.0
2895 286.0
2896 281.0
2897 268.0
2898 290.0
2899 427.0
2900 379.0
2901 274.0
2902 651.0
2903 414.0
2904 281.0
2905 267.0
2906 298.0
2907 651.0
2908 325.0
2909 293.0
2910 651.0
2911 285.0
2912 32.0
2913 290.0
2914 290.0
2915 290.0
2916 291.0
2917 651.0
2918 309.0
2919 268.0
2920 427.0
2921 259.0
2922 180.0
2923 288.0
2924 561.0
2925 289.0
2926 293.0
2927 169.0
2928 0.0
2929 290.0
2930 267.0
2931 575.0
2932 262.0
2933 267.0
2934 0.0
2935 286.0
2936 282.0
2937 185.0
2938 280.0
2939 251.0
2940 267.0
2941 0.0
2942 280.0
2943 0.0
2944 328.0
2945 0.0
2946 288.0
2947 414.0
2948 262.0
2949 281.0
2950 280.0
2951 286.0
2952 293.0
2953 651.0
2954 383.0
2955 262.0
2956 290.0
2957 0.0
2958 651.0
2959 325.0
2960 292.0
2961 285.0
2962 285.0
2963 427.0
2964 290.0
2965 290.0
2966 344.0
2967 414.0
2968 651.0
2969 268.0
2970 268.0
2971 318.0
2972 290.0
2973 180.0
2974 286.0
2975 459.0
2976 249.0
2977 286.0
2978 180.0
2979 268.0
2980 284.0
2981 651.0
2982 294.0
2983 267.0
2984 559.0
2985 287.0
2986 285.0
2987 282.0
2988 339.0
2989 280.0
2990 251.0
2991 274.0
2992 0.0
2993 280.0
2994 0.0
2995 383.0
2996 427.0
2997 288.0
2998 651.0
2999 236.0
3000 267.0
3001 281.0
3002 283.0
3003 275.0
3004 651.0
3005 267.0
3006 285.0
3007 651.0
3008 0.0
3009 651.0
3010 575.0
3011 286.0
3012 390.0
3013 427.0
3014 300.0
3015 339.0
3016 651.0
3017 343.0
3018 561.0
3019 651.0
3020 282.0
3021 290.0
3022 280.0
3023 259.0
3024 180.0
3025 283.0
3026 290.0
3027 265.0
3028 290.0
3029 0.0
3030 268.0
3031 287.0
3032 290.0
3033 575.0
3034 427.0
3035 651.0
3036 193.0
3037 286.0
3038 0.0
3039 286.0
3040 267.0
3041 295.0
3042 414.0
3043 0.0
3044 266.0
3045 180.0
3046 319.0
3047 281.0
3048 414.0
3049 291.0
3050 33.0
3051 390.0
3052 280.0
3053 265.0
3054 277.0
3055 651.0
3056 280.0
3057 276.0
3058 267.0
3059 0.0
3060 651.0
3061 575.0
3062 191.0
3063 332.0
3064 267.0
3065 32.0
3066 339.0
3067 267.0
3068 343.0
3069 291.0
3070 651.0
3071 0.0
3072 567.0
3073 331.0
3074 395.0
3075 180.0
3076 180.0
3077 557.0
3078 259.0
3079 298.0
3080 180.0
3081 0.0
3082 287.0
3083 390.0
3084 390.0
3085 267.0
3086 338.0
3087 0.0
3088 286.0
3089 282.0
3090 339.0
3091 651.0
3092 295.0
3093 267.0
3094 0.0
3095 295.0
3096 180.0
3097 318.0
3098 180.0
3099 288.0
3100 267.0
3101 262.0
3102 281.0
3103 280.0
3104 180.0
3105 293.0
3106 567.0
3107 427.0
3108 262.0
3109 281.0
3110 169.0
3111 651.0
3112 325.0
3113 383.0
3114 332.0
3115 285.0
3116 257.0
3117 339.0
3118 651.0
3119 390.0
3120 414.0
3121 651.0
3122 309.0
3123 340.0
3124 269.0
3125 267.0
3126 169.0
3127 288.0
3128 459.0
3129 414.0
3130 414.0
3131 0.0
3132 0.0
3133 261.0
3134 267.0
3135 325.0
3136 262.0
3137 390.0
3138 0.0
3139 285.0
3140 282.0
3141 297.0
3142 280.0
3143 295.0
3144 256.0
3145 0.0
3146 280.0
3147 290.0
3148 383.0
3149 427.0
3150 286.0
3151 267.0
3152 262.0
3153 575.0
3154 280.0
3155 414.0
3156 274.0
3157 390.0
3158 327.0
3159 309.0
3160 267.0
3161 169.0
3162 651.0
3163 294.0
3164 287.0
3165 285.0
3166 267.0
3167 32.0
3168 275.0
3169 390.0
3170 563.0
3171 567.0
3172 651.0
3173 332.0
3174 280.0
3175 291.0
3176 267.0
3177 287.0
3178 283.0
3179 395.0
3180 255.0
3181 286.0
3182 0.0
3183 293.0
3184 265.0
3185 651.0
3186 559.0
3187 262.0
3188 575.0
3189 219.0
3190 267.0
3191 0.0
3192 286.0
3193 267.0
3194 277.0
3195 264.0
3196 158.0
3197 266.0
3198 0.0
3199 383.0
3200 414.0
3201 281.0
3202 390.0
3203 268.0
3204 338.0
3205 427.0
3206 286.0
3207 267.0
3208 390.0
3209 328.0
3210 309.0
3211 267.0
3212 0.0
3213 651.0
3214 325.0
3215 390.0
3216 280.0
3217 267.0
3218 257.0
3219 414.0
3220 390.0
3221 343.0
3222 281.0
3223 651.0
3224 0.0
3225 567.0
3226 300.0
3227 575.0
3228 180.0
3229 287.0
3230 558.0
3231 584.0
3232 290.0
3233 0.0
3234 0.0
3235 290.0
3236 290.0
3237 559.0
3238 427.0
3239 575.0
3240 174.0
3241 414.0
3242 0.0
3243 293.0
3244 267.0
3245 295.0
3246 267.0
3247 0.0
3248 269.0
3249 290.0
3250 318.0
3251 272.0
3252 288.0
3253 281.0
3254 268.0
3255 387.0
3256 280.0
3257 286.0
3258 343.0
3259 390.0
3260 285.0
3261 164.0
3262 281.0
3263 169.0
3264 651.0
3265 651.0
3266 294.0
3267 332.0
3268 285.0
3269 292.0
3270 338.0
3271 267.0
3272 651.0
3273 281.0
3274 651.0
3275 298.0
3276 395.0
3277 280.0
3278 575.0
3279 283.0
3280 286.0
3281 427.0
3282 414.0
3283 294.0
3284 180.0
3285 0.0
3286 287.0
3287 290.0
3288 575.0
3289 267.0
3290 338.0
3291 0.0
3292 285.0
3293 414.0
3294 286.0
3295 280.0
3296 290.0
3297 267.0
3298 0.0
3299 299.0
3300 180.0
3301 318.0
3302 267.0
3303 288.0
3304 267.0
3305 262.0
3306 330.0
3307 281.0
3308 180.0
3309 559.0
3310 563.0
3311 427.0
3312 30.0
3313 651.0
3314 281.0
3315 651.0
3316 575.0
3317 180.0
3318 333.0
3319 651.0
3320 32.0
3321 289.0
3322 267.0
3323 280.0
3324 414.0
3325 575.0
3326 289.0
3327 280.0
3328 269.0
3329 575.0
3330 169.0
3331 283.0
3332 395.0
3333 275.0
3334 267.0
3335 180.0
3336 293.0
3337 433.0
3338 267.0
3339 268.0
3340 265.0
3341 318.0
3342 0.0
3343 285.0
3344 282.0
3345 281.0
3346 269.0
3347 278.0
3348 274.0
3349 0.0
3350 390.0
3351 0.0
3352 267.0
3353 267.0
3354 288.0
3355 267.0
3356 262.0
3357 349.0
3358 427.0
3359 286.0
3360 277.0
3361 280.0
3362 327.0
3363 274.0
3364 267.0
3365 338.0
3366 651.0
3367 575.0
3368 169.0
3369 280.0
3370 267.0
3371 0.0
3372 267.0
3373 267.0
3374 651.0
3375 286.0
3376 267.0
3377 158.0
3378 356.0
3379 286.0
3380 267.0
3381 180.0
3382 287.0
3383 390.0
3384 271.0
3385 267.0
3386 0.0
3387 293.0
3388 265.0
3389 267.0
3390 294.0
3391 427.0
3392 427.0
3393 174.0
3394 269.0
3395 267.0
3396 287.0
3397 287.0
3398 255.0
3399 279.0
3400 0.0
3401 262.0
3402 0.0
3403 328.0
3404 169.0
3405 286.0
3406 281.0
3407 262.0
3408 338.0
3409 651.0
3410 286.0
3411 575.0
3412 390.0
3413 285.0
3414 240.0
3415 651.0
3416 169.0
3417 651.0
3418 651.0
3419 191.0
3420 651.0
3421 267.0
3422 257.0
3423 339.0
3424 390.0
3425 651.0
3426 288.0
3427 651.0
3428 0.0
3429 651.0
3430 331.0
3431 575.0
3432 180.0
3433 283.0
3434 300.0
3435 414.0
3436 281.0
3437 0.0
3438 288.0
3439 286.0
3440 387.0
3441 559.0
3442 427.0
3443 427.0
3444 267.0
3445 427.0
3446 414.0
3447 286.0
3448 268.0
3449 283.0
3450 265.0
3451 278.0
3452 427.0
3453 180.0
3454 318.0
3455 0.0
3456 286.0
3457 651.0
3458 268.0
3459 338.0
3460 259.0
3461 169.0
3462 343.0
3463 387.0
3464 427.0
3465 0.0
3466 281.0
3467 335.0
3468 651.0
3469 390.0
3470 275.0
3471 332.0
3472 285.0
3473 257.0
3474 575.0
3475 290.0
3476 390.0
3477 286.0
3478 575.0
3479 309.0
3480 283.0
3481 269.0
3482 575.0
3483 180.0
3484 283.0
3485 427.0
3486 285.0
3487 414.0
3488 180.0
3489 293.0
3490 287.0
3491 267.0
3492 651.0
3493 262.0
3494 267.0
3495 0.0
3496 276.0
3497 414.0
3498 339.0
3499 280.0
3500 255.0
3501 180.0
3502 0.0
3503 294.0
3504 0.0
3505 575.0
3506 276.0
3507 285.0
3508 267.0
3509 262.0
3510 333.0
3511 294.0
3512 414.0
3513 559.0
3514 563.0
3515 287.0
3516 0.0
3517 267.0
3518 338.0
3519 651.0
3520 575.0
3521 158.0
3522 280.0
3523 267.0
3524 0.0
3525 290.0
3526 267.0
3527 390.0
3528 272.0
3529 651.0
3530 180.0
3531 268.0
3532 292.0
3533 267.0
3534 180.0
3535 0.0
3536 395.0
3537 575.0
3538 286.0
3539 180.0
3540 293.0
3541 286.0
3542 390.0
3543 268.0
3544 387.0
3545 318.0
3546 174.0
3547 267.0
3548 267.0
3549 115.0
3550 264.0
3551 278.0
3552 274.0
3553 0.0
3554 427.0
3555 180.0
3556 383.0
3557 356.0
3558 281.0
3559 390.0
3560 262.0
3561 333.0
3562 280.0
3563 286.0
3564 277.0
3565 563.0
3566 275.0
3567 309.0
3568 651.0
3569 304.0
3570 651.0
3571 575.0
3572 291.0
3573 285.0
3574 267.0
3575 280.0
3576 338.0
3577 651.0
3578 651.0
3579 291.0
3580 651.0
3581 0.0
3582 567.0
3583 264.0
3584 651.0
3585 180.0
3586 350.0
3587 294.0
3588 414.0
3589 286.0
3590 0.0
3591 288.0
3592 285.0
3593 651.0
3594 559.0
3595 427.0
3596 559.0
3597 0.0
3598 267.0
3599 414.0
3600 286.0
3601 280.0
3602 283.0
3603 267.0
3604 0.0
3605 391.0
3606 180.0
3607 651.0
3608 267.0
3609 286.0
3610 390.0
3611 268.0
3612 338.0
3613 259.0
3614 356.0
3615 350.0
3616 387.0
3617 279.0
3618 274.0
3619 281.0
3620 349.0
3621 651.0
3622 651.0
3623 191.0
3624 285.0
3625 290.0
3626 292.0
3627 290.0
3628 290.0
3629 651.0
3630 286.0
3631 651.0
3632 651.0
3633 567.0
3634 269.0
3635 651.0
3636 180.0
3637 286.0
3638 291.0
3639 281.0
3640 280.0
3641 0.0
3642 288.0
3643 287.0
3644 267.0
3645 382.0
3646 575.0
3647 318.0
3648 0.0
3649 288.0
3650 286.0
3651 282.0
3652 273.0
3653 287.0
3654 284.0
3655 0.0
3656 280.0
3657 32.0
3658 318.0
3659 0.0
3660 278.0
3661 267.0
3662 33.0
3663 338.0
3664 279.0
3665 180.0
3666 559.0
3667 651.0
3668 32.0
3669 285.0
3670 281.0
3671 351.0
3672 651.0
3673 390.0
3674 276.0
3675 332.0
3676 285.0
3677 427.0
3678 290.0
3679 651.0
3680 390.0
3681 291.0
3682 651.0
3683 294.0
3684 567.0
3685 427.0
3686 651.0
3687 180.0
3688 414.0
3689 395.0
3690 285.0
3691 268.0
3692 158.0
3693 286.0
3694 291.0
3695 267.0
3696 575.0
3697 262.0
3698 427.0
3699 38.0
3700 276.0
3701 269.0
3702 0.0
3703 280.0
3704 251.0
3705 260.0
3706 0.0
3707 390.0
3708 0.0
3709 575.0
3710 288.0
3711 291.0
3712 267.0
3713 262.0
3714 343.0
3715 276.0
3716 286.0
3717 274.0
3718 555.0
3719 278.0
3720 192.0
3721 267.0
3722 338.0
3723 651.0
3724 651.0
3725 180.0
3726 290.0
3727 267.0
3728 0.0
3729 278.0
3730 267.0
3731 651.0
3732 291.0
3733 651.0
3734 290.0
3735 283.0
3736 300.0
3737 651.0
3738 283.0
3739 265.0
3740 395.0
3741 267.0
3742 286.0
3743 191.0
3744 286.0
3745 267.0
3746 575.0
3747 390.0
3748 575.0
3749 651.0
3750 0.0
3751 269.0
3752 286.0
3753 287.0
3754 280.0
3755 278.0
3756 281.0
3757 292.0
3758 427.0
3759 180.0
3760 383.0
3761 271.0
3762 356.0
3763 267.0
3764 268.0
3765 343.0
3766 293.0
3767 419.0
3768 343.0
3769 390.0
3770 0.0
3771 192.0
3772 267.0
3773 304.0
3774 651.0
3775 575.0
3776 279.0
3777 285.0
3778 651.0
3779 0.0
3780 651.0
3781 651.0
3782 651.0
3783 414.0
3784 651.0
3785 180.0
3786 283.0
3787 267.0
3788 651.0
3789 0.0
3790 286.0
3791 298.0
3792 267.0
3793 283.0
3794 0.0
3795 293.0
3796 286.0
3797 575.0
3798 390.0
3799 267.0
3800 318.0
3801 33.0
3802 276.0
3803 286.0
3804 180.0
3805 202.0
3806 295.0
3807 279.0
3808 0.0
3809 390.0
3810 174.0
3811 318.0
3812 180.0
3813 286.0
3814 651.0
3815 268.0
3816 338.0
3817 279.0
3818 286.0
3819 350.0
3820 651.0
3821 285.0
3822 305.0
3823 290.0
3824 109.0
3825 651.0
3826 651.0
3827 353.0
3828 285.0
3829 290.0
3830 427.0
3831 275.0
3832 290.0
3833 651.0
3834 414.0
3835 651.0
3836 290.0
3837 567.0
3838 269.0
3839 651.0
3840 283.0
3841 414.0
3842 300.0
3843 343.0
3844 286.0
3845 304.0
3846 293.0
3847 284.0
3848 267.0
3849 575.0
3850 267.0
3851 651.0
3852 174.0
3853 288.0
3854 414.0
3855 287.0
3856 291.0
3857 283.0
3858 267.0
3859 0.0
3860 280.0
3861 33.0
3862 383.0
3863 38.0
3864 414.0
3865 294.0
3866 262.0
3867 343.0
3868 259.0
3869 286.0
3870 277.0
3871 651.0
3872 32.0
3873 305.0
3874 651.0
3875 345.0
3876 651.0
3877 651.0
3878 169.0
3879 332.0
3880 563.0
3881 0.0
3882 338.0
3883 651.0
3884 575.0
3885 291.0
3886 651.0
3887 298.0
3888 575.0
3889 427.0
3890 651.0
3891 283.0
3892 414.0
3893 274.0
3894 280.0
3895 272.0
3896 191.0
3897 0.0
3898 291.0
3899 651.0
3900 575.0
3901 262.0
3902 559.0
3903 0.0
3904 259.0
3905 281.0
3906 0.0
3907 202.0
3908 283.0
3909 264.0
3910 0.0
3911 427.0
3912 33.0
3913 318.0
3914 271.0
3915 158.0
3916 651.0
3917 268.0
3918 330.0
3919 280.0
3920 286.0
3921 275.0
3922 651.0
3923 285.0
3924 305.0
3925 267.0
3926 395.0
3927 651.0
3928 651.0
3929 169.0
3930 332.0
3931 651.0
3932 276.0
3933 294.0
3934 267.0
3935 651.0
3936 414.0
3937 651.0
3938 290.0
3939 283.0
3940 427.0
3941 651.0
3942 267.0
3943 286.0
3944 558.0
3945 280.0
3946 286.0
3947 158.0
3948 2.0
3949 286.0
3950 390.0
3951 390.0
3952 267.0
3953 318.0
3954 0.0
3955 288.0
3956 414.0
3957 38.0
3958 180.0
3959 44.0
3960 256.0
3961 257.0
3962 279.0
3963 174.0
3964 318.0
3965 288.0
3966 286.0
3967 651.0
3968 33.0
3969 338.0
3970 281.0
3971 414.0
3972 293.0
3973 390.0
3974 185.0
3975 305.0
3976 267.0
3977 351.0
3978 651.0
3979 651.0
3980 0.0
3981 383.0
3982 651.0
3983 427.0
3984 294.0
3985 651.0
3986 651.0
3987 267.0
3988 651.0
3989 283.0
3990 280.0
3991 280.0
3992 651.0
3993 180.0
3994 286.0
3995 300.0
3996 651.0
3997 283.0
3998 0.0
3999 293.0
4000 290.0
4001 651.0
4002 651.0
4003 414.0
4004 427.0
4005 174.0
4006 288.0
4007 414.0
4008 169.0
4009 269.0
4010 255.0
4011 274.0
4012 0.0
4013 390.0
4014 32.0
4015 383.0
4016 0.0
4017 285.0
4018 390.0
4019 262.0
4020 651.0
4021 259.0
4022 281.0
4023 350.0
4024 567.0
4025 287.0
4026 326.0
4027 281.0
4028 351.0
4029 651.0
4030 651.0
4031 180.0
4032 285.0
4033 294.0
4034 280.0
4035 267.0
4036 651.0
4037 651.0
4038 281.0
4039 575.0
4040 282.0
4041 651.0
4042 387.0
4043 651.0
4044 414.0
4045 286.0
4046 427.0
4047 343.0
4048 275.0
4049 191.0
4050 293.0
4051 433.0
4052 267.0
4053 575.0
4054 267.0
4055 559.0
4056 280.0
4057 288.0
4058 575.0
4059 169.0
4060 287.0
4061 283.0
4062 290.0
4063 292.0
4064 269.0
4065 180.0
4066 318.0
4067 279.0
4068 414.0
4069 651.0
4070 268.0
4071 343.0
4072 575.0
4073 414.0
4074 275.0
4075 651.0
4076 234.0
4077 192.0
4078 281.0
4079 298.0
4080 651.0
4081 651.0
4082 169.0
4083 332.0
4084 651.0
4085 276.0
4086 575.0
4087 651.0
4088 575.0
4089 290.0
4090 651.0
4091 338.0
4092 567.0
4093 575.0
4094 651.0
4095 283.0
4096 267.0
4097 280.0
4098 651.0
4099 286.0
4100 0.0
4101 0.0
4102 291.0
4103 390.0
4104 575.0
4105 262.0
4106 264.0
4107 274.0
4108 300.0
4109 334.0
4110 38.0
4111 180.0
4112 44.0
4113 256.0
4114 292.0
4115 391.0
4116 180.0
4117 318.0
4118 267.0
4119 423.0
4120 651.0
4121 268.0
4122 338.0
4123 281.0
4124 356.0
4125 284.0
4126 390.0
4127 272.0
4128 286.0
4129 390.0
4130 298.0
4131 651.0
4132 651.0
4133 289.0
4134 290.0
4135 267.0
4136 267.0
4137 575.0
4138 651.0
4139 390.0
4140 294.0
4141 651.0
4142 283.0
4143 290.0
4144 563.0
4145 651.0
4146 180.0
4147 281.0
4148 395.0
4149 651.0
4150 268.0
4151 0.0
4152 25.0
4153 284.0
4154 267.0
4155 390.0
4156 575.0
4157 575.0
4158 0.0
4159 276.0
4160 390.0
4161 169.0
4162 263.0
4163 423.0
4164 651.0
4165 180.0
4166 279.0
4167 0.0
4168 318.0
4169 567.0
4170 285.0
4171 651.0
4172 268.0
4173 338.0
4174 575.0
4175 356.0
4176 275.0
4177 651.0
4178 285.0
4179 286.0
4180 267.0
4181 313.0
4182 651.0
4183 575.0
4184 180.0
4185 285.0
4186 294.0
4187 419.0
4188 338.0
4189 651.0
4190 651.0
4191 267.0
4192 575.0
4193 651.0
4194 280.0
4195 390.0
4196 651.0
4197 0.0
4198 286.0
4199 427.0
4200 343.0
4201 280.0
4202 180.0
4203 293.0
4204 291.0
4205 267.0
4206 651.0
4207 414.0
4208 427.0
4209 264.0
4210 269.0
4211 414.0
4212 282.0
4213 267.0
4214 295.0
4215 261.0
4216 283.0
4217 391.0
4218 289.0
4219 328.0
4220 288.0
4221 423.0
4222 651.0
4223 262.0
4224 343.0
4225 338.0
4226 281.0
4227 256.0
4228 651.0
4229 32.0
4230 309.0
4231 267.0
4232 351.0
4233 651.0
4234 651.0
4235 180.0
4236 383.0
4237 294.0
4238 280.0
4239 338.0
4240 651.0
4241 651.0
4242 267.0
4243 267.0
4244 298.0
4245 280.0
4246 390.0
4247 651.0
4248 180.0
4249 414.0
4250 427.0
4251 343.0
4252 286.0
4253 191.0
4254 25.0
4255 287.0
4256 290.0
4257 575.0
4258 427.0
4259 318.0
4260 274.0
4261 555.0
4262 291.0
4263 38.0
4264 264.0
4265 251.0
4266 256.0
4267 20.0
4268 249.0
4269 191.0
4270 327.0
4271 267.0
4272 286.0
4273 651.0
4274 262.0
4275 395.0
4276 281.0
4277 356.0
4278 275.0
4279 387.0
4280 234.0
4281 309.0
4282 651.0
4283 338.0
4284 651.0
4285 651.0
4286 169.0
4287 383.0
4288 267.0
4289 280.0
4290 267.0
4291 651.0
4292 390.0
4293 294.0
4294 651.0
4295 298.0
4296 651.0
4297 575.0
4298 651.0
4299 180.0
4300 414.0
4301 274.0
4302 267.0
4303 286.0
4304 0.0
4305 344.0
4306 274.0
4307 267.0
4308 651.0
4309 427.0
4310 338.0
4311 174.0
4312 294.0
4313 287.0
4314 2.0
4315 280.0
4316 273.0
4317 281.0
4318 292.0
4319 249.0
4320 0.0
4321 319.0
4322 267.0
4323 164.0
4324 651.0
4325 32.0
4326 338.0
4327 281.0
4328 414.0
4329 350.0
4330 567.0
4331 285.0
4332 285.0
4333 390.0
4334 314.0
4335 651.0
4336 575.0
4337 180.0
4338 285.0
4339 267.0
4340 561.0
4341 575.0
4342 651.0
4343 575.0
4344 294.0
4345 651.0
4346 338.0
4347 294.0
4348 651.0
4349 651.0
4350 169.0
4351 267.0
4352 280.0
4353 651.0
4354 280.0
4355 300.0
4356 293.0
4357 284.0
4358 575.0
4359 575.0
4360 651.0
4361 427.0
4362 33.0
4363 395.0
4364 414.0
4365 169.0
4366 267.0
4367 255.0
4368 284.0
4369 292.0
4370 279.0
4371 0.0
4372 319.0
4373 288.0
4374 301.0
4375 651.0
4376 33.0
4377 651.0
4378 267.0
4379 414.0
4380 575.0
4381 567.0
4382 279.0
4383 326.0
4384 651.0
4385 313.0
4386 651.0
4387 651.0
4388 395.0
4389 332.0
4390 285.0
4391 267.0
4392 575.0
4393 651.0
4394 651.0
4395 651.0
4396 651.0
4397 338.0
4398 651.0
4399 318.0
4400 651.0
4401 169.0
4402 290.0
4403 300.0
4404 651.0
4405 414.0
4406 191.0
4407 87.0
4408 287.0
4409 390.0
4410 575.0
4411 262.0
4412 427.0
4413 0.0
4414 267.0
4415 339.0
4416 287.0
4417 259.0
4418 295.0
4419 256.0
4420 264.0
4421 262.0
4422 290.0
4423 301.0
4424 288.0
4425 286.0
4426 651.0
4427 262.0
4428 330.0
4429 276.0
4430 261.0
4431 277.0
4432 387.0
4433 267.0
4434 274.0
4435 651.0
4436 281.0
4437 651.0
4438 651.0
4439 169.0
4440 383.0
4441 267.0
4442 267.0
4443 651.0
4444 575.0
4445 651.0
4446 267.0
4447 651.0
4448 290.0
4449 390.0
4450 267.0
4451 651.0
4452 180.0
4453 414.0
4454 274.0
4455 575.0
4456 286.0
4457 158.0
4458 2.0
4459 290.0
4460 651.0
4461 651.0
4462 387.0
4463 318.0
4464 0.0
4465 288.0
4466 98.0
4467 0.0
4468 280.0
4469 254.0
4470 281.0
4471 0.0
4472 180.0
4473 180.0
4474 383.0
4475 356.0
4476 290.0
4477 651.0
4478 269.0
4479 338.0
4480 575.0
4481 414.0
4482 343.0
4483 563.0
4484 234.0
4485 0.0
4486 651.0
4487 313.0
4488 651.0
4489 651.0
4490 169.0
4491 285.0
4492 267.0
4493 280.0
4494 390.0
4495 651.0
4496 390.0
4497 294.0
4498 294.0
4499 338.0
4500 651.0
4501 651.0
4502 651.0
4503 180.0
4504 290.0
4505 291.0
4506 390.0
4507 268.0
4508 0.0
4509 293.0
4510 265.0
4511 267.0
4512 651.0
4513 267.0
4514 427.0
4515 38.0
4516 288.0
4517 0.0
4518 286.0
4519 269.0
4520 294.0
4521 281.0
4522 292.0
4523 327.0
4524 0.0
4525 319.0
4526 267.0
4527 414.0
4528 651.0
4529 268.0
4530 338.0
4531 575.0
4532 414.0
4533 343.0
4534 555.0
4535 285.0
4536 326.0
4537 390.0
4538 98.0
4539 651.0
4540 651.0
4541 180.0
4542 290.0
4543 285.0
4544 575.0
4545 427.0
4546 651.0
4547 575.0
4548 651.0
4549 267.0
4550 338.0
4551 294.0
4552 651.0
4553 651.0
4554 651.0
4555 414.0
4556 298.0
4557 267.0
4558 286.0
4559 191.0
4560 293.0
4561 286.0
4562 651.0
4563 575.0
4564 414.0
4565 427.0
4566 0.0
4567 395.0
4568 191.0
4569 286.0
4570 280.0
4571 290.0
4572 256.0
4573 291.0
4574 266.0
4575 0.0
4576 328.0
4577 279.0
4578 414.0
4579 651.0
4580 268.0
4581 330.0
4582 294.0
4583 423.0
4584 390.0
4585 286.0
4586 279.0
4587 247.0
4588 651.0
4589 335.0
4590 651.0
4591 651.0
4592 169.0
4593 332.0
4594 285.0
4595 419.0
4596 390.0
4597 651.0
4598 651.0
4599 267.0
4600 651.0
4601 290.0
4602 651.0
4603 651.0
4604 558.0
4605 169.0
4606 414.0
4607 651.0
4608 267.0
4609 286.0
4610 360.0
4611 332.0
4612 287.0
4613 390.0
4614 651.0
4615 290.0
4616 318.0
4617 0.0
4618 555.0
4619 286.0
4620 0.0
4621 294.0
4622 280.0
4623 651.0
4624 255.0
4625 32.0
4626 180.0
4627 328.0
4628 213.0
4629 285.0
4630 651.0
4631 262.0
4632 330.0
4633 651.0
4634 419.0
4635 267.0
4636 387.0
4637 234.0
4638 0.0
4639 563.0
4640 298.0
4641 651.0
4642 651.0
4643 169.0
4644 383.0
4645 267.0
4646 419.0
4647 387.0
4648 651.0
4649 651.0
4650 567.0
4651 390.0
4652 290.0
4653 567.0
4654 651.0
4655 651.0
4656 180.0
4657 286.0
4658 274.0
4659 281.0
4660 414.0
4661 0.0
4662 2.0
4663 261.0
4664 267.0
4665 651.0
4666 290.0
4667 427.0
4668 38.0
4669 294.0
4670 266.0
4671 338.0
4672 259.0
4673 185.0
4674 284.0
4675 269.0
4676 269.0
4677 286.0
4678 319.0
4679 267.0
4680 414.0
4681 651.0
4682 283.0
4683 338.0
4684 575.0
4685 277.0
4686 343.0
4687 280.0
4688 234.0
4689 326.0
4690 290.0
4691 158.0
4692 651.0
4693 651.0
4694 169.0
4695 294.0
4696 267.0
4697 280.0
4698 561.0
4699 651.0
4700 390.0
4701 561.0
4702 651.0
4703 651.0
4704 294.0
4705 651.0
4706 575.0
4707 180.0
4708 285.0
4709 267.0
4710 281.0
4711 293.0
4712 298.0
4713 283.0
4714 267.0
4715 267.0
4716 575.0
4717 267.0
4718 427.0
4719 43.0
4720 294.0
4721 270.0
4722 286.0
4723 269.0
4724 251.0
4725 387.0
4726 153.0
4727 291.0
4728 0.0
4729 301.0
4730 278.0
4731 423.0
4732 651.0
4733 32.0
4734 338.0
4735 294.0
4736 356.0
4737 390.0
4738 555.0
4739 427.0
4740 309.0
4741 563.0
4742 290.0
4743 651.0
4744 651.0
4745 169.0
4746 390.0
4747 285.0
4748 280.0
4749 414.0
4750 651.0
4751 651.0
4752 561.0
4753 651.0
4754 338.0
4755 390.0
4756 651.0
4757 267.0
4758 169.0
4759 286.0
4760 427.0
4761 290.0
4762 267.0
4763 191.0
4764 269.0
4765 287.0
4766 281.0
4767 651.0
4768 267.0
4769 390.0
4770 0.0
4771 555.0
4772 339.0
4773 327.0
4774 427.0
4775 251.0
4776 414.0
4777 147.0
4778 291.0
4779 180.0
4780 383.0
4781 158.0
4782 414.0
4783 651.0
4784 235.0
4785 651.0
4786 651.0
4787 286.0
4788 277.0
4789 387.0
4790 280.0
4791 192.0
4792 651.0
4793 298.0
4794 651.0
4795 651.0
4796 169.0
4797 383.0
4798 267.0
4799 419.0
4800 575.0
4801 390.0
4802 651.0
4803 331.0
4804 390.0
4805 290.0
4806 567.0
4807 651.0
4808 651.0
4809 180.0
4810 267.0
4811 427.0
4812 414.0
4813 286.0
4814 0.0
4815 259.0
4816 651.0
4817 285.0
4818 651.0
4819 290.0
4820 318.0
4821 38.0
4822 555.0
4823 414.0
4824 287.0
4825 202.0
4826 356.0
4827 267.0
4828 0.0
4829 297.0
4830 180.0
4831 319.0
4832 271.0
4833 278.0
4834 651.0
4835 262.0
4836 330.0
4837 575.0
4838 0.0
4839 575.0
4840 329.0
4841 234.0
4842 285.0
4843 651.0
4844 259.0
4845 651.0
4846 651.0
4847 169.0
4848 651.0
4849 651.0
4850 419.0
4851 280.0
4852 651.0
4853 651.0
4854 563.0
4855 651.0
4856 558.0
4857 390.0
4858 651.0
4859 575.0
4860 287.0
4861 414.0
4862 274.0
4863 281.0
4864 280.0
4865 0.0
4866 286.0
4867 274.0
4868 267.0
4869 575.0
4870 290.0
4871 318.0
4872 38.0
4873 651.0
4874 285.0
4875 286.0
4876 651.0
4877 294.0
4878 281.0
4879 255.0
4880 391.0
4881 0.0
4882 319.0
4883 0.0
4884 414.0
4885 651.0
4886 32.0
4887 338.0
4888 575.0
4889 164.0
4890 343.0
4891 555.0
4892 285.0
4893 326.0
4894 651.0
4895 98.0
4896 651.0
4897 651.0
4898 169.0
4899 387.0
4900 390.0
4901 280.0
4902 427.0
4903 267.0
4904 390.0
4905 390.0
4906 651.0
4907 332.0
4908 395.0
4909 651.0
4910 651.0
4911 158.0
4912 414.0
4913 280.0
4914 281.0
4915 298.0
4916 180.0
4917 293.0
4918 286.0
4919 651.0
4920 575.0
4921 267.0
4922 267.0
4923 0.0
4924 395.0
4925 319.0
4926 339.0
4927 280.0
4928 356.0
4929 267.0
4930 158.0
4931 291.0
4932 180.0
4933 319.0
4934 271.0
4935 286.0
4936 651.0
4937 32.0
4938 338.0
4939 651.0
4940 288.0
4941 575.0
4942 280.0
4943 279.0
4944 192.0
4945 563.0
4946 335.0
4947 651.0
4948 651.0
4949 169.0
4950 290.0
4951 267.0
4952 280.0
4953 414.0
4954 651.0
4955 390.0
4956 387.0
4957 390.0
4958 262.0
4959 395.0
4960 390.0
4961 390.0
4962 286.0
4963 267.0
4964 427.0
4965 414.0
4966 267.0
4967 180.0
4968 293.0
4969 433.0
4970 285.0
4971 575.0
4972 267.0
4973 427.0
4974 174.0
4975 651.0
4976 339.0
4977 287.0
4978 280.0
4979 251.0
4980 414.0
4981 255.0
4982 427.0
4983 180.0
4984 651.0
4985 267.0
4986 180.0
4987 651.0
4988 268.0
4989 287.0
4990 575.0
4991 286.0
4992 277.0
4993 567.0
4994 32.0
4995 245.0
4996 290.0
4997 256.0
4998 651.0
4999 651.0
5000 0.0
5001 383.0
5002 267.0
5003 419.0
5004 280.0
5005 651.0
5006 563.0
5007 414.0
5008 651.0
5009 298.0
5010 390.0
5011 651.0
5012 575.0
5013 267.0
5014 414.0
5015 280.0
5016 387.0
5017 286.0
5018 0.0
5019 0.0
5020 290.0
5021 285.0
5022 390.0
5023 285.0
5024 559.0
5025 38.0
5026 651.0
5027 651.0
5028 284.0
5029 267.0
5030 284.0
5031 284.0
5032 180.0
5033 30.0
5034 0.0
5035 383.0
5036 0.0
5037 290.0
5038 651.0
5039 236.0
5040 325.0
5041 575.0
5042 414.0
5043 267.0
5044 340.0
5045 398.0
5046 326.0
5047 290.0
5048 98.0
5049 651.0
5050 651.0
5051 169.0
5052 390.0
5053 651.0
5054 419.0
5055 280.0
5056 651.0
5057 563.0
5058 414.0
5059 651.0
5060 338.0
5061 294.0
5062 651.0
5063 575.0
5064 266.0
5065 286.0
5066 280.0
5067 281.0
5068 298.0
5069 158.0
5070 286.0
5071 285.0
5072 267.0
5073 390.0
5074 267.0
5075 318.0
5076 0.0
5077 567.0
5078 290.0
5079 286.0
5080 555.0
5081 280.0
5082 387.0
5083 292.0
5084 427.0
5085 0.0
5086 267.0
5087 271.0
5088 286.0
5089 651.0
5090 414.0
5091 338.0
5092 294.0
5093 288.0
5094 343.0
5095 387.0
5096 335.0
5097 326.0
5098 267.0
5099 298.0
5100 651.0
