1 203.0
2 203.0
3 93.0
4 203.0
5 203.0
6 203.0
7 203.0
8 18.0
9 203.0
10 203.0
11 203.0
12 203.0
13 28.0
14 251.0
15 100.0
16 204.0
17 34.0
18 203.0
19 203.0
20 203.0
21 203.0
22 89.0
23 25.0
24 67.0
25 203.0
26 63.0
27 203.0
28 203.0
29 251.0
30 40.0
31 203.0
32 203.0
33 203.0
34 98.0
35 30.0
36 203.0
37 0.0
38 0.0
39 25.0
40 32.0
41 203.0
42 38.0
43 251.0
44 49.0
45 203.0
46 0.0
47 0.0
48 32.0
49 251.0
50 203.0
51 203.0
52 203.0
53 203.0
54 203.0
55 203.0
56 251.0
57 203.0
58 203.0
59 0.0
60 55.0
61 203.0
62 203.0
63 175.0
64 12.0
65 203.0
66 203.0
67 251.0
68 203.0
69 33.0
70 0.0
71 177.0
72 44.0
73 33.0
74 204.0
75 203.0
76 63.0
77 1.0
78 111.0
79 30.0
80 33.0
81 203.0
82 38.0
83 49.0
84 38.0
85 209.0
86 203.0
87 203.0
88 47.0
89 203.0
90 76.0
91 52.0
92 32.0
93 3.0
94 38.0
95 38.0
96 12.0
97 60.0
98 203.0
99 363.0
100 203.0
101 87.0
102 203.0
103 56.0
104 203.0
105 203.0
106 136.0
107 251.0
108 0.0
109 0.0
110 176.0
111 203.0
112 203.0
113 33.0
114 203.0
115 52.0
116 203.0
117 203.0
118 23.0
119 26.0
120 204.0
121 0.0
122 0.0
123 56.0
124 14.0
125 49.0
126 203.0
127 203.0
128 158.0
129 0.0
130 33.0
131 203.0
132 204.0
133 203.0
134 203.0
135 0.0
136 54.0
137 135.0
138 203.0
139 49.0
140 98.0
141 104.0
142 6.0
143 203.0
144 38.0
145 39.0
146 32.0
147 203.0
148 57.0
149 203.0
150 251.0
151 203.0
152 203.0
153 203.0
154 203.0
155 203.0
156 32.0
157 34.0
158 203.0
159 38.0
160 203.0
161 49.0
162 204.0
163 203.0
164 203.0
165 203.0
166 203.0
167 203.0
168 203.0
169 0.0
170 49.0
171 87.0
172 0.0
173 203.0
174 203.0
175 0.0
176 203.0
177 203.0
178 151.0
179 251.0
180 54.0
181 39.0
182 203.0
183 61.0
184 203.0
185 203.0
186 1.0
187 203.0
188 203.0
189 203.0
190 203.0
191 203.0
192 22.0
193 30.0
194 52.0
195 203.0
196 203.0
197 203.0
198 203.0
199 169.0
200 203.0
201 203.0
202 203.0
203 203.0
204 32.0
205 25.0
206 203.0
207 203.0
208 142.0
209 203.0
210 203.0
211 204.0
212 49.0
213 203.0
214 34.0
215 33.0
216 203.0
217 203.0
218 32.0
219 38.0
220 6.0
221 939.0
222 203.0
223 60.0
224 251.0
225 251.0
226 203.0
227 203.0
228 29.0
229 251.0
230 203.0
231 33.0
232 203.0
233 169.0
234 203.0
235 203.0
236 192.0
237 203.0
238 83.0
239 203.0
240 203.0
241 203.0
242 203.0
243 0.0
244 116.0
245 56.0
246 203.0
247 203.0
248 204.0
249 203.0
250 34.0
251 203.0
252 28.0
253 43.0
254 30.0
255 38.0
256 0.0
257 39.0
258 50.0
259 25.0
260 191.0
261 203.0
262 204.0
263 203.0
264 203.0
265 203.0
266 50.0
267 203.0
268 251.0
269 32.0
270 45.0
271 204.0
272 203.0
273 38.0
274 203.0
275 203.0
276 251.0
277 203.0
278 203.0
279 6.0
280 203.0
281 203.0
282 203.0
283 0.0
284 32.0
285 34.0
286 203.0
287 204.0
288 204.0
289 71.0
290 0.0
291 203.0
292 32.0
293 203.0
294 203.0
295 251.0
296 203.0
297 49.0
298 56.0
299 203.0
300 203.0
301 939.0
302 363.0
303 0.0
304 363.0
305 443.0
306 45.0
307 67.0
308 60.0
309 0.0
310 269.0
311 110.0
312 203.0
313 203.0
314 203.0
315 203.0
316 203.0
317 2.0
318 60.0
319 0.0
320 101.0
321 39.0
322 33.0
323 443.0
324 203.0
325 203.0
326 17.0
327 0.0
328 203.0
329 203.0
330 149.0
331 203.0
332 203.0
333 6.0
334 0.0
335 203.0
336 33.0
337 44.0
338 49.0
339 60.0
340 203.0
341 251.0
342 34.0
343 202.0
344 348.0
345 25.0
346 203.0
347 174.0
348 0.0
349 203.0
350 203.0
351 0.0
352 203.0
353 45.0
354 203.0
355 65.0
356 251.0
357 252.0
358 202.0
359 251.0
360 105.0
361 39.0
362 1.0
363 203.0
364 251.0
365 40.0
366 363.0
367 49.0
368 49.0
369 12.0
370 33.0
371 443.0
372 38.0
373 181.0
374 363.0
375 203.0
376 203.0
377 363.0
378 203.0
379 251.0
380 180.0
381 203.0
382 44.0
383 25.0
384 203.0
385 49.0
386 203.0
387 203.0
388 50.0
389 203.0
390 45.0
391 203.0
392 203.0
393 203.0
394 0.0
395 203.0
396 251.0
397 33.0
398 0.0
399 45.0
400 54.0
401 203.0
402 71.0
403 203.0
404 203.0
405 203.0
406 30.0
407 34.0
408 31.0
409 203.0
410 251.0
411 203.0
412 203.0
413 43.0
414 33.0
415 4.0
416 0.0
417 203.0
418 203.0
419 251.0
420 22.0
421 203.0
422 0.0
423 33.0
424 17.0
425 71.0
426 363.0
427 363.0
428 49.0
429 251.0
430 443.0
431 45.0
432 203.0
433 142.0
434 61.0
435 38.0
436 203.0
437 363.0
438 203.0
439 0.0
440 203.0
441 203.0
442 48.0
443 12.0
444 34.0
445 38.0
446 203.0
447 30.0
448 203.0
449 191.0
450 203.0
451 173.0
452 49.0
453 203.0
454 203.0
455 49.0
456 203.0
457 0.0
458 203.0
459 651.0
460 191.0
461 0.0
462 61.0
463 0.0
464 203.0
465 0.0
466 203.0
467 54.0
468 251.0
469 203.0
470 72.0
471 231.0
472 251.0
473 30.0
474 0.0
475 203.0
476 15.0
477 0.0
478 6.0
479 54.0
480 203.0
481 0.0
482 203.0
483 34.0
484 6.0
485 699.0
486 0.0
487 52.0
488 363.0
489 24.0
490 4.0
491 44.0
492 203.0
493 203.0
494 99.0
495 203.0
496 246.0
497 0.0
498 62.0
499 22.0
500 363.0
501 60.0
502 203.0
503 203.0
504 203.0
505 251.0
506 33.0
507 203.0
508 0.0
509 186.0
510 12.0
511 1.0
512 1.0
513 0.0
514 203.0
515 203.0
516 203.0
517 251.0
518 203.0
519 203.0
520 49.0
521 0.0
522 1435.0
523 203.0
524 443.0
525 203.0
526 191.0
527 0.0
528 39.0
529 203.0
530 203.0
531 8.0
532 203.0
533 32.0
534 203.0
535 0.0
536 251.0
537 251.0
538 203.0
539 38.0
540 49.0
541 203.0
542 363.0
543 203.0
544 203.0
545 443.0
546 34.0
547 363.0
548 38.0
549 169.0
550 203.0
551 0.0
552 203.0
553 6.0
554 363.0
555 180.0
556 34.0
557 363.0
558 203.0
559 1.0
560 38.0
561 191.0
562 234.0
563 203.0
564 12.0
565 203.0
566 251.0
567 203.0
568 32.0
569 230.0
570 0.0
571 67.0
572 203.0
573 251.0
574 25.0
575 363.0
576 203.0
577 203.0
578 363.0
579 203.0
580 251.0
581 17.0
582 159.0
583 39.0
584 251.0
585 1323.0
586 6.0
587 203.0
588 32.0
589 203.0
590 203.0
591 363.0
592 203.0
593 203.0
594 49.0
595 60.0
596 251.0
597 203.0
598 180.0
599 45.0
600 11.0
601 76.0
602 1435.0
603 363.0
604 251.0
605 124.0
606 651.0
607 203.0
608 191.0
609 363.0
610 32.0
611 203.0
612 203.0
613 203.0
614 203.0
615 939.0
616 181.0
617 363.0
618 109.0
619 363.0
620 203.0
621 0.0
622 203.0
623 251.0
624 363.0
625 144.0
626 539.0
627 23.0
628 203.0
629 363.0
630 203.0
631 203.0
632 87.0
633 203.0
634 49.0
635 196.0
636 49.0
637 363.0
638 203.0
639 443.0
640 60.0
641 363.0
642 363.0
643 32.0
644 180.0
645 363.0
646 203.0
647 203.0
648 158.0
649 443.0
650 49.0
651 33.0
652 32.0
653 203.0
654 45.0
655 0.0
656 203.0
657 443.0
658 363.0
659 67.0
660 251.0
661 251.0
662 186.0
663 363.0
664 203.0
665 2155.0
666 363.0
667 44.0
668 203.0
669 203.0
670 158.0
671 33.0
672 203.0
673 1.0
674 443.0
675 203.0
676 203.0
677 33.0
678 363.0
679 203.0
680 1.0
681 363.0
682 203.0
683 44.0
684 203.0
685 363.0
686 49.0
687 363.0
688 54.0
689 363.0
690 203.0
691 60.0
692 363.0
693 1323.0
694 71.0
695 78.0
696 203.0
697 78.0
698 363.0
699 0.0
700 203.0
701 203.0
702 0.0
703 17.0
704 203.0
705 363.0
706 203.0
707 30.0
708 363.0
709 196.0
710 203.0
711 251.0
712 203.0
713 363.0
714 203.0
715 100.0
716 443.0
717 2.0
718 363.0
719 0.0
720 203.0
721 203.0
722 203.0
723 2475.0
724 363.0
725 39.0
726 363.0
727 363.0
728 443.0
729 60.0
730 363.0
731 251.0
732 54.0
733 49.0
734 203.0
735 61.0
736 203.0
737 443.0
738 1.0
739 175.0
740 203.0
741 251.0
742 363.0
743 1.0
744 203.0
745 52.0
746 71.0
747 192.0
748 158.0
749 2.0
750 111.0
751 66.0
752 41.0
753 142.0
754 203.0
755 39.0
756 0.0
757 203.0
758 1435.0
759 251.0
760 635.0
761 939.0
762 58.0
763 121.0
764 443.0
765 35.0
766 34.0
767 25.0
768 38.0
769 363.0
770 203.0
771 443.0
772 203.0
773 363.0
774 72.0
775 251.0
776 204.0
777 203.0
778 188.0
779 25.0
780 130.0
781 203.0
782 203.0
783 251.0
784 203.0
785 0.0
786 251.0
787 252.0
788 363.0
789 363.0
790 363.0
791 363.0
792 11.0
793 363.0
794 203.0
795 49.0
796 443.0
797 203.0
798 203.0
799 204.0
800 1.0
801 443.0
802 443.0
803 203.0
804 203.0
805 363.0
806 251.0
807 203.0
808 363.0
809 34.0
810 203.0
811 363.0
812 0.0
813 203.0
814 0.0
815 251.0
816 203.0
817 203.0
818 363.0
819 251.0
820 203.0
821 203.0
822 0.0
823 363.0
824 104.0
825 443.0
826 203.0
827 635.0
828 1323.0
829 203.0
830 203.0
831 203.0
832 0.0
833 203.0
834 144.0
835 203.0
836 92.0
837 363.0
838 203.0
839 203.0
840 443.0
841 0.0
842 111.0
843 1435.0
844 443.0
845 203.0
846 443.0
847 251.0
848 203.0
849 44.0
850 31.0
851 10.0
852 203.0
853 78.0
854 66.0
855 203.0
856 138.0
857 164.0
858 203.0
859 60.0
860 203.0
861 203.0
862 191.0
863 363.0
864 443.0
865 203.0
866 699.0
867 363.0
868 148.0
869 60.0
870 251.0
871 25.0
872 203.0
873 363.0
874 363.0
875 39.0
876 539.0
877 203.0
878 0.0
879 363.0
880 187.0
881 443.0
882 33.0
883 0.0
884 56.0
885 251.0
886 443.0
887 363.0
888 203.0
889 251.0
890 38.0
891 363.0
892 363.0
893 2173.0
894 146.0
895 49.0
896 363.0
897 203.0
898 33.0
899 363.0
900 45.0
901 0.0
902 38.0
903 2475.0
904 1411.0
905 272.0
906 203.0
907 188.0
908 60.0
909 164.0
910 251.0
911 33.0
912 363.0
913 203.0
914 203.0
915 203.0
916 203.0
917 203.0
918 699.0
919 203.0
920 443.0
921 443.0
922 203.0
923 203.0
924 363.0
925 363.0
926 443.0
927 699.0
928 363.0
929 0.0
930 56.0
931 203.0
932 203.0
933 104.0
934 12.0
935 203.0
936 158.0
937 203.0
938 115.0
939 363.0
940 1291.0
941 0.0
942 60.0
943 180.0
944 363.0
945 251.0
946 251.0
947 203.0
948 203.0
949 363.0
950 251.0
951 49.0
952 203.0
953 363.0
954 363.0
955 203.0
956 38.0
957 169.0
958 49.0
959 92.0
960 251.0
961 203.0
962 1435.0
963 203.0
964 203.0
965 34.0
966 203.0
967 192.0
968 1411.0
969 635.0
970 443.0
971 0.0
972 89.0
973 1707.0
974 0.0
975 443.0
976 939.0
977 203.0
978 0.0
979 1435.0
980 1707.0
981 182.0
982 203.0
983 635.0
984 44.0
985 42.0
986 4096.0
987 204.0
988 203.0
989 55.0
990 363.0
991 251.0
992 38.0
993 1435.0
994 203.0
995 66.0
996 120.0
997 443.0
998 363.0
999 33.0
1000 0.0
1001 203.0
1002 203.0
1003 44.0
1004 39.0
1005 72.0
1006 443.0
1007 33.0
1008 169.0
1009 363.0
1010 203.0
1011 203.0
1012 363.0
1013 98.0
1014 363.0
1015 99.0
1016 32.0
1017 443.0
1018 251.0
1019 363.0
1020 49.0
1021 203.0
1022 203.0
1023 203.0
1024 363.0
1025 251.0
1026 203.0
1027 443.0
1028 78.0
1029 33.0
1030 44.0
1031 443.0
1032 443.0
1033 1435.0
1034 203.0
1035 49.0
1036 363.0
1037 203.0
1038 363.0
1039 180.0
1040 234.0
1041 251.0
1042 251.0
1043 651.0
1044 32.0
1045 204.0
1046 203.0
1047 99.0
1048 60.0
1049 83.0
1050 203.0
1051 651.0
1052 203.0
1053 0.0
1054 325.0
1055 202.0
1056 59.0
1057 60.0
1058 203.0
1059 363.0
1060 363.0
1061 38.0
1062 363.0
1063 202.0
1064 49.0
1065 203.0
1066 61.0
1067 251.0
1068 0.0
1069 111.0
1070 203.0
1071 203.0
1072 635.0
1073 180.0
1074 363.0
1075 19.0
1076 699.0
1077 0.0
1078 251.0
1079 203.0
1080 25.0
1081 0.0
1082 363.0
1083 203.0
1084 267.0
1085 251.0
1086 0.0
1087 363.0
1088 363.0
1089 1595.0
1090 0.0
1091 196.0
1092 363.0
1093 0.0
1094 203.0
1095 203.0
1096 2744.0
1097 699.0
1098 0.0
1099 443.0
1100 364.0
1101 203.0
1102 203.0
1103 203.0
1104 203.0
1105 203.0
1106 60.0
1107 363.0
1108 0.0
1109 125.0
1110 0.0
1111 443.0
1112 252.0
1113 1.0
1114 279.0
1115 30.0
1116 143.0
1117 1771.0
1118 203.0
1119 76.0
1120 203.0
1121 651.0
1122 60.0
1123 6.0
1124 1435.0
1125 203.0
1126 186.0
1127 60.0
1128 93.0
1129 363.0
1130 0.0
1131 363.0
1132 33.0
1133 44.0
1134 203.0
1135 33.0
1136 363.0
1137 65.0
1138 363.0
1139 363.0
1140 203.0
1141 252.0
1142 203.0
1143 203.0
1144 363.0
1145 189.0
1146 203.0
1147 939.0
1148 43.0
1149 363.0
1150 25.0
1151 201.0
1152 251.0
1153 93.0
1154 203.0
1155 1924.0
1156 2.0
1157 163.0
1158 443.0
1159 363.0
1160 363.0
1161 203.0
1162 443.0
1163 203.0
1164 127.0
1165 363.0
1166 6.0
1167 49.0
1168 651.0
1169 175.0
1170 443.0
1171 203.0
1172 0.0
1173 203.0
1174 203.0
1175 363.0
1176 251.0
1177 251.0
1178 71.0
1179 363.0
1180 363.0
1181 25.0
1182 50.0
1183 203.0
1184 60.0
1185 363.0
1186 443.0
1187 0.0
1188 252.0
1189 203.0
1190 251.0
1191 203.0
1192 164.0
1193 699.0
1194 251.0
1195 699.0
1196 363.0
1197 1931.0
1198 0.0
1199 443.0
1200 364.0
1201 203.0
1202 221.0
1203 49.0
1204 4096.0
