1 203.0
2 0.0
3 32.0
4 32.0
5 169.0
6 164.0
7 204.0
8 33.0
9 169.0
10 38.0
11 0.0
12 33.0
13 114.0
14 0.0
15 0.0
16 0.0
17 103.0
18 203.0
19 0.0
20 203.0
21 32.0
22 32.0
23 0.0
24 25.0
25 0.0
26 0.0
27 33.0
28 32.0
29 32.0
30 0.0
31 5.0
32 30.0
33 180.0
34 1.0
35 0.0
36 0.0
37 0.0
38 191.0
39 169.0
40 33.0
41 0.0
42 49.0
43 0.0
44 38.0
45 109.0
46 203.0
47 98.0
48 44.0
49 32.0
50 32.0
51 104.0
52 38.0
53 32.0
54 49.0
55 1.0
56 6.0
57 38.0
58 158.0
59 0.0
60 30.0
61 0.0
62 0.0
63 169.0
64 0.0
65 33.0
66 32.0
67 32.0
68 164.0
69 158.0
70 38.0
71 0.0
72 103.0
73 32.0
74 0.0
75 180.0
76 204.0
77 180.0
78 169.0
79 155.0
80 203.0
81 6.0
82 38.0
83 43.0
84 180.0
85 30.0
86 30.0
87 0.0
88 87.0
89 26.0
90 32.0
91 0.0
92 6.0
93 32.0
94 44.0
95 43.0
96 175.0
97 0.0
98 120.0
99 0.0
100 32.0
101 204.0
102 203.0
103 120.0
104 32.0
105 32.0
106 169.0
107 0.0
108 204.0
109 32.0
110 169.0
111 180.0
112 6.0
113 114.0
114 114.0
115 0.0
116 0.0
117 104.0
118 109.0
119 203.0
120 25.0
121 203.0
122 203.0
123 32.0
124 0.0
125 25.0
126 32.0
127 12.0
128 33.0
129 32.0
130 32.0
131 0.0
132 31.0
133 180.0
134 180.0
135 169.0
136 0.0
137 0.0
138 203.0
139 191.0
140 158.0
141 180.0
142 49.0
143 49.0
144 0.0
145 98.0
146 204.0
147 203.0
148 203.0
149 104.0
150 203.0
151 33.0
152 104.0
153 32.0
154 38.0
155 49.0
156 0.0
157 38.0
158 0.0
159 158.0
160 0.0
161 30.0
162 0.0
163 25.0
164 169.0
165 169.0
166 33.0
167 49.0
168 203.0
169 164.0
170 158.0
171 158.0
172 0.0
173 103.0
174 0.0
175 0.0
176 0.0
177 204.0
178 203.0
179 180.0
180 203.0
181 203.0
182 203.0
183 33.0
184 203.0
185 180.0
186 114.0
187 30.0
188 0.0
189 87.0
190 20.0
191 32.0
192 0.0
193 204.0
194 32.0
195 44.0
196 98.0
197 175.0
198 0.0
199 120.0
200 120.0
201 203.0
202 204.0
203 203.0
204 120.0
205 103.0
206 109.0
207 169.0
208 203.0
209 204.0
210 203.0
211 180.0
212 180.0
213 6.0
214 33.0
215 114.0
216 38.0
217 98.0
218 103.0
219 180.0
220 203.0
221 32.0
222 203.0
223 109.0
224 32.0
225 25.0
226 25.0
227 25.0
228 6.0
229 33.0
230 33.0
231 32.0
232 0.0
233 32.0
234 203.0
235 180.0
236 203.0
237 32.0
238 38.0
239 49.0
240 120.0
241 49.0
242 204.0
243 30.0
244 49.0
245 98.0
246 204.0
247 204.0
248 204.0
249 203.0
250 98.0
251 33.0
252 33.0
253 104.0
254 32.0
255 17.0
256 49.0
257 0.0
258 32.0
259 25.0
260 158.0
261 0.0
262 30.0
263 0.0
264 0.0
265 169.0
266 180.0
267 169.0
268 32.0
269 204.0
270 203.0
271 169.0
272 158.0
273 0.0
274 103.0
275 25.0
276 169.0
277 0.0
278 204.0
279 203.0
280 186.0
281 203.0
282 203.0
283 25.0
284 203.0
285 49.0
286 0.0
287 0.0
288 186.0
289 14.0
290 87.0
291 26.0
292 32.0
293 1.0
294 0.0
295 204.0
296 203.0
297 186.0
298 175.0
299 114.0
300 120.0
301 180.0
302 203.0
303 204.0
304 203.0
305 6.0
306 203.0
307 109.0
308 203.0
309 203.0
310 204.0
311 203.0
312 174.0
313 33.0
314 38.0
315 114.0
316 114.0
317 38.0
318 98.0
319 33.0
320 180.0
321 203.0
322 104.0
323 203.0
324 32.0
325 32.0
326 25.0
327 25.0
328 0.0
329 0.0
330 33.0
331 33.0
332 33.0
333 0.0
334 203.0
335 203.0
336 180.0
337 203.0
338 203.0
339 38.0
340 6.0
341 203.0
342 204.0
343 204.0
344 38.0
345 0.0
346 204.0
347 204.0
348 204.0
349 204.0
350 203.0
351 251.0
352 32.0
353 204.0
354 104.0
355 33.0
356 169.0
357 49.0
358 6.0
359 38.0
360 33.0
361 158.0
362 0.0
363 30.0
364 0.0
365 0.0
366 180.0
367 180.0
368 180.0
369 49.0
370 204.0
371 203.0
372 164.0
373 251.0
374 0.0
375 103.0
376 38.0
377 109.0
378 0.0
379 204.0
380 180.0
381 175.0
382 162.0
383 203.0
384 203.0
385 203.0
386 49.0
387 158.0
388 186.0
389 180.0
390 114.0
391 87.0
392 30.0
393 32.0
394 1.0
395 6.0
396 0.0
397 98.0
398 114.0
399 175.0
400 33.0
401 185.0
402 38.0
403 203.0
404 251.0
405 203.0
406 6.0
407 203.0
408 203.0
409 203.0
410 203.0
411 204.0
412 32.0
413 32.0
414 169.0
415 0.0
416 38.0
417 114.0
418 38.0
419 0.0
420 180.0
421 203.0
422 203.0
423 38.0
424 203.0
425 33.0
426 32.0
427 25.0
428 25.0
429 34.0
430 0.0
431 33.0
432 33.0
433 25.0
434 203.0
435 203.0
436 203.0
437 169.0
438 203.0
439 203.0
440 38.0
441 120.0
442 0.0
443 204.0
444 204.0
445 33.0
446 204.0
447 204.0
448 204.0
449 31.0
450 204.0
451 203.0
452 0.0
453 25.0
454 203.0
455 33.0
456 25.0
457 30.0
458 33.0
459 0.0
460 6.0
461 158.0
462 158.0
463 0.0
464 30.0
465 0.0
466 109.0
467 180.0
468 180.0
469 180.0
470 43.0
471 203.0
472 203.0
473 203.0
474 98.0
475 204.0
476 103.0
477 98.0
478 180.0
479 180.0
480 204.0
481 203.0
482 25.0
483 203.0
484 203.0
485 203.0
486 203.0
487 169.0
488 120.0
489 109.0
490 186.0
491 186.0
492 120.0
493 30.0
494 32.0
495 32.0
496 204.0
497 204.0
498 204.0
499 109.0
500 186.0
501 204.0
502 30.0
503 191.0
504 32.0
505 251.0
506 203.0
507 38.0
508 32.0
509 32.0
510 203.0
511 204.0
512 204.0
513 33.0
514 180.0
515 180.0
516 0.0
517 114.0
518 114.0
519 109.0
520 180.0
521 30.0
522 103.0
523 203.0
524 33.0
525 203.0
526 109.0
527 30.0
528 0.0
529 43.0
530 43.0
531 0.0
532 33.0
533 32.0
534 203.0
535 203.0
536 203.0
537 203.0
538 203.0
539 203.0
540 203.0
541 203.0
542 49.0
543 204.0
544 104.0
545 204.0
546 0.0
547 203.0
548 204.0
549 203.0
550 204.0
551 204.0
552 203.0
553 98.0
554 0.0
555 33.0
556 204.0
557 38.0
558 17.0
559 104.0
560 49.0
561 25.0
562 25.0
563 158.0
564 158.0
565 30.0
566 20.0
567 109.0
568 25.0
569 180.0
570 180.0
571 203.0
572 203.0
573 203.0
574 204.0
575 158.0
576 0.0
577 30.0
578 152.0
579 158.0
580 0.0
581 204.0
582 33.0
583 175.0
584 203.0
585 203.0
586 203.0
587 169.0
588 203.0
589 0.0
590 180.0
591 0.0
592 203.0
593 203.0
594 203.0
595 32.0
596 0.0
597 204.0
598 0.0
599 204.0
600 0.0
601 204.0
602 204.0
603 204.0
604 98.0
605 32.0
606 251.0
607 203.0
608 38.0
609 60.0
610 109.0
611 203.0
612 19.0
613 204.0
614 203.0
615 169.0
616 180.0
617 6.0
618 114.0
619 114.0
620 0.0
621 180.0
622 203.0
623 203.0
624 203.0
625 104.0
626 203.0
627 203.0
628 98.0
629 38.0
630 0.0
631 43.0
632 6.0
633 33.0
634 203.0
635 203.0
636 203.0
637 169.0
638 203.0
639 203.0
640 203.0
641 251.0
642 0.0
643 204.0
644 204.0
645 204.0
646 185.0
647 203.0
648 203.0
649 204.0
650 204.0
651 204.0
652 203.0
653 6.0
654 32.0
655 0.0
656 38.0
657 203.0
658 0.0
659 49.0
660 180.0
661 0.0
662 25.0
663 25.0
664 158.0
665 32.0
666 158.0
667 180.0
668 0.0
669 180.0
670 180.0
671 204.0
672 203.0
673 204.0
674 169.0
675 164.0
676 251.0
677 30.0
678 30.0
679 0.0
680 169.0
681 0.0
682 204.0
683 203.0
684 30.0
685 203.0
686 203.0
687 203.0
688 203.0
689 49.0
690 120.0
691 180.0
692 204.0
693 203.0
694 204.0
695 120.0
696 203.0
697 1.0
698 204.0
699 204.0
700 17.0
701 204.0
702 204.0
703 180.0
704 204.0
705 204.0
706 103.0
707 251.0
708 203.0
709 38.0
710 203.0
711 203.0
712 204.0
713 203.0
714 204.0
715 204.0
716 169.0
717 169.0
718 6.0
719 114.0
720 114.0
721 180.0
722 0.0
723 103.0
724 203.0
725 203.0
726 38.0
727 203.0
728 203.0
729 33.0
730 32.0
731 43.0
732 43.0
733 38.0
734 203.0
735 203.0
736 203.0
737 0.0
738 1.0
739 203.0
740 38.0
741 203.0
742 0.0
743 0.0
744 204.0
745 32.0
746 164.0
747 204.0
748 203.0
749 204.0
750 204.0
751 204.0
752 204.0
753 204.0
754 203.0
755 0.0
756 32.0
757 203.0
758 204.0
759 33.0
760 30.0
761 17.0
762 0.0
763 25.0
764 32.0
765 158.0
766 0.0
767 30.0
768 109.0
769 180.0
770 180.0
771 204.0
772 180.0
773 44.0
774 204.0
775 25.0
776 203.0
777 98.0
778 174.0
779 98.0
780 0.0
781 180.0
782 0.0
783 204.0
784 180.0
785 30.0
786 203.0
787 203.0
788 203.0
789 203.0
790 180.0
791 38.0
792 204.0
793 204.0
794 204.0
795 204.0
796 204.0
797 104.0
798 0.0
799 1.0
800 204.0
801 204.0
802 203.0
803 204.0
804 204.0
805 204.0
806 204.0
807 204.0
808 251.0
809 109.0
810 38.0
811 103.0
812 203.0
813 203.0
814 203.0
815 204.0
816 33.0
817 33.0
818 169.0
819 0.0
820 38.0
821 180.0
822 169.0
823 0.0
824 33.0
825 103.0
826 203.0
827 104.0
828 203.0
829 33.0
830 104.0
831 204.0
832 33.0
833 43.0
834 203.0
835 203.0
836 203.0
837 14.0
838 14.0
839 203.0
840 1.0
841 38.0
842 32.0
843 203.0
844 0.0
845 203.0
846 30.0
847 164.0
848 204.0
849 38.0
850 203.0
851 204.0
852 204.0
853 204.0
854 204.0
855 38.0
856 0.0
857 0.0
858 203.0
859 33.0
860 98.0
861 49.0
862 17.0
863 0.0
864 38.0
865 25.0
866 158.0
867 32.0
868 32.0
869 109.0
870 109.0
871 203.0
872 204.0
873 203.0
874 203.0
875 203.0
876 175.0
877 164.0
878 158.0
879 203.0
880 30.0
881 152.0
882 169.0
883 0.0
884 204.0
885 204.0
886 33.0
887 162.0
888 203.0
889 203.0
890 203.0
891 158.0
892 203.0
893 204.0
894 204.0
895 120.0
896 204.0
897 204.0
898 114.0
899 0.0
900 204.0
901 204.0
902 204.0
903 204.0
904 204.0
905 204.0
906 203.0
907 204.0
908 120.0
909 251.0
910 204.0
911 49.0
912 98.0
913 203.0
914 103.0
915 204.0
916 204.0
917 204.0
918 203.0
919 169.0
920 32.0
921 180.0
922 180.0
923 0.0
924 104.0
925 33.0
926 109.0
927 203.0
928 38.0
929 203.0
930 109.0
931 203.0
932 32.0
933 196.0
934 191.0
935 203.0
936 32.0
937 203.0
938 203.0
939 203.0
940 203.0
941 203.0
942 203.0
943 32.0
944 203.0
945 0.0
946 204.0
947 204.0
948 204.0
949 204.0
950 204.0
951 204.0
952 204.0
953 203.0
954 204.0
955 204.0
956 203.0
957 32.0
958 32.0
959 33.0
960 204.0
961 1.0
962 17.0
963 180.0
964 25.0
965 158.0
966 25.0
967 158.0
968 33.0
969 167.0
970 0.0
971 203.0
972 204.0
973 203.0
974 204.0
975 204.0
976 204.0
977 203.0
978 147.0
979 158.0
980 204.0
981 203.0
982 186.0
983 180.0
984 0.0
985 204.0
986 203.0
987 0.0
988 204.0
989 203.0
990 203.0
991 120.0
992 49.0
993 203.0
994 204.0
995 204.0
996 203.0
997 203.0
998 120.0
999 120.0
1000 30.0
1001 204.0
1002 0.0
1003 204.0
1004 203.0
1005 204.0
1006 25.0
1007 203.0
1008 0.0
1009 186.0
1010 251.0
1011 109.0
1012 38.0
1013 203.0
1014 204.0
1015 30.0
1016 0.0
1017 204.0
1018 204.0
1019 204.0
1020 251.0
1021 180.0
1022 33.0
1023 169.0
1024 0.0
1025 32.0
1026 103.0
1027 169.0
1028 203.0
1029 38.0
1030 203.0
1031 33.0
1032 251.0
1033 32.0
1034 203.0
1035 203.0
1036 203.0
1037 25.0
1038 203.0
1039 203.0
1040 203.0
1041 32.0
1042 203.0
1043 203.0
1044 203.0
1045 0.0
1046 0.0
1047 204.0
1048 204.0
1049 204.0
1050 204.0
1051 203.0
1052 204.0
1053 204.0
1054 203.0
1055 31.0
1056 204.0
1057 54.0
1058 32.0
1059 32.0
1060 38.0
1061 204.0
1062 204.0
1063 30.0
1064 180.0
1065 32.0
1066 158.0
1067 25.0
1068 158.0
1069 169.0
1070 180.0
1071 33.0
1072 203.0
1073 204.0
1074 204.0
1075 180.0
1076 204.0
1077 204.0
1078 5.0
1079 251.0
1080 6.0
1081 30.0
1082 163.0
1083 14.0
1084 1.0
1085 204.0
1086 204.0
1087 38.0
1088 0.0
1089 203.0
1090 204.0
1091 6.0
1092 203.0
1093 203.0
1094 33.0
1095 203.0
1096 0.0
1097 204.0
1098 204.0
1099 120.0
1100 109.0
1101 204.0
1102 204.0
1103 204.0
1104 204.0
1105 204.0
1106 204.0
1107 203.0
1108 204.0
1109 104.0
1110 203.0
1111 251.0
1112 109.0
1113 38.0
1114 33.0
1115 109.0
1116 203.0
1117 204.0
1118 204.0
1119 32.0
1120 204.0
1121 203.0
1122 203.0
1123 169.0
1124 169.0
1125 180.0
1126 38.0
1127 203.0
1128 203.0
1129 203.0
1130 104.0
1131 203.0
1132 252.0
1133 114.0
1134 32.0
1135 0.0
1136 203.0
1137 164.0
1138 203.0
1139 203.0
1140 203.0
1141 0.0
1142 1.0
1143 203.0
1144 203.0
1145 0.0
1146 0.0
1147 38.0
1148 204.0
1149 31.0
1150 164.0
1151 204.0
1152 204.0
1153 203.0
1154 204.0
1155 203.0
1156 204.0
1157 204.0
1158 204.0
1159 0.0
1160 251.0
1161 203.0
1162 38.0
1163 33.0
1164 44.0
1165 38.0
1166 0.0
1167 0.0
1168 0.0
1169 169.0
1170 169.0
1171 169.0
1172 203.0
1173 203.0
1174 203.0
1175 204.0
1176 203.0
1177 203.0
1178 204.0
1179 203.0
1180 203.0
1181 156.0
1182 204.0
1183 87.0
1184 14.0
1185 0.0
1186 0.0
1187 204.0
1188 120.0
1189 103.0
1190 155.0
1191 204.0
1192 6.0
1193 203.0
1194 158.0
1195 115.0
1196 204.0
1197 204.0
1198 204.0
1199 204.0
1200 204.0
1201 120.0
1202 1.0
1203 204.0
1204 204.0
1205 204.0
1206 203.0
1207 204.0
1208 204.0
1209 25.0
1210 204.0
1211 204.0
1212 252.0
1213 109.0
1214 38.0
1215 203.0
1216 203.0
1217 204.0
1218 204.0
1219 204.0
1220 204.0
1221 444.0
1222 203.0
1223 30.0
1224 38.0
1225 180.0
1226 169.0
1227 109.0
1228 103.0
1229 203.0
1230 203.0
1231 203.0
1232 203.0
1233 204.0
1234 203.0
1235 169.0
1236 191.0
1237 203.0
1238 203.0
1239 203.0
1240 203.0
1241 203.0
1242 203.0
1243 203.0
1244 203.0
1245 180.0
1246 251.0
1247 203.0
1248 38.0
1249 204.0
1250 204.0
1251 120.0
1252 204.0
1253 204.0
1254 203.0
1255 204.0
1256 204.0
1257 180.0
1258 204.0
1259 38.0
1260 0.0
1261 204.0
1262 203.0
1263 203.0
1264 6.0
1265 49.0
1266 49.0
1267 0.0
1268 0.0
1269 49.0
1270 169.0
1271 32.0
1272 169.0
1273 203.0
1274 203.0
1275 203.0
1276 204.0
1277 180.0
1278 204.0
1279 203.0
1280 25.0
1281 251.0
1282 251.0
1283 251.0
1284 203.0
1285 98.0
1286 98.0
1287 0.0
1288 204.0
1289 203.0
1290 203.0
1291 203.0
1292 204.0
1293 204.0
1294 109.0
1295 203.0
1296 203.0
1297 204.0
1298 204.0
1299 204.0
1300 204.0
1301 204.0
1302 0.0
1303 0.0
1304 204.0
1305 204.0
1306 204.0
1307 204.0
1308 204.0
1309 204.0
1310 204.0
1311 104.0
1312 186.0
1313 444.0
1314 204.0
1315 32.0
1316 203.0
1317 203.0
1318 163.0
1319 0.0
1320 204.0
1321 203.0
1322 252.0
1323 169.0
1324 0.0
1325 38.0
1326 180.0
1327 0.0
1328 38.0
1329 204.0
1330 109.0
1331 203.0
1332 38.0
1333 204.0
1334 364.0
1335 252.0
1336 203.0
1337 191.0
1338 203.0
1339 203.0
1340 203.0
1341 203.0
1342 203.0
1343 203.0
1344 203.0
1345 203.0
1346 180.0
1347 203.0
1348 203.0
1349 32.0
1350 204.0
1351 204.0
1352 204.0
1353 204.0
1354 204.0
1355 204.0
1356 204.0
1357 203.0
1358 31.0
1359 204.0
1360 204.0
1361 203.0
1362 204.0
1363 11.0
1364 204.0
1365 204.0
1366 0.0
1367 180.0
1368 49.0
1369 158.0
1370 203.0
1371 203.0
1372 169.0
1373 169.0
1374 203.0
1375 204.0
1376 203.0
1377 204.0
1378 33.0
1379 204.0
1380 203.0
1381 30.0
1382 252.0
1383 156.0
1384 30.0
1385 87.0
1386 0.0
1387 0.0
1388 180.0
1389 204.0
1390 33.0
1391 175.0
1392 203.0
1393 204.0
1394 30.0
1395 203.0
1396 49.0
1397 114.0
1398 204.0
1399 203.0
1400 204.0
1401 203.0
1402 203.0
1403 120.0
1404 1.0
1405 204.0
1406 204.0
1407 204.0
1408 204.0
1409 204.0
1410 30.0
1411 204.0
1412 0.0
1413 186.0
1414 444.0
1415 109.0
1416 38.0
1417 1.0
1418 109.0
1419 33.0
1420 204.0
1421 204.0
1422 203.0
1423 252.0
1424 443.0
1425 180.0
1426 203.0
1427 180.0
1428 203.0
1429 104.0
1430 38.0
1431 32.0
1432 203.0
1433 204.0
1434 204.0
1435 251.0
1436 203.0
1437 252.0
1438 1.0
1439 203.0
1440 203.0
1441 203.0
1442 203.0
1443 203.0
1444 0.0
1445 32.0
1446 203.0
1447 0.0
1448 169.0
1449 251.0
1450 0.0
1451 31.0
1452 204.0
1453 204.0
1454 204.0
1455 203.0
1456 204.0
1457 204.0
1458 204.0
1459 204.0
1460 204.0
1461 203.0
1462 104.0
1463 444.0
1464 33.0
1465 104.0
1466 444.0
1467 32.0
1468 180.0
1469 0.0
1470 203.0
1471 203.0
1472 158.0
1473 203.0
1474 203.0
1475 204.0
1476 203.0
1477 33.0
1478 204.0
1479 180.0
1480 204.0
1481 204.0
1482 204.0
1483 147.0
1484 6.0
1485 204.0
1486 87.0
1487 0.0
1488 152.0
1489 0.0
1490 204.0
1491 180.0
1492 103.0
1493 203.0
1494 204.0
1495 203.0
1496 203.0
1497 49.0
1498 115.0
1499 204.0
1500 203.0
1501 204.0
1502 203.0
1503 204.0
1504 114.0
1505 1.0
1506 204.0
1507 204.0
1508 204.0
1509 204.0
1510 204.0
1511 204.0
1512 203.0
1513 0.0
1514 109.0
1515 444.0
1516 204.0
1517 38.0
1518 38.0
1519 204.0
1520 203.0
1521 203.0
1522 204.0
1523 203.0
1524 203.0
1525 203.0
1526 203.0
1527 203.0
1528 0.0
1529 204.0
1530 109.0
1531 203.0
1532 32.0
1533 204.0
1534 203.0
1535 203.0
1536 251.0
1537 251.0
1538 251.0
1539 0.0
1540 203.0
1541 6.0
1542 203.0
1543 203.0
1544 203.0
1545 180.0
1546 203.0
1547 203.0
1548 38.0
1549 0.0
1550 30.0
1551 38.0
1552 204.0
1553 204.0
1554 204.0
1555 204.0
1556 204.0
1557 203.0
1558 204.0
1559 204.0
1560 204.0
1561 204.0
1562 38.0
1563 0.0
1564 0.0
1565 203.0
1566 203.0
1567 203.0
1568 49.0
1569 49.0
1570 203.0
1571 203.0
1572 203.0
1573 158.0
1574 203.0
1575 204.0
1576 204.0
1577 203.0
1578 204.0
1579 204.0
1580 180.0
1581 204.0
1582 203.0
1583 180.0
1584 252.0
1585 251.0
1586 30.0
1587 158.0
1588 0.0
1589 0.0
1590 120.0
1591 204.0
1592 203.0
1593 103.0
1594 25.0
1595 204.0
1596 203.0
1597 203.0
1598 158.0
1599 204.0
1600 204.0
1601 204.0
1602 204.0
1603 204.0
1604 203.0
1605 114.0
1606 0.0
1607 204.0
1608 204.0
1609 204.0
1610 204.0
1611 204.0
1612 204.0
1613 204.0
1614 204.0
1615 175.0
1616 444.0
1617 204.0
1618 49.0
1619 120.0
1620 38.0
1621 203.0
1622 0.0
1623 204.0
1624 203.0
1625 252.0
1626 0.0
1627 203.0
1628 203.0
1629 109.0
1630 204.0
1631 32.0
1632 203.0
1633 196.0
1634 203.0
1635 204.0
1636 204.0
1637 191.0
1638 252.0
1639 251.0
1640 251.0
1641 203.0
1642 203.0
1643 203.0
1644 203.0
1645 203.0
1646 203.0
1647 203.0
1648 203.0
1649 30.0
1650 32.0
1651 169.0
1652 38.0
1653 204.0
1654 204.0
1655 204.0
1656 203.0
1657 204.0
1658 203.0
1659 204.0
1660 204.0
1661 109.0
1662 204.0
1663 54.0
1664 0.0
1665 204.0
1666 1.0
1667 203.0
1668 444.0
1669 44.0
1670 203.0
1671 203.0
1672 203.0
1673 203.0
1674 169.0
1675 203.0
1676 204.0
1677 204.0
1678 203.0
1679 204.0
1680 203.0
1681 169.0
1682 204.0
1683 203.0
1684 252.0
1685 251.0
1686 6.0
1687 30.0
1688 203.0
1689 32.0
1690 0.0
1691 0.0
1692 204.0
1693 0.0
1694 175.0
1695 92.0
1696 204.0
1697 204.0
1698 204.0
1699 203.0
1700 115.0
1701 204.0
1702 204.0
1703 204.0
1704 204.0
1705 203.0
1706 0.0
1707 0.0
1708 204.0
1709 204.0
1710 204.0
1711 204.0
1712 204.0
1713 32.0
1714 203.0
1715 204.0
1716 169.0
1717 444.0
1718 109.0
1719 38.0
1720 203.0
1721 109.0
1722 33.0
1723 204.0
1724 204.0
1725 204.0
1726 251.0
1727 203.0
1728 33.0
1729 203.0
1730 204.0
1731 204.0
1732 0.0
1733 38.0
1734 203.0
1735 32.0
1736 251.0
1737 204.0
1738 251.0
1739 33.0
1740 252.0
1741 252.0
1742 25.0
1743 203.0
1744 203.0
1745 203.0
1746 203.0
1747 203.0
1748 203.0
1749 203.0
1750 32.0
1751 38.0
1752 38.0
1753 0.0
1754 204.0
1755 204.0
1756 203.0
1757 203.0
1758 203.0
1759 204.0
1760 204.0
1761 204.0
1762 204.0
1763 204.0
1764 6.0
1765 203.0
1766 443.0
1767 1.0
1768 204.0
1769 204.0
1770 0.0
1771 203.0
1772 203.0
1773 203.0
1774 203.0
1775 169.0
1776 203.0
1777 204.0
1778 204.0
1779 204.0
1780 203.0
1781 204.0
1782 204.0
1783 204.0
1784 204.0
1785 203.0
1786 147.0
1787 98.0
1788 98.0
1789 163.0
1790 98.0
1791 180.0
1792 120.0
1793 204.0
1794 33.0
1795 103.0
1796 204.0
1797 204.0
1798 30.0
1799 204.0
1800 204.0
1801 203.0
1802 204.0
1803 203.0
1804 204.0
1805 203.0
1806 203.0
1807 203.0
1808 0.0
1809 204.0
1810 204.0
1811 204.0
1812 204.0
1813 204.0
1814 204.0
1815 203.0
1816 104.0
1817 109.0
1818 444.0
1819 204.0
1820 38.0
1821 33.0
1822 203.0
1823 103.0
1824 204.0
1825 204.0
1826 252.0
1827 203.0
1828 203.0
1829 203.0
1830 174.0
1831 109.0
1832 204.0
1833 104.0
1834 203.0
1835 185.0
1836 32.0
1837 38.0
1838 204.0
1839 363.0
1840 363.0
1841 252.0
1842 251.0
1843 251.0
1844 203.0
1845 25.0
1846 203.0
1847 203.0
1848 14.0
1849 203.0
1850 203.0
1851 32.0
1852 38.0
1853 169.0
1854 204.0
1855 25.0
1856 204.0
1857 204.0
1858 204.0
1859 203.0
1860 204.0
1861 204.0
1862 203.0
1863 203.0
1864 204.0
1865 33.0
1866 98.0
1867 252.0
1868 1.0
1869 38.0
1870 444.0
1871 203.0
1872 169.0
1873 203.0
1874 203.0
1875 203.0
1876 158.0
1877 32.0
1878 204.0
1879 204.0
1880 203.0
1881 204.0
1882 98.0
1883 180.0
1884 204.0
1885 204.0
1886 180.0
1887 164.0
1888 251.0
1889 33.0
1890 164.0
1891 30.0
1892 76.0
1893 0.0
1894 204.0
1895 203.0
1896 204.0
1897 204.0
1898 204.0
1899 30.0
1900 204.0
1901 203.0
1902 203.0
1903 204.0
1904 204.0
1905 204.0
1906 203.0
1907 204.0
1908 185.0
1909 0.0
1910 204.0
1911 204.0
1912 204.0
1913 204.0
1914 204.0
1915 204.0
1916 204.0
1917 104.0
1918 204.0
1919 444.0
1920 204.0
1921 38.0
1922 204.0
1923 109.0
1924 203.0
1925 204.0
1926 203.0
1927 203.0
1928 203.0
1929 204.0
1930 44.0
1931 0.0
1932 1.0
1933 203.0
1934 33.0
1935 203.0
1936 203.0
1937 203.0
1938 204.0
1939 204.0
1940 33.0
1941 251.0
1942 251.0
1943 251.0
1944 203.0
1945 203.0
1946 203.0
1947 203.0
1948 203.0
1949 203.0
1950 203.0
1951 203.0
1952 38.0
1953 0.0
1954 32.0
1955 38.0
1956 204.0
1957 204.0
1958 204.0
1959 204.0
1960 204.0
1961 203.0
1962 203.0
1963 204.0
1964 204.0
1965 204.0
1966 38.0
1967 6.0
1968 204.0
1969 6.0
1970 204.0
1971 204.0
1972 17.0
1973 203.0
1974 203.0
1975 203.0
1976 203.0
1977 158.0
1978 203.0
1979 204.0
1980 204.0
1981 204.0
1982 204.0
1983 204.0
1984 38.0
1985 204.0
1986 203.0
1987 203.0
1988 147.0
1989 241.0
1990 30.0
1991 174.0
1992 32.0
1993 0.0
1994 0.0
1995 204.0
1996 109.0
1997 175.0
1998 203.0
1999 204.0
2000 204.0
2001 203.0
2002 204.0
2003 0.0
2004 204.0
2005 204.0
2006 204.0
2007 204.0
2008 204.0
2009 203.0
2010 0.0
2011 204.0
2012 204.0
2013 204.0
2014 204.0
2015 204.0
2016 203.0
2017 203.0
2018 204.0
2019 175.0
2020 444.0
2021 204.0
2022 38.0
2023 203.0
2024 109.0
2025 203.0
2026 204.0
2027 203.0
2028 204.0
2029 252.0
2030 203.0
2031 32.0
2032 203.0
2033 109.0
2034 204.0
2035 0.0
2036 38.0
2037 203.0
2038 203.0
2039 204.0
2040 204.0
2041 203.0
2042 443.0
2043 251.0
2044 252.0
2045 203.0
2046 0.0
2047 203.0
2048 203.0
2049 203.0
2050 203.0
2051 203.0
2052 203.0
2053 32.0
2054 203.0
2055 169.0
2056 32.0
2057 204.0
2058 204.0
2059 203.0
2060 204.0
2061 203.0
2062 204.0
2063 204.0
2064 204.0
2065 204.0
2066 204.0
2067 203.0
2068 0.0
2069 443.0
2070 203.0
2071 203.0
2072 443.0
2073 0.0
2074 203.0
2075 203.0
2076 203.0
2077 203.0
2078 169.0
2079 203.0
2080 204.0
2081 204.0
2082 14.0
2083 203.0
2084 204.0
2085 203.0
2086 204.0
2087 175.0
2088 203.0
2089 252.0
2090 147.0
2091 156.0
2092 174.0
2093 203.0
2094 0.0
2095 0.0
2096 204.0
2097 25.0
2098 33.0
2099 204.0
2100 204.0
2101 203.0
2102 203.0
2103 203.0
2104 204.0
2105 204.0
2106 203.0
2107 204.0
2108 204.0
2109 204.0
2110 203.0
2111 0.0
2112 204.0
2113 204.0
2114 204.0
2115 204.0
2116 204.0
2117 203.0
2118 203.0
2119 204.0
2120 109.0
2121 444.0
2122 109.0
2123 38.0
2124 33.0
2125 204.0
2126 204.0
2127 204.0
2128 203.0
2129 204.0
2130 203.0
2131 203.0
2132 49.0
2133 203.0
2134 203.0
2135 204.0
2136 109.0
2137 33.0
2138 174.0
2139 32.0
2140 169.0
2141 204.0
2142 363.0
2143 363.0
2144 204.0
2145 251.0
2146 203.0
2147 203.0
2148 158.0
2149 203.0
2150 203.0
2151 0.0
2152 203.0
2153 203.0
2154 203.0
2155 38.0
2156 38.0
2157 0.0
2158 204.0
2159 204.0
2160 204.0
2161 203.0
2162 203.0
2163 204.0
2164 204.0
2165 204.0
2166 204.0
2167 204.0
2168 203.0
2169 203.0
2170 251.0
2171 1.0
2172 33.0
2173 204.0
2174 3.0
2175 203.0
2176 203.0
2177 203.0
2178 203.0
2179 203.0
2180 204.0
2181 204.0
2182 204.0
2183 204.0
2184 204.0
2185 203.0
2186 180.0
2187 204.0
2188 0.0
2189 180.0
2190 251.0
2191 6.0
2192 252.0
2193 93.0
2194 203.0
2195 204.0
2196 120.0
2197 204.0
2198 104.0
2199 103.0
2200 204.0
2201 204.0
2202 30.0
2203 204.0
2204 203.0
2205 203.0
2206 204.0
2207 204.0
2208 204.0
2209 203.0
2210 204.0
2211 204.0
2212 0.0
2213 204.0
2214 204.0
2215 204.0
2216 204.0
2217 204.0
2218 204.0
2219 203.0
2220 204.0
2221 204.0
2222 444.0
2223 203.0
2224 38.0
2225 203.0
2226 203.0
2227 204.0
2228 204.0
2229 204.0
2230 443.0
2231 203.0
2232 204.0
2233 203.0
2234 0.0
2235 169.0
2236 204.0
2237 32.0
2238 203.0
2239 38.0
2240 204.0
2241 203.0
2242 203.0
2243 363.0
2244 443.0
2245 251.0
2246 252.0
2247 203.0
2248 203.0
2249 175.0
2250 203.0
2251 203.0
2252 203.0
2253 203.0
2254 203.0
2255 203.0
2256 25.0
2257 169.0
2258 32.0
2259 204.0
2260 204.0
2261 204.0
2262 204.0
2263 204.0
2264 203.0
2265 203.0
2266 204.0
2267 203.0
2268 204.0
2269 203.0
2270 104.0
2271 252.0
2272 203.0
2273 38.0
2274 444.0
2275 203.0
2276 49.0
2277 203.0
2278 203.0
2279 203.0
2280 203.0
2281 204.0
2282 204.0
2283 204.0
2284 203.0
2285 204.0
2286 98.0
2287 203.0
2288 204.0
2289 204.0
2290 180.0
2291 147.0
2292 237.0
2293 168.0
2294 174.0
2295 33.0
2296 0.0
2297 114.0
2298 204.0
2299 38.0
2300 175.0
2301 92.0
2302 204.0
2303 204.0
2304 87.0
2305 203.0
2306 109.0
2307 204.0
2308 204.0
2309 204.0
2310 204.0
2311 204.0
2312 204.0
2313 0.0
2314 204.0
2315 204.0
2316 204.0
2317 204.0
2318 204.0
2319 204.0
2320 204.0
2321 204.0
2322 169.0
2323 444.0
2324 204.0
2325 0.0
2326 203.0
2327 109.0
2328 203.0
2329 204.0
2330 443.0
2331 204.0
2332 443.0
2333 204.0
2334 44.0
2335 0.0
2336 109.0
2337 204.0
2338 0.0
2339 203.0
2340 203.0
2341 203.0
2342 204.0
2343 204.0
2344 240.0
2345 443.0
2346 252.0
2347 252.0
2348 203.0
2349 38.0
2350 203.0
2351 203.0
2352 203.0
2353 203.0
2354 203.0
2355 203.0
2356 32.0
2357 30.0
2358 32.0
2359 38.0
2360 25.0
2361 204.0
2362 204.0
2363 204.0
2364 203.0
2365 203.0
2366 204.0
2367 204.0
2368 204.0
2369 204.0
2370 49.0
2371 33.0
2372 444.0
2373 203.0
2374 204.0
2375 204.0
2376 6.0
2377 203.0
2378 203.0
2379 203.0
2380 203.0
2381 203.0
2382 204.0
2383 204.0
2384 204.0
2385 25.0
2386 204.0
2387 204.0
2388 203.0
2389 204.0
2390 204.0
2391 30.0
2392 171.0
2393 221.0
2394 237.0
2395 158.0
2396 31.0
2397 0.0
2398 0.0
2399 204.0
2400 204.0
2401 204.0
2402 204.0
2403 204.0
2404 204.0
2405 203.0
2406 1.0
2407 204.0
2408 204.0
2409 203.0
2410 204.0
2411 204.0
2412 203.0
2413 204.0
2414 0.0
2415 204.0
2416 204.0
2417 204.0
2418 204.0
2419 204.0
2420 33.0
2421 203.0
2422 204.0
2423 103.0
2424 444.0
2425 204.0
2426 38.0
2427 204.0
2428 32.0
2429 204.0
2430 204.0
2431 204.0
2432 204.0
2433 251.0
2434 203.0
2435 204.0
2436 0.0
2437 203.0
2438 0.0
2439 38.0
2440 33.0
2441 185.0
2442 169.0
2443 32.0
2444 204.0
2445 363.0
2446 443.0
2447 252.0
2448 251.0
2449 203.0
2450 203.0
2451 203.0
2452 203.0
2453 147.0
2454 158.0
2455 203.0
2456 203.0
2457 38.0
2458 203.0
2459 180.0
2460 0.0
2461 204.0
2462 204.0
2463 204.0
2464 204.0
2465 203.0
2466 204.0
2467 204.0
2468 204.0
2469 115.0
2470 204.0
2471 204.0
2472 104.0
2473 363.0
2474 32.0
2475 204.0
2476 204.0
2477 38.0
2478 203.0
2479 203.0
2480 203.0
2481 203.0
2482 32.0
2483 203.0
2484 204.0
2485 204.0
2486 203.0
2487 204.0
2488 204.0
2489 180.0
2490 204.0
2491 25.0
2492 164.0
2493 251.0
2494 171.0
2495 168.0
2496 30.0
2497 204.0
2498 0.0
2499 0.0
2500 204.0
2501 203.0
2502 103.0
2503 204.0
2504 204.0
2505 93.0
2506 203.0
2507 204.0
2508 204.0
2509 204.0
2510 203.0
2511 204.0
2512 204.0
2513 204.0
2514 203.0
2515 0.0
2516 204.0
2517 204.0
2518 204.0
2519 203.0
2520 204.0
2521 204.0
2522 204.0
2523 204.0
2524 204.0
2525 444.0
2526 204.0
2527 38.0
2528 33.0
2529 203.0
2530 204.0
2531 443.0
2532 204.0
2533 204.0
2534 203.0
2535 203.0
2536 203.0
2537 6.0
2538 203.0
2539 204.0
2540 1.0
2541 203.0
2542 203.0
2543 204.0
2544 251.0
2545 204.0
2546 251.0
2547 363.0
2548 252.0
2549 251.0
2550 203.0
2551 203.0
2552 203.0
2553 203.0
2554 14.0
2555 203.0
2556 203.0
2557 203.0
2558 203.0
2559 38.0
2560 169.0
2561 191.0
2562 204.0
2563 204.0
2564 204.0
2565 204.0
2566 204.0
2567 203.0
2568 204.0
2569 204.0
2570 204.0
2571 203.0
2572 38.0
2573 0.0
2574 252.0
2575 43.0
2576 44.0
2577 33.0
2578 203.0
2579 203.0
2580 203.0
2581 203.0
2582 203.0
2583 204.0
2584 204.0
2585 204.0
2586 204.0
2587 203.0
2588 204.0
2589 33.0
2590 180.0
2591 204.0
2592 164.0
2593 38.0
2594 252.0
2595 156.0
2596 168.0
2597 163.0
2598 31.0
2599 0.0
2600 120.0
2601 204.0
2602 0.0
2603 204.0
2604 204.0
2605 204.0
2606 204.0
2607 203.0
2608 203.0
2609 204.0
2610 204.0
2611 204.0
2612 204.0
2613 203.0
2614 204.0
2615 204.0
2616 0.0
2617 204.0
2618 204.0
2619 204.0
2620 204.0
2621 204.0
2622 204.0
2623 204.0
2624 204.0
2625 186.0
2626 444.0
2627 204.0
2628 120.0
2629 203.0
2630 109.0
2631 203.0
2632 444.0
2633 204.0
2634 204.0
2635 203.0
2636 0.0
2637 203.0
2638 11.0
2639 1.0
2640 204.0
2641 32.0
2642 203.0
2643 169.0
2644 204.0
2645 204.0
2646 203.0
2647 203.0
2648 363.0
2649 443.0
2650 252.0
2651 203.0
2652 169.0
2653 203.0
2654 203.0
2655 203.0
2656 203.0
2657 203.0
2658 203.0
2659 0.0
2660 30.0
2661 32.0
2662 38.0
2663 49.0
2664 204.0
2665 204.0
2666 204.0
2667 204.0
2668 203.0
2669 204.0
2670 204.0
2671 204.0
2672 203.0
2673 6.0
2674 6.0
2675 443.0
2676 204.0
2677 443.0
2678 204.0
2679 6.0
2680 169.0
2681 203.0
2682 203.0
2683 0.0
2684 203.0
2685 204.0
2686 204.0
2687 204.0
2688 0.0
2689 204.0
2690 204.0
2691 180.0
2692 204.0
2693 204.0
2694 204.0
2695 147.0
2696 252.0
2697 237.0
2698 203.0
2699 31.0
2700 0.0
2701 0.0
2702 204.0
2703 0.0
2704 175.0
2705 204.0
2706 204.0
2707 204.0
2708 203.0
2709 204.0
2710 204.0
2711 204.0
2712 204.0
2713 204.0
2714 204.0
2715 204.0
2716 204.0
2717 0.0
2718 204.0
2719 204.0
2720 204.0
2721 204.0
2722 204.0
2723 33.0
2724 203.0
2725 204.0
2726 186.0
2727 444.0
2728 204.0
2729 38.0
2730 203.0
2731 203.0
2732 109.0
2733 443.0
2734 204.0
2735 204.0
2736 443.0
2737 203.0
2738 203.0
2739 203.0
2740 204.0
2741 203.0
2742 109.0
2743 203.0
2744 38.0
2745 203.0
2746 204.0
2747 204.0
2748 202.0
2749 252.0
2750 251.0
2751 4.0
2752 203.0
2753 203.0
2754 32.0
2755 203.0
2756 203.0
2757 147.0
2758 203.0
2759 203.0
2760 203.0
2761 14.0
2762 180.0
2763 38.0
2764 203.0
2765 204.0
2766 204.0
2767 204.0
2768 203.0
2769 203.0
2770 204.0
2771 204.0
2772 180.0
2773 204.0
2774 6.0
2775 104.0
2776 443.0
2777 203.0
2778 203.0
2779 204.0
2780 203.0
2781 203.0
2782 203.0
2783 203.0
2784 203.0
2785 0.0
2786 204.0
2787 204.0
2788 204.0
2789 203.0
2790 204.0
2791 204.0
2792 204.0
2793 204.0
2794 175.0
2795 203.0
2796 252.0
2797 233.0
2798 168.0
2799 109.0
2800 203.0
2801 114.0
2802 120.0
2803 204.0
2804 203.0
2805 33.0
2806 204.0
2807 204.0
2808 204.0
2809 204.0
2810 33.0
2811 204.0
2812 204.0
2813 204.0
2814 204.0
2815 204.0
2816 204.0
2817 204.0
2818 0.0
2819 204.0
2820 204.0
2821 204.0
2822 204.0
2823 204.0
2824 204.0
2825 203.0
2826 204.0
2827 109.0
2828 444.0
2829 204.0
2830 49.0
2831 33.0
2832 203.0
2833 444.0
2834 443.0
2835 204.0
2836 204.0
2837 443.0
2838 203.0
2839 38.0
2840 203.0
2841 203.0
2842 203.0
2843 169.0
2844 38.0
2845 32.0
2846 169.0
2847 38.0
2848 32.0
2849 252.0
2850 443.0
2851 251.0
2852 251.0
2853 203.0
2854 203.0
2855 25.0
2856 203.0
2857 203.0
2858 203.0
2859 203.0
2860 203.0
2861 38.0
2862 203.0
2863 169.0
2864 0.0
2865 204.0
2866 204.0
2867 164.0
2868 204.0
2869 204.0
2870 203.0
2871 204.0
2872 204.0
2873 204.0
2874 204.0
2875 204.0
2876 104.0
2877 252.0
2878 203.0
2879 44.0
2880 204.0
2881 203.0
2882 203.0
2883 203.0
2884 203.0
2885 203.0
2886 32.0
2887 203.0
2888 204.0
2889 204.0
2890 203.0
2891 204.0
2892 203.0
2893 180.0
2894 204.0
2895 32.0
2896 164.0
2897 251.0
2898 252.0
2899 159.0
2900 163.0
2901 31.0
2902 0.0
2903 120.0
2904 204.0
2905 120.0
2906 103.0
2907 204.0
2908 204.0
2909 204.0
2910 87.0
2911 203.0
2912 204.0
2913 204.0
2914 203.0
2915 204.0
2916 203.0
2917 204.0
2918 204.0
2919 0.0
2920 204.0
2921 204.0
2922 204.0
2923 204.0
2924 204.0
2925 204.0
2926 204.0
2927 204.0
2928 109.0
2929 444.0
2930 204.0
2931 38.0
2932 204.0
2933 32.0
2934 443.0
2935 443.0
2936 203.0
2937 204.0
2938 203.0
2939 180.0
2940 32.0
2941 203.0
2942 1.0
2943 204.0
2944 204.0
2945 103.0
2946 203.0
2947 204.0
2948 169.0
2949 203.0
2950 33.0
2951 364.0
2952 203.0
2953 251.0
2954 203.0
2955 203.0
2956 203.0
2957 203.0
2958 147.0
2959 203.0
2960 203.0
2961 203.0
2962 32.0
2963 169.0
2964 32.0
2965 38.0
2966 25.0
2967 204.0
2968 43.0
2969 204.0
2970 204.0
2971 203.0
2972 203.0
2973 204.0
2974 204.0
2975 204.0
2976 204.0
2977 33.0
2978 252.0
2979 203.0
2980 44.0
2981 98.0
2982 38.0
2983 203.0
2984 203.0
2985 203.0
2986 32.0
2987 203.0
2988 204.0
2989 204.0
2990 204.0
2991 204.0
2992 204.0
2993 204.0
2994 180.0
2995 204.0
2996 204.0
2997 180.0
2998 147.0
2999 252.0
3000 156.0
3001 164.0
3002 31.0
3003 0.0
3004 0.0
3005 204.0
3006 204.0
3007 204.0
3008 204.0
3009 204.0
3010 204.0
3011 203.0
3012 203.0
3013 204.0
3014 204.0
3015 203.0
3016 204.0
3017 204.0
3018 204.0
3019 204.0
3020 0.0
3021 204.0
3022 204.0
3023 204.0
3024 204.0
3025 204.0
3026 38.0
3027 203.0
3028 204.0
3029 98.0
3030 444.0
3031 204.0
3032 38.0
3033 203.0
3034 98.0
3035 203.0
3036 443.0
3037 251.0
3038 204.0
3039 443.0
3040 203.0
3041 251.0
3042 203.0
3043 1.0
3044 204.0
3045 32.0
3046 103.0
3047 32.0
3048 38.0
3049 38.0
3050 203.0
3051 252.0
3052 252.0
3053 251.0
3054 251.0
3055 203.0
3056 203.0
3057 203.0
3058 203.0
3059 203.0
3060 203.0
3061 32.0
3062 203.0
3063 180.0
3064 32.0
3065 251.0
3066 0.0
3067 204.0
3068 204.0
3069 204.0
3070 204.0
3071 203.0
3072 204.0
3073 204.0
3074 204.0
3075 204.0
3076 204.0
3077 204.0
3078 33.0
3079 444.0
3080 203.0
3081 203.0
3082 103.0
3083 204.0
3084 203.0
3085 203.0
3086 203.0
3087 32.0
3088 203.0
3089 204.0
3090 204.0
3091 204.0
3092 203.0
3093 204.0
3094 204.0
3095 180.0
3096 204.0
3097 204.0
3098 180.0
3099 252.0
3100 252.0
3101 252.0
3102 157.0
3103 31.0
3104 0.0
3105 114.0
3106 204.0
3107 33.0
3108 33.0
3109 204.0
3110 204.0
3111 204.0
3112 203.0
3113 0.0
3114 204.0
3115 204.0
3116 204.0
3117 204.0
3118 204.0
3119 204.0
3120 204.0
3121 0.0
3122 204.0
3123 204.0
3124 204.0
3125 204.0
3126 204.0
3127 38.0
3128 204.0
3129 204.0
3130 109.0
3131 444.0
3132 204.0
3133 38.0
3134 203.0
3135 98.0
3136 203.0
3137 443.0
3138 203.0
3139 204.0
3140 443.0
3141 203.0
3142 203.0
3143 203.0
3144 204.0
3145 204.0
3146 33.0
3147 38.0
3148 443.0
3149 54.0
3150 203.0
3151 204.0
3152 251.0
3153 443.0
3154 251.0
3155 251.0
3156 203.0
3157 8.0
3158 25.0
3159 203.0
3160 203.0
3161 180.0
3162 203.0
3163 203.0
3164 49.0
3165 38.0
3166 180.0
3167 32.0
3168 204.0
3169 204.0
3170 204.0
3171 204.0
3172 204.0
3173 204.0
3174 204.0
3175 204.0
3176 204.0
3177 204.0
3178 6.0
3179 203.0
3180 443.0
3181 1.0
3182 203.0
3183 204.0
3184 203.0
3185 203.0
3186 203.0
3187 203.0
3188 38.0
3189 180.0
3190 203.0
3191 204.0
3192 204.0
3193 204.0
3194 204.0
3195 204.0
3196 180.0
3197 204.0
3198 32.0
3199 20.0
3200 251.0
3201 252.0
3202 168.0
3203 103.0
3204 31.0
3205 0.0
3206 120.0
3207 204.0
3208 204.0
3209 0.0
3210 204.0
3211 204.0
3212 204.0
3213 204.0
3214 0.0
3215 204.0
3216 204.0
3217 204.0
3218 204.0
3219 203.0
3220 204.0
3221 204.0
3222 0.0
3223 204.0
3224 204.0
3225 204.0
3226 204.0
3227 204.0
3228 204.0
3229 204.0
3230 204.0
3231 109.0
3232 444.0
3233 204.0
3234 38.0
3235 203.0
3236 32.0
3237 443.0
3238 443.0
3239 204.0
3240 204.0
3241 203.0
3242 203.0
3243 204.0
3244 203.0
3245 203.0
3246 203.0
3247 33.0
3248 38.0
3249 43.0
3250 32.0
3251 203.0
3252 204.0
3253 443.0
3254 363.0
3255 364.0
3256 251.0
3257 203.0
3258 251.0
3259 25.0
3260 203.0
3261 203.0
3262 203.0
3263 203.0
3264 203.0
3265 38.0
3266 38.0
3267 32.0
3268 38.0
3269 49.0
3270 204.0
3271 203.0
3272 204.0
3273 204.0
3274 204.0
3275 204.0
3276 204.0
3277 33.0
3278 204.0
3279 98.0
3280 33.0
3281 252.0
3282 33.0
3283 44.0
3284 204.0
3285 203.0
3286 203.0
3287 203.0
3288 203.0
3289 32.0
3290 203.0
3291 204.0
3292 204.0
3293 203.0
3294 203.0
3295 204.0
3296 204.0
3297 180.0
3298 204.0
3299 204.0
3300 180.0
3301 171.0
3302 252.0
3303 237.0
3304 203.0
3305 31.0
3306 0.0
3307 0.0
3308 204.0
3309 180.0
3310 103.0
3311 204.0
3312 204.0
3313 204.0
3314 203.0
3315 203.0
3316 204.0
3317 204.0
3318 203.0
3319 204.0
3320 204.0
3321 204.0
3322 204.0
3323 0.0
3324 204.0
3325 204.0
3326 204.0
3327 204.0
3328 204.0
3329 203.0
3330 204.0
3331 204.0
3332 103.0
3333 444.0
3334 204.0
3335 49.0
3336 203.0
3337 32.0
3338 251.0
3339 443.0
3340 204.0
3341 204.0
3342 203.0
3343 204.0
3344 32.0
3345 203.0
3346 203.0
3347 204.0
3348 204.0
3349 103.0
3350 203.0
3351 204.0
3352 0.0
3353 204.0
3354 443.0
3355 251.0
3356 363.0
3357 252.0
3358 203.0
3359 203.0
3360 203.0
3361 203.0
3362 203.0
3363 203.0
3364 25.0
3365 203.0
3366 169.0
3367 169.0
3368 32.0
3369 38.0
3370 204.0
3371 204.0
3372 204.0
3373 204.0
3374 204.0
3375 203.0
3376 175.0
3377 204.0
3378 109.0
3379 204.0
3380 49.0
3381 203.0
3382 363.0
3383 38.0
3384 204.0
3385 204.0
3386 203.0
3387 203.0
3388 203.0
3389 203.0
3390 32.0
3391 203.0
3392 204.0
3393 203.0
3394 204.0
3395 203.0
3396 204.0
3397 204.0
3398 180.0
3399 204.0
3400 204.0
3401 203.0
3402 251.0
3403 252.0
3404 156.0
3405 171.0
3406 33.0
3407 0.0
3408 203.0
3409 204.0
3410 104.0
3411 204.0
3412 204.0
3413 204.0
3414 204.0
3415 204.0
3416 203.0
3417 204.0
3418 204.0
3419 204.0
3420 204.0
3421 204.0
3422 204.0
3423 204.0
3424 0.0
3425 204.0
3426 204.0
3427 204.0
3428 204.0
3429 204.0
3430 33.0
3431 204.0
3432 204.0
3433 109.0
3434 444.0
3435 204.0
3436 38.0
3437 125.0
3438 203.0
3439 109.0
3440 443.0
3441 204.0
3442 252.0
3443 444.0
3444 204.0
3445 251.0
3446 203.0
3447 1.0
3448 204.0
3449 0.0
3450 103.0
3451 32.0
3452 204.0
3453 33.0
3454 363.0
3455 363.0
3456 443.0
3457 252.0
3458 252.0
3459 203.0
3460 203.0
3461 203.0
3462 203.0
3463 147.0
3464 251.0
3465 203.0
3466 203.0
3467 32.0
3468 32.0
3469 180.0
3470 0.0
3471 204.0
3472 204.0
3473 204.0
3474 204.0
3475 203.0
3476 204.0
3477 203.0
3478 204.0
3479 204.0
3480 204.0
3481 49.0
3482 33.0
3483 443.0
3484 204.0
3485 203.0
3486 204.0
3487 203.0
3488 203.0
3489 203.0
3490 203.0
3491 38.0
3492 204.0
3493 203.0
3494 204.0
3495 204.0
3496 204.0
3497 204.0
3498 204.0
3499 203.0
3500 204.0
3501 175.0
3502 30.0
3503 251.0
3504 252.0
3505 252.0
3506 203.0
3507 31.0
3508 0.0
3509 203.0
3510 204.0
3511 33.0
3512 98.0
3513 204.0
3514 204.0
3515 204.0
3516 203.0
3517 203.0
3518 204.0
3519 204.0
3520 204.0
3521 204.0
3522 203.0
3523 204.0
3524 204.0
3525 0.0
3526 1.0
3527 204.0
3528 204.0
3529 204.0
3530 204.0
3531 204.0
3532 204.0
3533 204.0
3534 103.0
3535 444.0
3536 204.0
3537 38.0
3538 203.0
3539 204.0
3540 443.0
3541 443.0
3542 203.0
3543 204.0
3544 443.0
3545 203.0
3546 203.0
3547 203.0
3548 203.0
3549 0.0
3550 0.0
3551 38.0
3552 203.0
3553 204.0
3554 203.0
3555 32.0
3556 363.0
3557 443.0
3558 251.0
3559 251.0
3560 25.0
3561 1.0
3562 9.0
3563 203.0
3564 180.0
3565 38.0
3566 32.0
3567 203.0
3568 203.0
3569 180.0
3570 32.0
3571 204.0
3572 204.0
3573 204.0
3574 204.0
3575 204.0
3576 204.0
3577 204.0
3578 204.0
3579 204.0
3580 204.0
3581 204.0
3582 203.0
3583 104.0
3584 251.0
3585 0.0
3586 203.0
3587 204.0
3588 204.0
3589 203.0
3590 203.0
3591 203.0
3592 203.0
3593 204.0
3594 203.0
3595 204.0
3596 204.0
3597 204.0
3598 204.0
3599 203.0
3600 180.0
3601 204.0
3602 32.0
3603 38.0
3604 171.0
3605 252.0
3606 168.0
3607 32.0
3608 203.0
3609 0.0
3610 0.0
3611 204.0
3612 180.0
3613 33.0
3614 204.0
3615 204.0
3616 204.0
3617 203.0
3618 203.0
3619 204.0
3620 204.0
3621 203.0
3622 204.0
3623 203.0
3624 204.0
3625 204.0
3626 0.0
3627 204.0
3628 204.0
3629 0.0
3630 204.0
3631 204.0
3632 204.0
3633 204.0
3634 204.0
3635 98.0
3636 444.0
3637 203.0
3638 131.0
3639 0.0
3640 0.0
3641 203.0
3642 443.0
3643 204.0
3644 203.0
3645 203.0
3646 204.0
3647 203.0
3648 203.0
3649 203.0
3650 204.0
3651 203.0
3652 38.0
3653 43.0
3654 203.0
3655 204.0
3656 204.0
3657 443.0
3658 363.0
3659 251.0
3660 251.0
3661 203.0
3662 8.0
3663 4.0
3664 203.0
3665 25.0
3666 203.0
3667 203.0
3668 203.0
3669 203.0
3670 251.0
3671 32.0
3672 38.0
3673 204.0
3674 204.0
3675 49.0
3676 204.0
3677 204.0
3678 204.0
3679 204.0
3680 204.0
3681 204.0
3682 204.0
3683 54.0
3684 104.0
3685 443.0
3686 38.0
3687 44.0
3688 204.0
3689 203.0
3690 203.0
3691 203.0
3692 203.0
3693 32.0
3694 204.0
3695 203.0
3696 204.0
3697 204.0
3698 204.0
3699 204.0
3700 204.0
3701 180.0
3702 204.0
3703 203.0
3704 5.0
3705 171.0
3706 252.0
3707 252.0
3708 109.0
3709 186.0
3710 0.0
3711 180.0
3712 204.0
3713 203.0
3714 204.0
3715 204.0
3716 204.0
3717 204.0
3718 203.0
3719 203.0
3720 204.0
3721 204.0
3722 203.0
3723 204.0
3724 204.0
3725 204.0
3726 204.0
3727 0.0
3728 1.0
3729 204.0
3730 204.0
3731 204.0
3732 204.0
3733 33.0
3734 203.0
3735 204.0
3736 109.0
3737 444.0
3738 204.0
3739 38.0
3740 204.0
3741 203.0
3742 203.0
3743 443.0
3744 203.0
3745 203.0
3746 444.0
3747 204.0
3748 0.0
3749 203.0
3750 1.0
3751 204.0
3752 0.0
3753 203.0
3754 203.0
3755 203.0
3756 32.0
3757 204.0
3758 363.0
3759 443.0
3760 363.0
3761 251.0
3762 251.0
3763 203.0
3764 183.0
3765 203.0
3766 6.0
3767 0.0
3768 203.0
3769 203.0
3770 180.0
3771 169.0
3772 169.0
3773 203.0
3774 204.0
3775 204.0
3776 204.0
3777 204.0
3778 203.0
3779 204.0
3780 204.0
3781 204.0
3782 204.0
3783 204.0
3784 49.0
3785 203.0
3786 252.0
3787 32.0
3788 38.0
3789 204.0
3790 203.0
3791 203.0
3792 203.0
3793 203.0
3794 204.0
3795 204.0
3796 204.0
3797 203.0
3798 204.0
3799 204.0
3800 204.0
3801 204.0
3802 204.0
3803 204.0
3804 204.0
3805 37.0
3806 156.0
3807 252.0
3808 156.0
3809 204.0
3810 31.0
3811 0.0
3812 0.0
3813 204.0
3814 33.0
3815 103.0
3816 203.0
3817 204.0
3818 204.0
3819 203.0
3820 0.0
3821 204.0
3822 204.0
3823 204.0
3824 204.0
3825 204.0
3826 204.0
3827 204.0
3828 204.0
3829 203.0
3830 204.0
3831 204.0
3832 204.0
3833 204.0
3834 33.0
3835 204.0
3836 204.0
3837 203.0
3838 444.0
3839 204.0
3840 38.0
3841 203.0
3842 203.0
3843 443.0
3844 743.0
3845 204.0
3846 204.0
3847 443.0
3848 203.0
3849 443.0
3850 38.0
3851 1.0
3852 204.0
3853 0.0
3854 103.0
3855 32.0
3856 204.0
3857 443.0
3858 33.0
3859 363.0
3860 443.0
3861 363.0
3862 251.0
3863 0.0
3864 203.0
3865 203.0
3866 203.0
3867 203.0
3868 251.0
3869 203.0
3870 203.0
3871 203.0
3872 169.0
3873 180.0
3874 38.0
3875 204.0
3876 204.0
3877 204.0
3878 204.0
3879 204.0
3880 204.0
3881 204.0
3882 204.0
3883 204.0
3884 204.0
3885 203.0
3886 104.0
3887 251.0
3888 251.0
3889 203.0
3890 251.0
3891 203.0
3892 203.0
3893 203.0
3894 0.0
3895 38.0
3896 204.0
3897 203.0
3898 204.0
3899 204.0
3900 204.0
3901 204.0
3902 203.0
3903 38.0
3904 204.0
3905 204.0
3906 37.0
3907 156.0
3908 239.0
3909 252.0
3910 158.0
3911 204.0
3912 0.0
3913 120.0
3914 204.0
3915 203.0
3916 204.0
3917 204.0
3918 204.0
3919 204.0
3920 203.0
3921 203.0
3922 204.0
3923 204.0
3924 204.0
3925 204.0
3926 203.0
3927 204.0
3928 204.0
3929 0.0
3930 204.0
3931 204.0
3932 204.0
3933 204.0
3934 204.0
3935 204.0
3936 204.0
3937 204.0
3938 98.0
3939 743.0
3940 204.0
3941 0.0
3942 204.0
3943 0.0
3944 444.0
3945 3243.0
3946 204.0
3947 204.0
3948 443.0
3949 203.0
3950 203.0
3951 203.0
3952 203.0
3953 204.0
3954 203.0
3955 103.0
3956 203.0
3957 32.0
3958 204.0
3959 203.0
3960 443.0
3961 363.0
3962 251.0
3963 38.0
3964 9.0
3965 4.0
3966 251.0
3967 203.0
3968 203.0
3969 180.0
3970 203.0
3971 203.0
3972 32.0
3973 169.0
3974 32.0
3975 6.0
3976 204.0
3977 204.0
3978 33.0
3979 204.0
3980 204.0
3981 204.0
3982 203.0
3983 204.0
3984 204.0
3985 204.0
3986 49.0
3987 0.0
3988 251.0
3989 6.0
3990 203.0
3991 204.0
3992 203.0
3993 203.0
3994 203.0
3995 203.0
3996 203.0
3997 204.0
3998 169.0
3999 204.0
4000 204.0
4001 204.0
4002 204.0
4003 204.0
4004 180.0
4005 204.0
4006 30.0
4007 30.0
4008 156.0
4009 156.0
4010 168.0
4011 103.0
4012 204.0
4013 0.0
4014 204.0
4015 204.0
4016 0.0
4017 98.0
4018 204.0
4019 204.0
4020 204.0
4021 203.0
4022 203.0
4023 204.0
4024 204.0
4025 203.0
4026 204.0
4027 204.0
4028 204.0
4029 204.0
4030 1.0
4031 204.0
4032 204.0
4033 204.0
4034 204.0
4035 204.0
4036 204.0
4037 204.0
4038 204.0
4039 186.0
4040 3243.0
4041 203.0
4042 0.0
4043 203.0
4044 0.0
4045 251.0
4046 203.0
4047 33.0
4048 203.0
4049 203.0
4050 204.0
4051 251.0
4052 203.0
4053 33.0
4054 204.0
4055 204.0
4056 32.0
4057 43.0
4058 204.0
4059 204.0
4060 363.0
4061 363.0
4062 363.0
4063 363.0
4064 252.0
4065 251.0
4066 203.0
4067 0.0
4068 0.0
4069 203.0
4070 169.0
4071 203.0
4072 203.0
4073 203.0
4074 251.0
4075 251.0
4076 204.0
4077 204.0
4078 204.0
4079 204.0
4080 204.0
4081 203.0
4082 204.0
4083 204.0
4084 204.0
4085 204.0
4086 204.0
4087 49.0
4088 203.0
4089 252.0
4090 252.0
4091 44.0
4092 444.0
4093 203.0
4094 203.0
4095 203.0
4096 180.0
4097 32.0
4098 204.0
4099 203.0
4100 204.0
4101 204.0
4102 204.0
4103 204.0
4104 204.0
4105 180.0
4106 204.0
4107 203.0
4108 37.0
4109 171.0
4110 252.0
4111 252.0
4112 203.0
4113 203.0
4114 0.0
4115 0.0
4116 204.0
4117 203.0
4118 0.0
4119 203.0
4120 203.0
4121 204.0
4122 203.0
4123 0.0
4124 204.0
4125 204.0
4126 203.0
4127 204.0
4128 204.0
4129 204.0
4130 204.0
4131 0.0
4132 204.0
4133 204.0
4134 204.0
4135 204.0
4136 204.0
4137 38.0
4138 203.0
4139 204.0
4140 109.0
4141 3243.0
4142 204.0
4143 38.0
4144 203.0
4145 203.0
4146 251.0
4147 2107.0
4148 204.0
4149 204.0
4150 203.0
4151 204.0
4152 204.0
4153 203.0
4154 203.0
4155 204.0
4156 0.0
4157 203.0
4158 32.0
4159 204.0
4160 363.0
4161 204.0
4162 251.0
4163 363.0
4164 443.0
4165 251.0
4166 251.0
4167 203.0
4168 203.0
4169 32.0
4170 203.0
4171 0.0
4172 203.0
4173 203.0
4174 32.0
4175 251.0
4176 169.0
4177 38.0
4178 49.0
4179 204.0
4180 204.0
4181 204.0
4182 204.0
4183 204.0
4184 203.0
4185 204.0
4186 204.0
4187 204.0
4188 203.0
4189 203.0
4190 443.0
4191 204.0
4192 44.0
4193 204.0
4194 203.0
4195 203.0
4196 203.0
4197 204.0
4198 38.0
4199 204.0
4200 203.0
4201 204.0
4202 204.0
4203 204.0
4204 204.0
4205 204.0
4206 203.0
4207 204.0
4208 204.0
4209 30.0
4210 156.0
4211 239.0
4212 156.0
4213 103.0
4214 31.0
4215 0.0
4216 251.0
4217 204.0
4218 204.0
4219 204.0
4220 204.0
4221 204.0
4222 204.0
4223 203.0
4224 109.0
4225 204.0
4226 204.0
4227 204.0
4228 204.0
4229 203.0
4230 204.0
4231 204.0
4232 1.0
4233 204.0
4234 204.0
4235 204.0
4236 204.0
4237 204.0
4238 38.0
4239 204.0
4240 204.0
4241 98.0
4242 3243.0
4243 204.0
4244 38.0
4245 204.0
4246 203.0
4247 203.0
4248 1708.0
4249 203.0
4250 203.0
4251 443.0
4252 204.0
4253 203.0
4254 203.0
4255 109.0
4256 203.0
4257 0.0
4258 103.0
4259 251.0
4260 32.0
4261 38.0
4262 363.0
4263 363.0
4264 252.0
4265 443.0
4266 364.0
4267 0.0
4268 252.0
4269 203.0
4270 203.0
4271 203.0
4272 14.0
4273 203.0
4274 203.0
4275 180.0
4276 251.0
4277 32.0
4278 6.0
4279 204.0
4280 204.0
4281 92.0
4282 204.0
4283 204.0
4284 204.0
4285 203.0
4286 204.0
4287 204.0
4288 204.0
4289 204.0
4290 203.0
4291 252.0
4292 6.0
4293 203.0
4294 204.0
4295 49.0
4296 203.0
4297 169.0
4298 203.0
4299 32.0
4300 204.0
4301 203.0
4302 204.0
4303 204.0
4304 204.0
4305 204.0
4306 204.0
4307 204.0
4308 204.0
4309 32.0
4310 30.0
4311 252.0
4312 239.0
4313 252.0
4314 158.0
4315 203.0
4316 0.0
4317 0.0
4318 204.0
4319 204.0
4320 0.0
4321 204.0
4322 204.0
4323 204.0
4324 203.0
4325 203.0
4326 204.0
4327 204.0
4328 204.0
4329 204.0
4330 203.0
4331 204.0
4332 204.0
4333 0.0
4334 204.0
4335 204.0
4336 204.0
4337 204.0
4338 204.0
4339 204.0
4340 204.0
4341 204.0
4342 98.0
4343 3243.0
4344 203.0
4345 25.0
4346 203.0
4347 203.0
4348 203.0
4349 203.0
4350 203.0
4351 203.0
4352 444.0
4353 204.0
4354 203.0
4355 203.0
4356 169.0
4357 204.0
4358 0.0
4359 103.0
4360 203.0
4361 32.0
4362 444.0
4363 98.0
4364 443.0
4365 443.0
4366 363.0
4367 252.0
4368 203.0
4369 4.0
4370 32.0
4371 203.0
4372 203.0
4373 203.0
4374 203.0
4375 203.0
4376 38.0
4377 169.0
4378 32.0
4379 32.0
4380 204.0
4381 204.0
4382 164.0
4383 204.0
4384 203.0
4385 204.0
4386 203.0
4387 204.0
4388 31.0
4389 204.0
4390 38.0
4391 203.0
4392 252.0
4393 0.0
4394 203.0
4395 204.0
4396 203.0
4397 203.0
4398 0.0
4399 203.0
4400 32.0
4401 204.0
4402 204.0
4403 204.0
4404 204.0
4405 204.0
4406 204.0
4407 204.0
4408 203.0
4409 204.0
4410 204.0
4411 30.0
4412 171.0
4413 156.0
4414 159.0
4415 203.0
4416 203.0
4417 0.0
4418 204.0
4419 120.0
4420 203.0
4421 204.0
4422 92.0
4423 204.0
4424 204.0
4425 203.0
4426 0.0
4427 204.0
4428 204.0
4429 203.0
4430 204.0
4431 204.0
4432 204.0
4433 204.0
4434 0.0
4435 204.0
4436 204.0
4437 204.0
4438 204.0
4439 204.0
4440 204.0
4441 204.0
4442 204.0
4443 109.0
4444 3243.0
4445 203.0
4446 38.0
4447 203.0
4448 204.0
4449 203.0
4450 203.0
4451 751.0
4452 204.0
4453 203.0
4454 204.0
4455 203.0
4456 203.0
4457 203.0
4458 204.0
4459 204.0
4460 38.0
4461 32.0
4462 204.0
4463 204.0
4464 65.0
4465 363.0
4466 363.0
4467 363.0
4468 251.0
4469 38.0
4470 251.0
4471 251.0
4472 203.0
4473 0.0
4474 169.0
4475 32.0
4476 203.0
4477 180.0
4478 169.0
4479 38.0
4480 38.0
4481 203.0
4482 204.0
4483 204.0
4484 204.0
4485 203.0
4486 204.0
4487 204.0
4488 204.0
4489 33.0
4490 204.0
4491 49.0
4492 33.0
4493 251.0
4494 103.0
4495 33.0
4496 204.0
4497 203.0
4498 203.0
4499 203.0
4500 169.0
4501 0.0
4502 204.0
4503 203.0
4504 204.0
4505 204.0
4506 204.0
4507 204.0
4508 204.0
4509 203.0
4510 204.0
4511 204.0
4512 30.0
4513 156.0
4514 252.0
4515 252.0
4516 252.0
4517 204.0
4518 0.0
4519 0.0
4520 204.0
4521 203.0
4522 204.0
4523 204.0
4524 204.0
4525 204.0
4526 203.0
4527 204.0
4528 204.0
4529 204.0
4530 203.0
4531 204.0
4532 203.0
4533 204.0
4534 204.0
4535 1.0
4536 204.0
4537 204.0
4538 204.0
4539 204.0
4540 204.0
4541 203.0
4542 204.0
4543 204.0
4544 109.0
4545 3243.0
4546 204.0
4547 38.0
4548 204.0
4549 203.0
4550 443.0
4551 443.0
4552 444.0
4553 252.0
4554 203.0
4555 203.0
4556 32.0
4557 203.0
4558 109.0
4559 203.0
4560 204.0
4561 203.0
4562 32.0
4563 203.0
4564 363.0
4565 203.0
4566 251.0
4567 251.0
4568 443.0
4569 251.0
4570 0.0
4571 252.0
4572 32.0
4573 203.0
4574 203.0
4575 0.0
4576 203.0
4577 203.0
4578 191.0
4579 169.0
4580 180.0
4581 251.0
4582 204.0
4583 204.0
4584 204.0
4585 204.0
4586 204.0
4587 204.0
4588 204.0
4589 204.0
4590 204.0
4591 204.0
4592 49.0
4593 203.0
4594 252.0
4595 443.0
4596 33.0
4597 204.0
4598 203.0
4599 203.0
4600 0.0
4601 0.0
4602 203.0
4603 204.0
4604 203.0
4605 204.0
4606 204.0
4607 204.0
4608 204.0
4609 204.0
4610 203.0
4611 204.0
4612 25.0
4613 203.0
4614 171.0
4615 252.0
4616 252.0
4617 158.0
4618 31.0
4619 0.0
4620 0.0
4621 114.0
4622 0.0
4623 204.0
4624 204.0
4625 203.0
4626 204.0
4627 204.0
4628 203.0
4629 204.0
4630 204.0
4631 204.0
4632 204.0
4633 203.0
4634 204.0
4635 204.0
4636 32.0
4637 204.0
4638 204.0
4639 204.0
4640 204.0
4641 204.0
4642 204.0
4643 204.0
4644 204.0
4645 186.0
4646 3243.0
4647 204.0
4648 0.0
4649 49.0
4650 204.0
4651 203.0
4652 1708.0
4653 203.0
4654 252.0
4655 443.0
4656 203.0
4657 252.0
4658 33.0
4659 1.0
4660 204.0
4661 0.0
4662 103.0
4663 203.0
4664 32.0
4665 363.0
4666 251.0
4667 363.0
4668 251.0
4669 252.0
4670 251.0
4671 504.0
4672 4.0
4673 32.0
4674 203.0
4675 25.0
4676 180.0
4677 32.0
4678 203.0
4679 169.0
4680 251.0
4681 32.0
4682 6.0
4683 204.0
4684 204.0
4685 203.0
4686 204.0
4687 204.0
4688 204.0
4689 204.0
4690 204.0
4691 204.0
4692 204.0
4693 38.0
4694 104.0
4695 252.0
4696 252.0
4697 203.0
4698 204.0
4699 203.0
4700 203.0
4701 0.0
4702 203.0
4703 203.0
4704 204.0
4705 203.0
4706 204.0
4707 204.0
4708 204.0
4709 204.0
4710 204.0
4711 204.0
4712 204.0
4713 32.0
4714 180.0
4715 171.0
4716 252.0
4717 168.0
4718 203.0
4719 169.0
4720 0.0
4721 120.0
4722 204.0
4723 204.0
4724 204.0
4725 25.0
4726 204.0
4727 204.0
4728 203.0
4729 1.0
4730 204.0
4731 204.0
4732 204.0
4733 204.0
4734 204.0
4735 204.0
4736 204.0
4737 30.0
4738 204.0
4739 204.0
4740 204.0
4741 204.0
4742 204.0
4743 204.0
4744 204.0
4745 204.0
4746 175.0
4747 3243.0
4748 203.0
4749 38.0
4750 203.0
4751 203.0
4752 2007.0
4753 203.0
4754 1999.0
4755 203.0
4756 203.0
4757 204.0
4758 203.0
4759 203.0
4760 169.0
4761 204.0
4762 0.0
4763 203.0
4764 203.0
4765 32.0
4766 204.0
4767 203.0
4768 363.0
4769 363.0
4770 363.0
4771 251.0
4772 251.0
4773 225.0
4774 5.0
4775 203.0
4776 0.0
4777 169.0
4778 32.0
4779 203.0
4780 203.0
4781 169.0
4782 32.0
4783 6.0
4784 0.0
4785 204.0
4786 164.0
4787 204.0
4788 203.0
4789 204.0
4790 203.0
4791 204.0
4792 204.0
4793 204.0
4794 203.0
4795 203.0
4796 443.0
4797 252.0
4798 204.0
4799 444.0
4800 203.0
4801 203.0
4802 0.0
4803 203.0
4804 180.0
4805 204.0
4806 204.0
4807 204.0
4808 204.0
4809 204.0
4810 204.0
4811 204.0
4812 204.0
4813 204.0
4814 204.0
4815 203.0
4816 252.0
4817 252.0
4818 252.0
4819 251.0
4820 203.0
4821 0.0
4822 0.0
4823 0.0
4824 204.0
4825 204.0
4826 215.0
4827 109.0
4828 204.0
4829 0.0
4830 1.0
4831 204.0
4832 204.0
4833 203.0
4834 204.0
4835 204.0
4836 204.0
4837 204.0
4838 1.0
4839 204.0
4840 204.0
4841 204.0
4842 204.0
4843 204.0
4844 204.0
4845 204.0
4846 204.0
4847 109.0
4848 3243.0
4849 204.0
4850 38.0
4851 204.0
4852 203.0
4853 203.0
4854 203.0
4855 1707.0
4856 204.0
4857 203.0
4858 203.0
4859 251.0
4860 180.0
4861 203.0
4862 204.0
4863 204.0
4864 38.0
4865 203.0
4866 196.0
4867 363.0
4868 203.0
4869 363.0
4870 363.0
4871 443.0
4872 251.0
4873 504.0
4874 203.0
4875 225.0
4876 203.0
4877 147.0
4878 147.0
4879 203.0
4880 203.0
4881 191.0
4882 169.0
4883 169.0
4884 32.0
4885 245.0
4886 204.0
4887 204.0
4888 204.0
4889 204.0
4890 204.0
4891 204.0
4892 204.0
4893 204.0
4894 204.0
4895 204.0
4896 0.0
4897 252.0
4898 32.0
4899 38.0
4900 252.0
4901 203.0
4902 203.0
4903 203.0
4904 0.0
4905 180.0
4906 204.0
4907 204.0
4908 204.0
4909 204.0
4910 204.0
4911 204.0
4912 204.0
4913 204.0
4914 204.0
4915 204.0
4916 203.0
4917 156.0
4918 252.0
4919 252.0
4920 158.0
4921 169.0
4922 0.0
4923 0.0
4924 204.0
4925 204.0
4926 203.0
4927 251.0
4928 215.0
4929 204.0
4930 0.0
4931 120.0
4932 204.0
4933 204.0
4934 203.0
4935 204.0
4936 203.0
4937 204.0
4938 204.0
4939 0.0
4940 204.0
4941 204.0
4942 204.0
4943 204.0
4944 204.0
4945 38.0
4946 204.0
4947 204.0
4948 186.0
4949 3243.0
4950 204.0
4951 38.0
4952 49.0
4953 203.0
4954 1534.0
4955 2653.0
4956 203.0
4957 1.0
4958 443.0
4959 203.0
4960 204.0
4961 0.0
4962 109.0
4963 204.0
4964 0.0
4965 203.0
4966 203.0
4967 185.0
4968 118.0
4969 251.0
4970 444.0
4971 252.0
4972 443.0
4973 252.0
4974 0.0
4975 8.0
4976 32.0
4977 203.0
4978 203.0
4979 147.0
4980 203.0
4981 203.0
4982 191.0
4983 169.0
4984 38.0
4985 38.0
4986 251.0
4987 0.0
4988 203.0
4989 204.0
4990 204.0
4991 204.0
4992 204.0
4993 204.0
4994 204.0
4995 204.0
4996 49.0
4997 203.0
4998 443.0
4999 109.0
5000 104.0
5001 444.0
5002 6.0
5003 203.0
5004 203.0
5005 203.0
5006 204.0
5007 204.0
5008 203.0
5009 204.0
5010 204.0
5011 204.0
5012 204.0
5013 204.0
5014 204.0
5015 204.0
5016 204.0
5017 30.0
5018 252.0
5019 252.0
5020 252.0
5021 364.0
5022 158.0
5023 0.0
5024 120.0
5025 114.0
5026 204.0
5027 248.0
5028 251.0
5029 222.0
5030 0.0
5031 203.0
5032 6.0
5033 204.0
5034 204.0
5035 204.0
5036 204.0
5037 203.0
5038 204.0
5039 204.0
5040 1.0
5041 204.0
5042 204.0
5043 204.0
5044 204.0
5045 204.0
5046 204.0
5047 204.0
5048 204.0
5049 169.0
5050 3243.0
5051 203.0
5052 38.0
5053 203.0
5054 203.0
5055 251.0
5056 1772.0
5057 443.0
5058 33.0
5059 443.0
5060 203.0
5061 203.0
5062 38.0
5063 1.0
5064 204.0
5065 204.0
5066 33.0
5067 443.0
5068 203.0
5069 204.0
5070 204.0
5071 443.0
5072 363.0
5073 363.0
5074 251.0
5075 251.0
5076 0.0
5077 32.0
5078 203.0
5079 203.0
5080 169.0
5081 30.0
5082 203.0
5083 169.0
5084 169.0
5085 32.0
5086 38.0
5087 251.0
5088 169.0
5089 203.0
5090 204.0
5091 204.0
5092 204.0
5093 203.0
5094 204.0
5095 204.0
5096 204.0
5097 32.0
5098 203.0
5099 444.0
5100 252.0
5101 203.0
5102 204.0
5103 203.0
5104 203.0
5105 0.0
5106 32.0
5107 203.0
5108 204.0
5109 203.0
5110 204.0
5111 204.0
5112 204.0
5113 204.0
5114 204.0
5115 204.0
5116 204.0
5117 32.0
5118 25.0
5119 171.0
5120 252.0
5121 32.0
5122 203.0
5123 103.0
5124 0.0
5125 0.0
5126 204.0
5127 32.0
5128 222.0
5129 215.0
5130 162.0
5131 1.0
5132 203.0
5133 203.0
5134 204.0
5135 204.0
5136 186.0
5137 204.0
5138 204.0
5139 204.0
5140 204.0
5141 0.0
5142 1.0
5143 204.0
5144 204.0
5145 204.0
5146 204.0
5147 204.0
5148 204.0
5149 204.0
5150 186.0
5151 3243.0
5152 204.0
5153 38.0
5154 203.0
5155 987.0
5156 443.0
5157 203.0
5158 1707.0
5159 203.0
5160 203.0
5161 204.0
5162 203.0
5163 203.0
5164 169.0
5165 204.0
5166 204.0
5167 38.0
5168 251.0
5169 180.0
5170 363.0
5171 363.0
5172 363.0
5173 363.0
5174 363.0
5175 251.0
5176 251.0
5177 251.0
5178 0.0
5179 203.0
5180 0.0
5181 169.0
5182 203.0
5183 203.0
5184 203.0
5185 169.0
5186 32.0
5187 6.0
5188 0.0
5189 32.0
5190 204.0
5191 204.0
5192 203.0
5193 204.0
5194 204.0
5195 204.0
5196 204.0
5197 204.0
5198 203.0
5199 203.0
5200 444.0
5201 109.0
5202 203.0
5203 251.0
5204 203.0
5205 203.0
5206 169.0
5207 32.0
5208 0.0
5209 204.0
5210 203.0
5211 204.0
5212 204.0
5213 204.0
5214 204.0
5215 204.0
5216 204.0
5217 204.0
5218 175.0
5219 203.0
5220 156.0
5221 252.0
5222 252.0
5223 203.0
5224 203.0
5225 186.0
5226 204.0
5227 0.0
5228 32.0
5229 203.0
5230 251.0
5231 248.0
5232 203.0
5233 204.0
5234 120.0
5235 204.0
5236 204.0
5237 203.0
5238 204.0
5239 204.0
5240 204.0
5241 204.0
5242 0.0
5243 204.0
5244 204.0
5245 204.0
5246 204.0
5247 204.0
5248 38.0
5249 204.0
5250 204.0
5251 109.0
5252 3243.0
5253 204.0
5254 38.0
5255 443.0
5256 38.0
5257 203.0
5258 3243.0
5259 751.0
5260 203.0
5261 443.0
5262 203.0
5263 0.0
5264 203.0
5265 180.0
5266 204.0
5267 0.0
5268 33.0
5269 203.0
5270 204.0
5271 280.0
5272 251.0
5273 363.0
5274 252.0
5275 443.0
5276 34.0
5277 251.0
5278 252.0
5279 32.0
5280 203.0
5281 30.0
5282 147.0
5283 0.0
5284 203.0
5285 169.0
5286 169.0
5287 38.0
5288 38.0
5289 25.0
5290 33.0
5291 204.0
5292 204.0
5293 203.0
5294 204.0
5295 204.0
5296 204.0
5297 204.0
5298 204.0
5299 203.0
5300 104.0
5301 443.0
5302 109.0
5303 203.0
5304 444.0
5305 11.0
5306 203.0
5307 203.0
5308 169.0
5309 180.0
5310 204.0
5311 204.0
5312 204.0
5313 204.0
5314 204.0
5315 204.0
5316 204.0
5317 204.0
5318 204.0
5319 204.0
5320 203.0
5321 156.0
5322 252.0
5323 252.0
5324 0.0
5325 203.0
5326 0.0
5327 0.0
5328 0.0
5329 32.0
5330 32.0
5331 251.0
5332 25.0
5333 203.0
5334 0.0
5335 0.0
5336 204.0
5337 204.0
5338 204.0
5339 204.0
5340 204.0
5341 204.0
5342 204.0
5343 0.0
5344 204.0
5345 204.0
5346 204.0
5347 204.0
5348 204.0
5349 33.0
5350 204.0
5351 204.0
5352 109.0
5353 3243.0
5354 204.0
5355 49.0
5356 251.0
5357 203.0
5358 203.0
5359 743.0
5360 4096.0
5361 203.0
5362 443.0
5363 251.0
5364 33.0
5365 185.0
5366 109.0
5367 204.0
5368 204.0
5369 33.0
5370 203.0
5371 185.0
5372 363.0
5373 251.0
5374 363.0
5375 251.0
5376 363.0
5377 11.0
5378 203.0
5379 251.0
5380 32.0
5381 203.0
5382 251.0
5383 158.0
5384 0.0
5385 203.0
5386 180.0
5387 251.0
5388 38.0
5389 203.0
5390 363.0
5391 32.0
5392 203.0
5393 204.0
5394 204.0
5395 204.0
5396 204.0
5397 204.0
5398 204.0
5399 204.0
5400 49.0
5401 33.0
5402 443.0
5403 443.0
5404 38.0
5405 204.0
5406 203.0
5407 203.0
5408 180.0
5409 169.0
5410 204.0
5411 204.0
5412 203.0
5413 0.0
5414 204.0
5415 204.0
5416 204.0
5417 204.0
5418 204.0
5419 204.0
5420 25.0
5421 203.0
5422 171.0
5423 252.0
5424 364.0
5425 158.0
5426 158.0
5427 0.0
5428 0.0
5429 203.0
5430 5.0
5431 195.0
5432 251.0
5433 190.0
5434 25.0
5435 203.0
5436 33.0
5437 204.0
5438 204.0
5439 203.0
5440 204.0
5441 203.0
5442 204.0
5443 204.0
5444 0.0
5445 204.0
5446 204.0
5447 204.0
5448 204.0
5449 204.0
5450 204.0
5451 204.0
5452 204.0
5453 98.0
5454 2016.0
5455 204.0
5456 38.0
5457 114.0
5458 203.0
5459 203.0
5460 743.0
5461 443.0
5462 203.0
5463 203.0
5464 204.0
5465 203.0
5466 33.0
5467 109.0
5468 204.0
5469 0.0
5470 180.0
5471 251.0
5472 180.0
5473 204.0
5474 251.0
5475 363.0
5476 363.0
5477 363.0
5478 251.0
5479 251.0
5480 32.0
5481 32.0
5482 203.0
5483 203.0
5484 169.0
5485 203.0
5486 203.0
5487 203.0
5488 251.0
5489 169.0
5490 6.0
5491 251.0
5492 0.0
5493 203.0
5494 204.0
5495 204.0
5496 204.0
5497 203.0
5498 204.0
5499 204.0
5500 204.0
5501 203.0
5502 203.0
5503 252.0
5504 252.0
5505 38.0
5506 444.0
5507 204.0
5508 203.0
5509 204.0
5510 203.0
5511 203.0
5512 204.0
5513 203.0
5514 204.0
5515 204.0
5516 204.0
5517 204.0
5518 204.0
5519 204.0
5520 204.0
5521 32.0
5522 156.0
5523 252.0
5524 251.0
5525 32.0
5526 163.0
5527 103.0
5528 0.0
5529 204.0
5530 363.0
5531 32.0
5532 197.0
5533 215.0
5534 222.0
5535 222.0
5536 203.0
5537 203.0
5538 204.0
5539 204.0
5540 203.0
5541 204.0
5542 204.0
5543 204.0
5544 204.0
5545 0.0
5546 204.0
5547 204.0
5548 204.0
5549 204.0
5550 204.0
5551 38.0
5552 204.0
5553 204.0
5554 109.0
5555 2016.0
5556 204.0
5557 38.0
5558 204.0
5559 1708.0
5560 443.0
5561 203.0
5562 443.0
5563 203.0
5564 203.0
5565 203.0
5566 203.0
5567 203.0
5568 180.0
5569 204.0
5570 204.0
5571 33.0
5572 251.0
5573 203.0
5574 363.0
5575 443.0
5576 363.0
5577 443.0
5578 363.0
5579 252.0
5580 251.0
5581 0.0
5582 251.0
5583 203.0
5584 0.0
5585 169.0
5586 0.0
5587 203.0
5588 0.0
5589 169.0
5590 32.0
5591 33.0
5592 346.0
5593 204.0
5594 204.0
5595 204.0
5596 203.0
5597 204.0
5598 213.0
5599 204.0
5600 204.0
5601 204.0
5602 203.0
5603 104.0
5604 444.0
5605 444.0
5606 203.0
5607 444.0
5608 49.0
5609 180.0
5610 32.0
5611 32.0
5612 204.0
5613 204.0
5614 204.0
5615 204.0
5616 204.0
5617 204.0
5618 204.0
5619 204.0
5620 204.0
5621 204.0
5622 204.0
5623 180.0
5624 156.0
5625 364.0
5626 364.0
5627 158.0
5628 169.0
5629 0.0
5630 251.0
5631 186.0
5632 203.0
5633 32.0
5634 251.0
5635 203.0
5636 188.0
5637 1.0
5638 203.0
5639 204.0
5640 204.0
5641 204.0
5642 204.0
5643 204.0
5644 204.0
5645 204.0
5646 30.0
5647 204.0
5648 204.0
5649 204.0
5650 204.0
5651 204.0
5652 203.0
5653 204.0
5654 204.0
5655 109.0
5656 2016.0
5657 204.0
5658 38.0
5659 251.0
5660 109.0
5661 169.0
5662 251.0
5663 1708.0
5664 204.0
5665 444.0
5666 180.0
5667 204.0
5668 180.0
5669 185.0
5670 204.0
5671 0.0
5672 203.0
5673 203.0
5674 185.0
5675 363.0
5676 203.0
5677 363.0
5678 251.0
5679 363.0
5680 251.0
5681 251.0
5682 203.0
5683 32.0
5684 203.0
5685 38.0
5686 147.0
5687 32.0
5688 203.0
5689 203.0
5690 251.0
5691 203.0
5692 32.0
5693 0.0
5694 203.0
5695 203.0
5696 204.0
5697 204.0
5698 204.0
5699 204.0
5700 203.0
5701 204.0
5702 204.0
5703 203.0
5704 104.0
5705 443.0
5706 114.0
5707 203.0
5708 443.0
5709 203.0
5710 0.0
5711 32.0
5712 204.0
5713 180.0
5714 204.0
5715 203.0
5716 204.0
5717 204.0
5718 204.0
5719 204.0
5720 204.0
5721 204.0
5722 204.0
5723 204.0
5724 25.0
5725 251.0
5726 33.0
5727 363.0
5728 203.0
5729 169.0
5730 0.0
5731 180.0
5732 186.0
5733 32.0
5734 32.0
5735 251.0
5736 190.0
5737 197.0
5738 162.0
5739 0.0
5740 204.0
5741 204.0
5742 204.0
5743 204.0
5744 203.0
5745 204.0
5746 204.0
5747 30.0
5748 204.0
5749 204.0
5750 204.0
5751 204.0
5752 204.0
5753 204.0
5754 204.0
5755 204.0
5756 191.0
5757 4096.0
