1 0.0
2 25.0
3 0.0
4 203.0
5 25.0
6 1.0
7 0.0
8 0.0
9 114.0
10 0.0
11 0.0
12 203.0
13 0.0
14 103.0
15 147.0
16 1.0
17 4.0
18 0.0
19 84.0
20 174.0
21 147.0
22 186.0
23 36.0
24 104.0
25 196.0
26 0.0
27 44.0
28 204.0
29 43.0
30 98.0
31 98.0
32 0.0
33 186.0
34 0.0
35 0.0
36 203.0
37 0.0
38 41.0
39 160.0
40 165.0
41 34.0
42 55.0
43 6.0
44 32.0
45 204.0
46 0.0
47 8.0
48 0.0
49 51.0
50 111.0
51 204.0
52 122.0
53 25.0
54 87.0
55 203.0
56 203.0
57 0.0
58 0.0
59 103.0
60 114.0
61 203.0
62 145.0
63 203.0
64 175.0
65 103.0
66 147.0
67 0.0
68 4.0
69 100.0
70 204.0
71 174.0
72 109.0
73 186.0
74 114.0
75 203.0
76 196.0
77 148.0
78 203.0
79 204.0
80 197.0
81 98.0
82 98.0
83 0.0
84 186.0
85 0.0
86 203.0
87 203.0
88 0.0
89 18.0
90 13.0
91 165.0
92 158.0
93 55.0
94 86.0
95 203.0
96 204.0
97 35.0
98 8.0
99 0.0
100 0.0
101 111.0
102 204.0
103 163.0
104 203.0
105 0.0
106 203.0
107 11.0
108 118.0
109 103.0
110 203.0
111 203.0
112 222.0
113 156.0
114 203.0
115 175.0
116 0.0
117 147.0
118 45.0
119 100.0
120 204.0
121 99.0
122 203.0
123 136.0
124 186.0
125 172.0
126 203.0
127 203.0
128 0.0
129 204.0
130 204.0
131 204.0
132 53.0
133 98.0
134 169.0
135 186.0
136 180.0
137 175.0
138 203.0
139 203.0
140 41.0
141 133.0
142 165.0
143 26.0
144 203.0
145 38.0
146 203.0
147 204.0
148 204.0
149 0.0
150 0.0
151 134.0
152 203.0
153 222.0
154 203.0
155 203.0
156 335.0
157 203.0
158 79.0
159 49.0
160 203.0
161 203.0
162 203.0
163 203.0
164 76.0
165 203.0
166 2.0
167 165.0
168 147.0
169 101.0
170 204.0
171 203.0
172 204.0
173 82.0
174 104.0
175 186.0
176 162.0
177 109.0
178 204.0
179 66.0
180 113.0
181 204.0
182 251.0
183 204.0
184 169.0
185 169.0
186 186.0
187 108.0
188 0.0
189 203.0
190 203.0
191 61.0
192 2.0
193 165.0
194 158.0
195 169.0
196 58.0
197 203.0
198 204.0
199 38.0
200 203.0
201 39.0
202 64.0
203 203.0
204 335.0
205 203.0
206 203.0
207 32.0
208 87.0
209 30.0
210 203.0
211 203.0
212 203.0
213 0.0
214 237.0
215 203.0
216 203.0
217 175.0
218 159.0
219 152.0
220 203.0
221 203.0
222 204.0
223 204.0
224 203.0
225 202.0
226 186.0
227 197.0
228 118.0
229 204.0
230 0.0
231 203.0
232 251.0
233 251.0
234 251.0
235 174.0
236 180.0
237 186.0
238 108.0
239 203.0
240 203.0
241 203.0
242 51.0
243 0.0
244 165.0
245 197.0
246 169.0
247 60.0
248 72.0
249 204.0
250 203.0
251 203.0
252 203.0
253 17.0
254 203.0
255 335.0
256 203.0
257 203.0
258 0.0
259 0.0
260 43.0
261 203.0
262 203.0
263 203.0
264 222.0
265 0.0
266 158.0
267 203.0
268 202.0
269 181.0
270 67.0
271 185.0
272 204.0
273 204.0
274 122.0
275 203.0
276 203.0
277 148.0
278 204.0
279 118.0
280 203.0
281 203.0
282 203.0
283 251.0
284 203.0
285 251.0
286 98.0
287 0.0
288 186.0
289 0.0
290 175.0
291 203.0
292 203.0
293 119.0
294 33.0
295 121.0
296 55.0
297 38.0
298 120.0
299 33.0
300 204.0
301 203.0
302 204.0
303 203.0
304 131.0
305 203.0
306 335.0
307 203.0
308 203.0
309 77.0
310 87.0
311 137.0
312 30.0
313 158.0
314 218.0
315 171.0
316 170.0
317 204.0
318 203.0
319 0.0
320 53.0
321 33.0
322 77.0
323 203.0
324 204.0
325 203.0
326 73.0
327 110.0
328 185.0
329 109.0
330 204.0
331 204.0
332 204.0
333 203.0
334 251.0
335 204.0
336 204.0
337 203.0
338 169.0
339 186.0
340 97.0
341 0.0
342 203.0
343 203.0
344 119.0
345 158.0
346 132.0
347 55.0
348 38.0
349 117.0
350 252.0
351 204.0
352 203.0
353 43.0
354 203.0
355 33.0
356 203.0
357 335.0
358 203.0
359 203.0
360 52.0
361 89.0
362 137.0
363 203.0
364 191.0
365 203.0
366 0.0
367 154.0
368 204.0
369 204.0
370 0.0
371 25.0
372 145.0
373 50.0
374 203.0
375 204.0
376 204.0
377 95.0
378 180.0
379 203.0
380 180.0
381 233.0
382 204.0
383 131.0
384 203.0
385 203.0
386 251.0
387 251.0
388 203.0
389 203.0
390 186.0
391 36.0
392 203.0
393 203.0
394 203.0
395 133.0
396 180.0
397 34.0
398 158.0
399 34.0
400 121.0
401 251.0
402 251.0
403 204.0
404 204.0
405 136.0
406 33.0
407 203.0
408 335.0
409 203.0
410 203.0
411 88.0
412 12.0
413 61.0
414 203.0
415 203.0
416 203.0
417 203.0
418 114.0
419 158.0
420 203.0
421 203.0
422 0.0
423 150.0
424 158.0
425 204.0
426 204.0
427 122.0
428 99.0
429 180.0
430 135.0
431 262.0
432 196.0
433 191.0
434 203.0
435 204.0
436 251.0
437 251.0
438 251.0
439 203.0
440 251.0
441 203.0
442 203.0
443 203.0
444 203.0
445 203.0
446 11.0
447 133.0
448 34.0
449 33.0
450 203.0
451 204.0
452 203.0
453 201.0
454 251.0
455 203.0
456 203.0
457 203.0
458 203.0
459 335.0
460 203.0
461 203.0
462 0.0
463 186.0
464 204.0
465 203.0
466 202.0
467 251.0
468 203.0
469 121.0
470 158.0
471 204.0
472 203.0
473 159.0
474 203.0
475 185.0
476 185.0
477 204.0
478 204.0
479 203.0
480 203.0
481 104.0
482 192.0
483 203.0
484 135.0
485 204.0
486 203.0
487 251.0
488 203.0
489 204.0
490 187.0
491 203.0
492 245.0
493 186.0
494 203.0
495 203.0
496 204.0
497 0.0
498 169.0
499 17.0
500 169.0
501 38.0
502 94.0
503 204.0
504 252.0
505 251.0
506 251.0
507 203.0
508 203.0
509 203.0
510 335.0
511 203.0
512 116.0
513 0.0
514 203.0
515 78.0
516 169.0
517 203.0
518 203.0
519 114.0
520 180.0
521 204.0
522 203.0
523 203.0
524 142.0
525 12.0
526 55.0
527 185.0
528 204.0
529 203.0
530 95.0
531 126.0
532 196.0
533 159.0
534 175.0
535 109.0
536 204.0
537 108.0
538 203.0
539 251.0
540 251.0
541 251.0
542 251.0
543 251.0
544 204.0
545 0.0
546 203.0
547 203.0
548 89.0
549 154.0
550 0.0
551 32.0
552 203.0
553 72.0
554 251.0
555 204.0
556 58.0
557 251.0
558 204.0
559 203.0
560 203.0
561 335.0
562 203.0
563 203.0
564 141.0
565 203.0
566 61.0
567 11.0
568 0.0
569 203.0
570 176.0
571 203.0
572 203.0
573 203.0
574 169.0
575 203.0
576 157.0
577 204.0
578 203.0
579 204.0
580 204.0
581 105.0
582 180.0
583 117.0
584 204.0
585 192.0
586 233.0
587 203.0
588 203.0
589 251.0
590 251.0
591 251.0
592 203.0
593 203.0
594 203.0
595 251.0
596 251.0
597 203.0
598 203.0
599 191.0
600 154.0
601 0.0
602 34.0
603 8.0
604 204.0
605 251.0
606 251.0
607 251.0
608 251.0
609 203.0
610 189.0
611 203.0
612 335.0
613 203.0
614 203.0
615 89.0
616 203.0
617 137.0
618 203.0
619 203.0
620 203.0
621 203.0
622 114.0
623 158.0
624 204.0
625 203.0
626 115.0
627 117.0
628 203.0
629 203.0
630 204.0
631 122.0
632 122.0
633 180.0
634 204.0
635 158.0
636 203.0
637 72.0
638 203.0
639 203.0
640 251.0
641 204.0
642 251.0
643 203.0
644 231.0
645 251.0
646 251.0
647 204.0
648 38.0
649 203.0
650 134.0
651 191.0
652 0.0
653 21.0
654 33.0
655 204.0
656 251.0
657 251.0
658 251.0
659 251.0
660 146.0
661 204.0
662 122.0
663 335.0
664 203.0
665 203.0
666 78.0
667 121.0
668 186.0
669 117.0
670 203.0
671 152.0
672 203.0
673 114.0
674 138.0
675 204.0
676 203.0
677 203.0
678 157.0
679 203.0
680 203.0
681 204.0
682 204.0
683 99.0
684 203.0
685 175.0
686 174.0
687 251.0
688 109.0
689 125.0
690 145.0
691 252.0
692 204.0
693 251.0
694 242.0
695 251.0
696 251.0
697 204.0
698 251.0
699 33.0
700 204.0
701 86.0
702 160.0
703 34.0
704 72.0
705 118.0
706 115.0
707 251.0
708 251.0
709 38.0
710 251.0
711 158.0
712 203.0
713 204.0
714 335.0
715 203.0
716 24.0
717 32.0
718 133.0
719 230.0
720 11.0
721 203.0
722 210.0
723 204.0
724 170.0
725 203.0
726 191.0
727 167.0
728 201.0
729 203.0
730 203.0
731 203.0
732 204.0
733 203.0
734 204.0
735 209.0
736 116.0
737 203.0
738 251.0
739 86.0
740 132.0
741 231.0
742 252.0
743 252.0
744 251.0
745 109.0
746 251.0
747 251.0
748 251.0
749 251.0
750 203.0
751 204.0
752 169.0
753 160.0
754 175.0
755 34.0
756 6.0
757 251.0
758 251.0
759 251.0
760 220.0
761 251.0
762 203.0
763 203.0
764 203.0
765 335.0
766 203.0
767 203.0
768 63.0
769 203.0
770 61.0
771 147.0
772 97.0
773 203.0
774 203.0
775 176.0
776 158.0
777 204.0
778 203.0
779 203.0
780 197.0
781 203.0
782 204.0
783 204.0
784 203.0
785 203.0
786 251.0
787 191.0
788 113.0
789 105.0
790 96.0
791 143.0
792 203.0
793 251.0
794 251.0
795 251.0
796 203.0
797 231.0
798 245.0
799 251.0
800 204.0
801 251.0
802 203.0
803 185.0
804 160.0
805 163.0
806 0.0
807 175.0
808 204.0
809 251.0
810 251.0
811 251.0
812 251.0
813 33.0
814 203.0
815 204.0
816 335.0
817 203.0
818 169.0
819 89.0
820 12.0
821 101.0
822 203.0
823 0.0
824 63.0
825 203.0
826 114.0
827 204.0
828 203.0
829 203.0
830 203.0
831 204.0
832 203.0
833 185.0
834 204.0
835 204.0
836 203.0
837 251.0
838 191.0
839 245.0
840 235.0
841 126.0
842 122.0
843 251.0
844 251.0
845 252.0
846 251.0
847 251.0
848 251.0
849 251.0
850 251.0
851 251.0
852 203.0
853 251.0
854 167.0
855 160.0
856 175.0
857 6.0
858 101.0
859 203.0
860 251.0
861 251.0
862 140.0
863 251.0
864 203.0
865 262.0
866 251.0
867 335.0
868 88.0
869 203.0
870 32.0
871 203.0
872 24.0
873 203.0
874 42.0
875 125.0
876 204.0
877 114.0
878 253.0
879 204.0
880 203.0
881 164.0
882 67.0
883 203.0
884 202.0
885 204.0
886 122.0
887 204.0
888 251.0
889 0.0
890 204.0
891 138.0
892 70.0
893 203.0
894 203.0
895 251.0
896 251.0
897 251.0
898 203.0
899 251.0
900 251.0
901 251.0
902 251.0
903 252.0
904 203.0
905 174.0
906 196.0
907 34.0
908 34.0
909 38.0
910 203.0
911 251.0
912 252.0
913 203.0
914 251.0
915 147.0
916 252.0
917 203.0
918 335.0
919 94.0
920 158.0
921 0.0
922 155.0
923 61.0
924 147.0
925 168.0
926 203.0
927 203.0
928 204.0
929 253.0
930 203.0
931 0.0
932 17.0
933 110.0
934 203.0
935 202.0
936 204.0
937 122.0
938 251.0
939 98.0
940 93.0
941 192.0
942 175.0
943 109.0
944 204.0
945 251.0
946 252.0
947 252.0
948 251.0
949 203.0
950 231.0
951 251.0
952 251.0
953 251.0
954 204.0
955 204.0
956 204.0
957 180.0
958 55.0
959 0.0
960 181.0
961 204.0
962 251.0
963 251.0
964 251.0
965 251.0
966 152.0
967 203.0
968 203.0
969 335.0
970 203.0
971 169.0
972 0.0
973 155.0
974 76.0
975 203.0
976 203.0
977 203.0
978 203.0
979 253.0
980 253.0
981 204.0
982 203.0
983 196.0
984 203.0
985 204.0
986 185.0
987 204.0
988 251.0
989 204.0
990 251.0
991 251.0
992 203.0
993 132.0
994 141.0
995 112.0
996 251.0
997 252.0
998 252.0
999 251.0
1000 203.0
1001 231.0
1002 251.0
1003 251.0
1004 251.0
1005 204.0
1006 132.0
1007 251.0
1008 203.0
1009 158.0
1010 1.0
1011 67.0
1012 169.0
1013 203.0
1014 251.0
1015 251.0
1016 251.0
1017 147.0
1018 203.0
1019 203.0
1020 335.0
1021 203.0
1022 110.0
1023 0.0
1024 203.0
1025 230.0
1026 203.0
1027 0.0
1028 0.0
1029 204.0
1030 253.0
1031 203.0
1032 203.0
1033 169.0
1034 203.0
1035 53.0
1036 203.0
1037 185.0
1038 203.0
1039 203.0
1040 203.0
1041 251.0
1042 113.0
1043 203.0
1044 204.0
1045 76.0
1046 203.0
1047 251.0
1048 251.0
1049 252.0
1050 251.0
1051 203.0
1052 251.0
1053 251.0
1054 251.0
1055 251.0
1056 203.0
1057 251.0
1058 203.0
1059 203.0
1060 204.0
1061 6.0
1062 91.0
1063 57.0
1064 252.0
1065 251.0
1066 83.0
1067 251.0
1068 251.0
1069 204.0
1070 29.0
1071 335.0
1072 0.0
1073 203.0
1074 203.0
1075 0.0
1076 24.0
1077 203.0
1078 0.0
1079 203.0
1080 204.0
1081 253.0
1082 204.0
1083 203.0
1084 203.0
1085 270.0
1086 204.0
1087 204.0
1088 202.0
1089 203.0
1090 236.0
1091 204.0
1092 222.0
1093 121.0
1094 204.0
1095 159.0
1096 203.0
1097 203.0
1098 203.0
1099 252.0
1100 252.0
1101 251.0
1102 251.0
1103 251.0
1104 251.0
1105 251.0
1106 203.0
1107 60.0
1108 203.0
1109 203.0
1110 203.0
1111 203.0
1112 203.0
1113 32.0
1114 0.0
1115 251.0
1116 251.0
1117 203.0
1118 251.0
1119 39.0
1120 204.0
1121 204.0
1122 335.0
1123 44.0
1124 33.0
1125 78.0
1126 63.0
1127 23.0
1128 147.0
1129 203.0
1130 203.0
1131 236.0
1132 204.0
1133 253.0
1134 204.0
1135 136.0
1136 203.0
1137 78.0
1138 203.0
1139 202.0
1140 203.0
1141 251.0
1142 203.0
1143 203.0
1144 203.0
1145 127.0
1146 137.0
1147 203.0
1148 203.0
1149 204.0
1150 251.0
1151 252.0
1152 204.0
1153 203.0
1154 251.0
1155 251.0
1156 203.0
1157 203.0
1158 203.0
1159 203.0
1160 131.0
1161 203.0
1162 203.0
1163 203.0
1164 203.0
1165 0.0
1166 204.0
1167 104.0
1168 33.0
1169 251.0
1170 163.0
1171 203.0
1172 34.0
1173 335.0
1174 204.0
1175 203.0
1176 32.0
1177 52.0
1178 204.0
1179 203.0
1180 199.0
1181 0.0
1182 204.0
1183 253.0
1184 204.0
1185 158.0
1186 202.0
1187 270.0
1188 72.0
1189 204.0
1190 185.0
1191 98.0
1192 203.0
1193 204.0
1194 251.0
1195 178.0
1196 204.0
1197 203.0
1198 141.0
1199 203.0
1200 203.0
1201 41.0
1202 252.0
1203 251.0
1204 203.0
1205 231.0
1206 251.0
1207 203.0
1208 251.0
1209 204.0
1210 252.0
1211 203.0
1212 203.0
1213 98.0
1214 203.0
1215 203.0
1216 43.0
1217 203.0
1218 104.0
1219 43.0
1220 251.0
1221 203.0
1222 203.0
1223 19.0
1224 335.0
1225 203.0
1226 32.0
1227 0.0
1228 0.0
1229 61.0
1230 203.0
1231 203.0
1232 217.0
1233 204.0
1234 253.0
1235 253.0
1236 253.0
1237 203.0
1238 203.0
1239 203.0
1240 203.0
1241 202.0
1242 251.0
1243 203.0
1244 251.0
1245 152.0
1246 121.0
1247 123.0
1248 127.0
1249 141.0
1250 203.0
1251 89.0
1252 251.0
1253 252.0
1254 251.0
1255 203.0
1256 251.0
1257 251.0
1258 251.0
1259 89.0
1260 204.0
1261 204.0
1262 203.0
1263 251.0
1264 203.0
1265 203.0
1266 28.0
1267 38.0
1268 201.0
1269 251.0
1270 32.0
1271 251.0
1272 163.0
1273 203.0
1274 203.0
1275 335.0
1276 0.0
1277 203.0
1278 20.0
1279 32.0
1280 76.0
1281 203.0
1282 147.0
1283 203.0
1284 203.0
1285 253.0
1286 253.0
1287 253.0
1288 204.0
1289 203.0
1290 97.0
1291 203.0
1292 203.0
1293 204.0
1294 251.0
1295 203.0
1296 231.0
1297 93.0
1298 203.0
1299 110.0
1300 130.0
1301 204.0
1302 204.0
1303 251.0
1304 252.0
1305 231.0
1306 203.0
1307 251.0
1308 251.0
1309 203.0
1310 163.0
1311 251.0
1312 203.0
1313 203.0
1314 127.0
1315 30.0
1316 204.0
1317 139.0
1318 33.0
1319 251.0
1320 252.0
1321 43.0
1322 251.0
1323 203.0
1324 203.0
1325 45.0
1326 335.0
1327 11.0
1328 32.0
1329 32.0
1330 32.0
1331 204.0
1332 203.0
1333 203.0
1334 203.0
1335 204.0
1336 204.0
1337 253.0
1338 253.0
1339 191.0
1340 203.0
1341 91.0
1342 203.0
1343 251.0
1344 251.0
1345 251.0
1346 142.0
1347 251.0
1348 191.0
1349 138.0
1350 132.0
1351 70.0
1352 203.0
1353 231.0
1354 251.0
1355 251.0
1356 231.0
1357 203.0
1358 231.0
1359 251.0
1360 202.0
1361 203.0
1362 203.0
1363 251.0
1364 251.0
1365 251.0
1366 204.0
1367 203.0
1368 95.0
1369 0.0
1370 204.0
1371 251.0
1372 100.0
1373 251.0
1374 147.0
1375 251.0
1376 13.0
1377 335.0
1378 203.0
1379 203.0
1380 32.0
1381 0.0
1382 77.0
1383 203.0
1384 139.0
1385 182.0
1386 203.0
1387 253.0
1388 253.0
1389 236.0
1390 89.0
1391 270.0
1392 317.0
1393 204.0
1394 347.0
1395 203.0
1396 251.0
1397 209.0
1398 251.0
1399 121.0
1400 123.0
1401 117.0
1402 204.0
1403 251.0
1404 203.0
1405 203.0
1406 252.0
1407 251.0
1408 203.0
1409 251.0
1410 251.0
1411 251.0
1412 251.0
1413 203.0
1414 203.0
1415 203.0
1416 251.0
1417 203.0
1418 203.0
1419 251.0
1420 33.0
1421 252.0
1422 251.0
1423 25.0
1424 251.0
1425 39.0
1426 203.0
1427 26.0
1428 347.0
1429 203.0
1430 203.0
1431 63.0
1432 0.0
1433 186.0
1434 180.0
1435 203.0
1436 198.0
1437 203.0
1438 253.0
1439 253.0
1440 236.0
1441 203.0
1442 203.0
1443 203.0
1444 537.0
1445 204.0
1446 427.0
1447 251.0
1448 204.0
1449 251.0
1450 170.0
1451 204.0
1452 44.0
1453 251.0
1454 203.0
1455 252.0
1456 251.0
1457 252.0
1458 251.0
1459 203.0
1460 251.0
1461 251.0
1462 251.0
1463 93.0
1464 203.0
1465 203.0
1466 204.0
1467 175.0
1468 117.0
1469 38.0
1470 202.0
1471 32.0
1472 251.0
1473 252.0
1474 251.0
1475 251.0
1476 33.0
1477 204.0
1478 127.0
1479 537.0
1480 203.0
1481 203.0
1482 157.0
1483 0.0
1484 204.0
1485 153.0
1486 117.0
1487 203.0
1488 203.0
1489 253.0
1490 253.0
1491 253.0
1492 185.0
1493 270.0
1494 192.0
1495 203.0
1496 203.0
1497 427.0
1498 204.0
1499 204.0
1500 251.0
1501 175.0
1502 163.0
1503 209.0
1504 203.0
1505 204.0
1506 251.0
1507 251.0
1508 251.0
1509 231.0
1510 251.0
1511 231.0
1512 251.0
1513 231.0
1514 33.0
1515 251.0
1516 251.0
1517 131.0
1518 168.0
1519 203.0
1520 203.0
1521 203.0
1522 134.0
1523 251.0
1524 251.0
1525 43.0
1526 251.0
1527 130.0
1528 203.0
1529 33.0
1530 537.0
1531 204.0
1532 203.0
1533 32.0
1534 82.0
1535 61.0
1536 203.0
1537 114.0
1538 203.0
1539 204.0
1540 253.0
1541 204.0
1542 253.0
1543 186.0
1544 203.0
1545 32.0
1546 525.0
1547 251.0
1548 203.0
1549 251.0
1550 247.0
1551 251.0
1552 251.0
1553 180.0
1554 117.0
1555 203.0
1556 203.0
1557 203.0
1558 251.0
1559 251.0
1560 231.0
1561 251.0
1562 251.0
1563 251.0
1564 202.0
1565 203.0
1566 203.0
1567 251.0
1568 203.0
1569 251.0
1570 203.0
1571 204.0
1572 246.0
1573 71.0
1574 251.0
1575 251.0
1576 43.0
1577 251.0
1578 25.0
1579 204.0
1580 26.0
1581 537.0
1582 203.0
1583 203.0
1584 32.0
1585 82.0
1586 204.0
1587 203.0
1588 203.0
1589 203.0
1590 253.0
1591 253.0
1592 253.0
1593 158.0
1594 164.0
1595 317.0
1596 203.0
1597 204.0
1598 203.0
1599 539.0
1600 251.0
1601 251.0
1602 147.0
1603 121.0
1604 127.0
1605 77.0
1606 6.0
1607 204.0
1608 203.0
1609 251.0
1610 252.0
1611 251.0
1612 203.0
1613 251.0
1614 251.0
1615 202.0
1616 203.0
1617 251.0
1618 251.0
1619 252.0
1620 203.0
1621 203.0
1622 203.0
1623 203.0
1624 71.0
1625 204.0
1626 252.0
1627 0.0
1628 251.0
1629 204.0
1630 204.0
1631 203.0
1632 539.0
1633 203.0
1634 203.0
1635 82.0
1636 32.0
1637 204.0
1638 203.0
1639 202.0
1640 204.0
1641 204.0
1642 253.0
1643 253.0
1644 204.0
1645 204.0
1646 203.0
1647 203.0
1648 534.0
1649 347.0
1650 203.0
1651 203.0
1652 204.0
1653 251.0
1654 191.0
1655 262.0
1656 347.0
1657 203.0
1658 251.0
1659 251.0
1660 251.0
1661 252.0
1662 251.0
1663 251.0
1664 231.0
1665 251.0
1666 251.0
1667 33.0
1668 203.0
1669 251.0
1670 203.0
1671 199.0
1672 120.0
1673 203.0
1674 203.0
1675 145.0
1676 251.0
1677 251.0
1678 0.0
1679 251.0
1680 39.0
1681 251.0
1682 203.0
1683 539.0
1684 251.0
1685 231.0
1686 45.0
1687 32.0
1688 204.0
1689 203.0
1690 204.0
1691 158.0
1692 204.0
1693 253.0
1694 204.0
1695 204.0
1696 203.0
1697 203.0
1698 203.0
1699 203.0
1700 147.0
1701 427.0
1702 347.0
1703 247.0
1704 251.0
1705 114.0
1706 99.0
1707 204.0
1708 202.0
1709 251.0
1710 251.0
1711 251.0
1712 252.0
1713 251.0
1714 251.0
1715 231.0
1716 251.0
1717 203.0
1718 33.0
1719 251.0
1720 252.0
1721 203.0
1722 203.0
1723 251.0
1724 251.0
1725 252.0
1726 145.0
1727 251.0
1728 251.0
1729 45.0
1730 251.0
1731 39.0
1732 204.0
1733 94.0
1734 539.0
1735 204.0
1736 203.0
1737 25.0
1738 0.0
1739 23.0
1740 203.0
1741 168.0
1742 204.0
1743 204.0
1744 253.0
1745 204.0
1746 204.0
1747 203.0
1748 270.0
1749 203.0
1750 251.0
1751 528.0
1752 147.0
1753 203.0
1754 204.0
1755 251.0
1756 203.0
1757 191.0
1758 204.0
1759 203.0
1760 204.0
1761 252.0
1762 50.0
1763 251.0
1764 231.0
1765 203.0
1766 251.0
1767 251.0
1768 202.0
1769 32.0
1770 251.0
1771 251.0
1772 231.0
1773 203.0
1774 204.0
1775 203.0
1776 203.0
1777 32.0
1778 203.0
1779 204.0
1780 251.0
1781 251.0
1782 203.0
1783 204.0
1784 74.0
1785 539.0
1786 251.0
1787 203.0
1788 89.0
1789 20.0
1790 204.0
1791 203.0
1792 97.0
1793 204.0
1794 169.0
1795 253.0
1796 253.0
1797 204.0
1798 204.0
1799 202.0
1800 137.0
1801 347.0
1802 204.0
1803 427.0
1804 203.0
1805 203.0
1806 204.0
1807 121.0
1808 99.0
1809 164.0
1810 202.0
1811 204.0
1812 251.0
1813 251.0
1814 252.0
1815 251.0
1816 203.0
1817 251.0
1818 251.0
1819 203.0
1820 32.0
1821 251.0
1822 252.0
1823 242.0
1824 203.0
1825 251.0
1826 231.0
1827 196.0
1828 71.0
1829 251.0
1830 251.0
1831 58.0
1832 251.0
1833 203.0
1834 203.0
1835 89.0
1836 539.0
1837 251.0
1838 32.0
1839 32.0
1840 0.0
1841 230.0
1842 203.0
1843 11.0
1844 158.0
1845 204.0
1846 253.0
1847 253.0
1848 204.0
1849 203.0
1850 317.0
1851 203.0
1852 203.0
1853 347.0
1854 203.0
1855 147.0
1856 204.0
1857 251.0
1858 121.0
1859 204.0
1860 180.0
1861 229.0
1862 251.0
1863 252.0
1864 251.0
1865 251.0
1866 251.0
1867 251.0
1868 231.0
1869 251.0
1870 251.0
1871 33.0
1872 203.0
1873 252.0
1874 203.0
1875 203.0
1876 97.0
1877 231.0
1878 251.0
1879 145.0
1880 251.0
1881 251.0
1882 91.0
1883 251.0
1884 77.0
1885 203.0
1886 203.0
1887 539.0
1888 251.0
1889 203.0
1890 39.0
1891 0.0
1892 23.0
1893 203.0
1894 203.0
1895 316.0
1896 204.0
1897 253.0
1898 204.0
1899 204.0
1900 111.0
1901 203.0
1902 191.0
1903 203.0
1904 717.0
1905 203.0
1906 204.0
1907 51.0
1908 251.0
1909 93.0
1910 143.0
1911 185.0
1912 203.0
1913 204.0
1914 252.0
1915 251.0
1916 251.0
1917 231.0
1918 203.0
1919 251.0
1920 251.0
1921 202.0
1922 93.0
1923 203.0
1924 251.0
1925 204.0
1926 204.0
1927 251.0
1928 251.0
1929 203.0
1930 71.0
1931 204.0
1932 33.0
1933 203.0
1934 251.0
1935 120.0
1936 204.0
1937 38.0
1938 717.0
1939 251.0
1940 203.0
1941 89.0
1942 39.0
1943 23.0
1944 203.0
1945 204.0
1946 158.0
1947 204.0
1948 253.0
1949 253.0
1950 253.0
1951 95.0
1952 270.0
1953 196.0
1954 224.0
1955 203.0
1956 586.0
1957 203.0
1958 203.0
1959 251.0
1960 98.0
1961 245.0
1962 180.0
1963 204.0
1964 251.0
1965 252.0
1966 203.0
1967 96.0
1968 251.0
1969 203.0
1970 251.0
1971 251.0
1972 245.0
1973 203.0
1974 251.0
1975 251.0
1976 251.0
1977 203.0
1978 204.0
1979 203.0
1980 196.0
1981 71.0
1982 204.0
1983 251.0
1984 203.0
1985 251.0
1986 120.0
1987 257.0
1988 21.0
1989 717.0
1990 251.0
1991 203.0
1992 32.0
1993 32.0
1994 204.0
1995 147.0
1996 158.0
1997 158.0
1998 204.0
1999 253.0
2000 253.0
2001 204.0
2002 204.0
2003 203.0
2004 150.0
2005 203.0
2006 251.0
2007 203.0
2008 427.0
2009 204.0
2010 251.0
2011 175.0
2012 103.0
2013 204.0
2014 203.0
2015 204.0
2016 252.0
2017 251.0
2018 251.0
2019 251.0
2020 103.0
2021 231.0
2022 251.0
2023 251.0
2024 33.0
2025 204.0
2026 252.0
2027 251.0
2028 203.0
2029 204.0
2030 203.0
2031 98.0
2032 44.0
2033 251.0
2034 220.0
2035 204.0
2036 251.0
2037 231.0
2038 204.0
2039 203.0
2040 717.0
2041 251.0
2042 231.0
2043 87.0
2044 0.0
2045 23.0
2046 203.0
2047 158.0
2048 158.0
2049 204.0
2050 253.0
2051 203.0
2052 203.0
2053 169.0
2054 203.0
2055 203.0
2056 203.0
2057 563.0
2058 236.0
2059 651.0
2060 203.0
2061 251.0
2062 121.0
2063 164.0
2064 185.0
2065 203.0
2066 251.0
2067 252.0
2068 251.0
2069 251.0
2070 251.0
2071 203.0
2072 251.0
2073 251.0
2074 203.0
2075 33.0
2076 204.0
2077 252.0
2078 252.0
2079 251.0
2080 147.0
2081 203.0
2082 203.0
2083 44.0
2084 251.0
2085 251.0
2086 251.0
2087 251.0
2088 262.0
2089 204.0
2090 33.0
2091 717.0
2092 251.0
2093 231.0
2094 32.0
2095 39.0
2096 23.0
2097 203.0
2098 158.0
2099 316.0
2100 204.0
2101 253.0
2102 204.0
2103 204.0
2104 111.0
2105 203.0
2106 203.0
2107 203.0
2108 535.0
2109 204.0
2110 203.0
2111 203.0
2112 251.0
2113 104.0
2114 117.0
2115 185.0
2116 203.0
2117 251.0
2118 252.0
2119 252.0
2120 251.0
2121 6.0
2122 203.0
2123 251.0
2124 251.0
2125 203.0
2126 203.0
2127 204.0
2128 252.0
2129 252.0
2130 186.0
2131 251.0
2132 51.0
2133 202.0
2134 73.0
2135 251.0
2136 32.0
2137 88.0
2138 203.0
2139 203.0
2140 203.0
2141 21.0
2142 717.0
2143 251.0
2144 203.0
2145 203.0
2146 32.0
2147 204.0
2148 84.0
2149 158.0
2150 158.0
2151 204.0
2152 253.0
2153 253.0
2154 204.0
2155 204.0
2156 93.0
2157 203.0
2158 203.0
2159 251.0
2160 203.0
2161 542.0
2162 203.0
2163 251.0
2164 38.0
2165 180.0
2166 180.0
2167 203.0
2168 203.0
2169 252.0
2170 251.0
2171 204.0
2172 251.0
2173 203.0
2174 231.0
2175 251.0
2176 251.0
2177 203.0
2178 203.0
2179 251.0
2180 251.0
2181 169.0
2182 204.0
2183 203.0
2184 204.0
2185 73.0
2186 203.0
2187 32.0
2188 251.0
2189 120.0
2190 120.0
2191 262.0
2192 121.0
2193 717.0
2194 251.0
2195 229.0
2196 52.0
2197 32.0
2198 204.0
2199 203.0
2200 158.0
2201 251.0
2202 204.0
2203 253.0
2204 253.0
2205 204.0
2206 203.0
2207 203.0
2208 203.0
2209 203.0
2210 535.0
2211 203.0
2212 427.0
2213 163.0
2214 251.0
2215 38.0
2216 203.0
2217 164.0
2218 203.0
2219 251.0
2220 252.0
2221 251.0
2222 251.0
2223 251.0
2224 203.0
2225 251.0
2226 251.0
2227 251.0
2228 204.0
2229 191.0
2230 251.0
2231 252.0
2232 252.0
2233 251.0
2234 202.0
2235 87.0
2236 73.0
2237 251.0
2238 240.0
2239 104.0
2240 204.0
2241 231.0
2242 203.0
2243 203.0
2244 717.0
2245 251.0
2246 203.0
2247 0.0
2248 0.0
2249 24.0
2250 99.0
2251 204.0
2252 203.0
2253 204.0
2254 253.0
2255 204.0
2256 204.0
2257 204.0
2258 202.0
2259 203.0
2260 203.0
2261 535.0
2262 87.0
2263 576.0
2264 203.0
2265 251.0
2266 104.0
2267 209.0
2268 180.0
2269 0.0
2270 251.0
2271 252.0
2272 252.0
2273 252.0
2274 231.0
2275 203.0
2276 231.0
2277 251.0
2278 203.0
2279 251.0
2280 204.0
2281 252.0
2282 252.0
2283 203.0
2284 157.0
2285 51.0
2286 87.0
2287 44.0
2288 204.0
2289 251.0
2290 141.0
2291 251.0
2292 25.0
2293 262.0
2294 203.0
2295 717.0
2296 251.0
2297 231.0
2298 32.0
2299 0.0
2300 23.0
2301 203.0
2302 158.0
2303 204.0
2304 204.0
2305 253.0
2306 253.0
2307 204.0
2308 203.0
2309 203.0
2310 203.0
2311 203.0
2312 251.0
2313 347.0
2314 651.0
2315 251.0
2316 251.0
2317 116.0
2318 127.0
2319 164.0
2320 203.0
2321 204.0
2322 252.0
2323 252.0
2324 252.0
2325 231.0
2326 203.0
2327 231.0
2328 251.0
2329 251.0
2330 203.0
2331 204.0
2332 252.0
2333 251.0
2334 203.0
2335 251.0
2336 38.0
2337 181.0
2338 71.0
2339 203.0
2340 43.0
2341 251.0
2342 166.0
2343 147.0
2344 203.0
2345 204.0
2346 717.0
2347 251.0
2348 203.0
2349 52.0
2350 32.0
2351 204.0
2352 39.0
2353 203.0
2354 158.0
2355 204.0
2356 253.0
2357 253.0
2358 204.0
2359 203.0
2360 203.0
2361 203.0
2362 203.0
2363 563.0
2364 203.0
2365 427.0
2366 163.0
2367 204.0
2368 180.0
2369 99.0
2370 164.0
2371 103.0
2372 251.0
2373 252.0
2374 251.0
2375 252.0
2376 251.0
2377 203.0
2378 251.0
2379 251.0
2380 251.0
2381 33.0
2382 191.0
2383 251.0
2384 251.0
2385 196.0
2386 155.0
2387 85.0
2388 203.0
2389 134.0
2390 220.0
2391 32.0
2392 251.0
2393 142.0
2394 39.0
2395 204.0
2396 39.0
2397 717.0
2398 251.0
2399 203.0
2400 0.0
2401 0.0
2402 204.0
2403 180.0
2404 204.0
2405 158.0
2406 204.0
2407 253.0
2408 204.0
2409 204.0
2410 251.0
2411 270.0
2412 203.0
2413 204.0
2414 347.0
2415 203.0
2416 651.0
2417 203.0
2418 251.0
2419 180.0
2420 347.0
2421 180.0
2422 203.0
2423 203.0
2424 252.0
2425 251.0
2426 251.0
2427 251.0
2428 203.0
2429 231.0
2430 251.0
2431 202.0
2432 61.0
2433 204.0
2434 252.0
2435 252.0
2436 203.0
2437 0.0
2438 203.0
2439 115.0
2440 145.0
2441 251.0
2442 220.0
2443 251.0
2444 251.0
2445 203.0
2446 204.0
2447 84.0
2448 717.0
2449 251.0
2450 203.0
2451 0.0
2452 50.0
2453 23.0
2454 203.0
2455 158.0
2456 158.0
2457 204.0
2458 253.0
2459 253.0
2460 204.0
2461 251.0
2462 95.0
2463 28.0
2464 586.0
2465 717.0
2466 30.0
2467 651.0
2468 203.0
2469 251.0
2470 169.0
2471 127.0
2472 164.0
2473 203.0
2474 204.0
2475 252.0
2476 251.0
2477 251.0
2478 251.0
2479 203.0
2480 231.0
2481 251.0
2482 202.0
2483 251.0
2484 33.0
2485 252.0
2486 252.0
2487 203.0
2488 203.0
2489 231.0
2490 45.0
2491 134.0
2492 32.0
2493 32.0
2494 251.0
2495 177.0
2496 147.0
2497 204.0
2498 203.0
2499 717.0
2500 251.0
2501 203.0
2502 203.0
2503 12.0
2504 23.0
2505 203.0
2506 204.0
2507 158.0
2508 204.0
2509 253.0
2510 253.0
2511 204.0
2512 203.0
2513 203.0
2514 203.0
2515 203.0
2516 550.0
2517 251.0
2518 347.0
2519 203.0
2520 251.0
2521 180.0
2522 347.0
2523 164.0
2524 204.0
2525 251.0
2526 252.0
2527 251.0
2528 252.0
2529 251.0
2530 203.0
2531 251.0
2532 251.0
2533 191.0
2534 251.0
2535 203.0
2536 251.0
2537 251.0
2538 203.0
2539 143.0
2540 68.0
2541 203.0
2542 71.0
2543 251.0
2544 43.0
2545 251.0
2546 120.0
2547 25.0
2548 203.0
2549 251.0
2550 717.0
2551 251.0
2552 203.0
2553 203.0
2554 32.0
2555 230.0
2556 203.0
2557 158.0
2558 204.0
2559 204.0
2560 253.0
2561 253.0
2562 204.0
2563 33.0
2564 203.0
2565 203.0
2566 347.0
2567 563.0
2568 203.0
2569 347.0
2570 44.0
2571 204.0
2572 175.0
2573 110.0
2574 180.0
2575 204.0
2576 204.0
2577 252.0
2578 251.0
2579 252.0
2580 204.0
2581 203.0
2582 231.0
2583 251.0
2584 251.0
2585 251.0
2586 204.0
2587 252.0
2588 252.0
2589 203.0
2590 28.0
2591 466.0
2592 91.0
2593 32.0
2594 251.0
2595 251.0
2596 203.0
2597 40.0
2598 33.0
2599 204.0
2600 39.0
2601 717.0
2602 251.0
2603 203.0
2604 0.0
2605 39.0
2606 230.0
2607 203.0
2608 158.0
2609 158.0
2610 204.0
2611 253.0
2612 204.0
2613 204.0
2614 203.0
2615 203.0
2616 203.0
2617 203.0
2618 540.0
2619 203.0
2620 651.0
2621 203.0
2622 251.0
2623 169.0
2624 163.0
2625 164.0
2626 203.0
2627 203.0
2628 252.0
2629 251.0
2630 251.0
2631 251.0
2632 251.0
2633 231.0
2634 251.0
2635 251.0
2636 61.0
2637 203.0
2638 252.0
2639 252.0
2640 203.0
2641 203.0
2642 175.0
2643 169.0
2644 134.0
2645 33.0
2646 251.0
2647 251.0
2648 33.0
2649 33.0
2650 204.0
2651 21.0
2652 717.0
2653 251.0
2654 203.0
2655 0.0
2656 32.0
2657 23.0
2658 203.0
2659 158.0
2660 203.0
2661 204.0
2662 253.0
2663 253.0
2664 204.0
2665 203.0
2666 203.0
2667 181.0
2668 227.0
2669 563.0
2670 43.0
2671 651.0
2672 203.0
2673 251.0
2674 169.0
2675 262.0
2676 164.0
2677 203.0
2678 251.0
2679 252.0
2680 251.0
2681 252.0
2682 251.0
2683 203.0
2684 251.0
2685 251.0
2686 229.0
2687 68.0
2688 203.0
2689 252.0
2690 251.0
2691 203.0
2692 209.0
2693 251.0
2694 169.0
2695 72.0
2696 33.0
2697 33.0
2698 251.0
2699 203.0
2700 32.0
2701 203.0
2702 34.0
2703 717.0
2704 251.0
2705 203.0
2706 77.0
2707 32.0
2708 230.0
2709 203.0
2710 158.0
2711 204.0
2712 204.0
2713 253.0
2714 253.0
2715 204.0
2716 203.0
2717 270.0
2718 203.0
2719 203.0
2720 550.0
2721 146.0
2722 651.0
2723 163.0
2724 251.0
2725 180.0
2726 220.0
2727 180.0
2728 203.0
2729 251.0
2730 252.0
2731 251.0
2732 252.0
2733 251.0
2734 251.0
2735 231.0
2736 251.0
2737 251.0
2738 251.0
2739 204.0
2740 251.0
2741 251.0
2742 203.0
2743 202.0
2744 180.0
2745 203.0
2746 32.0
2747 233.0
2748 251.0
2749 204.0
2750 142.0
2751 33.0
2752 203.0
2753 21.0
2754 717.0
2755 251.0
2756 203.0
2757 130.0
2758 0.0
2759 230.0
2760 203.0
2761 158.0
2762 158.0
2763 204.0
2764 253.0
2765 253.0
2766 204.0
2767 203.0
2768 203.0
2769 203.0
2770 203.0
2771 549.0
2772 203.0
2773 542.0
2774 33.0
2775 251.0
2776 93.0
2777 103.0
2778 220.0
2779 203.0
2780 203.0
2781 252.0
2782 252.0
2783 251.0
2784 251.0
2785 203.0
2786 251.0
2787 251.0
2788 251.0
2789 251.0
2790 203.0
2791 252.0
2792 252.0
2793 198.0
2794 0.0
2795 175.0
2796 35.0
2797 102.0
2798 220.0
2799 251.0
2800 251.0
2801 251.0
2802 33.0
2803 204.0
2804 0.0
2805 717.0
2806 251.0
2807 231.0
2808 87.0
2809 155.0
2810 23.0
2811 203.0
2812 158.0
2813 158.0
2814 204.0
2815 253.0
2816 253.0
2817 204.0
2818 203.0
2819 270.0
2820 203.0
2821 203.0
2822 549.0
2823 203.0
2824 651.0
2825 33.0
2826 251.0
2827 93.0
2828 110.0
2829 164.0
2830 204.0
2831 203.0
2832 252.0
2833 252.0
2834 252.0
2835 231.0
2836 251.0
2837 251.0
2838 251.0
2839 180.0
2840 251.0
2841 204.0
2842 252.0
2843 252.0
2844 203.0
2845 227.0
2846 203.0
2847 203.0
2848 17.0
2849 220.0
2850 204.0
2851 251.0
2852 203.0
2853 33.0
2854 262.0
2855 0.0
2856 717.0
2857 251.0
2858 231.0
2859 0.0
2860 133.0
2861 23.0
2862 203.0
2863 204.0
2864 204.0
2865 204.0
2866 253.0
2867 253.0
2868 204.0
2869 165.0
2870 270.0
2871 203.0
2872 251.0
2873 550.0
2874 98.0
2875 651.0
2876 203.0
2877 251.0
2878 0.0
2879 203.0
2880 164.0
2881 142.0
2882 204.0
2883 252.0
2884 251.0
2885 252.0
2886 231.0
2887 251.0
2888 251.0
2889 251.0
2890 251.0
2891 251.0
2892 252.0
2893 251.0
2894 252.0
2895 203.0
2896 203.0
2897 427.0
2898 175.0
2899 0.0
2900 32.0
2901 204.0
2902 251.0
2903 203.0
2904 33.0
2905 262.0
2906 21.0
2907 717.0
2908 251.0
2909 203.0
2910 311.0
2911 61.0
2912 204.0
2913 203.0
2914 204.0
2915 253.0
2916 204.0
2917 253.0
2918 253.0
2919 204.0
2920 202.0
2921 203.0
2922 203.0
2923 251.0
2924 563.0
2925 138.0
2926 347.0
2927 252.0
2928 251.0
2929 66.0
2930 163.0
2931 180.0
2932 203.0
2933 204.0
2934 252.0
2935 251.0
2936 252.0
2937 251.0
2938 251.0
2939 231.0
2940 251.0
2941 251.0
2942 252.0
2943 251.0
2944 252.0
2945 251.0
2946 198.0
2947 33.0
2948 169.0
2949 204.0
2950 32.0
2951 204.0
2952 220.0
2953 251.0
2954 33.0
2955 33.0
2956 203.0
2957 14.0
2958 717.0
2959 251.0
2960 203.0
2961 87.0
2962 88.0
2963 230.0
2964 203.0
2965 158.0
2966 158.0
2967 316.0
2968 253.0
2969 253.0
2970 204.0
2971 203.0
2972 203.0
2973 203.0
2974 203.0
2975 629.0
2976 138.0
2977 651.0
2978 203.0
2979 138.0
2980 82.0
2981 103.0
2982 164.0
2983 103.0
2984 204.0
2985 252.0
2986 251.0
2987 252.0
2988 251.0
2989 203.0
2990 231.0
2991 251.0
2992 251.0
2993 251.0
2994 204.0
2995 252.0
2996 252.0
2997 203.0
2998 203.0
2999 251.0
3000 35.0
3001 32.0
3002 251.0
3003 251.0
3004 251.0
3005 251.0
3006 33.0
3007 204.0
3008 0.0
3009 717.0
3010 251.0
3011 231.0
3012 186.0
3013 203.0
3014 23.0
3015 203.0
3016 158.0
3017 158.0
3018 204.0
3019 251.0
3020 253.0
3021 204.0
3022 407.0
3023 270.0
3024 203.0
3025 347.0
3026 563.0
3027 203.0
3028 651.0
3029 203.0
3030 143.0
3031 110.0
3032 203.0
3033 164.0
3034 203.0
3035 204.0
3036 252.0
3037 252.0
3038 252.0
3039 231.0
3040 203.0
3041 251.0
3042 251.0
3043 252.0
3044 252.0
3045 204.0
3046 252.0
3047 252.0
3048 203.0
3049 203.0
3050 571.0
3051 175.0
3052 107.0
3053 204.0
3054 204.0
3055 251.0
3056 203.0
3057 39.0
3058 203.0
3059 1.0
3060 717.0
3061 251.0
3062 231.0
3063 0.0
3064 63.0
3065 23.0
3066 203.0
3067 158.0
3068 203.0
3069 204.0
3070 203.0
3071 253.0
3072 204.0
3073 251.0
3074 204.0
3075 203.0
3076 251.0
3077 550.0
3078 203.0
3079 651.0
3080 203.0
3081 78.0
3082 0.0
3083 220.0
3084 220.0
3085 251.0
3086 204.0
3087 252.0
3088 252.0
3089 252.0
3090 231.0
3091 251.0
3092 251.0
3093 251.0
3094 251.0
3095 251.0
3096 203.0
3097 252.0
3098 252.0
3099 180.0
3100 203.0
3101 203.0
3102 175.0
3103 61.0
3104 33.0
3105 203.0
3106 251.0
3107 40.0
3108 25.0
3109 262.0
3110 0.0
3111 717.0
3112 251.0
3113 203.0
3114 87.0
3115 121.0
3116 230.0
3117 180.0
3118 158.0
3119 158.0
3120 158.0
3121 203.0
3122 253.0
3123 204.0
3124 203.0
3125 85.0
3126 132.0
3127 565.0
3128 717.0
3129 203.0
3130 651.0
3131 203.0
3132 33.0
3133 0.0
3134 220.0
3135 180.0
3136 204.0
3137 204.0
3138 252.0
3139 251.0
3140 252.0
3141 251.0
3142 203.0
3143 251.0
3144 251.0
3145 251.0
3146 251.0
3147 251.0
3148 252.0
3149 252.0
3150 203.0
3151 427.0
3152 466.0
3153 203.0
3154 32.0
3155 220.0
3156 220.0
3157 251.0
3158 33.0
3159 28.0
3160 203.0
3161 0.0
3162 717.0
3163 251.0
3164 203.0
3165 0.0
3166 0.0
3167 23.0
3168 203.0
3169 158.0
3170 316.0
3171 203.0
3172 204.0
3173 253.0
3174 204.0
3175 251.0
3176 203.0
3177 203.0
3178 717.0
3179 540.0
3180 138.0
3181 651.0
3182 203.0
3183 45.0
3184 87.0
3185 163.0
3186 180.0
3187 203.0
3188 204.0
3189 252.0
3190 251.0
3191 252.0
3192 251.0
3193 203.0
3194 231.0
3195 196.0
3196 251.0
3197 251.0
3198 204.0
3199 252.0
3200 252.0
3201 203.0
3202 251.0
3203 251.0
3204 175.0
3205 0.0
3206 251.0
3207 251.0
3208 251.0
3209 120.0
3210 33.0
3211 262.0
3212 0.0
3213 717.0
3214 251.0
3215 203.0
3216 165.0
3217 52.0
3218 23.0
3219 203.0
3220 204.0
3221 204.0
3222 204.0
3223 251.0
3224 253.0
3225 204.0
3226 204.0
3227 84.0
3228 203.0
3229 204.0
3230 563.0
3231 204.0
3232 651.0
3233 203.0
3234 88.0
3235 110.0
3236 163.0
3237 164.0
3238 111.0
3239 204.0
3240 252.0
3241 251.0
3242 252.0
3243 231.0
3244 203.0
3245 251.0
3246 251.0
3247 251.0
3248 251.0
3249 242.0
3250 252.0
3251 252.0
3252 97.0
3253 203.0
3254 203.0
3255 180.0
3256 57.0
3257 72.0
3258 203.0
3259 251.0
3260 114.0
3261 32.0
3262 262.0
3263 0.0
3264 717.0
3265 251.0
3266 203.0
3267 77.0
3268 0.0
3269 204.0
3270 203.0
3271 158.0
3272 204.0
3273 236.0
3274 204.0
3275 253.0
3276 204.0
3277 251.0
3278 203.0
3279 203.0
3280 347.0
3281 563.0
3282 203.0
3283 651.0
3284 252.0
3285 33.0
3286 191.0
3287 220.0
3288 347.0
3289 240.0
3290 204.0
3291 252.0
3292 252.0
3293 251.0
3294 231.0
3295 251.0
3296 251.0
3297 251.0
3298 251.0
3299 251.0
3300 251.0
3301 251.0
3302 252.0
3303 203.0
3304 203.0
3305 203.0
3306 204.0
3307 32.0
3308 33.0
3309 251.0
3310 251.0
3311 251.0
3312 25.0
3313 203.0
3314 0.0
3315 717.0
3316 251.0
3317 203.0
3318 306.0
3319 32.0
3320 23.0
3321 73.0
3322 158.0
3323 158.0
3324 204.0
3325 204.0
3326 253.0
3327 158.0
3328 251.0
3329 203.0
3330 203.0
3331 715.0
3332 717.0
3333 138.0
3334 651.0
3335 203.0
3336 203.0
3337 106.0
3338 163.0
3339 180.0
3340 203.0
3341 203.0
3342 252.0
3343 252.0
3344 251.0
3345 251.0
3346 203.0
3347 251.0
3348 251.0
3349 251.0
3350 251.0
3351 251.0
3352 252.0
3353 252.0
3354 203.0
3355 196.0
3356 175.0
3357 204.0
3358 107.0
3359 203.0
3360 251.0
3361 204.0
3362 203.0
3363 33.0
3364 262.0
3365 203.0
3366 717.0
3367 251.0
3368 203.0
3369 12.0
3370 50.0
3371 23.0
3372 73.0
3373 203.0
3374 158.0
3375 204.0
3376 158.0
3377 253.0
3378 253.0
3379 252.0
3380 204.0
3381 203.0
3382 251.0
3383 717.0
3384 136.0
3385 651.0
3386 135.0
3387 158.0
3388 0.0
3389 347.0
3390 164.0
3391 251.0
3392 204.0
3393 252.0
3394 251.0
3395 252.0
3396 251.0
3397 203.0
3398 251.0
3399 251.0
3400 251.0
3401 251.0
3402 251.0
3403 252.0
3404 252.0
3405 203.0
3406 203.0
3407 175.0
3408 94.0
3409 203.0
3410 220.0
3411 203.0
3412 204.0
3413 204.0
3414 33.0
3415 262.0
3416 0.0
3417 717.0
3418 251.0
3419 231.0
3420 61.0
3421 39.0
3422 204.0
3423 203.0
3424 316.0
3425 158.0
3426 204.0
3427 158.0
3428 253.0
3429 158.0
3430 196.0
3431 204.0
3432 203.0
3433 347.0
3434 563.0
3435 153.0
3436 651.0
3437 203.0
3438 158.0
3439 121.0
3440 347.0
3441 347.0
3442 53.0
3443 204.0
3444 252.0
3445 251.0
3446 252.0
3447 231.0
3448 251.0
3449 251.0
3450 251.0
3451 251.0
3452 251.0
3453 204.0
3454 251.0
3455 252.0
3456 203.0
3457 203.0
3458 203.0
3459 175.0
3460 32.0
3461 251.0
3462 251.0
3463 204.0
3464 204.0
3465 33.0
3466 204.0
3467 0.0
3468 717.0
3469 251.0
3470 203.0
3471 12.0
3472 203.0
3473 23.0
3474 251.0
3475 158.0
3476 173.0
3477 204.0
3478 203.0
3479 253.0
3480 203.0
3481 204.0
3482 203.0
3483 203.0
3484 550.0
3485 563.0
3486 30.0
3487 651.0
3488 30.0
3489 38.0
3490 203.0
3491 347.0
3492 180.0
3493 245.0
3494 204.0
3495 252.0
3496 252.0
3497 252.0
3498 231.0
3499 251.0
3500 251.0
3501 251.0
3502 251.0
3503 251.0
3504 252.0
3505 251.0
3506 252.0
3507 0.0
3508 247.0
3509 203.0
3510 203.0
3511 107.0
3512 32.0
3513 251.0
3514 203.0
3515 251.0
3516 33.0
3517 204.0
3518 19.0
3519 717.0
3520 251.0
3521 203.0
3522 12.0
3523 32.0
3524 203.0
3525 204.0
3526 316.0
3527 158.0
3528 203.0
3529 203.0
3530 253.0
3531 158.0
3532 251.0
3533 203.0
3534 203.0
3535 550.0
3536 717.0
3537 203.0
3538 651.0
3539 203.0
3540 38.0
3541 89.0
3542 347.0
3543 164.0
3544 203.0
3545 251.0
3546 252.0
3547 251.0
3548 252.0
3549 251.0
3550 203.0
3551 251.0
3552 203.0
3553 251.0
3554 251.0
3555 242.0
3556 252.0
3557 252.0
3558 203.0
3559 202.0
3560 175.0
3561 251.0
3562 43.0
3563 251.0
3564 203.0
3565 251.0
3566 33.0
3567 33.0
3568 262.0
3569 1.0
3570 717.0
3571 251.0
3572 231.0
3573 77.0
3574 39.0
3575 251.0
3576 203.0
3577 203.0
3578 158.0
3579 204.0
3580 203.0
3581 253.0
3582 161.0
3583 251.0
3584 203.0
3585 203.0
3586 550.0
3587 717.0
3588 237.0
3589 651.0
3590 203.0
3591 38.0
3592 87.0
3593 347.0
3594 164.0
3595 203.0
3596 204.0
3597 252.0
3598 251.0
3599 252.0
3600 251.0
3601 251.0
3602 251.0
3603 251.0
3604 251.0
3605 251.0
3606 242.0
3607 252.0
3608 252.0
3609 8.0
3610 203.0
3611 32.0
3612 203.0
3613 32.0
3614 220.0
3615 220.0
3616 251.0
3617 203.0
3618 25.0
3619 204.0
3620 26.0
3621 717.0
3622 251.0
3623 229.0
3624 203.0
3625 25.0
3626 251.0
3627 147.0
3628 158.0
3629 158.0
3630 204.0
3631 158.0
3632 253.0
3633 203.0
3634 251.0
3635 203.0
3636 203.0
3637 535.0
3638 563.0
3639 203.0
3640 651.0
3641 251.0
3642 6.0
3643 116.0
3644 347.0
3645 180.0
3646 88.0
3647 204.0
3648 252.0
3649 251.0
3650 252.0
3651 231.0
3652 251.0
3653 231.0
3654 251.0
3655 251.0
3656 252.0
3657 252.0
3658 252.0
3659 252.0
3660 240.0
3661 202.0
3662 203.0
3663 203.0
3664 204.0
3665 32.0
3666 251.0
3667 251.0
3668 251.0
3669 251.0
3670 262.0
3671 40.0
3672 717.0
3673 251.0
3674 203.0
3675 12.0
3676 32.0
3677 251.0
3678 204.0
3679 316.0
3680 158.0
3681 158.0
3682 204.0
3683 253.0
3684 236.0
3685 203.0
3686 203.0
3687 203.0
3688 717.0
3689 563.0
3690 203.0
3691 651.0
3692 99.0
3693 88.0
3694 121.0
3695 347.0
3696 347.0
3697 103.0
3698 203.0
3699 252.0
3700 252.0
3701 252.0
3702 251.0
3703 251.0
3704 251.0
3705 251.0
3706 251.0
3707 251.0
3708 251.0
3709 252.0
3710 252.0
3711 0.0
3712 99.0
3713 175.0
3714 203.0
3715 157.0
3716 252.0
3717 33.0
3718 251.0
3719 251.0
3720 33.0
3721 262.0
3722 203.0
3723 717.0
3724 251.0
3725 231.0
3726 203.0
3727 32.0
3728 158.0
3729 202.0
3730 203.0
3731 158.0
3732 158.0
3733 204.0
3734 253.0
3735 204.0
3736 204.0
3737 203.0
3738 203.0
3739 717.0
3740 563.0
3741 567.0
3742 651.0
3743 99.0
3744 94.0
3745 55.0
3746 347.0
3747 164.0
3748 203.0
3749 203.0
3750 252.0
3751 251.0
3752 252.0
3753 251.0
3754 203.0
3755 251.0
3756 203.0
3757 203.0
3758 251.0
3759 203.0
3760 252.0
3761 252.0
3762 209.0
3763 203.0
3764 175.0
3765 204.0
3766 43.0
3767 251.0
3768 251.0
3769 251.0
3770 204.0
3771 204.0
3772 262.0
3773 67.0
3774 717.0
3775 251.0
3776 203.0
3777 203.0
3778 25.0
3779 251.0
3780 203.0
3781 204.0
3782 158.0
3783 203.0
3784 203.0
3785 253.0
3786 204.0
3787 203.0
3788 204.0
3789 203.0
3790 563.0
3791 563.0
3792 30.0
3793 651.0
3794 203.0
3795 33.0
3796 106.0
3797 347.0
3798 220.0
3799 283.0
3800 204.0
3801 252.0
3802 251.0
3803 252.0
3804 251.0
3805 251.0
3806 251.0
3807 231.0
3808 220.0
3809 251.0
3810 242.0
3811 252.0
3812 252.0
3813 209.0
3814 247.0
3815 231.0
3816 90.0
3817 32.0
3818 72.0
3819 251.0
3820 88.0
3821 185.0
3822 28.0
3823 262.0
3824 39.0
3825 717.0
3826 251.0
3827 87.0
3828 191.0
3829 0.0
3830 251.0
3831 204.0
3832 158.0
3833 158.0
3834 251.0
3835 204.0
3836 253.0
3837 253.0
3838 251.0
3839 251.0
3840 82.0
3841 563.0
3842 717.0
3843 251.0
3844 651.0
3845 203.0
3846 158.0
3847 81.0
3848 347.0
3849 347.0
3850 203.0
3851 203.0
3852 252.0
3853 252.0
3854 252.0
3855 251.0
3856 251.0
3857 251.0
3858 251.0
3859 251.0
3860 252.0
3861 252.0
3862 251.0
3863 252.0
3864 201.0
3865 158.0
3866 170.0
3867 204.0
3868 157.0
3869 32.0
3870 33.0
3871 203.0
3872 251.0
3873 147.0
3874 262.0
3875 251.0
3876 717.0
3877 251.0
3878 203.0
3879 186.0
3880 39.0
3881 251.0
3882 203.0
3883 158.0
3884 158.0
3885 203.0
3886 204.0
3887 253.0
3888 203.0
3889 251.0
3890 203.0
3891 203.0
3892 615.0
3893 717.0
3894 203.0
3895 651.0
3896 203.0
3897 105.0
3898 175.0
3899 347.0
3900 164.0
3901 136.0
3902 204.0
3903 252.0
3904 252.0
3905 252.0
3906 251.0
3907 251.0
3908 251.0
3909 251.0
3910 163.0
3911 252.0
3912 204.0
3913 251.0
3914 252.0
3915 143.0
3916 251.0
3917 170.0
3918 203.0
3919 0.0
3920 204.0
3921 220.0
3922 251.0
3923 203.0
3924 203.0
3925 262.0
3926 21.0
3927 717.0
3928 251.0
3929 231.0
3930 319.0
3931 32.0
3932 251.0
3933 203.0
3934 204.0
3935 158.0
3936 0.0
3937 204.0
3938 253.0
3939 161.0
3940 251.0
3941 195.0
3942 175.0
3943 550.0
3944 563.0
3945 612.0
3946 651.0
3947 252.0
3948 203.0
3949 175.0
3950 347.0
3951 220.0
3952 220.0
3953 251.0
3954 252.0
3955 251.0
3956 252.0
3957 251.0
3958 251.0
3959 251.0
3960 251.0
3961 202.0
3962 251.0
3963 204.0
3964 252.0
3965 252.0
3966 247.0
3967 251.0
3968 209.0
3969 490.0
3970 47.0
3971 220.0
3972 43.0
3973 251.0
3974 251.0
3975 204.0
3976 262.0
3977 203.0
3978 717.0
3979 251.0
3980 203.0
3981 191.0
3982 0.0
3983 251.0
3984 204.0
3985 204.0
3986 158.0
3987 0.0
3988 203.0
3989 253.0
3990 203.0
3991 195.0
3992 138.0
3993 202.0
3994 550.0
3995 717.0
3996 236.0
3997 651.0
3998 203.0
3999 78.0
4000 93.0
4001 347.0
4002 220.0
4003 106.0
4004 203.0
4005 252.0
4006 251.0
4007 252.0
4008 251.0
4009 251.0
4010 251.0
4011 252.0
4012 251.0
4013 252.0
4014 242.0
4015 252.0
4016 252.0
4017 203.0
4018 203.0
4019 175.0
4020 481.0
4021 191.0
4022 251.0
4023 249.0
4024 204.0
4025 160.0
4026 191.0
4027 204.0
4028 3.0
4029 717.0
4030 251.0
4031 203.0
4032 203.0
4033 39.0
4034 251.0
4035 204.0
4036 158.0
4037 158.0
4038 158.0
4039 204.0
4040 253.0
4041 203.0
4042 85.0
4043 203.0
4044 203.0
4045 717.0
4046 717.0
4047 347.0
4048 651.0
4049 0.0
4050 147.0
4051 158.0
4052 347.0
4053 164.0
4054 204.0
4055 251.0
4056 252.0
4057 252.0
4058 252.0
4059 251.0
4060 251.0
4061 251.0
4062 251.0
4063 203.0
4064 252.0
4065 203.0
4066 252.0
4067 252.0
4068 191.0
4069 203.0
4070 170.0
4071 559.0
4072 175.0
4073 32.0
4074 220.0
4075 251.0
4076 114.0
4077 203.0
4078 204.0
4079 203.0
4080 717.0
4081 251.0
4082 231.0
4083 335.0
4084 87.0
4085 251.0
4086 204.0
4087 204.0
4088 158.0
4089 203.0
4090 316.0
4091 253.0
4092 203.0
4093 203.0
4094 204.0
4095 203.0
4096 535.0
4097 563.0
4098 622.0
4099 651.0
4100 203.0
4101 154.0
4102 204.0
4103 347.0
4104 164.0
4105 204.0
4106 251.0
4107 252.0
4108 251.0
4109 252.0
4110 231.0
4111 251.0
4112 251.0
4113 252.0
4114 319.0
4115 251.0
4116 204.0
4117 252.0
4118 252.0
4119 251.0
4120 224.0
4121 203.0
4122 328.0
4123 158.0
4124 33.0
4125 37.0
4126 251.0
4127 162.0
4128 203.0
4129 262.0
4130 26.0
4131 717.0
4132 251.0
4133 203.0
4134 306.0
4135 32.0
4136 251.0
4137 204.0
4138 204.0
4139 158.0
4140 204.0
4141 158.0
4142 203.0
4143 203.0
4144 203.0
4145 203.0
4146 186.0
4147 251.0
4148 717.0
4149 563.0
4150 651.0
4151 203.0
4152 33.0
4153 116.0
4154 347.0
4155 180.0
4156 231.0
4157 203.0
4158 252.0
4159 252.0
4160 252.0
4161 231.0
4162 251.0
4163 196.0
4164 251.0
4165 251.0
4166 203.0
4167 203.0
4168 252.0
4169 252.0
4170 0.0
4171 247.0
4172 170.0
4173 196.0
4174 191.0
4175 204.0
4176 43.0
4177 251.0
4178 168.0
4179 203.0
4180 262.0
4181 21.0
4182 717.0
4183 251.0
4184 203.0
4185 326.0
4186 0.0
4187 251.0
4188 204.0
4189 158.0
4190 204.0
4191 204.0
4192 316.0
4193 316.0
4194 236.0
4195 204.0
4196 251.0
4197 163.0
4198 550.0
4199 717.0
4200 427.0
4201 651.0
4202 203.0
4203 33.0
4204 115.0
4205 347.0
4206 220.0
4207 251.0
4208 251.0
4209 252.0
4210 252.0
4211 252.0
4212 251.0
4213 251.0
4214 251.0
4215 251.0
4216 252.0
4217 203.0
4218 203.0
4219 252.0
4220 252.0
4221 0.0
4222 203.0
4223 203.0
4224 427.0
4225 203.0
4226 220.0
4227 251.0
4228 251.0
4229 203.0
4230 147.0
4231 257.0
4232 11.0
4233 717.0
4234 251.0
4235 203.0
4236 203.0
4237 0.0
4238 251.0
4239 204.0
4240 158.0
4241 158.0
4242 204.0
4243 251.0
4244 204.0
4245 203.0
4246 203.0
4247 204.0
4248 203.0
4249 347.0
4250 563.0
4251 601.0
4252 651.0
4253 203.0
4254 158.0
4255 0.0
4256 347.0
4257 347.0
4258 203.0
4259 204.0
4260 252.0
4261 251.0
4262 252.0
4263 231.0
4264 251.0
4265 251.0
4266 251.0
4267 203.0
4268 203.0
4269 203.0
4270 252.0
4271 252.0
4272 251.0
4273 246.0
4274 203.0
4275 203.0
4276 251.0
4277 251.0
4278 220.0
4279 251.0
4280 251.0
4281 94.0
4282 262.0
4283 94.0
4284 717.0
4285 251.0
4286 231.0
4287 306.0
4288 0.0
4289 251.0
4290 0.0
4291 158.0
4292 316.0
4293 203.0
4294 251.0
4295 158.0
4296 161.0
4297 85.0
4298 204.0
4299 16.0
4300 550.0
4301 563.0
4302 427.0
4303 651.0
4304 427.0
4305 154.0
4306 231.0
4307 347.0
4308 164.0
4309 203.0
4310 204.0
4311 252.0
4312 251.0
4313 252.0
4314 204.0
4315 251.0
4316 251.0
4317 203.0
4318 251.0
4319 251.0
4320 251.0
4321 252.0
4322 252.0
4323 0.0
4324 251.0
4325 251.0
4326 191.0
4327 191.0
4328 33.0
4329 32.0
4330 140.0
4331 170.0
4332 39.0
4333 262.0
4334 39.0
4335 717.0
4336 251.0
4337 203.0
4338 326.0
4339 77.0
4340 251.0
4341 204.0
4342 203.0
4343 204.0
4344 204.0
4345 338.0
4346 204.0
4347 236.0
4348 209.0
4349 203.0
4350 203.0
4351 550.0
4352 717.0
4353 544.0
4354 651.0
4355 203.0
4356 38.0
4357 176.0
4358 347.0
4359 180.0
4360 203.0
4361 204.0
4362 252.0
4363 252.0
4364 252.0
4365 251.0
4366 251.0
4367 218.0
4368 251.0
4369 251.0
4370 251.0
4371 251.0
4372 252.0
4373 252.0
4374 251.0
4375 224.0
4376 175.0
4377 307.0
4378 203.0
4379 251.0
4380 43.0
4381 140.0
4382 203.0
4383 25.0
4384 262.0
4385 203.0
4386 717.0
4387 251.0
4388 203.0
4389 203.0
4390 155.0
4391 251.0
4392 158.0
4393 158.0
4394 158.0
4395 204.0
4396 158.0
4397 204.0
4398 202.0
4399 203.0
4400 251.0
4401 203.0
4402 563.0
4403 717.0
4404 347.0
4405 651.0
4406 251.0
4407 138.0
4408 110.0
4409 347.0
4410 164.0
4411 229.0
4412 204.0
4413 252.0
4414 251.0
4415 252.0
4416 231.0
4417 251.0
4418 251.0
4419 251.0
4420 203.0
4421 324.0
4422 204.0
4423 252.0
4424 252.0
4425 61.0
4426 203.0
4427 204.0
4428 427.0
4429 88.0
4430 251.0
4431 220.0
4432 251.0
4433 142.0
4434 203.0
4435 262.0
4436 147.0
4437 717.0
4438 251.0
4439 122.0
4440 203.0
4441 63.0
4442 251.0
4443 201.0
4444 158.0
4445 316.0
4446 204.0
4447 158.0
4448 158.0
4449 203.0
4450 33.0
4451 203.0
4452 203.0
4453 717.0
4454 717.0
4455 427.0
4456 651.0
4457 203.0
4458 203.0
4459 0.0
4460 347.0
4461 164.0
4462 220.0
4463 251.0
4464 252.0
4465 251.0
4466 252.0
4467 231.0
4468 251.0
4469 251.0
4470 252.0
4471 252.0
4472 220.0
4473 203.0
4474 252.0
4475 252.0
4476 251.0
4477 490.0
4478 204.0
4479 427.0
4480 125.0
4481 251.0
4482 251.0
4483 251.0
4484 203.0
4485 39.0
4486 262.0
4487 39.0
4488 717.0
4489 251.0
4490 38.0
4491 203.0
4492 0.0
4493 251.0
4494 204.0
4495 204.0
4496 203.0
4497 204.0
4498 204.0
4499 158.0
4500 203.0
4501 95.0
4502 204.0
4503 103.0
4504 717.0
4505 717.0
4506 550.0
4507 651.0
4508 203.0
4509 94.0
4510 186.0
4511 347.0
4512 220.0
4513 251.0
4514 204.0
4515 252.0
4516 252.0
4517 252.0
4518 251.0
4519 251.0
4520 251.0
4521 324.0
4522 220.0
4523 324.0
4524 203.0
4525 252.0
4526 252.0
4527 247.0
4528 247.0
4529 175.0
4530 427.0
4531 38.0
4532 203.0
4533 43.0
4534 251.0
4535 33.0
4536 251.0
4537 262.0
4538 203.0
4539 717.0
4540 251.0
4541 203.0
4542 335.0
4543 78.0
4544 251.0
4545 158.0
4546 158.0
4547 158.0
4548 204.0
4549 158.0
4550 316.0
4551 253.0
4552 204.0
4553 204.0
4554 203.0
4555 550.0
4556 717.0
4557 586.0
4558 651.0
4559 347.0
4560 38.0
4561 121.0
4562 347.0
4563 347.0
4564 204.0
4565 204.0
4566 252.0
4567 252.0
4568 252.0
4569 251.0
4570 251.0
4571 245.0
4572 203.0
4573 330.0
4574 251.0
4575 203.0
4576 252.0
4577 252.0
4578 204.0
4579 203.0
4580 202.0
4581 202.0
4582 105.0
4583 251.0
4584 37.0
4585 104.0
4586 251.0
4587 203.0
4588 262.0
4589 203.0
4590 717.0
4591 251.0
4592 203.0
4593 319.0
4594 0.0
4595 251.0
4596 203.0
4597 158.0
4598 316.0
4599 236.0
4600 158.0
4601 251.0
4602 158.0
4603 203.0
4604 196.0
4605 203.0
4606 550.0
4607 717.0
4608 651.0
4609 651.0
4610 203.0
4611 158.0
4612 148.0
4613 347.0
4614 347.0
4615 204.0
4616 203.0
4617 252.0
4618 251.0
4619 252.0
4620 231.0
4621 251.0
4622 251.0
4623 252.0
4624 252.0
4625 251.0
4626 220.0
4627 252.0
4628 252.0
4629 203.0
4630 510.0
4631 203.0
4632 307.0
4633 203.0
4634 251.0
4635 247.0
4636 251.0
4637 142.0
4638 203.0
4639 262.0
4640 203.0
4641 717.0
4642 251.0
4643 203.0
4644 326.0
4645 133.0
4646 251.0
4647 158.0
4648 204.0
4649 203.0
4650 203.0
4651 158.0
4652 158.0
4653 145.0
4654 203.0
4655 252.0
4656 203.0
4657 549.0
4658 717.0
4659 251.0
4660 651.0
4661 584.0
4662 105.0
4663 188.0
4664 347.0
4665 347.0
4666 203.0
4667 251.0
4668 252.0
4669 252.0
4670 252.0
4671 251.0
4672 251.0
4673 251.0
4674 203.0
4675 203.0
4676 329.0
4677 203.0
4678 252.0
4679 252.0
4680 203.0
4681 247.0
4682 175.0
4683 427.0
4684 204.0
4685 203.0
4686 251.0
4687 251.0
4688 120.0
4689 77.0
4690 262.0
4691 203.0
4692 717.0
4693 251.0
4694 203.0
4695 313.0
4696 12.0
4697 251.0
4698 204.0
4699 203.0
4700 158.0
4701 204.0
4702 204.0
4703 158.0
4704 204.0
4705 194.0
4706 251.0
4707 203.0
4708 717.0
4709 717.0
4710 540.0
4711 651.0
4712 427.0
4713 38.0
4714 98.0
4715 347.0
4716 347.0
4717 104.0
4718 203.0
4719 252.0
4720 252.0
4721 252.0
4722 251.0
4723 251.0
4724 251.0
4725 203.0
4726 324.0
4727 324.0
4728 203.0
4729 252.0
4730 252.0
4731 203.0
4732 209.0
4733 175.0
4734 571.0
4735 38.0
4736 251.0
4737 186.0
4738 252.0
4739 33.0
4740 77.0
4741 262.0
4742 21.0
4743 717.0
4744 251.0
4745 203.0
4746 313.0
4747 20.0
4748 251.0
4749 168.0
4750 158.0
4751 158.0
4752 204.0
4753 316.0
4754 203.0
4755 204.0
4756 204.0
4757 204.0
4758 203.0
4759 550.0
4760 717.0
4761 347.0
4762 651.0
4763 203.0
4764 203.0
4765 81.0
4766 347.0
4767 347.0
4768 116.0
4769 204.0
4770 252.0
4771 251.0
4772 252.0
4773 251.0
4774 251.0
4775 196.0
4776 251.0
4777 251.0
4778 251.0
4779 203.0
4780 252.0
4781 252.0
4782 203.0
4783 203.0
4784 251.0
4785 571.0
4786 169.0
4787 251.0
4788 43.0
4789 251.0
4790 204.0
4791 203.0
4792 262.0
4793 203.0
4794 717.0
4795 251.0
4796 203.0
4797 317.0
4798 0.0
4799 251.0
4800 158.0
4801 204.0
4802 169.0
4803 204.0
4804 158.0
4805 158.0
4806 203.0
4807 166.0
4808 251.0
4809 203.0
4810 535.0
4811 717.0
4812 550.0
4813 651.0
4814 584.0
4815 93.0
4816 121.0
4817 347.0
4818 347.0
4819 252.0
4820 204.0
4821 252.0
4822 251.0
4823 252.0
4824 231.0
4825 251.0
4826 252.0
4827 251.0
4828 251.0
4829 203.0
4830 203.0
4831 252.0
4832 252.0
4833 203.0
4834 490.0
4835 175.0
4836 571.0
4837 203.0
4838 204.0
4839 43.0
4840 252.0
4841 153.0
4842 203.0
4843 262.0
4844 203.0
4845 717.0
4846 251.0
4847 158.0
4848 312.0
4849 32.0
4850 251.0
4851 204.0
4852 316.0
4853 158.0
4854 204.0
4855 204.0
4856 158.0
4857 204.0
4858 251.0
4859 203.0
4860 16.0
4861 550.0
4862 717.0
4863 717.0
4864 651.0
4865 347.0
4866 203.0
4867 105.0
4868 347.0
4869 347.0
4870 203.0
4871 251.0
4872 252.0
4873 252.0
4874 252.0
4875 251.0
4876 203.0
4877 251.0
4878 251.0
4879 312.0
4880 324.0
4881 204.0
4882 252.0
4883 252.0
4884 0.0
4885 247.0
4886 175.0
4887 571.0
4888 251.0
4889 251.0
4890 33.0
4891 251.0
4892 142.0
4893 204.0
4894 262.0
4895 203.0
4896 717.0
4897 251.0
4898 231.0
4899 241.0
4900 32.0
4901 251.0
4902 203.0
4903 158.0
4904 158.0
4905 204.0
4906 158.0
4907 251.0
4908 203.0
4909 203.0
4910 121.0
4911 523.0
4912 563.0
4913 717.0
4914 535.0
4915 544.0
4916 716.0
4917 38.0
4918 0.0
4919 347.0
4920 347.0
4921 203.0
4922 251.0
4923 252.0
4924 251.0
4925 252.0
4926 231.0
4927 251.0
4928 218.0
4929 204.0
4930 324.0
4931 252.0
4932 203.0
4933 252.0
4934 252.0
4935 203.0
4936 251.0
4937 191.0
4938 516.0
4939 180.0
4940 251.0
4941 251.0
4942 251.0
4943 33.0
4944 203.0
4945 257.0
4946 203.0
4947 717.0
4948 251.0
4949 203.0
4950 335.0
4951 32.0
4952 251.0
4953 203.0
4954 316.0
4955 203.0
4956 213.0
4957 158.0
4958 204.0
4959 253.0
4960 204.0
4961 203.0
4962 203.0
4963 717.0
4964 717.0
4965 549.0
4966 540.0
4967 203.0
4968 159.0
4969 94.0
4970 347.0
4971 347.0
4972 203.0
4973 204.0
4974 252.0
4975 251.0
4976 252.0
4977 251.0
4978 203.0
4979 251.0
4980 220.0
4981 251.0
4982 203.0
4983 203.0
4984 252.0
4985 252.0
4986 203.0
4987 209.0
4988 203.0
4989 490.0
4990 202.0
4991 251.0
4992 220.0
4993 104.0
4994 32.0
4995 204.0
4996 262.0
4997 251.0
4998 717.0
4999 251.0
5000 99.0
5001 268.0
5002 32.0
5003 251.0
5004 204.0
5005 203.0
5006 204.0
5007 158.0
5008 203.0
5009 158.0
5010 203.0
5011 251.0
5012 202.0
5013 203.0
5014 717.0
5015 717.0
5016 563.0
5017 549.0
5018 716.0
5019 169.0
5020 168.0
5021 347.0
5022 347.0
5023 203.0
5024 251.0
5025 252.0
5026 252.0
5027 252.0
5028 251.0
5029 234.0
5030 203.0
5031 251.0
5032 312.0
5033 220.0
5034 203.0
5035 252.0
5036 252.0
5037 203.0
5038 571.0
5039 203.0
5040 571.0
5041 86.0
5042 251.0
5043 203.0
5044 251.0
5045 30.0
5046 120.0
5047 262.0
5048 204.0
5049 717.0
5050 251.0
5051 231.0
5052 335.0
5053 32.0
5054 251.0
5055 204.0
5056 158.0
5057 158.0
5058 158.0
5059 158.0
5060 158.0
5061 158.0
5062 203.0
5063 203.0
5064 103.0
5065 563.0
5066 717.0
5067 563.0
5068 544.0
5069 581.0
5070 33.0
5071 185.0
5072 347.0
5073 347.0
5074 251.0
5075 98.0
5076 252.0
5077 203.0
5078 252.0
5079 251.0
5080 251.0
5081 251.0
5082 251.0
5083 324.0
5084 252.0
5085 203.0
5086 252.0
5087 252.0
5088 203.0
5089 196.0
5090 170.0
5091 571.0
5092 204.0
5093 251.0
5094 203.0
5095 251.0
5096 30.0
5097 204.0
5098 262.0
5099 203.0
5100 717.0
