1 25.0
2 14.0
3 32.0
4 30.0
5 14.0
6 32.0
7 25.0
8 32.0
9 25.0
10 25.0
11 14.0
12 0.0
13 14.0
14 25.0
15 32.0
16 25.0
17 104.0
18 32.0
19 25.0
20 32.0
21 25.0
22 32.0
23 25.0
24 30.0
25 0.0
26 32.0
27 32.0
28 30.0
29 38.0
30 0.0
31 0.0
32 0.0
33 32.0
34 32.0
35 1.0
36 32.0
37 25.0
38 32.0
39 30.0
40 32.0
41 0.0
42 25.0
43 0.0
44 30.0
45 25.0
46 25.0
47 14.0
48 0.0
49 25.0
50 25.0
51 104.0
52 32.0
53 109.0
54 98.0
55 30.0
56 33.0
57 32.0
58 25.0
59 32.0
60 32.0
61 0.0
62 1.0
63 33.0
64 14.0
65 203.0
66 0.0
67 169.0
68 251.0
69 0.0
70 203.0
71 98.0
72 38.0
73 206.0
74 98.0
75 0.0
76 32.0
77 6.0
78 25.0
79 30.0
80 38.0
81 180.0
82 0.0
83 0.0
84 49.0
85 204.0
86 0.0
87 30.0
88 0.0
89 251.0
90 104.0
91 43.0
92 115.0
93 33.0
94 32.0
95 33.0
96 32.0
97 33.0
98 0.0
99 204.0
100 0.0
101 164.0
102 251.0
103 30.0
104 203.0
105 33.0
106 251.0
107 38.0
108 32.0
109 32.0
110 33.0
111 32.0
112 0.0
113 104.0
114 33.0
115 19.0
116 33.0
117 104.0
118 0.0
119 114.0
120 0.0
121 43.0
122 98.0
123 1.0
124 32.0
125 32.0
126 191.0
127 0.0
128 203.0
129 32.0
130 98.0
131 25.0
132 104.0
133 104.0
134 32.0
135 203.0
136 203.0
137 0.0
138 25.0
139 19.0
140 32.0
141 32.0
142 38.0
143 203.0
144 32.0
145 33.0
146 33.0
147 32.0
148 30.0
149 32.0
150 204.0
151 0.0
152 203.0
153 251.0
154 104.0
155 0.0
156 203.0
157 252.0
158 33.0
159 251.0
160 30.0
161 203.0
162 0.0
163 0.0
164 203.0
165 34.0
166 180.0
167 104.0
168 1.0
169 109.0
170 38.0
171 0.0
172 252.0
173 98.0
174 32.0
175 30.0
176 104.0
177 19.0
178 114.0
179 164.0
180 203.0
181 0.0
182 0.0
183 180.0
184 104.0
185 32.0
186 251.0
187 204.0
188 1.0
189 30.0
190 204.0
191 98.0
192 104.0
193 33.0
194 251.0
195 32.0
196 33.0
197 30.0
198 104.0
199 204.0
200 98.0
201 32.0
202 2.0
203 204.0
204 252.0
205 32.0
206 203.0
207 203.0
208 251.0
209 33.0
210 32.0
211 30.0
212 0.0
213 32.0
214 0.0
215 0.0
216 203.0
217 0.0
218 32.0
219 1.0
220 32.0
221 38.0
222 30.0
223 32.0
224 0.0
225 25.0
226 104.0
227 38.0
228 180.0
229 38.0
230 33.0
231 33.0
232 0.0
233 38.0
234 33.0
235 104.0
236 93.0
237 30.0
238 25.0
239 0.0
240 25.0
241 30.0
242 38.0
243 38.0
244 231.0
245 104.0
246 38.0
247 6.0
248 30.0
249 32.0
250 32.0
251 104.0
252 204.0
253 184.0
254 32.0
255 252.0
256 32.0
257 109.0
258 203.0
259 252.0
260 33.0
261 33.0
262 0.0
263 0.0
264 32.0
265 0.0
266 0.0
267 203.0
268 180.0
269 203.0
270 38.0
271 32.0
272 38.0
273 0.0
274 32.0
275 98.0
276 1.0
277 33.0
278 32.0
279 180.0
280 38.0
281 38.0
282 247.0
283 33.0
284 104.0
285 38.0
286 33.0
287 0.0
288 43.0
289 203.0
290 0.0
291 33.0
292 103.0
293 38.0
294 43.0
295 251.0
296 251.0
297 33.0
298 31.0
299 0.0
300 32.0
301 33.0
302 1.0
303 251.0
304 33.0
305 203.0
306 252.0
307 30.0
308 203.0
309 32.0
310 252.0
311 33.0
312 180.0
313 25.0
314 38.0
315 204.0
316 25.0
317 104.0
318 38.0
319 32.0
320 32.0
321 0.0
322 109.0
323 0.0
324 30.0
325 33.0
326 98.0
327 2.0
328 1.0
329 251.0
330 32.0
331 104.0
332 30.0
333 247.0
334 0.0
335 19.0
336 33.0
337 33.0
338 38.0
339 49.0
340 203.0
341 251.0
342 32.0
343 33.0
344 0.0
345 109.0
346 33.0
347 252.0
348 0.0
349 33.0
350 0.0
351 32.0
352 32.0
353 98.0
354 33.0
355 179.0
356 203.0
357 252.0
358 0.0
359 0.0
360 203.0
361 251.0
362 38.0
363 231.0
364 0.0
365 38.0
366 19.0
367 0.0
368 203.0
369 33.0
370 32.0
371 0.0
372 0.0
373 98.0
374 229.0
375 30.0
376 43.0
377 0.0
378 33.0
379 25.0
380 38.0
381 33.0
382 98.0
383 25.0
384 252.0
385 43.0
386 38.0
387 252.0
388 169.0
389 251.0
390 251.0
391 32.0
392 251.0
393 33.0
394 0.0
395 32.0
396 38.0
397 231.0
398 33.0
399 38.0
400 0.0
401 0.0
402 30.0
403 38.0
404 203.0
405 109.0
406 231.0
407 98.0
408 252.0
409 32.0
410 203.0
411 203.0
412 252.0
413 231.0
414 32.0
415 0.0
416 30.0
417 203.0
418 32.0
419 0.0
420 159.0
421 34.0
422 203.0
423 0.0
424 169.0
425 33.0
426 32.0
427 25.0
428 0.0
429 0.0
430 33.0
431 210.0
432 169.0
433 98.0
434 203.0
435 33.0
436 251.0
437 38.0
438 252.0
439 32.0
440 38.0
441 30.0
442 33.0
443 109.0
444 33.0
445 1.0
446 38.0
447 43.0
448 240.0
449 252.0
450 38.0
451 204.0
452 0.0
453 203.0
454 33.0
455 104.0
456 203.0
457 0.0
458 98.0
459 252.0
460 32.0
461 32.0
462 33.0
463 252.0
464 104.0
465 109.0
466 32.0
467 1.0
468 32.0
469 0.0
470 0.0
471 38.0
472 0.0
473 203.0
474 0.0
475 33.0
476 30.0
477 25.0
478 114.0
479 98.0
480 1.0
481 203.0
482 32.0
483 33.0
484 33.0
485 203.0
486 33.0
487 252.0
488 19.0
489 33.0
490 0.0
491 251.0
492 204.0
493 203.0
494 251.0
495 109.0
496 0.0
497 0.0
498 32.0
499 33.0
500 251.0
501 38.0
502 0.0
503 19.0
504 32.0
505 203.0
506 33.0
507 33.0
508 30.0
509 169.0
510 252.0
511 0.0
512 0.0
513 32.0
514 251.0
515 33.0
516 203.0
517 25.0
518 33.0
519 0.0
520 0.0
521 0.0
522 33.0
523 43.0
524 203.0
525 38.0
526 109.0
527 30.0
528 0.0
529 104.0
530 0.0
531 2.0
532 82.0
533 33.0
534 32.0
535 38.0
536 25.0
537 32.0
538 38.0
539 30.0
540 251.0
541 169.0
542 38.0
543 32.0
544 31.0
545 38.0
546 104.0
547 0.0
548 32.0
549 251.0
550 33.0
551 33.0
552 33.0
553 6.0
554 0.0
555 32.0
556 203.0
557 204.0
558 251.0
559 246.0
560 169.0
561 252.0
562 0.0
563 203.0
564 251.0
565 252.0
566 33.0
567 33.0
568 0.0
569 32.0
570 0.0
571 0.0
572 203.0
573 25.0
574 33.0
575 25.0
576 0.0
577 169.0
578 32.0
579 25.0
580 32.0
581 33.0
582 0.0
583 104.0
584 38.0
585 109.0
586 104.0
587 25.0
588 38.0
589 252.0
590 38.0
591 252.0
592 32.0
593 38.0
594 30.0
595 33.0
596 33.0
597 33.0
598 0.0
599 49.0
600 38.0
601 188.0
602 252.0
603 38.0
604 33.0
605 0.0
606 19.0
607 0.0
608 203.0
609 251.0
610 1.0
611 30.0
612 252.0
613 25.0
614 33.0
615 32.0
616 252.0
617 104.0
618 103.0
619 33.0
620 32.0
621 0.0
622 32.0
623 0.0
624 3.0
625 180.0
626 43.0
627 33.0
628 33.0
629 98.0
630 30.0
631 25.0
632 33.0
633 1.0
634 38.0
635 38.0
636 43.0
637 104.0
638 251.0
639 247.0
640 252.0
641 38.0
642 180.0
643 104.0
644 38.0
645 33.0
646 203.0
647 109.0
648 32.0
649 30.0
650 38.0
651 109.0
652 231.0
653 251.0
654 38.0
655 33.0
656 0.0
657 30.0
658 204.0
659 0.0
660 33.0
661 33.0
662 98.0
663 252.0
664 25.0
665 0.0
666 32.0
667 251.0
668 33.0
669 109.0
670 32.0
671 1.0
672 0.0
673 32.0
674 33.0
675 43.0
676 33.0
677 203.0
678 0.0
679 169.0
680 30.0
681 25.0
682 98.0
683 32.0
684 32.0
685 98.0
686 32.0
687 32.0
688 43.0
689 54.0
690 33.0
691 252.0
692 30.0
693 38.0
694 33.0
695 252.0
696 115.0
697 203.0
698 38.0
699 33.0
700 0.0
701 0.0
702 109.0
703 33.0
704 251.0
705 38.0
706 0.0
707 0.0
708 25.0
709 203.0
710 38.0
711 33.0
712 0.0
713 169.0
714 252.0
715 0.0
716 0.0
717 0.0
718 252.0
719 32.0
720 44.0
721 33.0
722 0.0
723 0.0
724 32.0
725 203.0
726 38.0
727 0.0
728 109.0
729 0.0
730 174.0
731 33.0
732 0.0
733 98.0
734 38.0
735 33.0
736 33.0
737 38.0
738 32.0
739 33.0
740 25.0
741 33.0
742 252.0
743 38.0
744 251.0
745 169.0
746 38.0
747 115.0
748 203.0
749 251.0
750 32.0
751 33.0
752 33.0
753 210.0
754 204.0
755 251.0
756 0.0
757 33.0
758 0.0
759 30.0
760 0.0
761 203.0
762 104.0
763 0.0
764 169.0
765 252.0
766 0.0
767 204.0
768 0.0
769 252.0
770 32.0
771 33.0
772 33.0
773 169.0
774 0.0
775 0.0
776 203.0
777 87.0
778 203.0
779 225.0
780 0.0
781 169.0
782 98.0
783 30.0
784 0.0
785 33.0
786 0.0
787 38.0
788 38.0
789 32.0
790 38.0
791 32.0
792 251.0
793 252.0
794 38.0
795 251.0
796 169.0
797 251.0
798 32.0
799 204.0
800 251.0
801 104.0
802 0.0
803 38.0
804 109.0
805 33.0
806 109.0
807 32.0
808 33.0
809 0.0
810 32.0
811 203.0
812 203.0
813 33.0
814 1.0
815 93.0
816 252.0
817 30.0
818 204.0
819 0.0
820 251.0
821 114.0
822 109.0
823 32.0
824 0.0
825 30.0
826 32.0
827 0.0
828 43.0
829 33.0
830 225.0
831 0.0
832 43.0
833 30.0
834 0.0
835 0.0
836 33.0
837 43.0
838 104.0
839 252.0
840 38.0
841 0.0
842 54.0
843 33.0
844 252.0
845 30.0
846 33.0
847 251.0
848 252.0
849 32.0
850 203.0
851 251.0
852 87.0
853 0.0
854 30.0
855 109.0
856 38.0
857 251.0
858 33.0
859 0.0
860 0.0
861 32.0
862 203.0
863 204.0
864 33.0
865 0.0
866 169.0
867 252.0
868 0.0
869 25.0
870 0.0
871 252.0
872 32.0
873 44.0
874 32.0
875 33.0
876 0.0
877 0.0
878 203.0
879 33.0
880 169.0
881 109.0
882 32.0
883 104.0
884 33.0
885 0.0
886 33.0
887 231.0
888 1.0
889 251.0
890 32.0
891 180.0
892 33.0
893 54.0
894 38.0
895 252.0
896 30.0
897 252.0
898 0.0
899 251.0
900 32.0
901 251.0
902 38.0
903 203.0
904 0.0
905 0.0
906 33.0
907 180.0
908 251.0
909 33.0
910 0.0
911 0.0
912 43.0
913 0.0
914 0.0
915 252.0
916 38.0
917 169.0
918 252.0
919 0.0
920 115.0
921 0.0
922 252.0
923 33.0
924 251.0
925 0.0
926 32.0
927 32.0
928 25.0
929 25.0
930 12.0
931 32.0
932 38.0
933 0.0
934 158.0
935 93.0
936 0.0
937 0.0
938 33.0
939 33.0
940 219.0
941 38.0
942 32.0
943 33.0
944 0.0
945 252.0
946 251.0
947 38.0
948 109.0
949 104.0
950 251.0
951 203.0
952 203.0
953 1.0
954 32.0
955 0.0
956 38.0
957 251.0
958 33.0
959 252.0
960 0.0
961 33.0
962 0.0
963 30.0
964 0.0
965 204.0
966 251.0
967 33.0
968 204.0
969 252.0
970 25.0
971 204.0
972 0.0
973 251.0
974 114.0
975 32.0
976 98.0
977 32.0
978 30.0
979 252.0
980 104.0
981 0.0
982 38.0
983 251.0
984 0.0
985 114.0
986 252.0
987 0.0
988 251.0
989 38.0
990 1.0
991 33.0
992 38.0
993 32.0
994 0.0
995 54.0
996 252.0
997 252.0
998 30.0
999 38.0
1000 104.0
1001 252.0
1002 30.0
1003 203.0
1004 251.0
1005 203.0
1006 33.0
1007 38.0
1008 109.0
1009 204.0
1010 251.0
1011 33.0
1012 33.0
1013 0.0
1014 203.0
1015 204.0
1016 33.0
1017 252.0
1018 25.0
1019 203.0
1020 252.0
1021 30.0
1022 203.0
1023 32.0
1024 252.0
1025 38.0
1026 109.0
1027 33.0
1028 43.0
1029 0.0
1030 32.0
1031 33.0
1032 38.0
1033 180.0
1034 252.0
1035 0.0
1036 33.0
1037 30.0
1038 33.0
1039 0.0
1040 38.0
1041 49.0
1042 33.0
1043 33.0
1044 109.0
1045 0.0
1046 38.0
1047 33.0
1048 252.0
1049 38.0
1050 104.0
1051 0.0
1052 251.0
1053 32.0
1054 203.0
1055 38.0
1056 38.0
1057 30.0
1058 246.0
1059 252.0
1060 187.0
1061 251.0
1062 33.0
1063 204.0
1064 0.0
1065 33.0
1066 203.0
1067 0.0
1068 251.0
1069 33.0
1070 0.0
1071 252.0
1072 0.0
1073 25.0
1074 32.0
1075 252.0
1076 33.0
1077 44.0
1078 252.0
1079 33.0
1080 0.0
1081 109.0
1082 203.0
1083 167.0
1084 25.0
1085 252.0
1086 0.0
1087 174.0
1088 33.0
1089 0.0
1090 109.0
1091 0.0
1092 33.0
1093 174.0
1094 33.0
1095 38.0
1096 0.0
1097 25.0
1098 33.0
1099 251.0
1100 38.0
1101 38.0
1102 104.0
1103 251.0
1104 251.0
1105 30.0
1106 109.0
1107 32.0
1108 1.0
1109 0.0
1110 33.0
1111 38.0
1112 251.0
1113 0.0
1114 0.0
1115 0.0
1116 32.0
1117 0.0
1118 203.0
1119 251.0
1120 38.0
1121 38.0
1122 252.0
1123 0.0
1124 203.0
1125 0.0
1126 252.0
1127 241.0
1128 251.0
1129 32.0
1130 251.0
1131 0.0
1132 114.0
1133 252.0
1134 203.0
1135 30.0
1136 252.0
1137 0.0
1138 169.0
1139 32.0
1140 0.0
1141 0.0
1142 38.0
1143 38.0
1144 174.0
1145 38.0
1146 32.0
1147 33.0
1148 0.0
1149 247.0
1150 252.0
1151 30.0
1152 252.0
1153 104.0
1154 252.0
1155 251.0
1156 30.0
1157 252.0
1158 32.0
1159 0.0
1160 38.0
1161 252.0
1162 176.0
1163 251.0
1164 0.0
1165 6.0
1166 0.0
1167 33.0
1168 204.0
1169 203.0
1170 251.0
1171 25.0
1172 169.0
1173 252.0
1174 25.0
1175 204.0
1176 0.0
1177 251.0
1178 104.0
1179 109.0
1180 252.0
1181 203.0
1182 30.0
1183 38.0
1184 0.0
1185 33.0
1186 32.0
1187 252.0
1188 203.0
1189 104.0
1190 104.0
1191 25.0
1192 0.0
1193 38.0
1194 109.0
1195 251.0
1196 231.0
1197 109.0
1198 251.0
1199 54.0
1200 33.0
1201 252.0
1202 30.0
1203 251.0
1204 1.0
1205 252.0
1206 30.0
1207 32.0
1208 33.0
1209 203.0
1210 103.0
1211 38.0
1212 251.0
1213 38.0
1214 33.0
1215 38.0
1216 38.0
1217 19.0
1218 30.0
1219 114.0
1220 0.0
1221 251.0
1222 38.0
1223 0.0
1224 252.0
1225 0.0
1226 203.0
1227 32.0
1228 251.0
1229 38.0
1230 103.0
1231 236.0
1232 43.0
1233 0.0
1234 38.0
1235 0.0
1236 44.0
1237 38.0
1238 252.0
1239 33.0
1240 93.0
1241 104.0
1242 0.0
1243 33.0
1244 38.0
1245 43.0
1246 33.0
1247 32.0
1248 180.0
1249 252.0
1250 32.0
1251 33.0
1252 38.0
1253 38.0
1254 38.0
1255 252.0
1256 252.0
1257 32.0
1258 204.0
1259 109.0
1260 109.0
1261 0.0
1262 38.0
1263 33.0
1264 43.0
1265 251.0
1266 0.0
1267 251.0
1268 0.0
1269 0.0
1270 0.0
1271 32.0
1272 251.0
1273 38.0
1274 32.0
1275 252.0
1276 30.0
1277 115.0
1278 0.0
1279 252.0
1280 33.0
1281 109.0
1282 251.0
1283 32.0
1284 0.0
1285 43.0
1286 204.0
1287 0.0
1288 25.0
1289 251.0
1290 203.0
1291 158.0
1292 33.0
1293 32.0
1294 0.0
1295 252.0
1296 38.0
1297 174.0
1298 38.0
1299 203.0
1300 252.0
1301 0.0
1302 251.0
1303 252.0
1304 38.0
1305 38.0
1306 104.0
1307 251.0
1308 204.0
1309 225.0
1310 33.0
1311 25.0
1312 32.0
1313 0.0
1314 252.0
1315 170.0
1316 251.0
1317 1.0
1318 33.0
1319 0.0
1320 38.0
1321 203.0
1322 204.0
1323 252.0
1324 251.0
1325 180.0
1326 252.0
1327 38.0
1328 204.0
1329 0.0
1330 252.0
1331 231.0
1332 251.0
1333 33.0
1334 32.0
1335 0.0
1336 43.0
1337 0.0
1338 38.0
1339 30.0
1340 251.0
1341 0.0
1342 93.0
1343 229.0
1344 30.0
1345 32.0
1346 38.0
1347 104.0
1348 1.0
1349 38.0
1350 33.0
1351 252.0
1352 54.0
1353 33.0
1354 252.0
1355 30.0
1356 251.0
1357 104.0
1358 252.0
1359 33.0
1360 43.0
1361 33.0
1362 104.0
1363 0.0
1364 38.0
1365 252.0
1366 33.0
1367 33.0
1368 0.0
1369 203.0
1370 0.0
1371 43.0
1372 114.0
1373 204.0
1374 252.0
1375 33.0
1376 203.0
1377 252.0
1378 30.0
1379 0.0
1380 32.0
1381 251.0
1382 104.0
1383 33.0
1384 252.0
1385 32.0
1386 0.0
1387 109.0
1388 0.0
1389 38.0
1390 38.0
1391 251.0
1392 1.0
1393 25.0
1394 104.0
1395 32.0
1396 0.0
1397 231.0
1398 38.0
1399 203.0
1400 33.0
1401 203.0
1402 251.0
1403 251.0
1404 33.0
1405 38.0
1406 30.0
1407 251.0
1408 0.0
1409 252.0
1410 33.0
1411 33.0
1412 109.0
1413 203.0
1414 0.0
1415 38.0
1416 251.0
1417 231.0
1418 251.0
1419 0.0
1420 33.0
1421 38.0
1422 30.0
1423 33.0
1424 0.0
1425 251.0
1426 44.0
1427 32.0
1428 252.0
1429 25.0
1430 204.0
1431 32.0
1432 252.0
1433 38.0
1434 186.0
1435 252.0
1436 32.0
1437 0.0
1438 38.0
1439 38.0
1440 33.0
1441 38.0
1442 252.0
1443 0.0
1444 25.0
1445 33.0
1446 25.0
1447 104.0
1448 252.0
1449 252.0
1450 174.0
1451 33.0
1452 191.0
1453 251.0
1454 25.0
1455 251.0
1456 1.0
1457 38.0
1458 38.0
1459 104.0
1460 251.0
1461 251.0
1462 38.0
1463 109.0
1464 169.0
1465 33.0
1466 251.0
1467 251.0
1468 204.0
1469 33.0
1470 0.0
1471 33.0
1472 0.0
1473 204.0
1474 203.0
1475 203.0
1476 252.0
1477 25.0
1478 203.0
1479 252.0
1480 38.0
1481 204.0
1482 0.0
1483 252.0
1484 241.0
1485 32.0
1486 38.0
1487 32.0
1488 19.0
1489 109.0
1490 203.0
1491 38.0
1492 32.0
1493 252.0
1494 0.0
1495 30.0
1496 33.0
1497 0.0
1498 32.0
1499 38.0
1500 38.0
1501 174.0
1502 33.0
1503 32.0
1504 252.0
1505 30.0
1506 247.0
1507 252.0
1508 38.0
1509 251.0
1510 104.0
1511 252.0
1512 203.0
1513 32.0
1514 33.0
1515 203.0
1516 0.0
1517 32.0
1518 252.0
1519 33.0
1520 104.0
1521 0.0
1522 30.0
1523 0.0
1524 251.0
1525 204.0
1526 104.0
1527 252.0
1528 38.0
1529 169.0
1530 252.0
1531 19.0
1532 204.0
1533 32.0
1534 251.0
1535 38.0
1536 0.0
1537 236.0
1538 32.0
1539 0.0
1540 252.0
1541 31.0
1542 33.0
1543 0.0
1544 38.0
1545 32.0
1546 30.0
1547 104.0
1548 30.0
1549 25.0
1550 38.0
1551 38.0
1552 203.0
1553 38.0
1554 32.0
1555 252.0
1556 54.0
1557 33.0
1558 251.0
1559 30.0
1560 251.0
1561 33.0
1562 38.0
1563 32.0
1564 38.0
1565 252.0
1566 104.0
1567 1.0
1568 32.0
1569 251.0
1570 38.0
1571 104.0
1572 33.0
1573 38.0
1574 0.0
1575 32.0
1576 203.0
1577 203.0
1578 251.0
1579 231.0
1580 204.0
1581 252.0
1582 19.0
1583 204.0
1584 0.0
1585 251.0
1586 251.0
1587 32.0
1588 251.0
1589 32.0
1590 30.0
1591 38.0
1592 0.0
1593 157.0
1594 38.0
1595 251.0
1596 33.0
1597 30.0
1598 104.0
1599 32.0
1600 0.0
1601 231.0
1602 251.0
1603 87.0
1604 252.0
1605 33.0
1606 252.0
1607 203.0
1608 33.0
1609 252.0
1610 30.0
1611 38.0
1612 1.0
1613 252.0
1614 175.0
1615 203.0
1616 109.0
1617 109.0
1618 30.0
1619 251.0
1620 38.0
1621 38.0
1622 33.0
1623 38.0
1624 33.0
1625 0.0
1626 43.0
1627 0.0
1628 203.0
1629 251.0
1630 33.0
1631 32.0
1632 252.0
1633 30.0
1634 204.0
1635 0.0
1636 252.0
1637 109.0
1638 0.0
1639 38.0
1640 32.0
1641 0.0
1642 251.0
1643 31.0
1644 38.0
1645 32.0
1646 33.0
1647 33.0
1648 30.0
1649 33.0
1650 0.0
1651 87.0
1652 38.0
1653 38.0
1654 203.0
1655 33.0
1656 32.0
1657 38.0
1658 0.0
1659 251.0
1660 38.0
1661 38.0
1662 38.0
1663 33.0
1664 38.0
1665 204.0
1666 38.0
1667 109.0
1668 25.0
1669 33.0
1670 32.0
1671 252.0
1672 251.0
1673 33.0
1674 0.0
1675 33.0
1676 25.0
1677 32.0
1678 203.0
1679 33.0
1680 252.0
1681 38.0
1682 203.0
1683 252.0
1684 38.0
1685 203.0
1686 32.0
1687 252.0
1688 251.0
1689 109.0
1690 236.0
1691 32.0
1692 0.0
1693 109.0
1694 25.0
1695 12.0
1696 38.0
1697 109.0
1698 203.0
1699 25.0
1700 251.0
1701 30.0
1702 32.0
1703 38.0
1704 38.0
1705 1.0
1706 231.0
1707 38.0
1708 252.0
1709 38.0
1710 251.0
1711 252.0
1712 38.0
1713 109.0
1714 104.0
1715 251.0
1716 32.0
1717 32.0
1718 251.0
1719 32.0
1720 1.0
1721 32.0
1722 251.0
1723 204.0
1724 104.0
1725 38.0
1726 0.0
1727 0.0
1728 43.0
1729 203.0
1730 0.0
1731 252.0
1732 251.0
1733 204.0
1734 252.0
1735 32.0
1736 252.0
1737 0.0
1738 251.0
1739 38.0
1740 251.0
1741 236.0
1742 32.0
1743 0.0
1744 252.0
1745 38.0
1746 25.0
1747 0.0
1748 33.0
1749 31.0
1750 30.0
1751 203.0
1752 25.0
1753 109.0
1754 38.0
1755 38.0
1756 87.0
1757 38.0
1758 32.0
1759 252.0
1760 54.0
1761 33.0
1762 251.0
1763 30.0
1764 251.0
1765 33.0
1766 251.0
1767 175.0
1768 246.0
1769 33.0
1770 203.0
1771 30.0
1772 251.0
1773 251.0
1774 38.0
1775 251.0
1776 33.0
1777 33.0
1778 19.0
1779 32.0
1780 204.0
1781 203.0
1782 251.0
1783 32.0
1784 30.0
1785 252.0
1786 32.0
1787 32.0
1788 32.0
1789 251.0
1790 247.0
1791 251.0
1792 251.0
1793 32.0
1794 0.0
1795 32.0
1796 33.0
1797 203.0
1798 32.0
1799 33.0
1800 33.0
1801 30.0
1802 33.0
1803 30.0
1804 109.0
1805 38.0
1806 38.0
1807 203.0
1808 33.0
1809 109.0
1810 251.0
1811 203.0
1812 33.0
1813 252.0
1814 30.0
1815 38.0
1816 33.0
1817 252.0
1818 251.0
1819 38.0
1820 252.0
1821 98.0
1822 0.0
1823 32.0
1824 252.0
1825 38.0
1826 33.0
1827 0.0
1828 204.0
1829 25.0
1830 32.0
1831 104.0
1832 32.0
1833 251.0
1834 38.0
1835 114.0
1836 252.0
1837 32.0
1838 115.0
1839 0.0
1840 252.0
1841 109.0
1842 186.0
1843 33.0
1844 38.0
1845 0.0
1846 109.0
1847 0.0
1848 38.0
1849 32.0
1850 109.0
1851 33.0
1852 30.0
1853 33.0
1854 0.0
1855 0.0
1856 38.0
1857 38.0
1858 251.0
1859 33.0
1860 180.0
1861 38.0
1862 54.0
1863 213.0
1864 38.0
1865 38.0
1866 38.0
1867 169.0
1868 251.0
1869 32.0
1870 32.0
1871 109.0
1872 203.0
1873 0.0
1874 32.0
1875 252.0
1876 204.0
1877 98.0
1878 38.0
1879 203.0
1880 0.0
1881 32.0
1882 203.0
1883 104.0
1884 231.0
1885 38.0
1886 169.0
1887 252.0
1888 32.0
1889 109.0
1890 32.0
1891 33.0
1892 109.0
1893 6.0
1894 239.0
1895 32.0
1896 0.0
1897 109.0
1898 30.0
1899 38.0
1900 38.0
1901 33.0
1902 252.0
1903 33.0
1904 203.0
1905 33.0
1906 25.0
1907 38.0
1908 252.0
1909 174.0
1910 252.0
1911 180.0
1912 251.0
1913 54.0
1914 251.0
1915 251.0
1916 38.0
1917 251.0
1918 0.0
1919 251.0
1920 251.0
1921 38.0
1922 109.0
1923 169.0
1924 32.0
1925 251.0
1926 38.0
1927 38.0
1928 33.0
1929 33.0
1930 0.0
1931 0.0
1932 33.0
1933 203.0
1934 203.0
1935 252.0
1936 33.0
1937 103.0
1938 252.0
1939 38.0
1940 0.0
1941 32.0
1942 109.0
1943 247.0
1944 33.0
1945 236.0
1946 203.0
1947 30.0
1948 203.0
1949 38.0
1950 0.0
1951 25.0
1952 103.0
1953 38.0
1954 25.0
1955 203.0
1956 30.0
1957 104.0
1958 33.0
1959 38.0
1960 98.0
1961 38.0
1962 32.0
1963 38.0
1964 203.0
1965 33.0
1966 252.0
1967 30.0
1968 251.0
1969 0.0
1970 252.0
1971 251.0
1972 204.0
1973 251.0
1974 203.0
1975 32.0
1976 251.0
1977 252.0
1978 252.0
1979 33.0
1980 1.0
1981 38.0
1982 109.0
1983 32.0
1984 204.0
1985 203.0
1986 251.0
1987 251.0
1988 33.0
1989 252.0
1990 33.0
1991 32.0
1992 32.0
1993 251.0
1994 251.0
1995 32.0
1996 32.0
1997 38.0
1998 30.0
1999 251.0
2000 33.0
2001 3.0
2002 38.0
2003 251.0
2004 38.0
2005 164.0
2006 32.0
2007 30.0
2008 104.0
2009 33.0
2010 38.0
2011 104.0
2012 38.0
2013 191.0
2014 252.0
2015 54.0
2016 251.0
2017 1.0
2018 38.0
2019 38.0
2020 32.0
2021 251.0
2022 251.0
2023 32.0
2024 33.0
2025 104.0
2026 204.0
2027 251.0
2028 38.0
2029 251.0
2030 33.0
2031 33.0
2032 33.0
2033 25.0
2034 32.0
2035 203.0
2036 203.0
2037 231.0
2038 104.0
2039 251.0
2040 252.0
2041 33.0
2042 109.0
2043 32.0
2044 33.0
2045 109.0
2046 0.0
2047 32.0
2048 32.0
2049 0.0
2050 33.0
2051 33.0
2052 3.0
2053 32.0
2054 33.0
2055 38.0
2056 30.0
2057 251.0
2058 25.0
2059 104.0
2060 33.0
2061 251.0
2062 104.0
2063 251.0
2064 43.0
2065 252.0
2066 33.0
2067 247.0
2068 251.0
2069 25.0
2070 109.0
2071 0.0
2072 251.0
2073 103.0
2074 30.0
2075 109.0
2076 169.0
2077 204.0
2078 32.0
2079 38.0
2080 33.0
2081 98.0
2082 33.0
2083 32.0
2084 251.0
2085 32.0
2086 0.0
2087 203.0
2088 251.0
2089 204.0
2090 33.0
2091 252.0
2092 38.0
2093 115.0
2094 0.0
2095 33.0
2096 251.0
2097 33.0
2098 32.0
2099 203.0
2100 0.0
2101 251.0
2102 252.0
2103 38.0
2104 25.0
2105 109.0
2106 38.0
2107 25.0
2108 30.0
2109 32.0
2110 251.0
2111 231.0
2112 38.0
2113 104.0
2114 231.0
2115 109.0
2116 251.0
2117 33.0
2118 33.0
2119 251.0
2120 25.0
2121 251.0
2122 98.0
2123 252.0
2124 251.0
2125 204.0
2126 252.0
2127 169.0
2128 204.0
2129 246.0
2130 33.0
2131 33.0
2132 251.0
2133 0.0
2134 6.0
2135 0.0
2136 32.0
2137 203.0
2138 204.0
2139 251.0
2140 104.0
2141 38.0
2142 252.0
2143 38.0
2144 0.0
2145 0.0
2146 38.0
2147 251.0
2148 33.0
2149 32.0
2150 32.0
2151 30.0
2152 203.0
2153 234.0
2154 251.0
2155 203.0
2156 103.0
2157 38.0
2158 25.0
2159 251.0
2160 0.0
2161 32.0
2162 33.0
2163 38.0
2164 251.0
2165 251.0
2166 32.0
2167 252.0
2168 49.0
2169 33.0
2170 38.0
2171 38.0
2172 252.0
2173 98.0
2174 252.0
2175 32.0
2176 203.0
2177 33.0
2178 109.0
2179 32.0
2180 32.0
2181 33.0
2182 251.0
2183 33.0
2184 38.0
2185 33.0
2186 33.0
2187 32.0
2188 204.0
2189 203.0
2190 251.0
2191 169.0
2192 38.0
2193 252.0
2194 33.0
2195 115.0
2196 0.0
2197 251.0
2198 109.0
2199 0.0
2200 0.0
2201 203.0
2202 0.0
2203 109.0
2204 225.0
2205 25.0
2206 32.0
2207 33.0
2208 203.0
2209 158.0
2210 33.0
2211 32.0
2212 104.0
2213 33.0
2214 38.0
2215 33.0
2216 252.0
2217 32.0
2218 251.0
2219 38.0
2220 219.0
2221 33.0
2222 38.0
2223 252.0
2224 0.0
2225 252.0
2226 169.0
2227 30.0
2228 109.0
2229 203.0
2230 204.0
2231 251.0
2232 38.0
2233 252.0
2234 33.0
2235 33.0
2236 251.0
2237 33.0
2238 204.0
2239 0.0
2240 104.0
2241 231.0
2242 204.0
2243 109.0
2244 252.0
2245 252.0
2246 251.0
2247 0.0
2248 251.0
2249 109.0
2250 6.0
2251 32.0
2252 43.0
2253 30.0
2254 32.0
2255 33.0
2256 38.0
2257 32.0
2258 33.0
2259 114.0
2260 158.0
2261 98.0
2262 32.0
2263 43.0
2264 38.0
2265 251.0
2266 104.0
2267 252.0
2268 38.0
2269 251.0
2270 25.0
2271 252.0
2272 38.0
2273 25.0
2274 251.0
2275 1.0
2276 251.0
2277 251.0
2278 38.0
2279 109.0
2280 169.0
2281 252.0
2282 32.0
2283 252.0
2284 252.0
2285 251.0
2286 33.0
2287 38.0
2288 33.0
2289 32.0
2290 204.0
2291 204.0
2292 252.0
2293 231.0
2294 251.0
2295 252.0
2296 38.0
2297 32.0
2298 32.0
2299 251.0
2300 252.0
2301 109.0
2302 32.0
2303 203.0
2304 0.0
2305 251.0
2306 240.0
2307 203.0
2308 0.0
2309 109.0
2310 38.0
2311 25.0
2312 33.0
2313 0.0
2314 30.0
2315 0.0
2316 38.0
2317 174.0
2318 252.0
2319 32.0
2320 252.0
2321 33.0
2322 33.0
2323 251.0
2324 25.0
2325 251.0
2326 32.0
2327 252.0
2328 32.0
2329 203.0
2330 1.0
2331 104.0
2332 32.0
2333 251.0
2334 33.0
2335 252.0
2336 33.0
2337 231.0
2338 33.0
2339 251.0
2340 32.0
2341 0.0
2342 38.0
2343 33.0
2344 104.0
2345 38.0
2346 252.0
2347 251.0
2348 109.0
2349 0.0
2350 38.0
2351 38.0
2352 231.0
2353 33.0
2354 32.0
2355 0.0
2356 203.0
2357 252.0
2358 3.0
2359 204.0
2360 251.0
2361 38.0
2362 25.0
2363 33.0
2364 32.0
2365 32.0
2366 0.0
2367 252.0
2368 104.0
2369 252.0
2370 109.0
2371 252.0
2372 49.0
2373 252.0
2374 252.0
2375 104.0
2376 252.0
2377 104.0
2378 252.0
2379 32.0
2380 32.0
2381 109.0
2382 30.0
2383 204.0
2384 251.0
2385 33.0
2386 251.0
2387 252.0
2388 104.0
2389 252.0
2390 38.0
2391 43.0
2392 203.0
2393 203.0
2394 252.0
2395 33.0
2396 252.0
2397 252.0
2398 104.0
2399 109.0
2400 32.0
2401 251.0
2402 38.0
2403 109.0
2404 32.0
2405 38.0
2406 0.0
2407 109.0
2408 38.0
2409 38.0
2410 32.0
2411 33.0
2412 109.0
2413 38.0
2414 252.0
2415 42.0
2416 32.0
2417 32.0
2418 38.0
2419 33.0
2420 252.0
2421 180.0
2422 252.0
2423 251.0
2424 251.0
2425 251.0
2426 38.0
2427 38.0
2428 0.0
2429 251.0
2430 251.0
2431 38.0
2432 252.0
2433 30.0
2434 33.0
2435 251.0
2436 38.0
2437 251.0
2438 33.0
2439 38.0
2440 252.0
2441 30.0
2442 33.0
2443 204.0
2444 98.0
2445 252.0
2446 38.0
2447 252.0
2448 252.0
2449 229.0
2450 252.0
2451 32.0
2452 251.0
2453 114.0
2454 109.0
2455 32.0
2456 38.0
2457 30.0
2458 32.0
2459 38.0
2460 38.0
2461 0.0
2462 38.0
2463 203.0
2464 30.0
2465 229.0
2466 203.0
2467 229.0
2468 33.0
2469 252.0
2470 104.0
2471 38.0
2472 109.0
2473 252.0
2474 33.0
2475 38.0
2476 252.0
2477 25.0
2478 251.0
2479 0.0
2480 251.0
2481 175.0
2482 203.0
2483 33.0
2484 98.0
2485 32.0
2486 43.0
2487 252.0
2488 252.0
2489 33.0
2490 38.0
2491 252.0
2492 32.0
2493 32.0
2494 203.0
2495 38.0
2496 251.0
2497 0.0
2498 38.0
2499 252.0
2500 38.0
2501 32.0
2502 0.0
2503 251.0
2504 38.0
2505 251.0
2506 32.0
2507 32.0
2508 0.0
2509 38.0
2510 38.0
2511 3.0
2512 0.0
2513 251.0
2514 38.0
2515 30.0
2516 33.0
2517 25.0
2518 43.0
2519 0.0
2520 252.0
2521 174.0
2522 252.0
2523 115.0
2524 252.0
2525 33.0
2526 252.0
2527 252.0
2528 25.0
2529 251.0
2530 33.0
2531 252.0
2532 103.0
2533 25.0
2534 33.0
2535 109.0
2536 204.0
2537 33.0
2538 33.0
2539 252.0
2540 38.0
2541 251.0
2542 252.0
2543 33.0
2544 32.0
2545 32.0
2546 104.0
2547 251.0
2548 231.0
2549 252.0
2550 252.0
2551 38.0
2552 109.0
2553 32.0
2554 252.0
2555 38.0
2556 186.0
2557 236.0
2558 38.0
2559 32.0
2560 203.0
2561 38.0
2562 203.0
2563 0.0
2564 33.0
2565 252.0
2566 25.0
2567 251.0
2568 33.0
2569 229.0
2570 32.0
2571 251.0
2572 206.0
2573 252.0
2574 109.0
2575 251.0
2576 38.0
2577 251.0
2578 252.0
2579 25.0
2580 38.0
2581 251.0
2582 252.0
2583 32.0
2584 25.0
2585 251.0
2586 104.0
2587 103.0
2588 251.0
2589 252.0
2590 251.0
2591 33.0
2592 98.0
2593 251.0
2594 33.0
2595 43.0
2596 203.0
2597 203.0
2598 252.0
2599 38.0
2600 252.0
2601 252.0
2602 252.0
2603 109.0
2604 32.0
2605 251.0
2606 252.0
2607 103.0
2608 32.0
2609 32.0
2610 93.0
2611 203.0
2612 252.0
2613 38.0
2614 32.0
2615 38.0
2616 203.0
2617 93.0
2618 104.0
2619 33.0
2620 30.0
2621 38.0
2622 251.0
2623 104.0
2624 38.0
2625 109.0
2626 252.0
2627 54.0
2628 38.0
2629 38.0
2630 38.0
2631 251.0
2632 0.0
2633 251.0
2634 169.0
2635 203.0
2636 1.0
2637 0.0
2638 32.0
2639 203.0
2640 38.0
2641 252.0
2642 33.0
2643 38.0
2644 252.0
2645 240.0
2646 251.0
2647 204.0
2648 30.0
2649 33.0
2650 33.0
2651 38.0
2652 252.0
2653 43.0
2654 32.0
2655 0.0
2656 251.0
2657 251.0
2658 103.0
2659 32.0
2660 204.0
2661 0.0
2662 251.0
2663 38.0
2664 151.0
2665 32.0
2666 252.0
2667 38.0
2668 30.0
2669 251.0
2670 25.0
2671 114.0
2672 0.0
2673 252.0
2674 251.0
2675 38.0
2676 203.0
2677 252.0
2678 32.0
2679 252.0
2680 252.0
2681 25.0
2682 252.0
2683 98.0
2684 251.0
2685 103.0
2686 31.0
2687 0.0
2688 0.0
2689 33.0
2690 38.0
2691 33.0
2692 252.0
2693 104.0
2694 38.0
2695 251.0
2696 109.0
2697 33.0
2698 204.0
2699 203.0
2700 251.0
2701 104.0
2702 38.0
2703 252.0
2704 251.0
2705 32.0
2706 0.0
2707 252.0
2708 109.0
2709 251.0
2710 236.0
2711 32.0
2712 0.0
2713 32.0
2714 252.0
2715 3.0
2716 0.0
2717 252.0
2718 38.0
2719 25.0
2720 33.0
2721 38.0
2722 32.0
2723 38.0
2724 251.0
2725 104.0
2726 38.0
2727 38.0
2728 252.0
2729 32.0
2730 252.0
2731 251.0
2732 30.0
2733 251.0
2734 32.0
2735 251.0
2736 32.0
2737 204.0
2738 109.0
2739 109.0
2740 103.0
2741 33.0
2742 252.0
2743 251.0
2744 252.0
2745 38.0
2746 252.0
2747 33.0
2748 252.0
2749 32.0
2750 204.0
2751 251.0
2752 240.0
2753 38.0
2754 252.0
2755 38.0
2756 252.0
2757 33.0
2758 252.0
2759 109.0
2760 175.0
2761 32.0
2762 203.0
2763 30.0
2764 203.0
2765 38.0
2766 38.0
2767 0.0
2768 38.0
2769 252.0
2770 104.0
2771 104.0
2772 33.0
2773 43.0
2774 38.0
2775 38.0
2776 225.0
2777 231.0
2778 180.0
2779 251.0
2780 252.0
2781 38.0
2782 252.0
2783 38.0
2784 38.0
2785 0.0
2786 104.0
2787 32.0
2788 203.0
2789 251.0
2790 0.0
2791 33.0
2792 33.0
2793 38.0
2794 251.0
2795 33.0
2796 251.0
2797 252.0
2798 240.0
2799 43.0
2800 204.0
2801 104.0
2802 33.0
2803 240.0
2804 252.0
2805 252.0
2806 38.0
2807 109.0
2808 33.0
2809 251.0
2810 251.0
2811 109.0
2812 0.0
2813 43.0
2814 0.0
2815 33.0
2816 38.0
2817 38.0
2818 0.0
2819 33.0
2820 109.0
2821 158.0
2822 38.0
2823 0.0
2824 33.0
2825 38.0
2826 251.0
2827 174.0
2828 38.0
2829 180.0
2830 252.0
2831 43.0
2832 251.0
2833 38.0
2834 25.0
2835 251.0
2836 169.0
2837 104.0
2838 169.0
2839 30.0
2840 0.0
2841 0.0
2842 33.0
2843 203.0
2844 38.0
2845 252.0
2846 251.0
2847 252.0
2848 252.0
2849 251.0
2850 43.0
2851 204.0
2852 203.0
2853 33.0
2854 93.0
2855 38.0
2856 252.0
2857 38.0
2858 252.0
2859 251.0
2860 252.0
2861 38.0
2862 33.0
2863 32.0
2864 38.0
2865 0.0
2866 32.0
2867 38.0
2868 25.0
2869 0.0
2870 38.0
2871 38.0
2872 33.0
2873 33.0
2874 0.0
2875 104.0
2876 231.0
2877 38.0
2878 1.0
2879 38.0
2880 32.0
2881 252.0
2882 25.0
2883 236.0
2884 252.0
2885 25.0
2886 251.0
2887 169.0
2888 38.0
2889 169.0
2890 32.0
2891 0.0
2892 93.0
2893 103.0
2894 33.0
2895 218.0
2896 38.0
2897 33.0
2898 251.0
2899 252.0
2900 38.0
2901 32.0
2902 0.0
2903 1.0
2904 203.0
2905 251.0
2906 246.0
2907 252.0
2908 33.0
2909 251.0
2910 32.0
2911 252.0
2912 252.0
2913 175.0
2914 32.0
2915 32.0
2916 30.0
2917 252.0
2918 38.0
2919 25.0
2920 14.0
2921 38.0
2922 38.0
2923 32.0
2924 87.0
2925 20.0
2926 0.0
2927 247.0
2928 38.0
2929 174.0
2930 38.0
2931 180.0
2932 251.0
2933 252.0
2934 252.0
2935 252.0
2936 38.0
2937 38.0
2938 33.0
2939 104.0
2940 104.0
2941 203.0
2942 38.0
2943 0.0
2944 251.0
2945 251.0
2946 33.0
2947 251.0
2948 33.0
2949 252.0
2950 252.0
2951 231.0
2952 251.0
2953 109.0
2954 98.0
2955 252.0
2956 240.0
2957 252.0
2958 252.0
2959 33.0
2960 252.0
2961 38.0
2962 251.0
2963 251.0
2964 109.0
2965 0.0
2966 32.0
2967 32.0
2968 252.0
2969 252.0
2970 38.0
2971 0.0
2972 33.0
2973 251.0
2974 30.0
2975 251.0
2976 20.0
2977 32.0
2978 252.0
2979 251.0
2980 174.0
2981 38.0
2982 180.0
2983 251.0
2984 54.0
2985 38.0
2986 33.0
2987 25.0
2988 38.0
2989 0.0
2990 104.0
2991 104.0
2992 203.0
2993 38.0
2994 169.0
2995 33.0
2996 43.0
2997 32.0
2998 252.0
2999 251.0
3000 252.0
3001 252.0
3002 109.0
3003 43.0
3004 204.0
3005 203.0
3006 33.0
3007 252.0
3008 38.0
3009 252.0
3010 33.0
3011 252.0
3012 33.0
3013 252.0
3014 251.0
3015 49.0
3016 0.0
3017 32.0
3018 0.0
3019 252.0
3020 38.0
3021 38.0
3022 14.0
3023 33.0
3024 251.0
3025 25.0
3026 33.0
3027 30.0
3028 43.0
3029 38.0
3030 251.0
3031 203.0
3032 32.0
3033 33.0
3034 252.0
3035 32.0
3036 33.0
3037 251.0
3038 174.0
3039 251.0
3040 104.0
3041 104.0
3042 32.0
3043 31.0
3044 33.0
3045 0.0
3046 33.0
3047 38.0
3048 33.0
3049 38.0
3050 33.0
3051 251.0
3052 252.0
3053 251.0
3054 252.0
3055 203.0
3056 252.0
3057 252.0
3058 104.0
3059 252.0
3060 252.0
3061 32.0
3062 252.0
3063 33.0
3064 252.0
3065 252.0
3066 33.0
3067 32.0
3068 32.0
3069 32.0
3070 252.0
3071 252.0
3072 25.0
3073 14.0
3074 204.0
3075 252.0
3076 33.0
3077 229.0
3078 0.0
3079 30.0
3080 252.0
3081 252.0
3082 174.0
3083 38.0
3084 180.0
3085 252.0
3086 25.0
3087 252.0
3088 252.0
3089 38.0
3090 251.0
3091 252.0
3092 32.0
3093 169.0
3094 30.0
3095 33.0
3096 169.0
3097 103.0
3098 251.0
3099 38.0
3100 38.0
3101 252.0
3102 251.0
3103 251.0
3104 109.0
3105 33.0
3106 0.0
3107 0.0
3108 252.0
3109 224.0
3110 33.0
3111 252.0
3112 246.0
3113 251.0
3114 32.0
3115 251.0
3116 251.0
3117 32.0
3118 204.0
3119 43.0
3120 32.0
3121 109.0
3122 38.0
3123 3.0
3124 14.0
3125 109.0
3126 251.0
3127 30.0
3128 104.0
3129 33.0
3130 30.0
3131 251.0
3132 251.0
3133 174.0
3134 251.0
3135 180.0
3136 251.0
3137 54.0
3138 251.0
3139 252.0
3140 25.0
3141 38.0
3142 33.0
3143 104.0
3144 169.0
3145 203.0
3146 251.0
3147 104.0
3148 103.0
3149 251.0
3150 33.0
3151 252.0
3152 38.0
3153 251.0
3154 38.0
3155 38.0
3156 38.0
3157 203.0
3158 203.0
3159 252.0
3160 252.0
3161 38.0
3162 252.0
3163 33.0
3164 252.0
3165 251.0
3166 251.0
3167 252.0
3168 0.0
3169 32.0
3170 38.0
3171 180.0
3172 251.0
3173 252.0
3174 33.0
3175 14.0
3176 33.0
3177 252.0
3178 32.0
3179 33.0
3180 32.0
3181 43.0
3182 231.0
3183 252.0
3184 203.0
3185 32.0
3186 32.0
3187 33.0
3188 54.0
3189 38.0
3190 251.0
3191 38.0
3192 252.0
3193 104.0
3194 0.0
3195 104.0
3196 203.0
3197 109.0
3198 93.0
3199 33.0
3200 32.0
3201 32.0
3202 252.0
3203 33.0
3204 252.0
3205 252.0
3206 251.0
3207 43.0
3208 203.0
3209 204.0
3210 251.0
3211 104.0
3212 38.0
3213 252.0
3214 32.0
3215 251.0
3216 33.0
3217 252.0
3218 251.0
3219 0.0
3220 0.0
3221 38.0
3222 0.0
3223 109.0
3224 38.0
3225 32.0
3226 0.0
3227 252.0
3228 251.0
3229 158.0
3230 32.0
3231 0.0
3232 104.0
3233 38.0
3234 252.0
3235 33.0
3236 251.0
3237 33.0
3238 251.0
3239 32.0
3240 252.0
3241 252.0
3242 25.0
3243 251.0
3244 104.0
3245 32.0
3246 169.0
3247 38.0
3248 1.0
3249 0.0
3250 33.0
3251 32.0
3252 38.0
3253 38.0
3254 33.0
3255 251.0
3256 33.0
3257 33.0
3258 251.0
3259 204.0
3260 104.0
3261 252.0
3262 104.0
3263 38.0
3264 252.0
3265 33.0
3266 109.0
3267 251.0
3268 252.0
3269 251.0
3270 32.0
3271 32.0
3272 43.0
3273 33.0
3274 203.0
3275 251.0
3276 32.0
3277 0.0
3278 103.0
3279 252.0
3280 33.0
3281 0.0
3282 0.0
3283 0.0
3284 38.0
3285 252.0
3286 87.0
3287 38.0
3288 38.0
3289 252.0
3290 33.0
3291 33.0
3292 252.0
3293 25.0
3294 252.0
3295 0.0
3296 0.0
3297 169.0
3298 25.0
3299 251.0
3300 0.0
3301 103.0
3302 251.0
3303 223.0
3304 38.0
3305 33.0
3306 252.0
3307 33.0
3308 38.0
3309 38.0
3310 0.0
3311 104.0
3312 252.0
3313 251.0
3314 240.0
3315 252.0
3316 0.0
3317 252.0
3318 32.0
3319 251.0
3320 251.0
3321 32.0
3322 32.0
3323 38.0
3324 0.0
3325 203.0
3326 251.0
3327 33.0
3328 14.0
3329 103.0
3330 251.0
3331 93.0
3332 32.0
3333 0.0
3334 0.0
3335 38.0
3336 251.0
3337 33.0
3338 33.0
3339 180.0
3340 251.0
3341 38.0
3342 38.0
3343 252.0
3344 38.0
3345 38.0
3346 0.0
3347 104.0
3348 98.0
3349 25.0
3350 252.0
3351 93.0
3352 33.0
3353 32.0
3354 30.0
3355 251.0
3356 33.0
3357 251.0
3358 252.0
3359 252.0
3360 252.0
3361 203.0
3362 98.0
3363 252.0
3364 251.0
3365 33.0
3366 252.0
3367 0.0
3368 251.0
3369 33.0
3370 251.0
3371 251.0
3372 252.0
3373 32.0
3374 203.0
3375 251.0
3376 32.0
3377 251.0
3378 3.0
3379 0.0
3380 252.0
3381 252.0
3382 103.0
3383 93.0
3384 203.0
3385 43.0
3386 252.0
3387 252.0
3388 203.0
3389 38.0
3390 32.0
3391 252.0
3392 252.0
3393 252.0
3394 251.0
3395 38.0
3396 234.0
3397 33.0
3398 252.0
3399 32.0
3400 203.0
3401 1.0
3402 0.0
3403 252.0
3404 32.0
3405 38.0
3406 252.0
3407 33.0
3408 252.0
3409 38.0
3410 32.0
3411 251.0
3412 204.0
3413 104.0
3414 252.0
3415 104.0
3416 32.0
3417 252.0
3418 32.0
3419 251.0
3420 38.0
3421 252.0
3422 38.0
3423 0.0
3424 204.0
3425 43.0
3426 32.0
3427 109.0
3428 251.0
3429 32.0
3430 0.0
3431 33.0
3432 252.0
3433 169.0
3434 0.0
3435 0.0
3436 0.0
3437 38.0
3438 252.0
3439 87.0
3440 38.0
3441 43.0
3442 251.0
3443 33.0
3444 252.0
3445 251.0
3446 25.0
3447 251.0
3448 32.0
3449 109.0
3450 169.0
3451 203.0
3452 1.0
3453 0.0
3454 251.0
3455 251.0
3456 33.0
3457 33.0
3458 104.0
3459 251.0
3460 33.0
3461 38.0
3462 252.0
3463 0.0
3464 104.0
3465 252.0
3466 169.0
3467 223.0
3468 252.0
3469 32.0
3470 252.0
3471 32.0
3472 252.0
3473 38.0
3474 32.0
3475 0.0
3476 32.0
3477 203.0
3478 180.0
3479 251.0
3480 25.0
3481 0.0
3482 38.0
3483 251.0
3484 33.0
3485 30.0
3486 0.0
3487 252.0
3488 252.0
3489 251.0
3490 0.0
3491 38.0
3492 32.0
3493 251.0
3494 251.0
3495 38.0
3496 252.0
3497 25.0
3498 252.0
3499 0.0
3500 252.0
3501 98.0
3502 25.0
3503 251.0
3504 30.0
3505 252.0
3506 251.0
3507 30.0
3508 33.0
3509 33.0
3510 251.0
3511 252.0
3512 38.0
3513 38.0
3514 0.0
3515 104.0
3516 252.0
3517 38.0
3518 38.0
3519 252.0
3520 0.0
3521 252.0
3522 33.0
3523 252.0
3524 109.0
3525 251.0
3526 32.0
3527 203.0
3528 30.0
3529 0.0
3530 246.0
3531 33.0
3532 14.0
3533 252.0
3534 252.0
3535 169.0
3536 98.0
3537 0.0
3538 43.0
3539 251.0
3540 252.0
3541 25.0
3542 32.0
3543 32.0
3544 251.0
3545 38.0
3546 38.0
3547 252.0
3548 38.0
3549 251.0
3550 0.0
3551 38.0
3552 104.0
3553 32.0
3554 251.0
3555 169.0
3556 33.0
3557 32.0
3558 30.0
3559 109.0
3560 33.0
3561 252.0
3562 38.0
3563 0.0
3564 251.0
3565 203.0
3566 33.0
3567 252.0
3568 204.0
3569 30.0
3570 252.0
3571 0.0
3572 251.0
3573 33.0
3574 252.0
3575 251.0
3576 0.0
3577 32.0
3578 38.0
3579 0.0
3580 0.0
3581 251.0
3582 32.0
3583 0.0
3584 38.0
3585 252.0
3586 174.0
3587 33.0
3588 0.0
3589 229.0
3590 251.0
3591 252.0
3592 87.0
3593 38.0
3594 38.0
3595 33.0
3596 38.0
3597 38.0
3598 252.0
3599 38.0
3600 109.0
3601 104.0
3602 252.0
3603 169.0
3604 203.0
3605 251.0
3606 93.0
3607 251.0
3608 251.0
3609 32.0
3610 251.0
3611 33.0
3612 38.0
3613 38.0
3614 252.0
3615 252.0
3616 0.0
3617 0.0
3618 251.0
3619 251.0
3620 30.0
3621 252.0
3622 0.0
3623 252.0
3624 38.0
3625 252.0
3626 38.0
3627 109.0
3628 33.0
3629 33.0
3630 251.0
3631 33.0
3632 251.0
3633 203.0
3634 14.0
3635 33.0
3636 251.0
3637 33.0
3638 0.0
3639 0.0
3640 0.0
3641 38.0
3642 251.0
3643 87.0
3644 38.0
3645 32.0
3646 251.0
3647 252.0
3648 38.0
3649 251.0
3650 38.0
3651 251.0
3652 32.0
3653 251.0
3654 169.0
3655 120.0
3656 251.0
3657 93.0
3658 33.0
3659 251.0
3660 33.0
3661 33.0
3662 0.0
3663 251.0
3664 251.0
3665 33.0
3666 38.0
3667 33.0
3668 0.0
3669 252.0
3670 104.0
3671 30.0
3672 252.0
3673 0.0
3674 252.0
3675 251.0
3676 252.0
3677 251.0
3678 33.0
3679 32.0
3680 38.0
3681 0.0
3682 109.0
3683 251.0
3684 33.0
3685 0.0
3686 109.0
3687 252.0
3688 169.0
3689 93.0
3690 0.0
3691 252.0
3692 251.0
3693 251.0
3694 87.0
3695 32.0
3696 109.0
3697 251.0
3698 38.0
3699 43.0
3700 252.0
3701 30.0
3702 252.0
3703 0.0
3704 251.0
3705 32.0
3706 30.0
3707 251.0
3708 169.0
3709 33.0
3710 32.0
3711 30.0
3712 252.0
3713 33.0
3714 251.0
3715 33.0
3716 38.0
3717 252.0
3718 203.0
3719 1.0
3720 252.0
3721 252.0
3722 33.0
3723 252.0
3724 0.0
3725 251.0
3726 252.0
3727 252.0
3728 109.0
3729 49.0
3730 98.0
3731 225.0
3732 252.0
3733 0.0
3734 38.0
3735 32.0
3736 0.0
3737 109.0
3738 252.0
3739 114.0
3740 251.0
3741 0.0
3742 104.0
3743 38.0
3744 252.0
3745 25.0
3746 32.0
3747 38.0
3748 251.0
3749 38.0
3750 252.0
3751 252.0
3752 38.0
3753 251.0
3754 33.0
3755 109.0
3756 169.0
3757 203.0
3758 252.0
3759 33.0
3760 33.0
3761 251.0
3762 30.0
3763 109.0
3764 33.0
3765 38.0
3766 38.0
3767 0.0
3768 251.0
3769 32.0
3770 104.0
3771 252.0
3772 231.0
3773 30.0
3774 252.0
3775 0.0
3776 252.0
3777 33.0
3778 252.0
3779 252.0
3780 0.0
3781 32.0
3782 225.0
3783 19.0
3784 43.0
3785 38.0
3786 38.0
3787 0.0
3788 33.0
3789 252.0
3790 114.0
3791 0.0
3792 0.0
3793 229.0
3794 38.0
3795 252.0
3796 87.0
3797 38.0
3798 175.0
3799 251.0
3800 252.0
3801 38.0
3802 252.0
3803 30.0
3804 109.0
3805 169.0
3806 251.0
3807 169.0
3808 203.0
3809 251.0
3810 32.0
3811 252.0
3812 32.0
3813 30.0
3814 252.0
3815 33.0
3816 98.0
3817 252.0
3818 33.0
3819 38.0
3820 203.0
3821 104.0
3822 251.0
3823 104.0
3824 223.0
3825 252.0
3826 0.0
3827 252.0
3828 251.0
3829 252.0
3830 38.0
3831 0.0
3832 32.0
3833 203.0
3834 38.0
3835 109.0
3836 33.0
3837 33.0
3838 14.0
3839 33.0
3840 251.0
3841 169.0
3842 30.0
3843 0.0
3844 0.0
3845 252.0
3846 251.0
3847 25.0
3848 38.0
3849 32.0
3850 252.0
3851 252.0
3852 38.0
3853 252.0
3854 25.0
3855 251.0
3856 0.0
3857 109.0
3858 169.0
3859 203.0
3860 251.0
3861 203.0
3862 33.0
3863 32.0
3864 43.0
3865 33.0
3866 98.0
3867 251.0
3868 33.0
3869 32.0
3870 252.0
3871 203.0
3872 98.0
3873 252.0
3874 104.0
3875 43.0
3876 252.0
3877 0.0
3878 252.0
3879 38.0
3880 252.0
3881 251.0
3882 33.0
3883 98.0
3884 204.0
3885 203.0
3886 32.0
3887 38.0
3888 38.0
3889 0.0
3890 252.0
3891 252.0
3892 174.0
3893 32.0
3894 0.0
3895 252.0
3896 38.0
3897 251.0
3898 25.0
3899 32.0
3900 252.0
3901 251.0
3902 38.0
3903 43.0
3904 252.0
3905 38.0
3906 252.0
3907 33.0
3908 104.0
3909 169.0
3910 204.0
3911 252.0
3912 109.0
3913 252.0
3914 251.0
3915 32.0
3916 38.0
3917 104.0
3918 38.0
3919 38.0
3920 0.0
3921 252.0
3922 252.0
3923 104.0
3924 252.0
3925 231.0
3926 32.0
3927 252.0
3928 0.0
3929 251.0
3930 33.0
3931 252.0
3932 109.0
3933 44.0
3934 33.0
3935 225.0
3936 115.0
3937 33.0
3938 93.0
3939 32.0
3940 0.0
3941 38.0
3942 252.0
3943 104.0
3944 38.0
3945 0.0
3946 38.0
3947 251.0
3948 252.0
3949 174.0
3950 38.0
3951 115.0
3952 251.0
3953 38.0
3954 251.0
3955 251.0
3956 38.0
3957 109.0
3958 32.0
3959 38.0
3960 32.0
3961 32.0
3962 251.0
3963 203.0
3964 251.0
3965 32.0
3966 30.0
3967 251.0
3968 33.0
3969 98.0
3970 33.0
3971 32.0
3972 252.0
3973 0.0
3974 104.0
3975 251.0
3976 231.0
3977 251.0
3978 252.0
3979 0.0
3980 109.0
3981 267.0
3982 252.0
3983 251.0
3984 0.0
3985 32.0
3986 203.0
3987 109.0
3988 0.0
3989 38.0
3990 25.0
3991 32.0
3992 252.0
3993 251.0
3994 158.0
3995 25.0
3996 0.0
3997 0.0
3998 38.0
3999 251.0
4000 87.0
4001 38.0
4002 252.0
4003 252.0
4004 252.0
4005 38.0
4006 252.0
4007 25.0
4008 252.0
4009 0.0
4010 251.0
4011 169.0
4012 25.0
4013 252.0
4014 43.0
4015 252.0
4016 32.0
4017 43.0
4018 38.0
4019 33.0
4020 98.0
4021 252.0
4022 38.0
4023 252.0
4024 203.0
4025 38.0
4026 252.0
4027 104.0
4028 223.0
4029 267.0
4030 93.0
4031 109.0
4032 32.0
4033 32.0
4034 32.0
4035 174.0
4036 32.0
4037 0.0
4038 32.0
4039 32.0
4040 225.0
4041 38.0
4042 3.0
4043 38.0
4044 32.0
4045 174.0
4046 32.0
4047 0.0
4048 32.0
4049 38.0
4050 225.0
4051 87.0
4052 33.0
4053 32.0
4054 32.0
4055 32.0
4056 267.0
4057 32.0
4058 38.0
4059 225.0
4060 32.0
4061 43.0
4062 169.0
4063 203.0
4064 32.0
4065 38.0
4066 38.0
4067 251.0
4068 38.0
4069 32.0
4070 43.0
4071 203.0
4072 32.0
4073 251.0
4074 251.0
4075 203.0
4076 32.0
4077 252.0
4078 32.0
4079 224.0
4080 267.0
4081 32.0
4082 38.0
4083 38.0
4084 32.0
4085 32.0
4086 162.0
4087 33.0
4088 251.0
4089 252.0
4090 0.0
4091 98.0
4092 38.0
4093 0.0
4094 38.0
4095 252.0
4096 251.0
4097 33.0
4098 203.0
4099 43.0
4100 38.0
4101 252.0
4102 87.0
4103 98.0
4104 103.0
4105 252.0
4106 251.0
4107 32.0
4108 251.0
4109 38.0
4110 251.0
4111 32.0
4112 38.0
4113 169.0
4114 30.0
4115 251.0
4116 33.0
4117 251.0
4118 251.0
4119 30.0
4120 33.0
4121 32.0
4122 33.0
4123 38.0
4124 231.0
4125 38.0
4126 0.0
4127 104.0
4128 32.0
4129 38.0
4130 103.0
4131 267.0
4132 0.0
4133 38.0
4134 38.0
4135 252.0
4136 33.0
4137 0.0
4138 32.0
4139 38.0
4140 252.0
4141 204.0
4142 223.0
4143 43.0
4144 25.0
4145 251.0
4146 251.0
4147 33.0
4148 109.0
4149 0.0
4150 225.0
4151 38.0
4152 252.0
4153 87.0
4154 38.0
4155 38.0
4156 33.0
4157 38.0
4158 231.0
4159 33.0
4160 25.0
4161 231.0
4162 0.0
4163 38.0
4164 169.0
4165 33.0
4166 38.0
4167 32.0
4168 252.0
4169 251.0
4170 32.0
4171 43.0
4172 204.0
4173 98.0
4174 31.0
4175 247.0
4176 38.0
4177 204.0
4178 104.0
4179 32.0
4180 38.0
4181 203.0
4182 225.0
4183 32.0
4184 109.0
4185 32.0
4186 33.0
4187 203.0
4188 109.0
4189 32.0
4190 203.0
4191 251.0
4192 32.0
4193 251.0
4194 87.0
4195 0.0
4196 251.0
4197 32.0
4198 256.0
4199 33.0
4200 32.0
4201 104.0
4202 203.0
4203 225.0
4204 0.0
4205 38.0
4206 32.0
4207 32.0
4208 38.0
4209 38.0
4210 33.0
4211 38.0
4212 38.0
4213 93.0
4214 251.0
4215 169.0
4216 204.0
4217 38.0
4218 32.0
4219 32.0
4220 32.0
4221 38.0
4222 32.0
4223 33.0
4224 33.0
4225 38.0
4226 38.0
4227 251.0
4228 204.0
4229 0.0
4230 38.0
4231 38.0
4232 251.0
4233 267.0
4234 33.0
4235 38.0
4236 32.0
4237 32.0
4238 203.0
4239 33.0
4240 32.0
4241 204.0
4242 203.0
4243 203.0
4244 0.0
4245 33.0
4246 0.0
4247 33.0
4248 32.0
4249 33.0
4250 32.0
4251 0.0
4252 225.0
4253 251.0
4254 38.0
4255 87.0
4256 32.0
4257 38.0
4258 32.0
4259 32.0
4260 38.0
4261 32.0
4262 38.0
4263 251.0
4264 32.0
4265 32.0
4266 169.0
4267 30.0
4268 32.0
4269 49.0
4270 203.0
4271 251.0
4272 223.0
4273 33.0
4274 32.0
4275 203.0
4276 251.0
4277 38.0
4278 33.0
4279 0.0
4280 1.0
4281 1.0
4282 0.0
4283 252.0
4284 267.0
4285 0.0
4286 38.0
4287 38.0
4288 38.0
4289 33.0
4290 109.0
4291 32.0
4292 32.0
4293 203.0
4294 251.0
4295 38.0
4296 38.0
4297 0.0
4298 231.0
4299 32.0
4300 38.0
4301 33.0
4302 0.0
4303 252.0
4304 38.0
4305 33.0
4306 87.0
4307 33.0
4308 33.0
4309 33.0
4310 32.0
4311 38.0
4312 32.0
4313 32.0
4314 32.0
4315 0.0
4316 38.0
4317 169.0
4318 25.0
4319 33.0
4320 32.0
4321 43.0
4322 251.0
4323 32.0
4324 33.0
4325 33.0
4326 203.0
4327 32.0
4328 251.0
4329 32.0
4330 30.0
4331 104.0
4332 38.0
4333 251.0
4334 251.0
4335 267.0
4336 0.0
4337 33.0
4338 252.0
4339 33.0
4340 38.0
4341 0.0
4342 32.0
4343 225.0
4344 32.0
4345 32.0
4346 251.0
4347 87.0
4348 14.0
4349 43.0
4350 33.0
4351 32.0
4352 246.0
4353 0.0
4354 104.0
4355 32.0
4356 252.0
4357 180.0
4358 38.0
4359 109.0
4360 32.0
4361 252.0
4362 240.0
4363 32.0
4364 38.0
4365 251.0
4366 0.0
4367 38.0
4368 169.0
4369 251.0
4370 240.0
4371 49.0
4372 32.0
4373 33.0
4374 32.0
4375 251.0
4376 251.0
4377 6.0
4378 33.0
4379 38.0
4380 33.0
4381 203.0
4382 38.0
4383 43.0
4384 38.0
4385 224.0
4386 267.0
4387 0.0
4388 251.0
4389 32.0
4390 32.0
4391 203.0
4392 164.0
4393 32.0
4394 32.0
4395 32.0
4396 225.0
4397 225.0
4398 43.0
4399 0.0
4400 32.0
4401 251.0
4402 33.0
4403 225.0
4404 0.0
4405 38.0
4406 225.0
4407 32.0
4408 87.0
4409 38.0
4410 32.0
4411 32.0
4412 38.0
4413 240.0
4414 32.0
4415 25.0
4416 251.0
4417 32.0
4418 38.0
4419 169.0
4420 204.0
4421 251.0
4422 38.0
4423 203.0
4424 251.0
4425 38.0
4426 32.0
4427 38.0
4428 203.0
4429 252.0
4430 203.0
4431 38.0
4432 203.0
4433 203.0
4434 1.0
4435 32.0
4436 251.0
4437 225.0
4438 0.0
4439 32.0
4440 252.0
4441 32.0
4442 32.0
4443 32.0
4444 32.0
4445 32.0
4446 19.0
4447 231.0
4448 98.0
4449 33.0
4450 0.0
4451 203.0
4452 43.0
4453 225.0
4454 32.0
4455 20.0
4456 169.0
4457 38.0
4458 32.0
4459 204.0
4460 33.0
4461 32.0
4462 33.0
4463 240.0
4464 251.0
4465 32.0
4466 25.0
4467 32.0
4468 104.0
4469 38.0
4470 169.0
4471 114.0
4472 251.0
4473 33.0
4474 32.0
4475 32.0
4476 38.0
4477 33.0
4478 38.0
4479 251.0
4480 32.0
4481 251.0
4482 251.0
4483 203.0
4484 109.0
4485 32.0
4486 38.0
4487 30.0
4488 267.0
4489 0.0
4490 33.0
4491 240.0
4492 0.0
4493 33.0
4494 0.0
4495 32.0
4496 204.0
4497 204.0
4498 225.0
4499 251.0
4500 87.0
4501 32.0
4502 33.0
4503 251.0
4504 33.0
4505 32.0
4506 0.0
4507 252.0
4508 231.0
4509 33.0
4510 87.0
4511 245.0
4512 0.0
4513 32.0
4514 32.0
4515 43.0
4516 252.0
4517 38.0
4518 33.0
4519 0.0
4520 38.0
4521 169.0
4522 32.0
4523 251.0
4524 225.0
4525 32.0
4526 43.0
4527 32.0
4528 32.0
4529 33.0
4530 104.0
4531 25.0
4532 109.0
4533 251.0
4534 0.0
4535 109.0
4536 32.0
4537 44.0
4538 103.0
4539 267.0
4540 0.0
4541 33.0
4542 32.0
4543 33.0
4544 33.0
4545 158.0
4546 32.0
4547 204.0
4548 32.0
4549 251.0
4550 225.0
4551 33.0
4552 32.0
4553 33.0
4554 33.0
4555 44.0
4556 30.0
4557 20.0
4558 32.0
4559 251.0
4560 38.0
4561 204.0
4562 38.0
4563 109.0
4564 32.0
4565 33.0
4566 240.0
4567 33.0
4568 38.0
4569 251.0
4570 32.0
4571 225.0
4572 169.0
4573 203.0
4574 38.0
4575 54.0
4576 203.0
4577 203.0
4578 38.0
4579 0.0
4580 43.0
4581 203.0
4582 25.0
4583 203.0
4584 38.0
4585 204.0
4586 32.0
4587 1.0
4588 38.0
4589 87.0
4590 267.0
4591 0.0
4592 0.0
4593 32.0
4594 0.0
4595 203.0
4596 0.0
4597 32.0
4598 32.0
4599 38.0
4600 231.0
4601 158.0
4602 203.0
4603 0.0
4604 32.0
4605 32.0
4606 32.0
4607 0.0
4608 0.0
4609 104.0
4610 251.0
4611 225.0
4612 180.0
4613 33.0
4614 32.0
4615 0.0
4616 251.0
4617 225.0
4618 32.0
4619 30.0
4620 251.0
4621 98.0
4622 38.0
4623 169.0
4624 204.0
4625 225.0
4626 225.0
4627 203.0
4628 251.0
4629 32.0
4630 32.0
4631 38.0
4632 6.0
4633 204.0
4634 225.0
4635 32.0
4636 175.0
4637 104.0
4638 1.0
4639 252.0
4640 30.0
4641 225.0
4642 38.0
4643 32.0
4644 252.0
4645 32.0
4646 38.0
4647 0.0
4648 32.0
4649 32.0
4650 19.0
4651 32.0
4652 32.0
4653 30.0
4654 0.0
4655 32.0
4656 33.0
4657 43.0
4658 0.0
4659 20.0
4660 225.0
4661 251.0
4662 32.0
4663 0.0
4664 33.0
4665 103.0
4666 33.0
4667 32.0
4668 43.0
4669 251.0
4670 19.0
4671 251.0
4672 104.0
4673 252.0
4674 169.0
4675 25.0
4676 33.0
4677 251.0
4678 0.0
4679 32.0
4680 33.0
4681 32.0
4682 33.0
4683 0.0
4684 32.0
4685 109.0
4686 38.0
4687 30.0
4688 104.0
4689 0.0
4690 38.0
4691 109.0
4692 267.0
4693 0.0
4694 32.0
4695 251.0
4696 32.0
4697 33.0
4698 31.0
4699 32.0
4700 203.0
4701 32.0
4702 267.0
4703 32.0
4704 38.0
4705 25.0
4706 225.0
4707 33.0
4708 33.0
4709 104.0
4710 0.0
4711 225.0
4712 225.0
4713 43.0
4714 25.0
4715 38.0
4716 231.0
4717 32.0
4718 33.0
4719 225.0
4720 32.0
4721 19.0
4722 38.0
4723 1.0
4724 33.0
4725 169.0
4726 43.0
4727 33.0
4728 251.0
4729 32.0
4730 32.0
4731 203.0
4732 32.0
4733 32.0
4734 203.0
4735 251.0
4736 43.0
4737 38.0
4738 204.0
4739 32.0
4740 33.0
4741 252.0
4742 32.0
4743 267.0
4744 0.0
4745 33.0
4746 38.0
4747 251.0
4748 33.0
4749 98.0
4750 32.0
4751 203.0
4752 32.0
4753 251.0
4754 267.0
4755 38.0
4756 0.0
4757 33.0
4758 38.0
4759 32.0
4760 174.0
4761 0.0
4762 251.0
4763 251.0
4764 33.0
4765 33.0
4766 251.0
4767 32.0
4768 33.0
4769 32.0
4770 251.0
4771 33.0
4772 30.0
4773 252.0
4774 33.0
4775 251.0
4776 169.0
4777 204.0
4778 32.0
4779 251.0
4780 203.0
4781 203.0
4782 32.0
4783 32.0
4784 225.0
4785 1.0
4786 32.0
4787 38.0
4788 267.0
4789 0.0
4790 32.0
4791 251.0
4792 38.0
4793 25.0
4794 267.0
4795 0.0
4796 0.0
4797 225.0
4798 32.0
4799 203.0
4800 0.0
4801 32.0
4802 203.0
4803 204.0
4804 38.0
4805 164.0
4806 32.0
4807 0.0
4808 32.0
4809 32.0
4810 33.0
4811 231.0
4812 0.0
4813 225.0
4814 251.0
4815 38.0
4816 174.0
4817 251.0
4818 32.0
4819 43.0
4820 252.0
4821 251.0
4822 32.0
4823 38.0
4824 38.0
4825 93.0
4826 32.0
4827 169.0
4828 32.0
4829 251.0
4830 251.0
4831 203.0
4832 32.0
4833 38.0
4834 33.0
4835 33.0
4836 33.0
4837 33.0
4838 38.0
4839 32.0
4840 0.0
4841 38.0
4842 32.0
4843 251.0
4844 98.0
4845 225.0
4846 32.0
4847 32.0
4848 251.0
4849 33.0
4850 109.0
4851 164.0
4852 33.0
4853 1.0
4854 43.0
4855 38.0
4856 32.0
4857 38.0
4858 0.0
4859 33.0
4860 225.0
4861 30.0
4862 32.0
4863 0.0
4864 231.0
4865 38.0
4866 32.0
4867 180.0
4868 38.0
4869 30.0
4870 225.0
4871 32.0
4872 225.0
4873 251.0
4874 0.0
4875 252.0
4876 33.0
4877 38.0
4878 169.0
4879 114.0
4880 33.0
4881 240.0
4882 32.0
4883 32.0
4884 204.0
4885 38.0
4886 33.0
4887 98.0
4888 267.0
4889 247.0
4890 38.0
4891 204.0
4892 104.0
4893 38.0
4894 231.0
4895 252.0
4896 267.0
4897 32.0
4898 0.0
4899 38.0
4900 252.0
4901 33.0
4902 32.0
4903 32.0
4904 38.0
4905 32.0
4906 267.0
4907 225.0
4908 38.0
4909 0.0
4910 32.0
4911 33.0
4912 33.0
4913 174.0
4914 32.0
4915 225.0
4916 251.0
4917 33.0
4918 180.0
4919 32.0
4920 30.0
4921 251.0
4922 0.0
4923 225.0
4924 251.0
4925 38.0
4926 38.0
4927 1.0
4928 33.0
4929 169.0
4930 203.0
4931 32.0
4932 251.0
4933 32.0
4934 203.0
4935 32.0
4936 32.0
4937 38.0
4938 33.0
4939 32.0
4940 33.0
4941 251.0
4942 43.0
4943 109.0
4944 240.0
4945 104.0
4946 25.0
4947 225.0
4948 43.0
4949 0.0
4950 32.0
4951 251.0
4952 203.0
4953 0.0
4954 32.0
4955 203.0
4956 203.0
4957 251.0
4958 164.0
4959 0.0
4960 38.0
4961 32.0
4962 32.0
4963 33.0
4964 30.0
4965 0.0
4966 267.0
4967 203.0
4968 33.0
4969 33.0
4970 33.0
4971 0.0
4972 251.0
4973 0.0
4974 251.0
4975 251.0
4976 174.0
4977 225.0
4978 158.0
4979 33.0
4980 169.0
4981 33.0
4982 32.0
4983 251.0
4984 38.0
4985 251.0
4986 32.0
4987 33.0
4988 32.0
4989 203.0
4990 251.0
4991 33.0
4992 225.0
4993 0.0
4994 1.0
4995 251.0
4996 231.0
4997 98.0
4998 225.0
4999 0.0
5000 0.0
5001 251.0
5002 32.0
5003 203.0
5004 203.0
5005 32.0
5006 1.0
5007 33.0
5008 225.0
5009 32.0
5010 25.0
5011 38.0
5012 32.0
5013 38.0
5014 33.0
5015 32.0
5016 0.0
5017 38.0
5018 203.0
5019 251.0
5020 191.0
5021 38.0
5022 0.0
5023 43.0
5024 0.0
5025 251.0
5026 32.0
5027 0.0
5028 32.0
5029 25.0
5030 251.0
5031 169.0
5032 33.0
5033 33.0
5034 251.0
5035 38.0
5036 32.0
5037 251.0
5038 33.0
5039 32.0
5040 103.0
5041 33.0
5042 32.0
5043 38.0
5044 204.0
5045 38.0
5046 231.0
5047 33.0
5048 109.0
5049 225.0
5050 0.0
5051 32.0
5052 252.0
5053 251.0
5054 1.0
5055 0.0
5056 32.0
5057 30.0
5058 32.0
5059 267.0
5060 158.0
5061 38.0
5062 32.0
5063 32.0
5064 32.0
5065 38.0
5066 169.0
5067 25.0
5068 38.0
5069 33.0
5070 32.0
5071 180.0
5072 225.0
5073 32.0
5074 225.0
5075 0.0
5076 43.0
5077 33.0
5078 0.0
5079 32.0
5080 0.0
5081 251.0
5082 169.0
5083 32.0
5084 32.0
5085 231.0
5086 32.0
5087 32.0
5088 33.0
5089 0.0
5090 38.0
5091 225.0
5092 32.0
5093 32.0
5094 267.0
5095 203.0
5096 109.0
5097 251.0
5098 240.0
5099 0.0
5100 225.0
