1 38.0
2 0.0
3 0.0
4 0.0
5 24.0
6 0.0
7 164.0
8 49.0
9 21.0
10 0.0
11 38.0
12 0.0
13 38.0
14 0.0
15 32.0
16 202.0
17 28.0
18 203.0
19 0.0
20 315.0
21 0.0
22 58.0
23 38.0
24 39.0
25 19.0
26 150.0
27 38.0
28 32.0
29 203.0
30 10.0
31 38.0
32 33.0
33 0.0
34 0.0
35 49.0
36 100.0
37 0.0
38 102.0
39 0.0
40 38.0
41 0.0
42 12.0
43 33.0
44 126.0
45 38.0
46 31.0
47 80.0
48 18.0
49 63.0
50 38.0
51 315.0
52 316.0
53 315.0
54 30.0
55 223.0
56 267.0
57 0.0
58 170.0
59 49.0
60 169.0
61 176.0
62 254.0
63 61.0
64 62.0
65 186.0
66 22.0
67 20.0
68 47.0
69 0.0
70 315.0
71 191.0
72 203.0
73 0.0
74 24.0
75 41.0
76 32.0
77 251.0
78 88.0
79 32.0
80 186.0
81 154.0
82 72.0
83 203.0
84 38.0
85 182.0
86 6.0
87 315.0
88 39.0
89 331.0
90 44.0
91 82.0
92 6.0
93 3.0
94 14.0
95 0.0
96 0.0
97 176.0
98 225.0
99 0.0
100 174.0
101 0.0
102 331.0
103 315.0
104 245.0
105 315.0
106 169.0
107 185.0
108 0.0
109 238.0
110 169.0
111 265.0
112 203.0
113 203.0
114 25.0
115 300.0
116 331.0
117 203.0
118 203.0
119 203.0
120 203.0
121 315.0
122 203.0
123 315.0
124 203.0
125 39.0
126 315.0
127 32.0
128 125.0
129 284.0
130 102.0
131 203.0
132 15.0
133 300.0
134 203.0
135 59.0
136 187.0
137 257.0
138 331.0
139 21.0
140 300.0
141 203.0
142 331.0
143 191.0
144 32.0
145 251.0
146 98.0
147 0.0
148 191.0
149 203.0
150 331.0
151 203.0
152 203.0
153 331.0
154 203.0
155 169.0
156 203.0
157 203.0
158 331.0
159 203.0
160 219.0
161 277.0
162 331.0
163 268.0
164 17.0
165 203.0
166 203.0
167 203.0
168 203.0
169 203.0
170 315.0
171 54.0
172 111.0
173 203.0
174 203.0
175 203.0
176 203.0
177 203.0
178 132.0
179 203.0
180 203.0
181 225.0
182 93.0
183 33.0
184 203.0
185 203.0
186 203.0
187 289.0
188 203.0
189 251.0
190 0.0
191 38.0
192 203.0
193 203.0
194 203.0
195 203.0
196 315.0
197 110.0
198 203.0
199 300.0
200 203.0
201 203.0
202 203.0
203 203.0
204 331.0
205 203.0
206 0.0
207 6.0
208 203.0
209 203.0
210 203.0
211 203.0
212 315.0
213 203.0
214 203.0
215 209.0
216 304.0
217 203.0
218 203.0
219 33.0
220 171.0
221 331.0
222 60.0
223 203.0
224 125.0
225 276.0
226 175.0
227 203.0
228 44.0
229 297.0
230 203.0
231 331.0
232 46.0
233 203.0
234 0.0
235 331.0
236 0.0
237 203.0
238 300.0
239 251.0
240 203.0
241 87.0
242 203.0
243 49.0
244 331.0
245 271.0
246 203.0
247 315.0
248 177.0
249 315.0
250 294.0
251 251.0
252 203.0
253 169.0
254 203.0
255 331.0
256 203.0
257 315.0
258 203.0
259 203.0
260 331.0
261 94.0
262 184.0
263 132.0
264 208.0
265 331.0
266 203.0
267 203.0
268 132.0
269 169.0
270 203.0
271 203.0
272 0.0
273 203.0
274 172.0
275 207.0
276 203.0
277 203.0
278 203.0
279 331.0
280 297.0
281 203.0
282 53.0
283 315.0
284 331.0
285 163.0
286 110.0
287 203.0
288 251.0
289 203.0
290 61.0
291 177.0
292 33.0
293 331.0
294 203.0
295 331.0
296 203.0
297 229.0
298 300.0
299 6.0
300 251.0
301 203.0
302 203.0
303 292.0
304 300.0
305 165.0
306 331.0
307 251.0
308 315.0
309 203.0
310 203.0
311 331.0
312 40.0
313 315.0
314 165.0
315 203.0
316 203.0
317 203.0
318 186.0
319 331.0
320 169.0
321 203.0
322 55.0
323 251.0
324 203.0
325 203.0
326 203.0
327 203.0
328 331.0
329 203.0
330 203.0
331 43.0
332 111.0
333 272.0
334 158.0
335 268.0
336 268.0
337 315.0
338 203.0
339 83.0
340 203.0
341 0.0
342 259.0
343 32.0
344 203.0
345 203.0
346 180.0
347 203.0
348 187.0
349 98.0
350 33.0
351 203.0
352 203.0
353 296.0
354 191.0
355 203.0
356 203.0
357 331.0
358 0.0
359 175.0
360 315.0
361 203.0
362 203.0
363 203.0
364 203.0
365 185.0
366 203.0
367 203.0
368 205.0
369 224.0
370 331.0
371 295.0
372 278.0
373 38.0
374 294.0
375 0.0
376 87.0
377 17.0
378 251.0
379 56.0
380 203.0
381 331.0
382 203.0
383 203.0
384 203.0
385 251.0
386 203.0
387 331.0
388 251.0
389 203.0
390 251.0
391 315.0
392 251.0
393 315.0
394 33.0
395 38.0
396 203.0
397 0.0
398 203.0
399 203.0
400 267.0
401 203.0
402 315.0
403 331.0
404 315.0
405 203.0
406 203.0
407 203.0
408 331.0
409 251.0
410 202.0
411 203.0
412 203.0
413 203.0
414 203.0
415 203.0
416 132.0
417 203.0
418 331.0
419 126.0
420 293.0
421 203.0
422 143.0
423 55.0
424 165.0
425 251.0
426 0.0
427 173.0
428 315.0
429 251.0
430 6.0
431 203.0
432 331.0
433 55.0
434 78.0
435 131.0
436 29.0
437 203.0
438 331.0
439 315.0
440 203.0
441 251.0
442 203.0
443 203.0
444 120.0
445 109.0
446 331.0
447 331.0
448 315.0
449 203.0
450 175.0
451 251.0
452 203.0
453 203.0
454 294.0
455 315.0
456 86.0
457 124.0
458 0.0
459 331.0
460 331.0
461 251.0
462 203.0
463 203.0
464 191.0
465 251.0
466 315.0
467 132.0
468 0.0
469 311.0
470 61.0
471 251.0
472 86.0
473 203.0
474 203.0
475 160.0
476 256.0
477 203.0
478 203.0
479 388.0
480 331.0
481 203.0
482 203.0
483 203.0
484 99.0
485 251.0
486 203.0
487 251.0
488 203.0
489 331.0
490 331.0
491 203.0
492 108.0
493 331.0
494 80.0
495 331.0
496 30.0
497 300.0
498 251.0
499 315.0
500 203.0
501 171.0
502 298.0
503 203.0
504 298.0
505 203.0
506 203.0
507 300.0
508 138.0
509 202.0
510 388.0
511 284.0
512 315.0
513 331.0
514 49.0
515 0.0
516 0.0
517 203.0
518 0.0
519 203.0
520 331.0
521 315.0
522 203.0
523 315.0
524 158.0
525 297.0
526 38.0
527 203.0
528 251.0
529 203.0
530 203.0
531 203.0
532 0.0
533 203.0
534 55.0
535 0.0
536 331.0
537 315.0
538 203.0
539 331.0
540 158.0
541 203.0
542 315.0
543 217.0
544 38.0
545 38.0
546 251.0
547 203.0
548 81.0
549 191.0
550 315.0
551 223.0
552 315.0
553 316.0
554 0.0
555 202.0
556 203.0
557 203.0
558 315.0
559 203.0
560 203.0
561 388.0
562 267.0
563 188.0
564 315.0
565 331.0
566 251.0
567 203.0
568 181.0
569 203.0
570 331.0
571 331.0
572 315.0
573 315.0
574 203.0
575 0.0
576 84.0
577 77.0
578 331.0
579 203.0
580 203.0
581 251.0
582 206.0
583 135.0
584 315.0
585 331.0
586 82.0
587 203.0
588 6.0
589 251.0
590 203.0
591 174.0
592 300.0
593 203.0
594 203.0
595 331.0
596 203.0
597 153.0
598 42.0
599 168.0
600 203.0
601 251.0
602 203.0
603 203.0
604 203.0
605 126.0
606 203.0
607 300.0
608 315.0
609 203.0
610 203.0
611 203.0
612 388.0
613 331.0
614 315.0
615 203.0
616 203.0
617 182.0
618 315.0
619 203.0
620 78.0
621 0.0
622 203.0
623 155.0
624 315.0
625 331.0
626 180.0
627 331.0
628 161.0
629 203.0
630 149.0
631 269.0
632 190.0
633 203.0
634 315.0
635 177.0
636 287.0
637 52.0
638 203.0
639 24.0
640 299.0
641 268.0
642 0.0
643 251.0
644 203.0
645 38.0
646 251.0
647 140.0
648 331.0
649 32.0
650 203.0
651 203.0
652 315.0
653 331.0
654 251.0
655 300.0
656 0.0
657 203.0
658 315.0
659 331.0
660 169.0
661 163.0
662 0.0
663 388.0
664 203.0
665 251.0
666 203.0
667 203.0
668 60.0
669 0.0
670 203.0
671 232.0
672 100.0
673 268.0
674 251.0
675 136.0
676 331.0
677 148.0
678 203.0
679 251.0
680 251.0
681 251.0
682 203.0
683 203.0
684 203.0
685 116.0
686 203.0
687 61.0
688 133.0
689 203.0
690 24.0
691 251.0
692 251.0
693 331.0
694 203.0
695 203.0
696 203.0
697 32.0
698 203.0
699 315.0
700 0.0
701 203.0
702 191.0
703 315.0
704 124.0
705 205.0
706 251.0
707 203.0
708 251.0
709 203.0
710 203.0
711 185.0
712 175.0
713 203.0
714 388.0
715 251.0
716 203.0
717 315.0
718 176.0
719 203.0
720 331.0
721 0.0
722 203.0
723 203.0
724 331.0
725 251.0
726 203.0
727 38.0
728 100.0
729 203.0
730 77.0
731 172.0
732 251.0
733 165.0
734 331.0
735 59.0
736 160.0
737 232.0
738 203.0
739 65.0
740 284.0
741 315.0
742 251.0
743 203.0
744 203.0
745 251.0
746 203.0
747 234.0
748 203.0
749 203.0
750 83.0
751 33.0
752 0.0
753 203.0
754 331.0
755 203.0
756 170.0
757 203.0
758 148.0
759 203.0
760 33.0
761 287.0
762 203.0
763 203.0
764 203.0
765 388.0
766 203.0
767 172.0
768 203.0
769 203.0
770 185.0
771 315.0
772 203.0
773 8.0
774 175.0
775 331.0
776 280.0
777 331.0
778 331.0
779 1.0
780 83.0
781 203.0
782 182.0
783 231.0
784 158.0
785 331.0
786 203.0
787 203.0
788 191.0
789 14.0
790 82.0
791 251.0
792 36.0
793 331.0
794 271.0
795 158.0
796 251.0
797 203.0
798 169.0
799 315.0
800 140.0
801 315.0
802 42.0
803 61.0
804 203.0
805 315.0
806 203.0
807 268.0
808 203.0
809 98.0
810 203.0
811 251.0
812 305.0
813 191.0
814 190.0
815 83.0
816 388.0
817 291.0
818 169.0
819 0.0
820 203.0
821 119.0
822 331.0
823 203.0
824 0.0
825 203.0
826 203.0
827 27.0
828 331.0
829 331.0
830 315.0
831 331.0
832 242.0
833 87.0
834 69.0
835 294.0
836 251.0
837 251.0
838 33.0
839 315.0
840 0.0
841 23.0
842 273.0
843 267.0
844 203.0
845 203.0
846 203.0
847 331.0
848 203.0
849 191.0
850 315.0
851 203.0
852 203.0
853 32.0
854 274.0
855 170.0
856 331.0
857 0.0
858 315.0
859 203.0
860 176.0
861 251.0
862 203.0
863 275.0
864 203.0
865 203.0
866 190.0
867 388.0
868 331.0
869 164.0
870 0.0
871 203.0
872 1.0
873 235.0
874 203.0
875 203.0
876 315.0
877 203.0
878 315.0
879 203.0
880 49.0
881 169.0
882 331.0
883 331.0
884 203.0
885 123.0
886 203.0
887 331.0
888 203.0
889 0.0
890 203.0
891 203.0
892 49.0
893 315.0
894 331.0
895 0.0
896 203.0
897 203.0
898 315.0
899 203.0
900 203.0
901 151.0
902 45.0
903 0.0
904 0.0
905 203.0
906 203.0
907 315.0
908 239.0
909 233.0
910 203.0
911 0.0
912 203.0
913 203.0
914 331.0
915 203.0
916 169.0
917 0.0
918 388.0
919 203.0
920 203.0
921 331.0
922 203.0
923 190.0
924 111.0
925 62.0
926 0.0
927 331.0
928 203.0
929 315.0
930 331.0
931 331.0
932 0.0
933 203.0
934 282.0
935 7.0
936 251.0
937 59.0
938 251.0
939 181.0
940 29.0
941 315.0
942 22.0
943 49.0
944 97.0
945 203.0
946 331.0
947 203.0
948 251.0
949 315.0
950 395.0
951 268.0
952 38.0
953 140.0
954 37.0
955 30.0
956 203.0
957 331.0
958 305.0
959 271.0
960 315.0
961 203.0
962 98.0
963 203.0
964 315.0
965 203.0
966 175.0
967 331.0
968 39.0
969 395.0
970 315.0
971 147.0
972 203.0
973 203.0
974 251.0
975 247.0
976 191.0
977 96.0
978 203.0
979 203.0
980 152.0
981 292.0
982 331.0
983 203.0
984 203.0
985 331.0
986 315.0
987 203.0
988 315.0
989 331.0
990 312.0
991 315.0
992 172.0
993 203.0
994 73.0
995 315.0
996 251.0
997 331.0
998 203.0
999 331.0
1000 315.0
1001 203.0
1002 37.0
1003 331.0
1004 72.0
1005 315.0
1006 203.0
1007 292.0
1008 315.0
1009 281.0
1010 203.0
1011 203.0
1012 269.0
1013 98.0
1014 203.0
1015 305.0
1016 203.0
1017 0.0
1018 331.0
1019 203.0
1020 395.0
1021 251.0
1022 203.0
1023 154.0
1024 203.0
1025 24.0
1026 203.0
1027 203.0
1028 0.0
1029 203.0
1030 293.0
1031 203.0
1032 251.0
1033 251.0
1034 203.0
1035 331.0
1036 251.0
1037 203.0
1038 251.0
1039 300.0
1040 315.0
1041 203.0
1042 0.0
1043 249.0
1044 203.0
1045 55.0
1046 315.0
1047 331.0
1048 331.0
1049 203.0
1050 203.0
1051 315.0
1052 203.0
1053 298.0
1054 331.0
1055 203.0
1056 257.0
1057 32.0
1058 274.0
1059 331.0
1060 305.0
1061 124.0
1062 203.0
1063 251.0
1064 0.0
1065 203.0
1066 71.0
1067 217.0
1068 175.0
1069 203.0
1070 0.0
1071 395.0
1072 203.0
1073 139.0
1074 315.0
1075 203.0
1076 165.0
1077 208.0
1078 315.0
1079 196.0
1080 302.0
1081 203.0
1082 315.0
1083 203.0
1084 203.0
1085 147.0
1086 203.0
1087 251.0
1088 203.0
1089 0.0
1090 203.0
1091 203.0
1092 203.0
1093 33.0
1094 331.0
1095 331.0
1096 131.0
1097 315.0
1098 203.0
1099 315.0
1100 203.0
1101 35.0
1102 273.0
1103 195.0
1104 203.0
1105 315.0
1106 142.0
1107 251.0
1108 41.0
1109 203.0
1110 331.0
1111 315.0
1112 30.0
1113 315.0
1114 140.0
1115 120.0
1116 203.0
1117 191.0
1118 332.0
1119 203.0
1120 251.0
1121 203.0
1122 395.0
1123 243.0
1124 162.0
1125 251.0
1126 203.0
1127 176.0
1128 315.0
1129 203.0
1130 0.0
1131 315.0
1132 203.0
1133 251.0
1134 251.0
1135 203.0
1136 331.0
1137 251.0
1138 203.0
1139 0.0
1140 158.0
1141 203.0
1142 331.0
1143 170.0
1144 33.0
1145 203.0
1146 203.0
1147 55.0
1148 78.0
1149 315.0
1150 315.0
1151 203.0
1152 331.0
1153 172.0
1154 315.0
1155 6.0
1156 331.0
1157 41.0
1158 267.0
1159 0.0
1160 203.0
1161 203.0
1162 331.0
1163 203.0
1164 261.0
1165 331.0
1166 251.0
1167 203.0
1168 203.0
1169 270.0
1170 191.0
1171 331.0
1172 0.0
1173 395.0
1174 331.0
1175 175.0
1176 251.0
1177 203.0
1178 331.0
1179 251.0
1180 203.0
1181 0.0
1182 251.0
1183 185.0
1184 315.0
1185 331.0
1186 251.0
1187 158.0
1188 251.0
1189 251.0
1190 203.0
1191 112.0
1192 289.0
1193 315.0
1194 315.0
1195 72.0
1196 560.0
1197 203.0
1198 72.0
1199 315.0
1200 203.0
1201 291.0
1202 203.0
1203 315.0
1204 331.0
1205 331.0
1206 227.0
1207 331.0
1208 6.0
1209 75.0
1210 0.0
1211 203.0
1212 315.0
1213 285.0
1214 203.0
1215 251.0
1216 116.0
1217 0.0
1218 203.0
1219 0.0
1220 305.0
1221 203.0
1222 251.0
1223 0.0
1224 560.0
1225 331.0
1226 191.0
1227 251.0
1228 203.0
1229 331.0
1230 331.0
1231 203.0
1232 0.0
1233 315.0
1234 331.0
1235 199.0
1236 297.0
1237 203.0
1238 290.0
1239 224.0
1240 331.0
1241 395.0
1242 39.0
1243 331.0
1244 275.0
1245 300.0
1246 72.0
1247 203.0
1248 203.0
1249 0.0
1250 315.0
1251 331.0
1252 231.0
1253 203.0
1254 180.0
1255 278.0
1256 203.0
1257 206.0
1258 203.0
1259 0.0
1260 315.0
1261 0.0
1262 203.0
1263 203.0
1264 315.0
1265 0.0
1266 181.0
1267 189.0
1268 233.0
1269 203.0
1270 311.0
1271 202.0
1272 203.0
1273 314.0
1274 203.0
1275 560.0
1276 191.0
1277 203.0
1278 315.0
1279 203.0
1280 278.0
1281 251.0
1282 203.0
1283 70.0
1284 301.0
1285 203.0
1286 315.0
1287 203.0
1288 203.0
1289 17.0
1290 249.0
1291 203.0
1292 179.0
1293 30.0
1294 331.0
1295 203.0
1296 260.0
1297 33.0
1298 290.0
1299 203.0
1300 119.0
1301 191.0
1302 331.0
1303 203.0
1304 203.0
1305 203.0
1306 279.0
1307 203.0
1308 6.0
1309 203.0
1310 203.0
1311 315.0
1312 0.0
1313 176.0
1314 203.0
1315 315.0
1316 132.0
1317 315.0
1318 204.0
1319 251.0
1320 203.0
1321 191.0
1322 331.0
1323 203.0
1324 203.0
1325 6.0
1326 560.0
1327 190.0
1328 79.0
1329 315.0
1330 203.0
1331 203.0
1332 249.0
1333 0.0
1334 0.0
1335 32.0
1336 203.0
1337 275.0
1338 269.0
1339 203.0
1340 1.0
1341 331.0
1342 331.0
1343 331.0
1344 0.0
1345 560.0
1346 251.0
1347 233.0
1348 582.0
1349 389.0
1350 251.0
1351 189.0
1352 270.0
1353 315.0
1354 203.0
1355 203.0
1356 203.0
1357 203.0
1358 259.0
1359 191.0
1360 331.0
1361 41.0
1362 203.0
1363 111.0
1364 203.0
1365 251.0
1366 251.0
1367 185.0
1368 331.0
1369 203.0
1370 315.0
1371 203.0
1372 127.0
1373 251.0
1374 292.0
1375 203.0
1376 203.0
1377 582.0
1378 203.0
1379 0.0
1380 331.0
1381 203.0
1382 203.0
1383 315.0
1384 315.0
1385 191.0
1386 75.0
1387 251.0
1388 276.0
1389 315.0
1390 331.0
1391 331.0
1392 203.0
1393 203.0
1394 203.0
1395 0.0
1396 331.0
1397 241.0
1398 219.0
1399 145.0
1400 275.0
1401 203.0
1402 0.0
1403 331.0
1404 315.0
1405 331.0
1406 203.0
1407 203.0
1408 206.0
1409 203.0
1410 15.0
1411 315.0
1412 203.0
1413 203.0
1414 0.0
1415 203.0
1416 254.0
1417 203.0
1418 241.0
1419 203.0
1420 203.0
1421 175.0
1422 203.0
1423 203.0
1424 331.0
1425 203.0
1426 203.0
1427 4.0
1428 582.0
1429 289.0
1430 32.0
1431 203.0
1432 203.0
1433 203.0
1434 203.0
1435 203.0
1436 0.0
1437 278.0
1438 141.0
1439 288.0
1440 315.0
1441 203.0
1442 315.0
1443 331.0
1444 203.0
1445 9.0
1446 30.0
1447 287.0
1448 288.0
1449 203.0
1450 251.0
1451 297.0
1452 203.0
1453 0.0
1454 315.0
1455 285.0
1456 237.0
1457 203.0
1458 0.0
1459 190.0
1460 251.0
1461 0.0
1462 203.0
1463 203.0
1464 331.0
1465 71.0
1466 203.0
1467 203.0
1468 203.0
1469 315.0
1470 315.0
1471 203.0
1472 203.0
1473 203.0
1474 203.0
1475 286.0
1476 270.0
1477 272.0
1478 166.0
1479 582.0
1480 233.0
1481 38.0
1482 203.0
1483 203.0
1484 203.0
1485 292.0
1486 204.0
1487 0.0
1488 203.0
1489 141.0
1490 331.0
1491 203.0
1492 180.0
1493 0.0
1494 315.0
1495 213.0
1496 178.0
1497 21.0
1498 285.0
1499 251.0
1500 203.0
1501 29.0
1502 249.0
1503 203.0
1504 52.0
1505 272.0
1506 315.0
1507 276.0
1508 203.0
1509 169.0
1510 203.0
1511 256.0
1512 95.0
1513 203.0
1514 140.0
1515 315.0
1516 0.0
1517 203.0
1518 203.0
1519 203.0
1520 191.0
1521 315.0
1522 203.0
1523 315.0
1524 203.0
1525 296.0
1526 315.0
1527 300.0
1528 203.0
1529 30.0
1530 582.0
1531 300.0
1532 0.0
1533 203.0
1534 203.0
1535 203.0
1536 227.0
1537 203.0
1538 0.0
1539 0.0
1540 203.0
1541 203.0
1542 251.0
1543 203.0
1544 203.0
1545 331.0
1546 315.0
1547 251.0
1548 142.0
1549 271.0
1550 331.0
1551 203.0
1552 51.0
1553 315.0
1554 203.0
1555 40.0
1556 315.0
1557 315.0
1558 474.0
1559 203.0
1560 203.0
1561 203.0
1562 290.0
1563 33.0
1564 331.0
1565 203.0
1566 203.0
1567 0.0
1568 203.0
1569 212.0
1570 203.0
1571 274.0
1572 203.0
1573 193.0
1574 331.0
1575 203.0
1576 174.0
1577 316.0
1578 394.0
1579 203.0
1580 0.0
1581 582.0
1582 203.0
1583 191.0
1584 233.0
1585 203.0
1586 315.0
1587 203.0
1588 251.0
1589 0.0
1590 331.0
1591 203.0
1592 179.0
1593 259.0
1594 331.0
1595 315.0
1596 471.0
1597 242.0
1598 203.0
1599 153.0
1600 239.0
1601 331.0
1602 192.0
1603 133.0
1604 217.0
1605 203.0
1606 0.0
1607 278.0
1608 203.0
1609 251.0
1610 203.0
1611 331.0
1612 331.0
1613 331.0
1614 11.0
1615 203.0
1616 203.0
1617 251.0
1618 380.0
1619 203.0
1620 223.0
1621 251.0
1622 332.0
1623 314.0
1624 203.0
1625 161.0
1626 203.0
1627 203.0
1628 331.0
1629 185.0
1630 213.0
1631 265.0
1632 582.0
1633 251.0
1634 26.0
1635 203.0
1636 203.0
1637 331.0
1638 203.0
1639 203.0
1640 0.0
1641 331.0
1642 203.0
1643 331.0
1644 318.0
1645 203.0
1646 267.0
1647 253.0
1648 227.0
1649 0.0
1650 158.0
1651 331.0
1652 315.0
1653 203.0
1654 315.0
1655 315.0
1656 203.0
1657 55.0
1658 119.0
1659 203.0
1660 221.0
1661 203.0
1662 251.0
1663 166.0
1664 331.0
1665 67.0
1666 203.0
1667 203.0
1668 6.0
1669 0.0
1670 203.0
1671 203.0
1672 315.0
1673 216.0
1674 274.0
1675 203.0
1676 331.0
1677 203.0
1678 203.0
1679 291.0
1680 251.0
1681 203.0
1682 0.0
1683 582.0
1684 331.0
1685 39.0
1686 203.0
1687 203.0
1688 331.0
1689 0.0
1690 203.0
1691 0.0
1692 61.0
1693 168.0
1694 203.0
1695 191.0
1696 203.0
1697 203.0
1698 203.0
1699 306.0
1700 315.0
1701 71.0
1702 319.0
1703 203.0
1704 203.0
1705 203.0
1706 293.0
1707 203.0
1708 284.0
1709 331.0
1710 221.0
1711 331.0
1712 203.0
1713 203.0
1714 203.0
1715 331.0
1716 6.0
1717 331.0
1718 203.0
1719 271.0
1720 0.0
1721 203.0
1722 251.0
1723 273.0
1724 203.0
1725 203.0
1726 203.0
1727 272.0
1728 203.0
1729 203.0
1730 217.0
1731 268.0
1732 203.0
1733 203.0
1734 582.0
1735 225.0
1736 153.0
1737 203.0
1738 203.0
1739 315.0
1740 331.0
1741 315.0
1742 1.0
1743 203.0
1744 203.0
1745 315.0
1746 0.0
1747 203.0
1748 203.0
1749 315.0
1750 203.0
1751 251.0
1752 277.0
1753 481.0
1754 270.0
1755 331.0
1756 162.0
1757 224.0
1758 203.0
1759 39.0
1760 315.0
1761 331.0
1762 251.0
1763 203.0
1764 173.0
1765 203.0
1766 203.0
1767 72.0
1768 292.0
1769 203.0
1770 251.0
1771 0.0
1772 203.0
1773 189.0
1774 203.0
1775 315.0
1776 331.0
1777 238.0
1778 315.0
1779 203.0
1780 228.0
1781 203.0
1782 251.0
1783 203.0
1784 0.0
1785 582.0
1786 203.0
1787 52.0
1788 224.0
1789 203.0
1790 315.0
1791 203.0
1792 203.0
1793 0.0
1794 331.0
1795 203.0
1796 211.0
1797 331.0
1798 203.0
1799 315.0
1800 190.0
1801 315.0
1802 0.0
1803 163.0
1804 239.0
1805 315.0
1806 186.0
1807 315.0
1808 315.0
1809 203.0
1810 0.0
1811 203.0
1812 156.0
1813 251.0
1814 203.0
1815 272.0
1816 182.0
1817 331.0
1818 6.0
1819 0.0
1820 13.0
1821 132.0
1822 315.0
1823 203.0
1824 315.0
1825 331.0
1826 203.0
1827 332.0
1828 193.0
1829 179.0
1830 203.0
1831 331.0
1832 331.0
1833 203.0
1834 331.0
1835 0.0
1836 582.0
1837 203.0
1838 194.0
1839 203.0
1840 203.0
1841 331.0
1842 203.0
1843 203.0
1844 154.0
1845 331.0
1846 83.0
1847 315.0
1848 318.0
1849 203.0
1850 203.0
1851 315.0
1852 315.0
1853 208.0
1854 203.0
1855 331.0
1856 267.0
1857 203.0
1858 251.0
1859 271.0
1860 203.0
1861 227.0
1862 178.0
1863 61.0
1864 273.0
1865 203.0
1866 315.0
1867 167.0
1868 184.0
1869 95.0
1870 203.0
1871 203.0
1872 133.0
1873 60.0
1874 203.0
1875 203.0
1876 315.0
1877 271.0
1878 203.0
1879 203.0
1880 315.0
1881 203.0
1882 251.0
1883 203.0
1884 319.0
1885 203.0
1886 223.0
1887 582.0
1888 225.0
1889 45.0
1890 203.0
1891 203.0
1892 302.0
1893 2.0
1894 315.0
1895 2.0
1896 121.0
1897 203.0
1898 315.0
1899 239.0
1900 193.0
1901 203.0
1902 203.0
1903 315.0
1904 315.0
1905 71.0
1906 271.0
1907 331.0
1908 225.0
1909 145.0
1910 230.0
1911 203.0
1912 297.0
1913 203.0
1914 43.0
1915 224.0
1916 203.0
1917 190.0
1918 203.0
1919 203.0
1920 21.0
1921 203.0
1922 203.0
1923 251.0
1924 196.0
1925 331.0
1926 203.0
1927 105.0
1928 331.0
1929 331.0
1930 203.0
1931 315.0
1932 203.0
1933 175.0
1934 203.0
1935 251.0
1936 331.0
1937 -1.0
1938 582.0
1939 203.0
1940 191.0
1941 224.0
1942 203.0
1943 315.0
1944 203.0
1945 203.0
1946 0.0
1947 203.0
1948 203.0
1949 331.0
1950 203.0
1951 203.0
1952 203.0
1953 251.0
1954 331.0
1955 315.0
1956 153.0
1957 331.0
1958 203.0
1959 377.0
1960 127.0
1961 395.0
1962 203.0
1963 331.0
1964 203.0
1965 49.0
1966 167.0
1967 203.0
1968 190.0
1969 146.0
1970 331.0
1971 180.0
1972 265.0
1973 203.0
1974 203.0
1975 203.0
1976 203.0
1977 178.0
1978 191.0
1979 224.0
1980 181.0
1981 190.0
1982 331.0
1983 203.0
1984 251.0
1985 288.0
1986 270.0
1987 203.0
1988 196.0
1989 582.0
1990 203.0
1991 184.0
1992 167.0
1993 203.0
1994 208.0
1995 315.0
1996 203.0
1997 0.0
1998 315.0
1999 251.0
2000 242.0
2001 292.0
2002 331.0
2003 190.0
2004 203.0
2005 251.0
2006 299.0
2007 0.0
2008 481.0
2009 203.0
2010 331.0
2011 203.0
2012 315.0
2013 203.0
2014 315.0
2015 331.0
2016 331.0
2017 251.0
2018 203.0
2019 203.0
2020 203.0
2021 331.0
2022 45.0
2023 0.0
2024 203.0
2025 196.0
2026 180.0
2027 203.0
2028 254.0
2029 203.0
2030 250.0
2031 185.0
2032 246.0
2033 315.0
2034 203.0
2035 203.0
2036 331.0
2037 319.0
2038 203.0
2039 251.0
2040 582.0
2041 331.0
2042 203.0
2043 169.0
2044 203.0
2045 191.0
2046 251.0
2047 203.0
2048 0.0
2049 251.0
2050 167.0
2051 303.0
2052 181.0
2053 51.0
2054 191.0
2055 251.0
2056 272.0
2057 384.0
2058 60.0
2059 239.0
2060 251.0
2061 331.0
2062 251.0
2063 251.0
2064 203.0
2065 315.0
2066 61.0
2067 331.0
2068 583.0
2069 203.0
2070 203.0
2071 203.0
2072 203.0
2073 30.0
2074 331.0
2075 203.0
2076 251.0
2077 315.0
2078 203.0
2079 203.0
2080 331.0
2081 271.0
2082 290.0
2083 203.0
2084 315.0
2085 203.0
2086 157.0
2087 116.0
2088 203.0
2089 185.0
2090 203.0
2091 583.0
2092 195.0
2093 25.0
2094 315.0
2095 203.0
2096 315.0
2097 99.0
2098 203.0
2099 127.0
2100 2.0
2101 203.0
2102 203.0
2103 315.0
2104 203.0
2105 203.0
2106 331.0
2107 306.0
2108 249.0
2109 0.0
2110 287.0
2111 582.0
2112 203.0
2113 83.0
2114 212.0
2115 203.0
2116 203.0
2117 221.0
2118 203.0
2119 264.0
2120 203.0
2121 203.0
2122 203.0
2123 179.0
2124 50.0
2125 292.0
2126 6.0
2127 251.0
2128 203.0
2129 203.0
2130 315.0
2131 203.0
2132 180.0
2133 395.0
2134 189.0
2135 262.0
2136 203.0
2137 203.0
2138 103.0
2139 328.0
2140 331.0
2141 183.0
2142 583.0
2143 320.0
2144 145.0
2145 331.0
2146 203.0
2147 24.0
2148 203.0
2149 315.0
2150 0.0
2151 331.0
2152 203.0
2153 331.0
2154 256.0
2155 331.0
2156 203.0
2157 239.0
2158 251.0
2159 331.0
2160 0.0
2161 331.0
2162 331.0
2163 249.0
2164 300.0
2165 285.0
2166 203.0
2167 287.0
2168 203.0
2169 279.0
2170 222.0
2171 203.0
2172 203.0
2173 157.0
2174 315.0
2175 0.0
2176 32.0
2177 203.0
2178 202.0
2179 203.0
2180 203.0
2181 176.0
2182 203.0
2183 251.0
2184 196.0
2185 193.0
2186 315.0
2187 203.0
2188 224.0
2189 296.0
2190 331.0
2191 315.0
2192 198.0
2193 583.0
2194 203.0
2195 37.0
2196 247.0
2197 203.0
2198 192.0
2199 331.0
2200 315.0
2201 88.0
2202 225.0
2203 178.0
2204 251.0
2205 319.0
2206 203.0
2207 145.0
2208 223.0
2209 331.0
2210 296.0
2211 34.0
2212 289.0
2213 251.0
2214 203.0
2215 251.0
2216 251.0
2217 203.0
2218 249.0
2219 251.0
2220 251.0
2221 227.0
2222 203.0
2223 213.0
2224 203.0
2225 239.0
2226 67.0
2227 203.0
2228 208.0
2229 180.0
2230 203.0
2231 331.0
2232 203.0
2233 331.0
2234 395.0
2235 315.0
2236 203.0
2237 315.0
2238 203.0
2239 191.0
2240 119.0
2241 98.0
2242 203.0
2243 203.0
2244 583.0
2245 331.0
2246 192.0
2247 302.0
2248 197.0
2249 17.0
2250 315.0
2251 203.0
2252 13.0
2253 278.0
2254 181.0
2255 251.0
2256 203.0
2257 203.0
2258 203.0
2259 251.0
2260 273.0
2261 212.0
2262 0.0
2263 271.0
2264 331.0
2265 206.0
2266 51.0
2267 251.0
2268 203.0
2269 231.0
2270 167.0
2271 263.0
2272 273.0
2273 203.0
2274 203.0
2275 203.0
2276 173.0
2277 0.0
2278 231.0
2279 203.0
2280 251.0
2281 270.0
2282 203.0
2283 203.0
2284 276.0
2285 331.0
2286 196.0
2287 189.0
2288 331.0
2289 203.0
2290 190.0
2291 275.0
2292 388.0
2293 331.0
2294 203.0
2295 583.0
2296 331.0
2297 203.0
2298 251.0
2299 203.0
2300 203.0
2301 318.0
2302 203.0
2303 0.0
2304 203.0
2305 203.0
2306 203.0
2307 203.0
2308 203.0
2309 298.0
2310 315.0
2311 203.0
2312 315.0
2313 0.0
2314 319.0
2315 331.0
2316 191.0
2317 25.0
2318 249.0
2319 203.0
2320 251.0
2321 315.0
2322 203.0
2323 300.0
2324 203.0
2325 203.0
2326 173.0
2327 203.0
2328 180.0
2329 287.0
2330 203.0
2331 251.0
2332 166.0
2333 211.0
2334 178.0
2335 30.0
2336 395.0
2337 196.0
2338 191.0
2339 331.0
2340 203.0
2341 203.0
2342 331.0
2343 223.0
2344 331.0
2345 -1.0
2346 583.0
2347 331.0
2348 276.0
2349 251.0
2350 203.0
2351 203.0
2352 203.0
2353 203.0
2354 0.0
2355 315.0
2356 203.0
2357 19.0
2358 269.0
2359 204.0
2360 203.0
2361 331.0
2362 583.0
2363 331.0
2364 0.0
2365 583.0
2366 331.0
2367 275.0
2368 203.0
2369 265.0
2370 203.0
2371 162.0
2372 203.0
2373 203.0
2374 297.0
2375 203.0
2376 43.0
2377 315.0
2378 203.0
2379 6.0
2380 5.0
2381 203.0
2382 164.0
2383 331.0
2384 203.0
2385 181.0
2386 331.0
2387 264.0
2388 203.0
2389 191.0
2390 250.0
2391 203.0
2392 331.0
2393 331.0
2394 331.0
2395 203.0
2396 205.0
2397 583.0
2398 251.0
2399 191.0
2400 203.0
2401 203.0
2402 172.0
2403 203.0
2404 203.0
2405 0.0
2406 203.0
2407 315.0
2408 22.0
2409 294.0
2410 203.0
2411 203.0
2412 619.0
2413 181.0
2414 287.0
2415 0.0
2416 481.0
2417 234.0
2418 315.0
2419 190.0
2420 315.0
2421 203.0
2422 203.0
2423 331.0
2424 213.0
2425 264.0
2426 203.0
2427 199.0
2428 203.0
2429 331.0
2430 89.0
2431 231.0
2432 203.0
2433 203.0
2434 331.0
2435 203.0
2436 203.0
2437 294.0
2438 331.0
2439 315.0
2440 191.0
2441 271.0
2442 203.0
2443 202.0
2444 262.0
2445 331.0
2446 203.0
2447 218.0
2448 619.0
2449 315.0
2450 323.0
2451 203.0
2452 203.0
2453 34.0
2454 176.0
2455 203.0
2456 0.0
2457 331.0
2458 203.0
2459 203.0
2460 315.0
2461 203.0
2462 331.0
2463 223.0
2464 213.0
2465 332.0
2466 0.0
2467 207.0
2468 203.0
2469 203.0
2470 134.0
2471 315.0
2472 203.0
2473 251.0
2474 284.0
2475 223.0
2476 206.0
2477 203.0
2478 203.0
2479 191.0
2480 285.0
2481 0.0
2482 331.0
2483 203.0
2484 251.0
2485 189.0
2486 203.0
2487 203.0
2488 149.0
2489 268.0
2490 315.0
2491 191.0
2492 260.0
2493 203.0
2494 203.0
2495 332.0
2496 262.0
2497 203.0
2498 17.0
2499 619.0
2500 183.0
2501 93.0
2502 251.0
2503 203.0
2504 55.0
2505 205.0
2506 132.0
2507 0.0
2508 203.0
2509 203.0
2510 251.0
2511 253.0
2512 203.0
2513 203.0
2514 230.0
2515 315.0
2516 315.0
2517 153.0
2518 331.0
2519 395.0
2520 230.0
2521 69.0
2522 251.0
2523 204.0
2524 176.0
2525 172.0
2526 203.0
2527 203.0
2528 203.0
2529 203.0
2530 198.0
2531 203.0
2532 6.0
2533 203.0
2534 140.0
2535 203.0
2536 331.0
2537 251.0
2538 203.0
2539 315.0
2540 167.0
2541 172.0
2542 191.0
2543 331.0
2544 203.0
2545 203.0
2546 315.0
2547 299.0
2548 203.0
2549 188.0
2550 619.0
2551 293.0
2552 184.0
2553 306.0
2554 203.0
2555 203.0
2556 267.0
2557 315.0
2558 0.0
2559 331.0
2560 203.0
2561 176.0
2562 315.0
2563 203.0
2564 29.0
2565 287.0
2566 231.0
2567 220.0
2568 0.0
2569 315.0
2570 295.0
2571 181.0
2572 332.0
2573 315.0
2574 203.0
2575 140.0
2576 190.0
2577 203.0
2578 395.0
2579 203.0
2580 203.0
2581 251.0
2582 203.0
2583 45.0
2584 169.0
2585 203.0
2586 203.0
2587 203.0
2588 292.0
2589 203.0
2590 294.0
2591 331.0
2592 203.0
2593 203.0
2594 331.0
2595 203.0
2596 331.0
2597 203.0
2598 203.0
2599 202.0
2600 247.0
2601 619.0
2602 583.0
2603 202.0
2604 185.0
2605 203.0
2606 251.0
2607 203.0
2608 203.0
2609 0.0
2610 331.0
2611 160.0
2612 203.0
2613 331.0
2614 203.0
2615 215.0
2616 387.0
2617 242.0
2618 315.0
2619 0.0
2620 388.0
2621 294.0
2622 249.0
2623 267.0
2624 203.0
2625 203.0
2626 192.0
2627 190.0
2628 251.0
2629 183.0
2630 203.0
2631 331.0
2632 251.0
2633 203.0
2634 43.0
2635 302.0
2636 203.0
2637 315.0
2638 253.0
2639 203.0
2640 203.0
2641 203.0
2642 203.0
2643 0.0
2644 191.0
2645 331.0
2646 203.0
2647 315.0
2648 272.0
2649 253.0
2650 203.0
2651 251.0
2652 619.0
2653 315.0
2654 65.0
2655 251.0
2656 203.0
2657 36.0
2658 226.0
2659 258.0
2660 0.0
2661 331.0
2662 251.0
2663 203.0
2664 203.0
2665 203.0
2666 203.0
2667 273.0
2668 190.0
2669 331.0
2670 203.0
2671 315.0
2672 203.0
2673 315.0
2674 123.0
2675 238.0
2676 203.0
2677 203.0
2678 289.0
2679 256.0
2680 223.0
2681 203.0
2682 203.0
2683 192.0
2684 278.0
2685 30.0
2686 315.0
2687 203.0
2688 331.0
2689 288.0
2690 203.0
2691 173.0
2692 203.0
2693 203.0
2694 158.0
2695 191.0
2696 297.0
2697 203.0
2698 331.0
2699 315.0
2700 203.0
2701 203.0
2702 203.0
2703 619.0
2704 315.0
2705 64.0
2706 302.0
2707 203.0
2708 200.0
2709 203.0
2710 315.0
2711 61.0
2712 203.0
2713 203.0
2714 203.0
2715 253.0
2716 203.0
2717 203.0
2718 287.0
2719 180.0
2720 284.0
2721 0.0
2722 579.0
2723 223.0
2724 272.0
2725 251.0
2726 583.0
2727 203.0
2728 151.0
2729 100.0
2730 203.0
2731 272.0
2732 203.0
2733 203.0
2734 219.0
2735 275.0
2736 67.0
2737 25.0
2738 203.0
2739 297.0
2740 203.0
2741 190.0
2742 203.0
2743 251.0
2744 315.0
2745 203.0
2746 193.0
2747 315.0
2748 203.0
2749 203.0
2750 203.0
2751 207.0
2752 203.0
2753 223.0
2754 619.0
2755 395.0
2756 203.0
2757 191.0
2758 203.0
2759 203.0
2760 203.0
2761 203.0
2762 0.0
2763 583.0
2764 203.0
2765 203.0
2766 274.0
2767 203.0
2768 203.0
2769 262.0
2770 315.0
2771 395.0
2772 175.0
2773 410.0
2774 176.0
2775 268.0
2776 251.0
2777 331.0
2778 204.0
2779 205.0
2780 192.0
2781 275.0
2782 273.0
2783 203.0
2784 168.0
2785 160.0
2786 315.0
2787 23.0
2788 203.0
2789 156.0
2790 203.0
2791 274.0
2792 224.0
2793 223.0
2794 203.0
2795 273.0
2796 203.0
2797 191.0
2798 315.0
2799 203.0
2800 331.0
2801 315.0
2802 160.0
2803 186.0
2804 315.0
2805 619.0
2806 331.0
2807 203.0
2808 315.0
2809 203.0
2810 35.0
2811 331.0
2812 0.0
2813 61.0
2814 331.0
2815 167.0
2816 203.0
2817 331.0
2818 203.0
2819 203.0
2820 261.0
2821 311.0
2822 180.0
2823 0.0
2824 262.0
2825 236.0
2826 160.0
2827 172.0
2828 583.0
2829 203.0
2830 176.0
2831 331.0
2832 315.0
2833 262.0
2834 203.0
2835 225.0
2836 203.0
2837 476.0
2838 30.0
2839 315.0
2840 203.0
2841 315.0
2842 286.0
2843 274.0
2844 641.0
2845 203.0
2846 583.0
2847 0.0
2848 190.0
2849 191.0
2850 251.0
2851 203.0
2852 296.0
2853 176.0
2854 203.0
2855 315.0
2856 641.0
2857 315.0
2858 172.0
2859 315.0
2860 203.0
2861 191.0
2862 203.0
2863 203.0
2864 0.0
2865 331.0
2866 331.0
2867 203.0
2868 321.0
2869 203.0
2870 203.0
2871 319.0
2872 170.0
2873 242.0
2874 68.0
2875 315.0
2876 331.0
2877 269.0
2878 127.0
2879 315.0
2880 203.0
2881 251.0
2882 583.0
2883 251.0
2884 238.0
2885 203.0
2886 203.0
2887 331.0
2888 285.0
2889 61.0
2890 203.0
2891 61.0
2892 315.0
2893 331.0
2894 203.0
2895 203.0
2896 331.0
2897 196.0
2898 75.0
2899 191.0
2900 203.0
2901 251.0
2902 203.0
2903 271.0
2904 257.0
2905 203.0
2906 316.0
2907 641.0
2908 315.0
2909 172.0
2910 251.0
2911 203.0
2912 331.0
2913 373.0
2914 203.0
2915 0.0
2916 626.0
2917 203.0
2918 203.0
2919 315.0
2920 203.0
2921 215.0
2922 184.0
2923 223.0
2924 395.0
2925 41.0
2926 271.0
2927 395.0
2928 220.0
2929 315.0
2930 582.0
2931 203.0
2932 32.0
2933 203.0
2934 251.0
2935 273.0
2936 203.0
2937 240.0
2938 172.0
2939 189.0
2940 6.0
2941 331.0
2942 115.0
2943 315.0
2944 315.0
2945 203.0
2946 219.0
2947 315.0
2948 315.0
2949 203.0
2950 191.0
2951 315.0
2952 315.0
2953 294.0
2954 315.0
2955 203.0
2956 203.0
2957 331.0
2958 641.0
2959 331.0
2960 203.0
2961 241.0
2962 203.0
2963 80.0
2964 190.0
2965 41.0
2966 0.0
2967 222.0
2968 203.0
2969 203.0
2970 252.0
2971 203.0
2972 193.0
2973 176.0
2974 203.0
2975 180.0
2976 0.0
2977 271.0
2978 331.0
2979 181.0
2980 185.0
2981 395.0
2982 203.0
2983 331.0
2984 251.0
2985 203.0
2986 295.0
2987 203.0
2988 203.0
2989 251.0
2990 147.0
2991 1.0
2992 190.0
2993 208.0
2994 251.0
2995 331.0
2996 395.0
2997 203.0
2998 203.0
2999 315.0
3000 315.0
3001 203.0
3002 315.0
3003 203.0
3004 170.0
3005 303.0
3006 331.0
3007 194.0
3008 315.0
3009 641.0
3010 331.0
3011 203.0
3012 315.0
3013 203.0
3014 35.0
3015 639.0
3016 203.0
3017 0.0
3018 203.0
3019 203.0
3020 203.0
3021 203.0
3022 203.0
3023 203.0
3024 395.0
3025 251.0
3026 395.0
3027 0.0
3028 374.0
3029 395.0
3030 374.0
3031 138.0
3032 387.0
3033 203.0
3034 177.0
3035 239.0
3036 315.0
3037 331.0
3038 203.0
3039 156.0
3040 203.0
3041 331.0
3042 55.0
3043 203.0
3044 203.0
3045 251.0
3046 208.0
3047 203.0
3048 203.0
3049 294.0
3050 264.0
3051 208.0
3052 203.0
3053 136.0
3054 203.0
3055 203.0
3056 176.0
3057 315.0
3058 202.0
3059 639.0
3060 641.0
3061 583.0
3062 251.0
3063 185.0
3064 395.0
3065 203.0
3066 251.0
3067 315.0
3068 0.0
3069 331.0
3070 379.0
3071 176.0
3072 395.0
3073 203.0
3074 203.0
3075 319.0
3076 181.0
3077 315.0
3078 0.0
3079 331.0
3080 610.0
3081 208.0
3082 315.0
3083 532.0
3084 203.0
3085 203.0
3086 331.0
3087 203.0
3088 242.0
3089 203.0
3090 203.0
3091 169.0
3092 331.0
3093 104.0
3094 304.0
3095 6.0
3096 251.0
3097 315.0
3098 203.0
3099 203.0
3100 245.0
3101 191.0
3102 196.0
3103 203.0
3104 315.0
3105 251.0
3106 202.0
3107 331.0
3108 639.0
3109 203.0
3110 331.0
3111 641.0
3112 315.0
3113 331.0
3114 251.0
3115 203.0
3116 203.0
3117 251.0
3118 315.0
3119 0.0
3120 315.0
3121 183.0
3122 311.0
3123 226.0
3124 203.0
3125 203.0
3126 373.0
3127 203.0
3128 331.0
3129 0.0
3130 275.0
3131 188.0
3132 315.0
3133 315.0
3134 582.0
3135 203.0
3136 203.0
3137 181.0
3138 215.0
3139 331.0
3140 203.0
3141 203.0
3142 331.0
3143 331.0
3144 4.0
3145 331.0
3146 1.0
3147 315.0
3148 253.0
3149 203.0
3150 203.0
3151 53.0
3152 98.0
3153 196.0
3154 203.0
3155 331.0
3156 203.0
3157 170.0
3158 38.0
3159 331.0
3160 203.0
3161 583.0
3162 641.0
3163 331.0
3164 311.0
3165 315.0
3166 203.0
3167 0.0
3168 233.0
3169 315.0
3170 0.0
3171 316.0
3172 203.0
3173 154.0
3174 238.0
3175 203.0
3176 191.0
3177 183.0
3178 315.0
3179 331.0
3180 0.0
3181 373.0
3182 641.0
3183 315.0
3184 182.0
3185 641.0
3186 203.0
3187 184.0
3188 639.0
3189 316.0
3190 276.0
3191 203.0
3192 171.0
3193 203.0
3194 203.0
3195 0.0
3196 331.0
3197 203.0
3198 200.0
3199 315.0
3200 203.0
3201 203.0
3202 24.0
3203 98.0
3204 163.0
3205 203.0
3206 203.0
3207 203.0
3208 251.0
3209 203.0
3210 315.0
3211 203.0
3212 610.0
3213 641.0
3214 315.0
3215 315.0
3216 331.0
3217 203.0
3218 191.0
3219 190.0
3220 203.0
3221 0.0
3222 473.0
3223 256.0
3224 51.0
3225 203.0
3226 203.0
3227 203.0
3228 331.0
3229 170.0
3230 303.0
3231 0.0
3232 189.0
3233 583.0
3234 214.0
3235 203.0
3236 279.0
3237 203.0
3238 315.0
3239 331.0
3240 262.0
3241 216.0
3242 203.0
3243 203.0
3244 251.0
3245 331.0
3246 83.0
3247 331.0
3248 118.0
3249 315.0
3250 203.0
3251 203.0
3252 203.0
3253 269.0
3254 158.0
3255 196.0
3256 203.0
3257 315.0
3258 251.0
3259 239.0
3260 179.0
3261 315.0
3262 203.0
3263 610.0
3264 641.0
3265 331.0
3266 218.0
3267 251.0
3268 203.0
3269 192.0
3270 203.0
3271 203.0
3272 0.0
3273 203.0
3274 203.0
3275 217.0
3276 303.0
3277 203.0
3278 203.0
3279 446.0
3280 187.0
3281 272.0
3282 0.0
3283 271.0
3284 583.0
3285 203.0
3286 203.0
3287 387.0
3288 203.0
3289 203.0
3290 315.0
3291 251.0
3292 204.0
3293 315.0
3294 315.0
3295 190.0
3296 216.0
3297 0.0
3298 203.0
3299 118.0
3300 203.0
3301 331.0
3302 203.0
3303 251.0
3304 203.0
3305 55.0
3306 196.0
3307 203.0
3308 216.0
3309 203.0
3310 172.0
3311 315.0
3312 331.0
3313 203.0
3314 331.0
3315 641.0
3316 315.0
3317 190.0
3318 219.0
3319 203.0
3320 53.0
3321 315.0
3322 315.0
3323 0.0
3324 576.0
3325 286.0
3326 231.0
3327 308.0
3328 203.0
3329 203.0
3330 395.0
3331 203.0
3332 315.0
3333 37.0
3334 319.0
3335 479.0
3336 173.0
3337 182.0
3338 582.0
3339 203.0
3340 203.0
3341 331.0
3342 269.0
3343 315.0
3344 203.0
3345 301.0
3346 251.0
3347 251.0
3348 0.0
3349 203.0
3350 203.0
3351 6.0
3352 223.0
3353 203.0
3354 218.0
3355 203.0
3356 583.0
3357 315.0
3358 203.0
3359 583.0
3360 203.0
3361 203.0
3362 85.0
3363 291.0
3364 203.0
3365 479.0
3366 641.0
3367 315.0
3368 77.0
3369 641.0
3370 203.0
3371 203.0
3372 186.0
3373 331.0
3374 0.0
3375 541.0
3376 203.0
3377 132.0
3378 203.0
3379 203.0
3380 203.0
3381 390.0
3382 177.0
3383 395.0
3384 0.0
3385 395.0
3386 387.0
3387 177.0
3388 181.0
3389 641.0
3390 203.0
3391 231.0
3392 331.0
3393 298.0
3394 315.0
3395 203.0
3396 163.0
3397 203.0
3398 203.0
3399 83.0
3400 331.0
3401 203.0
3402 251.0
3403 203.0
3404 203.0
3405 286.0
3406 203.0
3407 203.0
3408 315.0
3409 203.0
3410 331.0
3411 251.0
3412 203.0
3413 179.0
3414 331.0
3415 203.0
3416 583.0
3417 641.0
3418 331.0
3419 194.0
3420 244.0
3421 203.0
3422 315.0
3423 331.0
3424 221.0
3425 96.0
3426 244.0
3427 190.0
3428 32.0
3429 315.0
3430 203.0
3431 203.0
3432 395.0
3433 171.0
3434 271.0
3435 55.0
3436 331.0
3437 387.0
3438 172.0
3439 203.0
3440 610.0
3441 203.0
3442 290.0
3443 189.0
3444 260.0
3445 203.0
3446 203.0
3447 315.0
3448 315.0
3449 331.0
3450 0.0
3451 331.0
3452 203.0
3453 331.0
3454 203.0
3455 203.0
3456 641.0
3457 203.0
3458 91.0
3459 196.0
3460 203.0
3461 216.0
3462 251.0
3463 272.0
3464 203.0
3465 203.0
3466 203.0
3467 331.0
3468 641.0
3469 331.0
3470 203.0
3471 279.0
3472 203.0
3473 185.0
3474 331.0
3475 315.0
3476 0.0
3477 610.0
3478 278.0
3479 272.0
3480 315.0
3481 203.0
3482 190.0
3483 373.0
3484 142.0
3485 388.0
3486 41.0
3487 314.0
3488 387.0
3489 176.0
3490 203.0
3491 641.0
3492 203.0
3493 242.0
3494 315.0
3495 203.0
3496 331.0
3497 331.0
3498 203.0
3499 248.0
3500 290.0
3501 0.0
3502 203.0
3503 203.0
3504 110.0
3505 219.0
3506 203.0
3507 315.0
3508 203.0
3509 315.0
3510 0.0
3511 190.0
3512 331.0
3513 203.0
3514 312.0
3515 259.0
3516 203.0
3517 331.0
3518 610.0
3519 641.0
3520 331.0
3521 251.0
3522 219.0
3523 203.0
3524 331.0
3525 395.0
3526 315.0
3527 0.0
3528 223.0
3529 203.0
3530 287.0
3531 227.0
3532 203.0
3533 199.0
3534 331.0
3535 331.0
3536 331.0
3537 0.0
3538 583.0
3539 221.0
3540 182.0
3541 163.0
3542 387.0
3543 203.0
3544 331.0
3545 639.0
3546 203.0
3547 294.0
3548 203.0
3549 261.0
3550 315.0
3551 203.0
3552 0.0
3553 203.0
3554 203.0
3555 126.0
3556 183.0
3557 203.0
3558 583.0
3559 293.0
3560 220.0
3561 315.0
3562 238.0
3563 585.0
3564 203.0
3565 203.0
3566 315.0
3567 331.0
3568 203.0
3569 331.0
3570 641.0
3571 641.0
3572 315.0
3573 331.0
3574 203.0
3575 55.0
3576 639.0
3577 67.0
3578 0.0
3579 244.0
3580 176.0
3581 203.0
3582 203.0
3583 203.0
3584 203.0
3585 366.0
3586 157.0
3587 237.0
3588 0.0
3589 189.0
3590 583.0
3591 315.0
3592 33.0
3593 289.0
3594 204.0
3595 227.0
3596 315.0
3597 191.0
3598 331.0
3599 203.0
3600 256.0
3601 203.0
3602 203.0
3603 0.0
3604 331.0
3605 203.0
3606 252.0
3607 203.0
3608 203.0
3609 331.0
3610 214.0
3611 203.0
3612 196.0
3613 179.0
3614 585.0
3615 251.0
3616 315.0
3617 315.0
3618 253.0
3619 203.0
3620 331.0
3621 641.0
3622 223.0
3623 300.0
3624 163.0
3625 331.0
3626 203.0
3627 583.0
3628 331.0
3629 0.0
3630 244.0
3631 176.0
3632 331.0
3633 310.0
3634 203.0
3635 203.0
3636 641.0
3637 213.0
3638 226.0
3639 0.0
3640 331.0
3641 275.0
3642 208.0
3643 180.0
3644 610.0
3645 203.0
3646 315.0
3647 295.0
3648 203.0
3649 289.0
3650 183.0
3651 267.0
3652 203.0
3653 270.0
3654 72.0
3655 315.0
3656 143.0
3657 203.0
3658 253.0
3659 203.0
3660 279.0
3661 203.0
3662 227.0
3663 202.0
3664 203.0
3665 585.0
3666 251.0
3667 205.0
3668 324.0
3669 315.0
3670 203.0
3671 479.0
3672 641.0
3673 223.0
3674 253.0
3675 293.0
3676 203.0
3677 203.0
3678 583.0
3679 315.0
3680 0.0
3681 276.0
3682 203.0
3683 259.0
3684 232.0
3685 203.0
3686 101.0
3687 268.0
3688 191.0
3689 301.0
3690 203.0
3691 331.0
3692 641.0
3693 203.0
3694 195.0
3695 319.0
3696 203.0
3697 331.0
3698 373.0
3699 331.0
3700 331.0
3701 203.0
3702 203.0
3703 300.0
3704 216.0
3705 0.0
3706 204.0
3707 203.0
3708 331.0
3709 219.0
3710 203.0
3711 366.0
3712 203.0
3713 227.0
3714 265.0
3715 193.0
3716 331.0
3717 203.0
3718 203.0
3719 203.0
3720 315.0
3721 203.0
3722 641.0
3723 641.0
3724 284.0
3725 331.0
3726 331.0
3727 203.0
3728 51.0
3729 395.0
3730 203.0
3731 0.0
3732 583.0
3733 201.0
3734 203.0
3735 212.0
3736 203.0
3737 331.0
3738 583.0
3739 168.0
3740 203.0
3741 0.0
3742 331.0
3743 221.0
3744 191.0
3745 180.0
3746 610.0
3747 204.0
3748 331.0
3749 275.0
3750 203.0
3751 315.0
3752 203.0
3753 154.0
3754 331.0
3755 203.0
3756 179.0
3757 331.0
3758 203.0
3759 231.0
3760 203.0
3761 203.0
3762 366.0
3763 203.0
3764 203.0
3765 225.0
3766 193.0
3767 583.0
3768 203.0
3769 202.0
3770 300.0
3771 253.0
3772 331.0
3773 639.0
3774 641.0
3775 180.0
3776 331.0
3777 222.0
3778 222.0
3779 203.0
3780 639.0
3781 315.0
3782 203.0
3783 244.0
3784 331.0
3785 331.0
3786 191.0
3787 203.0
3788 203.0
3789 395.0
3790 229.0
3791 268.0
3792 0.0
3793 188.0
3794 279.0
3795 206.0
3796 185.0
3797 610.0
3798 315.0
3799 184.0
3800 641.0
3801 331.0
3802 315.0
3803 203.0
3804 315.0
3805 331.0
3806 193.0
3807 89.0
3808 203.0
3809 203.0
3810 191.0
3811 203.0
3812 203.0
3813 395.0
3814 172.0
3815 67.0
3816 185.0
3817 203.0
3818 585.0
3819 251.0
3820 190.0
3821 315.0
3822 203.0
3823 203.0
3824 639.0
3825 641.0
3826 227.0
3827 29.0
3828 268.0
3829 203.0
3830 189.0
3831 275.0
3832 331.0
3833 0.0
3834 249.0
3835 331.0
3836 331.0
3837 203.0
3838 203.0
3839 193.0
3840 641.0
3841 169.0
3842 303.0
3843 0.0
3844 583.0
3845 315.0
3846 206.0
3847 171.0
3848 387.0
3849 203.0
3850 203.0
3851 473.0
3852 203.0
3853 395.0
3854 81.0
3855 172.0
3856 315.0
3857 203.0
3858 12.0
3859 331.0
3860 203.0
3861 252.0
3862 203.0
3863 203.0
3864 331.0
3865 83.0
3866 191.0
3867 112.0
3868 191.0
3869 331.0
3870 0.0
3871 203.0
3872 203.0
3873 203.0
3874 203.0
3875 641.0
3876 641.0
3877 278.0
3878 298.0
3879 331.0
3880 167.0
3881 30.0
3882 583.0
3883 201.0
3884 0.0
3885 264.0
3886 185.0
3887 315.0
3888 203.0
3889 203.0
3890 191.0
3891 583.0
3892 165.0
3893 301.0
3894 0.0
3895 236.0
3896 221.0
3897 331.0
3898 192.0
3899 387.0
3900 203.0
3901 231.0
3902 436.0
3903 260.0
3904 315.0
3905 203.0
3906 169.0
3907 331.0
3908 72.0
3909 0.0
3910 301.0
3911 203.0
3912 158.0
3913 203.0
3914 203.0
3915 583.0
3916 83.0
3917 203.0
3918 203.0
3919 193.0
3920 583.0
3921 203.0
3922 259.0
3923 203.0
3924 331.0
3925 203.0
3926 641.0
3927 641.0
3928 203.0
3929 203.0
3930 224.0
3931 218.0
3932 203.0
3933 639.0
3934 206.0
3935 0.0
3936 244.0
3937 182.0
3938 331.0
3939 174.0
3940 203.0
3941 203.0
3942 373.0
3943 172.0
3944 303.0
3945 41.0
3946 289.0
3947 387.0
3948 315.0
3949 176.0
3950 610.0
3951 203.0
3952 395.0
3953 583.0
3954 203.0
3955 315.0
3956 203.0
3957 203.0
3958 251.0
3959 192.0
3960 10.0
3961 286.0
3962 122.0
3963 191.0
3964 203.0
3965 203.0
3966 331.0
3967 203.0
3968 178.0
3969 203.0
3970 203.0
3971 585.0
3972 251.0
3973 175.0
3974 300.0
3975 253.0
3976 203.0
3977 583.0
3978 641.0
3979 278.0
3980 0.0
3981 204.0
3982 331.0
3983 203.0
3984 583.0
3985 331.0
3986 3.0
3987 244.0
3988 203.0
3989 271.0
3990 203.0
3991 203.0
3992 304.0
3993 395.0
3994 169.0
3995 395.0
3996 322.0
3997 289.0
3998 387.0
3999 331.0
4000 175.0
4001 610.0
4002 203.0
4003 331.0
4004 379.0
4005 251.0
4006 219.0
4007 203.0
4008 293.0
4009 331.0
4010 192.0
4011 107.0
4012 203.0
4013 203.0
4014 131.0
4015 203.0
4016 203.0
4017 331.0
4018 251.0
4019 717.0
4020 203.0
4021 191.0
4022 585.0
4023 251.0
4024 203.0
4025 22.0
4026 83.0
4027 203.0
4028 641.0
4029 717.0
4030 251.0
4031 315.0
4032 260.0
4033 203.0
4034 28.0
4035 340.0
4036 315.0
4037 0.0
4038 395.0
4039 203.0
4040 203.0
4041 203.0
4042 203.0
4043 251.0
4044 268.0
4045 150.0
4046 223.0
4047 0.0
4048 315.0
4049 395.0
4050 268.0
4051 192.0
4052 315.0
4053 203.0
4054 206.0
4055 289.0
4056 641.0
4057 583.0
4058 159.0
4059 203.0
4060 272.0
4061 203.0
4062 106.0
4063 203.0
4064 203.0
4065 252.0
4066 203.0
4067 203.0
4068 373.0
4069 83.0
4070 191.0
4071 203.0
4072 186.0
4073 315.0
4074 203.0
4075 203.0
4076 22.0
4077 229.0
4078 203.0
4079 395.0
4080 717.0
4081 331.0
4082 122.0
4083 329.0
4084 176.0
4085 199.0
4086 586.0
4087 185.0
4088 61.0
4089 331.0
4090 191.0
4091 331.0
4092 164.0
4093 203.0
4094 251.0
4095 320.0
4096 190.0
4097 303.0
4098 315.0
4099 331.0
4100 315.0
4101 275.0
4102 191.0
4103 610.0
4104 203.0
4105 278.0
4106 583.0
4107 315.0
4108 310.0
4109 315.0
4110 203.0
4111 315.0
4112 331.0
4113 38.0
4114 395.0
4115 203.0
4116 222.0
4117 203.0
4118 203.0
4119 271.0
4120 251.0
4121 203.0
4122 231.0
4123 247.0
4124 585.0
4125 203.0
4126 225.0
4127 200.0
4128 224.0
4129 203.0
4130 289.0
4131 717.0
4132 191.0
4133 203.0
4134 205.0
4135 168.0
4136 220.0
4137 331.0
4138 315.0
4139 0.0
4140 284.0
4141 251.0
4142 301.0
4143 203.0
4144 203.0
4145 298.0
4146 320.0
4147 203.0
4148 180.0
4149 71.0
4150 303.0
4151 395.0
4152 176.0
4153 165.0
4154 279.0
4155 204.0
4156 331.0
4157 583.0
4158 275.0
4159 310.0
4160 203.0
4161 203.0
4162 203.0
4163 276.0
4164 6.0
4165 180.0
4166 203.0
4167 171.0
4168 203.0
4169 203.0
4170 275.0
4171 203.0
4172 203.0
4173 203.0
4174 203.0
4175 331.0
4176 203.0
4177 203.0
4178 103.0
4179 331.0
4180 251.0
4181 315.0
4182 717.0
4183 203.0
4184 182.0
4185 260.0
4186 331.0
4187 51.0
4188 298.0
4189 315.0
4190 0.0
4191 203.0
4192 267.0
4193 315.0
4194 192.0
4195 193.0
4196 181.0
4197 583.0
4198 203.0
4199 234.0
4200 66.0
4201 583.0
4202 331.0
4203 177.0
4204 10.0
4205 315.0
4206 203.0
4207 361.0
4208 315.0
4209 242.0
4210 331.0
4211 203.0
4212 299.0
4213 315.0
4214 191.0
4215 305.0
4216 296.0
4217 203.0
4218 252.0
4219 203.0
4220 203.0
4221 275.0
4222 115.0
4223 98.0
4224 227.0
4225 251.0
4226 278.0
4227 315.0
4228 315.0
4229 43.0
4230 203.0
4231 251.0
4232 395.0
4233 717.0
4234 641.0
4235 230.0
4236 361.0
4237 191.0
4238 203.0
4239 264.0
4240 0.0
4241 94.0
4242 626.0
4243 203.0
4244 191.0
4245 233.0
4246 331.0
4247 223.0
4248 268.0
4249 203.0
4250 331.0
4251 153.0
4252 395.0
4253 282.0
4254 331.0
4255 195.0
4256 395.0
4257 203.0
4258 263.0
4259 639.0
4260 331.0
4261 278.0
4262 209.0
4263 191.0
4264 283.0
4265 251.0
4266 99.0
4267 331.0
4268 203.0
4269 126.0
4270 203.0
4271 203.0
4272 271.0
4273 284.0
4274 641.0
4275 38.0
4276 193.0
4277 315.0
4278 251.0
4279 187.0
4280 163.0
4281 285.0
4282 331.0
4283 315.0
4284 717.0
4285 291.0
4286 298.0
4287 220.0
4288 184.0
4289 182.0
4290 203.0
4291 315.0
4292 0.0
4293 315.0
4294 202.0
4295 315.0
4296 221.0
4297 315.0
4298 331.0
4299 641.0
4300 179.0
4301 236.0
4302 142.0
4303 236.0
4304 286.0
4305 641.0
4306 155.0
4307 279.0
4308 203.0
4309 331.0
4310 639.0
4311 582.0
4312 236.0
4313 251.0
4314 203.0
4315 251.0
4316 288.0
4317 298.0
4318 241.0
4319 203.0
4320 175.0
4321 203.0
4322 203.0
4323 331.0
4324 218.0
4325 193.0
4326 203.0
4327 203.0
4328 315.0
4329 203.0
4330 203.0
4331 306.0
4332 331.0
4333 203.0
4334 315.0
4335 717.0
4336 186.0
4337 395.0
4338 331.0
4339 180.0
4340 203.0
4341 121.0
4342 203.0
4343 121.0
4344 331.0
4345 267.0
4346 331.0
4347 203.0
4348 190.0
4349 331.0
4350 373.0
4351 177.0
4352 247.0
4353 41.0
4354 289.0
4355 395.0
4356 315.0
4357 195.0
4358 641.0
4359 203.0
4360 395.0
4361 282.0
4362 331.0
4363 310.0
4364 203.0
4365 331.0
4366 251.0
4367 192.0
4368 169.0
4369 277.0
4370 203.0
4371 25.0
4372 203.0
4373 203.0
4374 277.0
4375 143.0
4376 331.0
4377 252.0
4378 94.0
4379 278.0
4380 203.0
4381 203.0
4382 116.0
4383 331.0
4384 331.0
4385 395.0
4386 717.0
4387 181.0
4388 370.0
4389 331.0
4390 331.0
4391 194.0
4392 223.0
4393 315.0
4394 203.0
4395 244.0
4396 203.0
4397 190.0
4398 174.0
4399 190.0
4400 331.0
4401 395.0
4402 120.0
4403 234.0
4404 251.0
4405 387.0
4406 331.0
4407 641.0
4408 192.0
4409 289.0
4410 226.0
4411 388.0
4412 639.0
4413 203.0
4414 331.0
4415 208.0
4416 203.0
4417 283.0
4418 251.0
4419 205.0
4420 203.0
4421 203.0
4422 252.0
4423 120.0
4424 203.0
4425 315.0
4426 203.0
4427 289.0
4428 315.0
4429 203.0
4430 331.0
4431 251.0
4432 185.0
4433 43.0
4434 315.0
4435 203.0
4436 395.0
4437 717.0
4438 315.0
4439 641.0
4440 296.0
4441 331.0
4442 203.0
4443 190.0
4444 315.0
4445 315.0
4446 331.0
4447 171.0
4448 331.0
4449 191.0
4450 203.0
4451 583.0
4452 582.0
4453 138.0
4454 225.0
4455 0.0
4456 387.0
4457 315.0
4458 290.0
4459 180.0
4460 395.0
4461 203.0
4462 229.0
4463 639.0
4464 203.0
4465 582.0
4466 93.0
4467 203.0
4468 190.0
4469 278.0
4470 0.0
4471 203.0
4472 140.0
4473 142.0
4474 37.0
4475 203.0
4476 289.0
4477 235.0
4478 641.0
4479 259.0
4480 175.0
4481 249.0
4482 203.0
4483 203.0
4484 395.0
4485 331.0
4486 331.0
4487 395.0
4488 717.0
4489 285.0
4490 619.0
4491 251.0
4492 180.0
4493 210.0
4494 116.0
4495 203.0
4496 61.0
4497 299.0
4498 203.0
4499 315.0
4500 203.0
4501 203.0
4502 203.0
4503 641.0
4504 203.0
4505 331.0
4506 87.0
4507 579.0
4508 315.0
4509 315.0
4510 50.0
4511 279.0
4512 203.0
4513 583.0
4514 315.0
4515 163.0
4516 315.0
4517 203.0
4518 331.0
4519 271.0
4520 192.0
4521 6.0
4522 218.0
4523 203.0
4524 169.0
4525 193.0
4526 203.0
4527 583.0
4528 32.0
4529 395.0
4530 191.0
4531 203.0
4532 585.0
4533 203.0
4534 203.0
4535 191.0
4536 374.0
4537 203.0
4538 395.0
4539 717.0
4540 203.0
4541 289.0
4542 331.0
4543 331.0
4544 31.0
4545 292.0
4546 582.0
4547 274.0
4548 626.0
4549 203.0
4550 315.0
4551 203.0
4552 280.0
4553 315.0
4554 315.0
4555 203.0
4556 234.0
4557 137.0
4558 387.0
4559 331.0
4560 300.0
4561 218.0
4562 315.0
4563 203.0
4564 223.0
4565 395.0
4566 204.0
4567 581.0
4568 203.0
4569 331.0
4570 315.0
4571 216.0
4572 585.0
4573 301.0
4574 203.0
4575 251.0
4576 203.0
4577 203.0
4578 583.0
4579 61.0
4580 331.0
4581 203.0
4582 165.0
4583 315.0
4584 203.0
4585 203.0
4586 111.0
4587 639.0
4588 203.0
4589 641.0
4590 717.0
4591 315.0
4592 372.0
4593 221.0
4594 300.0
4595 206.0
4596 203.0
4597 268.0
4598 176.0
4599 244.0
4600 211.0
4601 203.0
4602 160.0
4603 203.0
4604 331.0
4605 373.0
4606 120.0
4607 236.0
4608 5.0
4609 271.0
4610 184.0
4611 282.0
4612 203.0
4613 228.0
4614 315.0
4615 395.0
4616 331.0
4617 203.0
4618 387.0
4619 251.0
4620 203.0
4621 331.0
4622 205.0
4623 68.0
4624 203.0
4625 140.0
4626 203.0
4627 203.0
4628 203.0
4629 315.0
4630 203.0
4631 315.0
4632 185.0
4633 203.0
4634 249.0
4635 203.0
4636 229.0
4637 203.0
4638 315.0
4639 203.0
4640 626.0
4641 717.0
4642 315.0
4643 583.0
4644 331.0
4645 217.0
4646 214.0
4647 149.0
4648 203.0
4649 80.0
4650 331.0
4651 214.0
4652 331.0
4653 192.0
4654 203.0
4655 331.0
4656 331.0
4657 170.0
4658 331.0
4659 71.0
4660 583.0
4661 331.0
4662 340.0
4663 172.0
4664 200.0
4665 331.0
4666 278.0
4667 315.0
4668 203.0
4669 284.0
4670 203.0
4671 203.0
4672 190.0
4673 203.0
4674 39.0
4675 222.0
4676 203.0
4677 203.0
4678 203.0
4679 203.0
4680 331.0
4681 203.0
4682 641.0
4683 395.0
4684 203.0
4685 249.0
4686 203.0
4687 203.0
4688 172.0
4689 446.0
4690 251.0
4691 641.0
4692 717.0
4693 203.0
4694 717.0
4695 315.0
4696 221.0
4697 63.0
4698 38.0
4699 315.0
4700 167.0
4701 302.0
4702 203.0
4703 315.0
4704 153.0
4705 203.0
4706 315.0
4707 315.0
4708 203.0
4709 223.0
4710 192.0
4711 387.0
4712 315.0
4713 289.0
4714 185.0
4715 395.0
4716 203.0
4717 477.0
4718 315.0
4719 251.0
4720 331.0
4721 320.0
4722 203.0
4723 203.0
4724 203.0
4725 6.0
4726 222.0
4727 203.0
4728 315.0
4729 203.0
4730 203.0
4731 186.0
4732 143.0
4733 315.0
4734 196.0
4735 185.0
4736 331.0
4737 203.0
4738 203.0
4739 315.0
4740 446.0
4741 315.0
4742 315.0
4743 717.0
4744 191.0
4745 289.0
4746 271.0
4747 331.0
4748 227.0
4749 38.0
4750 315.0
4751 295.0
4752 320.0
4753 191.0
4754 271.0
4755 203.0
4756 91.0
4757 585.0
4758 331.0
4759 176.0
4760 234.0
4761 203.0
4762 289.0
4763 583.0
4764 641.0
4765 9.0
4766 331.0
4767 203.0
4768 331.0
4769 331.0
4770 331.0
4771 315.0
4772 203.0
4773 331.0
4774 201.0
4775 185.0
4776 84.0
4777 203.0
4778 72.0
4779 169.0
4780 259.0
4781 203.0
4782 315.0
4783 203.0
4784 626.0
4785 468.0
4786 191.0
4787 320.0
4788 203.0
4789 203.0
4790 224.0
4791 395.0
4792 282.0
4793 315.0
4794 717.0
4795 331.0
4796 315.0
4797 180.0
4798 203.0
4799 203.0
4800 169.0
4801 203.0
4802 203.0
4803 244.0
4804 2.0
4805 331.0
4806 203.0
4807 203.0
4808 315.0
4809 285.0
4810 75.0
4811 301.0
4812 168.0
4813 395.0
4814 331.0
4815 282.0
4816 191.0
4817 179.0
4818 203.0
4819 395.0
4820 582.0
4821 203.0
4822 289.0
4823 203.0
4824 203.0
4825 191.0
4826 191.0
4827 331.0
4828 331.0
4829 203.0
4830 203.0
4831 67.0
4832 203.0
4833 289.0
4834 315.0
4835 395.0
4836 259.0
4837 203.0
4838 315.0
4839 203.0
4840 189.0
4841 204.0
4842 395.0
4843 251.0
4844 641.0
4845 717.0
4846 410.0
4847 395.0
4848 214.0
4849 203.0
4850 63.0
4851 38.0
4852 331.0
4853 83.0
4854 302.0
4855 203.0
4856 296.0
4857 203.0
4858 331.0
4859 583.0
4860 331.0
4861 72.0
4862 236.0
4863 298.0
4864 583.0
4865 315.0
4866 319.0
4867 76.0
4868 187.0
4869 331.0
4870 289.0
4871 331.0
4872 136.0
4873 184.0
4874 251.0
4875 203.0
4876 203.0
4877 270.0
4878 6.0
4879 219.0
4880 203.0
4881 252.0
4882 315.0
4883 331.0
4884 315.0
4885 191.0
4886 340.0
4887 332.0
4888 172.0
4889 331.0
4890 202.0
4891 203.0
4892 191.0
4893 374.0
4894 203.0
4895 315.0
4896 717.0
4897 203.0
4898 717.0
4899 293.0
4900 213.0
4901 17.0
4902 121.0
4903 315.0
4904 99.0
4905 300.0
4906 251.0
4907 315.0
4908 203.0
4909 203.0
4910 320.0
4911 229.0
4912 191.0
4913 274.0
4914 268.0
4915 387.0
4916 583.0
4917 278.0
4918 161.0
4919 209.0
4920 203.0
4921 279.0
4922 186.0
4923 197.0
4924 272.0
4925 203.0
4926 331.0
4927 315.0
4928 203.0
4929 203.0
4930 395.0
4931 315.0
4932 251.0
4933 203.0
4934 203.0
4935 583.0
4936 331.0
4937 315.0
4938 202.0
4939 315.0
4940 160.0
4941 203.0
4942 203.0
4943 203.0
4944 583.0
4945 331.0
4946 315.0
4947 717.0
4948 293.0
4949 289.0
4950 315.0
4951 203.0
4952 203.0
4953 203.0
4954 203.0
4955 88.0
4956 244.0
4957 44.0
4958 268.0
4959 193.0
4960 203.0
4961 583.0
4962 717.0
4963 203.0
4964 258.0
4965 291.0
4966 374.0
4967 583.0
4968 282.0
4969 161.0
4970 331.0
4971 639.0
4972 291.0
4973 315.0
4974 313.0
4975 184.0
4976 203.0
4977 203.0
4978 190.0
4979 295.0
4980 315.0
4981 203.0
4982 37.0
4983 175.0
4984 203.0
4985 61.0
4986 315.0
4987 203.0
4988 641.0
4989 203.0
4990 203.0
4991 249.0
4992 203.0
4993 203.0
4994 103.0
4995 387.0
4996 251.0
4997 191.0
4998 717.0
4999 203.0
5000 717.0
5001 221.0
5002 271.0
5003 214.0
5004 188.0
5005 171.0
5006 78.0
5007 315.0
5008 203.0
5009 229.0
5010 203.0
5011 203.0
5012 315.0
5013 315.0
5014 120.0
5015 240.0
5016 315.0
5017 289.0
5018 583.0
5019 282.0
5020 203.0
5021 191.0
5022 203.0
5023 319.0
5024 192.0
5025 218.0
5026 583.0
5027 315.0
5028 203.0
5029 315.0
5030 366.0
5031 37.0
5032 331.0
5033 0.0
5034 219.0
5035 203.0
5036 191.0
5037 331.0
5038 244.0
5039 315.0
5040 181.0
5041 203.0
5042 249.0
5043 203.0
5044 203.0
5045 332.0
5046 436.0
5047 331.0
5048 331.0
5049 717.0
5050 203.0
5051 582.0
5052 260.0
5053 219.0
5054 87.0
5055 38.0
5056 315.0
5057 315.0
5058 315.0
5059 277.0
5060 331.0
5061 203.0
5062 203.0
5063 583.0
5064 315.0
5065 69.0
5066 582.0
5067 331.0
5068 387.0
5069 315.0
5070 319.0
5071 169.0
5072 196.0
5073 203.0
5074 231.0
5075 190.0
5076 319.0
5077 331.0
5078 203.0
5079 331.0
5080 203.0
5081 289.0
5082 3.0
5083 198.0
5084 166.0
5085 230.0
5086 219.0
5087 203.0
5088 282.0
5089 203.0
5090 315.0
5091 223.0
5092 201.0
5093 320.0
5094 203.0
5095 203.0
5096 301.0
5097 639.0
5098 203.0
5099 296.0
5100 717.0
