1 33.0
2 251.0
3 33.0
4 38.0
5 32.0
6 32.0
7 204.0
8 203.0
9 32.0
10 32.0
11 32.0
12 33.0
13 203.0
14 33.0
15 33.0
16 203.0
17 32.0
18 30.0
19 33.0
20 203.0
21 33.0
22 98.0
23 204.0
24 25.0
25 33.0
26 32.0
27 0.0
28 0.0
29 32.0
30 33.0
31 33.0
32 32.0
33 33.0
34 33.0
35 38.0
36 0.0
37 32.0
38 32.0
39 38.0
40 203.0
41 33.0
42 38.0
43 0.0
44 203.0
45 32.0
46 203.0
47 33.0
48 204.0
49 32.0
50 203.0
51 251.0
52 33.0
53 33.0
54 203.0
55 204.0
56 32.0
57 203.0
58 251.0
59 32.0
60 38.0
61 32.0
62 30.0
63 33.0
64 33.0
65 203.0
66 203.0
67 203.0
68 32.0
69 209.0
70 33.0
71 191.0
72 32.0
73 203.0
74 33.0
75 32.0
76 203.0
77 33.0
78 32.0
79 0.0
80 203.0
81 32.0
82 33.0
83 32.0
84 32.0
85 203.0
86 38.0
87 49.0
88 33.0
89 32.0
90 203.0
91 203.0
92 32.0
93 32.0
94 32.0
95 38.0
96 98.0
97 38.0
98 98.0
99 32.0
100 32.0
101 204.0
102 251.0
103 209.0
104 33.0
105 203.0
106 203.0
107 32.0
108 185.0
109 251.0
110 203.0
111 165.0
112 38.0
113 0.0
114 215.0
115 32.0
116 185.0
117 204.0
118 203.0
119 32.0
120 209.0
121 203.0
122 251.0
123 32.0
124 180.0
125 180.0
126 180.0
127 185.0
128 203.0
129 32.0
130 38.0
131 104.0
132 32.0
133 32.0
134 32.0
135 185.0
136 203.0
137 185.0
138 25.0
139 191.0
140 203.0
141 203.0
142 203.0
143 174.0
144 104.0
145 38.0
146 184.0
147 0.0
148 49.0
149 104.0
150 30.0
151 203.0
152 204.0
153 251.0
154 191.0
155 185.0
156 191.0
157 38.0
158 43.0
159 32.0
160 209.0
161 203.0
162 98.0
163 203.0
164 32.0
165 43.0
166 203.0
167 203.0
168 191.0
169 109.0
170 25.0
171 225.0
172 0.0
173 191.0
174 103.0
175 180.0
176 203.0
177 174.0
178 0.0
179 104.0
180 204.0
181 252.0
182 191.0
183 33.0
184 0.0
185 169.0
186 0.0
187 204.0
188 158.0
189 30.0
190 109.0
191 204.0
192 204.0
193 203.0
194 33.0
195 203.0
196 204.0
197 203.0
198 158.0
199 204.0
200 120.0
201 32.0
202 186.0
203 203.0
204 252.0
205 252.0
206 251.0
207 38.0
208 186.0
209 104.0
210 204.0
211 231.0
212 176.0
213 32.0
214 204.0
215 32.0
216 251.0
217 32.0
218 204.0
219 225.0
220 252.0
221 25.0
222 203.0
223 0.0
224 203.0
225 32.0
226 104.0
227 38.0
228 180.0
229 203.0
230 25.0
231 204.0
232 252.0
233 32.0
234 32.0
235 32.0
236 180.0
237 204.0
238 204.0
239 191.0
240 0.0
241 33.0
242 98.0
243 251.0
244 203.0
245 203.0
246 33.0
247 204.0
248 203.0
249 98.0
250 203.0
251 203.0
252 203.0
253 120.0
254 204.0
255 252.0
256 32.0
257 38.0
258 251.0
259 44.0
260 204.0
261 204.0
262 252.0
263 203.0
264 98.0
265 252.0
266 203.0
267 251.0
268 229.0
269 203.0
270 33.0
271 204.0
272 32.0
273 203.0
274 216.0
275 251.0
276 32.0
277 104.0
278 203.0
279 25.0
280 203.0
281 25.0
282 32.0
283 33.0
284 203.0
285 252.0
286 32.0
287 204.0
288 32.0
289 204.0
290 38.0
291 49.0
292 33.0
293 203.0
294 32.0
295 203.0
296 32.0
297 251.0
298 251.0
299 156.0
300 98.0
301 315.0
302 0.0
303 203.0
304 191.0
305 204.0
306 315.0
307 38.0
308 33.0
309 203.0
310 203.0
311 204.0
312 204.0
313 204.0
314 236.0
315 169.0
316 203.0
317 0.0
318 251.0
319 30.0
320 295.0
321 203.0
322 251.0
323 98.0
324 209.0
325 251.0
326 32.0
327 49.0
328 203.0
329 33.0
330 33.0
331 203.0
332 32.0
333 32.0
334 204.0
335 87.0
336 38.0
337 204.0
338 98.0
339 251.0
340 204.0
341 203.0
342 115.0
343 32.0
344 203.0
345 32.0
346 231.0
347 204.0
348 203.0
349 252.0
350 204.0
351 25.0
352 204.0
353 203.0
354 203.0
355 203.0
356 325.0
357 325.0
358 33.0
359 11.0
360 204.0
361 191.0
362 203.0
363 104.0
364 203.0
365 31.0
366 203.0
367 203.0
368 103.0
369 203.0
370 222.0
371 204.0
372 252.0
373 203.0
374 32.0
375 220.0
376 203.0
377 0.0
378 0.0
379 32.0
380 203.0
381 114.0
382 203.0
383 32.0
384 203.0
385 203.0
386 33.0
387 203.0
388 32.0
389 32.0
390 60.0
391 203.0
392 203.0
393 203.0
394 49.0
395 203.0
396 32.0
397 203.0
398 209.0
399 203.0
400 204.0
401 251.0
402 0.0
403 203.0
404 203.0
405 203.0
406 109.0
407 203.0
408 325.0
409 32.0
410 203.0
411 251.0
412 38.0
413 235.0
414 203.0
415 203.0
416 187.0
417 203.0
418 33.0
419 38.0
420 318.0
421 204.0
422 0.0
423 203.0
424 220.0
425 25.0
426 203.0
427 252.0
428 252.0
429 203.0
430 32.0
431 38.0
432 203.0
433 0.0
434 25.0
435 0.0
436 0.0
437 32.0
438 32.0
439 32.0
440 204.0
441 32.0
442 204.0
443 203.0
444 203.0
445 32.0
446 33.0
447 203.0
448 203.0
449 220.0
450 203.0
451 251.0
452 203.0
453 87.0
454 203.0
455 204.0
456 203.0
457 204.0
458 319.0
459 325.0
460 38.0
461 203.0
462 203.0
463 203.0
464 235.0
465 204.0
466 33.0
467 203.0
468 203.0
469 109.0
470 203.0
471 203.0
472 32.0
473 203.0
474 120.0
475 252.0
476 32.0
477 203.0
478 203.0
479 252.0
480 203.0
481 0.0
482 203.0
483 109.0
484 30.0
485 33.0
486 30.0
487 252.0
488 0.0
489 203.0
490 33.0
491 109.0
492 32.0
493 32.0
494 22.0
495 203.0
496 38.0
497 203.0
498 32.0
499 251.0
500 33.0
501 203.0
502 98.0
503 203.0
504 87.0
505 252.0
506 216.0
507 203.0
508 251.0
509 203.0
510 325.0
511 22.0
512 38.0
513 203.0
514 203.0
515 203.0
516 87.0
517 251.0
518 251.0
519 0.0
520 109.0
521 0.0
522 203.0
523 251.0
524 203.0
525 220.0
526 203.0
527 203.0
528 203.0
529 191.0
530 203.0
531 203.0
532 203.0
533 203.0
534 203.0
535 32.0
536 104.0
537 203.0
538 251.0
539 38.0
540 203.0
541 203.0
542 186.0
543 204.0
544 120.0
545 22.0
546 0.0
547 32.0
548 203.0
549 104.0
550 231.0
551 220.0
552 203.0
553 252.0
554 108.0
555 87.0
556 203.0
557 251.0
558 204.0
559 125.0
560 203.0
561 325.0
562 32.0
563 203.0
564 203.0
565 38.0
566 251.0
567 93.0
568 203.0
569 203.0
570 32.0
571 33.0
572 38.0
573 203.0
574 204.0
575 251.0
576 220.0
577 44.0
578 203.0
579 220.0
580 33.0
581 252.0
582 203.0
583 32.0
584 203.0
585 185.0
586 32.0
587 43.0
588 203.0
589 39.0
590 203.0
591 203.0
592 32.0
593 186.0
594 25.0
595 191.0
596 33.0
597 203.0
598 38.0
599 33.0
600 203.0
601 203.0
602 231.0
603 203.0
604 203.0
605 251.0
606 169.0
607 203.0
608 204.0
609 32.0
610 203.0
611 203.0
612 325.0
613 32.0
614 203.0
615 252.0
616 38.0
617 203.0
618 203.0
619 204.0
620 203.0
621 32.0
622 104.0
623 203.0
624 203.0
625 32.0
626 203.0
627 49.0
628 204.0
629 32.0
630 231.0
631 251.0
632 231.0
633 203.0
634 0.0
635 203.0
636 203.0
637 38.0
638 33.0
639 203.0
640 0.0
641 0.0
642 203.0
643 17.0
644 32.0
645 32.0
646 251.0
647 38.0
648 203.0
649 43.0
650 30.0
651 98.0
652 203.0
653 251.0
654 203.0
655 317.0
656 251.0
657 87.0
658 252.0
659 204.0
660 203.0
661 125.0
662 203.0
663 325.0
664 32.0
665 252.0
666 204.0
667 6.0
668 203.0
669 93.0
670 204.0
671 203.0
672 49.0
673 33.0
674 203.0
675 203.0
676 180.0
677 203.0
678 115.0
679 203.0
680 203.0
681 203.0
682 0.0
683 203.0
684 203.0
685 32.0
686 203.0
687 203.0
688 32.0
689 0.0
690 203.0
691 114.0
692 25.0
693 203.0
694 44.0
695 180.0
696 43.0
697 251.0
698 1.0
699 0.0
700 32.0
701 93.0
702 0.0
703 251.0
704 33.0
705 7.0
706 251.0
707 251.0
708 98.0
709 203.0
710 204.0
711 203.0
712 318.0
713 203.0
714 325.0
715 44.0
716 38.0
717 221.0
718 6.0
719 203.0
720 203.0
721 33.0
722 221.0
723 25.0
724 32.0
725 203.0
726 318.0
727 204.0
728 203.0
729 220.0
730 38.0
731 204.0
732 331.0
733 252.0
734 251.0
735 328.0
736 169.0
737 204.0
738 25.0
739 204.0
740 98.0
741 204.0
742 204.0
743 38.0
744 203.0
745 44.0
746 203.0
747 32.0
748 329.0
749 33.0
750 203.0
751 49.0
752 93.0
753 104.0
754 231.0
755 220.0
756 38.0
757 203.0
758 78.0
759 98.0
760 203.0
761 204.0
762 203.0
763 109.0
764 203.0
765 331.0
766 203.0
767 325.0
768 204.0
769 17.0
770 251.0
771 203.0
772 243.0
773 328.0
774 203.0
775 32.0
776 203.0
777 203.0
778 204.0
779 251.0
780 204.0
781 325.0
782 203.0
783 335.0
784 0.0
785 203.0
786 311.0
787 32.0
788 38.0
789 203.0
790 32.0
791 203.0
792 5.0
793 0.0
794 38.0
795 203.0
796 38.0
797 203.0
798 180.0
799 357.0
800 203.0
801 203.0
802 38.0
803 30.0
804 209.0
805 325.0
806 0.0
807 203.0
808 38.0
809 32.0
810 0.0
811 203.0
812 32.0
813 203.0
814 235.0
815 235.0
816 357.0
817 203.0
818 333.0
819 239.0
820 49.0
821 361.0
822 203.0
823 203.0
824 203.0
825 203.0
826 203.0
827 203.0
828 315.0
829 446.0
830 221.0
831 203.0
832 325.0
833 204.0
834 325.0
835 203.0
836 203.0
837 341.0
838 0.0
839 203.0
840 425.0
841 32.0
842 25.0
843 141.0
844 33.0
845 203.0
846 180.0
847 203.0
848 203.0
849 30.0
850 203.0
851 203.0
852 32.0
853 203.0
854 203.0
855 32.0
856 203.0
857 0.0
858 203.0
859 203.0
860 251.0
861 20.0
862 203.0
863 203.0
864 203.0
865 203.0
866 203.0
867 446.0
868 203.0
869 323.0
870 203.0
871 32.0
872 203.0
873 248.0
874 203.0
875 229.0
876 25.0
877 196.0
878 203.0
879 32.0
880 203.0
881 98.0
882 335.0
883 33.0
884 203.0
885 325.0
886 38.0
887 0.0
888 341.0
889 0.0
890 38.0
891 207.0
892 38.0
893 0.0
894 204.0
895 252.0
896 38.0
897 180.0
898 38.0
899 203.0
900 38.0
901 203.0
902 203.0
903 32.0
904 203.0
905 93.0
906 25.0
907 354.0
908 268.0
909 203.0
910 203.0
911 180.0
912 98.0
913 251.0
914 290.0
915 203.0
916 235.0
917 204.0
918 446.0
919 30.0
920 203.0
921 203.0
922 32.0
923 235.0
924 32.0
925 204.0
926 32.0
927 32.0
928 25.0
929 203.0
930 203.0
931 446.0
932 30.0
933 203.0
934 229.0
935 182.0
936 230.0
937 203.0
938 191.0
939 318.0
940 191.0
941 204.0
942 32.0
943 0.0
944 203.0
945 203.0
946 436.0
947 98.0
948 38.0
949 203.0
950 49.0
951 38.0
952 203.0
953 169.0
954 38.0
955 203.0
956 295.0
957 0.0
958 32.0
959 251.0
960 32.0
961 203.0
962 237.0
963 0.0
964 203.0
965 204.0
966 30.0
967 203.0
968 203.0
969 446.0
970 203.0
971 203.0
972 317.0
973 30.0
974 231.0
975 203.0
976 38.0
977 333.0
978 203.0
979 19.0
980 331.0
981 235.0
982 291.0
983 0.0
984 203.0
985 203.0
986 203.0
987 230.0
988 1.0
989 32.0
990 364.0
991 0.0
992 203.0
993 203.0
994 203.0
995 98.0
996 6.0
997 0.0
998 203.0
999 203.0
1000 342.0
1001 191.0
1002 252.0
1003 203.0
1004 251.0
1005 38.0
1006 49.0
1007 33.0
1008 30.0
1009 203.0
1010 251.0
1011 203.0
1012 203.0
1013 145.0
1014 87.0
1015 315.0
1016 344.0
1017 203.0
1018 397.0
1019 345.0
1020 446.0
1021 203.0
1022 203.0
1023 296.0
1024 32.0
1025 203.0
1026 203.0
1027 203.0
1028 340.0
1029 204.0
1030 0.0
1031 217.0
1032 295.0
1033 203.0
1034 251.0
1035 50.0
1036 325.0
1037 31.0
1038 389.0
1039 32.0
1040 203.0
1041 350.0
1042 191.0
1043 38.0
1044 203.0
1045 38.0
1046 204.0
1047 203.0
1048 324.0
1049 203.0
1050 204.0
1051 203.0
1052 203.0
1053 0.0
1054 361.0
1055 356.0
1056 203.0
1057 38.0
1058 158.0
1059 0.0
1060 349.0
1061 0.0
1062 203.0
1063 203.0
1064 43.0
1065 92.0
1066 33.0
1067 203.0
1068 203.0
1069 304.0
1070 203.0
1071 446.0
1072 203.0
1073 203.0
1074 316.0
1075 204.0
1076 104.0
1077 32.0
1078 204.0
1079 324.0
1080 71.0
1081 0.0
1082 172.0
1083 349.0
1084 350.0
1085 221.0
1086 332.0
1087 203.0
1088 31.0
1089 203.0
1090 29.0
1091 32.0
1092 364.0
1093 0.0
1094 169.0
1095 207.0
1096 203.0
1097 92.0
1098 355.0
1099 43.0
1100 33.0
1101 345.0
1102 203.0
1103 203.0
1104 32.0
1105 388.0
1106 32.0
1107 0.0
1108 203.0
1109 32.0
1110 0.0
1111 203.0
1112 372.0
1113 203.0
1114 203.0
1115 203.0
1116 0.0
1117 33.0
1118 358.0
1119 203.0
1120 203.0
1121 358.0
1122 446.0
1123 32.0
1124 203.0
1125 203.0
1126 32.0
1127 104.0
1128 38.0
1129 204.0
1130 293.0
1131 38.0
1132 93.0
1133 246.0
1134 323.0
1135 329.0
1136 203.0
1137 332.0
1138 203.0
1139 203.0
1140 98.0
1141 29.0
1142 209.0
1143 95.0
1144 0.0
1145 169.0
1146 32.0
1147 49.0
1148 98.0
1149 204.0
1150 203.0
1151 203.0
1152 203.0
1153 32.0
1154 203.0
1155 0.0
1156 248.0
1157 354.0
1158 38.0
1159 38.0
1160 32.0
1161 252.0
1162 203.0
1163 275.0
1164 136.0
1165 203.0
1166 83.0
1167 98.0
1168 204.0
1169 43.0
1170 203.0
1171 203.0
1172 425.0
1173 446.0
1174 203.0
1175 203.0
1176 317.0
1177 32.0
1178 203.0
1179 203.0
1180 203.0
1181 235.0
1182 286.0
1183 25.0
1184 38.0
1185 425.0
1186 203.0
1187 221.0
1188 32.0
1189 203.0
1190 434.0
1191 203.0
1192 32.0
1193 33.0
1194 33.0
1195 0.0
1196 38.0
1197 203.0
1198 32.0
1199 203.0
1200 203.0
1201 203.0
1202 33.0
1203 203.0
1204 203.0
1205 203.0
1206 25.0
1207 229.0
1208 203.0
1209 38.0
1210 38.0
1211 203.0
1212 0.0
1213 348.0
1214 32.0
1215 203.0
1216 293.0
1217 43.0
1218 98.0
1219 33.0
1220 203.0
1221 30.0
1222 248.0
1223 203.0
1224 446.0
1225 203.0
1226 203.0
1227 317.0
1228 214.0
1229 203.0
1230 224.0
1231 253.0
1232 323.0
1233 300.0
1234 0.0
1235 203.0
1236 298.0
1237 314.0
1238 221.0
1239 203.0
1240 229.0
1241 203.0
1242 203.0
1243 203.0
1244 203.0
1245 203.0
1246 14.0
1247 32.0
1248 425.0
1249 0.0
1250 346.0
1251 203.0
1252 327.0
1253 297.0
1254 33.0
1255 334.0
1256 32.0
1257 49.0
1258 229.0
1259 32.0
1260 38.0
1261 203.0
1262 203.0
1263 125.0
1264 204.0
1265 0.0
1266 203.0
1267 33.0
1268 251.0
1269 92.0
1270 248.0
1271 358.0
1272 204.0
1273 203.0
1274 203.0
1275 446.0
1276 32.0
1277 203.0
1278 132.0
1279 32.0
1280 203.0
1281 38.0
1282 235.0
1283 365.0
1284 204.0
1285 203.0
1286 203.0
1287 336.0
1288 350.0
1289 203.0
1290 430.0
1291 358.0
1292 350.0
1293 32.0
1294 29.0
1295 291.0
1296 326.0
1297 0.0
1298 203.0
1299 203.0
1300 203.0
1301 304.0
1302 203.0
1303 43.0
1304 292.0
1305 203.0
1306 203.0
1307 87.0
1308 38.0
1309 246.0
1310 32.0
1311 38.0
1312 31.0
1313 32.0
1314 203.0
1315 203.0
1316 0.0
1317 185.0
1318 203.0
1319 419.0
1320 92.0
1321 109.0
1322 324.0
1323 203.0
1324 425.0
1325 425.0
1326 446.0
1327 203.0
1328 203.0
1329 317.0
1330 235.0
1331 351.0
1332 203.0
1333 204.0
1334 365.0
1335 289.0
1336 231.0
1337 4.0
1338 325.0
1339 446.0
1340 251.0
1341 325.0
1342 203.0
1343 446.0
1344 203.0
1345 204.0
1346 320.0
1347 203.0
1348 203.0
1349 343.0
1350 440.0
1351 38.0
1352 339.0
1353 204.0
1354 203.0
1355 300.0
1356 247.0
1357 203.0
1358 203.0
1359 203.0
1360 38.0
1361 335.0
1362 203.0
1363 215.0
1364 32.0
1365 203.0
1366 38.0
1367 355.0
1368 82.0
1369 251.0
1370 203.0
1371 87.0
1372 203.0
1373 344.0
1374 203.0
1375 334.0
1376 425.0
1377 446.0
1378 203.0
1379 203.0
1380 316.0
1381 251.0
1382 203.0
1383 429.0
1384 406.0
1385 365.0
1386 366.0
1387 203.0
1388 203.0
1389 355.0
1390 320.0
1391 252.0
1392 332.0
1393 229.0
1394 203.0
1395 226.0
1396 38.0
1397 209.0
1398 180.0
1399 49.0
1400 291.0
1401 203.0
1402 32.0
1403 32.0
1404 204.0
1405 328.0
1406 203.0
1407 447.0
1408 203.0
1409 203.0
1410 203.0
1411 300.0
1412 319.0
1413 32.0
1414 203.0
1415 203.0
1416 191.0
1417 203.0
1418 225.0
1419 328.0
1420 33.0
1421 335.0
1422 98.0
1423 43.0
1424 203.0
1425 203.0
1426 428.0
1427 425.0
1428 447.0
1429 32.0
1430 203.0
1431 132.0
1432 203.0
1433 203.0
1434 203.0
1435 352.0
1436 203.0
1437 0.0
1438 49.0
1439 32.0
1440 349.0
1441 447.0
1442 98.0
1443 447.0
1444 203.0
1445 207.0
1446 346.0
1447 203.0
1448 203.0
1449 180.0
1450 0.0
1451 291.0
1452 207.0
1453 203.0
1454 361.0
1455 203.0
1456 324.0
1457 361.0
1458 425.0
1459 207.0
1460 0.0
1461 38.0
1462 374.0
1463 32.0
1464 153.0
1465 218.0
1466 32.0
1467 50.0
1468 431.0
1469 251.0
1470 310.0
1471 203.0
1472 94.0
1473 0.0
1474 180.0
1475 383.0
1476 203.0
1477 207.0
1478 212.0
1479 447.0
1480 32.0
1481 32.0
1482 0.0
1483 203.0
1484 231.0
1485 207.0
1486 204.0
1487 50.0
1488 204.0
1489 204.0
1490 203.0
1491 340.0
1492 207.0
1493 203.0
1494 203.0
1495 358.0
1496 203.0
1497 218.0
1498 32.0
1499 203.0
1500 33.0
1501 0.0
1502 349.0
1503 207.0
1504 32.0
1505 397.0
1506 203.0
1507 365.0
1508 300.0
1509 247.0
1510 203.0
1511 324.0
1512 204.0
1513 316.0
1514 209.0
1515 38.0
1516 95.0
1517 252.0
1518 0.0
1519 334.0
1520 55.0
1521 203.0
1522 203.0
1523 203.0
1524 30.0
1525 204.0
1526 306.0
1527 203.0
1528 435.0
1529 434.0
1530 447.0
1531 221.0
1532 368.0
1533 441.0
1534 38.0
1535 343.0
1536 354.0
1537 352.0
1538 432.0
1539 454.0
1540 335.0
1541 174.0
1542 358.0
1543 349.0
1544 251.0
1545 332.0
1546 203.0
1547 332.0
1548 203.0
1549 251.0
1550 329.0
1551 33.0
1552 0.0
1553 337.0
1554 203.0
1555 325.0
1556 32.0
1557 204.0
1558 369.0
1559 203.0
1560 298.0
1561 328.0
1562 218.0
1563 204.0
1564 246.0
1565 203.0
1566 25.0
1567 341.0
1568 32.0
1569 13.0
1570 203.0
1571 0.0
1572 32.0
1573 203.0
1574 203.0
1575 209.0
1576 132.0
1577 204.0
1578 203.0
1579 333.0
1580 234.0
1581 454.0
1582 427.0
1583 218.0
1584 0.0
1585 33.0
1586 32.0
1587 203.0
1588 204.0
1589 419.0
1590 204.0
1591 289.0
1592 204.0
1593 38.0
1594 359.0
1595 204.0
1596 204.0
1597 366.0
1598 359.0
1599 98.0
1600 290.0
1601 204.0
1602 351.0
1603 209.0
1604 310.0
1605 203.0
1606 318.0
1607 203.0
1608 428.0
1609 351.0
1610 144.0
1611 350.0
1612 204.0
1613 204.0
1614 288.0
1615 55.0
1616 204.0
1617 220.0
1618 303.0
1619 203.0
1620 38.0
1621 432.0
1622 203.0
1623 209.0
1624 203.0
1625 203.0
1626 332.0
1627 204.0
1628 218.0
1629 38.0
1630 401.0
1631 366.0
1632 454.0
1633 362.0
1634 289.0
1635 0.0
1636 38.0
1637 203.0
1638 204.0
1639 203.0
1640 451.0
1641 231.0
1642 25.0
1643 209.0
1644 373.0
1645 365.0
1646 251.0
1647 401.0
1648 426.0
1649 218.0
1650 38.0
1651 366.0
1652 204.0
1653 43.0
1654 203.0
1655 313.0
1656 441.0
1657 204.0
1658 366.0
1659 421.0
1660 32.0
1661 218.0
1662 403.0
1663 204.0
1664 204.0
1665 204.0
1666 289.0
1667 289.0
1668 348.0
1669 235.0
1670 218.0
1671 203.0
1672 204.0
1673 203.0
1674 204.0
1675 203.0
1676 358.0
1677 203.0
1678 218.0
1679 374.0
1680 25.0
1681 289.0
1682 209.0
1683 454.0
1684 428.0
1685 203.0
1686 289.0
1687 380.0
1688 203.0
1689 447.0
1690 318.0
1691 432.0
1692 348.0
1693 203.0
1694 209.0
1695 204.0
1696 289.0
1697 251.0
1698 337.0
1699 366.0
1700 204.0
1701 203.0
1702 204.0
1703 231.0
1704 204.0
1705 296.0
1706 38.0
1707 209.0
1708 251.0
1709 334.0
1710 343.0
1711 357.0
1712 290.0
1713 0.0
1714 204.0
1715 407.0
1716 420.0
1717 203.0
1718 204.0
1719 315.0
1720 420.0
1721 218.0
1722 278.0
1723 432.0
1724 32.0
1725 336.0
1726 203.0
1727 38.0
1728 92.0
1729 33.0
1730 204.0
1731 203.0
1732 294.0
1733 204.0
1734 454.0
1735 203.0
1736 203.0
1737 218.0
1738 218.0
1739 223.0
1740 447.0
1741 330.0
1742 432.0
1743 432.0
1744 419.0
1745 428.0
1746 369.0
1747 269.0
1748 251.0
1749 204.0
1750 431.0
1751 308.0
1752 334.0
1753 204.0
1754 284.0
1755 204.0
1756 489.0
1757 218.0
1758 209.0
1759 351.0
1760 352.0
1761 401.0
1762 414.0
1763 290.0
1764 204.0
1765 204.0
1766 407.0
1767 352.0
1768 209.0
1769 432.0
1770 355.0
1771 204.0
1772 203.0
1773 0.0
1774 289.0
1775 33.0
1776 224.0
1777 169.0
1778 341.0
1779 332.0
1780 389.0
1781 254.0
1782 203.0
1783 204.0
1784 204.0
1785 489.0
1786 329.0
1787 447.0
1788 442.0
1789 214.0
1790 209.0
1791 409.0
1792 499.0
1793 428.0
1794 409.0
1795 423.0
1796 333.0
1797 357.0
1798 343.0
1799 204.0
1800 432.0
1801 431.0
1802 348.0
1803 38.0
1804 209.0
1805 289.0
1806 33.0
1807 203.0
1808 203.0
1809 203.0
1810 220.0
1811 219.0
1812 450.0
1813 32.0
1814 336.0
1815 38.0
1816 209.0
1817 204.0
1818 220.0
1819 109.0
1820 204.0
1821 204.0
1822 203.0
1823 203.0
1824 209.0
1825 463.0
1826 32.0
1827 204.0
1828 203.0
1829 336.0
1830 203.0
1831 414.0
1832 414.0
1833 274.0
1834 297.0
1835 204.0
1836 499.0
1837 204.0
1838 406.0
1839 204.0
1840 0.0
1841 63.0
1842 228.0
1843 398.0
1844 204.0
1845 125.0
1846 330.0
1847 204.0
1848 251.0
1849 231.0
1850 252.0
1851 460.0
1852 204.0
1853 25.0
1854 30.0
1855 426.0
1856 204.0
1857 338.0
1858 321.0
1859 0.0
1860 460.0
1861 330.0
1862 313.0
1863 204.0
1864 334.0
1865 430.0
1866 4.0
1867 318.0
1868 297.0
1869 385.0
1870 203.0
1871 204.0
1872 330.0
1873 204.0
1874 430.0
1875 204.0
1876 330.0
1877 318.0
1878 330.0
1879 360.0
1880 203.0
1881 499.0
1882 229.0
1883 499.0
1884 204.0
1885 228.0
1886 218.0
1887 499.0
1888 203.0
1889 228.0
1890 229.0
1891 0.0
1892 220.0
1893 218.0
1894 499.0
1895 430.0
1896 2.0
1897 203.0
1898 321.0
1899 330.0
1900 204.0
1901 30.0
1902 242.0
1903 204.0
1904 325.0
1905 203.0
1906 331.0
1907 32.0
1908 203.0
1909 214.0
1910 204.0
1911 330.0
1912 203.0
1913 499.0
1914 460.0
1915 204.0
1916 500.0
1917 204.0
1918 337.0
1919 0.0
1920 132.0
1921 203.0
1922 203.0
1923 420.0
1924 420.0
1925 234.0
1926 0.0
1927 426.0
1928 320.0
1929 203.0
1930 334.0
1931 0.0
1932 321.0
1933 203.0
1934 272.0
1935 346.0
1936 331.0
1937 204.0
1938 500.0
1939 334.0
1940 204.0
1941 321.0
1942 203.0
1943 204.0
1944 204.0
1945 499.0
1946 351.0
1947 250.0
1948 204.0
1949 438.0
1950 204.0
1951 204.0
1952 204.0
1953 460.0
1954 204.0
1955 204.0
1956 204.0
1957 204.0
1958 329.0
1959 33.0
1960 429.0
1961 330.0
1962 500.0
1963 336.0
1964 247.0
1965 294.0
1966 214.0
1967 499.0
1968 204.0
1969 204.0
1970 212.0
1971 331.0
1972 203.0
1973 321.0
1974 204.0
1975 204.0
1976 204.0
1977 345.0
1978 218.0
1979 407.0
1980 430.0
1981 204.0
1982 399.0
1983 500.0
1984 231.0
1985 331.0
1986 142.0
1987 2.0
1988 251.0
1989 500.0
1990 204.0
1991 293.0
1992 204.0
1993 113.0
1994 204.0
1995 404.0
1996 500.0
1997 438.0
1998 460.0
1999 204.0
2000 438.0
2001 245.0
2002 204.0
2003 385.0
2004 344.0
2005 330.0
2006 204.0
2007 203.0
2008 213.0
2009 204.0
2010 204.0
2011 321.0
2012 335.0
2013 438.0
2014 500.0
2015 247.0
2016 247.0
2017 32.0
2018 499.0
2019 351.0
2020 204.0
2021 334.0
2022 438.0
2023 335.0
2024 460.0
2025 247.0
2026 204.0
2027 330.0
2028 204.0
2029 335.0
2030 204.0
2031 430.0
2032 203.0
2033 302.0
2034 204.0
2035 204.0
2036 460.0
2037 432.0
2038 330.0
2039 204.0
2040 500.0
2041 460.0
2042 349.0
2043 460.0
2044 0.0
2045 85.0
2046 426.0
2047 351.0
2048 204.0
2049 203.0
2050 204.0
2051 330.0
2052 204.0
2053 438.0
2054 499.0
2055 330.0
2056 352.0
2057 204.0
2058 400.0
2059 228.0
2060 236.0
2061 338.0
2062 258.0
2063 460.0
2064 438.0
2065 499.0
2066 313.0
2067 438.0
2068 228.0
2069 430.0
2070 335.0
2071 204.0
2072 203.0
2073 432.0
2074 404.0
2075 438.0
2076 334.0
2077 203.0
2078 2.0
2079 204.0
2080 330.0
2081 45.0
2082 330.0
2083 203.0
2084 312.0
2085 204.0
2086 204.0
2087 438.0
2088 317.0
2089 231.0
2090 204.0
2091 500.0
2092 247.0
2093 229.0
2094 203.0
2095 247.0
2096 204.0
2097 426.0
2098 500.0
2099 365.0
2100 204.0
2101 25.0
2102 438.0
2103 201.0
2104 220.0
2105 203.0
2106 409.0
2107 203.0
2108 204.0
2109 313.0
2110 283.0
2111 364.0
2112 330.0
2113 258.0
2114 438.0
2115 330.0
2116 499.0
2117 313.0
2118 460.0
2119 247.0
2120 499.0
2121 350.0
2122 204.0
2123 203.0
2124 247.0
2125 428.0
2126 499.0
2127 204.0
2128 317.0
2129 204.0
2130 204.0
2131 203.0
2132 438.0
2133 430.0
2134 203.0
2135 347.0
2136 499.0
2137 204.0
2138 499.0
2139 204.0
2140 330.0
2141 250.0
2142 500.0
2143 247.0
2144 0.0
2145 204.0
2146 0.0
2147 204.0
2148 335.0
2149 499.0
2150 460.0
2151 203.0
2152 212.0
2153 499.0
2154 251.0
2155 414.0
2156 231.0
2157 204.0
2158 438.0
2159 204.0
2160 430.0
2161 204.0
2162 32.0
2163 218.0
2164 321.0
2165 438.0
2166 352.0
2167 438.0
2168 223.0
2169 438.0
2170 169.0
2171 204.0
2172 204.0
2173 204.0
2174 364.0
2175 460.0
2176 331.0
2177 247.0
2178 125.0
2179 204.0
2180 203.0
2181 204.0
2182 204.0
2183 204.0
2184 438.0
2185 32.0
2186 209.0
2187 499.0
2188 204.0
2189 432.0
2190 204.0
2191 204.0
2192 414.0
2193 500.0
2194 204.0
2195 245.0
2196 2.0
2197 353.0
2198 204.0
2199 229.0
2200 500.0
2201 500.0
2202 331.0
2203 460.0
2204 125.0
2205 204.0
2206 204.0
2207 252.0
2208 404.0
2209 338.0
2210 204.0
2211 204.0
2212 203.0
2213 460.0
2214 338.0
2215 300.0
2216 203.0
2217 438.0
2218 430.0
2219 315.0
2220 438.0
2221 335.0
2222 203.0
2223 330.0
2224 204.0
2225 367.0
2226 460.0
2227 330.0
2228 330.0
2229 311.0
2230 204.0
2231 325.0
2232 137.0
2233 335.0
2234 325.0
2235 499.0
2236 0.0
2237 104.0
2238 500.0
2239 499.0
2240 499.0
2241 204.0
2242 438.0
2243 460.0
2244 500.0
2245 409.0
2246 250.0
2247 203.0
2248 336.0
2249 203.0
2250 203.0
2251 500.0
2252 330.0
2253 204.0
2254 203.0
2255 438.0
2256 204.0
2257 460.0
2258 204.0
2259 460.0
2260 338.0
2261 204.0
2262 434.0
2263 203.0
2264 204.0
2265 330.0
2266 204.0
2267 351.0
2268 438.0
2269 499.0
2270 313.0
2271 204.0
2272 438.0
2273 499.0
2274 330.0
2275 204.0
2276 203.0
2277 499.0
2278 308.0
2279 438.0
2280 436.0
2281 204.0
2282 0.0
2283 204.0
2284 438.0
2285 45.0
2286 330.0
2287 49.0
2288 330.0
2289 500.0
2290 321.0
2291 347.0
2292 204.0
2293 335.0
2294 460.0
2295 500.0
2296 247.0
2297 0.0
2298 330.0
2299 2.0
2300 204.0
2301 289.0
2302 499.0
2303 460.0
2304 204.0
2305 2.0
2306 499.0
2307 169.0
2308 460.0
2309 386.0
2310 460.0
2311 220.0
2312 204.0
2313 430.0
2314 460.0
2315 49.0
2316 204.0
2317 203.0
2318 460.0
2319 499.0
2320 499.0
2321 313.0
2322 438.0
2323 438.0
2324 499.0
2325 330.0
2326 204.0
2327 203.0
2328 330.0
2329 0.0
2330 438.0
2331 351.0
2332 432.0
2333 331.0
2334 204.0
2335 203.0
2336 218.0
2337 430.0
2338 203.0
2339 435.0
2340 321.0
2341 33.0
2342 499.0
2343 432.0
2344 229.0
2345 432.0
2346 500.0
2347 204.0
2348 203.0
2349 460.0
2350 306.0
2351 204.0
2352 262.0
2353 499.0
2354 209.0
2355 203.0
2356 204.0
2357 352.0
2358 254.0
2359 330.0
2360 204.0
2361 438.0
2362 330.0
2363 208.0
2364 204.0
2365 204.0
2366 204.0
2367 204.0
2368 203.0
2369 499.0
2370 500.0
2371 430.0
2372 499.0
2373 438.0
2374 499.0
2375 330.0
2376 499.0
2377 204.0
2378 0.0
2379 460.0
2380 332.0
2381 330.0
2382 203.0
2383 330.0
2384 235.0
2385 204.0
2386 204.0
2387 247.0
2388 330.0
2389 38.0
2390 203.0
2391 321.0
2392 460.0
2393 321.0
2394 204.0
2395 460.0
2396 419.0
2397 500.0
2398 204.0
2399 250.0
2400 203.0
2401 337.0
2402 10.0
2403 2.0
2404 247.0
2405 330.0
2406 247.0
2407 204.0
2408 438.0
2409 499.0
2410 432.0
2411 434.0
2412 419.0
2413 346.0
2414 204.0
2415 430.0
2416 0.0
2417 0.0
2418 352.0
2419 499.0
2420 499.0
2421 438.0
2422 330.0
2423 362.0
2424 438.0
2425 330.0
2426 499.0
2427 499.0
2428 460.0
2429 318.0
2430 247.0
2431 330.0
2432 330.0
2433 330.0
2434 330.0
2435 203.0
2436 438.0
2437 350.0
2438 45.0
2439 430.0
2440 204.0
2441 330.0
2442 204.0
2443 321.0
2444 321.0
2445 500.0
2446 460.0
2447 460.0
2448 500.0
2449 203.0
2450 246.0
2451 0.0
2452 318.0
2453 0.0
2454 45.0
2455 247.0
2456 337.0
2457 438.0
2458 203.0
2459 438.0
2460 438.0
2461 460.0
2462 330.0
2463 336.0
2464 204.0
2465 204.0
2466 434.0
2467 251.0
2468 32.0
2469 430.0
2470 428.0
2471 499.0
2472 499.0
2473 499.0
2474 313.0
2475 438.0
2476 438.0
2477 330.0
2478 330.0
2479 218.0
2480 358.0
2481 330.0
2482 201.0
2483 438.0
2484 351.0
2485 499.0
2486 2.0
2487 0.0
2488 438.0
2489 204.0
2490 499.0
2491 49.0
2492 499.0
2493 204.0
2494 203.0
2495 347.0
2496 317.0
2497 438.0
2498 460.0
2499 500.0
2500 204.0
2501 245.0
2502 204.0
2503 203.0
2504 289.0
2505 204.0
2506 203.0
2507 460.0
2508 204.0
2509 247.0
2510 328.0
2511 438.0
2512 460.0
2513 328.0
2514 204.0
2515 499.0
2516 438.0
2517 204.0
2518 291.0
2519 204.0
2520 330.0
2521 251.0
2522 438.0
2523 351.0
2524 336.0
2525 204.0
2526 438.0
2527 500.0
2528 330.0
2529 500.0
2530 204.0
2531 305.0
2532 438.0
2533 499.0
2534 500.0
2535 299.0
2536 333.0
2537 28.0
2538 0.0
2539 178.0
2540 218.0
2541 330.0
2542 32.0
2543 201.0
2544 499.0
2545 321.0
2546 347.0
2547 204.0
2548 460.0
2549 409.0
2550 500.0
2551 204.0
2552 228.0
2553 230.0
2554 335.0
2555 27.0
2556 204.0
2557 204.0
2558 330.0
2559 247.0
2560 204.0
2561 330.0
2562 229.0
2563 0.0
2564 398.0
2565 204.0
2566 330.0
2567 204.0
2568 430.0
2569 420.0
2570 204.0
2571 352.0
2572 438.0
2573 499.0
2574 438.0
2575 330.0
2576 109.0
2577 438.0
2578 499.0
2579 330.0
2580 499.0
2581 330.0
2582 318.0
2583 499.0
2584 404.0
2585 499.0
2586 272.0
2587 499.0
2588 333.0
2589 204.0
2590 203.0
2591 204.0
2592 430.0
2593 32.0
2594 499.0
2595 321.0
2596 499.0
2597 203.0
2598 432.0
2599 331.0
2600 414.0
2601 500.0
2602 294.0
2603 0.0
2604 203.0
2605 214.0
2606 203.0
2607 296.0
2608 500.0
2609 330.0
2610 330.0
2611 204.0
2612 438.0
2613 432.0
2614 203.0
2615 204.0
2616 204.0
2617 499.0
2618 204.0
2619 437.0
2620 6.0
2621 408.0
2622 438.0
2623 204.0
2624 499.0
2625 499.0
2626 434.0
2627 330.0
2628 438.0
2629 438.0
2630 330.0
2631 330.0
2632 204.0
2633 204.0
2634 499.0
2635 330.0
2636 499.0
2637 330.0
2638 330.0
2639 0.0
2640 204.0
2641 204.0
2642 203.0
2643 330.0
2644 32.0
2645 330.0
2646 204.0
2647 204.0
2648 263.0
2649 317.0
2650 331.0
2651 460.0
2652 500.0
2653 203.0
2654 247.0
2655 204.0
2656 331.0
2657 260.0
2658 218.0
2659 321.0
2660 204.0
2661 204.0
2662 460.0
2663 352.0
2664 460.0
2665 204.0
2666 39.0
2667 322.0
2668 438.0
2669 331.0
2670 437.0
2671 331.0
2672 438.0
2673 204.0
2674 460.0
2675 438.0
2676 438.0
2677 430.0
2678 313.0
2679 460.0
2680 438.0
2681 330.0
2682 231.0
2683 204.0
2684 357.0
2685 438.0
2686 438.0
2687 351.0
2688 203.0
2689 328.0
2690 0.0
2691 125.0
2692 330.0
2693 30.0
2694 499.0
2695 50.0
2696 330.0
2697 321.0
2698 321.0
2699 347.0
2700 500.0
2701 460.0
2702 432.0
2703 500.0
2704 329.0
2705 203.0
2706 203.0
2707 335.0
2708 204.0
2709 204.0
2710 500.0
2711 203.0
2712 460.0
2713 297.0
2714 438.0
2715 499.0
2716 204.0
2717 0.0
2718 322.0
2719 499.0
2720 204.0
2721 247.0
2722 204.0
2723 204.0
2724 438.0
2725 297.0
2726 499.0
2727 460.0
2728 499.0
2729 204.0
2730 460.0
2731 500.0
2732 330.0
2733 499.0
2734 204.0
2735 339.0
2736 351.0
2737 438.0
2738 499.0
2739 460.0
2740 499.0
2741 403.0
2742 32.0
2743 330.0
2744 251.0
2745 438.0
2746 38.0
2747 203.0
2748 499.0
2749 203.0
2750 321.0
2751 204.0
2752 438.0
2753 203.0
2754 500.0
2755 329.0
2756 0.0
2757 297.0
2758 297.0
2759 330.0
2760 204.0
2761 409.0
2762 330.0
2763 297.0
2764 204.0
2765 330.0
2766 404.0
2767 203.0
2768 216.0
2769 204.0
2770 330.0
2771 204.0
2772 434.0
2773 0.0
2774 204.0
2775 346.0
2776 319.0
2777 499.0
2778 330.0
2779 330.0
2780 315.0
2781 438.0
2782 499.0
2783 330.0
2784 499.0
2785 2.0
2786 204.0
2787 330.0
2788 330.0
2789 499.0
2790 330.0
2791 330.0
2792 0.0
2793 251.0
2794 203.0
2795 332.0
2796 499.0
2797 38.0
2798 438.0
2799 204.0
2800 258.0
2801 499.0
2802 351.0
2803 404.0
2804 401.0
2805 500.0
2806 203.0
2807 0.0
2808 204.0
2809 331.0
2810 220.0
2811 218.0
2812 499.0
2813 330.0
2814 330.0
2815 204.0
2816 338.0
2817 438.0
2818 120.0
2819 385.0
2820 204.0
2821 500.0
2822 438.0
2823 437.0
2824 291.0
2825 38.0
2826 346.0
2827 330.0
2828 351.0
2829 499.0
2830 430.0
2831 330.0
2832 460.0
2833 438.0
2834 330.0
2835 330.0
2836 0.0
2837 346.0
2838 500.0
2839 499.0
2840 351.0
2841 291.0
2842 438.0
2843 0.0
2844 251.0
2845 330.0
2846 30.0
2847 499.0
2848 301.0
2849 330.0
2850 437.0
2851 321.0
2852 351.0
2853 438.0
2854 251.0
2855 401.0
2856 500.0
2857 295.0
2858 203.0
2859 425.0
2860 460.0
2861 350.0
2862 204.0
2863 398.0
2864 169.0
2865 405.0
2866 203.0
2867 438.0
2868 438.0
2869 460.0
2870 30.0
2871 330.0
2872 438.0
2873 231.0
2874 500.0
2875 204.0
2876 250.0
2877 500.0
2878 247.0
2879 499.0
2880 460.0
2881 296.0
2882 218.0
2883 460.0
2884 438.0
2885 330.0
2886 499.0
2887 204.0
2888 305.0
2889 438.0
2890 438.0
2891 499.0
2892 438.0
2893 499.0
2894 204.0
2895 137.0
2896 350.0
2897 218.0
2898 499.0
2899 49.0
2900 330.0
2901 321.0
2902 321.0
2903 321.0
2904 204.0
2905 460.0
2906 259.0
2907 500.0
2908 439.0
2909 203.0
2910 330.0
2911 335.0
2912 404.0
2913 438.0
2914 500.0
2915 500.0
2916 460.0
2917 460.0
2918 352.0
2919 204.0
2920 204.0
2921 204.0
2922 220.0
2923 499.0
2924 218.0
2925 204.0
2926 204.0
2927 460.0
2928 424.0
2929 247.0
2930 499.0
2931 330.0
2932 426.0
2933 330.0
2934 460.0
2935 330.0
2936 330.0
2937 499.0
2938 204.0
2939 204.0
2940 499.0
2941 438.0
2942 499.0
2943 330.0
2944 432.0
2945 38.0
2946 204.0
2947 203.0
2948 438.0
2949 430.0
2950 38.0
2951 204.0
2952 398.0
2953 460.0
2954 247.0
2955 430.0
2956 338.0
2957 460.0
2958 500.0
2959 499.0
2960 204.0
2961 438.0
2962 331.0
2963 330.0
2964 204.0
2965 499.0
2966 432.0
2967 297.0
2968 204.0
2969 328.0
2970 438.0
2971 204.0
2972 204.0
2973 460.0
2974 330.0
2975 206.0
2976 499.0
2977 333.0
2978 460.0
2979 438.0
2980 401.0
2981 500.0
2982 500.0
2983 330.0
2984 98.0
2985 438.0
2986 499.0
2987 330.0
2988 204.0
2989 218.0
2990 204.0
2991 499.0
2992 330.0
2993 438.0
2994 218.0
2995 438.0
2996 330.0
2997 251.0
2998 252.0
2999 50.0
3000 204.0
3001 499.0
3002 204.0
3003 398.0
3004 38.0
3005 499.0
3006 430.0
3007 203.0
3008 401.0
3009 500.0
3010 203.0
3011 158.0
3012 460.0
3013 350.0
3014 203.0
3015 204.0
3016 499.0
3017 460.0
3018 460.0
3019 203.0
3020 438.0
3021 460.0
3022 204.0
3023 226.0
3024 295.0
3025 438.0
3026 203.0
3027 430.0
3028 204.0
3029 203.0
3030 352.0
3031 203.0
3032 351.0
3033 204.0
3034 430.0
3035 313.0
3036 460.0
3037 351.0
3038 330.0
3039 499.0
3040 224.0
3041 308.0
3042 438.0
3043 330.0
3044 499.0
3045 204.0
3046 438.0
3047 0.0
3048 137.0
3049 330.0
3050 204.0
3051 330.0
3052 0.0
3053 330.0
3054 321.0
3055 460.0
3056 460.0
3057 204.0
3058 460.0
3059 401.0
3060 500.0
3061 209.0
3062 203.0
3063 334.0
3064 335.0
3065 296.0
3066 218.0
3067 500.0
3068 365.0
3069 204.0
3070 247.0
3071 500.0
3072 414.0
3073 204.0
3074 204.0
3075 203.0
3076 438.0
3077 203.0
3078 499.0
3079 460.0
3080 203.0
3081 346.0
3082 203.0
3083 499.0
3084 499.0
3085 319.0
3086 219.0
3087 438.0
3088 351.0
3089 330.0
3090 499.0
3091 204.0
3092 357.0
3093 438.0
3094 204.0
3095 499.0
3096 330.0
3097 499.0
3098 38.0
3099 209.0
3100 460.0
3101 407.0
3102 330.0
3103 32.0
3104 330.0
3105 321.0
3106 321.0
3107 432.0
3108 438.0
3109 460.0
3110 362.0
3111 500.0
3112 247.0
3113 203.0
3114 499.0
3115 331.0
3116 330.0
3117 204.0
3118 398.0
3119 432.0
3120 499.0
3121 325.0
3122 330.0
3123 460.0
3124 204.0
3125 252.0
3126 203.0
3127 330.0
3128 291.0
3129 247.0
3130 237.0
3131 460.0
3132 438.0
3133 203.0
3134 438.0
3135 330.0
3136 499.0
3137 203.0
3138 460.0
3139 499.0
3140 330.0
3141 204.0
3142 230.0
3143 413.0
3144 499.0
3145 204.0
3146 500.0
3147 438.0
3148 499.0
3149 271.0
3150 251.0
3151 203.0
3152 203.0
3153 204.0
3154 38.0
3155 248.0
3156 499.0
3157 321.0
3158 247.0
3159 500.0
3160 330.0
3161 409.0
3162 500.0
3163 273.0
3164 0.0
3165 500.0
3166 213.0
3167 330.0
3168 0.0
3169 499.0
3170 432.0
3171 247.0
3172 204.0
3173 499.0
3174 460.0
3175 204.0
3176 0.0
3177 247.0
3178 438.0
3179 289.0
3180 204.0
3181 460.0
3182 460.0
3183 330.0
3184 330.0
3185 500.0
3186 500.0
3187 330.0
3188 203.0
3189 438.0
3190 351.0
3191 330.0
3192 499.0
3193 330.0
3194 308.0
3195 499.0
3196 330.0
3197 351.0
3198 460.0
3199 500.0
3200 0.0
3201 0.0
3202 500.0
3203 355.0
3204 438.0
3205 50.0
3206 204.0
3207 317.0
3208 460.0
3209 499.0
3210 500.0
3211 331.0
3212 460.0
3213 500.0
3214 204.0
3215 203.0
3216 351.0
3217 335.0
3218 409.0
3219 369.0
3220 500.0
3221 460.0
3222 330.0
3223 203.0
3224 351.0
3225 460.0
3226 460.0
3227 204.0
3228 295.0
3229 438.0
3230 158.0
3231 430.0
3232 204.0
3233 499.0
3234 346.0
3235 203.0
3236 499.0
3237 460.0
3238 438.0
3239 330.0
3240 204.0
3241 500.0
3242 330.0
3243 499.0
3244 204.0
3245 204.0
3246 500.0
3247 460.0
3248 500.0
3249 438.0
3250 438.0
3251 0.0
3252 137.0
3253 330.0
3254 204.0
3255 499.0
3256 32.0
3257 330.0
3258 321.0
3259 204.0
3260 460.0
3261 432.0
3262 251.0
3263 401.0
3264 500.0
3265 329.0
3266 203.0
3267 432.0
3268 335.0
3269 85.0
3270 331.0
3271 500.0
3272 438.0
3273 460.0
3274 289.0
3275 499.0
3276 460.0
3277 247.0
3278 204.0
3279 438.0
3280 499.0
3281 330.0
3282 204.0
3283 426.0
3284 294.0
3285 499.0
3286 499.0
3287 499.0
3288 500.0
3289 426.0
3290 315.0
3291 438.0
3292 499.0
3293 499.0
3294 438.0
3295 204.0
3296 308.0
3297 351.0
3298 499.0
3299 499.0
3300 499.0
3301 500.0
3302 231.0
3303 251.0
3304 204.0
3305 325.0
3306 499.0
3307 38.0
3308 330.0
3309 499.0
3310 321.0
3311 321.0
3312 204.0
3313 460.0
3314 438.0
3315 500.0
3316 203.0
3317 0.0
3318 500.0
3319 203.0
3320 295.0
3321 330.0
3322 499.0
3323 432.0
3324 351.0
3325 0.0
3326 499.0
3327 204.0
3328 49.0
3329 330.0
3330 204.0
3331 499.0
3332 460.0
3333 247.0
3334 389.0
3335 438.0
3336 438.0
3337 300.0
3338 500.0
3339 499.0
3340 499.0
3341 430.0
3342 499.0
3343 351.0
3344 330.0
3345 224.0
3346 252.0
3347 318.0
3348 500.0
3349 330.0
3350 500.0
3351 499.0
3352 499.0
3353 471.0
3354 0.0
3355 203.0
3356 440.0
3357 438.0
3358 38.0
3359 204.0
3360 204.0
3361 54.0
3362 500.0
3363 500.0
3364 289.0
3365 346.0
3366 500.0
3367 204.0
3368 115.0
3369 351.0
3370 402.0
3371 330.0
3372 203.0
3373 500.0
3374 438.0
3375 330.0
3376 203.0
3377 500.0
3378 224.0
3379 460.0
3380 203.0
3381 460.0
3382 438.0
3383 460.0
3384 437.0
3385 460.0
3386 438.0
3387 499.0
3388 203.0
3389 500.0
3390 438.0
3391 499.0
3392 313.0
3393 247.0
3394 500.0
3395 203.0
3396 499.0
3397 10.0
3398 425.0
3399 499.0
3400 438.0
3401 351.0
3402 406.0
3403 500.0
3404 204.0
3405 137.0
3406 330.0
3407 460.0
3408 330.0
3409 38.0
3410 438.0
3411 499.0
3412 321.0
3413 460.0
3414 204.0
3415 499.0
3416 438.0
3417 500.0
3418 203.0
3419 203.0
3420 432.0
3421 335.0
3422 460.0
3423 500.0
3424 398.0
3425 432.0
3426 438.0
3427 289.0
3428 351.0
3429 460.0
3430 460.0
3431 499.0
3432 204.0
3433 351.0
3434 247.0
3435 500.0
3436 331.0
3437 247.0
3438 330.0
3439 203.0
3440 499.0
3441 351.0
3442 438.0
3443 499.0
3444 438.0
3445 499.0
3446 330.0
3447 499.0
3448 204.0
3449 204.0
3450 500.0
3451 204.0
3452 499.0
3453 430.0
3454 438.0
3455 0.0
3456 49.0
3457 203.0
3458 499.0
3459 438.0
3460 180.0
3461 330.0
3462 499.0
3463 321.0
3464 500.0
3465 204.0
3466 460.0
3467 460.0
3468 500.0
3469 203.0
3470 297.0
3471 432.0
3472 335.0
3473 201.0
3474 330.0
3475 499.0
3476 432.0
3477 438.0
3478 2.0
3479 499.0
3480 460.0
3481 204.0
3482 204.0
3483 402.0
3484 432.0
3485 204.0
3486 247.0
3487 204.0
3488 438.0
3489 330.0
3490 297.0
3491 499.0
3492 499.0
3493 438.0
3494 500.0
3495 499.0
3496 500.0
3497 330.0
3498 330.0
3499 351.0
3500 204.0
3501 500.0
3502 499.0
3503 438.0
3504 500.0
3505 499.0
3506 366.0
3507 204.0
3508 203.0
3509 247.0
3510 204.0
3511 203.0
3512 330.0
3513 204.0
3514 0.0
3515 321.0
3516 314.0
3517 438.0
3518 438.0
3519 500.0
3520 204.0
3521 201.0
3522 432.0
3523 331.0
3524 231.0
3525 318.0
3526 500.0
3527 204.0
3528 330.0
3529 158.0
3530 499.0
3531 460.0
3532 204.0
3533 328.0
3534 460.0
3535 351.0
3536 460.0
3537 499.0
3538 204.0
3539 438.0
3540 333.0
3541 460.0
3542 438.0
3543 499.0
3544 499.0
3545 419.0
3546 499.0
3547 351.0
3548 330.0
3549 499.0
3550 0.0
3551 351.0
3552 499.0
3553 330.0
3554 500.0
3555 500.0
3556 499.0
3557 231.0
3558 204.0
3559 330.0
3560 499.0
3561 330.0
3562 38.0
3563 438.0
3564 500.0
3565 33.0
3566 460.0
3567 204.0
3568 203.0
3569 438.0
3570 500.0
3571 204.0
3572 229.0
3573 460.0
3574 330.0
3575 330.0
3576 204.0
3577 500.0
3578 180.0
3579 330.0
3580 297.0
3581 500.0
3582 254.0
3583 460.0
3584 386.0
3585 432.0
3586 500.0
3587 330.0
3588 499.0
3589 204.0
3590 247.0
3591 333.0
3592 249.0
3593 500.0
3594 500.0
3595 432.0
3596 499.0
3597 499.0
3598 500.0
3599 330.0
3600 499.0
3601 204.0
3602 295.0
3603 499.0
3604 500.0
3605 499.0
3606 430.0
3607 351.0
3608 438.0
3609 137.0
3610 350.0
3611 438.0
3612 356.0
3613 32.0
3614 438.0
3615 437.0
3616 321.0
3617 460.0
3618 204.0
3619 0.0
3620 460.0
3621 500.0
3622 334.0
3623 331.0
3624 247.0
3625 335.0
3626 499.0
3627 362.0
3628 500.0
3629 432.0
3630 500.0
3631 231.0
3632 438.0
3633 460.0
3634 204.0
3635 0.0
3636 438.0
3637 499.0
3638 438.0
3639 247.0
3640 437.0
3641 438.0
3642 500.0
3643 330.0
3644 499.0
3645 499.0
3646 218.0
3647 499.0
3648 500.0
3649 499.0
3650 330.0
3651 438.0
3652 0.0
3653 114.0
3654 500.0
3655 438.0
3656 438.0
3657 499.0
3658 351.0
3659 204.0
3660 125.0
3661 350.0
3662 247.0
3663 330.0
3664 32.0
3665 499.0
3666 500.0
3667 321.0
3668 321.0
3669 120.0
3670 404.0
3671 230.0
3672 500.0
3673 203.0
3674 379.0
3675 500.0
3676 331.0
3677 220.0
3678 362.0
3679 499.0
3680 330.0
3681 438.0
3682 231.0
3683 500.0
3684 351.0
3685 204.0
3686 0.0
3687 460.0
3688 500.0
3689 204.0
3690 434.0
3691 209.0
3692 247.0
3693 346.0
3694 247.0
3695 438.0
3696 500.0
3697 329.0
3698 349.0
3699 500.0
3700 351.0
3701 330.0
3702 500.0
3703 251.0
3704 204.0
3705 500.0
3706 500.0
3707 438.0
3708 500.0
3709 499.0
3710 220.0
3711 226.0
3712 330.0
3713 499.0
3714 304.0
3715 38.0
3716 499.0
3717 500.0
3718 203.0
3719 321.0
3720 38.0
3721 460.0
3722 401.0
3723 500.0
3724 204.0
3725 249.0
3726 460.0
3727 331.0
3728 330.0
3729 330.0
3730 500.0
3731 204.0
3732 330.0
3733 414.0
3734 499.0
3735 414.0
3736 204.0
3737 386.0
3738 351.0
3739 438.0
3740 204.0
3741 430.0
3742 356.0
3743 438.0
3744 500.0
3745 499.0
3746 500.0
3747 500.0
3748 426.0
3749 352.0
3750 500.0
3751 500.0
3752 330.0
3753 499.0
3754 204.0
3755 500.0
3756 499.0
3757 499.0
3758 499.0
3759 500.0
3760 499.0
3761 231.0
3762 204.0
3763 203.0
3764 460.0
3765 330.0
3766 32.0
3767 438.0
3768 500.0
3769 204.0
3770 460.0
3771 204.0
3772 460.0
3773 460.0
3774 500.0
3775 334.0
3776 331.0
3777 247.0
3778 335.0
3779 330.0
3780 330.0
3781 398.0
3782 204.0
3783 330.0
3784 25.0
3785 500.0
3786 460.0
3787 203.0
3788 358.0
3789 330.0
3790 499.0
3791 350.0
3792 500.0
3793 204.0
3794 438.0
3795 438.0
3796 438.0
3797 460.0
3798 500.0
3799 500.0
3800 499.0
3801 499.0
3802 499.0
3803 330.0
3804 204.0
3805 460.0
3806 436.0
3807 499.0
3808 499.0
3809 500.0
3810 499.0
3811 351.0
3812 0.0
3813 204.0
3814 203.0
3815 330.0
3816 438.0
3817 38.0
3818 499.0
3819 499.0
3820 204.0
3821 460.0
3822 500.0
3823 203.0
3824 231.0
3825 500.0
3826 351.0
3827 203.0
3828 203.0
3829 331.0
3830 460.0
3831 203.0
3832 500.0
3833 330.0
3834 351.0
3835 158.0
3836 438.0
3837 460.0
3838 251.0
3839 251.0
3840 460.0
3841 432.0
3842 208.0
3843 247.0
3844 203.0
3845 432.0
3846 438.0
3847 351.0
3848 500.0
3849 500.0
3850 117.0
3851 419.0
3852 499.0
3853 351.0
3854 330.0
3855 438.0
3856 229.0
3857 247.0
3858 351.0
3859 438.0
3860 438.0
3861 426.0
3862 351.0
3863 0.0
3864 203.0
3865 330.0
3866 247.0
3867 330.0
3868 203.0
3869 432.0
3870 500.0
3871 203.0
3872 325.0
3873 120.0
3874 438.0
3875 414.0
3876 500.0
3877 329.0
3878 25.0
3879 500.0
3880 331.0
3881 204.0
3882 460.0
3883 499.0
3884 330.0
3885 438.0
3886 236.0
3887 499.0
3888 460.0
3889 204.0
3890 386.0
3891 460.0
3892 499.0
3893 350.0
3894 500.0
3895 301.0
3896 432.0
3897 330.0
3898 330.0
3899 500.0
3900 500.0
3901 434.0
3902 351.0
3903 500.0
3904 500.0
3905 330.0
3906 499.0
3907 204.0
3908 500.0
3909 499.0
3910 351.0
3911 500.0
3912 500.0
3913 499.0
3914 251.0
3915 204.0
3916 404.0
3917 438.0
3918 330.0
3919 203.0
3920 499.0
3921 500.0
3922 203.0
3923 321.0
3924 203.0
3925 438.0
3926 432.0
3927 500.0
3928 203.0
3929 409.0
3930 247.0
3931 297.0
3932 330.0
3933 330.0
3934 500.0
3935 204.0
3936 330.0
3937 203.0
3938 499.0
3939 204.0
3940 204.0
3941 358.0
3942 438.0
3943 351.0
3944 247.0
3945 434.0
3946 251.0
3947 500.0
3948 500.0
3949 499.0
3950 438.0
3951 500.0
3952 500.0
3953 499.0
3954 500.0
3955 500.0
3956 330.0
3957 499.0
3958 204.0
3959 500.0
3960 499.0
3961 499.0
3962 499.0
3963 500.0
3964 500.0
3965 251.0
3966 43.0
3967 203.0
3968 419.0
3969 330.0
3970 38.0
3971 359.0
3972 499.0
3973 396.0
3974 414.0
3975 351.0
3976 230.0
3977 460.0
3978 500.0
3979 203.0
3980 203.0
3981 203.0
3982 297.0
3983 460.0
3984 204.0
3985 398.0
3986 204.0
3987 438.0
3988 0.0
3989 499.0
3990 460.0
3991 204.0
3992 204.0
3993 438.0
3994 500.0
3995 399.0
3996 434.0
3997 406.0
3998 438.0
3999 438.0
4000 438.0
4001 500.0
4002 500.0
4003 500.0
4004 499.0
4005 499.0
4006 500.0
4007 330.0
4008 438.0
4009 230.0
4010 434.0
4011 500.0
4012 500.0
4013 351.0
4014 500.0
4015 351.0
4016 2.0
4017 57.0
4018 209.0
4019 247.0
4020 203.0
4021 203.0
4022 499.0
4023 500.0
4024 203.0
4025 204.0
4026 204.0
4027 351.0
4028 460.0
4029 500.0
4030 460.0
4031 330.0
4032 203.0
4033 297.0
4034 438.0
4035 432.0
4036 398.0
4037 438.0
4038 330.0
4039 204.0
4040 438.0
4041 224.0
4042 460.0
4043 365.0
4044 330.0
4045 499.0
4046 204.0
4047 247.0
4048 297.0
4049 438.0
4050 499.0
4051 432.0
4052 500.0
4053 499.0
4054 117.0
4055 499.0
4056 499.0
4057 500.0
4058 330.0
4059 438.0
4060 204.0
4061 500.0
4062 500.0
4063 438.0
4064 499.0
4065 500.0
4066 499.0
4067 203.0
4068 204.0
4069 330.0
4070 438.0
4071 404.0
4072 373.0
4073 330.0
4074 500.0
4075 460.0
4076 500.0
4077 410.0
4078 438.0
4079 460.0
4080 500.0
4081 273.0
4082 44.0
4083 500.0
4084 331.0
4085 330.0
4086 330.0
4087 499.0
4088 432.0
4089 330.0
4090 289.0
4091 499.0
4092 460.0
4093 204.0
4094 328.0
4095 330.0
4096 500.0
4097 348.0
4098 500.0
4099 251.0
4100 499.0
4101 499.0
4102 330.0
4103 500.0
4104 500.0
4105 499.0
4106 349.0
4107 500.0
4108 499.0
4109 330.0
4110 499.0
4111 204.0
4112 500.0
4113 499.0
4114 499.0
4115 499.0
4116 500.0
4117 499.0
4118 204.0
4119 351.0
4120 204.0
4121 460.0
4122 330.0
4123 32.0
4124 328.0
4125 499.0
4126 396.0
4127 273.0
4128 84.0
4129 338.0
4130 460.0
4131 500.0
4132 203.0
4133 297.0
4134 247.0
4135 297.0
4136 432.0
4137 203.0
4138 499.0
4139 330.0
4140 204.0
4141 2.0
4142 438.0
4143 460.0
4144 289.0
4145 204.0
4146 204.0
4147 500.0
4148 297.0
4149 434.0
4150 50.0
4151 500.0
4152 438.0
4153 351.0
4154 500.0
4155 500.0
4156 500.0
4157 349.0
4158 500.0
4159 351.0
4160 330.0
4161 330.0
4162 438.0
4163 351.0
4164 500.0
4165 499.0
4166 500.0
4167 500.0
4168 438.0
4169 203.0
4170 32.0
4171 203.0
4172 500.0
4173 304.0
4174 203.0
4175 432.0
4176 500.0
4177 396.0
4178 247.0
4179 204.0
4180 438.0
4181 460.0
4182 500.0
4183 242.0
4184 203.0
4185 460.0
4186 297.0
4187 204.0
4188 438.0
4189 500.0
4190 204.0
4191 438.0
4192 203.0
4193 500.0
4194 460.0
4195 266.0
4196 328.0
4197 204.0
4198 499.0
4199 499.0
4200 500.0
4201 297.0
4202 438.0
4203 438.0
4204 438.0
4205 500.0
4206 499.0
4207 500.0
4208 500.0
4209 499.0
4210 500.0
4211 499.0
4212 330.0
4213 2.0
4214 500.0
4215 500.0
4216 499.0
4217 500.0
4218 500.0
4219 499.0
4220 203.0
4221 235.0
4222 330.0
4223 499.0
4224 330.0
4225 203.0
4226 330.0
4227 500.0
4228 203.0
4229 414.0
4230 203.0
4231 438.0
4232 460.0
4233 500.0
4234 204.0
4235 25.0
4236 500.0
4237 331.0
4238 251.0
4239 330.0
4240 500.0
4241 204.0
4242 247.0
4243 289.0
4244 500.0
4245 460.0
4246 54.0
4247 499.0
4248 330.0
4249 500.0
4250 204.0
4251 500.0
4252 330.0
4253 499.0
4254 330.0
4255 330.0
4256 500.0
4257 500.0
4258 329.0
4259 499.0
4260 499.0
4261 499.0
4262 330.0
4263 499.0
4264 204.0
4265 500.0
4266 499.0
4267 438.0
4268 499.0
4269 500.0
4270 499.0
4271 438.0
4272 204.0
4273 330.0
4274 438.0
4275 330.0
4276 50.0
4277 330.0
4278 499.0
4279 203.0
4280 460.0
4281 351.0
4282 230.0
4283 460.0
4284 500.0
4285 203.0
4286 247.0
4287 247.0
4288 331.0
4289 330.0
4290 438.0
4291 499.0
4292 351.0
4293 499.0
4294 330.0
4295 438.0
4296 414.0
4297 204.0
4298 426.0
4299 203.0
4300 500.0
4301 330.0
4302 499.0
4303 331.0
4304 500.0
4305 499.0
4306 438.0
4307 500.0
4308 500.0
4309 499.0
4310 349.0
4311 351.0
4312 500.0
4313 499.0
4314 500.0
4315 204.0
4316 500.0
4317 500.0
4318 438.0
4319 499.0
4320 500.0
4321 438.0
4322 220.0
4323 204.0
4324 49.0
4325 438.0
4326 330.0
4327 32.0
4328 204.0
4329 500.0
4330 158.0
4331 203.0
4332 204.0
4333 499.0
4334 432.0
4335 500.0
4336 460.0
4337 203.0
4338 330.0
4339 297.0
4340 499.0
4341 204.0
4342 499.0
4343 330.0
4344 460.0
4345 203.0
4346 500.0
4347 438.0
4348 499.0
4349 426.0
4350 350.0
4351 499.0
4352 297.0
4353 499.0
4354 204.0
4355 438.0
4356 438.0
4357 438.0
4358 499.0
4359 500.0
4360 500.0
4361 419.0
4362 500.0
4363 500.0
4364 330.0
4365 438.0
4366 330.0
4367 203.0
4368 500.0
4369 330.0
4370 499.0
4371 500.0
4372 438.0
4373 499.0
4374 203.0
4375 438.0
4376 330.0
4377 330.0
4378 203.0
4379 330.0
4380 398.0
4381 396.0
4382 460.0
4383 203.0
4384 438.0
4385 401.0
4386 500.0
4387 203.0
4388 201.0
4389 460.0
4390 331.0
4391 203.0
4392 330.0
4393 500.0
4394 204.0
4395 460.0
4396 351.0
4397 500.0
4398 460.0
4399 0.0
4400 499.0
4401 204.0
4402 499.0
4403 204.0
4404 500.0
4405 330.0
4406 499.0
4407 438.0
4408 330.0
4409 438.0
4410 500.0
4411 434.0
4412 500.0
4413 499.0
4414 500.0
4415 330.0
4416 499.0
4417 0.0
4418 209.0
4419 500.0
4420 438.0
4421 500.0
4422 500.0
4423 499.0
4424 0.0
4425 43.0
4426 330.0
4427 438.0
4428 330.0
4429 203.0
4430 499.0
4431 499.0
4432 204.0
4433 460.0
4434 204.0
4435 404.0
4436 360.0
4437 500.0
4438 432.0
4439 233.0
4440 330.0
4441 297.0
4442 330.0
4443 500.0
4444 500.0
4445 204.0
4446 330.0
4447 204.0
4448 426.0
4449 460.0
4450 203.0
4451 332.0
4452 204.0
4453 500.0
4454 460.0
4455 499.0
4456 331.0
4457 499.0
4458 346.0
4459 438.0
4460 500.0
4461 500.0
4462 204.0
4463 430.0
4464 500.0
4465 500.0
4466 330.0
4467 499.0
4468 460.0
4469 204.0
4470 500.0
4471 460.0
4472 500.0
4473 500.0
4474 499.0
4475 499.0
4476 204.0
4477 460.0
4478 499.0
4479 304.0
4480 32.0
4481 204.0
4482 406.0
4483 203.0
4484 321.0
4485 204.0
4486 438.0
4487 460.0
4488 500.0
4489 295.0
4490 203.0
4491 247.0
4492 297.0
4493 330.0
4494 460.0
4495 499.0
4496 500.0
4497 460.0
4498 438.0
4499 426.0
4500 204.0
4501 204.0
4502 499.0
4503 203.0
4504 500.0
4505 330.0
4506 500.0
4507 296.0
4508 500.0
4509 438.0
4510 438.0
4511 499.0
4512 500.0
4513 434.0
4514 247.0
4515 500.0
4516 500.0
4517 330.0
4518 351.0
4519 204.0
4520 500.0
4521 500.0
4522 438.0
4523 499.0
4524 499.0
4525 499.0
4526 271.0
4527 204.0
4528 204.0
4529 499.0
4530 330.0
4531 203.0
4532 499.0
4533 499.0
4534 203.0
4535 298.0
4536 203.0
4537 230.0
4538 460.0
4539 500.0
4540 204.0
4541 203.0
4542 438.0
4543 331.0
4544 204.0
4545 499.0
4546 500.0
4547 432.0
4548 251.0
4549 247.0
4550 500.0
4551 204.0
4552 409.0
4553 434.0
4554 409.0
4555 426.0
4556 330.0
4557 500.0
4558 203.0
4559 500.0
4560 438.0
4561 330.0
4562 499.0
4563 351.0
4564 500.0
4565 247.0
4566 500.0
4567 500.0
4568 330.0
4569 351.0
4570 229.0
4571 180.0
4572 500.0
4573 499.0
4574 499.0
4575 500.0
4576 438.0
4577 247.0
4578 204.0
4579 330.0
4580 438.0
4581 330.0
4582 203.0
4583 499.0
4584 500.0
4585 396.0
4586 204.0
4587 204.0
4588 499.0
4589 164.0
4590 500.0
4591 438.0
4592 236.0
4593 500.0
4594 331.0
4595 499.0
4596 330.0
4597 499.0
4598 500.0
4599 460.0
4600 204.0
4601 499.0
4602 460.0
4603 203.0
4604 499.0
4605 204.0
4606 500.0
4607 499.0
4608 434.0
4609 331.0
4610 499.0
4611 346.0
4612 432.0
4613 438.0
4614 351.0
4615 499.0
4616 437.0
4617 500.0
4618 500.0
4619 499.0
4620 500.0
4621 204.0
4622 204.0
4623 500.0
4624 330.0
4625 499.0
4626 500.0
4627 438.0
4628 325.0
4629 32.0
4630 330.0
4631 438.0
4632 330.0
4633 32.0
4634 438.0
4635 351.0
4636 204.0
4637 204.0
4638 112.0
4639 438.0
4640 218.0
4641 500.0
4642 334.0
4643 499.0
4644 432.0
4645 297.0
4646 330.0
4647 231.0
4648 500.0
4649 438.0
4650 297.0
4651 204.0
4652 499.0
4653 460.0
4654 460.0
4655 499.0
4656 330.0
4657 499.0
4658 438.0
4659 500.0
4660 438.0
4661 438.0
4662 330.0
4663 351.0
4664 500.0
4665 499.0
4666 434.0
4667 313.0
4668 500.0
4669 500.0
4670 330.0
4671 499.0
4672 438.0
4673 499.0
4674 500.0
4675 499.0
4676 500.0
4677 500.0
4678 432.0
4679 204.0
4680 204.0
4681 500.0
4682 330.0
4683 330.0
4684 204.0
4685 499.0
4686 499.0
4687 321.0
4688 460.0
4689 203.0
4690 432.0
4691 0.0
4692 500.0
4693 203.0
4694 203.0
4695 499.0
4696 331.0
4697 204.0
4698 432.0
4699 500.0
4700 438.0
4701 499.0
4702 247.0
4703 500.0
4704 499.0
4705 204.0
4706 499.0
4707 499.0
4708 337.0
4709 499.0
4710 500.0
4711 204.0
4712 438.0
4713 204.0
4714 438.0
4715 499.0
4716 499.0
4717 204.0
4718 204.0
4719 500.0
4720 351.0
4721 499.0
4722 499.0
4723 229.0
4724 500.0
4725 500.0
4726 460.0
4727 500.0
4728 499.0
4729 499.0
4730 460.0
4731 204.0
4732 460.0
4733 499.0
4734 330.0
4735 430.0
4736 499.0
4737 499.0
4738 203.0
4739 321.0
4740 329.0
4741 330.0
4742 414.0
4743 500.0
4744 204.0
4745 203.0
4746 500.0
4747 335.0
4748 350.0
4749 460.0
4750 500.0
4751 432.0
4752 251.0
4753 297.0
4754 500.0
4755 204.0
4756 0.0
4757 499.0
4758 438.0
4759 500.0
4760 499.0
4761 499.0
4762 406.0
4763 432.0
4764 352.0
4765 330.0
4766 500.0
4767 351.0
4768 499.0
4769 313.0
4770 500.0
4771 500.0
4772 499.0
4773 500.0
4774 204.0
4775 500.0
4776 500.0
4777 499.0
4778 499.0
4779 500.0
4780 438.0
4781 436.0
4782 32.0
4783 438.0
4784 430.0
4785 330.0
4786 32.0
4787 438.0
4788 398.0
4789 298.0
4790 321.0
4791 112.0
4792 438.0
4793 401.0
4794 500.0
4795 204.0
4796 44.0
4797 500.0
4798 335.0
4799 330.0
4800 398.0
4801 500.0
4802 398.0
4803 247.0
4804 460.0
4805 499.0
4806 438.0
4807 203.0
4808 499.0
4809 351.0
4810 500.0
4811 438.0
4812 500.0
4813 331.0
4814 500.0
4815 352.0
4816 499.0
4817 500.0
4818 500.0
4819 499.0
4820 204.0
4821 500.0
4822 499.0
4823 330.0
4824 500.0
4825 204.0
4826 500.0
4827 500.0
4828 438.0
4829 500.0
4830 500.0
4831 500.0
4832 203.0
4833 43.0
4834 330.0
4835 438.0
4836 330.0
4837 333.0
4838 499.0
4839 499.0
4840 321.0
4841 460.0
4842 84.0
4843 438.0
4844 460.0
4845 500.0
4846 247.0
4847 204.0
4848 438.0
4849 335.0
4850 158.0
4851 432.0
4852 500.0
4853 438.0
4854 331.0
4855 204.0
4856 500.0
4857 438.0
4858 204.0
4859 330.0
4860 499.0
4861 500.0
4862 499.0
4863 500.0
4864 438.0
4865 438.0
4866 204.0
4867 460.0
4868 500.0
4869 499.0
4870 499.0
4871 419.0
4872 500.0
4873 351.0
4874 499.0
4875 499.0
4876 0.0
4877 500.0
4878 499.0
4879 204.0
4880 500.0
4881 499.0
4882 499.0
4883 204.0
4884 209.0
4885 500.0
4886 330.0
4887 330.0
4888 203.0
4889 499.0
4890 500.0
4891 203.0
4892 438.0
4893 438.0
4894 203.0
4895 251.0
4896 500.0
4897 296.0
4898 203.0
4899 500.0
4900 331.0
4901 220.0
4902 351.0
4903 500.0
4904 499.0
4905 204.0
4906 247.0
4907 500.0
4908 414.0
4909 247.0
4910 438.0
4911 438.0
4912 426.0
4913 500.0
4914 499.0
4915 92.0
4916 499.0
4917 352.0
4918 330.0
4919 438.0
4920 500.0
4921 323.0
4922 315.0
4923 499.0
4924 351.0
4925 330.0
4926 500.0
4927 0.0
4928 500.0
4929 500.0
4930 499.0
4931 499.0
4932 500.0
4933 438.0
4934 297.0
4935 136.0
4936 460.0
4937 500.0
4938 356.0
4939 32.0
4940 438.0
4941 398.0
4942 203.0
4943 321.0
4944 204.0
4945 230.0
4946 500.0
4947 500.0
4948 438.0
4949 331.0
4950 247.0
4951 331.0
4952 247.0
4953 460.0
4954 499.0
4955 432.0
4956 330.0
4957 460.0
4958 499.0
4959 224.0
4960 247.0
4961 499.0
4962 438.0
4963 500.0
4964 438.0
4965 500.0
4966 330.0
4967 500.0
4968 229.0
4969 330.0
4970 438.0
4971 500.0
4972 499.0
4973 313.0
4974 500.0
4975 500.0
4976 330.0
4977 499.0
4978 204.0
4979 499.0
4980 500.0
4981 499.0
4982 499.0
4983 500.0
4984 330.0
4985 438.0
4986 38.0
4987 330.0
4988 430.0
4989 330.0
4990 292.0
4991 438.0
4992 500.0
4993 396.0
4994 321.0
4995 500.0
4996 438.0
4997 460.0
4998 500.0
4999 460.0
5000 206.0
5001 499.0
5002 335.0
5003 460.0
5004 460.0
5005 500.0
5006 438.0
5007 330.0
5008 204.0
5009 499.0
5010 460.0
5011 460.0
5012 499.0
5013 330.0
5014 432.0
5015 499.0
5016 500.0
5017 460.0
5018 438.0
5019 335.0
5020 204.0
5021 500.0
5022 499.0
5023 499.0
5024 313.0
5025 500.0
5026 499.0
5027 430.0
5028 499.0
5029 251.0
5030 204.0
5031 500.0
5032 438.0
5033 500.0
5034 426.0
5035 438.0
5036 204.0
5037 204.0
5038 460.0
5039 499.0
5040 330.0
5041 203.0
5042 499.0
5043 499.0
5044 203.0
5045 460.0
5046 204.0
5047 438.0
5048 158.0
5049 500.0
5050 330.0
5051 203.0
5052 460.0
5053 335.0
5054 204.0
5055 330.0
5056 247.0
5057 438.0
5058 460.0
5059 247.0
5060 500.0
5061 346.0
5062 460.0
5063 0.0
5064 438.0
5065 426.0
5066 500.0
5067 500.0
5068 228.0
5069 432.0
5070 204.0
5071 204.0
5072 500.0
5073 500.0
5074 351.0
5075 247.0
5076 499.0
5077 351.0
5078 330.0
5079 438.0
5080 395.0
5081 500.0
5082 500.0
5083 499.0
5084 500.0
5085 500.0
5086 438.0
5087 499.0
5088 438.0
5089 438.0
5090 330.0
5091 204.0
5092 204.0
5093 500.0
5094 398.0
5095 203.0
5096 460.0
5097 500.0
5098 330.0
5099 258.0
5100 500.0
