1 0.0
2 25.0
3 30.0
4 0.0
5 32.0
6 223.0
7 0.0
8 32.0
9 98.0
10 0.0
11 0.0
12 0.0
13 223.0
14 33.0
15 266.0
16 0.0
17 44.0
18 298.0
19 266.0
20 0.0
21 30.0
22 0.0
23 87.0
24 191.0
25 0.0
26 0.0
27 32.0
28 0.0
29 30.0
30 0.0
31 33.0
32 0.0
33 38.0
34 278.0
35 0.0
36 0.0
37 32.0
38 263.0
39 0.0
40 281.0
41 98.0
42 217.0
43 93.0
44 0.0
45 0.0
46 259.0
47 25.0
48 279.0
49 19.0
50 38.0
51 298.0
52 0.0
53 32.0
54 30.0
55 255.0
56 224.0
57 223.0
58 0.0
59 191.0
60 98.0
61 109.0
62 0.0
63 207.0
64 223.0
65 266.0
66 266.0
67 0.0
68 289.0
69 298.0
70 244.0
71 268.0
72 30.0
73 0.0
74 180.0
75 191.0
76 191.0
77 318.0
78 32.0
79 180.0
80 30.0
81 262.0
82 33.0
83 180.0
84 32.0
85 278.0
86 268.0
87 192.0
88 25.0
89 263.0
90 259.0
91 281.0
92 289.0
93 217.0
94 263.0
95 0.0
96 33.0
97 259.0
98 279.0
99 279.0
100 25.0
101 38.0
102 318.0
103 38.0
104 32.0
105 0.0
106 33.0
107 256.0
108 224.0
109 0.0
110 191.0
111 32.0
112 98.0
113 0.0
114 0.0
115 104.0
116 149.0
117 266.0
118 289.0
119 289.0
120 298.0
121 255.0
122 268.0
123 268.0
124 98.0
125 180.0
126 191.0
127 191.0
128 191.0
129 191.0
130 180.0
131 262.0
132 262.0
133 33.0
134 38.0
135 289.0
136 278.0
137 268.0
138 245.0
139 0.0
140 263.0
141 189.0
142 289.0
143 303.0
144 294.0
145 55.0
146 263.0
147 25.0
148 294.0
149 294.0
150 279.0
151 32.0
152 38.0
153 318.0
154 276.0
155 32.0
156 0.0
157 249.0
158 25.0
159 258.0
160 276.0
161 32.0
162 32.0
163 0.0
164 0.0
165 0.0
166 266.0
167 338.0
168 273.0
169 289.0
170 240.0
171 298.0
172 293.0
173 266.0
174 268.0
175 6.0
176 191.0
177 191.0
178 32.0
179 32.0
180 191.0
181 32.0
182 292.0
183 25.0
184 279.0
185 294.0
186 294.0
187 294.0
188 49.0
189 256.0
190 30.0
191 263.0
192 255.0
193 294.0
194 279.0
195 278.0
196 276.0
197 0.0
198 294.0
199 288.0
200 291.0
201 284.0
202 32.0
203 38.0
204 338.0
205 276.0
206 262.0
207 0.0
208 1.0
209 244.0
210 272.0
211 256.0
212 0.0
213 98.0
214 109.0
215 0.0
216 262.0
217 0.0
218 6.0
219 328.0
220 289.0
221 44.0
222 298.0
223 298.0
224 0.0
225 30.0
226 257.0
227 87.0
228 191.0
229 289.0
230 32.0
231 38.0
232 267.0
233 287.0
234 287.0
235 294.0
236 287.0
237 287.0
238 294.0
239 296.0
240 0.0
241 260.0
242 263.0
243 306.0
244 279.0
245 273.0
246 328.0
247 259.0
248 186.0
249 278.0
250 279.0
251 284.0
252 294.0
253 38.0
254 276.0
255 338.0
256 276.0
257 276.0
258 290.0
259 25.0
260 256.0
261 272.0
262 0.0
263 256.0
264 98.0
265 92.0
266 249.0
267 259.0
268 229.0
269 296.0
270 287.0
271 289.0
272 289.0
273 298.0
274 298.0
275 298.0
276 268.0
277 98.0
278 266.0
279 191.0
280 292.0
281 191.0
282 191.0
283 49.0
284 262.0
285 279.0
286 289.0
287 287.0
288 306.0
289 294.0
290 294.0
291 296.0
292 230.0
293 191.0
294 295.0
295 306.0
296 300.0
297 0.0
298 284.0
299 294.0
300 30.0
301 259.0
302 294.0
303 291.0
304 284.0
305 276.0
306 338.0
307 38.0
308 278.0
309 38.0
310 39.0
311 403.0
312 0.0
313 272.0
314 265.0
315 265.0
316 175.0
317 262.0
318 262.0
319 266.0
320 223.0
321 296.0
322 180.0
323 289.0
324 298.0
325 298.0
326 98.0
327 103.0
328 291.0
329 0.0
330 109.0
331 191.0
332 191.0
333 395.0
334 265.0
335 292.0
336 255.0
337 289.0
338 265.0
339 265.0
340 265.0
341 296.0
342 185.0
343 54.0
344 306.0
345 32.0
346 306.0
347 270.0
348 294.0
349 0.0
350 284.0
351 294.0
352 288.0
353 291.0
354 291.0
355 291.0
356 284.0
357 403.0
358 38.0
359 2.0
360 38.0
361 38.0
362 25.0
363 169.0
364 272.0
365 245.0
366 0.0
367 98.0
368 268.0
369 288.0
370 0.0
371 275.0
372 285.0
373 289.0
374 298.0
375 298.0
376 293.0
377 98.0
378 103.0
379 249.0
380 0.0
381 169.0
382 49.0
383 0.0
384 318.0
385 268.0
386 292.0
387 290.0
388 294.0
389 265.0
390 294.0
391 294.0
392 306.0
393 0.0
394 49.0
395 289.0
396 294.0
397 294.0
398 303.0
399 303.0
400 0.0
401 294.0
402 278.0
403 288.0
404 294.0
405 294.0
406 291.0
407 284.0
408 403.0
409 180.0
410 276.0
411 290.0
412 38.0
413 164.0
414 164.0
415 272.0
416 272.0
417 98.0
418 268.0
419 30.0
420 0.0
421 255.0
422 169.0
423 289.0
424 294.0
425 255.0
426 298.0
427 298.0
428 30.0
429 103.0
430 278.0
431 252.0
432 169.0
433 32.0
434 33.0
435 191.0
436 255.0
437 287.0
438 427.0
439 289.0
440 294.0
441 294.0
442 287.0
443 306.0
444 0.0
445 49.0
446 306.0
447 295.0
448 283.0
449 328.0
450 91.0
451 276.0
452 186.0
453 294.0
454 288.0
455 294.0
456 294.0
457 291.0
458 348.0
459 427.0
460 282.0
461 290.0
462 0.0
463 277.0
464 6.0
465 272.0
466 260.0
467 0.0
468 0.0
469 0.0
470 254.0
471 262.0
472 223.0
473 296.0
474 291.0
475 289.0
476 289.0
477 298.0
478 298.0
479 31.0
480 289.0
481 268.0
482 301.0
483 191.0
484 98.0
485 191.0
486 191.0
487 191.0
488 427.0
489 427.0
490 427.0
491 287.0
492 290.0
493 0.0
494 306.0
495 0.0
496 191.0
497 306.0
498 295.0
499 306.0
500 198.0
501 312.0
502 38.0
503 294.0
504 32.0
505 282.0
506 291.0
507 291.0
508 290.0
509 348.0
510 427.0
511 282.0
512 290.0
513 251.0
514 245.0
515 169.0
516 276.0
517 260.0
518 276.0
519 0.0
520 257.0
521 262.0
522 288.0
523 0.0
524 266.0
525 180.0
526 169.0
527 294.0
528 298.0
529 293.0
530 31.0
531 290.0
532 257.0
533 263.0
534 291.0
535 191.0
536 191.0
537 32.0
538 285.0
539 427.0
540 427.0
541 286.0
542 427.0
543 0.0
544 294.0
545 306.0
546 0.0
547 49.0
548 300.0
549 251.0
550 306.0
551 335.0
552 303.0
553 303.0
554 294.0
555 288.0
556 272.0
557 294.0
558 294.0
559 348.0
560 284.0
561 427.0
562 371.0
563 290.0
564 290.0
565 180.0
566 164.0
567 25.0
568 272.0
569 252.0
570 98.0
571 257.0
572 262.0
573 0.0
574 259.0
575 330.0
576 32.0
577 294.0
578 44.0
579 298.0
580 298.0
581 298.0
582 256.0
583 6.0
584 278.0
585 169.0
586 32.0
587 191.0
588 393.0
589 427.0
590 317.0
591 427.0
592 427.0
593 427.0
594 395.0
595 287.0
596 306.0
597 297.0
598 49.0
599 300.0
600 262.0
601 341.0
602 303.0
603 294.0
604 303.0
605 303.0
606 284.0
607 294.0
608 294.0
609 348.0
610 348.0
611 284.0
612 427.0
613 180.0
614 350.0
615 262.0
616 185.0
617 169.0
618 169.0
619 272.0
620 0.0
621 98.0
622 0.0
623 0.0
624 273.0
625 251.0
626 169.0
627 32.0
628 286.0
629 291.0
630 298.0
631 298.0
632 25.0
633 164.0
634 0.0
635 301.0
636 169.0
637 104.0
638 32.0
639 427.0
640 427.0
641 427.0
642 427.0
643 427.0
644 290.0
645 395.0
646 427.0
647 306.0
648 0.0
649 49.0
650 306.0
651 289.0
652 341.0
653 294.0
654 0.0
655 319.0
656 306.0
657 322.0
658 288.0
659 348.0
660 348.0
661 290.0
662 294.0
663 427.0
664 191.0
665 282.0
666 294.0
667 274.0
668 286.0
669 0.0
670 276.0
671 0.0
672 0.0
673 0.0
674 262.0
675 259.0
676 180.0
677 266.0
678 260.0
679 285.0
680 293.0
681 298.0
682 293.0
683 98.0
684 298.0
685 301.0
686 273.0
687 301.0
688 191.0
689 427.0
690 427.0
691 427.0
692 427.0
693 427.0
694 307.0
695 290.0
696 427.0
697 427.0
698 427.0
699 0.0
700 289.0
701 296.0
702 289.0
703 341.0
704 314.0
705 294.0
706 283.0
707 322.0
708 322.0
709 283.0
710 348.0
711 294.0
712 275.0
713 350.0
714 427.0
715 282.0
716 350.0
717 294.0
718 180.0
719 169.0
720 164.0
721 276.0
722 245.0
723 0.0
724 257.0
725 247.0
726 278.0
727 338.0
728 338.0
729 38.0
730 299.0
731 240.0
732 298.0
733 298.0
734 98.0
735 278.0
736 6.0
737 301.0
738 291.0
739 427.0
740 427.0
741 279.0
742 427.0
743 427.0
744 427.0
745 427.0
746 290.0
747 427.0
748 427.0
749 427.0
750 395.0
751 191.0
752 289.0
753 294.0
754 306.0
755 294.0
756 12.0
757 335.0
758 327.0
759 298.0
760 294.0
761 348.0
762 348.0
763 282.0
764 277.0
765 427.0
766 282.0
767 288.0
768 348.0
769 272.0
770 164.0
771 169.0
772 276.0
773 0.0
774 32.0
775 257.0
776 266.0
777 6.0
778 296.0
779 169.0
780 32.0
781 259.0
782 33.0
783 298.0
784 293.0
785 32.0
786 263.0
787 0.0
788 291.0
789 427.0
790 427.0
791 427.0
792 361.0
793 427.0
794 427.0
795 427.0
796 427.0
797 427.0
798 395.0
799 427.0
800 427.0
801 427.0
802 49.0
803 300.0
804 303.0
805 341.0
806 294.0
807 261.0
808 300.0
809 290.0
810 316.0
811 294.0
812 0.0
813 300.0
814 180.0
815 371.0
816 427.0
817 180.0
818 282.0
819 282.0
820 279.0
821 272.0
822 260.0
823 276.0
824 0.0
825 0.0
826 0.0
827 259.0
828 277.0
829 290.0
830 301.0
831 32.0
832 180.0
833 300.0
834 298.0
835 298.0
836 98.0
837 291.0
838 267.0
839 427.0
840 427.0
841 294.0
842 427.0
843 427.0
844 427.0
845 427.0
846 427.0
847 427.0
848 290.0
849 395.0
850 427.0
851 427.0
852 427.0
853 427.0
854 38.0
855 300.0
856 341.0
857 341.0
858 270.0
859 291.0
860 327.0
861 327.0
862 294.0
863 348.0
864 294.0
865 348.0
866 294.0
867 427.0
868 348.0
869 282.0
870 32.0
871 180.0
872 169.0
873 180.0
874 276.0
875 245.0
876 98.0
877 30.0
878 262.0
879 223.0
880 338.0
881 330.0
882 6.0
883 285.0
884 319.0
885 295.0
886 293.0
887 98.0
888 30.0
889 427.0
890 427.0
891 427.0
892 330.0
893 427.0
894 427.0
895 282.0
896 427.0
897 427.0
898 427.0
899 290.0
900 427.0
901 427.0
902 427.0
903 427.0
904 427.0
905 427.0
906 125.0
907 306.0
908 306.0
909 49.0
910 328.0
911 327.0
912 322.0
913 180.0
914 348.0
915 348.0
916 282.0
917 282.0
918 427.0
919 282.0
920 301.0
921 0.0
922 180.0
923 169.0
924 169.0
925 276.0
926 265.0
927 32.0
928 257.0
929 253.0
930 290.0
931 296.0
932 296.0
933 345.0
934 294.0
935 336.0
936 319.0
937 298.0
938 158.0
939 287.0
940 427.0
941 427.0
942 282.0
943 427.0
944 427.0
945 427.0
946 427.0
947 427.0
948 427.0
949 366.0
950 427.0
951 427.0
952 427.0
953 427.0
954 427.0
955 427.0
956 427.0
957 395.0
958 335.0
959 294.0
960 270.0
961 300.0
962 262.0
963 322.0
964 283.0
965 285.0
966 274.0
967 282.0
968 277.0
969 427.0
970 180.0
971 288.0
972 282.0
973 169.0
974 169.0
975 272.0
976 276.0
977 276.0
978 0.0
979 0.0
980 254.0
981 284.0
982 338.0
983 349.0
984 192.0
985 273.0
986 336.0
987 336.0
988 297.0
989 298.0
990 427.0
991 427.0
992 427.0
993 427.0
994 427.0
995 427.0
996 427.0
997 427.0
998 427.0
999 427.0
1000 366.0
1001 427.0
1002 427.0
1003 427.0
1004 427.0
1005 427.0
1006 269.0
1007 427.0
1008 427.0
1009 395.0
1010 294.0
1011 261.0
1012 300.0
1013 262.0
1014 316.0
1015 294.0
1016 348.0
1017 290.0
1018 350.0
1019 294.0
1020 427.0
1021 282.0
1022 282.0
1023 265.0
1024 33.0
1025 279.0
1026 244.0
1027 276.0
1028 272.0
1029 265.0
1030 268.0
1031 4.0
1032 272.0
1033 338.0
1034 295.0
1035 149.0
1036 273.0
1037 336.0
1038 291.0
1039 336.0
1040 427.0
1041 427.0
1042 427.0
1043 427.0
1044 427.0
1045 324.0
1046 427.0
1047 427.0
1048 427.0
1049 427.0
1050 427.0
1051 427.0
1052 427.0
1053 427.0
1054 395.0
1055 427.0
1056 427.0
1057 427.0
1058 427.0
1059 273.0
1060 427.0
1061 395.0
1062 290.0
1063 0.0
1064 344.0
1065 286.0
1066 282.0
1067 348.0
1068 348.0
1069 350.0
1070 371.0
1071 427.0
1072 282.0
1073 282.0
1074 282.0
1075 194.0
1076 169.0
1077 276.0
1078 276.0
1079 265.0
1080 93.0
1081 257.0
1082 268.0
1083 0.0
1084 338.0
1085 349.0
1086 6.0
1087 327.0
1088 319.0
1089 307.0
1090 395.0
1091 427.0
1092 427.0
1093 427.0
1094 427.0
1095 282.0
1096 286.0
1097 427.0
1098 427.0
1099 427.0
1100 427.0
1101 427.0
1102 427.0
1103 427.0
1104 427.0
1105 427.0
1106 306.0
1107 427.0
1108 427.0
1109 427.0
1110 395.0
1111 427.0
1112 427.0
1113 395.0
1114 327.0
1115 395.0
1116 327.0
1117 282.0
1118 348.0
1119 348.0
1120 350.0
1121 294.0
1122 427.0
1123 282.0
1124 49.0
1125 282.0
1126 194.0
1127 164.0
1128 164.0
1129 276.0
1130 265.0
1131 0.0
1132 268.0
1133 262.0
1134 6.0
1135 306.0
1136 296.0
1137 38.0
1138 271.0
1139 319.0
1140 328.0
1141 427.0
1142 427.0
1143 427.0
1144 427.0
1145 427.0
1146 282.0
1147 427.0
1148 427.0
1149 427.0
1150 427.0
1151 427.0
1152 427.0
1153 333.0
1154 427.0
1155 427.0
1156 290.0
1157 427.0
1158 427.0
1159 427.0
1160 427.0
1161 427.0
1162 427.0
1163 427.0
1164 427.0
1165 395.0
1166 395.0
1167 262.0
1168 284.0
1169 348.0
1170 33.0
1171 350.0
1172 294.0
1173 427.0
1174 0.0
1175 49.0
1176 294.0
1177 180.0
1178 272.0
1179 252.0
1180 276.0
1181 276.0
1182 0.0
1183 0.0
1184 30.0
1185 290.0
1186 292.0
1187 295.0
1188 213.0
1189 291.0
1190 336.0
1191 0.0
1192 380.0
1193 427.0
1194 427.0
1195 427.0
1196 427.0
1197 427.0
1198 427.0
1199 427.0
1200 427.0
1201 427.0
1202 427.0
1203 427.0
1204 427.0
1205 290.0
1206 427.0
1207 427.0
1208 427.0
1209 427.0
1210 269.0
1211 427.0
1212 273.0
1213 427.0
1214 427.0
1215 427.0
1216 395.0
1217 395.0
1218 316.0
1219 294.0
1220 348.0
1221 282.0
1222 350.0
1223 294.0
1224 427.0
1225 282.0
1226 282.0
1227 350.0
1228 272.0
1229 286.0
1230 169.0
1231 276.0
1232 272.0
1233 267.0
1234 0.0
1235 269.0
1236 293.0
1237 338.0
1238 296.0
1239 208.0
1240 273.0
1241 336.0
1242 1.0
1243 427.0
1244 427.0
1245 427.0
1246 427.0
1247 427.0
1248 427.0
1249 427.0
1250 427.0
1251 427.0
1252 427.0
1253 427.0
1254 427.0
1255 427.0
1256 427.0
1257 427.0
1258 427.0
1259 427.0
1260 427.0
1261 427.0
1262 427.0
1263 395.0
1264 427.0
1265 427.0
1266 427.0
1267 273.0
1268 344.0
1269 262.0
1270 279.0
1271 348.0
1272 348.0
1273 282.0
1274 294.0
1275 427.0
1276 282.0
1277 294.0
1278 282.0
1279 180.0
1280 25.0
1281 272.0
1282 276.0
1283 276.0
1284 32.0
1285 282.0
1286 281.0
1287 180.0
1288 296.0
1289 345.0
1290 0.0
1291 8.0
1292 336.0
1293 359.0
1294 359.0
1295 427.0
1296 427.0
1297 427.0
1298 427.0
1299 295.0
1300 286.0
1301 427.0
1302 427.0
1303 427.0
1304 427.0
1305 427.0
1306 366.0
1307 427.0
1308 427.0
1309 427.0
1310 427.0
1311 427.0
1312 427.0
1313 427.0
1314 427.0
1315 427.0
1316 427.0
1317 427.0
1318 273.0
1319 395.0
1320 262.0
1321 282.0
1322 348.0
1323 279.0
1324 350.0
1325 277.0
1326 427.0
1327 282.0
1328 259.0
1329 294.0
1330 180.0
1331 203.0
1332 0.0
1333 276.0
1334 265.0
1335 282.0
1336 6.0
1337 0.0
1338 282.0
1339 296.0
1340 334.0
1341 6.0
1342 261.0
1343 427.0
1344 372.0
1345 372.0
1346 427.0
1347 427.0
1348 427.0
1349 427.0
1350 427.0
1351 427.0
1352 427.0
1353 427.0
1354 427.0
1355 427.0
1356 427.0
1357 427.0
1358 427.0
1359 427.0
1360 427.0
1361 427.0
1362 427.0
1363 395.0
1364 427.0
1365 427.0
1366 395.0
1367 427.0
1368 427.0
1369 427.0
1370 395.0
1371 273.0
1372 348.0
1373 348.0
1374 294.0
1375 350.0
1376 294.0
1377 427.0
1378 274.0
1379 38.0
1380 282.0
1381 185.0
1382 272.0
1383 169.0
1384 276.0
1385 282.0
1386 282.0
1387 30.0
1388 0.0
1389 306.0
1390 336.0
1391 334.0
1392 8.0
1393 427.0
1394 359.0
1395 427.0
1396 372.0
1397 427.0
1398 427.0
1399 427.0
1400 427.0
1401 427.0
1402 256.0
1403 427.0
1404 427.0
1405 427.0
1406 427.0
1407 427.0
1408 427.0
1409 427.0
1410 427.0
1411 395.0
1412 427.0
1413 427.0
1414 49.0
1415 427.0
1416 395.0
1417 427.0
1418 427.0
1419 427.0
1420 369.0
1421 395.0
1422 293.0
1423 294.0
1424 348.0
1425 348.0
1426 350.0
1427 278.0
1428 427.0
1429 350.0
1430 284.0
1431 350.0
1432 206.0
1433 169.0
1434 169.0
1435 282.0
1436 282.0
1437 1.0
1438 273.0
1439 269.0
1440 296.0
1441 268.0
1442 296.0
1443 294.0
1444 427.0
1445 109.0
1446 272.0
1447 427.0
1448 427.0
1449 427.0
1450 427.0
1451 427.0
1452 427.0
1453 324.0
1454 427.0
1455 427.0
1456 427.0
1457 427.0
1458 427.0
1459 366.0
1460 427.0
1461 427.0
1462 427.0
1463 427.0
1464 427.0
1465 427.0
1466 427.0
1467 427.0
1468 427.0
1469 427.0
1470 427.0
1471 427.0
1472 427.0
1473 256.0
1474 348.0
1475 348.0
1476 348.0
1477 371.0
1478 294.0
1479 427.0
1480 282.0
1481 350.0
1482 348.0
1483 180.0
1484 164.0
1485 252.0
1486 30.0
1487 273.0
1488 6.0
1489 274.0
1490 269.0
1491 328.0
1492 335.0
1493 296.0
1494 294.0
1495 427.0
1496 328.0
1497 427.0
1498 427.0
1499 427.0
1500 427.0
1501 427.0
1502 427.0
1503 291.0
1504 427.0
1505 427.0
1506 427.0
1507 427.0
1508 290.0
1509 427.0
1510 427.0
1511 427.0
1512 427.0
1513 427.0
1514 427.0
1515 427.0
1516 284.0
1517 427.0
1518 273.0
1519 395.0
1520 427.0
1521 427.0
1522 273.0
1523 427.0
1524 427.0
1525 282.0
1526 348.0
1527 287.0
1528 282.0
1529 294.0
1530 427.0
1531 282.0
1532 38.0
1533 350.0
1534 180.0
1535 6.0
1536 276.0
1537 282.0
1538 0.0
1539 282.0
1540 282.0
1541 281.0
1542 272.0
1543 180.0
1544 259.0
1545 359.0
1546 294.0
1547 372.0
1548 371.0
1549 380.0
1550 427.0
1551 427.0
1552 427.0
1553 427.0
1554 427.0
1555 269.0
1556 427.0
1557 427.0
1558 427.0
1559 427.0
1560 427.0
1561 427.0
1562 427.0
1563 427.0
1564 427.0
1565 427.0
1566 427.0
1567 366.0
1568 427.0
1569 273.0
1570 427.0
1571 427.0
1572 427.0
1573 293.0
1574 427.0
1575 427.0
1576 427.0
1577 348.0
1578 282.0
1579 371.0
1580 282.0
1581 427.0
1582 348.0
1583 284.0
1584 282.0
1585 194.0
1586 164.0
1587 403.0
1588 273.0
1589 282.0
1590 282.0
1591 30.0
1592 257.0
1593 293.0
1594 268.0
1595 359.0
1596 427.0
1597 427.0
1598 371.0
1599 427.0
1600 427.0
1601 427.0
1602 427.0
1603 427.0
1604 427.0
1605 427.0
1606 342.0
1607 427.0
1608 427.0
1609 427.0
1610 427.0
1611 427.0
1612 427.0
1613 427.0
1614 427.0
1615 427.0
1616 427.0
1617 427.0
1618 427.0
1619 427.0
1620 427.0
1621 427.0
1622 427.0
1623 427.0
1624 427.0
1625 427.0
1626 427.0
1627 427.0
1628 427.0
1629 327.0
1630 350.0
1631 294.0
1632 427.0
1633 348.0
1634 284.0
1635 282.0
1636 194.0
1637 169.0
1638 164.0
1639 30.0
1640 282.0
1641 254.0
1642 269.0
1643 0.0
1644 306.0
1645 359.0
1646 352.0
1647 427.0
1648 427.0
1649 191.0
1650 262.0
1651 427.0
1652 427.0
1653 427.0
1654 427.0
1655 427.0
1656 285.0
1657 427.0
1658 427.0
1659 427.0
1660 427.0
1661 427.0
1662 427.0
1663 427.0
1664 427.0
1665 427.0
1666 427.0
1667 427.0
1668 427.0
1669 427.0
1670 427.0
1671 395.0
1672 273.0
1673 427.0
1674 427.0
1675 427.0
1676 395.0
1677 395.0
1678 427.0
1679 427.0
1680 180.0
1681 371.0
1682 294.0
1683 427.0
1684 282.0
1685 284.0
1686 350.0
1687 180.0
1688 169.0
1689 164.0
1690 32.0
1691 282.0
1692 32.0
1693 6.0
1694 269.0
1695 294.0
1696 359.0
1697 427.0
1698 427.0
1699 427.0
1700 372.0
1701 328.0
1702 380.0
1703 427.0
1704 427.0
1705 427.0
1706 427.0
1707 294.0
1708 427.0
1709 427.0
1710 427.0
1711 427.0
1712 427.0
1713 427.0
1714 427.0
1715 427.0
1716 427.0
1717 427.0
1718 427.0
1719 427.0
1720 284.0
1721 427.0
1722 427.0
1723 427.0
1724 427.0
1725 427.0
1726 395.0
1727 427.0
1728 427.0
1729 395.0
1730 427.0
1731 290.0
1732 282.0
1733 294.0
1734 427.0
1735 282.0
1736 262.0
1737 348.0
1738 169.0
1739 403.0
1740 169.0
1741 282.0
1742 0.0
1743 282.0
1744 30.0
1745 269.0
1746 359.0
1747 294.0
1748 267.0
1749 427.0
1750 427.0
1751 109.0
1752 371.0
1753 427.0
1754 427.0
1755 427.0
1756 427.0
1757 427.0
1758 427.0
1759 324.0
1760 427.0
1761 427.0
1762 427.0
1763 427.0
1764 427.0
1765 427.0
1766 427.0
1767 427.0
1768 427.0
1769 427.0
1770 427.0
1771 427.0
1772 427.0
1773 427.0
1774 427.0
1775 427.0
1776 427.0
1777 427.0
1778 427.0
1779 427.0
1780 427.0
1781 427.0
1782 395.0
1783 348.0
1784 294.0
1785 427.0
1786 290.0
1787 282.0
1788 348.0
1789 180.0
1790 169.0
1791 169.0
1792 25.0
1793 282.0
1794 282.0
1795 30.0
1796 284.0
1797 359.0
1798 427.0
1799 294.0
1800 427.0
1801 427.0
1802 427.0
1803 427.0
1804 427.0
1805 427.0
1806 427.0
1807 427.0
1808 427.0
1809 427.0
1810 191.0
1811 427.0
1812 427.0
1813 427.0
1814 427.0
1815 427.0
1816 427.0
1817 427.0
1818 427.0
1819 427.0
1820 427.0
1821 427.0
1822 284.0
1823 427.0
1824 395.0
1825 427.0
1826 427.0
1827 427.0
1828 395.0
1829 427.0
1830 395.0
1831 427.0
1832 427.0
1833 427.0
1834 395.0
1835 294.0
1836 427.0
1837 348.0
1838 282.0
1839 282.0
1840 174.0
1841 287.0
1842 403.0
1843 0.0
1844 282.0
1845 32.0
1846 270.0
1847 284.0
1848 294.0
1849 268.0
1850 427.0
1851 427.0
1852 427.0
1853 372.0
1854 109.0
1855 371.0
1856 427.0
1857 427.0
1858 427.0
1859 427.0
1860 294.0
1861 427.0
1862 427.0
1863 427.0
1864 427.0
1865 427.0
1866 427.0
1867 427.0
1868 427.0
1869 427.0
1870 427.0
1871 427.0
1872 427.0
1873 284.0
1874 427.0
1875 273.0
1876 427.0
1877 427.0
1878 427.0
1879 427.0
1880 427.0
1881 427.0
1882 427.0
1883 427.0
1884 191.0
1885 427.0
1886 427.0
1887 427.0
1888 427.0
1889 371.0
1890 350.0
1891 180.0
1892 169.0
1893 169.0
1894 282.0
1895 282.0
1896 282.0
1897 284.0
1898 284.0
1899 359.0
1900 427.0
1901 427.0
1902 359.0
1903 427.0
1904 38.0
1905 0.0
1906 427.0
1907 427.0
1908 427.0
1909 427.0
1910 427.0
1911 427.0
1912 324.0
1913 427.0
1914 427.0
1915 427.0
1916 427.0
1917 427.0
1918 427.0
1919 427.0
1920 427.0
1921 427.0
1922 427.0
1923 427.0
1924 366.0
1925 427.0
1926 427.0
1927 427.0
1928 427.0
1929 427.0
1930 427.0
1931 427.0
1932 427.0
1933 427.0
1934 427.0
1935 427.0
1936 395.0
1937 395.0
1938 427.0
1939 427.0
1940 395.0
1941 294.0
1942 180.0
1943 169.0
1944 169.0
1945 6.0
1946 282.0
1947 32.0
1948 284.0
1949 332.0
1950 427.0
1951 294.0
1952 427.0
1953 359.0
1954 427.0
1955 0.0
1956 427.0
1957 427.0
1958 427.0
1959 427.0
1960 427.0
1961 427.0
1962 267.0
1963 288.0
1964 427.0
1965 427.0
1966 38.0
1967 427.0
1968 427.0
1969 427.0
1970 427.0
1971 427.0
1972 427.0
1973 427.0
1974 427.0
1975 427.0
1976 427.0
1977 395.0
1978 427.0
1979 273.0
1980 427.0
1981 395.0
1982 427.0
1983 427.0
1984 427.0
1985 427.0
1986 427.0
1987 427.0
1988 290.0
1989 427.0
1990 427.0
1991 427.0
1992 180.0
1993 180.0
1994 169.0
1995 169.0
1996 282.0
1997 282.0
1998 30.0
1999 284.0
2000 309.0
2001 427.0
2002 427.0
2003 294.0
2004 294.0
2005 294.0
2006 372.0
2007 427.0
2008 427.0
2009 427.0
2010 427.0
2011 427.0
2012 427.0
2013 294.0
2014 427.0
2015 427.0
2016 427.0
2017 427.0
2018 427.0
2019 427.0
2020 427.0
2021 427.0
2022 427.0
2023 427.0
2024 427.0
2025 427.0
2026 427.0
2027 427.0
2028 427.0
2029 427.0
2030 427.0
2031 427.0
2032 427.0
2033 427.0
2034 427.0
2035 427.0
2036 427.0
2037 427.0
2038 427.0
2039 191.0
2040 427.0
2041 427.0
2042 427.0
2043 427.0
2044 180.0
2045 286.0
2046 164.0
2047 282.0
2048 282.0
2049 30.0
2050 332.0
2051 289.0
2052 427.0
2053 292.0
2054 294.0
2055 427.0
2056 284.0
2057 359.0
2058 427.0
2059 371.0
2060 427.0
2061 427.0
2062 427.0
2063 427.0
2064 427.0
2065 286.0
2066 427.0
2067 427.0
2068 427.0
2069 427.0
2070 427.0
2071 427.0
2072 427.0
2073 427.0
2074 427.0
2075 427.0
2076 427.0
2077 284.0
2078 427.0
2079 273.0
2080 427.0
2081 427.0
2082 427.0
2083 395.0
2084 427.0
2085 427.0
2086 427.0
2087 427.0
2088 395.0
2089 427.0
2090 395.0
2091 427.0
2092 427.0
2093 427.0
2094 427.0
2095 395.0
2096 164.0
2097 260.0
2098 0.0
2099 282.0
2100 293.0
2101 359.0
2102 276.0
2103 427.0
2104 359.0
2105 427.0
2106 359.0
2107 427.0
2108 191.0
2109 275.0
2110 427.0
2111 427.0
2112 427.0
2113 427.0
2114 427.0
2115 427.0
2116 427.0
2117 427.0
2118 427.0
2119 427.0
2120 294.0
2121 427.0
2122 427.0
2123 427.0
2124 427.0
2125 427.0
2126 427.0
2127 427.0
2128 169.0
2129 427.0
2130 395.0
2131 427.0
2132 427.0
2133 427.0
2134 427.0
2135 427.0
2136 427.0
2137 427.0
2138 427.0
2139 427.0
2140 427.0
2141 290.0
2142 427.0
2143 427.0
2144 427.0
2145 395.0
2146 427.0
2147 169.0
2148 0.0
2149 0.0
2150 293.0
2151 294.0
2152 294.0
2153 359.0
2154 427.0
2155 294.0
2156 427.0
2157 359.0
2158 267.0
2159 191.0
2160 427.0
2161 427.0
2162 427.0
2163 427.0
2164 427.0
2165 427.0
2166 294.0
2167 427.0
2168 427.0
2169 427.0
2170 427.0
2171 427.0
2172 427.0
2173 427.0
2174 427.0
2175 427.0
2176 427.0
2177 427.0
2178 427.0
2179 427.0
2180 427.0
2181 395.0
2182 427.0
2183 427.0
2184 427.0
2185 427.0
2186 427.0
2187 427.0
2188 427.0
2189 427.0
2190 427.0
2191 427.0
2192 427.0
2193 427.0
2194 427.0
2195 427.0
2196 290.0
2197 427.0
2198 427.0
2199 158.0
2200 282.0
2201 282.0
2202 282.0
2203 395.0
2204 359.0
2205 427.0
2206 294.0
2207 427.0
2208 427.0
2209 359.0
2210 372.0
2211 427.0
2212 427.0
2213 427.0
2214 427.0
2215 427.0
2216 427.0
2217 427.0
2218 294.0
2219 427.0
2220 427.0
2221 427.0
2222 427.0
2223 427.0
2224 427.0
2225 427.0
2226 427.0
2227 427.0
2228 427.0
2229 427.0
2230 427.0
2231 427.0
2232 273.0
2233 427.0
2234 427.0
2235 427.0
2236 273.0
2237 427.0
2238 427.0
2239 427.0
2240 427.0
2241 427.0
2242 427.0
2243 395.0
2244 427.0
2245 427.0
2246 427.0
2247 427.0
2248 427.0
2249 427.0
2250 427.0
2251 282.0
2252 289.0
2253 289.0
2254 303.0
2255 282.0
2256 427.0
2257 294.0
2258 427.0
2259 427.0
2260 427.0
2261 372.0
2262 427.0
2263 371.0
2264 427.0
2265 427.0
2266 427.0
2267 427.0
2268 427.0
2269 286.0
2270 427.0
2271 427.0
2272 427.0
2273 290.0
2274 427.0
2275 427.0
2276 427.0
2277 427.0
2278 427.0
2279 427.0
2280 427.0
2281 427.0
2282 427.0
2283 395.0
2284 427.0
2285 427.0
2286 427.0
2287 191.0
2288 427.0
2289 427.0
2290 427.0
2291 427.0
2292 395.0
2293 427.0
2294 395.0
2295 427.0
2296 427.0
2297 427.0
2298 427.0
2299 427.0
2300 427.0
2301 427.0
2302 427.0
2303 290.0
2304 288.0
2305 427.0
2306 395.0
2307 427.0
2308 427.0
2309 294.0
2310 427.0
2311 427.0
2312 308.0
2313 427.0
2314 427.0
2315 427.0
2316 427.0
2317 427.0
2318 427.0
2319 295.0
2320 427.0
2321 427.0
2322 427.0
2323 427.0
2324 427.0
2325 427.0
2326 427.0
2327 427.0
2328 427.0
2329 427.0
2330 427.0
2331 427.0
2332 366.0
2333 427.0
2334 427.0
2335 427.0
2336 427.0
2337 427.0
2338 282.0
2339 427.0
2340 427.0
2341 427.0
2342 427.0
2343 427.0
2344 427.0
2345 427.0
2346 427.0
2347 427.0
2348 427.0
2349 427.0
2350 427.0
2351 427.0
2352 427.0
2353 427.0
2354 277.0
2355 294.0
2356 289.0
2357 329.0
2358 427.0
2359 359.0
2360 427.0
2361 427.0
2362 427.0
2363 427.0
2364 427.0
2365 427.0
2366 427.0
2367 427.0
2368 278.0
2369 427.0
2370 294.0
2371 427.0
2372 427.0
2373 427.0
2374 427.0
2375 427.0
2376 427.0
2377 427.0
2378 427.0
2379 427.0
2380 427.0
2381 427.0
2382 427.0
2383 427.0
2384 427.0
2385 273.0
2386 427.0
2387 427.0
2388 427.0
2389 273.0
2390 427.0
2391 427.0
2392 427.0
2393 427.0
2394 427.0
2395 427.0
2396 427.0
2397 427.0
2398 427.0
2399 427.0
2400 427.0
2401 427.0
2402 427.0
2403 427.0
2404 395.0
2405 427.0
2406 282.0
2407 303.0
2408 294.0
2409 427.0
2410 294.0
2411 427.0
2412 427.0
2413 427.0
2414 372.0
2415 427.0
2416 427.0
2417 427.0
2418 427.0
2419 427.0
2420 427.0
2421 427.0
2422 191.0
2423 427.0
2424 427.0
2425 427.0
2426 427.0
2427 427.0
2428 427.0
2429 427.0
2430 427.0
2431 427.0
2432 427.0
2433 427.0
2434 427.0
2435 427.0
2436 427.0
2437 427.0
2438 427.0
2439 427.0
2440 395.0
2441 427.0
2442 427.0
2443 427.0
2444 427.0
2445 191.0
2446 427.0
2447 395.0
2448 427.0
2449 427.0
2450 427.0
2451 427.0
2452 427.0
2453 427.0
2454 427.0
2455 271.0
2456 427.0
2457 282.0
2458 332.0
2459 359.0
2460 427.0
2461 359.0
2462 427.0
2463 427.0
2464 427.0
2465 38.0
2466 355.0
2467 427.0
2468 427.0
2469 427.0
2470 427.0
2471 427.0
2472 427.0
2473 288.0
2474 427.0
2475 427.0
2476 427.0
2477 427.0
2478 427.0
2479 427.0
2480 427.0
2481 427.0
2482 427.0
2483 427.0
2484 427.0
2485 427.0
2486 427.0
2487 395.0
2488 427.0
2489 427.0
2490 427.0
2491 395.0
2492 427.0
2493 427.0
2494 427.0
2495 427.0
2496 191.0
2497 427.0
2498 395.0
2499 427.0
2500 427.0
2501 427.0
2502 427.0
2503 427.0
2504 427.0
2505 427.0
2506 427.0
2507 427.0
2508 308.0
2509 289.0
2510 328.0
2511 427.0
2512 395.0
2513 294.0
2514 427.0
2515 427.0
2516 355.0
2517 427.0
2518 427.0
2519 427.0
2520 427.0
2521 427.0
2522 427.0
2523 294.0
2524 294.0
2525 427.0
2526 427.0
2527 427.0
2528 427.0
2529 290.0
2530 427.0
2531 427.0
2532 427.0
2533 427.0
2534 427.0
2535 427.0
2536 284.0
2537 427.0
2538 427.0
2539 427.0
2540 427.0
2541 427.0
2542 294.0
2543 427.0
2544 427.0
2545 427.0
2546 427.0
2547 395.0
2548 427.0
2549 427.0
2550 427.0
2551 427.0
2552 427.0
2553 427.0
2554 427.0
2555 427.0
2556 427.0
2557 427.0
2558 255.0
2559 328.0
2560 289.0
2561 294.0
2562 427.0
2563 294.0
2564 294.0
2565 427.0
2566 427.0
2567 372.0
2568 427.0
2569 427.0
2570 427.0
2571 427.0
2572 427.0
2573 427.0
2574 427.0
2575 427.0
2576 427.0
2577 427.0
2578 427.0
2579 427.0
2580 290.0
2581 427.0
2582 290.0
2583 427.0
2584 427.0
2585 427.0
2586 427.0
2587 284.0
2588 427.0
2589 273.0
2590 427.0
2591 427.0
2592 427.0
2593 273.0
2594 427.0
2595 427.0
2596 427.0
2597 427.0
2598 427.0
2599 395.0
2600 191.0
2601 427.0
2602 427.0
2603 427.0
2604 427.0
2605 427.0
2606 427.0
2607 427.0
2608 427.0
2609 427.0
2610 282.0
2611 267.0
2612 359.0
2613 427.0
2614 25.0
2615 427.0
2616 427.0
2617 427.0
2618 109.0
2619 427.0
2620 427.0
2621 427.0
2622 427.0
2623 427.0
2624 427.0
2625 294.0
2626 427.0
2627 427.0
2628 427.0
2629 427.0
2630 427.0
2631 427.0
2632 427.0
2633 427.0
2634 427.0
2635 427.0
2636 427.0
2637 427.0
2638 427.0
2639 427.0
2640 273.0
2641 427.0
2642 427.0
2643 427.0
2644 293.0
2645 427.0
2646 427.0
2647 427.0
2648 427.0
2649 191.0
2650 427.0
2651 427.0
2652 427.0
2653 427.0
2654 427.0
2655 294.0
2656 427.0
2657 427.0
2658 427.0
2659 264.0
2660 427.0
2661 308.0
2662 289.0
2663 328.0
2664 427.0
2665 359.0
2666 427.0
2667 427.0
2668 427.0
2669 260.0
2670 427.0
2671 427.0
2672 427.0
2673 427.0
2674 427.0
2675 427.0
2676 294.0
2677 427.0
2678 427.0
2679 427.0
2680 427.0
2681 317.0
2682 427.0
2683 427.0
2684 427.0
2685 427.0
2686 427.0
2687 427.0
2688 427.0
2689 284.0
2690 427.0
2691 395.0
2692 427.0
2693 427.0
2694 427.0
2695 395.0
2696 427.0
2697 427.0
2698 427.0
2699 427.0
2700 427.0
2701 395.0
2702 395.0
2703 427.0
2704 427.0
2705 427.0
2706 427.0
2707 427.0
2708 427.0
2709 427.0
2710 284.0
2711 427.0
2712 395.0
2713 282.0
2714 427.0
2715 427.0
2716 427.0
2717 294.0
2718 427.0
2719 427.0
2720 372.0
2721 395.0
2722 427.0
2723 427.0
2724 427.0
2725 427.0
2726 427.0
2727 427.0
2728 191.0
2729 427.0
2730 427.0
2731 427.0
2732 427.0
2733 290.0
2734 427.0
2735 427.0
2736 427.0
2737 427.0
2738 427.0
2739 427.0
2740 284.0
2741 427.0
2742 427.0
2743 427.0
2744 427.0
2745 427.0
2746 427.0
2747 427.0
2748 427.0
2749 427.0
2750 427.0
2751 427.0
2752 427.0
2753 395.0
2754 427.0
2755 427.0
2756 427.0
2757 427.0
2758 427.0
2759 427.0
2760 427.0
2761 427.0
2762 395.0
2763 294.0
2764 285.0
2765 294.0
2766 427.0
2767 427.0
2768 294.0
2769 427.0
2770 427.0
2771 427.0
2772 427.0
2773 427.0
2774 427.0
2775 427.0
2776 427.0
2777 427.0
2778 427.0
2779 191.0
2780 427.0
2781 427.0
2782 427.0
2783 427.0
2784 427.0
2785 427.0
2786 290.0
2787 427.0
2788 427.0
2789 427.0
2790 427.0
2791 427.0
2792 427.0
2793 427.0
2794 427.0
2795 427.0
2796 427.0
2797 427.0
2798 427.0
2799 427.0
2800 427.0
2801 427.0
2802 395.0
2803 191.0
2804 290.0
2805 427.0
2806 427.0
2807 427.0
2808 294.0
2809 395.0
2810 427.0
2811 427.0
2812 427.0
2813 427.0
2814 427.0
2815 289.0
2816 359.0
2817 359.0
2818 359.0
2819 427.0
2820 427.0
2821 427.0
2822 38.0
2823 427.0
2824 427.0
2825 427.0
2826 427.0
2827 427.0
2828 427.0
2829 294.0
2830 427.0
2831 427.0
2832 427.0
2833 427.0
2834 427.0
2835 427.0
2836 427.0
2837 290.0
2838 427.0
2839 427.0
2840 427.0
2841 427.0
2842 427.0
2843 427.0
2844 427.0
2845 427.0
2846 427.0
2847 427.0
2848 427.0
2849 427.0
2850 427.0
2851 427.0
2852 427.0
2853 395.0
2854 191.0
2855 427.0
2856 427.0
2857 427.0
2858 427.0
2859 427.0
2860 427.0
2861 427.0
2862 427.0
2863 427.0
2864 427.0
2865 359.0
2866 282.0
2867 521.0
2868 427.0
2869 359.0
2870 427.0
2871 427.0
2872 427.0
2873 359.0
2874 427.0
2875 427.0
2876 427.0
2877 427.0
2878 427.0
2879 427.0
2880 294.0
2881 427.0
2882 427.0
2883 427.0
2884 427.0
2885 290.0
2886 290.0
2887 427.0
2888 427.0
2889 427.0
2890 427.0
2891 427.0
2892 427.0
2893 427.0
2894 427.0
2895 395.0
2896 427.0
2897 427.0
2898 427.0
2899 395.0
2900 427.0
2901 427.0
2902 427.0
2903 427.0
2904 427.0
2905 427.0
2906 395.0
2907 521.0
2908 427.0
2909 427.0
2910 427.0
2911 427.0
2912 427.0
2913 427.0
2914 427.0
2915 284.0
2916 294.0
2917 280.0
2918 427.0
2919 427.0
2920 427.0
2921 294.0
2922 427.0
2923 427.0
2924 380.0
2925 427.0
2926 427.0
2927 427.0
2928 427.0
2929 427.0
2930 427.0
2931 427.0
2932 427.0
2933 427.0
2934 427.0
2935 427.0
2936 427.0
2937 427.0
2938 427.0
2939 427.0
2940 427.0
2941 427.0
2942 427.0
2943 427.0
2944 427.0
2945 427.0
2946 427.0
2947 427.0
2948 427.0
2949 427.0
2950 427.0
2951 427.0
2952 427.0
2953 427.0
2954 427.0
2955 427.0
2956 427.0
2957 395.0
2958 521.0
2959 427.0
2960 395.0
2961 395.0
2962 427.0
2963 395.0
2964 427.0
2965 427.0
2966 427.0
2967 289.0
2968 289.0
2969 359.0
2970 303.0
2971 427.0
2972 427.0
2973 427.0
2974 427.0
2975 427.0
2976 427.0
2977 427.0
2978 427.0
2979 427.0
2980 427.0
2981 427.0
2982 427.0
2983 294.0
2984 427.0
2985 427.0
2986 427.0
2987 427.0
2988 427.0
2989 427.0
2990 290.0
2991 427.0
2992 427.0
2993 427.0
2994 427.0
2995 284.0
2996 427.0
2997 427.0
2998 427.0
2999 427.0
3000 427.0
3001 395.0
3002 427.0
3003 427.0
3004 427.0
3005 427.0
3006 191.0
3007 427.0
3008 427.0
3009 521.0
3010 427.0
3011 427.0
3012 395.0
3013 395.0
3014 427.0
3015 427.0
3016 427.0
3017 427.0
3018 359.0
3019 282.0
3020 359.0
3021 427.0
3022 395.0
3023 427.0
3024 427.0
3025 359.0
3026 284.0
3027 427.0
3028 427.0
3029 427.0
3030 427.0
3031 427.0
3032 427.0
3033 294.0
3034 427.0
3035 427.0
3036 427.0
3037 427.0
3038 427.0
3039 294.0
3040 427.0
3041 290.0
3042 427.0
3043 427.0
3044 427.0
3045 427.0
3046 427.0
3047 427.0
3048 395.0
3049 427.0
3050 427.0
3051 427.0
3052 395.0
3053 427.0
3054 427.0
3055 427.0
3056 427.0
3057 427.0
3058 395.0
3059 427.0
3060 521.0
3061 427.0
3062 427.0
3063 427.0
3064 395.0
3065 427.0
3066 427.0
3067 427.0
3068 294.0
3069 359.0
3070 0.0
3071 359.0
3072 427.0
3073 427.0
3074 427.0
3075 427.0
3076 427.0
3077 380.0
3078 427.0
3079 427.0
3080 427.0
3081 427.0
3082 427.0
3083 427.0
3084 285.0
3085 427.0
3086 427.0
3087 427.0
3088 427.0
3089 427.0
3090 427.0
3091 427.0
3092 427.0
3093 427.0
3094 427.0
3095 427.0
3096 427.0
3097 427.0
3098 427.0
3099 273.0
3100 427.0
3101 427.0
3102 427.0
3103 427.0
3104 427.0
3105 427.0
3106 427.0
3107 427.0
3108 427.0
3109 191.0
3110 395.0
3111 521.0
3112 180.0
3113 427.0
3114 427.0
3115 427.0
3116 427.0
3117 427.0
3118 427.0
3119 395.0
3120 359.0
3121 294.0
3122 348.0
3123 427.0
3124 427.0
3125 294.0
3126 427.0
3127 427.0
3128 359.0
3129 427.0
3130 427.0
3131 427.0
3132 427.0
3133 427.0
3134 427.0
3135 427.0
3136 294.0
3137 427.0
3138 427.0
3139 427.0
3140 427.0
3141 427.0
3142 366.0
3143 427.0
3144 427.0
3145 427.0
3146 427.0
3147 427.0
3148 427.0
3149 427.0
3150 427.0
3151 427.0
3152 427.0
3153 427.0
3154 395.0
3155 427.0
3156 427.0
3157 427.0
3158 427.0
3159 191.0
3160 395.0
3161 427.0
3162 521.0
3163 427.0
3164 427.0
3165 395.0
3166 427.0
3167 427.0
3168 427.0
3169 427.0
3170 427.0
3171 294.0
3172 294.0
3173 359.0
3174 348.0
3175 427.0
3176 427.0
3177 427.0
3178 427.0
3179 1.0
3180 427.0
3181 427.0
3182 427.0
3183 427.0
3184 427.0
3185 427.0
3186 49.0
3187 294.0
3188 427.0
3189 427.0
3190 427.0
3191 427.0
3192 290.0
3193 427.0
3194 427.0
3195 427.0
3196 427.0
3197 427.0
3198 427.0
3199 427.0
3200 427.0
3201 395.0
3202 427.0
3203 427.0
3204 427.0
3205 427.0
3206 427.0
3207 427.0
3208 427.0
3209 427.0
3210 180.0
3211 290.0
3212 427.0
3213 521.0
3214 427.0
3215 427.0
3216 427.0
3217 427.0
3218 427.0
3219 427.0
3220 427.0
3221 427.0
3222 427.0
3223 359.0
3224 332.0
3225 359.0
3226 359.0
3227 427.0
3228 427.0
3229 427.0
3230 372.0
3231 427.0
3232 427.0
3233 427.0
3234 427.0
3235 427.0
3236 427.0
3237 191.0
3238 427.0
3239 427.0
3240 427.0
3241 427.0
3242 427.0
3243 427.0
3244 427.0
3245 427.0
3246 427.0
3247 427.0
3248 427.0
3249 427.0
3250 427.0
3251 427.0
3252 427.0
3253 427.0
3254 427.0
3255 427.0
3256 395.0
3257 427.0
3258 395.0
3259 427.0
3260 427.0
3261 427.0
3262 427.0
3263 395.0
3264 521.0
3265 427.0
3266 427.0
3267 427.0
3268 395.0
3269 427.0
3270 427.0
3271 427.0
3272 427.0
3273 359.0
3274 328.0
3275 427.0
3276 332.0
3277 427.0
3278 294.0
3279 427.0
3280 427.0
3281 109.0
3282 427.0
3283 427.0
3284 427.0
3285 427.0
3286 427.0
3287 427.0
3288 354.0
3289 427.0
3290 427.0
3291 427.0
3292 427.0
3293 427.0
3294 427.0
3295 366.0
3296 427.0
3297 427.0
3298 427.0
3299 427.0
3300 427.0
3301 427.0
3302 427.0
3303 427.0
3304 427.0
3305 427.0
3306 427.0
3307 427.0
3308 427.0
3309 427.0
3310 427.0
3311 427.0
3312 395.0
3313 191.0
3314 327.0
3315 521.0
3316 427.0
3317 427.0
3318 427.0
3319 427.0
3320 427.0
3321 427.0
3322 427.0
3323 427.0
3324 294.0
3325 328.0
3326 427.0
3327 427.0
3328 427.0
3329 294.0
3330 427.0
3331 427.0
3332 191.0
3333 427.0
3334 427.0
3335 427.0
3336 427.0
3337 427.0
3338 427.0
3339 427.0
3340 359.0
3341 427.0
3342 427.0
3343 427.0
3344 427.0
3345 427.0
3346 366.0
3347 427.0
3348 427.0
3349 427.0
3350 427.0
3351 427.0
3352 49.0
3353 427.0
3354 427.0
3355 427.0
3356 427.0
3357 427.0
3358 395.0
3359 427.0
3360 427.0
3361 427.0
3362 427.0
3363 191.0
3364 290.0
3365 427.0
3366 521.0
3367 427.0
3368 427.0
3369 427.0
3370 427.0
3371 427.0
3372 427.0
3373 427.0
3374 427.0
3375 294.0
3376 294.0
3377 308.0
3378 348.0
3379 427.0
3380 427.0
3381 427.0
3382 427.0
3383 395.0
3384 427.0
3385 427.0
3386 427.0
3387 427.0
3388 427.0
3389 427.0
3390 427.0
3391 427.0
3392 427.0
3393 427.0
3394 427.0
3395 427.0
3396 290.0
3397 427.0
3398 427.0
3399 427.0
3400 427.0
3401 427.0
3402 427.0
3403 427.0
3404 427.0
3405 427.0
3406 427.0
3407 427.0
3408 427.0
3409 273.0
3410 427.0
3411 427.0
3412 427.0
3413 427.0
3414 191.0
3415 191.0
3416 395.0
3417 521.0
3418 427.0
3419 427.0
3420 427.0
3421 427.0
3422 427.0
3423 427.0
3424 427.0
3425 427.0
3426 294.0
3427 427.0
3428 303.0
3429 348.0
3430 427.0
3431 427.0
3432 427.0
3433 427.0
3434 372.0
3435 427.0
3436 427.0
3437 427.0
3438 427.0
3439 427.0
3440 427.0
3441 294.0
3442 427.0
3443 427.0
3444 427.0
3445 427.0
3446 427.0
3447 427.0
3448 366.0
3449 427.0
3450 427.0
3451 427.0
3452 427.0
3453 427.0
3454 427.0
3455 427.0
3456 427.0
3457 427.0
3458 427.0
3459 427.0
3460 427.0
3461 427.0
3462 427.0
3463 427.0
3464 427.0
3465 395.0
3466 427.0
3467 180.0
3468 521.0
3469 427.0
3470 427.0
3471 427.0
3472 427.0
3473 427.0
3474 427.0
3475 427.0
3476 427.0
3477 427.0
3478 98.0
3479 427.0
3480 427.0
3481 427.0
3482 294.0
3483 427.0
3484 427.0
3485 306.0
3486 427.0
3487 427.0
3488 427.0
3489 427.0
3490 427.0
3491 427.0
3492 427.0
3493 427.0
3494 427.0
3495 427.0
3496 427.0
3497 427.0
3498 427.0
3499 307.0
3500 427.0
3501 427.0
3502 427.0
3503 427.0
3504 427.0
3505 169.0
3506 427.0
3507 427.0
3508 427.0
3509 427.0
3510 427.0
3511 294.0
3512 427.0
3513 427.0
3514 427.0
3515 427.0
3516 191.0
3517 395.0
3518 427.0
3519 521.0
3520 427.0
3521 427.0
3522 427.0
3523 427.0
3524 427.0
3525 427.0
3526 427.0
3527 427.0
3528 294.0
3529 308.0
3530 359.0
3531 427.0
3532 427.0
3533 427.0
3534 427.0
3535 427.0
3536 191.0
3537 427.0
3538 427.0
3539 427.0
3540 427.0
3541 427.0
3542 427.0
3543 427.0
3544 427.0
3545 427.0
3546 427.0
3547 427.0
3548 427.0
3549 427.0
3550 427.0
3551 290.0
3552 427.0
3553 427.0
3554 427.0
3555 427.0
3556 395.0
3557 427.0
3558 427.0
3559 427.0
3560 427.0
3561 427.0
3562 427.0
3563 427.0
3564 427.0
3565 427.0
3566 427.0
3567 427.0
3568 427.0
3569 395.0
3570 521.0
3571 427.0
3572 427.0
3573 427.0
3574 427.0
3575 427.0
3576 427.0
3577 427.0
3578 427.0
3579 427.0
3580 294.0
3581 332.0
3582 427.0
3583 427.0
3584 427.0
3585 427.0
3586 427.0
3587 191.0
3588 427.0
3589 427.0
3590 427.0
3591 427.0
3592 427.0
3593 427.0
3594 282.0
3595 427.0
3596 427.0
3597 427.0
3598 427.0
3599 427.0
3600 427.0
3601 427.0
3602 427.0
3603 427.0
3604 427.0
3605 427.0
3606 427.0
3607 427.0
3608 427.0
3609 427.0
3610 427.0
3611 427.0
3612 427.0
3613 427.0
3614 427.0
3615 427.0
3616 427.0
3617 427.0
3618 427.0
3619 427.0
3620 427.0
3621 521.0
3622 427.0
3623 427.0
3624 427.0
3625 427.0
3626 427.0
3627 427.0
3628 427.0
3629 427.0
3630 427.0
3631 294.0
3632 427.0
3633 427.0
3634 427.0
3635 427.0
3636 427.0
3637 427.0
3638 372.0
3639 427.0
3640 427.0
3641 427.0
3642 427.0
3643 427.0
3644 427.0
3645 285.0
3646 427.0
3647 427.0
3648 427.0
3649 427.0
3650 427.0
3651 427.0
3652 286.0
3653 427.0
3654 427.0
3655 427.0
3656 427.0
3657 427.0
3658 427.0
3659 427.0
3660 427.0
3661 427.0
3662 427.0
3663 427.0
3664 427.0
3665 427.0
3666 427.0
3667 427.0
3668 427.0
3669 427.0
3670 427.0
3671 427.0
3672 521.0
3673 427.0
3674 427.0
3675 427.0
3676 427.0
3677 427.0
3678 427.0
3679 427.0
3680 427.0
3681 294.0
3682 289.0
3683 332.0
3684 395.0
3685 427.0
3686 294.0
3687 427.0
3688 427.0
3689 372.0
3690 427.0
3691 427.0
3692 427.0
3693 427.0
3694 427.0
3695 427.0
3696 285.0
3697 427.0
3698 427.0
3699 427.0
3700 427.0
3701 427.0
3702 427.0
3703 427.0
3704 290.0
3705 427.0
3706 427.0
3707 427.0
3708 427.0
3709 366.0
3710 427.0
3711 427.0
3712 427.0
3713 427.0
3714 427.0
3715 395.0
3716 427.0
3717 427.0
3718 427.0
3719 427.0
3720 395.0
3721 427.0
3722 395.0
3723 521.0
3724 427.0
3725 427.0
3726 427.0
3727 427.0
3728 427.0
3729 427.0
3730 427.0
3731 427.0
3732 294.0
3733 328.0
3734 348.0
3735 38.0
3736 427.0
3737 294.0
3738 427.0
3739 427.0
3740 191.0
3741 427.0
3742 427.0
3743 427.0
3744 427.0
3745 427.0
3746 427.0
3747 427.0
3748 427.0
3749 427.0
3750 427.0
3751 427.0
3752 427.0
3753 427.0
3754 427.0
3755 427.0
3756 427.0
3757 427.0
3758 427.0
3759 427.0
3760 427.0
3761 427.0
3762 427.0
3763 427.0
3764 427.0
3765 427.0
3766 427.0
3767 427.0
3768 427.0
3769 427.0
3770 427.0
3771 427.0
3772 427.0
3773 395.0
3774 521.0
3775 427.0
3776 427.0
3777 427.0
3778 427.0
3779 427.0
3780 427.0
3781 427.0
3782 427.0
3783 427.0
3784 427.0
3785 359.0
3786 261.0
3787 427.0
3788 427.0
3789 427.0
3790 427.0
3791 191.0
3792 427.0
3793 427.0
3794 427.0
3795 427.0
3796 427.0
3797 427.0
3798 427.0
3799 427.0
3800 427.0
3801 427.0
3802 427.0
3803 427.0
3804 427.0
3805 366.0
3806 427.0
3807 427.0
3808 427.0
3809 427.0
3810 427.0
3811 284.0
3812 427.0
3813 427.0
3814 427.0
3815 427.0
3816 427.0
3817 427.0
3818 427.0
3819 427.0
3820 427.0
3821 427.0
3822 427.0
3823 427.0
3824 290.0
3825 521.0
3826 427.0
3827 427.0
3828 427.0
3829 427.0
3830 427.0
3831 427.0
3832 427.0
3833 427.0
3834 294.0
3835 359.0
3836 348.0
3837 359.0
3838 427.0
3839 427.0
3840 427.0
3841 427.0
3842 372.0
3843 427.0
3844 427.0
3845 427.0
3846 427.0
3847 427.0
3848 427.0
3849 427.0
3850 427.0
3851 427.0
3852 427.0
3853 427.0
3854 427.0
3855 427.0
3856 307.0
3857 427.0
3858 427.0
3859 427.0
3860 427.0
3861 427.0
3862 427.0
3863 427.0
3864 427.0
3865 427.0
3866 427.0
3867 427.0
3868 395.0
3869 427.0
3870 427.0
3871 427.0
3872 427.0
3873 427.0
3874 427.0
3875 395.0
3876 521.0
3877 427.0
3878 427.0
3879 427.0
3880 427.0
3881 427.0
3882 427.0
3883 427.0
3884 427.0
3885 427.0
3886 395.0
3887 359.0
3888 395.0
3889 427.0
3890 427.0
3891 427.0
3892 427.0
3893 371.0
3894 427.0
3895 427.0
3896 427.0
3897 427.0
3898 427.0
3899 427.0
3900 282.0
3901 427.0
3902 427.0
3903 427.0
3904 427.0
3905 427.0
3906 427.0
3907 292.0
3908 427.0
3909 427.0
3910 427.0
3911 427.0
3912 427.0
3913 427.0
3914 427.0
3915 427.0
3916 427.0
3917 427.0
3918 427.0
3919 395.0
3920 427.0
3921 427.0
3922 427.0
3923 427.0
3924 395.0
3925 427.0
3926 395.0
3927 521.0
3928 427.0
3929 427.0
3930 427.0
3931 427.0
3932 427.0
3933 427.0
3934 284.0
3935 427.0
3936 427.0
3937 348.0
3938 348.0
3939 294.0
3940 427.0
3941 294.0
3942 427.0
3943 427.0
3944 191.0
3945 427.0
3946 427.0
3947 427.0
3948 427.0
3949 427.0
3950 427.0
3951 427.0
3952 427.0
3953 427.0
3954 427.0
3955 427.0
3956 427.0
3957 427.0
3958 427.0
3959 427.0
3960 427.0
3961 427.0
3962 427.0
3963 427.0
3964 284.0
3965 427.0
3966 427.0
3967 427.0
3968 427.0
3969 427.0
3970 395.0
3971 427.0
3972 427.0
3973 427.0
3974 427.0
3975 427.0
3976 427.0
3977 279.0
3978 521.0
3979 427.0
3980 427.0
3981 427.0
3982 395.0
3983 427.0
3984 427.0
3985 427.0
3986 273.0
3987 427.0
3988 282.0
3989 427.0
3990 294.0
3991 427.0
3992 294.0
3993 427.0
3994 427.0
3995 372.0
3996 427.0
3997 427.0
3998 427.0
3999 427.0
4000 427.0
4001 427.0
4002 427.0
4003 427.0
4004 427.0
4005 427.0
4006 427.0
4007 427.0
4008 427.0
4009 281.0
4010 427.0
4011 427.0
4012 427.0
4013 427.0
4014 427.0
4015 284.0
4016 427.0
4017 427.0
4018 427.0
4019 427.0
4020 427.0
4021 427.0
4022 427.0
4023 427.0
4024 427.0
4025 427.0
4026 427.0
4027 427.0
4028 395.0
4029 521.0
4030 427.0
4031 427.0
4032 427.0
4033 427.0
4034 427.0
4035 427.0
4036 427.0
4037 427.0
4038 427.0
4039 276.0
4040 303.0
4041 270.0
4042 427.0
4043 427.0
4044 427.0
4045 427.0
4046 191.0
4047 427.0
4048 427.0
4049 427.0
4050 427.0
4051 427.0
4052 427.0
4053 291.0
4054 427.0
4055 427.0
4056 427.0
4057 427.0
4058 427.0
4059 427.0
4060 98.0
4061 427.0
4062 427.0
4063 427.0
4064 427.0
4065 427.0
4066 366.0
4067 427.0
4068 427.0
4069 427.0
4070 427.0
4071 427.0
4072 427.0
4073 427.0
4074 427.0
4075 427.0
4076 427.0
4077 427.0
4078 427.0
4079 290.0
4080 521.0
4081 427.0
4082 427.0
4083 427.0
4084 427.0
4085 427.0
4086 427.0
4087 427.0
4088 427.0
4089 427.0
4090 274.0
4091 348.0
4092 348.0
4093 427.0
4094 427.0
4095 427.0
4096 427.0
4097 275.0
4098 427.0
4099 427.0
4100 427.0
4101 427.0
4102 427.0
4103 427.0
4104 427.0
4105 427.0
4106 427.0
4107 427.0
4108 427.0
4109 427.0
4110 427.0
4111 25.0
4112 427.0
4113 427.0
4114 427.0
4115 427.0
4116 427.0
4117 427.0
4118 427.0
4119 427.0
4120 427.0
4121 427.0
4122 427.0
4123 395.0
4124 427.0
4125 427.0
4126 427.0
4127 427.0
4128 427.0
4129 427.0
4130 395.0
4131 521.0
4132 427.0
4133 427.0
4134 427.0
4135 269.0
4136 427.0
4137 427.0
4138 427.0
4139 427.0
4140 427.0
4141 348.0
4142 427.0
4143 294.0
4144 427.0
4145 294.0
4146 427.0
4147 427.0
4148 427.0
4149 427.0
4150 427.0
4151 427.0
4152 427.0
4153 427.0
4154 427.0
4155 427.0
4156 427.0
4157 427.0
4158 427.0
4159 427.0
4160 427.0
4161 427.0
4162 310.0
4163 427.0
4164 427.0
4165 427.0
4166 427.0
4167 427.0
4168 273.0
4169 427.0
4170 273.0
4171 427.0
4172 427.0
4173 427.0
4174 395.0
4175 427.0
4176 427.0
4177 427.0
4178 427.0
4179 427.0
4180 427.0
4181 395.0
4182 521.0
4183 427.0
4184 427.0
4185 191.0
4186 395.0
4187 427.0
4188 427.0
4189 427.0
4190 277.0
4191 427.0
4192 6.0
4193 303.0
4194 427.0
4195 427.0
4196 427.0
4197 427.0
4198 427.0
4199 372.0
4200 427.0
4201 427.0
4202 427.0
4203 427.0
4204 427.0
4205 427.0
4206 427.0
4207 427.0
4208 427.0
4209 427.0
4210 427.0
4211 427.0
4212 427.0
4213 310.0
4214 427.0
4215 427.0
4216 427.0
4217 427.0
4218 427.0
4219 427.0
4220 427.0
4221 427.0
4222 427.0
4223 427.0
4224 427.0
4225 427.0
4226 427.0
4227 427.0
4228 427.0
4229 427.0
4230 427.0
4231 427.0
4232 395.0
4233 521.0
4234 427.0
4235 427.0
4236 191.0
4237 427.0
4238 427.0
4239 427.0
4240 427.0
4241 427.0
4242 427.0
4243 261.0
4244 521.0
4245 348.0
4246 427.0
4247 427.0
4248 427.0
4249 427.0
4250 275.0
4251 427.0
4252 427.0
4253 427.0
4254 427.0
4255 427.0
4256 427.0
4257 282.0
4258 427.0
4259 427.0
4260 427.0
4261 427.0
4262 427.0
4263 427.0
4264 275.0
4265 427.0
4266 427.0
4267 427.0
4268 427.0
4269 427.0
4270 427.0
4271 427.0
4272 395.0
4273 427.0
4274 427.0
4275 427.0
4276 395.0
4277 427.0
4278 427.0
4279 427.0
4280 427.0
4281 427.0
4282 427.0
4283 290.0
4284 521.0
4285 427.0
4286 427.0
4287 427.0
4288 395.0
4289 427.0
4290 427.0
4291 427.0
4292 427.0
4293 427.0
4294 261.0
4295 348.0
4296 427.0
4297 427.0
4298 427.0
4299 427.0
4300 427.0
4301 372.0
4302 427.0
4303 427.0
4304 427.0
4305 427.0
4306 427.0
4307 427.0
4308 275.0
4309 427.0
4310 427.0
4311 427.0
4312 427.0
4313 427.0
4314 427.0
4315 265.0
4316 427.0
4317 427.0
4318 427.0
4319 427.0
4320 427.0
4321 427.0
4322 427.0
4323 427.0
4324 427.0
4325 427.0
4326 427.0
4327 395.0
4328 427.0
4329 427.0
4330 427.0
4331 191.0
4332 427.0
4333 427.0
4334 395.0
4335 521.0
4336 427.0
4337 427.0
4338 427.0
4339 427.0
4340 427.0
4341 427.0
4342 427.0
4343 273.0
4344 427.0
4345 276.0
4346 303.0
4347 427.0
4348 427.0
4349 294.0
4350 427.0
4351 427.0
4352 372.0
4353 427.0
4354 427.0
4355 427.0
4356 427.0
4357 427.0
4358 427.0
4359 427.0
4360 427.0
4361 427.0
4362 427.0
4363 427.0
4364 427.0
4365 427.0
4366 300.0
4367 427.0
4368 427.0
4369 427.0
4370 427.0
4371 427.0
4372 427.0
4373 427.0
4374 427.0
4375 427.0
4376 427.0
4377 427.0
4378 427.0
4379 427.0
4380 427.0
4381 427.0
4382 427.0
4383 427.0
4384 427.0
4385 395.0
4386 521.0
4387 427.0
4388 427.0
4389 395.0
4390 427.0
4391 427.0
4392 427.0
4393 427.0
4394 284.0
4395 427.0
4396 6.0
4397 303.0
4398 109.0
4399 427.0
4400 427.0
4401 427.0
4402 427.0
4403 275.0
4404 427.0
4405 427.0
4406 427.0
4407 427.0
4408 427.0
4409 427.0
4410 427.0
4411 427.0
4412 427.0
4413 427.0
4414 427.0
4415 427.0
4416 427.0
4417 300.0
4418 427.0
4419 427.0
4420 427.0
4421 427.0
4422 427.0
4423 284.0
4424 427.0
4425 395.0
4426 427.0
4427 427.0
4428 427.0
4429 395.0
4430 427.0
4431 395.0
4432 427.0
4433 427.0
4434 427.0
4435 427.0
4436 395.0
4437 521.0
4438 427.0
4439 427.0
4440 427.0
4441 395.0
4442 427.0
4443 427.0
4444 427.0
4445 427.0
4446 427.0
4447 109.0
4448 303.0
4449 427.0
4450 427.0
4451 427.0
4452 427.0
4453 427.0
4454 359.0
4455 427.0
4456 427.0
4457 427.0
4458 427.0
4459 427.0
4460 427.0
4461 267.0
4462 427.0
4463 427.0
4464 427.0
4465 427.0
4466 427.0
4467 427.0
4468 267.0
4469 427.0
4470 427.0
4471 427.0
4472 427.0
4473 427.0
4474 284.0
4475 427.0
4476 427.0
4477 427.0
4478 427.0
4479 427.0
4480 427.0
4481 427.0
4482 395.0
4483 427.0
4484 427.0
4485 427.0
4486 427.0
4487 290.0
4488 521.0
4489 427.0
4490 427.0
4491 427.0
4492 427.0
4493 427.0
4494 427.0
4495 427.0
4496 427.0
4497 427.0
4498 312.0
4499 348.0
4500 294.0
4501 427.0
4502 294.0
4503 427.0
4504 427.0
4505 372.0
4506 427.0
4507 427.0
4508 427.0
4509 427.0
4510 427.0
4511 427.0
4512 427.0
4513 427.0
4514 427.0
4515 427.0
4516 427.0
4517 427.0
4518 427.0
4519 293.0
4520 427.0
4521 427.0
4522 427.0
4523 427.0
4524 427.0
4525 427.0
4526 427.0
4527 273.0
4528 427.0
4529 427.0
4530 427.0
4531 395.0
4532 427.0
4533 427.0
4534 427.0
4535 427.0
4536 427.0
4537 427.0
4538 395.0
4539 521.0
4540 427.0
4541 427.0
4542 290.0
4543 427.0
4544 427.0
4545 427.0
4546 427.0
4547 427.0
4548 427.0
4549 6.0
4550 348.0
4551 332.0
4552 427.0
4553 427.0
4554 427.0
4555 427.0
4556 372.0
4557 427.0
4558 427.0
4559 427.0
4560 427.0
4561 427.0
4562 427.0
4563 427.0
4564 427.0
4565 427.0
4566 427.0
4567 427.0
4568 427.0
4569 427.0
4570 310.0
4571 427.0
4572 427.0
4573 427.0
4574 427.0
4575 427.0
4576 427.0
4577 427.0
4578 427.0
4579 427.0
4580 427.0
4581 427.0
4582 427.0
4583 427.0
4584 427.0
4585 427.0
4586 427.0
4587 427.0
4588 427.0
4589 427.0
4590 521.0
4591 427.0
4592 427.0
4593 395.0
4594 427.0
4595 427.0
4596 427.0
4597 284.0
4598 427.0
4599 427.0
4600 6.0
4601 303.0
4602 427.0
4603 427.0
4604 427.0
4605 427.0
4606 427.0
4607 359.0
4608 427.0
4609 427.0
4610 427.0
4611 427.0
4612 427.0
4613 427.0
4614 427.0
4615 427.0
4616 427.0
4617 427.0
4618 427.0
4619 427.0
4620 427.0
4621 264.0
4622 427.0
4623 427.0
4624 427.0
4625 427.0
4626 427.0
4627 427.0
4628 427.0
4629 395.0
4630 427.0
4631 427.0
4632 427.0
4633 427.0
4634 427.0
4635 395.0
4636 427.0
4637 427.0
4638 427.0
4639 427.0
4640 395.0
4641 521.0
4642 427.0
4643 427.0
4644 427.0
4645 395.0
4646 427.0
4647 427.0
4648 427.0
4649 284.0
4650 427.0
4651 395.0
4652 348.0
4653 359.0
4654 427.0
4655 427.0
4656 427.0
4657 427.0
4658 372.0
4659 427.0
4660 427.0
4661 427.0
4662 427.0
4663 427.0
4664 427.0
4665 427.0
4666 427.0
4667 427.0
4668 427.0
4669 427.0
4670 427.0
4671 427.0
4672 287.0
4673 427.0
4674 427.0
4675 427.0
4676 427.0
4677 427.0
4678 427.0
4679 427.0
4680 427.0
4681 427.0
4682 427.0
4683 427.0
4684 427.0
4685 427.0
4686 427.0
4687 427.0
4688 427.0
4689 427.0
4690 427.0
4691 395.0
4692 521.0
4693 427.0
4694 427.0
4695 427.0
4696 427.0
4697 427.0
4698 427.0
4699 427.0
4700 427.0
4701 427.0
4702 254.0
4703 521.0
4704 359.0
4705 359.0
4706 427.0
4707 427.0
4708 427.0
4709 372.0
4710 427.0
4711 427.0
4712 427.0
4713 427.0
4714 427.0
4715 427.0
4716 427.0
4717 427.0
4718 427.0
4719 427.0
4720 427.0
4721 427.0
4722 427.0
4723 310.0
4724 427.0
4725 427.0
4726 427.0
4727 427.0
4728 427.0
4729 427.0
4730 427.0
4731 427.0
4732 427.0
4733 427.0
4734 427.0
4735 395.0
4736 427.0
4737 427.0
4738 427.0
4739 360.0
4740 427.0
4741 427.0
4742 395.0
4743 521.0
4744 427.0
4745 395.0
4746 395.0
4747 427.0
4748 427.0
4749 427.0
4750 427.0
4751 427.0
4752 359.0
4753 427.0
4754 303.0
4755 359.0
4756 427.0
4757 427.0
4758 427.0
4759 427.0
4760 359.0
4761 427.0
4762 427.0
4763 427.0
4764 427.0
4765 427.0
4766 427.0
4767 427.0
4768 427.0
4769 427.0
4770 427.0
4771 427.0
4772 427.0
4773 427.0
4774 358.0
4775 427.0
4776 427.0
4777 427.0
4778 427.0
4779 427.0
4780 427.0
4781 427.0
4782 395.0
4783 427.0
4784 427.0
4785 427.0
4786 427.0
4787 427.0
4788 427.0
4789 427.0
4790 427.0
4791 427.0
4792 427.0
4793 395.0
4794 521.0
4795 427.0
4796 427.0
4797 427.0
4798 427.0
4799 427.0
4800 427.0
4801 277.0
4802 427.0
4803 294.0
4804 6.0
4805 348.0
4806 427.0
4807 427.0
4808 427.0
4809 427.0
4810 427.0
4811 359.0
4812 427.0
4813 427.0
4814 427.0
4815 427.0
4816 427.0
4817 427.0
4818 427.0
4819 427.0
4820 427.0
4821 427.0
4822 427.0
4823 427.0
4824 427.0
4825 293.0
4826 427.0
4827 427.0
4828 427.0
4829 427.0
4830 427.0
4831 427.0
4832 427.0
4833 427.0
4834 427.0
4835 427.0
4836 427.0
4837 427.0
4838 427.0
4839 427.0
4840 427.0
4841 427.0
4842 427.0
4843 427.0
4844 395.0
4845 521.0
4846 427.0
4847 427.0
4848 427.0
4849 395.0
4850 427.0
4851 427.0
4852 427.0
4853 427.0
4854 427.0
4855 359.0
4856 348.0
4857 303.0
4858 427.0
4859 427.0
4860 427.0
4861 427.0
4862 372.0
4863 427.0
4864 427.0
4865 427.0
4866 427.0
4867 427.0
4868 427.0
4869 427.0
4870 427.0
4871 427.0
4872 427.0
4873 427.0
4874 427.0
4875 427.0
4876 310.0
4877 427.0
4878 427.0
4879 427.0
4880 427.0
4881 427.0
4882 427.0
4883 427.0
4884 427.0
4885 427.0
4886 427.0
4887 427.0
4888 427.0
4889 427.0
4890 427.0
4891 427.0
4892 427.0
4893 427.0
4894 427.0
4895 395.0
4896 521.0
4897 427.0
4898 427.0
4899 290.0
4900 395.0
4901 427.0
4902 427.0
4903 427.0
4904 427.0
4905 359.0
4906 340.0
4907 303.0
4908 307.0
4909 427.0
4910 427.0
4911 427.0
4912 427.0
4913 372.0
4914 427.0
4915 427.0
4916 427.0
4917 427.0
4918 427.0
4919 427.0
4920 427.0
4921 427.0
4922 427.0
4923 427.0
4924 427.0
4925 427.0
4926 427.0
4927 310.0
4928 427.0
4929 427.0
4930 427.0
4931 427.0
4932 427.0
4933 427.0
4934 427.0
4935 395.0
4936 427.0
4937 427.0
4938 427.0
4939 427.0
4940 427.0
4941 427.0
4942 427.0
4943 427.0
4944 427.0
4945 427.0
4946 290.0
4947 521.0
4948 427.0
4949 427.0
4950 395.0
4951 427.0
4952 427.0
4953 427.0
4954 427.0
4955 427.0
4956 427.0
4957 427.0
4958 348.0
4959 427.0
4960 427.0
4961 427.0
4962 427.0
4963 427.0
4964 359.0
4965 427.0
4966 427.0
4967 427.0
4968 427.0
4969 427.0
4970 427.0
4971 427.0
4972 427.0
4973 427.0
4974 427.0
4975 427.0
4976 427.0
4977 427.0
4978 272.0
4979 427.0
4980 427.0
4981 427.0
4982 427.0
4983 427.0
4984 427.0
4985 427.0
4986 395.0
4987 427.0
4988 427.0
4989 427.0
4990 427.0
4991 427.0
4992 427.0
4993 427.0
4994 427.0
4995 427.0
4996 427.0
4997 279.0
4998 521.0
4999 427.0
5000 427.0
5001 427.0
5002 427.0
5003 427.0
5004 427.0
5005 427.0
5006 427.0
5007 294.0
5008 275.0
5009 348.0
5010 427.0
5011 427.0
5012 427.0
5013 427.0
5014 427.0
5015 372.0
5016 427.0
5017 427.0
5018 427.0
5019 427.0
5020 427.0
5021 427.0
5022 427.0
5023 427.0
5024 427.0
5025 427.0
5026 427.0
5027 427.0
5028 427.0
5029 265.0
5030 427.0
5031 427.0
5032 427.0
5033 427.0
5034 427.0
5035 427.0
5036 427.0
5037 273.0
5038 427.0
5039 427.0
5040 427.0
5041 427.0
5042 427.0
5043 427.0
5044 427.0
5045 427.0
5046 427.0
5047 427.0
5048 395.0
5049 521.0
5050 427.0
5051 279.0
5052 427.0
5053 395.0
5054 427.0
5055 427.0
5056 427.0
5057 427.0
5058 427.0
5059 6.0
5060 348.0
5061 359.0
5062 427.0
5063 427.0
5064 427.0
5065 427.0
5066 372.0
5067 427.0
5068 427.0
5069 427.0
5070 427.0
5071 427.0
5072 427.0
5073 427.0
5074 427.0
5075 427.0
5076 427.0
5077 427.0
5078 427.0
5079 427.0
5080 358.0
5081 427.0
5082 427.0
5083 427.0
5084 427.0
5085 427.0
5086 427.0
5087 427.0
5088 427.0
5089 427.0
5090 427.0
5091 427.0
5092 427.0
5093 427.0
5094 427.0
5095 427.0
5096 427.0
5097 427.0
5098 427.0
5099 395.0
5100 521.0
