1 203.0
2 203.0
3 203.0
4 0.0
5 25.0
6 32.0
7 33.0
8 203.0
9 169.0
10 0.0
11 203.0
12 169.0
13 169.0
14 203.0
15 0.0
16 203.0
17 203.0
18 30.0
19 203.0
20 203.0
21 0.0
22 0.0
23 0.0
24 203.0
25 169.0
26 169.0
27 204.0
28 169.0
29 32.0
30 169.0
31 30.0
32 203.0
33 169.0
34 180.0
35 0.0
36 169.0
37 203.0
38 0.0
39 267.0
40 203.0
41 203.0
42 204.0
43 203.0
44 203.0
45 116.0
46 0.0
47 0.0
48 32.0
49 169.0
50 38.0
51 267.0
52 0.0
53 32.0
54 151.0
55 0.0
56 0.0
57 0.0
58 203.0
59 203.0
60 30.0
61 203.0
62 204.0
63 32.0
64 0.0
65 203.0
66 0.0
67 203.0
68 192.0
69 0.0
70 203.0
71 169.0
72 191.0
73 0.0
74 276.0
75 0.0
76 32.0
77 169.0
78 169.0
79 32.0
80 32.0
81 169.0
82 204.0
83 203.0
84 0.0
85 203.0
86 0.0
87 0.0
88 32.0
89 0.0
90 0.0
91 32.0
92 186.0
93 0.0
94 32.0
95 9.0
96 0.0
97 0.0
98 0.0
99 32.0
100 203.0
101 32.0
102 276.0
103 203.0
104 30.0
105 204.0
106 30.0
107 203.0
108 0.0
109 0.0
110 0.0
111 30.0
112 203.0
113 32.0
114 32.0
115 0.0
116 203.0
117 0.0
118 32.0
119 32.0
120 203.0
121 0.0
122 32.0
123 411.0
124 40.0
125 32.0
126 204.0
127 32.0
128 0.0
129 169.0
130 32.0
131 0.0
132 169.0
133 169.0
134 204.0
135 0.0
136 203.0
137 0.0
138 164.0
139 32.0
140 32.0
141 0.0
142 32.0
143 194.0
144 203.0
145 32.0
146 0.0
147 169.0
148 203.0
149 0.0
150 32.0
151 6.0
152 0.0
153 411.0
154 203.0
155 0.0
156 276.0
157 30.0
158 311.0
159 0.0
160 32.0
161 0.0
162 0.0
163 203.0
164 203.0
165 203.0
166 30.0
167 0.0
168 0.0
169 32.0
170 0.0
171 0.0
172 0.0
173 194.0
174 194.0
175 32.0
176 203.0
177 204.0
178 204.0
179 203.0
180 204.0
181 169.0
182 204.0
183 204.0
184 276.0
185 30.0
186 192.0
187 191.0
188 204.0
189 204.0
190 0.0
191 32.0
192 204.0
193 0.0
194 0.0
195 0.0
196 169.0
197 33.0
198 203.0
199 203.0
200 203.0
201 33.0
202 194.0
203 203.0
204 411.0
205 194.0
206 194.0
207 203.0
208 276.0
209 276.0
210 0.0
211 32.0
212 0.0
213 180.0
214 194.0
215 203.0
216 189.0
217 0.0
218 203.0
219 203.0
220 203.0
221 203.0
222 1.0
223 279.0
224 203.0
225 194.0
226 203.0
227 194.0
228 0.0
229 204.0
230 468.0
231 25.0
232 203.0
233 4.0
234 203.0
235 276.0
236 204.0
237 242.0
238 191.0
239 276.0
240 203.0
241 180.0
242 194.0
243 276.0
244 203.0
245 203.0
246 169.0
247 204.0
248 30.0
249 169.0
250 30.0
251 203.0
252 203.0
253 30.0
254 276.0
255 468.0
256 351.0
257 276.0
258 204.0
259 203.0
260 507.0
261 0.0
262 194.0
263 0.0
264 203.0
265 204.0
266 169.0
267 32.0
268 30.0
269 0.0
270 276.0
271 203.0
272 477.0
273 0.0
274 278.0
275 203.0
276 507.0
277 300.0
278 169.0
279 203.0
280 169.0
281 502.0
282 169.0
283 203.0
284 15.0
285 507.0
286 507.0
287 203.0
288 189.0
289 203.0
290 189.0
291 194.0
292 0.0
293 32.0
294 276.0
295 204.0
296 389.0
297 32.0
298 31.0
299 0.0
300 203.0
301 0.0
302 284.0
303 169.0
304 454.0
305 189.0
306 507.0
307 351.0
308 276.0
309 203.0
310 212.0
311 203.0
312 203.0
313 276.0
314 169.0
315 276.0
316 204.0
317 203.0
318 0.0
319 474.0
320 203.0
321 43.0
322 33.0
323 204.0
324 203.0
325 203.0
326 465.0
327 395.0
328 203.0
329 169.0
330 203.0
331 507.0
332 507.0
333 169.0
334 468.0
335 15.0
336 316.0
337 385.0
338 203.0
339 351.0
340 479.0
341 406.0
342 0.0
343 180.0
344 32.0
345 203.0
346 204.0
347 399.0
348 276.0
349 316.0
350 0.0
351 194.0
352 25.0
353 32.0
354 203.0
355 395.0
356 189.0
357 507.0
358 203.0
359 276.0
360 203.0
361 30.0
362 399.0
363 0.0
364 479.0
365 32.0
366 193.0
367 204.0
368 203.0
369 175.0
370 175.0
371 0.0
372 294.0
373 203.0
374 169.0
375 0.0
376 397.0
377 276.0
378 507.0
379 466.0
380 465.0
381 0.0
382 204.0
383 507.0
384 204.0
385 289.0
386 15.0
387 474.0
388 465.0
389 164.0
390 203.0
391 204.0
392 371.0
393 204.0
394 0.0
395 0.0
396 194.0
397 194.0
398 203.0
399 317.0
400 203.0
401 0.0
402 474.0
403 204.0
404 479.0
405 32.0
406 203.0
407 203.0
408 507.0
409 203.0
410 169.0
411 169.0
412 191.0
413 469.0
414 0.0
415 203.0
416 32.0
417 203.0
418 480.0
419 204.0
420 186.0
421 0.0
422 203.0
423 411.0
424 32.0
425 203.0
426 399.0
427 189.0
428 388.0
429 507.0
430 436.0
431 203.0
432 467.0
433 470.0
434 507.0
435 25.0
436 507.0
437 203.0
438 276.0
439 348.0
440 468.0
441 4.0
442 481.0
443 276.0
444 204.0
445 169.0
446 169.0
447 3.0
448 468.0
449 464.0
450 482.0
451 98.0
452 0.0
453 505.0
454 480.0
455 191.0
456 379.0
457 395.0
458 203.0
459 507.0
460 276.0
461 193.0
462 203.0
463 203.0
464 507.0
465 0.0
466 470.0
467 0.0
468 169.0
469 191.0
470 169.0
471 0.0
472 0.0
473 32.0
474 395.0
475 203.0
476 470.0
477 479.0
478 204.0
479 169.0
480 395.0
481 203.0
482 169.0
483 203.0
484 507.0
485 507.0
486 169.0
487 474.0
488 1.0
489 507.0
490 399.0
491 192.0
492 189.0
493 348.0
494 1.0
495 203.0
496 0.0
497 203.0
498 203.0
499 470.0
500 276.0
501 465.0
502 31.0
503 0.0
504 507.0
505 203.0
506 398.0
507 169.0
508 203.0
509 153.0
510 507.0
511 507.0
512 169.0
513 396.0
514 30.0
515 294.0
516 468.0
517 507.0
518 0.0
519 186.0
520 399.0
521 203.0
522 0.0
523 276.0
524 203.0
525 411.0
526 194.0
527 169.0
528 212.0
529 203.0
530 276.0
531 399.0
532 398.0
533 169.0
534 0.0
535 507.0
536 475.0
537 0.0
538 399.0
539 478.0
540 507.0
541 470.0
542 204.0
543 351.0
544 481.0
545 204.0
546 0.0
547 169.0
548 401.0
549 468.0
550 469.0
551 389.0
552 276.0
553 194.0
554 471.0
555 474.0
556 351.0
557 32.0
558 507.0
559 203.0
560 276.0
561 507.0
562 203.0
563 0.0
564 204.0
565 0.0
566 474.0
567 0.0
568 351.0
569 32.0
570 507.0
571 204.0
572 203.0
573 178.0
574 33.0
575 25.0
576 507.0
577 203.0
578 203.0
579 402.0
580 30.0
581 194.0
582 276.0
583 351.0
584 203.0
585 213.0
586 203.0
587 507.0
588 30.0
589 399.0
590 469.0
591 194.0
592 474.0
593 409.0
594 411.0
595 204.0
596 32.0
597 1.0
598 203.0
599 214.0
600 3.0
601 466.0
602 402.0
603 169.0
604 98.0
605 0.0
606 474.0
607 289.0
608 453.0
609 203.0
610 30.0
611 194.0
612 507.0
613 351.0
614 3.0
615 203.0
616 15.0
617 399.0
618 0.0
619 507.0
620 0.0
621 203.0
622 169.0
623 169.0
624 32.0
625 0.0
626 306.0
627 276.0
628 203.0
629 194.0
630 213.0
631 189.0
632 203.0
633 395.0
634 507.0
635 203.0
636 189.0
637 479.0
638 507.0
639 169.0
640 469.0
641 1.0
642 474.0
643 507.0
644 188.0
645 411.0
646 507.0
647 276.0
648 194.0
649 0.0
650 192.0
651 466.0
652 466.0
653 474.0
654 169.0
655 469.0
656 25.0
657 399.0
658 212.0
659 194.0
660 507.0
661 389.0
662 402.0
663 507.0
664 276.0
665 0.0
666 203.0
667 212.0
668 396.0
669 32.0
670 468.0
671 32.0
672 186.0
673 384.0
674 169.0
675 0.0
676 0.0
677 203.0
678 305.0
679 203.0
680 169.0
681 0.0
682 33.0
683 276.0
684 399.0
685 470.0
686 247.0
687 194.0
688 481.0
689 475.0
690 32.0
691 474.0
692 212.0
693 507.0
694 399.0
695 188.0
696 351.0
697 203.0
698 474.0
699 276.0
700 203.0
701 414.0
702 204.0
703 468.0
704 276.0
705 30.0
706 204.0
707 25.0
708 468.0
709 203.0
710 399.0
711 379.0
712 399.0
713 400.0
714 507.0
715 507.0
716 3.0
717 204.0
718 30.0
719 469.0
720 203.0
721 507.0
722 0.0
723 507.0
724 204.0
725 203.0
726 194.0
727 92.0
728 475.0
729 473.0
730 203.0
731 169.0
732 501.0
733 189.0
734 194.0
735 507.0
736 351.0
737 203.0
738 507.0
739 203.0
740 203.0
741 204.0
742 395.0
743 4.0
744 411.0
745 465.0
746 300.0
747 507.0
748 191.0
749 474.0
750 306.0
751 169.0
752 203.0
753 465.0
754 507.0
755 395.0
756 482.0
757 30.0
758 0.0
759 474.0
760 194.0
761 203.0
762 203.0
763 383.0
764 453.0
765 507.0
766 203.0
767 3.0
768 169.0
769 507.0
770 474.0
771 32.0
772 194.0
773 203.0
774 203.0
775 203.0
776 316.0
777 397.0
778 0.0
779 203.0
780 39.0
781 490.0
782 203.0
783 300.0
784 288.0
785 169.0
786 507.0
787 480.0
788 203.0
789 203.0
790 203.0
791 507.0
792 404.0
793 399.0
794 203.0
795 194.0
796 474.0
797 465.0
798 283.0
799 507.0
800 468.0
801 395.0
802 0.0
803 479.0
804 189.0
805 402.0
806 474.0
807 169.0
808 32.0
809 0.0
810 474.0
811 194.0
812 194.0
813 294.0
814 3.0
815 395.0
816 507.0
817 203.0
818 25.0
819 169.0
820 212.0
821 203.0
822 0.0
823 470.0
824 32.0
825 3.0
826 204.0
827 169.0
828 276.0
829 276.0
830 203.0
831 276.0
832 464.0
833 203.0
834 395.0
835 203.0
836 194.0
837 395.0
838 507.0
839 507.0
840 507.0
841 507.0
842 507.0
843 403.0
844 474.0
845 212.0
846 507.0
847 351.0
848 468.0
849 507.0
850 479.0
851 468.0
852 203.0
853 0.0
854 192.0
855 194.0
856 507.0
857 474.0
858 311.0
859 30.0
860 0.0
861 474.0
862 203.0
863 474.0
864 379.0
865 468.0
866 474.0
867 507.0
868 186.0
869 203.0
870 169.0
871 276.0
872 276.0
873 203.0
874 399.0
875 32.0
876 203.0
877 204.0
878 507.0
879 203.0
880 0.0
881 203.0
882 305.0
883 395.0
884 203.0
885 203.0
886 203.0
887 507.0
888 399.0
889 351.0
890 169.0
891 350.0
892 169.0
893 203.0
894 203.0
895 474.0
896 17.0
897 411.0
898 468.0
899 204.0
900 351.0
901 191.0
902 396.0
903 300.0
904 169.0
905 408.0
906 204.0
907 507.0
908 474.0
909 191.0
910 30.0
911 33.0
912 507.0
913 212.0
914 203.0
915 203.0
916 333.0
917 468.0
918 507.0
919 203.0
920 3.0
921 203.0
922 30.0
923 276.0
924 203.0
925 351.0
926 0.0
927 3.0
928 194.0
929 203.0
930 276.0
931 0.0
932 203.0
933 411.0
934 468.0
935 468.0
936 437.0
937 276.0
938 169.0
939 474.0
940 470.0
941 203.0
942 203.0
943 204.0
944 507.0
945 169.0
946 507.0
947 134.0
948 203.0
949 474.0
950 465.0
951 507.0
952 348.0
953 474.0
954 395.0
955 180.0
956 414.0
957 204.0
958 395.0
959 399.0
960 0.0
961 98.0
962 203.0
963 474.0
964 0.0
965 194.0
966 507.0
967 470.0
968 474.0
969 507.0
970 203.0
971 0.0
972 203.0
973 316.0
974 169.0
975 32.0
976 351.0
977 0.0
978 3.0
979 470.0
980 311.0
981 276.0
982 0.0
983 0.0
984 276.0
985 190.0
986 203.0
987 468.0
988 203.0
989 203.0
990 507.0
991 507.0
992 468.0
993 203.0
994 468.0
995 468.0
996 289.0
997 507.0
998 15.0
999 194.0
1000 277.0
1001 468.0
1002 507.0
1003 479.0
1004 468.0
1005 507.0
1006 0.0
1007 373.0
1008 276.0
1009 507.0
1010 203.0
1011 212.0
1012 98.0
1013 196.0
1014 474.0
1015 203.0
1016 507.0
1017 504.0
1018 276.0
1019 507.0
1020 507.0
1021 276.0
1022 3.0
1023 169.0
1024 212.0
1025 203.0
1026 203.0
1027 470.0
1028 0.0
1029 203.0
1030 204.0
1031 203.0
1032 203.0
1033 0.0
1034 0.0
1035 276.0
1036 190.0
1037 203.0
1038 397.0
1039 203.0
1040 203.0
1041 395.0
1042 351.0
1043 169.0
1044 507.0
1045 169.0
1046 507.0
1047 204.0
1048 474.0
1049 15.0
1050 411.0
1051 470.0
1052 479.0
1053 507.0
1054 191.0
1055 396.0
1056 0.0
1057 169.0
1058 408.0
1059 468.0
1060 467.0
1061 478.0
1062 194.0
1063 32.0
1064 196.0
1065 507.0
1066 204.0
1067 468.0
1068 507.0
1069 276.0
1070 507.0
1071 507.0
1072 186.0
1073 3.0
1074 169.0
1075 0.0
1076 474.0
1077 203.0
1078 468.0
1079 0.0
1080 276.0
1081 194.0
1082 203.0
1083 474.0
1084 0.0
1085 311.0
1086 470.0
1087 193.0
1088 194.0
1089 397.0
1090 203.0
1091 169.0
1092 474.0
1093 480.0
1094 468.0
1095 189.0
1096 204.0
1097 169.0
1098 289.0
1099 507.0
1100 476.0
1101 411.0
1102 507.0
1103 203.0
1104 507.0
1105 196.0
1106 474.0
1107 300.0
1108 169.0
1109 192.0
1110 481.0
1111 395.0
1112 474.0
1113 482.0
1114 169.0
1115 203.0
1116 507.0
1117 0.0
1118 469.0
1119 468.0
1120 203.0
1121 507.0
1122 507.0
1123 203.0
1124 25.0
1125 203.0
1126 30.0
1127 474.0
1128 32.0
1129 507.0
1130 32.0
1131 3.0
1132 470.0
1133 194.0
1134 507.0
1135 0.0
1136 0.0
1137 203.0
1138 3.0
1139 203.0
1140 466.0
1141 276.0
1142 169.0
1143 474.0
1144 470.0
1145 203.0
1146 203.0
1147 204.0
1148 203.0
1149 472.0
1150 395.0
1151 169.0
1152 203.0
1153 351.0
1154 491.0
1155 507.0
1156 316.0
1157 469.0
1158 507.0
1159 169.0
1160 203.0
1161 212.0
1162 395.0
1163 399.0
1164 0.0
1165 204.0
1166 33.0
1167 468.0
1168 204.0
1169 194.0
1170 504.0
1171 276.0
1172 474.0
1173 507.0
1174 169.0
1175 3.0
1176 204.0
1177 212.0
1178 203.0
1179 32.0
1180 351.0
1181 0.0
1182 3.0
1183 480.0
1184 169.0
1185 507.0
1186 0.0
1187 203.0
1188 276.0
1189 3.0
1190 475.0
1191 466.0
1192 289.0
1193 32.0
1194 504.0
1195 194.0
1196 507.0
1197 507.0
1198 32.0
1199 507.0
1200 468.0
1201 395.0
1202 15.0
1203 507.0
1204 507.0
1205 468.0
1206 470.0
1207 479.0
1208 474.0
1209 164.0
1210 32.0
1211 30.0
1212 507.0
1213 507.0
1214 479.0
1215 191.0
1216 169.0
1217 0.0
1218 507.0
1219 204.0
1220 507.0
1221 474.0
1222 381.0
1223 468.0
1224 507.0
1225 276.0
1226 3.0
1227 169.0
1228 507.0
1229 203.0
1230 32.0
1231 470.0
1232 169.0
1233 203.0
1234 349.0
1235 169.0
1236 468.0
1237 0.0
1238 203.0
1239 39.0
1240 464.0
1241 480.0
1242 507.0
1243 169.0
1244 169.0
1245 507.0
1246 507.0
1247 169.0
1248 189.0
1249 169.0
1250 507.0
1251 507.0
1252 474.0
1253 15.0
1254 507.0
1255 474.0
1256 479.0
1257 470.0
1258 191.0
1259 399.0
1260 300.0
1261 204.0
1262 32.0
1263 189.0
1264 507.0
1265 474.0
1266 169.0
1267 169.0
1268 196.0
1269 507.0
1270 191.0
1271 468.0
1272 474.0
1273 203.0
1274 474.0
1275 507.0
1276 276.0
1277 30.0
1278 169.0
1279 395.0
1280 276.0
1281 32.0
1282 470.0
1283 203.0
1284 507.0
1285 470.0
1286 203.0
1287 507.0
1288 0.0
1289 203.0
1290 276.0
1291 3.0
1292 468.0
1293 194.0
1294 0.0
1295 169.0
1296 507.0
1297 470.0
1298 468.0
1299 203.0
1300 204.0
1301 507.0
1302 400.0
1303 507.0
1304 15.0
1305 203.0
1306 507.0
1307 480.0
1308 351.0
1309 191.0
1310 469.0
1311 300.0
1312 204.0
1313 203.0
1314 399.0
1315 467.0
1316 203.0
1317 169.0
1318 169.0
1319 0.0
1320 468.0
1321 0.0
1322 203.0
1323 507.0
1324 203.0
1325 507.0
1326 507.0
1327 30.0
1328 3.0
1329 203.0
1330 470.0
1331 276.0
1332 203.0
1333 507.0
1334 0.0
1335 3.0
1336 169.0
1337 203.0
1338 507.0
1339 203.0
1340 203.0
1341 203.0
1342 3.0
1343 470.0
1344 470.0
1345 3.0
1346 276.0
1347 507.0
1348 468.0
1349 203.0
1350 203.0
1351 204.0
1352 507.0
1353 405.0
1354 395.0
1355 15.0
1356 387.0
1357 351.0
1358 507.0
1359 507.0
1360 204.0
1361 474.0
1362 478.0
1363 204.0
1364 203.0
1365 479.0
1366 507.0
1367 479.0
1368 179.0
1369 169.0
1370 36.0
1371 468.0
1372 0.0
1373 468.0
1374 395.0
1375 203.0
1376 468.0
1377 507.0
1378 0.0
1379 3.0
1380 169.0
1381 470.0
1382 203.0
1383 0.0
1384 351.0
1385 0.0
1386 203.0
1387 468.0
1388 169.0
1389 507.0
1390 0.0
1391 403.0
1392 276.0
1393 3.0
1394 388.0
1395 501.0
1396 3.0
1397 32.0
1398 399.0
1399 351.0
1400 194.0
1401 189.0
1402 169.0
1403 507.0
1404 468.0
1405 507.0
1406 289.0
1407 383.0
1408 470.0
1409 468.0
1410 283.0
1411 203.0
1412 399.0
1413 133.0
1414 181.0
1415 0.0
1416 507.0
1417 507.0
1418 474.0
1419 32.0
1420 169.0
1421 0.0
1422 507.0
1423 204.0
1424 470.0
1425 203.0
1426 40.0
1427 395.0
1428 507.0
1429 280.0
1430 276.0
1431 169.0
1432 411.0
1433 32.0
1434 204.0
1435 507.0
1436 203.0
1437 203.0
1438 474.0
1439 204.0
1440 507.0
1441 0.0
1442 203.0
1443 466.0
1444 464.0
1445 477.0
1446 507.0
1447 203.0
1448 32.0
1449 507.0
1450 470.0
1451 468.0
1452 203.0
1453 6.0
1454 507.0
1455 169.0
1456 507.0
1457 294.0
1458 203.0
1459 351.0
1460 507.0
1461 351.0
1462 204.0
1463 399.0
1464 164.0
1465 204.0
1466 474.0
1467 276.0
1468 507.0
1469 399.0
1470 0.0
1471 203.0
1472 0.0
1473 507.0
1474 204.0
1475 194.0
1476 399.0
1477 468.0
1478 507.0
1479 507.0
1480 30.0
1481 0.0
1482 0.0
1483 212.0
1484 276.0
1485 203.0
1486 474.0
1487 194.0
1488 507.0
1489 169.0
1490 203.0
1491 507.0
1492 0.0
1493 32.0
1494 507.0
1495 3.0
1496 472.0
1497 203.0
1498 4.0
1499 169.0
1500 507.0
1501 468.0
1502 468.0
1503 203.0
1504 204.0
1505 469.0
1506 493.0
1507 507.0
1508 0.0
1509 507.0
1510 470.0
1511 507.0
1512 351.0
1513 191.0
1514 469.0
1515 390.0
1516 204.0
1517 49.0
1518 507.0
1519 507.0
1520 479.0
1521 0.0
1522 169.0
1523 507.0
1524 474.0
1525 194.0
1526 507.0
1527 203.0
1528 203.0
1529 507.0
1530 507.0
1531 30.0
1532 203.0
1533 169.0
1534 507.0
1535 276.0
1536 0.0
1537 507.0
1538 203.0
1539 351.0
1540 470.0
1541 203.0
1542 203.0
1543 0.0
1544 204.0
1545 276.0
1546 507.0
1547 470.0
1548 470.0
1549 281.0
1550 169.0
1551 395.0
1552 507.0
1553 507.0
1554 189.0
1555 204.0
1556 468.0
1557 468.0
1558 507.0
1559 0.0
1560 411.0
1561 507.0
1562 465.0
1563 468.0
1564 188.0
1565 474.0
1566 25.0
1567 169.0
1568 30.0
1569 477.0
1570 507.0
1571 399.0
1572 30.0
1573 204.0
1574 0.0
1575 474.0
1576 0.0
1577 468.0
1578 395.0
1579 381.0
1580 468.0
1581 507.0
1582 3.0
1583 3.0
1584 169.0
1585 189.0
1586 25.0
1587 203.0
1588 507.0
1589 203.0
1590 351.0
1591 507.0
1592 169.0
1593 507.0
1594 0.0
1595 203.0
1596 203.0
1597 3.0
1598 473.0
1599 507.0
1600 276.0
1601 32.0
1602 399.0
1603 507.0
1604 379.0
1605 507.0
1606 204.0
1607 507.0
1608 169.0
1609 507.0
1610 32.0
1611 507.0
1612 507.0
1613 507.0
1614 351.0
1615 481.0
1616 481.0
1617 388.0
1618 203.0
1619 1.0
1620 481.0
1621 507.0
1622 474.0
1623 316.0
1624 169.0
1625 0.0
1626 507.0
1627 204.0
1628 194.0
1629 507.0
1630 395.0
1631 507.0
1632 507.0
1633 186.0
1634 276.0
1635 0.0
1636 507.0
1637 276.0
1638 203.0
1639 507.0
1640 0.0
1641 477.0
1642 507.0
1643 204.0
1644 507.0
1645 0.0
1646 203.0
1647 473.0
1648 385.0
1649 203.0
1650 501.0
1651 276.0
1652 203.0
1653 474.0
1654 507.0
1655 203.0
1656 203.0
1657 203.0
1658 507.0
1659 169.0
1660 395.0
1661 294.0
1662 203.0
1663 470.0
1664 507.0
1665 507.0
1666 348.0
1667 15.0
1668 466.0
1669 204.0
1670 507.0
1671 276.0
1672 507.0
1673 480.0
1674 0.0
1675 169.0
1676 0.0
1677 474.0
1678 204.0
1679 203.0
1680 507.0
1681 289.0
1682 507.0
1683 507.0
1684 203.0
1685 32.0
1686 169.0
1687 477.0
1688 474.0
1689 437.0
1690 507.0
1691 0.0
1692 203.0
1693 507.0
1694 203.0
1695 507.0
1696 0.0
1697 475.0
1698 276.0
1699 464.0
1700 203.0
1701 507.0
1702 281.0
1703 169.0
1704 507.0
1705 507.0
1706 507.0
1707 0.0
1708 203.0
1709 507.0
1710 466.0
1711 507.0
1712 0.0
1713 203.0
1714 507.0
1715 507.0
1716 470.0
1717 191.0
1718 474.0
1719 507.0
1720 204.0
1721 38.0
1722 477.0
1723 507.0
1724 480.0
1725 30.0
1726 32.0
1727 474.0
1728 474.0
1729 174.0
1730 468.0
1731 468.0
1732 385.0
1733 474.0
1734 507.0
1735 203.0
1736 169.0
1737 203.0
1738 399.0
1739 203.0
1740 316.0
1741 507.0
1742 0.0
1743 351.0
1744 507.0
1745 203.0
1746 507.0
1747 0.0
1748 383.0
1749 276.0
1750 193.0
1751 468.0
1752 507.0
1753 276.0
1754 169.0
1755 507.0
1756 507.0
1757 379.0
1758 507.0
1759 204.0
1760 475.0
1761 468.0
1762 474.0
1763 93.0
1764 507.0
1765 351.0
1766 507.0
1767 351.0
1768 479.0
1769 469.0
1770 133.0
1771 169.0
1772 0.0
1773 399.0
1774 507.0
1775 507.0
1776 30.0
1777 32.0
1778 0.0
1779 507.0
1780 174.0
1781 468.0
1782 507.0
1783 276.0
1784 507.0
1785 507.0
1786 186.0
1787 3.0
1788 0.0
1789 411.0
1790 276.0
1791 203.0
1792 507.0
1793 0.0
1794 507.0
1795 466.0
1796 311.0
1797 507.0
1798 0.0
1799 169.0
1800 294.0
1801 3.0
1802 476.0
1803 470.0
1804 276.0
1805 388.0
1806 468.0
1807 507.0
1808 507.0
1809 203.0
1810 204.0
1811 203.0
1812 405.0
1813 507.0
1814 32.0
1815 507.0
1816 470.0
1817 507.0
1818 507.0
1819 399.0
1820 474.0
1821 203.0
1822 204.0
1823 0.0
1824 468.0
1825 507.0
1826 507.0
1827 0.0
1828 203.0
1829 115.0
1830 474.0
1831 204.0
1832 194.0
1833 395.0
1834 195.0
1835 507.0
1836 507.0
1837 203.0
1838 3.0
1839 169.0
1840 507.0
1841 507.0
1842 437.0
1843 507.0
1844 0.0
1845 203.0
1846 507.0
1847 169.0
1848 507.0
1849 0.0
1850 203.0
1851 411.0
1852 190.0
1853 468.0
1854 468.0
1855 276.0
1856 32.0
1857 507.0
1858 507.0
1859 468.0
1860 507.0
1861 203.0
1862 475.0
1863 466.0
1864 507.0
1865 0.0
1866 203.0
1867 468.0
1868 507.0
1869 468.0
1870 348.0
1871 169.0
1872 466.0
1873 203.0
1874 32.0
1875 468.0
1876 507.0
1877 507.0
1878 30.0
1879 399.0
1880 0.0
1881 507.0
1882 204.0
1883 507.0
1884 203.0
1885 203.0
1886 468.0
1887 507.0
1888 203.0
1889 25.0
1890 203.0
1891 507.0
1892 169.0
1893 32.0
1894 507.0
1895 164.0
1896 351.0
1897 507.0
1898 203.0
1899 474.0
1900 0.0
1901 383.0
1902 276.0
1903 3.0
1904 468.0
1905 501.0
1906 276.0
1907 169.0
1908 507.0
1909 507.0
1910 507.0
1911 468.0
1912 203.0
1913 169.0
1914 507.0
1915 507.0
1916 442.0
1917 411.0
1918 507.0
1919 468.0
1920 351.0
1921 348.0
1922 169.0
1923 306.0
1924 470.0
1925 38.0
1926 399.0
1927 474.0
1928 399.0
1929 311.0
1930 32.0
1931 0.0
1932 507.0
1933 43.0
1934 468.0
1935 507.0
1936 203.0
1937 395.0
1938 507.0
1939 507.0
1940 276.0
1941 203.0
1942 470.0
1943 276.0
1944 32.0
1945 507.0
1946 203.0
1947 507.0
1948 507.0
1949 203.0
1950 507.0
1951 0.0
1952 470.0
1953 1.0
1954 3.0
1955 470.0
1956 507.0
1957 279.0
1958 169.0
1959 468.0
1960 507.0
1961 468.0
1962 469.0
1963 204.0
1964 203.0
1965 478.0
1966 507.0
1967 198.0
1968 383.0
1969 277.0
1970 507.0
1971 507.0
1972 507.0
1973 3.0
1974 36.0
1975 507.0
1976 0.0
1977 399.0
1978 507.0
1979 474.0
1980 0.0
1981 169.0
1982 0.0
1983 468.0
1984 169.0
1985 507.0
1986 507.0
1987 504.0
1988 507.0
1989 507.0
1990 276.0
1991 3.0
1992 169.0
1993 470.0
1994 276.0
1995 32.0
1996 351.0
1997 203.0
1998 203.0
1999 474.0
2000 169.0
2001 507.0
2002 0.0
2003 203.0
2004 2.0
2005 3.0
2006 477.0
2007 507.0
2008 103.0
2009 0.0
2010 507.0
2011 507.0
2012 468.0
2013 507.0
2014 6.0
2015 203.0
2016 507.0
2017 507.0
2018 203.0
2019 203.0
2020 507.0
2021 477.0
2022 507.0
2023 507.0
2024 469.0
2025 203.0
2026 306.0
2027 408.0
2028 474.0
2029 507.0
2030 399.0
2031 169.0
2032 169.0
2033 0.0
2034 474.0
2035 204.0
2036 469.0
2037 474.0
2038 395.0
2039 468.0
2040 507.0
2041 203.0
2042 276.0
2043 409.0
2044 276.0
2045 474.0
2046 32.0
2047 470.0
2048 453.0
2049 507.0
2050 507.0
2051 203.0
2052 276.0
2053 0.0
2054 204.0
2055 447.0
2056 464.0
2057 468.0
2058 507.0
2059 276.0
2060 169.0
2061 507.0
2062 507.0
2063 194.0
2064 507.0
2065 203.0
2066 169.0
2067 502.0
2068 507.0
2069 203.0
2070 0.0
2071 470.0
2072 468.0
2073 507.0
2074 348.0
2075 0.0
2076 306.0
2077 306.0
2078 32.0
2079 474.0
2080 507.0
2081 507.0
2082 30.0
2083 98.0
2084 0.0
2085 507.0
2086 203.0
2087 470.0
2088 468.0
2089 395.0
2090 468.0
2091 507.0
2092 180.0
2093 0.0
2094 203.0
2095 395.0
2096 396.0
2097 0.0
2098 507.0
2099 32.0
2100 276.0
2101 507.0
2102 203.0
2103 468.0
2104 0.0
2105 473.0
2106 41.0
2107 464.0
2108 468.0
2109 470.0
2110 276.0
2111 169.0
2112 507.0
2113 507.0
2114 194.0
2115 477.0
2116 204.0
2117 169.0
2118 502.0
2119 507.0
2120 479.0
2121 507.0
2122 507.0
2123 480.0
2124 507.0
2125 311.0
2126 481.0
2127 507.0
2128 203.0
2129 414.0
2130 507.0
2131 507.0
2132 507.0
2133 169.0
2134 194.0
2135 159.0
2136 474.0
2137 43.0
2138 470.0
2139 507.0
2140 203.0
2141 411.0
2142 507.0
2143 3.0
2144 3.0
2145 203.0
2146 477.0
2147 396.0
2148 0.0
2149 351.0
2150 203.0
2151 470.0
2152 474.0
2153 169.0
2154 470.0
2155 0.0
2156 473.0
2157 43.0
2158 3.0
2159 478.0
2160 501.0
2161 279.0
2162 0.0
2163 507.0
2164 468.0
2165 203.0
2166 507.0
2167 204.0
2168 203.0
2169 474.0
2170 507.0
2171 277.0
2172 276.0
2173 507.0
2174 507.0
2175 507.0
2176 348.0
2177 3.0
2178 203.0
2179 306.0
2180 0.0
2181 399.0
2182 507.0
2183 507.0
2184 0.0
2185 169.0
2186 33.0
2187 474.0
2188 0.0
2189 507.0
2190 474.0
2191 507.0
2192 468.0
2193 507.0
2194 175.0
2195 3.0
2196 169.0
2197 507.0
2198 276.0
2199 32.0
2200 507.0
2201 30.0
2202 203.0
2203 474.0
2204 169.0
2205 276.0
2206 470.0
2207 194.0
2208 2.0
2209 476.0
2210 469.0
2211 399.0
2212 30.0
2213 169.0
2214 507.0
2215 507.0
2216 468.0
2217 507.0
2218 203.0
2219 203.0
2220 507.0
2221 507.0
2222 1.0
2223 203.0
2224 507.0
2225 468.0
2226 351.0
2227 348.0
2228 399.0
2229 478.0
2230 284.0
2231 0.0
2232 507.0
2233 507.0
2234 507.0
2235 30.0
2236 203.0
2237 0.0
2238 507.0
2239 204.0
2240 507.0
2241 468.0
2242 395.0
2243 474.0
2244 507.0
2245 175.0
2246 468.0
2247 169.0
2248 411.0
2249 396.0
2250 32.0
2251 468.0
2252 464.0
2253 276.0
2254 507.0
2255 169.0
2256 276.0
2257 0.0
2258 203.0
2259 203.0
2260 464.0
2261 194.0
2262 203.0
2263 203.0
2264 169.0
2265 504.0
2266 507.0
2267 194.0
2268 470.0
2269 204.0
2270 169.0
2271 507.0
2272 507.0
2273 0.0
2274 0.0
2275 507.0
2276 477.0
2277 507.0
2278 316.0
2279 32.0
2280 507.0
2281 203.0
2282 32.0
2283 507.0
2284 507.0
2285 474.0
2286 482.0
2287 204.0
2288 0.0
2289 474.0
2290 204.0
2291 399.0
2292 507.0
2293 395.0
2294 395.0
2295 507.0
2296 186.0
2297 169.0
2298 0.0
2299 212.0
2300 203.0
2301 0.0
2302 507.0
2303 203.0
2304 507.0
2305 507.0
2306 203.0
2307 507.0
2308 175.0
2309 203.0
2310 1.0
2311 3.0
2312 194.0
2313 203.0
2314 3.0
2315 32.0
2316 507.0
2317 507.0
2318 468.0
2319 468.0
2320 203.0
2321 169.0
2322 507.0
2323 474.0
2324 32.0
2325 192.0
2326 507.0
2327 507.0
2328 507.0
2329 479.0
2330 474.0
2331 478.0
2332 470.0
2333 32.0
2334 507.0
2335 507.0
2336 399.0
2337 0.0
2338 169.0
2339 0.0
2340 507.0
2341 174.0
2342 399.0
2343 507.0
2344 507.0
2345 395.0
2346 507.0
2347 276.0
2348 351.0
2349 203.0
2350 507.0
2351 276.0
2352 32.0
2353 507.0
2354 0.0
2355 203.0
2356 507.0
2357 203.0
2358 480.0
2359 0.0
2360 203.0
2361 507.0
2362 500.0
2363 465.0
2364 507.0
2365 32.0
2366 194.0
2367 507.0
2368 507.0
2369 203.0
2370 507.0
2371 203.0
2372 203.0
2373 507.0
2374 507.0
2375 276.0
2376 203.0
2377 507.0
2378 468.0
2379 507.0
2380 191.0
2381 458.0
2382 507.0
2383 284.0
2384 0.0
2385 399.0
2386 466.0
2387 507.0
2388 481.0
2389 284.0
2390 213.0
2391 507.0
2392 174.0
2393 194.0
2394 468.0
2395 468.0
2396 468.0
2397 507.0
2398 30.0
2399 276.0
2400 169.0
2401 507.0
2402 399.0
2403 203.0
2404 507.0
2405 32.0
2406 276.0
2407 507.0
2408 204.0
2409 276.0
2410 0.0
2411 203.0
2412 411.0
2413 190.0
2414 203.0
2415 501.0
2416 204.0
2417 169.0
2418 507.0
2419 507.0
2420 203.0
2421 507.0
2422 204.0
2423 203.0
2424 501.0
2425 395.0
2426 0.0
2427 203.0
2428 507.0
2429 507.0
2430 351.0
2431 191.0
2432 204.0
2433 478.0
2434 306.0
2435 30.0
2436 507.0
2437 466.0
2438 474.0
2439 32.0
2440 204.0
2441 0.0
2442 474.0
2443 203.0
2444 468.0
2445 507.0
2446 468.0
2447 507.0
2448 507.0
2449 30.0
2450 203.0
2451 169.0
2452 507.0
2453 203.0
2454 305.0
2455 507.0
2456 32.0
2457 351.0
2458 507.0
2459 203.0
2460 203.0
2461 0.0
2462 311.0
2463 1.0
2464 3.0
2465 194.0
2466 507.0
2467 186.0
2468 203.0
2469 504.0
2470 507.0
2471 169.0
2472 399.0
2473 203.0
2474 169.0
2475 474.0
2476 474.0
2477 0.0
2478 192.0
2479 507.0
2480 507.0
2481 507.0
2482 348.0
2483 469.0
2484 507.0
2485 467.0
2486 49.0
2487 507.0
2488 507.0
2489 507.0
2490 480.0
2491 399.0
2492 506.0
2493 474.0
2494 204.0
2495 399.0
2496 507.0
2497 507.0
2498 507.0
2499 507.0
2500 277.0
2501 468.0
2502 203.0
2503 212.0
2504 399.0
2505 32.0
2506 507.0
2507 194.0
2508 203.0
2509 507.0
2510 169.0
2511 203.0
2512 0.0
2513 473.0
2514 276.0
2515 3.0
2516 194.0
2517 203.0
2518 276.0
2519 32.0
2520 504.0
2521 507.0
2522 169.0
2523 507.0
2524 203.0
2525 164.0
2526 466.0
2527 474.0
2528 0.0
2529 507.0
2530 507.0
2531 507.0
2532 507.0
2533 479.0
2534 468.0
2535 478.0
2536 507.0
2537 32.0
2538 474.0
2539 507.0
2540 507.0
2541 0.0
2542 169.0
2543 115.0
2544 466.0
2545 204.0
2546 194.0
2547 468.0
2548 507.0
2549 474.0
2550 507.0
2551 30.0
2552 462.0
2553 203.0
2554 507.0
2555 276.0
2556 437.0
2557 507.0
2558 0.0
2559 276.0
2560 507.0
2561 203.0
2562 276.0
2563 0.0
2564 203.0
2565 305.0
2566 3.0
2567 507.0
2568 507.0
2569 180.0
2570 32.0
2571 194.0
2572 507.0
2573 203.0
2574 507.0
2575 204.0
2576 0.0
2577 507.0
2578 507.0
2579 0.0
2580 0.0
2581 507.0
2582 468.0
2583 351.0
2584 191.0
2585 0.0
2586 507.0
2587 306.0
2588 214.0
2589 507.0
2590 466.0
2591 507.0
2592 194.0
2593 203.0
2594 474.0
2595 474.0
2596 43.0
2597 507.0
2598 203.0
2599 468.0
2600 468.0
2601 507.0
2602 30.0
2603 507.0
2604 169.0
2605 191.0
2606 507.0
2607 204.0
2608 507.0
2609 0.0
2610 3.0
2611 507.0
2612 203.0
2613 186.0
2614 0.0
2615 470.0
2616 276.0
2617 3.0
2618 203.0
2619 507.0
2620 474.0
2621 169.0
2622 507.0
2623 507.0
2624 203.0
2625 399.0
2626 204.0
2627 164.0
2628 289.0
2629 507.0
2630 175.0
2631 411.0
2632 507.0
2633 385.0
2634 351.0
2635 348.0
2636 0.0
2637 507.0
2638 470.0
2639 203.0
2640 507.0
2641 466.0
2642 507.0
2643 481.0
2644 203.0
2645 196.0
2646 469.0
2647 204.0
2648 468.0
2649 468.0
2650 507.0
2651 395.0
2652 507.0
2653 30.0
2654 468.0
2655 169.0
2656 212.0
2657 294.0
2658 437.0
2659 468.0
2660 203.0
2661 180.0
2662 507.0
2663 203.0
2664 189.0
2665 0.0
2666 203.0
2667 276.0
2668 190.0
2669 468.0
2670 203.0
2671 481.0
2672 169.0
2673 507.0
2674 507.0
2675 169.0
2676 507.0
2677 203.0
2678 164.0
2679 507.0
2680 507.0
2681 0.0
2682 276.0
2683 507.0
2684 480.0
2685 276.0
2686 311.0
2687 469.0
2688 478.0
2689 467.0
2690 214.0
2691 507.0
2692 507.0
2693 507.0
2694 0.0
2695 507.0
2696 479.0
2697 169.0
2698 191.0
2699 399.0
2700 507.0
2701 507.0
2702 468.0
2703 507.0
2704 30.0
2705 462.0
2706 0.0
2707 212.0
2708 474.0
2709 437.0
2710 507.0
2711 32.0
2712 507.0
2713 507.0
2714 204.0
2715 480.0
2716 0.0
2717 204.0
2718 411.0
2719 3.0
2720 468.0
2721 507.0
2722 474.0
2723 203.0
2724 507.0
2725 507.0
2726 507.0
2727 507.0
2728 204.0
2729 0.0
2730 468.0
2731 395.0
2732 0.0
2733 203.0
2734 507.0
2735 468.0
2736 467.0
2737 507.0
2738 458.0
2739 507.0
2740 169.0
2741 408.0
2742 507.0
2743 474.0
2744 507.0
2745 179.0
2746 474.0
2747 466.0
2748 397.0
2749 43.0
2750 194.0
2751 507.0
2752 507.0
2753 395.0
2754 507.0
2755 30.0
2756 507.0
2757 203.0
2758 191.0
2759 474.0
2760 204.0
2761 507.0
2762 204.0
2763 3.0
2764 474.0
2765 203.0
2766 203.0
2767 0.0
2768 203.0
2769 411.0
2770 3.0
2771 203.0
2772 507.0
2773 474.0
2774 203.0
2775 468.0
2776 507.0
2777 203.0
2778 507.0
2779 204.0
2780 164.0
2781 507.0
2782 474.0
2783 0.0
2784 3.0
2785 468.0
2786 507.0
2787 203.0
2788 348.0
2789 0.0
2790 478.0
2791 284.0
2792 399.0
2793 507.0
2794 474.0
2795 507.0
2796 276.0
2797 399.0
2798 194.0
2799 474.0
2800 204.0
2801 468.0
2802 468.0
2803 507.0
2804 507.0
2805 507.0
2806 280.0
2807 468.0
2808 32.0
2809 470.0
2810 474.0
2811 437.0
2812 351.0
2813 0.0
2814 3.0
2815 474.0
2816 203.0
2817 507.0
2818 204.0
2819 194.0
2820 41.0
2821 3.0
2822 478.0
2823 507.0
2824 276.0
2825 169.0
2826 203.0
2827 507.0
2828 169.0
2829 399.0
2830 204.0
2831 92.0
2832 289.0
2833 507.0
2834 479.0
2835 276.0
2836 351.0
2837 480.0
2838 203.0
2839 316.0
2840 189.0
2841 507.0
2842 203.0
2843 476.0
2844 507.0
2845 507.0
2846 474.0
2847 0.0
2848 316.0
2849 191.0
2850 474.0
2851 204.0
2852 468.0
2853 294.0
2854 507.0
2855 294.0
2856 507.0
2857 507.0
2858 462.0
2859 203.0
2860 212.0
2861 396.0
2862 284.0
2863 470.0
2864 0.0
2865 0.0
2866 507.0
2867 203.0
2868 507.0
2869 0.0
2870 300.0
2871 276.0
2872 3.0
2873 468.0
2874 507.0
2875 295.0
2876 169.0
2877 507.0
2878 507.0
2879 203.0
2880 507.0
2881 203.0
2882 0.0
2883 468.0
2884 395.0
2885 32.0
2886 276.0
2887 470.0
2888 468.0
2889 456.0
2890 348.0
2891 468.0
2892 203.0
2893 467.0
2894 203.0
2895 507.0
2896 507.0
2897 507.0
2898 311.0
2899 474.0
2900 213.0
2901 469.0
2902 43.0
2903 507.0
2904 507.0
2905 507.0
2906 305.0
2907 507.0
2908 0.0
2909 507.0
2910 0.0
2911 0.0
2912 474.0
2913 203.0
2914 470.0
2915 203.0
2916 3.0
2917 507.0
2918 169.0
2919 507.0
2920 0.0
2921 203.0
2922 305.0
2923 3.0
2924 468.0
2925 501.0
2926 295.0
2927 32.0
2928 507.0
2929 507.0
2930 475.0
2931 507.0
2932 203.0
2933 164.0
2934 466.0
2935 507.0
2936 203.0
2937 169.0
2938 470.0
2939 507.0
2940 351.0
2941 399.0
2942 0.0
2943 306.0
2944 169.0
2945 474.0
2946 507.0
2947 507.0
2948 399.0
2949 276.0
2950 474.0
2951 213.0
2952 507.0
2953 174.0
2954 469.0
2955 507.0
2956 507.0
2957 276.0
2958 507.0
2959 280.0
2960 468.0
2961 0.0
2962 46.0
2963 474.0
2964 470.0
2965 305.0
2966 0.0
2967 3.0
2968 507.0
2969 169.0
2970 507.0
2971 0.0
2972 194.0
2973 411.0
2974 500.0
2975 507.0
2976 507.0
2977 203.0
2978 169.0
2979 203.0
2980 507.0
2981 194.0
2982 507.0
2983 204.0
2984 164.0
2985 289.0
2986 474.0
2987 397.0
2988 411.0
2989 507.0
2990 479.0
2991 4.0
2992 507.0
2993 15.0
2994 300.0
2995 305.0
2996 214.0
2997 507.0
2998 466.0
2999 474.0
3000 194.0
3001 399.0
3002 194.0
3003 474.0
3004 169.0
3005 399.0
3006 203.0
3007 507.0
3008 276.0
3009 507.0
3010 0.0
3011 507.0
3012 0.0
3013 189.0
3014 399.0
3015 507.0
3016 351.0
3017 0.0
3018 276.0
3019 474.0
3020 203.0
3021 507.0
3022 0.0
3023 203.0
3024 1.0
3025 3.0
3026 478.0
3027 468.0
3028 203.0
3029 466.0
3030 194.0
3031 507.0
3032 194.0
3033 399.0
3034 203.0
3035 0.0
3036 507.0
3037 395.0
3038 32.0
3039 192.0
3040 351.0
3041 507.0
3042 351.0
3043 507.0
3044 3.0
3045 466.0
3046 204.0
3047 203.0
3048 507.0
3049 507.0
3050 474.0
3051 32.0
3052 399.0
3053 478.0
3054 474.0
3055 204.0
3056 507.0
3057 507.0
3058 507.0
3059 474.0
3060 507.0
3061 0.0
3062 462.0
3063 0.0
3064 0.0
3065 396.0
3066 507.0
3067 470.0
3068 32.0
3069 0.0
3070 507.0
3071 203.0
3072 507.0
3073 0.0
3074 371.0
3075 1.0
3076 464.0
3077 468.0
3078 501.0
3079 306.0
3080 169.0
3081 169.0
3082 507.0
3083 468.0
3084 507.0
3085 204.0
3086 169.0
3087 507.0
3088 395.0
3089 15.0
3090 30.0
3091 351.0
3092 507.0
3093 467.0
3094 507.0
3095 3.0
3096 466.0
3097 507.0
3098 203.0
3099 507.0
3100 507.0
3101 507.0
3102 32.0
3103 399.0
3104 466.0
3105 466.0
3106 169.0
3107 507.0
3108 507.0
3109 507.0
3110 294.0
3111 507.0
3112 276.0
3113 469.0
3114 32.0
3115 0.0
3116 474.0
3117 468.0
3118 351.0
3119 0.0
3120 3.0
3121 507.0
3122 169.0
3123 507.0
3124 0.0
3125 371.0
3126 0.0
3127 478.0
3128 385.0
3129 399.0
3130 311.0
3131 507.0
3132 203.0
3133 470.0
3134 475.0
3135 507.0
3136 204.0
3137 158.0
3138 507.0
3139 474.0
3140 479.0
3141 188.0
3142 470.0
3143 507.0
3144 351.0
3145 507.0
3146 0.0
3147 474.0
3148 169.0
3149 474.0
3150 507.0
3151 507.0
3152 469.0
3153 0.0
3154 474.0
3155 507.0
3156 466.0
3157 174.0
3158 507.0
3159 507.0
3160 507.0
3161 468.0
3162 507.0
3163 276.0
3164 490.0
3165 0.0
3166 212.0
3167 474.0
3168 294.0
3169 507.0
3170 0.0
3171 3.0
3172 507.0
3173 203.0
3174 507.0
3175 175.0
3176 0.0
3177 0.0
3178 203.0
3179 388.0
3180 507.0
3181 276.0
3182 203.0
3183 203.0
3184 507.0
3185 507.0
3186 399.0
3187 203.0
3188 203.0
3189 507.0
3190 474.0
3191 278.0
3192 203.0
3193 507.0
3194 395.0
3195 4.0
3196 348.0
3197 189.0
3198 507.0
3199 203.0
3200 214.0
3201 507.0
3202 474.0
3203 469.0
3204 169.0
3205 507.0
3206 411.0
3207 194.0
3208 169.0
3209 507.0
3210 294.0
3211 507.0
3212 276.0
3213 507.0
3214 0.0
3215 507.0
3216 203.0
3217 212.0
3218 396.0
3219 507.0
3220 468.0
3221 0.0
3222 0.0
3223 507.0
3224 203.0
3225 507.0
3226 0.0
3227 203.0
3228 39.0
3229 3.0
3230 478.0
3231 203.0
3232 489.0
3233 388.0
3234 169.0
3235 507.0
3236 194.0
3237 507.0
3238 203.0
3239 203.0
3240 507.0
3241 507.0
3242 306.0
3243 276.0
3244 507.0
3245 507.0
3246 192.0
3247 507.0
3248 30.0
3249 203.0
3250 204.0
3251 398.0
3252 507.0
3253 507.0
3254 474.0
3255 474.0
3256 399.0
3257 481.0
3258 385.0
3259 169.0
3260 507.0
3261 507.0
3262 507.0
3263 276.0
3264 507.0
3265 351.0
3266 276.0
3267 169.0
3268 0.0
3269 203.0
3270 474.0
3271 507.0
3272 390.0
3273 186.0
3274 507.0
3275 203.0
3276 507.0
3277 0.0
3278 203.0
3279 1.0
3280 507.0
3281 507.0
3282 507.0
3283 311.0
3284 169.0
3285 169.0
3286 507.0
3287 203.0
3288 507.0
3289 204.0
3290 158.0
3291 507.0
3292 395.0
3293 474.0
3294 192.0
3295 507.0
3296 507.0
3297 276.0
3298 311.0
3299 30.0
3300 306.0
3301 0.0
3302 507.0
3303 507.0
3304 507.0
3305 474.0
3306 30.0
3307 507.0
3308 411.0
3309 466.0
3310 169.0
3311 507.0
3312 294.0
3313 507.0
3314 305.0
3315 507.0
3316 186.0
3317 276.0
3318 169.0
3319 191.0
3320 474.0
3321 507.0
3322 351.0
3323 32.0
3324 0.0
3325 507.0
3326 203.0
3327 507.0
3328 0.0
3329 203.0
3330 2.0
3331 3.0
3332 470.0
3333 501.0
3334 317.0
3335 493.0
3336 507.0
3337 507.0
3338 507.0
3339 507.0
3340 203.0
3341 158.0
3342 507.0
3343 474.0
3344 465.0
3345 383.0
3346 470.0
3347 507.0
3348 203.0
3349 311.0
3350 0.0
3351 466.0
3352 507.0
3353 198.0
3354 507.0
3355 507.0
3356 399.0
3357 480.0
3358 507.0
3359 474.0
3360 194.0
3361 0.0
3362 507.0
3363 470.0
3364 507.0
3365 507.0
3366 507.0
3367 507.0
3368 490.0
3369 0.0
3370 46.0
3371 507.0
3372 507.0
3373 470.0
3374 397.0
3375 203.0
3376 507.0
3377 203.0
3378 507.0
3379 0.0
3380 203.0
3381 411.0
3382 3.0
3383 478.0
3384 507.0
3385 191.0
3386 194.0
3387 169.0
3388 507.0
3389 194.0
3390 507.0
3391 203.0
3392 0.0
3393 507.0
3394 507.0
3395 466.0
3396 282.0
3397 507.0
3398 507.0
3399 411.0
3400 191.0
3401 30.0
3402 507.0
3403 204.0
3404 203.0
3405 507.0
3406 507.0
3407 469.0
3408 174.0
3409 399.0
3410 470.0
3411 468.0
3412 204.0
3413 507.0
3414 507.0
3415 507.0
3416 276.0
3417 507.0
3418 204.0
3419 276.0
3420 203.0
3421 212.0
3422 396.0
3423 507.0
3424 507.0
3425 0.0
3426 0.0
3427 507.0
3428 204.0
3429 507.0
3430 0.0
3431 203.0
3432 41.0
3433 3.0
3434 507.0
3435 507.0
3436 276.0
3437 468.0
3438 504.0
3439 507.0
3440 203.0
3441 507.0
3442 204.0
3443 203.0
3444 507.0
3445 507.0
3446 468.0
3447 203.0
3448 351.0
3449 395.0
3450 189.0
3451 507.0
3452 399.0
3453 133.0
3454 169.0
3455 203.0
3456 507.0
3457 507.0
3458 474.0
3459 174.0
3460 507.0
3461 294.0
3462 203.0
3463 0.0
3464 507.0
3465 507.0
3466 507.0
3467 468.0
3468 507.0
3469 507.0
3470 470.0
3471 32.0
3472 0.0
3473 399.0
3474 507.0
3475 351.0
3476 32.0
3477 0.0
3478 507.0
3479 203.0
3480 276.0
3481 30.0
3482 403.0
3483 41.0
3484 464.0
3485 470.0
3486 507.0
3487 311.0
3488 388.0
3489 169.0
3490 507.0
3491 468.0
3492 507.0
3493 204.0
3494 164.0
3495 507.0
3496 395.0
3497 399.0
3498 192.0
3499 351.0
3500 507.0
3501 351.0
3502 479.0
3503 0.0
3504 276.0
3505 169.0
3506 30.0
3507 507.0
3508 507.0
3509 507.0
3510 32.0
3511 507.0
3512 507.0
3513 478.0
3514 174.0
3515 507.0
3516 507.0
3517 507.0
3518 294.0
3519 507.0
3520 276.0
3521 470.0
3522 203.0
3523 0.0
3524 474.0
3525 284.0
3526 507.0
3527 32.0
3528 0.0
3529 388.0
3530 169.0
3531 351.0
3532 0.0
3533 32.0
3534 411.0
3535 3.0
3536 470.0
3537 507.0
3538 317.0
3539 507.0
3540 169.0
3541 468.0
3542 194.0
3543 507.0
3544 169.0
3545 203.0
3546 507.0
3547 474.0
3548 474.0
3549 203.0
3550 468.0
3551 385.0
3552 468.0
3553 507.0
3554 3.0
3555 164.0
3556 204.0
3557 1.0
3558 507.0
3559 507.0
3560 399.0
3561 317.0
3562 507.0
3563 474.0
3564 276.0
3565 204.0
3566 507.0
3567 468.0
3568 507.0
3569 276.0
3570 507.0
3571 203.0
3572 194.0
3573 0.0
3574 316.0
3575 474.0
3576 478.0
3577 468.0
3578 32.0
3579 0.0
3580 507.0
3581 169.0
3582 203.0
3583 175.0
3584 25.0
3585 39.0
3586 500.0
3587 507.0
3588 507.0
3589 276.0
3590 465.0
3591 169.0
3592 470.0
3593 203.0
3594 507.0
3595 203.0
3596 204.0
3597 474.0
3598 474.0
3599 468.0
3600 203.0
3601 468.0
3602 507.0
3603 507.0
3604 348.0
3605 30.0
3606 0.0
3607 169.0
3608 203.0
3609 507.0
3610 507.0
3611 474.0
3612 169.0
3613 399.0
3614 507.0
3615 203.0
3616 204.0
3617 507.0
3618 507.0
3619 507.0
3620 276.0
3621 507.0
3622 203.0
3623 486.0
3624 204.0
3625 0.0
3626 396.0
3627 507.0
3628 507.0
3629 194.0
3630 0.0
3631 399.0
3632 311.0
3633 507.0
3634 0.0
3635 385.0
3636 1.0
3637 193.0
3638 507.0
3639 507.0
3640 317.0
3641 507.0
3642 507.0
3643 507.0
3644 203.0
3645 395.0
3646 204.0
3647 44.0
3648 507.0
3649 395.0
3650 276.0
3651 192.0
3652 289.0
3653 468.0
3654 472.0
3655 479.0
3656 474.0
3657 466.0
3658 204.0
3659 214.0
3660 507.0
3661 507.0
3662 399.0
3663 0.0
3664 399.0
3665 507.0
3666 203.0
3667 174.0
3668 507.0
3669 507.0
3670 507.0
3671 276.0
3672 507.0
3673 203.0
3674 462.0
3675 169.0
3676 180.0
3677 474.0
3678 478.0
3679 351.0
3680 478.0
3681 0.0
3682 466.0
3683 203.0
3684 507.0
3685 217.0
3686 371.0
3687 41.0
3688 3.0
3689 507.0
3690 507.0
3691 474.0
3692 388.0
3693 169.0
3694 468.0
3695 169.0
3696 395.0
3697 204.0
3698 164.0
3699 507.0
3700 395.0
3701 470.0
3702 411.0
3703 300.0
3704 480.0
3705 474.0
3706 481.0
3707 0.0
3708 466.0
3709 203.0
3710 474.0
3711 507.0
3712 507.0
3713 399.0
3714 32.0
3715 507.0
3716 474.0
3717 194.0
3718 204.0
3719 507.0
3720 507.0
3721 507.0
3722 468.0
3723 507.0
3724 3.0
3725 276.0
3726 169.0
3727 316.0
3728 474.0
3729 478.0
3730 389.0
3731 203.0
3732 0.0
3733 507.0
3734 203.0
3735 203.0
3736 282.0
3737 203.0
3738 395.0
3739 32.0
3740 477.0
3741 507.0
3742 32.0
3743 468.0
3744 169.0
3745 470.0
3746 203.0
3747 395.0
3748 203.0
3749 164.0
3750 474.0
3751 468.0
3752 466.0
3753 0.0
3754 468.0
3755 169.0
3756 306.0
3757 276.0
3758 3.0
3759 478.0
3760 470.0
3761 479.0
3762 507.0
3763 466.0
3764 507.0
3765 0.0
3766 507.0
3767 507.0
3768 474.0
3769 204.0
3770 507.0
3771 507.0
3772 507.0
3773 294.0
3774 507.0
3775 507.0
3776 470.0
3777 203.0
3778 0.0
3779 399.0
3780 507.0
3781 507.0
3782 507.0
3783 480.0
3784 507.0
3785 169.0
3786 203.0
3787 175.0
3788 169.0
3789 276.0
3790 3.0
3791 507.0
3792 507.0
3793 306.0
3794 466.0
3795 203.0
3796 507.0
3797 194.0
3798 507.0
3799 203.0
3800 204.0
3801 474.0
3802 399.0
3803 474.0
3804 276.0
3805 306.0
3806 477.0
3807 470.0
3808 348.0
3809 3.0
3810 478.0
3811 442.0
3812 479.0
3813 507.0
3814 507.0
3815 474.0
3816 507.0
3817 399.0
3818 507.0
3819 169.0
3820 0.0
3821 470.0
3822 507.0
3823 507.0
3824 474.0
3825 507.0
3826 169.0
3827 468.0
3828 203.0
3829 0.0
3830 474.0
3831 468.0
3832 351.0
3833 276.0
3834 0.0
3835 507.0
3836 203.0
3837 276.0
3838 0.0
3839 300.0
3840 41.0
3841 3.0
3842 507.0
3843 507.0
3844 507.0
3845 388.0
3846 194.0
3847 507.0
3848 194.0
3849 468.0
3850 204.0
3851 1.0
3852 507.0
3853 395.0
3854 276.0
3855 411.0
3856 300.0
3857 468.0
3858 351.0
3859 479.0
3860 0.0
3861 478.0
3862 470.0
3863 507.0
3864 468.0
3865 468.0
3866 507.0
3867 30.0
3868 399.0
3869 507.0
3870 474.0
3871 0.0
3872 470.0
3873 468.0
3874 507.0
3875 507.0
3876 507.0
3877 180.0
3878 462.0
3879 169.0
3880 316.0
3881 474.0
3882 468.0
3883 203.0
3884 169.0
3885 3.0
3886 474.0
3887 203.0
3888 507.0
3889 0.0
3890 194.0
3891 411.0
3892 3.0
3893 399.0
3894 507.0
3895 3.0
3896 388.0
3897 169.0
3898 470.0
3899 507.0
3900 507.0
3901 169.0
3902 164.0
3903 507.0
3904 194.0
3905 311.0
3906 203.0
3907 481.0
3908 507.0
3909 351.0
3910 348.0
3911 0.0
3912 478.0
3913 203.0
3914 373.0
3915 507.0
3916 507.0
3917 399.0
3918 32.0
3919 507.0
3920 507.0
3921 468.0
3922 212.0
3923 507.0
3924 507.0
3925 507.0
3926 471.0
3927 507.0
3928 276.0
3929 507.0
3930 169.0
3931 0.0
3932 474.0
3933 305.0
3934 351.0
3935 0.0
3936 0.0
3937 470.0
3938 169.0
3939 203.0
3940 0.0
3941 203.0
3942 305.0
3943 3.0
3944 507.0
3945 507.0
3946 203.0
3947 468.0
3948 169.0
3949 470.0
3950 203.0
3951 507.0
3952 169.0
3953 0.0
3954 507.0
3955 169.0
3956 177.0
3957 0.0
3958 203.0
3959 473.0
3960 203.0
3961 191.0
3962 189.0
3963 478.0
3964 507.0
3965 395.0
3966 507.0
3967 466.0
3968 507.0
3969 0.0
3970 507.0
3971 507.0
3972 466.0
3973 204.0
3974 507.0
3975 507.0
3976 507.0
3977 204.0
3978 507.0
3979 507.0
3980 468.0
3981 169.0
3982 180.0
3983 399.0
3984 474.0
3985 276.0
3986 32.0
3987 0.0
3988 507.0
3989 169.0
3990 470.0
3991 0.0
3992 507.0
3993 1.0
3994 490.0
3995 507.0
3996 507.0
3997 311.0
3998 507.0
3999 169.0
4000 507.0
4001 468.0
4002 399.0
4003 169.0
4004 203.0
4005 474.0
4006 507.0
4007 442.0
4008 468.0
4009 507.0
4010 491.0
4011 470.0
4012 507.0
4013 474.0
4014 478.0
4015 284.0
4016 507.0
4017 507.0
4018 507.0
4019 474.0
4020 507.0
4021 507.0
4022 507.0
4023 474.0
4024 0.0
4025 507.0
4026 468.0
4027 507.0
4028 276.0
4029 507.0
4030 468.0
4031 507.0
4032 203.0
4033 478.0
4034 399.0
4035 507.0
4036 351.0
4037 203.0
4038 0.0
4039 388.0
4040 466.0
4041 276.0
4042 0.0
4043 464.0
4044 43.0
4045 3.0
4046 507.0
4047 507.0
4048 474.0
4049 507.0
4050 169.0
4051 507.0
4052 194.0
4053 474.0
4054 203.0
4055 164.0
4056 507.0
4057 203.0
4058 1.0
4059 411.0
4060 481.0
4061 468.0
4062 467.0
4063 479.0
4064 32.0
4065 478.0
4066 467.0
4067 408.0
4068 507.0
4069 507.0
4070 399.0
4071 30.0
4072 399.0
4073 474.0
4074 474.0
4075 470.0
4076 507.0
4077 507.0
4078 507.0
4079 203.0
4080 507.0
4081 507.0
4082 507.0
4083 203.0
4084 467.0
4085 507.0
4086 507.0
4087 470.0
4088 169.0
4089 3.0
4090 470.0
4091 203.0
4092 169.0
4093 204.0
4094 203.0
4095 272.0
4096 385.0
4097 507.0
4098 507.0
4099 191.0
4100 507.0
4101 169.0
4102 468.0
4103 507.0
4104 507.0
4105 203.0
4106 0.0
4107 289.0
4108 395.0
4109 15.0
4110 203.0
4111 507.0
4112 507.0
4113 468.0
4114 316.0
4115 3.0
4116 507.0
4117 284.0
4118 0.0
4119 507.0
4120 507.0
4121 474.0
4122 0.0
4123 399.0
4124 194.0
4125 507.0
4126 204.0
4127 507.0
4128 507.0
4129 507.0
4130 276.0
4131 507.0
4132 507.0
4133 507.0
4134 32.0
4135 38.0
4136 474.0
4137 284.0
4138 507.0
4139 203.0
4140 203.0
4141 470.0
4142 311.0
4143 276.0
4144 213.0
4145 507.0
4146 316.0
4147 3.0
4148 507.0
4149 507.0
4150 306.0
4151 474.0
4152 399.0
4153 468.0
4154 203.0
4155 395.0
4156 468.0
4157 0.0
4158 194.0
4159 395.0
4160 442.0
4161 474.0
4162 277.0
4163 477.0
4164 507.0
4165 191.0
4166 0.0
4167 474.0
4168 305.0
4169 32.0
4170 507.0
4171 466.0
4172 507.0
4173 32.0
4174 474.0
4175 194.0
4176 385.0
4177 212.0
4178 507.0
4179 468.0
4180 507.0
4181 395.0
4182 507.0
4183 507.0
4184 470.0
4185 169.0
4186 0.0
4187 399.0
4188 507.0
4189 351.0
4190 203.0
4191 203.0
4192 507.0
4193 203.0
4194 175.0
4195 169.0
4196 300.0
4197 276.0
4198 507.0
4199 507.0
4200 468.0
4201 203.0
4202 507.0
4203 169.0
4204 507.0
4205 468.0
4206 399.0
4207 32.0
4208 92.0
4209 507.0
4210 395.0
4211 479.0
4212 411.0
4213 468.0
4214 479.0
4215 351.0
4216 191.0
4217 32.0
4218 203.0
4219 507.0
4220 30.0
4221 507.0
4222 467.0
4223 399.0
4224 30.0
4225 399.0
4226 468.0
4227 474.0
4228 0.0
4229 507.0
4230 468.0
4231 507.0
4232 479.0
4233 507.0
4234 507.0
4235 507.0
4236 0.0
4237 467.0
4238 507.0
4239 468.0
4240 351.0
4241 468.0
4242 3.0
4243 411.0
4244 203.0
4245 203.0
4246 276.0
4247 203.0
4248 43.0
4249 3.0
4250 399.0
4251 507.0
4252 203.0
4253 507.0
4254 194.0
4255 507.0
4256 169.0
4257 507.0
4258 478.0
4259 92.0
4260 507.0
4261 474.0
4262 15.0
4263 507.0
4264 481.0
4265 468.0
4266 507.0
4267 473.0
4268 3.0
4269 507.0
4270 467.0
4271 1.0
4272 507.0
4273 507.0
4274 474.0
4275 211.0
4276 399.0
4277 468.0
4278 474.0
4279 203.0
4280 399.0
4281 507.0
4282 507.0
4283 276.0
4284 507.0
4285 507.0
4286 507.0
4287 0.0
4288 491.0
4289 474.0
4290 284.0
4291 470.0
4292 466.0
4293 276.0
4294 384.0
4295 203.0
4296 178.0
4297 203.0
4298 453.0
4299 305.0
4300 203.0
4301 507.0
4302 507.0
4303 317.0
4304 507.0
4305 169.0
4306 470.0
4307 470.0
4308 507.0
4309 507.0
4310 0.0
4311 474.0
4312 474.0
4313 1.0
4314 203.0
4315 468.0
4316 507.0
4317 276.0
4318 473.0
4319 481.0
4320 474.0
4321 284.0
4322 32.0
4323 507.0
4324 507.0
4325 507.0
4326 0.0
4327 399.0
4328 32.0
4329 385.0
4330 212.0
4331 507.0
4332 468.0
4333 507.0
4334 395.0
4335 507.0
4336 507.0
4337 507.0
4338 0.0
4339 38.0
4340 507.0
4341 305.0
4342 468.0
4343 283.0
4344 203.0
4345 474.0
4346 203.0
4347 175.0
4348 212.0
4349 507.0
4350 468.0
4351 193.0
4352 477.0
4353 507.0
4354 203.0
4355 507.0
4356 504.0
4357 507.0
4358 203.0
4359 507.0
4360 169.0
4361 203.0
4362 468.0
4363 395.0
4364 169.0
4365 507.0
4366 203.0
4367 507.0
4368 507.0
4369 203.0
4370 32.0
4371 474.0
4372 467.0
4373 203.0
4374 507.0
4375 507.0
4376 399.0
4377 179.0
4378 507.0
4379 311.0
4380 507.0
4381 0.0
4382 388.0
4383 507.0
4384 507.0
4385 294.0
4386 507.0
4387 507.0
4388 507.0
4389 0.0
4390 467.0
4391 507.0
4392 470.0
4393 507.0
4394 283.0
4395 203.0
4396 468.0
4397 466.0
4398 507.0
4399 3.0
4400 169.0
4401 276.0
4402 500.0
4403 477.0
4404 507.0
4405 3.0
4406 507.0
4407 169.0
4408 507.0
4409 468.0
4410 507.0
4411 507.0
4412 92.0
4413 507.0
4414 277.0
4415 98.0
4416 411.0
4417 507.0
4418 507.0
4419 351.0
4420 507.0
4421 204.0
4422 203.0
4423 467.0
4424 0.0
4425 507.0
4426 507.0
4427 507.0
4428 30.0
4429 507.0
4430 311.0
4431 474.0
4432 32.0
4433 468.0
4434 507.0
4435 507.0
4436 276.0
4437 507.0
4438 507.0
4439 507.0
4440 32.0
4441 467.0
4442 474.0
4443 507.0
4444 507.0
4445 276.0
4446 3.0
4447 467.0
4448 203.0
4449 329.0
4450 203.0
4451 467.0
4452 411.0
4453 3.0
4454 465.0
4455 501.0
4456 203.0
4457 507.0
4458 169.0
4459 507.0
4460 507.0
4461 507.0
4462 470.0
4463 92.0
4464 507.0
4465 277.0
4466 203.0
4467 468.0
4468 481.0
4469 468.0
4470 411.0
4471 481.0
4472 468.0
4473 203.0
4474 470.0
4475 32.0
4476 507.0
4477 507.0
4478 507.0
4479 0.0
4480 399.0
4481 203.0
4482 507.0
4483 204.0
4484 469.0
4485 507.0
4486 507.0
4487 276.0
4488 507.0
4489 507.0
4490 474.0
4491 0.0
4492 38.0
4493 474.0
4494 316.0
4495 507.0
4496 395.0
4497 203.0
4498 467.0
4499 311.0
4500 480.0
4501 203.0
4502 467.0
4503 276.0
4504 399.0
4505 468.0
4506 507.0
4507 306.0
4508 507.0
4509 169.0
4510 507.0
4511 507.0
4512 507.0
4513 470.0
4514 0.0
4515 474.0
4516 474.0
4517 0.0
4518 507.0
4519 468.0
4520 507.0
4521 189.0
4522 348.0
4523 481.0
4524 466.0
4525 306.0
4526 38.0
4527 507.0
4528 507.0
4529 507.0
4530 0.0
4531 507.0
4532 203.0
4533 474.0
4534 0.0
4535 507.0
4536 507.0
4537 507.0
4538 276.0
4539 507.0
4540 507.0
4541 507.0
4542 0.0
4543 316.0
4544 399.0
4545 477.0
4546 507.0
4547 283.0
4548 203.0
4549 507.0
4550 194.0
4551 276.0
4552 212.0
4553 203.0
4554 276.0
4555 193.0
4556 396.0
4557 474.0
4558 316.0
4559 507.0
4560 470.0
4561 507.0
4562 507.0
4563 507.0
4564 169.0
4565 0.0
4566 507.0
4567 474.0
4568 0.0
4569 507.0
4570 289.0
4571 507.0
4572 224.0
4573 196.0
4574 204.0
4575 306.0
4576 507.0
4577 0.0
4578 507.0
4579 467.0
4580 507.0
4581 30.0
4582 474.0
4583 212.0
4584 474.0
4585 194.0
4586 507.0
4587 507.0
4588 507.0
4589 471.0
4590 507.0
4591 507.0
4592 507.0
4593 0.0
4594 467.0
4595 399.0
4596 203.0
4597 507.0
4598 468.0
4599 276.0
4600 169.0
4601 507.0
4602 276.0
4603 507.0
4604 467.0
4605 411.0
4606 3.0
4607 276.0
4608 507.0
4609 203.0
4610 507.0
4611 194.0
4612 507.0
4613 468.0
4614 507.0
4615 194.0
4616 30.0
4617 289.0
4618 395.0
4619 0.0
4620 203.0
4621 203.0
4622 507.0
4623 0.0
4624 399.0
4625 474.0
4626 133.0
4627 468.0
4628 32.0
4629 468.0
4630 468.0
4631 507.0
4632 169.0
4633 507.0
4634 203.0
4635 478.0
4636 204.0
4637 470.0
4638 507.0
4639 507.0
4640 468.0
4641 507.0
4642 507.0
4643 349.0
4644 169.0
4645 38.0
4646 474.0
4647 316.0
4648 507.0
4649 468.0
4650 203.0
4651 507.0
4652 203.0
4653 507.0
4654 276.0
4655 403.0
4656 276.0
4657 203.0
4658 276.0
4659 507.0
4660 316.0
4661 507.0
4662 399.0
4663 507.0
4664 468.0
4665 507.0
4666 507.0
4667 204.0
4668 194.0
4669 507.0
4670 32.0
4671 507.0
4672 204.0
4673 507.0
4674 224.0
4675 481.0
4676 468.0
4677 0.0
4678 507.0
4679 0.0
4680 507.0
4681 468.0
4682 507.0
4683 0.0
4684 399.0
4685 203.0
4686 468.0
4687 0.0
4688 469.0
4689 507.0
4690 507.0
4691 411.0
4692 507.0
4693 507.0
4694 507.0
4695 169.0
4696 316.0
4697 474.0
4698 470.0
4699 507.0
4700 388.0
4701 175.0
4702 350.0
4703 316.0
4704 480.0
4705 477.0
4706 32.0
4707 276.0
4708 193.0
4709 469.0
4710 507.0
4711 474.0
4712 507.0
4713 399.0
4714 507.0
4715 507.0
4716 399.0
4717 468.0
4718 0.0
4719 468.0
4720 474.0
4721 0.0
4722 507.0
4723 203.0
4724 507.0
4725 224.0
4726 203.0
4727 474.0
4728 276.0
4729 507.0
4730 32.0
4731 507.0
4732 507.0
4733 507.0
4734 30.0
4735 507.0
4736 212.0
4737 474.0
4738 212.0
4739 470.0
4740 507.0
4741 507.0
4742 468.0
4743 507.0
4744 470.0
4745 507.0
4746 0.0
4747 316.0
4748 507.0
4749 507.0
4750 507.0
4751 388.0
4752 3.0
4753 474.0
4754 311.0
4755 507.0
4756 507.0
4757 203.0
4758 294.0
4759 501.0
4760 469.0
4761 507.0
4762 203.0
4763 507.0
4764 507.0
4765 507.0
4766 507.0
4767 399.0
4768 468.0
4769 0.0
4770 289.0
4771 474.0
4772 0.0
4773 474.0
4774 0.0
4775 468.0
4776 302.0
4777 351.0
4778 203.0
4779 507.0
4780 507.0
4781 25.0
4782 468.0
4783 468.0
4784 399.0
4785 0.0
4786 507.0
4787 311.0
4788 507.0
4789 203.0
4790 470.0
4791 507.0
4792 507.0
4793 468.0
4794 507.0
4795 351.0
4796 507.0
4797 0.0
4798 180.0
4799 507.0
4800 316.0
4801 351.0
4802 507.0
4803 3.0
4804 474.0
4805 311.0
4806 507.0
4807 276.0
4808 276.0
4809 294.0
4810 3.0
4811 468.0
4812 501.0
4813 507.0
4814 507.0
4815 203.0
4816 507.0
4817 507.0
4818 399.0
4819 507.0
4820 0.0
4821 289.0
4822 395.0
4823 0.0
4824 399.0
4825 203.0
4826 395.0
4827 155.0
4828 481.0
4829 474.0
4830 133.0
4831 507.0
4832 0.0
4833 468.0
4834 467.0
4835 507.0
4836 0.0
4837 507.0
4838 204.0
4839 399.0
4840 5.0
4841 194.0
4842 468.0
4843 507.0
4844 395.0
4845 507.0
4846 470.0
4847 470.0
4848 0.0
4849 316.0
4850 474.0
4851 305.0
4852 470.0
4853 395.0
4854 203.0
4855 350.0
4856 194.0
4857 507.0
4858 470.0
4859 300.0
4860 276.0
4861 464.0
4862 395.0
4863 507.0
4864 474.0
4865 507.0
4866 203.0
4867 507.0
4868 507.0
4869 507.0
4870 507.0
4871 0.0
4872 194.0
4873 507.0
4874 0.0
4875 411.0
4876 203.0
4877 507.0
4878 242.0
4879 203.0
4880 474.0
4881 306.0
4882 468.0
4883 32.0
4884 395.0
4885 507.0
4886 507.0
4887 169.0
4888 316.0
4889 204.0
4890 507.0
4891 194.0
4892 470.0
4893 507.0
4894 507.0
4895 507.0
4896 507.0
4897 480.0
4898 507.0
4899 0.0
4900 212.0
4901 507.0
4902 468.0
4903 507.0
4904 507.0
4905 276.0
4906 468.0
4907 311.0
4908 507.0
4909 507.0
4910 203.0
4911 504.0
4912 464.0
4913 467.0
4914 474.0
4915 474.0
4916 507.0
4917 169.0
4918 507.0
4919 470.0
4920 507.0
4921 470.0
4922 0.0
4923 507.0
4924 507.0
4925 0.0
4926 507.0
4927 203.0
4928 507.0
4929 384.0
4930 203.0
4931 399.0
4932 466.0
4933 306.0
4934 32.0
4935 203.0
4936 466.0
4937 507.0
4938 30.0
4939 507.0
4940 32.0
4941 474.0
4942 203.0
4943 470.0
4944 507.0
4945 507.0
4946 468.0
4947 507.0
4948 276.0
4949 507.0
4950 203.0
4951 0.0
4952 507.0
4953 470.0
4954 351.0
4955 388.0
4956 203.0
4957 468.0
4958 311.0
4959 470.0
4960 351.0
4961 203.0
4962 466.0
4963 3.0
4964 477.0
4965 507.0
4966 203.0
4967 507.0
4968 169.0
4969 507.0
4970 468.0
4971 507.0
4972 507.0
4973 164.0
4974 289.0
4975 507.0
4976 32.0
4977 203.0
4978 203.0
4979 507.0
4980 280.0
4981 204.0
4982 481.0
4983 472.0
4984 467.0
4985 32.0
4986 203.0
4987 507.0
4988 507.0
4989 0.0
4990 474.0
4991 212.0
4992 507.0
4993 32.0
4994 194.0
4995 470.0
4996 507.0
4997 468.0
4998 507.0
4999 276.0
5000 507.0
5001 32.0
5002 316.0
5003 507.0
5004 316.0
5005 470.0
5006 395.0
5007 507.0
5008 507.0
5009 194.0
5010 276.0
5011 477.0
5012 276.0
5013 395.0
5014 464.0
5015 468.0
5016 507.0
5017 203.0
5018 507.0
5019 194.0
5020 507.0
5021 507.0
5022 507.0
5023 507.0
5024 164.0
5025 289.0
5026 507.0
5027 0.0
5028 507.0
5029 203.0
5030 507.0
5031 224.0
5032 203.0
5033 481.0
5034 203.0
5035 507.0
5036 0.0
5037 395.0
5038 507.0
5039 507.0
5040 0.0
5041 316.0
5042 0.0
5043 507.0
5044 507.0
5045 507.0
5046 507.0
5047 507.0
5048 468.0
5049 507.0
5050 203.0
5051 470.0
5052 0.0
5053 316.0
5054 507.0
5055 284.0
5056 507.0
5057 395.0
5058 351.0
5059 507.0
5060 311.0
5061 507.0
5062 474.0
5063 473.0
5064 395.0
5065 399.0
5066 276.0
5067 507.0
5068 507.0
5069 507.0
5070 204.0
5071 507.0
5072 470.0
5073 507.0
5074 468.0
5075 0.0
5076 194.0
5077 474.0
5078 0.0
5079 411.0
5080 203.0
5081 507.0
5082 242.0
5083 507.0
5084 474.0
5085 276.0
5086 306.0
5087 38.0
5088 507.0
5089 468.0
5090 507.0
5091 30.0
5092 474.0
5093 203.0
5094 468.0
5095 212.0
5096 507.0
5097 507.0
5098 507.0
5099 395.0
5100 507.0
