1 0.0
2 203.0
3 109.0
4 0.0
5 204.0
6 32.0
7 25.0
8 0.0
9 191.0
10 203.0
11 191.0
12 203.0
13 32.0
14 33.0
15 104.0
16 209.0
17 19.0
18 6.0
19 0.0
20 1.0
21 180.0
22 203.0
23 0.0
24 0.0
25 0.0
26 204.0
27 0.0
28 25.0
29 1.0
30 0.0
31 203.0
32 0.0
33 0.0
34 0.0
35 38.0
36 0.0
37 251.0
38 203.0
39 0.0
40 32.0
41 204.0
42 38.0
43 0.0
44 30.0
45 0.0
46 49.0
47 30.0
48 0.0
49 203.0
50 0.0
51 251.0
52 203.0
53 203.0
54 203.0
55 204.0
56 204.0
57 204.0
58 0.0
59 203.0
60 30.0
61 203.0
62 25.0
63 203.0
64 203.0
65 203.0
66 222.0
67 209.0
68 19.0
69 0.0
70 0.0
71 180.0
72 203.0
73 203.0
74 0.0
75 0.0
76 33.0
77 204.0
78 230.0
79 25.0
80 0.0
81 203.0
82 203.0
83 203.0
84 0.0
85 38.0
86 38.0
87 203.0
88 251.0
89 203.0
90 203.0
91 32.0
92 204.0
93 204.0
94 38.0
95 30.0
96 0.0
97 49.0
98 203.0
99 32.0
100 203.0
101 0.0
102 251.0
103 32.0
104 203.0
105 204.0
106 203.0
107 204.0
108 203.0
109 0.0
110 203.0
111 32.0
112 203.0
113 38.0
114 203.0
115 0.0
116 38.0
117 37.0
118 227.0
119 203.0
120 14.0
121 169.0
122 98.0
123 174.0
124 203.0
125 203.0
126 1.0
127 32.0
128 119.0
129 252.0
130 0.0
131 6.0
132 203.0
133 203.0
134 32.0
135 203.0
136 38.0
137 203.0
138 202.0
139 251.0
140 203.0
141 203.0
142 203.0
143 204.0
144 204.0
145 204.0
146 15.0
147 49.0
148 49.0
149 49.0
150 32.0
151 203.0
152 215.0
153 252.0
154 215.0
155 203.0
156 31.0
157 30.0
158 204.0
159 204.0
160 0.0
161 204.0
162 32.0
163 203.0
164 25.0
165 203.0
166 0.0
167 31.0
168 203.0
169 32.0
170 203.0
171 171.0
172 180.0
173 185.0
174 203.0
175 203.0
176 203.0
177 0.0
178 0.0
179 240.0
180 9.0
181 32.0
182 204.0
183 203.0
184 203.0
185 203.0
186 204.0
187 0.0
188 0.0
189 251.0
190 251.0
191 191.0
192 0.0
193 204.0
194 204.0
195 38.0
196 204.0
197 203.0
198 49.0
199 49.0
200 49.0
201 0.0
202 204.0
203 32.0
204 252.0
205 203.0
206 203.0
207 203.0
208 0.0
209 204.0
210 0.0
211 0.0
212 203.0
213 32.0
214 203.0
215 32.0
216 203.0
217 203.0
218 251.0
219 203.0
220 209.0
221 203.0
222 203.0
223 104.0
224 203.0
225 169.0
226 203.0
227 0.0
228 0.0
229 32.0
230 7.0
231 65.0
232 32.0
233 203.0
234 203.0
235 203.0
236 203.0
237 203.0
238 0.0
239 202.0
240 191.0
241 251.0
242 203.0
243 32.0
244 204.0
245 204.0
246 203.0
247 204.0
248 203.0
249 33.0
250 203.0
251 203.0
252 38.0
253 188.0
254 169.0
255 252.0
256 68.0
257 203.0
258 204.0
259 204.0
260 204.0
261 203.0
262 25.0
263 1.0
264 0.0
265 203.0
266 25.0
267 203.0
268 38.0
269 165.0
270 38.0
271 203.0
272 132.0
273 203.0
274 203.0
275 203.0
276 185.0
277 203.0
278 0.0
279 204.0
280 32.0
281 252.0
282 221.0
283 0.0
284 204.0
285 204.0
286 203.0
287 204.0
288 203.0
289 0.0
290 203.0
291 203.0
292 251.0
293 203.0
294 203.0
295 204.0
296 204.0
297 204.0
298 204.0
299 0.0
300 38.0
301 30.0
302 203.0
303 80.0
304 203.0
305 38.0
306 252.0
307 215.0
308 36.0
309 204.0
310 204.0
311 204.0
312 204.0
313 203.0
314 191.0
315 32.0
316 203.0
317 38.0
318 203.0
319 251.0
320 251.0
321 251.0
322 32.0
323 203.0
324 165.0
325 87.0
326 203.0
327 185.0
328 203.0
329 204.0
330 0.0
331 32.0
332 236.0
333 240.0
334 0.0
335 204.0
336 204.0
337 203.0
338 204.0
339 204.0
340 0.0
341 203.0
342 202.0
343 251.0
344 203.0
345 30.0
346 32.0
347 204.0
348 204.0
349 204.0
350 55.0
351 203.0
352 203.0
353 49.0
354 80.0
355 207.0
356 203.0
357 252.0
358 203.0
359 203.0
360 204.0
361 204.0
362 204.0
363 109.0
364 203.0
365 38.0
366 32.0
367 203.0
368 38.0
369 251.0
370 252.0
371 98.0
372 33.0
373 38.0
374 33.0
375 203.0
376 204.0
377 204.0
378 203.0
379 98.0
380 139.0
381 0.0
382 32.0
383 7.0
384 65.0
385 203.0
386 204.0
387 203.0
388 0.0
389 203.0
390 204.0
391 0.0
392 0.0
393 191.0
394 251.0
395 203.0
396 0.0
397 204.0
398 204.0
399 204.0
400 0.0
401 33.0
402 32.0
403 203.0
404 30.0
405 203.0
406 188.0
407 0.0
408 252.0
409 68.0
410 203.0
411 203.0
412 204.0
413 204.0
414 204.0
415 25.0
416 203.0
417 38.0
418 203.0
419 203.0
420 231.0
421 251.0
422 251.0
423 38.0
424 240.0
425 121.0
426 203.0
427 104.0
428 185.0
429 203.0
430 204.0
431 204.0
432 0.0
433 0.0
434 236.0
435 7.0
436 203.0
437 203.0
438 204.0
439 0.0
440 203.0
441 204.0
442 6.0
443 203.0
444 209.0
445 251.0
446 203.0
447 32.0
448 204.0
449 204.0
450 204.0
451 204.0
452 33.0
453 30.0
454 30.0
455 30.0
456 32.0
457 188.0
458 169.0
459 252.0
460 32.0
461 203.0
462 203.0
463 30.0
464 204.0
465 204.0
466 25.0
467 203.0
468 0.0
469 203.0
470 203.0
471 251.0
472 250.0
473 50.0
474 191.0
475 25.0
476 203.0
477 0.0
478 104.0
479 203.0
480 0.0
481 203.0
482 203.0
483 32.0
484 0.0
485 252.0
486 192.0
487 0.0
488 203.0
489 204.0
490 203.0
491 204.0
492 203.0
493 204.0
494 203.0
495 202.0
496 251.0
497 203.0
498 204.0
499 203.0
500 204.0
501 0.0
502 204.0
503 0.0
504 0.0
505 203.0
506 49.0
507 33.0
508 203.0
509 203.0
510 252.0
511 84.0
512 160.0
513 204.0
514 204.0
515 204.0
516 204.0
517 203.0
518 191.0
519 203.0
520 203.0
521 203.0
522 203.0
523 251.0
524 347.0
525 33.0
526 32.0
527 204.0
528 204.0
529 158.0
530 203.0
531 33.0
532 98.0
533 150.0
534 175.0
535 33.0
536 9.0
537 9.0
538 0.0
539 6.0
540 204.0
541 203.0
542 204.0
543 203.0
544 204.0
545 0.0
546 202.0
547 251.0
548 203.0
549 203.0
550 32.0
551 204.0
552 204.0
553 204.0
554 0.0
555 204.0
556 203.0
557 203.0
558 94.0
559 207.0
560 169.0
561 347.0
562 203.0
563 210.0
564 204.0
565 204.0
566 204.0
567 204.0
568 31.0
569 0.0
570 30.0
571 203.0
572 203.0
573 251.0
574 52.0
575 252.0
576 52.0
577 32.0
578 33.0
579 204.0
580 104.0
581 185.0
582 43.0
583 204.0
584 204.0
585 0.0
586 32.0
587 252.0
588 0.0
589 203.0
590 203.0
591 204.0
592 203.0
593 203.0
594 204.0
595 204.0
596 0.0
597 251.0
598 251.0
599 203.0
600 0.0
601 204.0
602 204.0
603 204.0
604 204.0
605 33.0
606 32.0
607 32.0
608 30.0
609 188.0
610 188.0
611 203.0
612 347.0
613 215.0
614 203.0
615 203.0
616 204.0
617 204.0
618 204.0
619 30.0
620 203.0
621 1.0
622 203.0
623 203.0
624 251.0
625 252.0
626 86.0
627 52.0
628 203.0
629 203.0
630 204.0
631 104.0
632 203.0
633 0.0
634 203.0
635 203.0
636 32.0
637 204.0
638 230.0
639 25.0
640 203.0
641 203.0
642 204.0
643 203.0
644 204.0
645 203.0
646 6.0
647 203.0
648 209.0
649 251.0
650 203.0
651 203.0
652 204.0
653 204.0
654 0.0
655 204.0
656 33.0
657 204.0
658 32.0
659 30.0
660 180.0
661 215.0
662 169.0
663 347.0
664 215.0
665 203.0
666 203.0
667 204.0
668 204.0
669 204.0
670 204.0
671 203.0
672 203.0
673 203.0
674 251.0
675 252.0
676 252.0
677 50.0
678 32.0
679 5.0
680 204.0
681 203.0
682 104.0
683 203.0
684 0.0
685 204.0
686 203.0
687 0.0
688 0.0
689 252.0
690 0.0
691 0.0
692 204.0
693 204.0
694 204.0
695 204.0
696 204.0
697 0.0
698 0.0
699 202.0
700 251.0
701 203.0
702 203.0
703 32.0
704 204.0
705 204.0
706 204.0
707 0.0
708 203.0
709 33.0
710 17.0
711 184.0
712 203.0
713 169.0
714 347.0
715 203.0
716 4.0
717 203.0
718 204.0
719 204.0
720 204.0
721 30.0
722 38.0
723 1.0
724 251.0
725 203.0
726 203.0
727 203.0
728 50.0
729 30.0
730 251.0
731 43.0
732 204.0
733 203.0
734 204.0
735 33.0
736 204.0
737 204.0
738 0.0
739 0.0
740 65.0
741 204.0
742 0.0
743 204.0
744 204.0
745 204.0
746 203.0
747 204.0
748 203.0
749 0.0
750 202.0
751 251.0
752 203.0
753 32.0
754 204.0
755 204.0
756 204.0
757 204.0
758 0.0
759 32.0
760 203.0
761 203.0
762 153.0
763 203.0
764 203.0
765 347.0
766 84.0
767 203.0
768 203.0
769 204.0
770 204.0
771 204.0
772 30.0
773 203.0
774 203.0
775 204.0
776 203.0
777 251.0
778 177.0
779 86.0
780 252.0
781 32.0
782 43.0
783 204.0
784 104.0
785 203.0
786 252.0
787 204.0
788 204.0
789 0.0
790 203.0
791 252.0
792 0.0
793 203.0
794 203.0
795 203.0
796 204.0
797 203.0
798 203.0
799 38.0
800 0.0
801 203.0
802 251.0
803 203.0
804 6.0
805 204.0
806 204.0
807 204.0
808 204.0
809 203.0
810 32.0
811 32.0
812 30.0
813 169.0
814 191.0
815 203.0
816 347.0
817 215.0
818 203.0
819 203.0
820 204.0
821 204.0
822 204.0
823 25.0
824 203.0
825 251.0
826 251.0
827 251.0
828 250.0
829 197.0
830 217.0
831 37.0
832 52.0
833 203.0
834 204.0
835 104.0
836 139.0
837 0.0
838 204.0
839 203.0
840 32.0
841 0.0
842 236.0
843 9.0
844 203.0
845 203.0
846 204.0
847 203.0
848 204.0
849 204.0
850 203.0
851 203.0
852 209.0
853 251.0
854 203.0
855 203.0
856 204.0
857 204.0
858 204.0
859 204.0
860 158.0
861 0.0
862 33.0
863 30.0
864 87.0
865 185.0
866 169.0
867 347.0
868 203.0
869 203.0
870 203.0
871 204.0
872 204.0
873 204.0
874 30.0
875 204.0
876 60.0
877 203.0
878 203.0
879 32.0
880 53.0
881 347.0
882 30.0
883 39.0
884 203.0
885 204.0
886 1.0
887 204.0
888 0.0
889 251.0
890 183.0
891 33.0
892 0.0
893 252.0
894 0.0
895 0.0
896 203.0
897 204.0
898 204.0
899 204.0
900 204.0
901 203.0
902 203.0
903 202.0
904 251.0
905 203.0
906 32.0
907 204.0
908 204.0
909 204.0
910 204.0
911 32.0
912 204.0
913 203.0
914 49.0
915 80.0
916 203.0
917 169.0
918 347.0
919 203.0
920 1.0
921 25.0
922 30.0
923 204.0
924 203.0
925 30.0
926 251.0
927 203.0
928 204.0
929 32.0
930 250.0
931 203.0
932 50.0
933 1.0
934 30.0
935 43.0
936 204.0
937 204.0
938 104.0
939 203.0
940 98.0
941 204.0
942 0.0
943 32.0
944 252.0
945 0.0
946 0.0
947 203.0
948 204.0
949 204.0
950 203.0
951 204.0
952 203.0
953 0.0
954 202.0
955 251.0
956 203.0
957 32.0
958 204.0
959 204.0
960 31.0
961 204.0
962 32.0
963 32.0
964 32.0
965 12.0
966 203.0
967 203.0
968 203.0
969 347.0
970 215.0
971 203.0
972 203.0
973 204.0
974 204.0
975 204.0
976 203.0
977 204.0
978 251.0
979 251.0
980 204.0
981 251.0
982 203.0
983 252.0
984 37.0
985 32.0
986 251.0
987 204.0
988 104.0
989 204.0
990 204.0
991 78.0
992 2.0
993 33.0
994 0.0
995 252.0
996 25.0
997 32.0
998 203.0
999 204.0
1000 203.0
1001 203.0
1002 204.0
1003 203.0
1004 0.0
1005 203.0
1006 251.0
1007 251.0
1008 203.0
1009 204.0
1010 204.0
1011 204.0
1012 204.0
1013 98.0
1014 203.0
1015 32.0
1016 0.0
1017 33.0
1018 203.0
1019 203.0
1020 347.0
1021 203.0
1022 203.0
1023 203.0
1024 204.0
1025 204.0
1026 204.0
1027 251.0
1028 203.0
1029 203.0
1030 203.0
1031 251.0
1032 25.0
1033 52.0
1034 177.0
1035 13.0
1036 78.0
1037 203.0
1038 203.0
1039 33.0
1040 204.0
1041 0.0
1042 204.0
1043 78.0
1044 0.0
1045 0.0
1046 221.0
1047 203.0
1048 203.0
1049 204.0
1050 204.0
1051 204.0
1052 204.0
1053 204.0
1054 38.0
1055 203.0
1056 203.0
1057 251.0
1058 203.0
1059 203.0
1060 204.0
1061 204.0
1062 204.0
1063 204.0
1064 28.0
1065 204.0
1066 32.0
1067 0.0
1068 204.0
1069 191.0
1070 169.0
1071 347.0
1072 203.0
1073 10.0
1074 203.0
1075 204.0
1076 204.0
1077 203.0
1078 203.0
1079 204.0
1080 251.0
1081 251.0
1082 203.0
1083 203.0
1084 162.0
1085 50.0
1086 29.0
1087 252.0
1088 33.0
1089 203.0
1090 203.0
1091 0.0
1092 98.0
1093 204.0
1094 204.0
1095 204.0
1096 33.0
1097 252.0
1098 0.0
1099 33.0
1100 204.0
1101 204.0
1102 204.0
1103 203.0
1104 204.0
1105 32.0
1106 202.0
1107 202.0
1108 251.0
1109 203.0
1110 203.0
1111 204.0
1112 204.0
1113 204.0
1114 204.0
1115 32.0
1116 32.0
1117 203.0
1118 203.0
1119 102.0
1120 203.0
1121 32.0
1122 347.0
1123 215.0
1124 84.0
1125 203.0
1126 30.0
1127 204.0
1128 203.0
1129 251.0
1130 251.0
1131 203.0
1132 251.0
1133 203.0
1134 209.0
1135 251.0
1136 50.0
1137 42.0
1138 30.0
1139 43.0
1140 203.0
1141 104.0
1142 204.0
1143 203.0
1144 252.0
1145 203.0
1146 32.0
1147 204.0
1148 252.0
1149 252.0
1150 35.0
1151 203.0
1152 204.0
1153 204.0
1154 203.0
1155 203.0
1156 204.0
1157 251.0
1158 251.0
1159 251.0
1160 180.0
1161 32.0
1162 204.0
1163 204.0
1164 204.0
1165 204.0
1166 203.0
1167 204.0
1168 32.0
1169 230.0
1170 32.0
1171 203.0
1172 203.0
1173 347.0
1174 215.0
1175 203.0
1176 30.0
1177 30.0
1178 204.0
1179 251.0
1180 251.0
1181 33.0
1182 203.0
1183 251.0
1184 0.0
1185 251.0
1186 252.0
1187 197.0
1188 347.0
1189 38.0
1190 203.0
1191 203.0
1192 203.0
1193 104.0
1194 180.0
1195 98.0
1196 98.0
1197 0.0
1198 204.0
1199 252.0
1200 240.0
1201 203.0
1202 203.0
1203 204.0
1204 203.0
1205 204.0
1206 204.0
1207 0.0
1208 203.0
1209 203.0
1210 251.0
1211 203.0
1212 204.0
1213 30.0
1214 204.0
1215 204.0
1216 204.0
1217 0.0
1218 203.0
1219 32.0
1220 203.0
1221 203.0
1222 215.0
1223 202.0
1224 347.0
1225 203.0
1226 169.0
1227 93.0
1228 204.0
1229 251.0
1230 251.0
1231 203.0
1232 251.0
1233 251.0
1234 251.0
1235 251.0
1236 251.0
1237 361.0
1238 197.0
1239 146.0
1240 45.0
1241 203.0
1242 204.0
1243 0.0
1244 138.0
1245 0.0
1246 252.0
1247 132.0
1248 0.0
1249 33.0
1250 208.0
1251 252.0
1252 32.0
1253 203.0
1254 204.0
1255 204.0
1256 203.0
1257 204.0
1258 203.0
1259 251.0
1260 251.0
1261 251.0
1262 203.0
1263 209.0
1264 204.0
1265 204.0
1266 204.0
1267 204.0
1268 33.0
1269 204.0
1270 32.0
1271 230.0
1272 32.0
1273 84.0
1274 32.0
1275 361.0
1276 203.0
1277 215.0
1278 203.0
1279 251.0
1280 251.0
1281 204.0
1282 203.0
1283 203.0
1284 203.0
1285 251.0
1286 251.0
1287 203.0
1288 214.0
1289 173.0
1290 52.0
1291 173.0
1292 347.0
1293 204.0
1294 204.0
1295 204.0
1296 0.0
1297 252.0
1298 204.0
1299 33.0
1300 204.0
1301 209.0
1302 9.0
1303 203.0
1304 204.0
1305 204.0
1306 204.0
1307 203.0
1308 203.0
1309 38.0
1310 251.0
1311 203.0
1312 251.0
1313 203.0
1314 203.0
1315 247.0
1316 204.0
1317 204.0
1318 204.0
1319 201.0
1320 204.0
1321 30.0
1322 214.0
1323 32.0
1324 204.0
1325 203.0
1326 361.0
1327 215.0
1328 210.0
1329 203.0
1330 251.0
1331 22.0
1332 204.0
1333 203.0
1334 252.0
1335 251.0
1336 251.0
1337 251.0
1338 251.0
1339 361.0
1340 173.0
1341 252.0
1342 203.0
1343 203.0
1344 203.0
1345 204.0
1346 203.0
1347 203.0
1348 98.0
1349 203.0
1350 32.0
1351 203.0
1352 252.0
1353 204.0
1354 32.0
1355 204.0
1356 204.0
1357 204.0
1358 204.0
1359 204.0
1360 204.0
1361 427.0
1362 251.0
1363 251.0
1364 203.0
1365 204.0
1366 203.0
1367 220.0
1368 204.0
1369 204.0
1370 0.0
1371 204.0
1372 32.0
1373 214.0
1374 203.0
1375 84.0
1376 0.0
1377 427.0
1378 84.0
1379 169.0
1380 41.0
1381 251.0
1382 251.0
1383 251.0
1384 204.0
1385 203.0
1386 252.0
1387 251.0
1388 240.0
1389 33.0
1390 203.0
1391 173.0
1392 52.0
1393 252.0
1394 332.0
1395 203.0
1396 1.0
1397 204.0
1398 180.0
1399 78.0
1400 98.0
1401 0.0
1402 32.0
1403 252.0
1404 7.0
1405 160.0
1406 203.0
1407 204.0
1408 203.0
1409 204.0
1410 204.0
1411 32.0
1412 203.0
1413 456.0
1414 251.0
1415 203.0
1416 175.0
1417 169.0
1418 191.0
1419 204.0
1420 204.0
1421 33.0
1422 204.0
1423 32.0
1424 203.0
1425 169.0
1426 204.0
1427 169.0
1428 456.0
1429 203.0
1430 215.0
1431 203.0
1432 44.0
1433 251.0
1434 251.0
1435 251.0
1436 203.0
1437 203.0
1438 203.0
1439 252.0
1440 72.0
1441 237.0
1442 86.0
1443 52.0
1444 32.0
1445 203.0
1446 204.0
1447 104.0
1448 203.0
1449 0.0
1450 251.0
1451 98.0
1452 33.0
1453 203.0
1454 252.0
1455 0.0
1456 32.0
1457 204.0
1458 204.0
1459 204.0
1460 203.0
1461 203.0
1462 6.0
1463 203.0
1464 33.0
1465 203.0
1466 191.0
1467 203.0
1468 169.0
1469 251.0
1470 203.0
1471 204.0
1472 33.0
1473 204.0
1474 33.0
1475 203.0
1476 196.0
1477 84.0
1478 203.0
1479 456.0
1480 203.0
1481 215.0
1482 203.0
1483 251.0
1484 251.0
1485 251.0
1486 204.0
1487 204.0
1488 251.0
1489 169.0
1490 252.0
1491 251.0
1492 168.0
1493 86.0
1494 52.0
1495 32.0
1496 203.0
1497 204.0
1498 104.0
1499 204.0
1500 203.0
1501 5.0
1502 204.0
1503 0.0
1504 0.0
1505 252.0
1506 65.0
1507 203.0
1508 204.0
1509 204.0
1510 204.0
1511 204.0
1512 203.0
1513 38.0
1514 252.0
1515 169.0
1516 33.0
1517 203.0
1518 203.0
1519 251.0
1520 251.0
1521 30.0
1522 204.0
1523 0.0
1524 204.0
1525 30.0
1526 230.0
1527 203.0
1528 204.0
1529 203.0
1530 456.0
1531 84.0
1532 215.0
1533 204.0
1534 251.0
1535 251.0
1536 251.0
1537 203.0
1538 251.0
1539 203.0
1540 203.0
1541 252.0
1542 251.0
1543 203.0
1544 252.0
1545 251.0
1546 203.0
1547 30.0
1548 203.0
1549 204.0
1550 0.0
1551 204.0
1552 252.0
1553 204.0
1554 0.0
1555 0.0
1556 252.0
1557 240.0
1558 203.0
1559 203.0
1560 204.0
1561 204.0
1562 204.0
1563 204.0
1564 32.0
1565 251.0
1566 251.0
1567 427.0
1568 203.0
1569 203.0
1570 251.0
1571 247.0
1572 203.0
1573 204.0
1574 203.0
1575 203.0
1576 30.0
1577 230.0
1578 169.0
1579 204.0
1580 202.0
1581 456.0
1582 215.0
1583 204.0
1584 113.0
1585 44.0
1586 251.0
1587 251.0
1588 251.0
1589 251.0
1590 203.0
1591 203.0
1592 252.0
1593 251.0
1594 252.0
1595 251.0
1596 146.0
1597 118.0
1598 203.0
1599 87.0
1600 33.0
1601 104.0
1602 0.0
1603 251.0
1604 98.0
1605 32.0
1606 0.0
1607 252.0
1608 65.0
1609 33.0
1610 203.0
1611 204.0
1612 203.0
1613 203.0
1614 204.0
1615 32.0
1616 347.0
1617 251.0
1618 330.0
1619 242.0
1620 204.0
1621 220.0
1622 191.0
1623 203.0
1624 204.0
1625 33.0
1626 204.0
1627 114.0
1628 203.0
1629 189.0
1630 204.0
1631 203.0
1632 456.0
1633 203.0
1634 215.0
1635 203.0
1636 251.0
1637 251.0
1638 251.0
1639 251.0
1640 252.0
1641 203.0
1642 203.0
1643 251.0
1644 251.0
1645 162.0
1646 52.0
1647 52.0
1648 0.0
1649 203.0
1650 204.0
1651 204.0
1652 0.0
1653 204.0
1654 98.0
1655 0.0
1656 0.0
1657 30.0
1658 252.0
1659 7.0
1660 32.0
1661 204.0
1662 204.0
1663 204.0
1664 203.0
1665 204.0
1666 29.0
1667 169.0
1668 203.0
1669 33.0
1670 180.0
1671 203.0
1672 180.0
1673 209.0
1674 204.0
1675 204.0
1676 33.0
1677 32.0
1678 30.0
1679 203.0
1680 251.0
1681 215.0
1682 203.0
1683 456.0
1684 203.0
1685 204.0
1686 203.0
1687 203.0
1688 251.0
1689 251.0
1690 251.0
1691 252.0
1692 203.0
1693 252.0
1694 237.0
1695 251.0
1696 203.0
1697 52.0
1698 52.0
1699 251.0
1700 38.0
1701 204.0
1702 204.0
1703 204.0
1704 203.0
1705 98.0
1706 203.0
1707 0.0
1708 32.0
1709 252.0
1710 208.0
1711 32.0
1712 204.0
1713 204.0
1714 204.0
1715 204.0
1716 204.0
1717 32.0
1718 32.0
1719 456.0
1720 33.0
1721 251.0
1722 203.0
1723 220.0
1724 220.0
1725 204.0
1726 204.0
1727 33.0
1728 204.0
1729 0.0
1730 225.0
1731 251.0
1732 169.0
1733 169.0
1734 456.0
1735 84.0
1736 215.0
1737 100.0
1738 203.0
1739 251.0
1740 251.0
1741 203.0
1742 251.0
1743 204.0
1744 185.0
1745 252.0
1746 203.0
1747 203.0
1748 204.0
1749 13.0
1750 102.0
1751 252.0
1752 203.0
1753 203.0
1754 104.0
1755 0.0
1756 204.0
1757 174.0
1758 175.0
1759 204.0
1760 252.0
1761 203.0
1762 0.0
1763 203.0
1764 204.0
1765 203.0
1766 204.0
1767 204.0
1768 32.0
1769 251.0
1770 251.0
1771 32.0
1772 203.0
1773 203.0
1774 251.0
1775 180.0
1776 203.0
1777 204.0
1778 33.0
1779 203.0
1780 203.0
1781 251.0
1782 251.0
1783 185.0
1784 169.0
1785 456.0
1786 215.0
1787 215.0
1788 203.0
1789 251.0
1790 251.0
1791 251.0
1792 32.0
1793 251.0
1794 251.0
1795 252.0
1796 203.0
1797 251.0
1798 156.0
1799 26.0
1800 86.0
1801 203.0
1802 203.0
1803 204.0
1804 203.0
1805 6.0
1806 251.0
1807 98.0
1808 203.0
1809 0.0
1810 0.0
1811 252.0
1812 9.0
1813 0.0
1814 204.0
1815 204.0
1816 203.0
1817 203.0
1818 204.0
1819 32.0
1820 251.0
1821 251.0
1822 0.0
1823 203.0
1824 203.0
1825 251.0
1826 191.0
1827 236.0
1828 204.0
1829 33.0
1830 204.0
1831 30.0
1832 251.0
1833 217.0
1834 185.0
1835 203.0
1836 456.0
1837 203.0
1838 215.0
1839 203.0
1840 251.0
1841 251.0
1842 251.0
1843 14.0
1844 252.0
1845 251.0
1846 203.0
1847 252.0
1848 209.0
1849 162.0
1850 252.0
1851 42.0
1852 0.0
1853 252.0
1854 204.0
1855 204.0
1856 82.0
1857 203.0
1858 98.0
1859 0.0
1860 32.0
1861 0.0
1862 252.0
1863 0.0
1864 32.0
1865 204.0
1866 204.0
1867 204.0
1868 204.0
1869 204.0
1870 32.0
1871 191.0
1872 203.0
1873 251.0
1874 251.0
1875 203.0
1876 251.0
1877 191.0
1878 203.0
1879 204.0
1880 33.0
1881 32.0
1882 204.0
1883 251.0
1884 251.0
1885 251.0
1886 203.0
1887 456.0
1888 203.0
1889 84.0
1890 107.0
1891 251.0
1892 251.0
1893 251.0
1894 252.0
1895 252.0
1896 203.0
1897 251.0
1898 252.0
1899 111.0
1900 203.0
1901 204.0
1902 29.0
1903 251.0
1904 203.0
1905 203.0
1906 204.0
1907 104.0
1908 0.0
1909 251.0
1910 203.0
1911 33.0
1912 32.0
1913 252.0
1914 204.0
1915 203.0
1916 203.0
1917 204.0
1918 203.0
1919 204.0
1920 204.0
1921 32.0
1922 169.0
1923 169.0
1924 169.0
1925 203.0
1926 203.0
1927 220.0
1928 203.0
1929 203.0
1930 30.0
1931 203.0
1932 204.0
1933 203.0
1934 230.0
1935 251.0
1936 146.0
1937 169.0
1938 456.0
1939 32.0
1940 215.0
1941 218.0
1942 38.0
1943 251.0
1944 176.0
1945 251.0
1946 203.0
1947 251.0
1948 251.0
1949 252.0
1950 204.0
1951 252.0
1952 52.0
1953 33.0
1954 129.0
1955 203.0
1956 203.0
1957 203.0
1958 87.0
1959 0.0
1960 204.0
1961 185.0
1962 0.0
1963 204.0
1964 252.0
1965 119.0
1966 203.0
1967 204.0
1968 204.0
1969 204.0
1970 204.0
1971 204.0
1972 204.0
1973 251.0
1974 251.0
1975 169.0
1976 203.0
1977 204.0
1978 251.0
1979 203.0
1980 203.0
1981 191.0
1982 33.0
1983 203.0
1984 0.0
1985 251.0
1986 251.0
1987 225.0
1988 32.0
1989 456.0
1990 203.0
1991 251.0
1992 204.0
1993 251.0
1994 251.0
1995 163.0
1996 252.0
1997 203.0
1998 252.0
1999 251.0
2000 251.0
2001 49.0
2002 162.0
2003 252.0
2004 52.0
2005 24.0
2006 203.0
2007 204.0
2008 204.0
2009 104.0
2010 204.0
2011 98.0
2012 0.0
2013 33.0
2014 32.0
2015 252.0
2016 0.0
2017 0.0
2018 204.0
2019 204.0
2020 204.0
2021 203.0
2022 204.0
2023 32.0
2024 191.0
2025 251.0
2026 0.0
2027 203.0
2028 203.0
2029 220.0
2030 180.0
2031 203.0
2032 191.0
2033 33.0
2034 204.0
2035 251.0
2036 251.0
2037 251.0
2038 251.0
2039 203.0
2040 456.0
2041 203.0
2042 203.0
2043 113.0
2044 251.0
2045 251.0
2046 204.0
2047 252.0
2048 203.0
2049 252.0
2050 203.0
2051 252.0
2052 251.0
2053 203.0
2054 252.0
2055 252.0
2056 252.0
2057 251.0
2058 204.0
2059 204.0
2060 104.0
2061 190.0
2062 78.0
2063 203.0
2064 0.0
2065 30.0
2066 252.0
2067 9.0
2068 203.0
2069 203.0
2070 204.0
2071 204.0
2072 204.0
2073 204.0
2074 203.0
2075 169.0
2076 203.0
2077 251.0
2078 203.0
2079 203.0
2080 251.0
2081 204.0
2082 204.0
2083 169.0
2084 33.0
2085 251.0
2086 31.0
2087 251.0
2088 251.0
2089 251.0
2090 169.0
2091 456.0
2092 32.0
2093 203.0
2094 204.0
2095 251.0
2096 251.0
2097 252.0
2098 252.0
2099 251.0
2100 204.0
2101 203.0
2102 252.0
2103 209.0
2104 168.0
2105 50.0
2106 252.0
2107 164.0
2108 30.0
2109 203.0
2110 204.0
2111 0.0
2112 0.0
2113 251.0
2114 0.0
2115 32.0
2116 204.0
2117 252.0
2118 0.0
2119 203.0
2120 204.0
2121 204.0
2122 204.0
2123 204.0
2124 204.0
2125 32.0
2126 251.0
2127 251.0
2128 32.0
2129 251.0
2130 180.0
2131 251.0
2132 203.0
2133 203.0
2134 204.0
2135 33.0
2136 33.0
2137 251.0
2138 235.0
2139 251.0
2140 251.0
2141 169.0
2142 456.0
2143 203.0
2144 232.0
2145 203.0
2146 44.0
2147 17.0
2148 30.0
2149 251.0
2150 203.0
2151 251.0
2152 251.0
2153 252.0
2154 209.0
2155 168.0
2156 168.0
2157 52.0
2158 113.0
2159 203.0
2160 203.0
2161 203.0
2162 0.0
2163 204.0
2164 78.0
2165 0.0
2166 0.0
2167 0.0
2168 252.0
2169 236.0
2170 203.0
2171 204.0
2172 204.0
2173 204.0
2174 204.0
2175 204.0
2176 32.0
2177 251.0
2178 427.0
2179 0.0
2180 203.0
2181 204.0
2182 251.0
2183 251.0
2184 33.0
2185 203.0
2186 33.0
2187 204.0
2188 49.0
2189 251.0
2190 251.0
2191 251.0
2192 202.0
2193 456.0
2194 252.0
2195 222.0
2196 86.0
2197 33.0
2198 251.0
2199 252.0
2200 14.0
2201 33.0
2202 204.0
2203 252.0
2204 252.0
2205 49.0
2206 252.0
2207 162.0
2208 32.0
2209 203.0
2210 203.0
2211 204.0
2212 204.0
2213 104.0
2214 204.0
2215 78.0
2216 0.0
2217 203.0
2218 32.0
2219 252.0
2220 0.0
2221 203.0
2222 203.0
2223 204.0
2224 204.0
2225 203.0
2226 203.0
2227 203.0
2228 488.0
2229 251.0
2230 0.0
2231 251.0
2232 203.0
2233 220.0
2234 203.0
2235 203.0
2236 203.0
2237 33.0
2238 33.0
2239 49.0
2240 251.0
2241 251.0
2242 31.0
2243 180.0
2244 488.0
2245 6.0
2246 203.0
2247 203.0
2248 251.0
2249 204.0
2250 251.0
2251 25.0
2252 203.0
2253 203.0
2254 203.0
2255 252.0
2256 251.0
2257 252.0
2258 217.0
2259 203.0
2260 148.0
2261 203.0
2262 204.0
2263 204.0
2264 93.0
2265 0.0
2266 252.0
2267 180.0
2268 203.0
2269 204.0
2270 252.0
2271 9.0
2272 0.0
2273 203.0
2274 204.0
2275 204.0
2276 203.0
2277 204.0
2278 25.0
2279 169.0
2280 437.0
2281 0.0
2282 347.0
2283 203.0
2284 251.0
2285 203.0
2286 203.0
2287 30.0
2288 0.0
2289 6.0
2290 203.0
2291 251.0
2292 251.0
2293 142.0
2294 169.0
2295 488.0
2296 6.0
2297 251.0
2298 204.0
2299 38.0
2300 251.0
2301 252.0
2302 203.0
2303 204.0
2304 252.0
2305 203.0
2306 252.0
2307 115.0
2308 168.0
2309 177.0
2310 42.0
2311 104.0
2312 30.0
2313 203.0
2314 204.0
2315 87.0
2316 203.0
2317 252.0
2318 0.0
2319 0.0
2320 32.0
2321 252.0
2322 240.0
2323 203.0
2324 204.0
2325 204.0
2326 204.0
2327 204.0
2328 204.0
2329 203.0
2330 251.0
2331 427.0
2332 347.0
2333 203.0
2334 204.0
2335 251.0
2336 203.0
2337 203.0
2338 203.0
2339 0.0
2340 0.0
2341 203.0
2342 251.0
2343 251.0
2344 251.0
2345 204.0
2346 488.0
2347 197.0
2348 203.0
2349 6.0
2350 251.0
2351 17.0
2352 30.0
2353 203.0
2354 203.0
2355 251.0
2356 174.0
2357 252.0
2358 204.0
2359 168.0
2360 177.0
2361 30.0
2362 203.0
2363 251.0
2364 204.0
2365 203.0
2366 203.0
2367 98.0
2368 78.0
2369 98.0
2370 204.0
2371 0.0
2372 252.0
2373 252.0
2374 203.0
2375 204.0
2376 204.0
2377 204.0
2378 204.0
2379 204.0
2380 204.0
2381 335.0
2382 427.0
2383 0.0
2384 644.0
2385 204.0
2386 251.0
2387 251.0
2388 203.0
2389 347.0
2390 38.0
2391 19.0
2392 38.0
2393 251.0
2394 251.0
2395 203.0
2396 49.0
2397 644.0
2398 203.0
2399 252.0
2400 107.0
2401 251.0
2402 251.0
2403 171.0
2404 203.0
2405 203.0
2406 203.0
2407 251.0
2408 252.0
2409 251.0
2410 162.0
2411 203.0
2412 33.0
2413 251.0
2414 203.0
2415 204.0
2416 204.0
2417 104.0
2418 0.0
2419 78.0
2420 185.0
2421 203.0
2422 0.0
2423 252.0
2424 9.0
2425 0.0
2426 203.0
2427 204.0
2428 204.0
2429 203.0
2430 204.0
2431 180.0
2432 169.0
2433 251.0
2434 0.0
2435 251.0
2436 203.0
2437 251.0
2438 203.0
2439 209.0
2440 191.0
2441 203.0
2442 6.0
2443 38.0
2444 251.0
2445 251.0
2446 251.0
2447 169.0
2448 644.0
2449 6.0
2450 6.0
2451 190.0
2452 251.0
2453 251.0
2454 251.0
2455 203.0
2456 203.0
2457 203.0
2458 203.0
2459 252.0
2460 203.0
2461 252.0
2462 50.0
2463 31.0
2464 252.0
2465 308.0
2466 203.0
2467 204.0
2468 204.0
2469 204.0
2470 78.0
2471 0.0
2472 204.0
2473 32.0
2474 252.0
2475 9.0
2476 203.0
2477 203.0
2478 204.0
2479 204.0
2480 204.0
2481 204.0
2482 25.0
2483 347.0
2484 427.0
2485 0.0
2486 347.0
2487 203.0
2488 251.0
2489 203.0
2490 203.0
2491 203.0
2492 204.0
2493 251.0
2494 251.0
2495 251.0
2496 251.0
2497 197.0
2498 75.0
2499 644.0
2500 33.0
2501 6.0
2502 203.0
2503 44.0
2504 171.0
2505 252.0
2506 203.0
2507 203.0
2508 252.0
2509 251.0
2510 252.0
2511 251.0
2512 168.0
2513 168.0
2514 32.0
2515 203.0
2516 251.0
2517 203.0
2518 203.0
2519 0.0
2520 204.0
2521 252.0
2522 0.0
2523 204.0
2524 32.0
2525 252.0
2526 236.0
2527 203.0
2528 204.0
2529 204.0
2530 204.0
2531 204.0
2532 204.0
2533 25.0
2534 180.0
2535 427.0
2536 0.0
2537 347.0
2538 204.0
2539 251.0
2540 204.0
2541 203.0
2542 236.0
2543 32.0
2544 30.0
2545 251.0
2546 251.0
2547 251.0
2548 188.0
2549 203.0
2550 644.0
2551 246.0
2552 203.0
2553 6.0
2554 251.0
2555 203.0
2556 30.0
2557 155.0
2558 203.0
2559 251.0
2560 252.0
2561 252.0
2562 209.0
2563 361.0
2564 252.0
2565 52.0
2566 203.0
2567 251.0
2568 203.0
2569 33.0
2570 104.0
2571 204.0
2572 252.0
2573 20.0
2574 32.0
2575 32.0
2576 252.0
2577 236.0
2578 203.0
2579 204.0
2580 204.0
2581 204.0
2582 204.0
2583 204.0
2584 204.0
2585 0.0
2586 251.0
2587 33.0
2588 347.0
2589 203.0
2590 220.0
2591 191.0
2592 203.0
2593 191.0
2594 175.0
2595 204.0
2596 38.0
2597 251.0
2598 251.0
2599 163.0
2600 55.0
2601 644.0
2602 6.0
2603 203.0
2604 6.0
2605 251.0
2606 203.0
2607 252.0
2608 204.0
2609 203.0
2610 204.0
2611 203.0
2612 252.0
2613 203.0
2614 252.0
2615 50.0
2616 52.0
2617 195.0
2618 347.0
2619 204.0
2620 204.0
2621 93.0
2622 0.0
2623 252.0
2624 0.0
2625 0.0
2626 146.0
2627 252.0
2628 9.0
2629 0.0
2630 204.0
2631 204.0
2632 204.0
2633 204.0
2634 204.0
2635 203.0
2636 0.0
2637 427.0
2638 0.0
2639 347.0
2640 203.0
2641 251.0
2642 203.0
2643 203.0
2644 347.0
2645 30.0
2646 251.0
2647 38.0
2648 251.0
2649 251.0
2650 164.0
2651 251.0
2652 644.0
2653 6.0
2654 6.0
2655 251.0
2656 251.0
2657 251.0
2658 204.0
2659 203.0
2660 203.0
2661 203.0
2662 203.0
2663 252.0
2664 203.0
2665 159.0
2666 168.0
2667 252.0
2668 203.0
2669 203.0
2670 204.0
2671 104.0
2672 0.0
2673 0.0
2674 78.0
2675 204.0
2676 0.0
2677 0.0
2678 252.0
2679 252.0
2680 203.0
2681 203.0
2682 204.0
2683 204.0
2684 204.0
2685 204.0
2686 25.0
2687 0.0
2688 427.0
2689 0.0
2690 347.0
2691 203.0
2692 251.0
2693 204.0
2694 203.0
2695 236.0
2696 32.0
2697 37.0
2698 251.0
2699 251.0
2700 251.0
2701 251.0
2702 6.0
2703 644.0
2704 204.0
2705 246.0
2706 203.0
2707 251.0
2708 30.0
2709 252.0
2710 251.0
2711 204.0
2712 251.0
2713 252.0
2714 252.0
2715 251.0
2716 168.0
2717 252.0
2718 252.0
2719 203.0
2720 251.0
2721 203.0
2722 203.0
2723 203.0
2724 204.0
2725 78.0
2726 203.0
2727 0.0
2728 0.0
2729 252.0
2730 192.0
2731 203.0
2732 204.0
2733 204.0
2734 204.0
2735 204.0
2736 203.0
2737 32.0
2738 203.0
2739 456.0
2740 0.0
2741 347.0
2742 203.0
2743 251.0
2744 203.0
2745 203.0
2746 203.0
2747 160.0
2748 251.0
2749 38.0
2750 251.0
2751 251.0
2752 196.0
2753 204.0
2754 644.0
2755 6.0
2756 245.0
2757 203.0
2758 251.0
2759 251.0
2760 30.0
2761 203.0
2762 203.0
2763 203.0
2764 252.0
2765 252.0
2766 251.0
2767 203.0
2768 50.0
2769 52.0
2770 252.0
2771 251.0
2772 203.0
2773 204.0
2774 104.0
2775 204.0
2776 78.0
2777 0.0
2778 203.0
2779 204.0
2780 252.0
2781 9.0
2782 0.0
2783 204.0
2784 204.0
2785 204.0
2786 204.0
2787 204.0
2788 0.0
2789 0.0
2790 437.0
2791 0.0
2792 347.0
2793 203.0
2794 220.0
2795 203.0
2796 203.0
2797 191.0
2798 203.0
2799 251.0
2800 38.0
2801 251.0
2802 251.0
2803 251.0
2804 76.0
2805 644.0
2806 6.0
2807 6.0
2808 233.0
2809 251.0
2810 251.0
2811 163.0
2812 145.0
2813 203.0
2814 251.0
2815 203.0
2816 252.0
2817 203.0
2818 252.0
2819 50.0
2820 52.0
2821 65.0
2822 347.0
2823 204.0
2824 204.0
2825 104.0
2826 30.0
2827 252.0
2828 185.0
2829 32.0
2830 32.0
2831 252.0
2832 252.0
2833 0.0
2834 204.0
2835 204.0
2836 204.0
2837 203.0
2838 204.0
2839 204.0
2840 169.0
2841 456.0
2842 0.0
2843 347.0
2844 203.0
2845 220.0
2846 203.0
2847 203.0
2848 347.0
2849 204.0
2850 251.0
2851 251.0
2852 251.0
2853 251.0
2854 146.0
2855 251.0
2856 644.0
2857 72.0
2858 203.0
2859 203.0
2860 251.0
2861 182.0
2862 203.0
2863 203.0
2864 251.0
2865 203.0
2866 203.0
2867 252.0
2868 49.0
2869 252.0
2870 197.0
2871 204.0
2872 11.0
2873 370.0
2874 204.0
2875 203.0
2876 6.0
2877 0.0
2878 252.0
2879 204.0
2880 204.0
2881 32.0
2882 252.0
2883 252.0
2884 203.0
2885 204.0
2886 204.0
2887 204.0
2888 204.0
2889 204.0
2890 0.0
2891 25.0
2892 488.0
2893 0.0
2894 644.0
2895 203.0
2896 251.0
2897 180.0
2898 220.0
2899 236.0
2900 204.0
2901 37.0
2902 251.0
2903 251.0
2904 251.0
2905 146.0
2906 251.0
2907 644.0
2908 204.0
2909 207.0
2910 203.0
2911 251.0
2912 30.0
2913 251.0
2914 251.0
2915 251.0
2916 204.0
2917 251.0
2918 252.0
2919 251.0
2920 203.0
2921 251.0
2922 203.0
2923 30.0
2924 251.0
2925 203.0
2926 204.0
2927 87.0
2928 68.0
2929 252.0
2930 32.0
2931 0.0
2932 0.0
2933 252.0
2934 9.0
2935 203.0
2936 204.0
2937 204.0
2938 204.0
2939 204.0
2940 204.0
2941 0.0
2942 25.0
2943 252.0
2944 0.0
2945 347.0
2946 203.0
2947 220.0
2948 203.0
2949 203.0
2950 653.0
2951 204.0
2952 6.0
2953 38.0
2954 251.0
2955 251.0
2956 33.0
2957 74.0
2958 653.0
2959 246.0
2960 6.0
2961 203.0
2962 251.0
2963 251.0
2964 30.0
2965 98.0
2966 203.0
2967 203.0
2968 204.0
2969 252.0
2970 204.0
2971 168.0
2972 251.0
2973 52.0
2974 42.0
2975 360.0
2976 204.0
2977 204.0
2978 93.0
2979 203.0
2980 252.0
2981 204.0
2982 0.0
2983 0.0
2984 252.0
2985 9.0
2986 32.0
2987 204.0
2988 204.0
2989 204.0
2990 204.0
2991 203.0
2992 204.0
2993 0.0
2994 252.0
2995 0.0
2996 347.0
2997 203.0
2998 220.0
2999 203.0
3000 203.0
3001 220.0
3002 31.0
3003 6.0
3004 251.0
3005 251.0
3006 251.0
3007 164.0
3008 251.0
3009 653.0
3010 6.0
3011 6.0
3012 203.0
3013 251.0
3014 251.0
3015 197.0
3016 203.0
3017 203.0
3018 203.0
3019 203.0
3020 252.0
3021 204.0
3022 252.0
3023 252.0
3024 52.0
3025 222.0
3026 370.0
3027 203.0
3028 204.0
3029 93.0
3030 204.0
3031 252.0
3032 204.0
3033 33.0
3034 0.0
3035 252.0
3036 236.0
3037 0.0
3038 204.0
3039 204.0
3040 204.0
3041 204.0
3042 204.0
3043 0.0
3044 427.0
3045 459.0
3046 0.0
3047 347.0
3048 175.0
3049 251.0
3050 204.0
3051 203.0
3052 220.0
3053 31.0
3054 204.0
3055 251.0
3056 251.0
3057 251.0
3058 32.0
3059 6.0
3060 653.0
3061 203.0
3062 206.0
3063 187.0
3064 251.0
3065 30.0
3066 204.0
3067 252.0
3068 252.0
3069 251.0
3070 203.0
3071 252.0
3072 115.0
3073 252.0
3074 52.0
3075 86.0
3076 0.0
3077 251.0
3078 203.0
3079 204.0
3080 204.0
3081 0.0
3082 252.0
3083 98.0
3084 203.0
3085 203.0
3086 252.0
3087 25.0
3088 203.0
3089 204.0
3090 204.0
3091 204.0
3092 204.0
3093 204.0
3094 32.0
3095 0.0
3096 488.0
3097 0.0
3098 347.0
3099 203.0
3100 251.0
3101 251.0
3102 203.0
3103 236.0
3104 204.0
3105 30.0
3106 251.0
3107 251.0
3108 251.0
3109 164.0
3110 32.0
3111 653.0
3112 251.0
3113 194.0
3114 236.0
3115 251.0
3116 251.0
3117 251.0
3118 98.0
3119 203.0
3120 251.0
3121 251.0
3122 252.0
3123 203.0
3124 252.0
3125 33.0
3126 233.0
3127 70.0
3128 251.0
3129 203.0
3130 204.0
3131 93.0
3132 204.0
3133 252.0
3134 33.0
3135 0.0
3136 203.0
3137 252.0
3138 7.0
3139 32.0
3140 204.0
3141 204.0
3142 204.0
3143 204.0
3144 203.0
3145 32.0
3146 0.0
3147 252.0
3148 0.0
3149 347.0
3150 32.0
3151 220.0
3152 203.0
3153 203.0
3154 220.0
3155 204.0
3156 251.0
3157 38.0
3158 251.0
3159 251.0
3160 32.0
3161 6.0
3162 653.0
3163 251.0
3164 203.0
3165 196.0
3166 251.0
3167 251.0
3168 30.0
3169 203.0
3170 252.0
3171 251.0
3172 203.0
3173 252.0
3174 203.0
3175 203.0
3176 52.0
3177 52.0
3178 52.0
3179 169.0
3180 209.0
3181 204.0
3182 93.0
3183 204.0
3184 252.0
3185 204.0
3186 32.0
3187 0.0
3188 252.0
3189 0.0
3190 32.0
3191 204.0
3192 204.0
3193 204.0
3194 204.0
3195 204.0
3196 0.0
3197 0.0
3198 456.0
3199 0.0
3200 347.0
3201 191.0
3202 251.0
3203 30.0
3204 191.0
3205 209.0
3206 33.0
3207 251.0
3208 38.0
3209 251.0
3210 251.0
3211 204.0
3212 251.0
3213 653.0
3214 6.0
3215 203.0
3216 251.0
3217 251.0
3218 252.0
3219 204.0
3220 251.0
3221 203.0
3222 252.0
3223 204.0
3224 252.0
3225 204.0
3226 168.0
3227 43.0
3228 52.0
3229 14.0
3230 251.0
3231 203.0
3232 203.0
3233 104.0
3234 98.0
3235 252.0
3236 203.0
3237 32.0
3238 0.0
3239 252.0
3240 252.0
3241 0.0
3242 204.0
3243 204.0
3244 204.0
3245 204.0
3246 204.0
3247 0.0
3248 0.0
3249 459.0
3250 0.0
3251 347.0
3252 180.0
3253 251.0
3254 203.0
3255 191.0
3256 220.0
3257 31.0
3258 204.0
3259 251.0
3260 251.0
3261 251.0
3262 30.0
3263 203.0
3264 653.0
3265 203.0
3266 222.0
3267 6.0
3268 0.0
3269 30.0
3270 252.0
3271 252.0
3272 204.0
3273 204.0
3274 252.0
3275 252.0
3276 180.0
3277 159.0
3278 21.0
3279 197.0
3280 70.0
3281 378.0
3282 203.0
3283 203.0
3284 93.0
3285 98.0
3286 252.0
3287 251.0
3288 0.0
3289 203.0
3290 252.0
3291 230.0
3292 203.0
3293 204.0
3294 204.0
3295 204.0
3296 204.0
3297 203.0
3298 0.0
3299 0.0
3300 252.0
3301 251.0
3302 347.0
3303 203.0
3304 220.0
3305 191.0
3306 203.0
3307 427.0
3308 30.0
3309 38.0
3310 38.0
3311 251.0
3312 251.0
3313 30.0
3314 38.0
3315 653.0
3316 252.0
3317 246.0
3318 6.0
3319 203.0
3320 203.0
3321 123.0
3322 203.0
3323 252.0
3324 251.0
3325 204.0
3326 252.0
3327 203.0
3328 252.0
3329 0.0
3330 197.0
3331 59.0
3332 384.0
3333 33.0
3334 203.0
3335 93.0
3336 204.0
3337 252.0
3338 0.0
3339 32.0
3340 203.0
3341 252.0
3342 236.0
3343 32.0
3344 203.0
3345 204.0
3346 204.0
3347 204.0
3348 204.0
3349 0.0
3350 0.0
3351 459.0
3352 0.0
3353 347.0
3354 209.0
3355 251.0
3356 191.0
3357 203.0
3358 427.0
3359 32.0
3360 251.0
3361 38.0
3362 251.0
3363 251.0
3364 32.0
3365 251.0
3366 653.0
3367 203.0
3368 6.0
3369 203.0
3370 251.0
3371 251.0
3372 171.0
3373 251.0
3374 251.0
3375 252.0
3376 203.0
3377 252.0
3378 204.0
3379 361.0
3380 252.0
3381 86.0
3382 0.0
3383 251.0
3384 203.0
3385 203.0
3386 104.0
3387 204.0
3388 252.0
3389 204.0
3390 0.0
3391 0.0
3392 252.0
3393 7.0
3394 0.0
3395 203.0
3396 204.0
3397 204.0
3398 204.0
3399 204.0
3400 0.0
3401 0.0
3402 456.0
3403 0.0
3404 347.0
3405 180.0
3406 251.0
3407 220.0
3408 209.0
3409 220.0
3410 0.0
3411 251.0
3412 38.0
3413 251.0
3414 251.0
3415 30.0
3416 6.0
3417 653.0
3418 203.0
3419 251.0
3420 203.0
3421 251.0
3422 171.0
3423 252.0
3424 14.0
3425 252.0
3426 204.0
3427 204.0
3428 252.0
3429 203.0
3430 168.0
3431 45.0
3432 86.0
3433 203.0
3434 360.0
3435 252.0
3436 203.0
3437 93.0
3438 98.0
3439 252.0
3440 204.0
3441 0.0
3442 1.0
3443 252.0
3444 9.0
3445 203.0
3446 204.0
3447 204.0
3448 204.0
3449 204.0
3450 203.0
3451 0.0
3452 0.0
3453 180.0
3454 0.0
3455 347.0
3456 203.0
3457 220.0
3458 180.0
3459 191.0
3460 653.0
3461 0.0
3462 204.0
3463 251.0
3464 251.0
3465 251.0
3466 30.0
3467 251.0
3468 653.0
3469 203.0
3470 203.0
3471 246.0
3472 204.0
3473 252.0
3474 252.0
3475 7.0
3476 252.0
3477 252.0
3478 252.0
3479 252.0
3480 203.0
3481 252.0
3482 24.0
3483 197.0
3484 43.0
3485 347.0
3486 203.0
3487 204.0
3488 204.0
3489 68.0
3490 78.0
3491 0.0
3492 0.0
3493 203.0
3494 252.0
3495 203.0
3496 203.0
3497 204.0
3498 204.0
3499 204.0
3500 204.0
3501 203.0
3502 32.0
3503 25.0
3504 252.0
3505 0.0
3506 347.0
3507 152.0
3508 251.0
3509 191.0
3510 203.0
3511 427.0
3512 30.0
3513 0.0
3514 251.0
3515 251.0
3516 251.0
3517 146.0
3518 251.0
3519 653.0
3520 203.0
3521 6.0
3522 6.0
3523 204.0
3524 203.0
3525 251.0
3526 251.0
3527 251.0
3528 251.0
3529 252.0
3530 252.0
3531 252.0
3532 162.0
3533 197.0
3534 86.0
3535 98.0
3536 427.0
3537 76.0
3538 203.0
3539 0.0
3540 204.0
3541 252.0
3542 98.0
3543 0.0
3544 203.0
3545 252.0
3546 65.0
3547 32.0
3548 203.0
3549 204.0
3550 204.0
3551 204.0
3552 204.0
3553 32.0
3554 0.0
3555 251.0
3556 0.0
3557 644.0
3558 204.0
3559 251.0
3560 191.0
3561 347.0
3562 653.0
3563 204.0
3564 251.0
3565 38.0
3566 251.0
3567 251.0
3568 32.0
3569 17.0
3570 653.0
3571 203.0
3572 17.0
3573 251.0
3574 251.0
3575 251.0
3576 176.0
3577 203.0
3578 251.0
3579 252.0
3580 203.0
3581 252.0
3582 204.0
3583 203.0
3584 47.0
3585 86.0
3586 229.0
3587 288.0
3588 203.0
3589 204.0
3590 203.0
3591 251.0
3592 252.0
3593 203.0
3594 0.0
3595 0.0
3596 252.0
3597 9.0
3598 203.0
3599 204.0
3600 204.0
3601 204.0
3602 204.0
3603 204.0
3604 0.0
3605 203.0
3606 252.0
3607 0.0
3608 347.0
3609 203.0
3610 251.0
3611 203.0
3612 347.0
3613 220.0
3614 204.0
3615 251.0
3616 38.0
3617 251.0
3618 251.0
3619 251.0
3620 203.0
3621 653.0
3622 203.0
3623 246.0
3624 251.0
3625 204.0
3626 252.0
3627 251.0
3628 251.0
3629 252.0
3630 252.0
3631 203.0
3632 252.0
3633 104.0
3634 252.0
3635 86.0
3636 197.0
3637 144.0
3638 377.0
3639 203.0
3640 204.0
3641 104.0
3642 251.0
3643 252.0
3644 204.0
3645 0.0
3646 0.0
3647 252.0
3648 252.0
3649 32.0
3650 204.0
3651 204.0
3652 204.0
3653 204.0
3654 203.0
3655 32.0
3656 0.0
3657 252.0
3658 0.0
3659 644.0
3660 203.0
3661 251.0
3662 203.0
3663 427.0
3664 427.0
3665 30.0
3666 204.0
3667 251.0
3668 251.0
3669 251.0
3670 30.0
3671 203.0
3672 653.0
3673 203.0
3674 6.0
3675 203.0
3676 204.0
3677 252.0
3678 251.0
3679 203.0
3680 251.0
3681 251.0
3682 252.0
3683 252.0
3684 192.0
3685 252.0
3686 52.0
3687 86.0
3688 203.0
3689 347.0
3690 87.0
3691 43.0
3692 0.0
3693 204.0
3694 252.0
3695 0.0
3696 0.0
3697 32.0
3698 252.0
3699 209.0
3700 203.0
3701 203.0
3702 204.0
3703 204.0
3704 204.0
3705 203.0
3706 203.0
3707 0.0
3708 251.0
3709 0.0
3710 347.0
3711 204.0
3712 251.0
3713 347.0
3714 203.0
3715 427.0
3716 204.0
3717 0.0
3718 251.0
3719 251.0
3720 251.0
3721 30.0
3722 209.0
3723 653.0
3724 252.0
3725 6.0
3726 6.0
3727 251.0
3728 252.0
3729 30.0
3730 203.0
3731 251.0
3732 251.0
3733 252.0
3734 252.0
3735 204.0
3736 168.0
3737 251.0
3738 86.0
3739 33.0
3740 427.0
3741 203.0
3742 204.0
3743 87.0
3744 204.0
3745 252.0
3746 203.0
3747 0.0
3748 203.0
3749 252.0
3750 9.0
3751 203.0
3752 203.0
3753 204.0
3754 204.0
3755 204.0
3756 204.0
3757 204.0
3758 0.0
3759 180.0
3760 0.0
3761 347.0
3762 204.0
3763 251.0
3764 203.0
3765 427.0
3766 220.0
3767 0.0
3768 6.0
3769 38.0
3770 251.0
3771 251.0
3772 33.0
3773 116.0
3774 653.0
3775 203.0
3776 252.0
3777 251.0
3778 204.0
3779 252.0
3780 24.0
3781 203.0
3782 251.0
3783 252.0
3784 252.0
3785 252.0
3786 102.0
3787 168.0
3788 177.0
3789 157.0
3790 359.0
3791 347.0
3792 203.0
3793 204.0
3794 93.0
3795 251.0
3796 252.0
3797 204.0
3798 0.0
3799 0.0
3800 252.0
3801 65.0
3802 32.0
3803 204.0
3804 204.0
3805 204.0
3806 204.0
3807 204.0
3808 202.0
3809 0.0
3810 180.0
3811 0.0
3812 347.0
3813 203.0
3814 347.0
3815 203.0
3816 220.0
3817 220.0
3818 30.0
3819 251.0
3820 251.0
3821 251.0
3822 251.0
3823 30.0
3824 169.0
3825 653.0
3826 252.0
3827 6.0
3828 203.0
3829 251.0
3830 252.0
3831 30.0
3832 203.0
3833 203.0
3834 252.0
3835 204.0
3836 252.0
3837 101.0
3838 252.0
3839 50.0
3840 251.0
3841 203.0
3842 347.0
3843 203.0
3844 43.0
3845 204.0
3846 180.0
3847 252.0
3848 0.0
3849 32.0
3850 203.0
3851 252.0
3852 252.0
3853 203.0
3854 204.0
3855 204.0
3856 204.0
3857 204.0
3858 203.0
3859 0.0
3860 0.0
3861 252.0
3862 0.0
3863 644.0
3864 203.0
3865 191.0
3866 203.0
3867 236.0
3868 220.0
3869 33.0
3870 204.0
3871 38.0
3872 251.0
3873 251.0
3874 251.0
3875 6.0
3876 653.0
3877 203.0
3878 6.0
3879 6.0
3880 251.0
3881 252.0
3882 204.0
3883 203.0
3884 252.0
3885 252.0
3886 252.0
3887 252.0
3888 203.0
3889 252.0
3890 50.0
3891 204.0
3892 251.0
3893 427.0
3894 203.0
3895 0.0
3896 93.0
3897 204.0
3898 252.0
3899 204.0
3900 0.0
3901 203.0
3902 252.0
3903 65.0
3904 32.0
3905 203.0
3906 204.0
3907 204.0
3908 204.0
3909 204.0
3910 204.0
3911 0.0
3912 456.0
3913 0.0
3914 644.0
3915 203.0
3916 251.0
3917 203.0
3918 427.0
3919 427.0
3920 191.0
3921 251.0
3922 251.0
3923 251.0
3924 251.0
3925 196.0
3926 203.0
3927 653.0
3928 252.0
3929 6.0
3930 6.0
3931 204.0
3932 251.0
3933 30.0
3934 203.0
3935 203.0
3936 252.0
3937 252.0
3938 252.0
3939 251.0
3940 203.0
3941 238.0
3942 238.0
3943 252.0
3944 427.0
3945 87.0
3946 204.0
3947 93.0
3948 204.0
3949 252.0
3950 204.0
3951 0.0
3952 203.0
3953 252.0
3954 252.0
3955 32.0
3956 203.0
3957 204.0
3958 204.0
3959 204.0
3960 204.0
3961 38.0
3962 0.0
3963 427.0
3964 0.0
3965 347.0
3966 203.0
3967 247.0
3968 203.0
3969 220.0
3970 427.0
3971 32.0
3972 251.0
3973 251.0
3974 251.0
3975 251.0
3976 164.0
3977 6.0
3978 653.0
3979 203.0
3980 251.0
3981 246.0
3982 251.0
3983 252.0
3984 25.0
3985 203.0
3986 203.0
3987 252.0
3988 252.0
3989 252.0
3990 180.0
3991 162.0
3992 52.0
3993 197.0
3994 190.0
3995 427.0
3996 203.0
3997 203.0
3998 104.0
3999 68.0
4000 252.0
4001 0.0
4002 1.0
4003 0.0
4004 252.0
4005 65.0
4006 203.0
4007 204.0
4008 204.0
4009 204.0
4010 204.0
4011 204.0
4012 204.0
4013 27.0
4014 252.0
4015 0.0
4016 347.0
4017 191.0
4018 191.0
4019 203.0
4020 220.0
4021 220.0
4022 203.0
4023 33.0
4024 38.0
4025 251.0
4026 251.0
4027 196.0
4028 203.0
4029 653.0
4030 203.0
4031 246.0
4032 203.0
4033 251.0
4034 252.0
4035 204.0
4036 203.0
4037 252.0
4038 252.0
4039 204.0
4040 252.0
4041 204.0
4042 203.0
4043 50.0
4044 183.0
4045 288.0
4046 347.0
4047 203.0
4048 114.0
4049 93.0
4050 68.0
4051 252.0
4052 33.0
4053 1.0
4054 0.0
4055 252.0
4056 65.0
4057 32.0
4058 203.0
4059 204.0
4060 204.0
4061 204.0
4062 203.0
4063 204.0
4064 0.0
4065 488.0
4066 0.0
4067 347.0
4068 427.0
4069 203.0
4070 251.0
4071 653.0
4072 653.0
4073 0.0
4074 251.0
4075 38.0
4076 251.0
4077 251.0
4078 142.0
4079 251.0
4080 653.0
4081 203.0
4082 6.0
4083 225.0
4084 204.0
4085 252.0
4086 26.0
4087 203.0
4088 252.0
4089 252.0
4090 252.0
4091 252.0
4092 204.0
4093 203.0
4094 252.0
4095 204.0
4096 209.0
4097 347.0
4098 203.0
4099 203.0
4100 93.0
4101 204.0
4102 252.0
4103 203.0
4104 1.0
4105 203.0
4106 252.0
4107 252.0
4108 0.0
4109 203.0
4110 204.0
4111 204.0
4112 204.0
4113 203.0
4114 38.0
4115 0.0
4116 459.0
4117 0.0
4118 644.0
4119 0.0
4120 203.0
4121 203.0
4122 427.0
4123 427.0
4124 203.0
4125 204.0
4126 251.0
4127 251.0
4128 251.0
4129 164.0
4130 203.0
4131 653.0
4132 203.0
4133 6.0
4134 203.0
4135 251.0
4136 251.0
4137 171.0
4138 203.0
4139 251.0
4140 252.0
4141 252.0
4142 252.0
4143 209.0
4144 168.0
4145 252.0
4146 238.0
4147 234.0
4148 288.0
4149 203.0
4150 204.0
4151 0.0
4152 204.0
4153 252.0
4154 203.0
4155 0.0
4156 0.0
4157 252.0
4158 252.0
4159 0.0
4160 203.0
4161 204.0
4162 204.0
4163 204.0
4164 204.0
4165 204.0
4166 32.0
4167 252.0
4168 0.0
4169 644.0
4170 191.0
4171 203.0
4172 203.0
4173 653.0
4174 427.0
4175 30.0
4176 251.0
4177 251.0
4178 251.0
4179 251.0
4180 32.0
4181 27.0
4182 653.0
4183 252.0
4184 222.0
4185 203.0
4186 251.0
4187 252.0
4188 204.0
4189 203.0
4190 251.0
4191 252.0
4192 204.0
4193 252.0
4194 347.0
4195 252.0
4196 52.0
4197 203.0
4198 427.0
4199 347.0
4200 203.0
4201 204.0
4202 93.0
4203 204.0
4204 252.0
4205 0.0
4206 1.0
4207 204.0
4208 252.0
4209 65.0
4210 203.0
4211 204.0
4212 204.0
4213 204.0
4214 204.0
4215 204.0
4216 0.0
4217 0.0
4218 252.0
4219 0.0
4220 644.0
4221 191.0
4222 203.0
4223 203.0
4224 220.0
4225 220.0
4226 30.0
4227 251.0
4228 38.0
4229 251.0
4230 251.0
4231 32.0
4232 251.0
4233 653.0
4234 203.0
4235 252.0
4236 251.0
4237 204.0
4238 252.0
4239 204.0
4240 203.0
4241 252.0
4242 252.0
4243 204.0
4244 198.0
4245 252.0
4246 252.0
4247 52.0
4248 59.0
4249 251.0
4250 347.0
4251 203.0
4252 204.0
4253 204.0
4254 68.0
4255 252.0
4256 203.0
4257 0.0
4258 203.0
4259 252.0
4260 252.0
4261 203.0
4262 204.0
4263 204.0
4264 204.0
4265 204.0
4266 203.0
4267 46.0
4268 0.0
4269 251.0
4270 0.0
4271 347.0
4272 251.0
4273 203.0
4274 203.0
4275 220.0
4276 427.0
4277 0.0
4278 251.0
4279 251.0
4280 251.0
4281 251.0
4282 146.0
4283 6.0
4284 653.0
4285 252.0
4286 203.0
4287 215.0
4288 204.0
4289 252.0
4290 26.0
4291 204.0
4292 252.0
4293 252.0
4294 252.0
4295 251.0
4296 362.0
4297 168.0
4298 252.0
4299 52.0
4300 427.0
4301 288.0
4302 203.0
4303 182.0
4304 87.0
4305 204.0
4306 252.0
4307 185.0
4308 1.0
4309 0.0
4310 252.0
4311 252.0
4312 32.0
4313 203.0
4314 204.0
4315 204.0
4316 204.0
4317 204.0
4318 204.0
4319 0.0
4320 459.0
4321 0.0
4322 347.0
4323 203.0
4324 203.0
4325 203.0
4326 427.0
4327 519.0
4328 30.0
4329 251.0
4330 251.0
4331 251.0
4332 251.0
4333 30.0
4334 6.0
4335 653.0
4336 203.0
4337 6.0
4338 203.0
4339 203.0
4340 252.0
4341 30.0
4342 204.0
4343 251.0
4344 252.0
4345 252.0
4346 359.0
4347 174.0
4348 359.0
4349 252.0
4350 203.0
4351 296.0
4352 347.0
4353 203.0
4354 204.0
4355 204.0
4356 204.0
4357 252.0
4358 0.0
4359 0.0
4360 0.0
4361 252.0
4362 65.0
4363 203.0
4364 204.0
4365 204.0
4366 204.0
4367 204.0
4368 204.0
4369 0.0
4370 32.0
4371 180.0
4372 0.0
4373 347.0
4374 347.0
4375 203.0
4376 220.0
4377 220.0
4378 220.0
4379 30.0
4380 38.0
4381 38.0
4382 251.0
4383 251.0
4384 30.0
4385 160.0
4386 653.0
4387 203.0
4388 203.0
4389 203.0
4390 251.0
4391 252.0
4392 204.0
4393 203.0
4394 252.0
4395 252.0
4396 204.0
4397 5.0
4398 362.0
4399 198.0
4400 168.0
4401 252.0
4402 204.0
4403 427.0
4404 203.0
4405 38.0
4406 104.0
4407 204.0
4408 252.0
4409 0.0
4410 1.0
4411 203.0
4412 252.0
4413 252.0
4414 203.0
4415 204.0
4416 204.0
4417 204.0
4418 204.0
4419 203.0
4420 204.0
4421 0.0
4422 252.0
4423 0.0
4424 347.0
4425 347.0
4426 203.0
4427 203.0
4428 220.0
4429 427.0
4430 0.0
4431 251.0
4432 251.0
4433 251.0
4434 251.0
4435 251.0
4436 203.0
4437 653.0
4438 203.0
4439 203.0
4440 245.0
4441 0.0
4442 252.0
4443 204.0
4444 203.0
4445 252.0
4446 252.0
4447 251.0
4448 93.0
4449 363.0
4450 203.0
4451 50.0
4452 45.0
4453 203.0
4454 427.0
4455 203.0
4456 204.0
4457 204.0
4458 190.0
4459 252.0
4460 203.0
4461 0.0
4462 30.0
4463 252.0
4464 252.0
4465 32.0
4466 203.0
4467 204.0
4468 204.0
4469 204.0
4470 203.0
4471 204.0
4472 0.0
4473 203.0
4474 0.0
4475 347.0
4476 204.0
4477 185.0
4478 251.0
4479 220.0
4480 653.0
4481 0.0
4482 251.0
4483 251.0
4484 251.0
4485 251.0
4486 32.0
4487 203.0
4488 653.0
4489 203.0
4490 6.0
4491 251.0
4492 251.0
4493 252.0
4494 20.0
4495 204.0
4496 251.0
4497 252.0
4498 252.0
4499 252.0
4500 252.0
4501 251.0
4502 252.0
4503 38.0
4504 252.0
4505 377.0
4506 203.0
4507 204.0
4508 0.0
4509 204.0
4510 252.0
4511 203.0
4512 0.0
4513 0.0
4514 252.0
4515 65.0
4516 203.0
4517 204.0
4518 204.0
4519 204.0
4520 204.0
4521 204.0
4522 33.0
4523 32.0
4524 180.0
4525 0.0
4526 347.0
4527 204.0
4528 203.0
4529 203.0
4530 236.0
4531 653.0
4532 30.0
4533 251.0
4534 251.0
4535 251.0
4536 251.0
4537 203.0
4538 6.0
4539 653.0
4540 252.0
4541 6.0
4542 203.0
4543 251.0
4544 252.0
4545 24.0
4546 203.0
4547 251.0
4548 252.0
4549 427.0
4550 251.0
4551 251.0
4552 203.0
4553 50.0
4554 25.0
4555 203.0
4556 347.0
4557 203.0
4558 204.0
4559 0.0
4560 204.0
4561 252.0
4562 0.0
4563 32.0
4564 32.0
4565 252.0
4566 252.0
4567 203.0
4568 204.0
4569 204.0
4570 204.0
4571 204.0
4572 203.0
4573 203.0
4574 0.0
4575 252.0
4576 0.0
4577 347.0
4578 347.0
4579 203.0
4580 220.0
4581 220.0
4582 653.0
4583 30.0
4584 251.0
4585 251.0
4586 251.0
4587 251.0
4588 30.0
4589 149.0
4590 653.0
4591 203.0
4592 6.0
4593 246.0
4594 251.0
4595 252.0
4596 204.0
4597 203.0
4598 252.0
4599 204.0
4600 98.0
4601 57.0
4602 362.0
4603 164.0
4604 50.0
4605 40.0
4606 203.0
4607 377.0
4608 203.0
4609 104.0
4610 204.0
4611 251.0
4612 252.0
4613 33.0
4614 0.0
4615 204.0
4616 252.0
4617 252.0
4618 32.0
4619 203.0
4620 204.0
4621 204.0
4622 204.0
4623 203.0
4624 203.0
4625 203.0
4626 251.0
4627 0.0
4628 347.0
4629 347.0
4630 203.0
4631 203.0
4632 653.0
4633 427.0
4634 0.0
4635 251.0
4636 251.0
4637 251.0
4638 251.0
4639 32.0
4640 203.0
4641 653.0
4642 203.0
4643 217.0
4644 189.0
4645 0.0
4646 252.0
4647 252.0
4648 204.0
4649 252.0
4650 203.0
4651 42.0
4652 98.0
4653 427.0
4654 175.0
4655 252.0
4656 33.0
4657 203.0
4658 427.0
4659 203.0
4660 204.0
4661 104.0
4662 251.0
4663 252.0
4664 30.0
4665 0.0
4666 0.0
4667 252.0
4668 9.0
4669 203.0
4670 204.0
4671 204.0
4672 204.0
4673 204.0
4674 204.0
4675 46.0
4676 347.0
4677 180.0
4678 0.0
4679 347.0
4680 203.0
4681 203.0
4682 203.0
4683 236.0
4684 653.0
4685 0.0
4686 251.0
4687 251.0
4688 251.0
4689 251.0
4690 164.0
4691 203.0
4692 653.0
4693 252.0
4694 246.0
4695 203.0
4696 251.0
4697 252.0
4698 20.0
4699 204.0
4700 203.0
4701 251.0
4702 251.0
4703 203.0
4704 362.0
4705 203.0
4706 203.0
4707 52.0
4708 204.0
4709 312.0
4710 203.0
4711 203.0
4712 204.0
4713 204.0
4714 252.0
4715 0.0
4716 78.0
4717 32.0
4718 252.0
4719 252.0
4720 203.0
4721 204.0
4722 204.0
4723 204.0
4724 204.0
4725 204.0
4726 204.0
4727 38.0
4728 180.0
4729 0.0
4730 347.0
4731 203.0
4732 203.0
4733 203.0
4734 220.0
4735 653.0
4736 0.0
4737 251.0
4738 251.0
4739 251.0
4740 251.0
4741 30.0
4742 203.0
4743 653.0
4744 203.0
4745 6.0
4746 190.0
4747 251.0
4748 252.0
4749 25.0
4750 251.0
4751 251.0
4752 203.0
4753 98.0
4754 98.0
4755 93.0
4756 203.0
4757 347.0
4758 25.0
4759 427.0
4760 347.0
4761 203.0
4762 203.0
4763 204.0
4764 204.0
4765 252.0
4766 0.0
4767 0.0
4768 0.0
4769 252.0
4770 236.0
4771 32.0
4772 204.0
4773 204.0
4774 204.0
4775 204.0
4776 203.0
4777 0.0
4778 169.0
4779 180.0
4780 0.0
4781 347.0
4782 347.0
4783 203.0
4784 203.0
4785 427.0
4786 653.0
4787 0.0
4788 251.0
4789 251.0
4790 251.0
4791 251.0
4792 164.0
4793 203.0
4794 653.0
4795 252.0
4796 252.0
4797 251.0
4798 251.0
4799 252.0
4800 204.0
4801 203.0
4802 204.0
4803 251.0
4804 251.0
4805 25.0
4806 362.0
4807 203.0
4808 162.0
4809 33.0
4810 234.0
4811 427.0
4812 203.0
4813 104.0
4814 204.0
4815 251.0
4816 252.0
4817 33.0
4818 0.0
4819 0.0
4820 252.0
4821 0.0
4822 203.0
4823 203.0
4824 204.0
4825 204.0
4826 204.0
4827 204.0
4828 0.0
4829 209.0
4830 203.0
4831 0.0
4832 347.0
4833 347.0
4834 203.0
4835 203.0
4836 427.0
4837 653.0
4838 0.0
4839 251.0
4840 251.0
4841 251.0
4842 251.0
4843 32.0
4844 203.0
4845 653.0
4846 252.0
4847 222.0
4848 6.0
4849 251.0
4850 252.0
4851 30.0
4852 155.0
4853 252.0
4854 203.0
4855 251.0
4856 203.0
4857 427.0
4858 289.0
4859 177.0
4860 45.0
4861 427.0
4862 427.0
4863 203.0
4864 203.0
4865 203.0
4866 204.0
4867 252.0
4868 0.0
4869 0.0
4870 0.0
4871 252.0
4872 192.0
4873 32.0
4874 204.0
4875 204.0
4876 204.0
4877 204.0
4878 204.0
4879 427.0
4880 427.0
4881 459.0
4882 0.0
4883 347.0
4884 202.0
4885 203.0
4886 203.0
4887 220.0
4888 653.0
4889 204.0
4890 251.0
4891 251.0
4892 251.0
4893 251.0
4894 30.0
4895 204.0
4896 653.0
4897 203.0
4898 217.0
4899 203.0
4900 0.0
4901 252.0
4902 30.0
4903 252.0
4904 251.0
4905 204.0
4906 204.0
4907 25.0
4908 362.0
4909 203.0
4910 197.0
4911 25.0
4912 252.0
4913 377.0
4914 203.0
4915 204.0
4916 204.0
4917 204.0
4918 252.0
4919 0.0
4920 1.0
4921 0.0
4922 252.0
4923 204.0
4924 32.0
4925 204.0
4926 204.0
4927 204.0
4928 204.0
4929 0.0
4930 203.0
4931 169.0
4932 180.0
4933 0.0
4934 203.0
4935 203.0
4936 203.0
4937 204.0
4938 427.0
4939 653.0
4940 30.0
4941 251.0
4942 251.0
4943 251.0
4944 251.0
4945 32.0
4946 203.0
4947 653.0
4948 203.0
4949 6.0
4950 251.0
4951 251.0
4952 252.0
4953 204.0
4954 251.0
4955 252.0
4956 32.0
4957 98.0
4958 98.0
4959 427.0
4960 164.0
4961 173.0
4962 33.0
4963 427.0
4964 377.0
4965 203.0
4966 203.0
4967 203.0
4968 251.0
4969 252.0
4970 0.0
4971 0.0
4972 203.0
4973 252.0
4974 0.0
4975 32.0
4976 204.0
4977 204.0
4978 204.0
4979 204.0
4980 204.0
4981 203.0
4982 347.0
4983 488.0
4984 0.0
4985 347.0
4986 347.0
4987 203.0
4988 203.0
4989 653.0
4990 653.0
4991 0.0
4992 251.0
4993 251.0
4994 251.0
4995 251.0
4996 30.0
4997 203.0
4998 653.0
4999 203.0
5000 6.0
5001 251.0
5002 251.0
5003 252.0
5004 20.0
5005 252.0
5006 204.0
5007 203.0
5008 252.0
5009 251.0
5010 427.0
5011 164.0
5012 217.0
5013 45.0
5014 169.0
5015 377.0
5016 203.0
5017 203.0
5018 204.0
5019 204.0
5020 252.0
5021 0.0
5022 0.0
5023 30.0
5024 252.0
5025 0.0
5026 0.0
5027 204.0
5028 204.0
5029 204.0
5030 204.0
5031 203.0
5032 174.0
5033 427.0
5034 251.0
5035 0.0
5036 251.0
5037 251.0
5038 203.0
5039 203.0
5040 220.0
5041 653.0
5042 30.0
5043 38.0
5044 251.0
5045 251.0
5046 251.0
5047 97.0
5048 159.0
5049 653.0
5050 203.0
5051 194.0
5052 236.0
5053 251.0
5054 252.0
5055 20.0
5056 25.0
5057 251.0
5058 251.0
5059 252.0
5060 251.0
5061 360.0
5062 203.0
5063 197.0
5064 25.0
5065 348.0
5066 427.0
5067 203.0
5068 368.0
5069 203.0
5070 204.0
5071 252.0
5072 0.0
5073 0.0
5074 0.0
5075 252.0
5076 25.0
5077 203.0
5078 203.0
5079 204.0
5080 204.0
5081 204.0
5082 38.0
5083 488.0
5084 169.0
5085 251.0
5086 0.0
5087 347.0
5088 251.0
5089 203.0
5090 203.0
5091 653.0
5092 653.0
5093 30.0
5094 30.0
5095 251.0
5096 251.0
5097 251.0
5098 185.0
5099 203.0
5100 653.0
