1 0.0
2 0.0
3 38.0
4 32.0
5 104.0
6 32.0
7 49.0
8 203.0
9 0.0
10 38.0
11 0.0
12 0.0
13 38.0
14 20.0
15 87.0
16 25.0
17 0.0
18 169.0
19 0.0
20 191.0
21 0.0
22 203.0
23 109.0
24 33.0
25 38.0
26 32.0
27 25.0
28 104.0
29 0.0
30 33.0
31 32.0
32 1.0
33 0.0
34 191.0
35 6.0
36 0.0
37 169.0
38 32.0
39 0.0
40 0.0
41 0.0
42 32.0
43 25.0
44 180.0
45 32.0
46 32.0
47 38.0
48 203.0
49 30.0
50 33.0
51 203.0
52 203.0
53 0.0
54 38.0
55 114.0
56 104.0
57 32.0
58 251.0
59 203.0
60 104.0
61 38.0
62 33.0
63 20.0
64 38.0
65 169.0
66 87.0
67 158.0
68 147.0
69 169.0
70 49.0
71 191.0
72 0.0
73 203.0
74 203.0
75 109.0
76 38.0
77 203.0
78 32.0
79 104.0
80 0.0
81 33.0
82 33.0
83 32.0
84 180.0
85 191.0
86 44.0
87 31.0
88 169.0
89 169.0
90 0.0
91 0.0
92 25.0
93 32.0
94 25.0
95 180.0
96 25.0
97 104.0
98 203.0
99 203.0
100 204.0
101 33.0
102 251.0
103 32.0
104 203.0
105 114.0
106 114.0
107 114.0
108 180.0
109 180.0
110 49.0
111 98.0
112 104.0
113 33.0
114 38.0
115 2.0
116 0.0
117 0.0
118 32.0
119 0.0
120 169.0
121 49.0
122 191.0
123 17.0
124 203.0
125 6.0
126 6.0
127 203.0
128 203.0
129 38.0
130 104.0
131 104.0
132 33.0
133 104.0
134 33.0
135 203.0
136 191.0
137 55.0
138 180.0
139 169.0
140 169.0
141 30.0
142 30.0
143 0.0
144 32.0
145 164.0
146 180.0
147 180.0
148 191.0
149 180.0
150 204.0
151 0.0
152 60.0
153 251.0
154 0.0
155 203.0
156 203.0
157 169.0
158 109.0
159 185.0
160 185.0
161 203.0
162 203.0
163 180.0
164 98.0
165 33.0
166 203.0
167 87.0
168 0.0
169 25.0
170 0.0
171 169.0
172 6.0
173 191.0
174 203.0
175 203.0
176 6.0
177 32.0
178 203.0
179 38.0
180 203.0
181 104.0
182 104.0
183 104.0
184 104.0
185 204.0
186 204.0
187 203.0
188 60.0
189 169.0
190 169.0
191 169.0
192 169.0
193 32.0
194 30.0
195 0.0
196 169.0
197 180.0
198 169.0
199 180.0
200 191.0
201 204.0
202 30.0
203 252.0
204 252.0
205 0.0
206 203.0
207 203.0
208 32.0
209 203.0
210 43.0
211 251.0
212 33.0
213 0.0
214 203.0
215 203.0
216 6.0
217 169.0
218 0.0
219 0.0
220 76.0
221 0.0
222 169.0
223 315.0
224 180.0
225 203.0
226 203.0
227 103.0
228 175.0
229 203.0
230 203.0
231 203.0
232 203.0
233 32.0
234 114.0
235 0.0
236 204.0
237 204.0
238 204.0
239 203.0
240 0.0
241 185.0
242 203.0
243 169.0
244 32.0
245 0.0
246 33.0
247 38.0
248 180.0
249 191.0
250 203.0
251 49.0
252 204.0
253 252.0
254 207.0
255 315.0
256 38.0
257 203.0
258 203.0
259 32.0
260 203.0
261 38.0
262 185.0
263 231.0
264 203.0
265 203.0
266 109.0
267 87.0
268 0.0
269 0.0
270 25.0
271 25.0
272 0.0
273 180.0
274 191.0
275 315.0
276 203.0
277 203.0
278 203.0
279 203.0
280 38.0
281 203.0
282 203.0
283 203.0
284 203.0
285 114.0
286 104.0
287 0.0
288 204.0
289 204.0
290 25.0
291 231.0
292 204.0
293 32.0
294 32.0
295 0.0
296 0.0
297 30.0
298 38.0
299 191.0
300 203.0
301 203.0
302 191.0
303 252.0
304 169.0
305 203.0
306 315.0
307 25.0
308 203.0
309 203.0
310 49.0
311 251.0
312 43.0
313 203.0
314 203.0
315 43.0
316 180.0
317 32.0
318 30.0
319 0.0
320 87.0
321 0.0
322 25.0
323 158.0
324 180.0
325 191.0
326 38.0
327 6.0
328 203.0
329 275.0
330 203.0
331 32.0
332 203.0
333 203.0
334 38.0
335 203.0
336 207.0
337 104.0
338 180.0
339 204.0
340 204.0
341 203.0
342 169.0
343 219.0
344 30.0
345 169.0
346 0.0
347 0.0
348 0.0
349 147.0
350 191.0
351 203.0
352 202.0
353 0.0
354 251.0
355 180.0
356 191.0
357 315.0
358 0.0
359 203.0
360 203.0
361 32.0
362 251.0
363 169.0
364 185.0
365 203.0
366 180.0
367 203.0
368 203.0
369 156.0
370 87.0
371 87.0
372 0.0
373 158.0
374 158.0
375 315.0
376 38.0
377 257.0
378 38.0
379 33.0
380 33.0
381 203.0
382 203.0
383 203.0
384 203.0
385 203.0
386 203.0
387 203.0
388 203.0
389 204.0
390 204.0
391 203.0
392 191.0
393 251.0
394 219.0
395 204.0
396 169.0
397 32.0
398 1.0
399 0.0
400 180.0
401 203.0
402 203.0
403 180.0
404 204.0
405 252.0
406 252.0
407 252.0
408 315.0
409 169.0
410 203.0
411 203.0
412 0.0
413 251.0
414 32.0
415 251.0
416 203.0
417 30.0
418 203.0
419 109.0
420 6.0
421 87.0
422 0.0
423 158.0
424 158.0
425 158.0
426 203.0
427 38.0
428 38.0
429 0.0
430 6.0
431 6.0
432 203.0
433 203.0
434 203.0
435 203.0
436 203.0
437 38.0
438 207.0
439 203.0
440 0.0
441 204.0
442 204.0
443 38.0
444 180.0
445 180.0
446 180.0
447 0.0
448 33.0
449 25.0
450 32.0
451 175.0
452 169.0
453 203.0
454 220.0
455 315.0
456 252.0
457 175.0
458 207.0
459 315.0
460 191.0
461 203.0
462 203.0
463 49.0
464 251.0
465 43.0
466 185.0
467 251.0
468 180.0
469 180.0
470 203.0
471 0.0
472 0.0
473 0.0
474 0.0
475 25.0
476 158.0
477 180.0
478 49.0
479 257.0
480 0.0
481 203.0
482 347.0
483 203.0
484 203.0
485 203.0
486 203.0
487 203.0
488 203.0
489 114.0
490 33.0
491 0.0
492 204.0
493 204.0
494 219.0
495 180.0
496 204.0
497 204.0
498 203.0
499 203.0
500 30.0
501 103.0
502 203.0
503 169.0
504 220.0
505 180.0
506 120.0
507 205.0
508 175.0
509 207.0
510 347.0
511 169.0
512 203.0
513 203.0
514 38.0
515 251.0
516 185.0
517 180.0
518 203.0
519 251.0
520 180.0
521 203.0
522 0.0
523 0.0
524 203.0
525 20.0
526 25.0
527 158.0
528 49.0
529 6.0
530 257.0
531 32.0
532 33.0
533 33.0
534 203.0
535 203.0
536 203.0
537 203.0
538 203.0
539 203.0
540 203.0
541 348.0
542 204.0
543 204.0
544 180.0
545 219.0
546 180.0
547 219.0
548 203.0
549 169.0
550 251.0
551 180.0
552 186.0
553 38.0
554 204.0
555 203.0
556 38.0
557 32.0
558 49.0
559 25.0
560 203.0
561 348.0
562 158.0
563 203.0
564 203.0
565 32.0
566 251.0
567 169.0
568 49.0
569 251.0
570 1.0
571 32.0
572 109.0
573 0.0
574 87.0
575 82.0
576 82.0
577 76.0
578 158.0
579 180.0
580 6.0
581 38.0
582 38.0
583 6.0
584 33.0
585 203.0
586 203.0
587 203.0
588 203.0
589 203.0
590 38.0
591 203.0
592 203.0
593 203.0
594 204.0
595 204.0
596 219.0
597 207.0
598 0.0
599 219.0
600 109.0
601 0.0
602 104.0
603 169.0
604 203.0
605 203.0
606 203.0
607 203.0
608 204.0
609 38.0
610 169.0
611 207.0
612 348.0
613 175.0
614 203.0
615 203.0
616 38.0
617 251.0
618 185.0
619 203.0
620 180.0
621 251.0
622 203.0
623 109.0
624 0.0
625 87.0
626 82.0
627 0.0
628 25.0
629 158.0
630 315.0
631 49.0
632 315.0
633 6.0
634 103.0
635 346.0
636 203.0
637 203.0
638 203.0
639 203.0
640 203.0
641 114.0
642 114.0
643 203.0
644 203.0
645 204.0
646 203.0
647 203.0
648 251.0
649 203.0
650 219.0
651 25.0
652 203.0
653 93.0
654 98.0
655 191.0
656 203.0
657 203.0
658 203.0
659 120.0
660 204.0
661 252.0
662 169.0
663 348.0
664 0.0
665 203.0
666 203.0
667 38.0
668 251.0
669 185.0
670 104.0
671 185.0
672 247.0
673 180.0
674 203.0
675 180.0
676 203.0
677 87.0
678 0.0
679 25.0
680 158.0
681 310.0
682 49.0
683 38.0
684 0.0
685 33.0
686 17.0
687 33.0
688 203.0
689 203.0
690 203.0
691 203.0
692 203.0
693 203.0
694 114.0
695 219.0
696 204.0
697 180.0
698 25.0
699 180.0
700 219.0
701 203.0
702 25.0
703 203.0
704 25.0
705 240.0
706 180.0
707 191.0
708 203.0
709 203.0
710 203.0
711 207.0
712 196.0
713 207.0
714 348.0
715 0.0
716 203.0
717 203.0
718 204.0
719 251.0
720 38.0
721 33.0
722 203.0
723 11.0
724 203.0
725 203.0
726 156.0
727 0.0
728 203.0
729 0.0
730 14.0
731 158.0
732 191.0
733 0.0
734 38.0
735 32.0
736 43.0
737 6.0
738 203.0
739 203.0
740 203.0
741 203.0
742 203.0
743 49.0
744 203.0
745 203.0
746 6.0
747 0.0
748 180.0
749 209.0
750 180.0
751 219.0
752 219.0
753 203.0
754 0.0
755 30.0
756 158.0
757 214.0
758 203.0
759 251.0
760 109.0
761 234.0
762 252.0
763 252.0
764 38.0
765 348.0
766 0.0
767 203.0
768 204.0
769 203.0
770 251.0
771 185.0
772 203.0
773 203.0
774 11.0
775 32.0
776 109.0
777 203.0
778 0.0
779 92.0
780 98.0
781 76.0
782 158.0
783 200.0
784 0.0
785 257.0
786 38.0
787 38.0
788 33.0
789 203.0
790 203.0
791 203.0
792 203.0
793 203.0
794 204.0
795 114.0
796 203.0
797 203.0
798 6.0
799 186.0
800 219.0
801 231.0
802 203.0
803 219.0
804 177.0
805 203.0
806 203.0
807 158.0
808 213.0
809 203.0
810 251.0
811 203.0
812 98.0
813 203.0
814 252.0
815 33.0
816 348.0
817 38.0
818 204.0
819 204.0
820 251.0
821 251.0
822 185.0
823 49.0
824 203.0
825 251.0
826 109.0
827 109.0
828 0.0
829 169.0
830 142.0
831 2.0
832 87.0
833 158.0
834 315.0
835 176.0
836 315.0
837 32.0
838 33.0
839 175.0
840 0.0
841 32.0
842 203.0
843 203.0
844 204.0
845 204.0
846 251.0
847 203.0
848 203.0
849 0.0
850 0.0
851 203.0
852 251.0
853 202.0
854 219.0
855 240.0
856 203.0
857 104.0
858 186.0
859 169.0
860 38.0
861 203.0
862 203.0
863 251.0
864 191.0
865 252.0
866 169.0
867 348.0
868 251.0
869 204.0
870 0.0
871 203.0
872 251.0
873 104.0
874 33.0
875 251.0
876 251.0
877 203.0
878 203.0
879 203.0
880 0.0
881 0.0
882 32.0
883 32.0
884 158.0
885 315.0
886 32.0
887 315.0
888 32.0
889 6.0
890 203.0
891 203.0
892 203.0
893 203.0
894 203.0
895 204.0
896 203.0
897 203.0
898 311.0
899 219.0
900 1.0
901 114.0
902 203.0
903 180.0
904 219.0
905 289.0
906 148.0
907 204.0
908 203.0
909 158.0
910 203.0
911 169.0
912 203.0
913 60.0
914 203.0
915 207.0
916 252.0
917 207.0
918 348.0
919 0.0
920 203.0
921 224.0
922 203.0
923 251.0
924 43.0
925 180.0
926 203.0
927 11.0
928 203.0
929 203.0
930 203.0
931 203.0
932 82.0
933 203.0
934 25.0
935 158.0
936 315.0
937 0.0
938 257.0
939 6.0
940 17.0
941 33.0
942 203.0
943 203.0
944 203.0
945 204.0
946 203.0
947 203.0
948 203.0
949 203.0
950 203.0
951 0.0
952 0.0
953 219.0
954 251.0
955 285.0
956 0.0
957 315.0
958 0.0
959 251.0
960 158.0
961 251.0
962 169.0
963 251.0
964 32.0
965 32.0
966 191.0
967 252.0
968 252.0
969 348.0
970 185.0
971 204.0
972 203.0
973 203.0
974 251.0
975 185.0
976 203.0
977 203.0
978 251.0
979 203.0
980 109.0
981 203.0
982 2.0
983 98.0
984 4.0
985 30.0
986 158.0
987 315.0
988 204.0
989 315.0
990 38.0
991 175.0
992 33.0
993 203.0
994 203.0
995 204.0
996 204.0
997 203.0
998 203.0
999 114.0
1000 203.0
1001 0.0
1002 0.0
1003 103.0
1004 230.0
1005 221.0
1006 0.0
1007 180.0
1008 287.0
1009 0.0
1010 98.0
1011 180.0
1012 274.0
1013 33.0
1014 203.0
1015 203.0
1016 32.0
1017 191.0
1018 252.0
1019 252.0
1020 348.0
1021 38.0
1022 252.0
1023 38.0
1024 251.0
1025 251.0
1026 98.0
1027 33.0
1028 180.0
1029 251.0
1030 203.0
1031 203.0
1032 203.0
1033 87.0
1034 2.0
1035 87.0
1036 30.0
1037 158.0
1038 315.0
1039 49.0
1040 315.0
1041 32.0
1042 33.0
1043 33.0
1044 0.0
1045 203.0
1046 204.0
1047 204.0
1048 203.0
1049 203.0
1050 203.0
1051 203.0
1052 0.0
1053 203.0
1054 204.0
1055 251.0
1056 290.0
1057 0.0
1058 0.0
1059 109.0
1060 0.0
1061 32.0
1062 186.0
1063 191.0
1064 180.0
1065 251.0
1066 203.0
1067 203.0
1068 175.0
1069 252.0
1070 207.0
1071 348.0
1072 203.0
1073 204.0
1074 204.0
1075 203.0
1076 251.0
1077 185.0
1078 203.0
1079 251.0
1080 11.0
1081 180.0
1082 203.0
1083 203.0
1084 203.0
1085 82.0
1086 87.0
1087 38.0
1088 158.0
1089 315.0
1090 0.0
1091 257.0
1092 32.0
1093 6.0
1094 6.0
1095 251.0
1096 204.0
1097 204.0
1098 204.0
1099 204.0
1100 204.0
1101 203.0
1102 207.0
1103 0.0
1104 14.0
1105 115.0
1106 280.0
1107 285.0
1108 0.0
1109 0.0
1110 245.0
1111 0.0
1112 38.0
1113 180.0
1114 251.0
1115 87.0
1116 203.0
1117 25.0
1118 203.0
1119 191.0
1120 252.0
1121 207.0
1122 348.0
1123 203.0
1124 204.0
1125 98.0
1126 251.0
1127 251.0
1128 43.0
1129 203.0
1130 203.0
1131 11.0
1132 203.0
1133 203.0
1134 203.0
1135 0.0
1136 82.0
1137 203.0
1138 76.0
1139 158.0
1140 315.0
1141 49.0
1142 315.0
1143 38.0
1144 103.0
1145 6.0
1146 158.0
1147 1.0
1148 203.0
1149 204.0
1150 203.0
1151 203.0
1152 207.0
1153 207.0
1154 203.0
1155 203.0
1156 30.0
1157 0.0
1158 292.0
1159 0.0
1160 0.0
1161 235.0
1162 0.0
1163 231.0
1164 180.0
1165 251.0
1166 32.0
1167 251.0
1168 49.0
1169 191.0
1170 207.0
1171 252.0
1172 204.0
1173 348.0
1174 203.0
1175 204.0
1176 251.0
1177 251.0
1178 251.0
1179 203.0
1180 203.0
1181 185.0
1182 251.0
1183 203.0
1184 109.0
1185 203.0
1186 0.0
1187 87.0
1188 203.0
1189 30.0
1190 158.0
1191 315.0
1192 49.0
1193 315.0
1194 6.0
1195 33.0
1196 6.0
1197 226.0
1198 203.0
1199 203.0
1200 204.0
1201 204.0
1202 38.0
1203 203.0
1204 203.0
1205 104.0
1206 1.0
1207 185.0
1208 203.0
1209 290.0
1210 0.0
1211 0.0
1212 313.0
1213 0.0
1214 98.0
1215 169.0
1216 274.0
1217 169.0
1218 203.0
1219 251.0
1220 267.0
1221 175.0
1222 252.0
1223 207.0
1224 348.0
1225 203.0
1226 251.0
1227 43.0
1228 251.0
1229 251.0
1230 33.0
1231 33.0
1232 185.0
1233 251.0
1234 180.0
1235 203.0
1236 203.0
1237 158.0
1238 98.0
1239 87.0
1240 38.0
1241 158.0
1242 315.0
1243 0.0
1244 257.0
1245 6.0
1246 103.0
1247 347.0
1248 31.0
1249 203.0
1250 204.0
1251 204.0
1252 204.0
1253 204.0
1254 203.0
1255 203.0
1256 251.0
1257 0.0
1258 30.0
1259 0.0
1260 285.0
1261 0.0
1262 0.0
1263 299.0
1264 6.0
1265 32.0
1266 191.0
1267 191.0
1268 158.0
1269 203.0
1270 203.0
1271 252.0
1272 191.0
1273 252.0
1274 207.0
1275 348.0
1276 203.0
1277 204.0
1278 251.0
1279 251.0
1280 251.0
1281 43.0
1282 33.0
1283 49.0
1284 1.0
1285 174.0
1286 203.0
1287 203.0
1288 0.0
1289 82.0
1290 203.0
1291 30.0
1292 158.0
1293 315.0
1294 0.0
1295 257.0
1296 32.0
1297 17.0
1298 175.0
1299 6.0
1300 203.0
1301 203.0
1302 203.0
1303 204.0
1304 203.0
1305 203.0
1306 114.0
1307 204.0
1308 0.0
1309 169.0
1310 0.0
1311 290.0
1312 93.0
1313 0.0
1314 313.0
1315 0.0
1316 251.0
1317 191.0
1318 295.0
1319 32.0
1320 203.0
1321 203.0
1322 207.0
1323 191.0
1324 175.0
1325 207.0
1326 348.0
1327 191.0
1328 204.0
1329 203.0
1330 251.0
1331 251.0
1332 33.0
1333 203.0
1334 203.0
1335 251.0
1336 33.0
1337 109.0
1338 203.0
1339 0.0
1340 0.0
1341 203.0
1342 25.0
1343 158.0
1344 315.0
1345 223.0
1346 315.0
1347 38.0
1348 31.0
1349 6.0
1350 180.0
1351 203.0
1352 204.0
1353 203.0
1354 204.0
1355 204.0
1356 114.0
1357 311.0
1358 33.0
1359 247.0
1360 169.0
1361 0.0
1362 290.0
1363 6.0
1364 0.0
1365 222.0
1366 0.0
1367 93.0
1368 0.0
1369 251.0
1370 180.0
1371 251.0
1372 180.0
1373 191.0
1374 191.0
1375 169.0
1376 252.0
1377 348.0
1378 203.0
1379 251.0
1380 251.0
1381 251.0
1382 251.0
1383 203.0
1384 203.0
1385 251.0
1386 251.0
1387 180.0
1388 203.0
1389 203.0
1390 203.0
1391 203.0
1392 87.0
1393 203.0
1394 158.0
1395 200.0
1396 38.0
1397 315.0
1398 38.0
1399 38.0
1400 251.0
1401 30.0
1402 203.0
1403 204.0
1404 204.0
1405 204.0
1406 109.0
1407 203.0
1408 203.0
1409 104.0
1410 204.0
1411 0.0
1412 0.0
1413 292.0
1414 0.0
1415 0.0
1416 287.0
1417 0.0
1418 98.0
1419 158.0
1420 251.0
1421 180.0
1422 203.0
1423 205.0
1424 191.0
1425 203.0
1426 252.0
1427 207.0
1428 348.0
1429 203.0
1430 204.0
1431 251.0
1432 251.0
1433 251.0
1434 43.0
1435 33.0
1436 251.0
1437 185.0
1438 203.0
1439 203.0
1440 203.0
1441 87.0
1442 82.0
1443 87.0
1444 203.0
1445 158.0
1446 200.0
1447 0.0
1448 257.0
1449 32.0
1450 6.0
1451 175.0
1452 251.0
1453 203.0
1454 203.0
1455 204.0
1456 204.0
1457 38.0
1458 203.0
1459 203.0
1460 203.0
1461 224.0
1462 0.0
1463 0.0
1464 292.0
1465 0.0
1466 0.0
1467 251.0
1468 295.0
1469 30.0
1470 191.0
1471 191.0
1472 32.0
1473 203.0
1474 203.0
1475 251.0
1476 120.0
1477 180.0
1478 252.0
1479 348.0
1480 251.0
1481 203.0
1482 251.0
1483 251.0
1484 251.0
1485 33.0
1486 203.0
1487 203.0
1488 11.0
1489 203.0
1490 203.0
1491 203.0
1492 203.0
1493 0.0
1494 0.0
1495 203.0
1496 158.0
1497 315.0
1498 49.0
1499 315.0
1500 6.0
1501 251.0
1502 175.0
1503 180.0
1504 204.0
1505 204.0
1506 203.0
1507 204.0
1508 204.0
1509 203.0
1510 203.0
1511 0.0
1512 33.0
1513 169.0
1514 0.0
1515 292.0
1516 1.0
1517 0.0
1518 222.0
1519 0.0
1520 169.0
1521 180.0
1522 251.0
1523 158.0
1524 203.0
1525 400.0
1526 203.0
1527 175.0
1528 252.0
1529 252.0
1530 400.0
1531 203.0
1532 251.0
1533 203.0
1534 251.0
1535 251.0
1536 32.0
1537 203.0
1538 49.0
1539 1.0
1540 43.0
1541 203.0
1542 203.0
1543 203.0
1544 2.0
1545 203.0
1546 38.0
1547 158.0
1548 200.0
1549 191.0
1550 315.0
1551 6.0
1552 33.0
1553 251.0
1554 31.0
1555 203.0
1556 204.0
1557 204.0
1558 204.0
1559 38.0
1560 207.0
1561 203.0
1562 251.0
1563 203.0
1564 169.0
1565 0.0
1566 290.0
1567 251.0
1568 0.0
1569 313.0
1570 30.0
1571 250.0
1572 191.0
1573 251.0
1574 185.0
1575 32.0
1576 0.0
1577 203.0
1578 109.0
1579 252.0
1580 203.0
1581 400.0
1582 252.0
1583 252.0
1584 251.0
1585 251.0
1586 251.0
1587 98.0
1588 185.0
1589 251.0
1590 11.0
1591 203.0
1592 203.0
1593 203.0
1594 203.0
1595 0.0
1596 87.0
1597 203.0
1598 158.0
1599 315.0
1600 0.0
1601 257.0
1602 32.0
1603 33.0
1604 251.0
1605 38.0
1606 203.0
1607 204.0
1608 204.0
1609 204.0
1610 203.0
1611 203.0
1612 203.0
1613 203.0
1614 203.0
1615 109.0
1616 0.0
1617 290.0
1618 0.0
1619 224.0
1620 315.0
1621 0.0
1622 315.0
1623 169.0
1624 274.0
1625 32.0
1626 203.0
1627 203.0
1628 191.0
1629 203.0
1630 203.0
1631 252.0
1632 400.0
1633 203.0
1634 204.0
1635 49.0
1636 251.0
1637 251.0
1638 0.0
1639 204.0
1640 180.0
1641 185.0
1642 185.0
1643 203.0
1644 203.0
1645 203.0
1646 82.0
1647 203.0
1648 203.0
1649 158.0
1650 315.0
1651 315.0
1652 257.0
1653 6.0
1654 175.0
1655 347.0
1656 347.0
1657 203.0
1658 203.0
1659 203.0
1660 204.0
1661 203.0
1662 203.0
1663 251.0
1664 251.0
1665 32.0
1666 169.0
1667 282.0
1668 292.0
1669 0.0
1670 0.0
1671 251.0
1672 0.0
1673 175.0
1674 0.0
1675 274.0
1676 32.0
1677 203.0
1678 203.0
1679 49.0
1680 203.0
1681 252.0
1682 207.0
1683 400.0
1684 251.0
1685 252.0
1686 251.0
1687 251.0
1688 251.0
1689 203.0
1690 251.0
1691 251.0
1692 11.0
1693 109.0
1694 203.0
1695 203.0
1696 203.0
1697 0.0
1698 203.0
1699 38.0
1700 158.0
1701 315.0
1702 203.0
1703 38.0
1704 6.0
1705 203.0
1706 251.0
1707 225.0
1708 275.0
1709 204.0
1710 204.0
1711 204.0
1712 203.0
1713 203.0
1714 203.0
1715 251.0
1716 203.0
1717 0.0
1718 0.0
1719 292.0
1720 0.0
1721 87.0
1722 313.0
1723 169.0
1724 169.0
1725 191.0
1726 251.0
1727 215.0
1728 203.0
1729 32.0
1730 203.0
1731 251.0
1732 252.0
1733 252.0
1734 400.0
1735 33.0
1736 252.0
1737 203.0
1738 251.0
1739 251.0
1740 185.0
1741 203.0
1742 203.0
1743 11.0
1744 109.0
1745 203.0
1746 203.0
1747 203.0
1748 0.0
1749 87.0
1750 203.0
1751 251.0
1752 200.0
1753 0.0
1754 257.0
1755 32.0
1756 175.0
1757 251.0
1758 251.0
1759 175.0
1760 203.0
1761 204.0
1762 204.0
1763 49.0
1764 203.0
1765 203.0
1766 251.0
1767 204.0
1768 169.0
1769 283.0
1770 290.0
1771 0.0
1772 180.0
1773 315.0
1774 0.0
1775 175.0
1776 32.0
1777 251.0
1778 180.0
1779 251.0
1780 362.0
1781 109.0
1782 175.0
1783 252.0
1784 203.0
1785 400.0
1786 251.0
1787 252.0
1788 204.0
1789 251.0
1790 251.0
1791 32.0
1792 49.0
1793 185.0
1794 251.0
1795 203.0
1796 203.0
1797 203.0
1798 203.0
1799 82.0
1800 203.0
1801 203.0
1802 158.0
1803 200.0
1804 6.0
1805 38.0
1806 6.0
1807 33.0
1808 347.0
1809 38.0
1810 203.0
1811 175.0
1812 203.0
1813 204.0
1814 109.0
1815 203.0
1816 203.0
1817 251.0
1818 0.0
1819 0.0
1820 0.0
1821 292.0
1822 0.0
1823 0.0
1824 251.0
1825 0.0
1826 251.0
1827 98.0
1828 191.0
1829 169.0
1830 32.0
1831 203.0
1832 38.0
1833 251.0
1834 252.0
1835 207.0
1836 400.0
1837 252.0
1838 204.0
1839 251.0
1840 251.0
1841 251.0
1842 196.0
1843 33.0
1844 185.0
1845 251.0
1846 180.0
1847 203.0
1848 203.0
1849 87.0
1850 203.0
1851 0.0
1852 38.0
1853 158.0
1854 315.0
1855 191.0
1856 257.0
1857 17.0
1858 175.0
1859 251.0
1860 225.0
1861 44.0
1862 169.0
1863 204.0
1864 204.0
1865 203.0
1866 251.0
1867 203.0
1868 203.0
1869 32.0
1870 0.0
1871 0.0
1872 292.0
1873 0.0
1874 229.0
1875 251.0
1876 0.0
1877 33.0
1878 32.0
1879 251.0
1880 32.0
1881 38.0
1882 0.0
1883 191.0
1884 203.0
1885 252.0
1886 252.0
1887 400.0
1888 252.0
1889 252.0
1890 204.0
1891 251.0
1892 251.0
1893 203.0
1894 33.0
1895 203.0
1896 11.0
1897 185.0
1898 203.0
1899 203.0
1900 203.0
1901 0.0
1902 203.0
1903 0.0
1904 158.0
1905 315.0
1906 191.0
1907 38.0
1908 32.0
1909 203.0
1910 251.0
1911 185.0
1912 175.0
1913 203.0
1914 204.0
1915 204.0
1916 38.0
1917 203.0
1918 203.0
1919 251.0
1920 203.0
1921 0.0
1922 109.0
1923 290.0
1924 0.0
1925 219.0
1926 295.0
1927 164.0
1928 33.0
1929 180.0
1930 251.0
1931 180.0
1932 203.0
1933 267.0
1934 109.0
1935 203.0
1936 252.0
1937 203.0
1938 400.0
1939 251.0
1940 252.0
1941 253.0
1942 251.0
1943 251.0
1944 33.0
1945 203.0
1946 203.0
1947 11.0
1948 6.0
1949 203.0
1950 203.0
1951 0.0
1952 0.0
1953 87.0
1954 169.0
1955 158.0
1956 315.0
1957 38.0
1958 38.0
1959 6.0
1960 33.0
1961 347.0
1962 275.0
1963 343.0
1964 203.0
1965 204.0
1966 204.0
1967 203.0
1968 203.0
1969 203.0
1970 251.0
1971 33.0
1972 0.0
1973 283.0
1974 292.0
1975 0.0
1976 288.0
1977 295.0
1978 0.0
1979 252.0
1980 32.0
1981 274.0
1982 186.0
1983 368.0
1984 203.0
1985 109.0
1986 49.0
1987 252.0
1988 207.0
1989 400.0
1990 251.0
1991 224.0
1992 235.0
1993 203.0
1994 251.0
1995 185.0
1996 203.0
1997 180.0
1998 251.0
1999 180.0
2000 203.0
2001 203.0
2002 87.0
2003 98.0
2004 203.0
2005 38.0
2006 0.0
2007 315.0
2008 32.0
2009 38.0
2010 0.0
2011 31.0
2012 347.0
2013 347.0
2014 203.0
2015 203.0
2016 204.0
2017 204.0
2018 204.0
2019 203.0
2020 203.0
2021 251.0
2022 38.0
2023 0.0
2024 286.0
2025 292.0
2026 0.0
2027 0.0
2028 251.0
2029 0.0
2030 33.0
2031 32.0
2032 191.0
2033 32.0
2034 32.0
2035 203.0
2036 191.0
2037 191.0
2038 252.0
2039 203.0
2040 400.0
2041 252.0
2042 203.0
2043 251.0
2044 251.0
2045 251.0
2046 104.0
2047 33.0
2048 203.0
2049 251.0
2050 180.0
2051 203.0
2052 203.0
2053 0.0
2054 203.0
2055 203.0
2056 203.0
2057 169.0
2058 315.0
2059 38.0
2060 315.0
2061 6.0
2062 109.0
2063 251.0
2064 225.0
2065 343.0
2066 203.0
2067 204.0
2068 204.0
2069 203.0
2070 251.0
2071 203.0
2072 251.0
2073 0.0
2074 180.0
2075 221.0
2076 290.0
2077 0.0
2078 1.0
2079 251.0
2080 0.0
2081 255.0
2082 25.0
2083 274.0
2084 32.0
2085 203.0
2086 32.0
2087 60.0
2088 203.0
2089 252.0
2090 204.0
2091 400.0
2092 203.0
2093 203.0
2094 203.0
2095 251.0
2096 251.0
2097 0.0
2098 203.0
2099 33.0
2100 11.0
2101 203.0
2102 203.0
2103 203.0
2104 0.0
2105 0.0
2106 203.0
2107 203.0
2108 158.0
2109 49.0
2110 191.0
2111 38.0
2112 38.0
2113 251.0
2114 347.0
2115 275.0
2116 32.0
2117 203.0
2118 204.0
2119 204.0
2120 203.0
2121 203.0
2122 203.0
2123 311.0
2124 203.0
2125 0.0
2126 221.0
2127 292.0
2128 0.0
2129 0.0
2130 315.0
2131 0.0
2132 250.0
2133 191.0
2134 251.0
2135 191.0
2136 251.0
2137 203.0
2138 191.0
2139 98.0
2140 252.0
2141 207.0
2142 400.0
2143 251.0
2144 224.0
2145 224.0
2146 251.0
2147 251.0
2148 98.0
2149 104.0
2150 203.0
2151 251.0
2152 174.0
2153 203.0
2154 203.0
2155 87.0
2156 0.0
2157 87.0
2158 191.0
2159 251.0
2160 315.0
2161 191.0
2162 315.0
2163 38.0
2164 33.0
2165 347.0
2166 226.0
2167 203.0
2168 204.0
2169 204.0
2170 204.0
2171 203.0
2172 251.0
2173 207.0
2174 203.0
2175 203.0
2176 0.0
2177 286.0
2178 292.0
2179 0.0
2180 224.0
2181 295.0
2182 0.0
2183 33.0
2184 169.0
2185 251.0
2186 180.0
2187 32.0
2188 203.0
2189 251.0
2190 186.0
2191 252.0
2192 207.0
2193 400.0
2194 252.0
2195 251.0
2196 203.0
2197 251.0
2198 251.0
2199 185.0
2200 33.0
2201 203.0
2202 251.0
2203 33.0
2204 203.0
2205 203.0
2206 203.0
2207 203.0
2208 203.0
2209 32.0
2210 147.0
2211 315.0
2212 38.0
2213 38.0
2214 6.0
2215 251.0
2216 251.0
2217 222.0
2218 203.0
2219 204.0
2220 204.0
2221 204.0
2222 204.0
2223 251.0
2224 114.0
2225 251.0
2226 38.0
2227 32.0
2228 286.0
2229 290.0
2230 0.0
2231 0.0
2232 251.0
2233 0.0
2234 294.0
2235 147.0
2236 274.0
2237 32.0
2238 368.0
2239 203.0
2240 180.0
2241 191.0
2242 185.0
2243 252.0
2244 400.0
2245 203.0
2246 224.0
2247 203.0
2248 251.0
2249 251.0
2250 33.0
2251 180.0
2252 33.0
2253 251.0
2254 174.0
2255 203.0
2256 203.0
2257 203.0
2258 203.0
2259 203.0
2260 32.0
2261 158.0
2262 315.0
2263 191.0
2264 180.0
2265 6.0
2266 17.0
2267 347.0
2268 251.0
2269 175.0
2270 200.0
2271 204.0
2272 204.0
2273 204.0
2274 203.0
2275 203.0
2276 251.0
2277 32.0
2278 0.0
2279 286.0
2280 290.0
2281 224.0
2282 0.0
2283 295.0
2284 162.0
2285 0.0
2286 251.0
2287 274.0
2288 32.0
2289 203.0
2290 25.0
2291 191.0
2292 252.0
2293 169.0
2294 252.0
2295 400.0
2296 251.0
2297 203.0
2298 251.0
2299 251.0
2300 251.0
2301 185.0
2302 203.0
2303 251.0
2304 43.0
2305 192.0
2306 203.0
2307 203.0
2308 203.0
2309 0.0
2310 87.0
2311 203.0
2312 49.0
2313 315.0
2314 191.0
2315 38.0
2316 32.0
2317 6.0
2318 347.0
2319 226.0
2320 44.0
2321 6.0
2322 204.0
2323 204.0
2324 49.0
2325 203.0
2326 203.0
2327 347.0
2328 203.0
2329 0.0
2330 290.0
2331 292.0
2332 0.0
2333 219.0
2334 295.0
2335 0.0
2336 33.0
2337 174.0
2338 251.0
2339 203.0
2340 251.0
2341 400.0
2342 169.0
2343 191.0
2344 169.0
2345 252.0
2346 400.0
2347 252.0
2348 224.0
2349 251.0
2350 203.0
2351 251.0
2352 43.0
2353 180.0
2354 203.0
2355 43.0
2356 180.0
2357 203.0
2358 203.0
2359 203.0
2360 203.0
2361 203.0
2362 169.0
2363 158.0
2364 200.0
2365 38.0
2366 38.0
2367 6.0
2368 33.0
2369 347.0
2370 226.0
2371 203.0
2372 204.0
2373 204.0
2374 204.0
2375 203.0
2376 311.0
2377 207.0
2378 203.0
2379 109.0
2380 204.0
2381 221.0
2382 292.0
2383 0.0
2384 0.0
2385 251.0
2386 0.0
2387 286.0
2388 52.0
2389 290.0
2390 180.0
2391 251.0
2392 203.0
2393 203.0
2394 191.0
2395 185.0
2396 252.0
2397 400.0
2398 252.0
2399 199.0
2400 250.0
2401 251.0
2402 251.0
2403 38.0
2404 104.0
2405 203.0
2406 251.0
2407 174.0
2408 203.0
2409 203.0
2410 203.0
2411 203.0
2412 0.0
2413 32.0
2414 158.0
2415 315.0
2416 191.0
2417 38.0
2418 0.0
2419 17.0
2420 347.0
2421 347.0
2422 0.0
2423 204.0
2424 204.0
2425 204.0
2426 203.0
2427 251.0
2428 203.0
2429 203.0
2430 203.0
2431 98.0
2432 286.0
2433 292.0
2434 0.0
2435 1.0
2436 251.0
2437 0.0
2438 250.0
2439 251.0
2440 274.0
2441 32.0
2442 435.0
2443 25.0
2444 180.0
2445 191.0
2446 252.0
2447 252.0
2448 435.0
2449 251.0
2450 204.0
2451 253.0
2452 203.0
2453 251.0
2454 33.0
2455 49.0
2456 49.0
2457 251.0
2458 109.0
2459 203.0
2460 203.0
2461 203.0
2462 203.0
2463 203.0
2464 32.0
2465 158.0
2466 315.0
2467 38.0
2468 180.0
2469 32.0
2470 275.0
2471 347.0
2472 347.0
2473 32.0
2474 38.0
2475 204.0
2476 204.0
2477 203.0
2478 203.0
2479 203.0
2480 251.0
2481 251.0
2482 225.0
2483 285.0
2484 292.0
2485 0.0
2486 0.0
2487 295.0
2488 0.0
2489 0.0
2490 276.0
2491 251.0
2492 32.0
2493 203.0
2494 203.0
2495 203.0
2496 252.0
2497 252.0
2498 252.0
2499 435.0
2500 252.0
2501 203.0
2502 235.0
2503 203.0
2504 251.0
2505 87.0
2506 180.0
2507 203.0
2508 251.0
2509 203.0
2510 203.0
2511 203.0
2512 203.0
2513 0.0
2514 87.0
2515 32.0
2516 180.0
2517 315.0
2518 38.0
2519 257.0
2520 32.0
2521 175.0
2522 347.0
2523 347.0
2524 33.0
2525 175.0
2526 204.0
2527 204.0
2528 49.0
2529 251.0
2530 203.0
2531 311.0
2532 203.0
2533 0.0
2534 221.0
2535 292.0
2536 0.0
2537 224.0
2538 251.0
2539 1.0
2540 0.0
2541 188.0
2542 251.0
2543 32.0
2544 391.0
2545 180.0
2546 203.0
2547 191.0
2548 252.0
2549 252.0
2550 435.0
2551 252.0
2552 203.0
2553 203.0
2554 251.0
2555 251.0
2556 185.0
2557 203.0
2558 203.0
2559 251.0
2560 203.0
2561 203.0
2562 203.0
2563 203.0
2564 203.0
2565 203.0
2566 38.0
2567 158.0
2568 315.0
2569 191.0
2570 38.0
2571 6.0
2572 175.0
2573 347.0
2574 347.0
2575 6.0
2576 203.0
2577 204.0
2578 204.0
2579 49.0
2580 251.0
2581 203.0
2582 203.0
2583 203.0
2584 0.0
2585 221.0
2586 292.0
2587 98.0
2588 286.0
2589 315.0
2590 0.0
2591 104.0
2592 251.0
2593 191.0
2594 25.0
2595 205.0
2596 0.0
2597 180.0
2598 175.0
2599 252.0
2600 252.0
2601 435.0
2602 251.0
2603 251.0
2604 253.0
2605 253.0
2606 251.0
2607 98.0
2608 251.0
2609 203.0
2610 251.0
2611 174.0
2612 203.0
2613 203.0
2614 203.0
2615 203.0
2616 203.0
2617 38.0
2618 169.0
2619 315.0
2620 191.0
2621 257.0
2622 257.0
2623 6.0
2624 347.0
2625 347.0
2626 32.0
2627 203.0
2628 204.0
2629 204.0
2630 49.0
2631 203.0
2632 203.0
2633 251.0
2634 104.0
2635 32.0
2636 283.0
2637 292.0
2638 288.0
2639 109.0
2640 295.0
2641 0.0
2642 0.0
2643 174.0
2644 295.0
2645 32.0
2646 251.0
2647 347.0
2648 203.0
2649 207.0
2650 252.0
2651 252.0
2652 435.0
2653 252.0
2654 251.0
2655 251.0
2656 203.0
2657 251.0
2658 33.0
2659 251.0
2660 33.0
2661 251.0
2662 33.0
2663 203.0
2664 203.0
2665 203.0
2666 0.0
2667 87.0
2668 38.0
2669 158.0
2670 315.0
2671 38.0
2672 38.0
2673 32.0
2674 251.0
2675 347.0
2676 347.0
2677 251.0
2678 203.0
2679 204.0
2680 204.0
2681 49.0
2682 348.0
2683 203.0
2684 348.0
2685 203.0
2686 0.0
2687 221.0
2688 292.0
2689 0.0
2690 299.0
2691 315.0
2692 165.0
2693 33.0
2694 182.0
2695 251.0
2696 203.0
2697 400.0
2698 203.0
2699 203.0
2700 191.0
2701 252.0
2702 252.0
2703 435.0
2704 252.0
2705 203.0
2706 203.0
2707 203.0
2708 203.0
2709 185.0
2710 203.0
2711 203.0
2712 251.0
2713 33.0
2714 203.0
2715 203.0
2716 203.0
2717 203.0
2718 87.0
2719 38.0
2720 158.0
2721 315.0
2722 38.0
2723 315.0
2724 6.0
2725 346.0
2726 347.0
2727 347.0
2728 33.0
2729 32.0
2730 204.0
2731 204.0
2732 49.0
2733 306.0
2734 203.0
2735 347.0
2736 0.0
2737 0.0
2738 0.0
2739 292.0
2740 299.0
2741 299.0
2742 251.0
2743 208.0
2744 218.0
2745 0.0
2746 191.0
2747 109.0
2748 368.0
2749 251.0
2750 180.0
2751 202.0
2752 252.0
2753 252.0
2754 435.0
2755 251.0
2756 251.0
2757 203.0
2758 38.0
2759 203.0
2760 38.0
2761 104.0
2762 251.0
2763 251.0
2764 33.0
2765 203.0
2766 203.0
2767 203.0
2768 203.0
2769 203.0
2770 38.0
2771 169.0
2772 315.0
2773 191.0
2774 257.0
2775 1.0
2776 347.0
2777 347.0
2778 347.0
2779 1.0
2780 203.0
2781 204.0
2782 204.0
2783 49.0
2784 203.0
2785 203.0
2786 347.0
2787 203.0
2788 0.0
2789 285.0
2790 172.0
2791 0.0
2792 109.0
2793 315.0
2794 0.0
2795 0.0
2796 98.0
2797 191.0
2798 32.0
2799 391.0
2800 315.0
2801 180.0
2802 175.0
2803 252.0
2804 252.0
2805 435.0
2806 251.0
2807 251.0
2808 235.0
2809 251.0
2810 203.0
2811 32.0
2812 203.0
2813 180.0
2814 251.0
2815 180.0
2816 203.0
2817 203.0
2818 203.0
2819 203.0
2820 203.0
2821 38.0
2822 158.0
2823 315.0
2824 191.0
2825 257.0
2826 1.0
2827 347.0
2828 347.0
2829 347.0
2830 32.0
2831 203.0
2832 204.0
2833 204.0
2834 49.0
2835 311.0
2836 207.0
2837 251.0
2838 348.0
2839 204.0
2840 282.0
2841 227.0
2842 0.0
2843 299.0
2844 315.0
2845 109.0
2846 295.0
2847 186.0
2848 203.0
2849 32.0
2850 251.0
2851 203.0
2852 180.0
2853 204.0
2854 252.0
2855 252.0
2856 435.0
2857 252.0
2858 236.0
2859 234.0
2860 224.0
2861 203.0
2862 251.0
2863 203.0
2864 203.0
2865 251.0
2866 33.0
2867 203.0
2868 203.0
2869 203.0
2870 0.0
2871 87.0
2872 38.0
2873 38.0
2874 315.0
2875 38.0
2876 38.0
2877 0.0
2878 347.0
2879 347.0
2880 226.0
2881 175.0
2882 203.0
2883 204.0
2884 204.0
2885 49.0
2886 311.0
2887 251.0
2888 347.0
2889 251.0
2890 0.0
2891 221.0
2892 285.0
2893 287.0
2894 299.0
2895 251.0
2896 251.0
2897 250.0
2898 0.0
2899 251.0
2900 180.0
2901 459.0
2902 347.0
2903 180.0
2904 32.0
2905 252.0
2906 252.0
2907 459.0
2908 251.0
2909 252.0
2910 203.0
2911 32.0
2912 203.0
2913 185.0
2914 49.0
2915 252.0
2916 251.0
2917 174.0
2918 203.0
2919 203.0
2920 203.0
2921 203.0
2922 203.0
2923 38.0
2924 169.0
2925 315.0
2926 191.0
2927 315.0
2928 6.0
2929 347.0
2930 347.0
2931 347.0
2932 203.0
2933 44.0
2934 204.0
2935 204.0
2936 203.0
2937 348.0
2938 203.0
2939 203.0
2940 203.0
2941 0.0
2942 286.0
2943 285.0
2944 1.0
2945 295.0
2946 251.0
2947 286.0
2948 0.0
2949 158.0
2950 191.0
2951 32.0
2952 251.0
2953 60.0
2954 180.0
2955 207.0
2956 252.0
2957 252.0
2958 459.0
2959 251.0
2960 203.0
2961 203.0
2962 253.0
2963 251.0
2964 169.0
2965 33.0
2966 33.0
2967 231.0
2968 174.0
2969 203.0
2970 203.0
2971 203.0
2972 203.0
2973 203.0
2974 38.0
2975 169.0
2976 315.0
2977 191.0
2978 257.0
2979 1.0
2980 347.0
2981 347.0
2982 347.0
2983 203.0
2984 203.0
2985 204.0
2986 204.0
2987 49.0
2988 348.0
2989 203.0
2990 347.0
2991 348.0
2992 203.0
2993 286.0
2994 313.0
2995 222.0
2996 0.0
2997 315.0
2998 251.0
2999 104.0
3000 174.0
3001 191.0
3002 32.0
3003 435.0
3004 205.0
3005 180.0
3006 251.0
3007 252.0
3008 252.0
3009 459.0
3010 252.0
3011 224.0
3012 251.0
3013 38.0
3014 251.0
3015 87.0
3016 185.0
3017 251.0
3018 316.0
3019 192.0
3020 203.0
3021 203.0
3022 203.0
3023 203.0
3024 203.0
3025 38.0
3026 158.0
3027 315.0
3028 38.0
3029 257.0
3030 32.0
3031 347.0
3032 347.0
3033 347.0
3034 180.0
3035 203.0
3036 204.0
3037 204.0
3038 49.0
3039 311.0
3040 207.0
3041 311.0
3042 348.0
3043 0.0
3044 251.0
3045 147.0
3046 292.0
3047 299.0
3048 315.0
3049 251.0
3050 32.0
3051 191.0
3052 251.0
3053 180.0
3054 435.0
3055 203.0
3056 180.0
3057 252.0
3058 252.0
3059 252.0
3060 459.0
3061 252.0
3062 251.0
3063 253.0
3064 203.0
3065 251.0
3066 43.0
3067 203.0
3068 203.0
3069 252.0
3070 33.0
3071 203.0
3072 203.0
3073 203.0
3074 203.0
3075 203.0
3076 38.0
3077 169.0
3078 315.0
3079 38.0
3080 315.0
3081 25.0
3082 347.0
3083 347.0
3084 347.0
3085 175.0
3086 203.0
3087 204.0
3088 204.0
3089 49.0
3090 311.0
3091 203.0
3092 348.0
3093 348.0
3094 0.0
3095 224.0
3096 251.0
3097 0.0
3098 289.0
3099 251.0
3100 284.0
3101 32.0
3102 158.0
3103 274.0
3104 203.0
3105 435.0
3106 203.0
3107 180.0
3108 32.0
3109 252.0
3110 252.0
3111 459.0
3112 252.0
3113 204.0
3114 203.0
3115 32.0
3116 251.0
3117 203.0
3118 204.0
3119 104.0
3120 252.0
3121 0.0
3122 203.0
3123 203.0
3124 203.0
3125 203.0
3126 203.0
3127 38.0
3128 180.0
3129 315.0
3130 191.0
3131 257.0
3132 1.0
3133 347.0
3134 347.0
3135 347.0
3136 203.0
3137 204.0
3138 204.0
3139 204.0
3140 204.0
3141 203.0
3142 203.0
3143 348.0
3144 347.0
3145 0.0
3146 229.0
3147 287.0
3148 287.0
3149 109.0
3150 251.0
3151 203.0
3152 250.0
3153 180.0
3154 191.0
3155 32.0
3156 368.0
3157 203.0
3158 180.0
3159 98.0
3160 252.0
3161 252.0
3162 459.0
3163 252.0
3164 203.0
3165 251.0
3166 253.0
3167 251.0
3168 32.0
3169 203.0
3170 203.0
3171 316.0
3172 203.0
3173 203.0
3174 203.0
3175 203.0
3176 203.0
3177 203.0
3178 38.0
3179 158.0
3180 315.0
3181 191.0
3182 315.0
3183 33.0
3184 347.0
3185 347.0
3186 347.0
3187 33.0
3188 203.0
3189 204.0
3190 204.0
3191 49.0
3192 348.0
3193 207.0
3194 348.0
3195 203.0
3196 0.0
3197 180.0
3198 299.0
3199 217.0
3200 204.0
3201 306.0
3202 251.0
3203 251.0
3204 191.0
3205 274.0
3206 49.0
3207 459.0
3208 270.0
3209 180.0
3210 203.0
3211 252.0
3212 252.0
3213 459.0
3214 252.0
3215 235.0
3216 251.0
3217 38.0
3218 251.0
3219 185.0
3220 203.0
3221 32.0
3222 315.0
3223 33.0
3224 203.0
3225 203.0
3226 203.0
3227 203.0
3228 203.0
3229 38.0
3230 169.0
3231 315.0
3232 191.0
3233 315.0
3234 203.0
3235 347.0
3236 347.0
3237 347.0
3238 180.0
3239 203.0
3240 204.0
3241 204.0
3242 203.0
3243 311.0
3244 114.0
3245 311.0
3246 203.0
3247 0.0
3248 180.0
3249 251.0
3250 203.0
3251 299.0
3252 295.0
3253 289.0
3254 0.0
3255 158.0
3256 251.0
3257 185.0
3258 435.0
3259 203.0
3260 180.0
3261 175.0
3262 252.0
3263 252.0
3264 459.0
3265 252.0
3266 203.0
3267 251.0
3268 251.0
3269 251.0
3270 185.0
3271 180.0
3272 180.0
3273 252.0
3274 33.0
3275 203.0
3276 203.0
3277 203.0
3278 203.0
3279 203.0
3280 38.0
3281 158.0
3282 315.0
3283 38.0
3284 315.0
3285 6.0
3286 347.0
3287 347.0
3288 347.0
3289 203.0
3290 203.0
3291 204.0
3292 204.0
3293 49.0
3294 348.0
3295 203.0
3296 348.0
3297 203.0
3298 0.0
3299 0.0
3300 287.0
3301 299.0
3302 299.0
3303 315.0
3304 313.0
3305 104.0
3306 174.0
3307 191.0
3308 203.0
3309 459.0
3310 205.0
3311 180.0
3312 191.0
3313 252.0
3314 252.0
3315 459.0
3316 252.0
3317 204.0
3318 203.0
3319 224.0
3320 251.0
3321 203.0
3322 203.0
3323 104.0
3324 316.0
3325 180.0
3326 203.0
3327 203.0
3328 203.0
3329 203.0
3330 203.0
3331 38.0
3332 169.0
3333 315.0
3334 315.0
3335 315.0
3336 203.0
3337 347.0
3338 347.0
3339 347.0
3340 203.0
3341 203.0
3342 204.0
3343 204.0
3344 49.0
3345 348.0
3346 203.0
3347 348.0
3348 203.0
3349 0.0
3350 226.0
3351 251.0
3352 287.0
3353 295.0
3354 315.0
3355 109.0
3356 104.0
3357 180.0
3358 251.0
3359 32.0
3360 459.0
3361 49.0
3362 180.0
3363 175.0
3364 252.0
3365 252.0
3366 459.0
3367 252.0
3368 224.0
3369 251.0
3370 253.0
3371 251.0
3372 98.0
3373 203.0
3374 49.0
3375 315.0
3376 203.0
3377 203.0
3378 203.0
3379 203.0
3380 203.0
3381 203.0
3382 38.0
3383 169.0
3384 315.0
3385 191.0
3386 315.0
3387 203.0
3388 347.0
3389 347.0
3390 347.0
3391 175.0
3392 203.0
3393 204.0
3394 204.0
3395 49.0
3396 348.0
3397 104.0
3398 348.0
3399 203.0
3400 0.0
3401 0.0
3402 251.0
3403 251.0
3404 109.0
3405 251.0
3406 251.0
3407 0.0
3408 158.0
3409 274.0
3410 203.0
3411 435.0
3412 251.0
3413 180.0
3414 191.0
3415 252.0
3416 252.0
3417 459.0
3418 252.0
3419 204.0
3420 251.0
3421 251.0
3422 289.0
3423 185.0
3424 104.0
3425 185.0
3426 316.0
3427 104.0
3428 203.0
3429 203.0
3430 203.0
3431 203.0
3432 203.0
3433 38.0
3434 169.0
3435 315.0
3436 191.0
3437 315.0
3438 203.0
3439 347.0
3440 347.0
3441 347.0
3442 32.0
3443 175.0
3444 204.0
3445 204.0
3446 203.0
3447 348.0
3448 311.0
3449 311.0
3450 347.0
3451 251.0
3452 0.0
3453 313.0
3454 251.0
3455 299.0
3456 295.0
3457 289.0
3458 93.0
3459 0.0
3460 274.0
3461 32.0
3462 435.0
3463 459.0
3464 180.0
3465 203.0
3466 252.0
3467 252.0
3468 459.0
3469 252.0
3470 204.0
3471 203.0
3472 251.0
3473 235.0
3474 203.0
3475 33.0
3476 203.0
3477 252.0
3478 104.0
3479 203.0
3480 203.0
3481 203.0
3482 203.0
3483 203.0
3484 38.0
3485 180.0
3486 315.0
3487 38.0
3488 315.0
3489 0.0
3490 347.0
3491 347.0
3492 347.0
3493 203.0
3494 6.0
3495 204.0
3496 204.0
3497 203.0
3498 348.0
3499 203.0
3500 348.0
3501 203.0
3502 203.0
3503 0.0
3504 299.0
3505 287.0
3506 299.0
3507 295.0
3508 298.0
3509 93.0
3510 169.0
3511 251.0
3512 38.0
3513 368.0
3514 270.0
3515 180.0
3516 191.0
3517 252.0
3518 252.0
3519 459.0
3520 252.0
3521 224.0
3522 251.0
3523 0.0
3524 38.0
3525 0.0
3526 33.0
3527 180.0
3528 316.0
3529 203.0
3530 203.0
3531 203.0
3532 203.0
3533 203.0
3534 203.0
3535 38.0
3536 158.0
3537 315.0
3538 6.0
3539 315.0
3540 203.0
3541 347.0
3542 347.0
3543 347.0
3544 203.0
3545 204.0
3546 204.0
3547 204.0
3548 38.0
3549 348.0
3550 203.0
3551 348.0
3552 203.0
3553 32.0
3554 0.0
3555 295.0
3556 299.0
3557 0.0
3558 251.0
3559 204.0
3560 104.0
3561 158.0
3562 290.0
3563 186.0
3564 435.0
3565 368.0
3566 180.0
3567 180.0
3568 252.0
3569 252.0
3570 459.0
3571 252.0
3572 203.0
3573 251.0
3574 33.0
3575 289.0
3576 203.0
3577 203.0
3578 32.0
3579 315.0
3580 109.0
3581 203.0
3582 203.0
3583 203.0
3584 203.0
3585 203.0
3586 38.0
3587 169.0
3588 315.0
3589 191.0
3590 315.0
3591 202.0
3592 347.0
3593 347.0
3594 347.0
3595 203.0
3596 204.0
3597 204.0
3598 204.0
3599 203.0
3600 348.0
3601 104.0
3602 348.0
3603 348.0
3604 32.0
3605 0.0
3606 251.0
3607 251.0
3608 251.0
3609 251.0
3610 280.0
3611 0.0
3612 313.0
3613 274.0
3614 32.0
3615 459.0
3616 315.0
3617 180.0
3618 180.0
3619 252.0
3620 252.0
3621 459.0
3622 252.0
3623 203.0
3624 253.0
3625 0.0
3626 235.0
3627 203.0
3628 203.0
3629 32.0
3630 316.0
3631 104.0
3632 203.0
3633 203.0
3634 203.0
3635 203.0
3636 203.0
3637 38.0
3638 169.0
3639 315.0
3640 49.0
3641 315.0
3642 6.0
3643 347.0
3644 347.0
3645 347.0
3646 203.0
3647 203.0
3648 204.0
3649 204.0
3650 203.0
3651 348.0
3652 104.0
3653 348.0
3654 347.0
3655 203.0
3656 0.0
3657 299.0
3658 217.0
3659 246.0
3660 295.0
3661 313.0
3662 98.0
3663 180.0
3664 251.0
3665 32.0
3666 459.0
3667 368.0
3668 180.0
3669 120.0
3670 252.0
3671 252.0
3672 459.0
3673 252.0
3674 0.0
3675 203.0
3676 224.0
3677 289.0
3678 0.0
3679 33.0
3680 109.0
3681 316.0
3682 104.0
3683 203.0
3684 203.0
3685 203.0
3686 203.0
3687 203.0
3688 203.0
3689 169.0
3690 315.0
3691 191.0
3692 315.0
3693 6.0
3694 347.0
3695 347.0
3696 347.0
3697 203.0
3698 203.0
3699 204.0
3700 203.0
3701 203.0
3702 348.0
3703 203.0
3704 348.0
3705 348.0
3706 32.0
3707 229.0
3708 251.0
3709 287.0
3710 246.0
3711 295.0
3712 251.0
3713 104.0
3714 0.0
3715 315.0
3716 186.0
3717 435.0
3718 270.0
3719 180.0
3720 203.0
3721 252.0
3722 252.0
3723 459.0
3724 252.0
3725 32.0
3726 251.0
3727 251.0
3728 251.0
3729 33.0
3730 33.0
3731 49.0
3732 315.0
3733 104.0
3734 203.0
3735 203.0
3736 203.0
3737 203.0
3738 203.0
3739 38.0
3740 169.0
3741 315.0
3742 0.0
3743 315.0
3744 235.0
3745 347.0
3746 347.0
3747 347.0
3748 203.0
3749 44.0
3750 204.0
3751 204.0
3752 49.0
3753 348.0
3754 203.0
3755 348.0
3756 203.0
3757 203.0
3758 0.0
3759 299.0
3760 292.0
3761 295.0
3762 251.0
3763 313.0
3764 32.0
3765 180.0
3766 169.0
3767 32.0
3768 435.0
3769 368.0
3770 180.0
3771 191.0
3772 252.0
3773 252.0
3774 459.0
3775 252.0
3776 0.0
3777 251.0
3778 251.0
3779 251.0
3780 203.0
3781 203.0
3782 231.0
3783 316.0
3784 104.0
3785 203.0
3786 203.0
3787 203.0
3788 203.0
3789 203.0
3790 38.0
3791 169.0
3792 315.0
3793 6.0
3794 257.0
3795 0.0
3796 347.0
3797 347.0
3798 347.0
3799 203.0
3800 203.0
3801 204.0
3802 204.0
3803 203.0
3804 348.0
3805 114.0
3806 348.0
3807 348.0
3808 289.0
3809 0.0
3810 299.0
3811 217.0
3812 252.0
3813 251.0
3814 313.0
3815 0.0
3816 169.0
3817 169.0
3818 251.0
3819 459.0
3820 459.0
3821 180.0
3822 191.0
3823 252.0
3824 252.0
3825 459.0
3826 252.0
3827 32.0
3828 203.0
3829 251.0
3830 229.0
3831 203.0
3832 180.0
3833 180.0
3834 316.0
3835 104.0
3836 203.0
3837 203.0
3838 203.0
3839 203.0
3840 203.0
3841 38.0
3842 30.0
3843 315.0
3844 49.0
3845 315.0
3846 203.0
3847 347.0
3848 347.0
3849 347.0
3850 175.0
3851 203.0
3852 204.0
3853 204.0
3854 203.0
3855 348.0
3856 114.0
3857 311.0
3858 348.0
3859 33.0
3860 0.0
3861 313.0
3862 245.0
3863 246.0
3864 315.0
3865 315.0
3866 0.0
3867 174.0
3868 191.0
3869 60.0
3870 459.0
3871 251.0
3872 180.0
3873 191.0
3874 252.0
3875 252.0
3876 459.0
3877 252.0
3878 32.0
3879 235.0
3880 251.0
3881 235.0
3882 180.0
3883 204.0
3884 251.0
3885 315.0
3886 104.0
3887 203.0
3888 203.0
3889 203.0
3890 203.0
3891 203.0
3892 38.0
3893 158.0
3894 315.0
3895 191.0
3896 315.0
3897 33.0
3898 347.0
3899 347.0
3900 347.0
3901 203.0
3902 203.0
3903 203.0
3904 204.0
3905 203.0
3906 348.0
3907 203.0
3908 347.0
3909 203.0
3910 203.0
3911 0.0
3912 295.0
3913 285.0
3914 109.0
3915 295.0
3916 295.0
3917 104.0
3918 292.0
3919 186.0
3920 38.0
3921 435.0
3922 398.0
3923 180.0
3924 180.0
3925 252.0
3926 252.0
3927 459.0
3928 252.0
3929 32.0
3930 251.0
3931 253.0
3932 203.0
3933 203.0
3934 203.0
3935 185.0
3936 251.0
3937 180.0
3938 203.0
3939 203.0
3940 203.0
3941 203.0
3942 203.0
3943 38.0
3944 32.0
3945 315.0
3946 0.0
3947 257.0
3948 31.0
3949 347.0
3950 347.0
3951 347.0
3952 203.0
3953 203.0
3954 204.0
3955 204.0
3956 203.0
3957 348.0
3958 203.0
3959 348.0
3960 348.0
3961 459.0
3962 315.0
3963 299.0
3964 299.0
3965 251.0
3966 251.0
3967 305.0
3968 251.0
3969 180.0
3970 169.0
3971 38.0
3972 459.0
3973 368.0
3974 180.0
3975 203.0
3976 203.0
3977 252.0
3978 459.0
3979 252.0
3980 32.0
3981 242.0
3982 251.0
3983 289.0
3984 253.0
3985 203.0
3986 185.0
3987 315.0
3988 104.0
3989 203.0
3990 203.0
3991 203.0
3992 203.0
3993 203.0
3994 38.0
3995 158.0
3996 315.0
3997 6.0
3998 315.0
3999 175.0
4000 347.0
4001 347.0
4002 347.0
4003 204.0
4004 203.0
4005 204.0
4006 204.0
4007 204.0
4008 348.0
4009 104.0
4010 348.0
4011 651.0
4012 203.0
4013 32.0
4014 315.0
4015 222.0
4016 299.0
4017 251.0
4018 109.0
4019 32.0
4020 186.0
4021 169.0
4022 49.0
4023 459.0
4024 251.0
4025 180.0
4026 191.0
4027 252.0
4028 252.0
4029 651.0
4030 252.0
4031 204.0
4032 224.0
4033 289.0
4034 235.0
4035 0.0
4036 32.0
4037 0.0
4038 315.0
4039 104.0
4040 203.0
4041 203.0
4042 203.0
4043 203.0
4044 203.0
4045 38.0
4046 203.0
4047 315.0
4048 191.0
4049 315.0
4050 33.0
4051 347.0
4052 347.0
4053 347.0
4054 180.0
4055 203.0
4056 204.0
4057 204.0
4058 204.0
4059 311.0
4060 203.0
4061 347.0
4062 651.0
4063 347.0
4064 0.0
4065 315.0
4066 235.0
4067 246.0
4068 315.0
4069 315.0
4070 104.0
4071 114.0
4072 169.0
4073 203.0
4074 459.0
4075 251.0
4076 191.0
4077 203.0
4078 252.0
4079 252.0
4080 651.0
4081 252.0
4082 32.0
4083 235.0
4084 289.0
4085 251.0
4086 203.0
4087 203.0
4088 251.0
4089 316.0
4090 203.0
4091 203.0
4092 203.0
4093 203.0
4094 203.0
4095 203.0
4096 38.0
4097 169.0
4098 315.0
4099 191.0
4100 257.0
4101 180.0
4102 347.0
4103 347.0
4104 347.0
4105 203.0
4106 203.0
4107 204.0
4108 204.0
4109 49.0
4110 311.0
4111 203.0
4112 651.0
4113 651.0
4114 315.0
4115 0.0
4116 315.0
4117 245.0
4118 6.0
4119 315.0
4120 313.0
4121 32.0
4122 187.0
4123 169.0
4124 251.0
4125 435.0
4126 315.0
4127 180.0
4128 191.0
4129 252.0
4130 252.0
4131 651.0
4132 252.0
4133 203.0
4134 203.0
4135 289.0
4136 251.0
4137 0.0
4138 203.0
4139 185.0
4140 316.0
4141 203.0
4142 203.0
4143 203.0
4144 203.0
4145 203.0
4146 203.0
4147 38.0
4148 251.0
4149 315.0
4150 0.0
4151 257.0
4152 180.0
4153 347.0
4154 347.0
4155 347.0
4156 203.0
4157 203.0
4158 204.0
4159 204.0
4160 204.0
4161 348.0
4162 104.0
4163 348.0
4164 347.0
4165 203.0
4166 0.0
4167 299.0
4168 246.0
4169 299.0
4170 251.0
4171 295.0
4172 32.0
4173 176.0
4174 169.0
4175 180.0
4176 459.0
4177 459.0
4178 180.0
4179 191.0
4180 252.0
4181 252.0
4182 651.0
4183 252.0
4184 32.0
4185 203.0
4186 251.0
4187 253.0
4188 180.0
4189 203.0
4190 185.0
4191 316.0
4192 33.0
4193 203.0
4194 203.0
4195 203.0
4196 203.0
4197 203.0
4198 38.0
4199 180.0
4200 315.0
4201 6.0
4202 315.0
4203 1.0
4204 347.0
4205 347.0
4206 347.0
4207 180.0
4208 203.0
4209 204.0
4210 204.0
4211 203.0
4212 348.0
4213 104.0
4214 651.0
4215 651.0
4216 203.0
4217 0.0
4218 311.0
4219 251.0
4220 299.0
4221 251.0
4222 295.0
4223 295.0
4224 191.0
4225 180.0
4226 203.0
4227 459.0
4228 251.0
4229 180.0
4230 191.0
4231 252.0
4232 252.0
4233 651.0
4234 252.0
4235 33.0
4236 251.0
4237 289.0
4238 251.0
4239 203.0
4240 203.0
4241 185.0
4242 316.0
4243 203.0
4244 203.0
4245 203.0
4246 203.0
4247 203.0
4248 203.0
4249 38.0
4250 251.0
4251 315.0
4252 49.0
4253 315.0
4254 0.0
4255 347.0
4256 347.0
4257 347.0
4258 203.0
4259 203.0
4260 204.0
4261 204.0
4262 204.0
4263 311.0
4264 203.0
4265 347.0
4266 651.0
4267 315.0
4268 180.0
4269 315.0
4270 235.0
4271 251.0
4272 295.0
4273 295.0
4274 251.0
4275 203.0
4276 169.0
4277 240.0
4278 435.0
4279 251.0
4280 180.0
4281 175.0
4282 252.0
4283 252.0
4284 651.0
4285 252.0
4286 0.0
4287 201.0
4288 289.0
4289 253.0
4290 185.0
4291 203.0
4292 180.0
4293 316.0
4294 203.0
4295 203.0
4296 203.0
4297 203.0
4298 203.0
4299 203.0
4300 38.0
4301 38.0
4302 315.0
4303 49.0
4304 315.0
4305 109.0
4306 347.0
4307 347.0
4308 347.0
4309 203.0
4310 203.0
4311 204.0
4312 204.0
4313 38.0
4314 348.0
4315 104.0
4316 347.0
4317 347.0
4318 315.0
4319 0.0
4320 299.0
4321 287.0
4322 295.0
4323 315.0
4324 315.0
4325 0.0
4326 191.0
4327 274.0
4328 180.0
4329 459.0
4330 368.0
4331 180.0
4332 191.0
4333 252.0
4334 252.0
4335 651.0
4336 252.0
4337 204.0
4338 253.0
4339 251.0
4340 253.0
4341 191.0
4342 33.0
4343 180.0
4344 316.0
4345 203.0
4346 203.0
4347 203.0
4348 203.0
4349 203.0
4350 203.0
4351 38.0
4352 180.0
4353 315.0
4354 0.0
4355 257.0
4356 175.0
4357 347.0
4358 347.0
4359 347.0
4360 204.0
4361 175.0
4362 204.0
4363 204.0
4364 204.0
4365 348.0
4366 347.0
4367 651.0
4368 347.0
4369 104.0
4370 0.0
4371 299.0
4372 241.0
4373 299.0
4374 251.0
4375 315.0
4376 0.0
4377 169.0
4378 169.0
4379 180.0
4380 459.0
4381 398.0
4382 180.0
4383 180.0
4384 252.0
4385 252.0
4386 651.0
4387 252.0
4388 33.0
4389 251.0
4390 289.0
4391 253.0
4392 203.0
4393 0.0
4394 185.0
4395 316.0
4396 203.0
4397 203.0
4398 203.0
4399 203.0
4400 203.0
4401 203.0
4402 38.0
4403 251.0
4404 315.0
4405 38.0
4406 315.0
4407 6.0
4408 347.0
4409 347.0
4410 347.0
4411 203.0
4412 204.0
4413 204.0
4414 204.0
4415 203.0
4416 348.0
4417 203.0
4418 347.0
4419 651.0
4420 1186.0
4421 251.0
4422 299.0
4423 235.0
4424 299.0
4425 251.0
4426 295.0
4427 284.0
4428 251.0
4429 0.0
4430 204.0
4431 459.0
4432 459.0
4433 203.0
4434 202.0
4435 252.0
4436 252.0
4437 1186.0
4438 252.0
4439 199.0
4440 289.0
4441 289.0
4442 251.0
4443 203.0
4444 203.0
4445 191.0
4446 316.0
4447 0.0
4448 203.0
4449 203.0
4450 203.0
4451 203.0
4452 203.0
4453 32.0
4454 169.0
4455 315.0
4456 223.0
4457 257.0
4458 6.0
4459 347.0
4460 347.0
4461 347.0
4462 180.0
4463 203.0
4464 204.0
4465 204.0
4466 49.0
4467 348.0
4468 348.0
4469 651.0
4470 517.0
4471 251.0
4472 0.0
4473 299.0
4474 0.0
4475 109.0
4476 315.0
4477 295.0
4478 294.0
4479 169.0
4480 169.0
4481 212.0
4482 435.0
4483 368.0
4484 180.0
4485 191.0
4486 252.0
4487 252.0
4488 1186.0
4489 252.0
4490 204.0
4491 0.0
4492 251.0
4493 256.0
4494 0.0
4495 251.0
4496 185.0
4497 316.0
4498 180.0
4499 203.0
4500 203.0
4501 203.0
4502 203.0
4503 203.0
4504 38.0
4505 180.0
4506 315.0
4507 32.0
4508 315.0
4509 185.0
4510 347.0
4511 347.0
4512 347.0
4513 203.0
4514 343.0
4515 203.0
4516 204.0
4517 49.0
4518 348.0
4519 104.0
4520 651.0
4521 1194.0
4522 203.0
4523 0.0
4524 285.0
4525 287.0
4526 203.0
4527 295.0
4528 295.0
4529 0.0
4530 251.0
4531 169.0
4532 203.0
4533 459.0
4534 459.0
4535 203.0
4536 252.0
4537 252.0
4538 252.0
4539 1194.0
4540 252.0
4541 204.0
4542 253.0
4543 251.0
4544 251.0
4545 203.0
4546 180.0
4547 203.0
4548 316.0
4549 203.0
4550 203.0
4551 203.0
4552 203.0
4553 203.0
4554 203.0
4555 32.0
4556 180.0
4557 315.0
4558 0.0
4559 315.0
4560 33.0
4561 347.0
4562 347.0
4563 347.0
4564 180.0
4565 203.0
4566 175.0
4567 204.0
4568 203.0
4569 348.0
4570 347.0
4571 315.0
4572 497.0
4573 651.0
4574 0.0
4575 315.0
4576 240.0
4577 287.0
4578 251.0
4579 315.0
4580 251.0
4581 169.0
4582 169.0
4583 180.0
4584 459.0
4585 398.0
4586 203.0
4587 180.0
4588 252.0
4589 252.0
4590 1194.0
4591 252.0
4592 0.0
4593 289.0
4594 289.0
4595 251.0
4596 289.0
4597 245.0
4598 203.0
4599 316.0
4600 203.0
4601 203.0
4602 203.0
4603 203.0
4604 203.0
4605 203.0
4606 38.0
4607 251.0
4608 315.0
4609 176.0
4610 257.0
4611 33.0
4612 347.0
4613 251.0
4614 347.0
4615 169.0
4616 203.0
4617 204.0
4618 204.0
4619 203.0
4620 348.0
4621 347.0
4622 315.0
4623 517.0
4624 315.0
4625 0.0
4626 175.0
4627 315.0
4628 204.0
4629 295.0
4630 315.0
4631 0.0
4632 169.0
4633 0.0
4634 203.0
4635 459.0
4636 398.0
4637 169.0
4638 191.0
4639 252.0
4640 252.0
4641 1194.0
4642 252.0
4643 32.0
4644 289.0
4645 289.0
4646 289.0
4647 203.0
4648 180.0
4649 32.0
4650 316.0
4651 185.0
4652 203.0
4653 203.0
4654 203.0
4655 203.0
4656 203.0
4657 38.0
4658 32.0
4659 315.0
4660 0.0
4661 257.0
4662 6.0
4663 347.0
4664 347.0
4665 347.0
4666 203.0
4667 203.0
4668 203.0
4669 204.0
4670 49.0
4671 348.0
4672 203.0
4673 33.0
4674 517.0
4675 315.0
4676 169.0
4677 0.0
4678 297.0
4679 109.0
4680 315.0
4681 315.0
4682 32.0
4683 186.0
4684 169.0
4685 186.0
4686 459.0
4687 459.0
4688 169.0
4689 203.0
4690 252.0
4691 252.0
4692 1194.0
4693 252.0
4694 32.0
4695 289.0
4696 251.0
4697 256.0
4698 203.0
4699 245.0
4700 185.0
4701 316.0
4702 203.0
4703 203.0
4704 203.0
4705 203.0
4706 203.0
4707 203.0
4708 38.0
4709 180.0
4710 315.0
4711 38.0
4712 315.0
4713 38.0
4714 347.0
4715 347.0
4716 347.0
4717 203.0
4718 203.0
4719 203.0
4720 204.0
4721 38.0
4722 348.0
4723 347.0
4724 1194.0
4725 651.0
4726 347.0
4727 0.0
4728 283.0
4729 224.0
4730 246.0
4731 251.0
4732 315.0
4733 0.0
4734 251.0
4735 169.0
4736 203.0
4737 459.0
4738 459.0
4739 180.0
4740 191.0
4741 252.0
4742 252.0
4743 1194.0
4744 252.0
4745 33.0
4746 289.0
4747 251.0
4748 256.0
4749 203.0
4750 1.0
4751 203.0
4752 316.0
4753 203.0
4754 203.0
4755 203.0
4756 203.0
4757 203.0
4758 203.0
4759 38.0
4760 180.0
4761 315.0
4762 49.0
4763 315.0
4764 38.0
4765 347.0
4766 347.0
4767 347.0
4768 203.0
4769 204.0
4770 203.0
4771 204.0
4772 203.0
4773 348.0
4774 651.0
4775 251.0
4776 523.0
4777 459.0
4778 0.0
4779 170.0
4780 299.0
4781 251.0
4782 251.0
4783 295.0
4784 294.0
4785 251.0
4786 0.0
4787 186.0
4788 459.0
4789 459.0
4790 251.0
4791 180.0
4792 252.0
4793 252.0
4794 1194.0
4795 252.0
4796 32.0
4797 289.0
4798 229.0
4799 251.0
4800 289.0
4801 203.0
4802 32.0
4803 316.0
4804 180.0
4805 203.0
4806 203.0
4807 203.0
4808 203.0
4809 203.0
4810 32.0
4811 251.0
4812 315.0
4813 38.0
4814 315.0
4815 33.0
4816 347.0
4817 347.0
4818 347.0
4819 203.0
4820 204.0
4821 203.0
4822 204.0
4823 203.0
4824 348.0
4825 347.0
4826 315.0
4827 517.0
4828 315.0
4829 169.0
4830 169.0
4831 297.0
4832 104.0
4833 295.0
4834 295.0
4835 295.0
4836 169.0
4837 186.0
4838 203.0
4839 459.0
4840 459.0
4841 169.0
4842 185.0
4843 252.0
4844 252.0
4845 1194.0
4846 252.0
4847 203.0
4848 289.0
4849 251.0
4850 203.0
4851 289.0
4852 0.0
4853 185.0
4854 316.0
4855 203.0
4856 203.0
4857 203.0
4858 203.0
4859 203.0
4860 203.0
4861 32.0
4862 32.0
4863 315.0
4864 0.0
4865 315.0
4866 33.0
4867 347.0
4868 347.0
4869 347.0
4870 203.0
4871 6.0
4872 203.0
4873 204.0
4874 203.0
4875 348.0
4876 433.0
4877 213.0
4878 517.0
4879 348.0
4880 169.0
4881 170.0
4882 315.0
4883 299.0
4884 295.0
4885 315.0
4886 0.0
4887 169.0
4888 169.0
4889 212.0
4890 459.0
4891 459.0
4892 98.0
4893 191.0
4894 252.0
4895 252.0
4896 1194.0
4897 252.0
4898 33.0
4899 289.0
4900 251.0
4901 0.0
4902 289.0
4903 0.0
4904 203.0
4905 316.0
4906 203.0
4907 203.0
4908 203.0
4909 203.0
4910 203.0
4911 203.0
4912 32.0
4913 180.0
4914 315.0
4915 191.0
4916 315.0
4917 1.0
4918 347.0
4919 347.0
4920 347.0
4921 203.0
4922 203.0
4923 203.0
4924 204.0
4925 204.0
4926 347.0
4927 348.0
4928 498.0
4929 497.0
4930 498.0
4931 0.0
4932 170.0
4933 300.0
4934 299.0
4935 251.0
4936 295.0
4937 0.0
4938 32.0
4939 0.0
4940 180.0
4941 459.0
4942 459.0
4943 191.0
4944 203.0
4945 252.0
4946 252.0
4947 1194.0
4948 252.0
4949 0.0
4950 289.0
4951 256.0
4952 235.0
4953 203.0
4954 203.0
4955 203.0
4956 316.0
4957 203.0
4958 203.0
4959 203.0
4960 203.0
4961 203.0
4962 203.0
4963 180.0
4964 169.0
4965 315.0
4966 49.0
4967 315.0
4968 38.0
4969 347.0
4970 347.0
4971 347.0
4972 203.0
4973 203.0
4974 203.0
4975 204.0
4976 203.0
4977 651.0
4978 315.0
4979 315.0
4980 651.0
4981 315.0
4982 0.0
4983 299.0
4984 315.0
4985 252.0
4986 251.0
4987 315.0
4988 251.0
4989 169.0
4990 0.0
4991 180.0
4992 459.0
4993 459.0
4994 180.0
4995 175.0
4996 252.0
4997 252.0
4998 1194.0
4999 252.0
5000 252.0
5001 289.0
5002 289.0
5003 32.0
5004 289.0
5005 203.0
5006 315.0
5007 316.0
5008 33.0
5009 203.0
5010 203.0
5011 203.0
5012 203.0
5013 203.0
5014 180.0
5015 169.0
5016 315.0
5017 38.0
5018 315.0
5019 33.0
5020 347.0
5021 347.0
5022 347.0
5023 175.0
5024 44.0
5025 203.0
5026 204.0
5027 120.0
5028 651.0
5029 251.0
5030 109.0
5031 523.0
5032 315.0
5033 0.0
5034 0.0
5035 297.0
5036 93.0
5037 315.0
5038 295.0
5039 251.0
5040 169.0
5041 32.0
5042 203.0
5043 459.0
5044 459.0
5045 38.0
5046 120.0
5047 252.0
5048 252.0
5049 1194.0
5050 252.0
5051 252.0
5052 289.0
5053 251.0
5054 0.0
5055 251.0
5056 0.0
5057 185.0
5058 316.0
5059 33.0
5060 203.0
5061 203.0
5062 203.0
5063 203.0
5064 203.0
5065 32.0
5066 180.0
5067 315.0
5068 315.0
5069 315.0
5070 0.0
5071 347.0
5072 347.0
5073 347.0
5074 180.0
5075 204.0
5076 204.0
5077 204.0
5078 203.0
5079 651.0
5080 651.0
5081 347.0
5082 517.0
5083 403.0
5084 169.0
5085 170.0
5086 315.0
5087 246.0
5088 313.0
5089 315.0
5090 0.0
5091 32.0
5092 0.0
5093 180.0
5094 459.0
5095 459.0
5096 169.0
5097 185.0
5098 252.0
5099 252.0
5100 1194.0
