1 181.0
2 127.0
3 0.0
4 0.0
5 203.0
6 137.0
7 203.0
8 203.0
9 168.0
10 0.0
11 186.0
12 180.0
13 203.0
14 0.0
15 0.0
16 8.0
17 28.0
18 203.0
19 203.0
20 247.0
21 5.0
22 0.0
23 197.0
24 0.0
25 65.0
26 0.0
27 0.0
28 40.0
29 203.0
30 0.0
31 0.0
32 202.0
33 203.0
34 153.0
35 203.0
36 32.0
37 191.0
38 185.0
39 31.0
40 203.0
41 176.0
42 18.0
43 251.0
44 251.0
45 203.0
46 181.0
47 180.0
48 185.0
49 181.0
50 0.0
51 251.0
52 203.0
53 99.0
54 72.0
55 4.0
56 202.0
57 218.0
58 105.0
59 203.0
60 0.0
61 203.0
62 136.0
63 203.0
64 0.0
65 0.0
66 0.0
67 0.0
68 201.0
69 11.0
70 198.0
71 0.0
72 61.0
73 203.0
74 192.0
75 0.0
76 203.0
77 61.0
78 203.0
79 0.0
80 83.0
81 0.0
82 0.0
83 0.0
84 203.0
85 77.0
86 203.0
87 0.0
88 203.0
89 203.0
90 0.0
91 203.0
92 127.0
93 0.0
94 22.0
95 0.0
96 0.0
97 202.0
98 204.0
99 0.0
100 0.0
101 0.0
102 251.0
103 204.0
104 0.0
105 104.0
106 204.0
107 0.0
108 251.0
109 68.0
110 158.0
111 203.0
112 175.0
113 251.0
114 203.0
115 0.0
116 0.0
117 0.0
118 0.0
119 204.0
120 7.0
121 185.0
122 1.0
123 176.0
124 203.0
125 203.0
126 203.0
127 203.0
128 203.0
129 203.0
130 180.0
131 169.0
132 202.0
133 203.0
134 0.0
135 203.0
136 136.0
137 203.0
138 131.0
139 0.0
140 204.0
141 137.0
142 0.0
143 39.0
144 0.0
145 204.0
146 0.0
147 0.0
148 100.0
149 149.0
150 170.0
151 0.0
152 147.0
153 251.0
154 119.0
155 203.0
156 251.0
157 191.0
158 123.0
159 159.0
160 201.0
161 191.0
162 203.0
163 0.0
164 204.0
165 195.0
166 229.0
167 46.0
168 203.0
169 203.0
170 0.0
171 34.0
172 203.0
173 74.0
174 196.0
175 203.0
176 203.0
177 203.0
178 203.0
179 61.0
180 203.0
181 26.0
182 233.0
183 0.0
184 203.0
185 153.0
186 159.0
187 203.0
188 203.0
189 107.0
190 203.0
191 203.0
192 203.0
193 203.0
194 204.0
195 167.0
196 251.0
197 96.0
198 78.0
199 180.0
200 204.0
201 149.0
202 0.0
203 134.0
204 251.0
205 185.0
206 191.0
207 0.0
208 182.0
209 203.0
210 191.0
211 27.0
212 203.0
213 72.0
214 204.0
215 199.0
216 203.0
217 106.0
218 203.0
219 0.0
220 172.0
221 251.0
222 31.0
223 203.0
224 221.0
225 41.0
226 0.0
227 9.0
228 0.0
229 0.0
230 203.0
231 203.0
232 39.0
233 72.0
234 203.0
235 251.0
236 203.0
237 159.0
238 0.0
239 203.0
240 4.0
241 203.0
242 204.0
243 203.0
244 203.0
245 203.0
246 0.0
247 203.0
248 203.0
249 203.0
250 0.0
251 0.0
252 197.0
253 0.0
254 0.0
255 251.0
256 251.0
257 181.0
258 0.0
259 0.0
260 251.0
261 1.0
262 67.0
263 203.0
264 0.0
265 203.0
266 185.0
267 191.0
268 203.0
269 138.0
270 173.0
271 203.0
272 251.0
273 0.0
274 203.0
275 72.0
276 224.0
277 0.0
278 203.0
279 0.0
280 203.0
281 203.0
282 203.0
283 204.0
284 203.0
285 0.0
286 0.0
287 0.0
288 203.0
289 0.0
290 204.0
291 0.0
292 203.0
293 251.0
294 197.0
295 0.0
296 143.0
297 0.0
298 191.0
299 251.0
300 176.0
301 179.0
302 203.0
303 0.0
304 0.0
305 172.0
306 251.0
307 195.0
308 185.0
309 63.0
310 14.0
311 174.0
312 203.0
313 239.0
314 203.0
315 203.0
316 0.0
317 185.0
318 203.0
319 203.0
320 203.0
321 203.0
322 203.0
323 251.0
324 0.0
325 203.0
326 0.0
327 250.0
328 203.0
329 195.0
330 203.0
331 253.0
332 6.0
333 186.0
334 1.0
335 138.0
336 0.0
337 204.0
338 0.0
339 203.0
340 0.0
341 203.0
342 183.0
343 11.0
344 183.0
345 230.0
346 218.0
347 203.0
348 0.0
349 174.0
350 165.0
351 1.0
352 188.0
353 203.0
354 190.0
355 0.0
356 103.0
357 253.0
358 70.0
359 203.0
360 110.0
361 187.0
362 203.0
363 185.0
364 203.0
365 203.0
366 203.0
367 209.0
368 224.0
369 7.0
370 203.0
371 237.0
372 13.0
373 203.0
374 179.0
375 1.0
376 240.0
377 203.0
378 191.0
379 220.0
380 108.0
381 0.0
382 202.0
383 203.0
384 239.0
385 186.0
386 237.0
387 251.0
388 251.0
389 203.0
390 100.0
391 204.0
392 251.0
393 203.0
394 203.0
395 203.0
396 240.0
397 251.0
398 8.0
399 203.0
400 203.0
401 203.0
402 202.0
403 203.0
404 203.0
405 203.0
406 251.0
407 178.0
408 253.0
409 251.0
410 56.0
411 179.0
412 203.0
413 203.0
414 203.0
415 150.0
416 203.0
417 203.0
418 237.0
419 231.0
420 133.0
421 203.0
422 203.0
423 251.0
424 203.0
425 199.0
426 203.0
427 203.0
428 251.0
429 203.0
430 251.0
431 203.0
432 203.0
433 203.0
434 61.0
435 251.0
436 203.0
437 220.0
438 251.0
439 203.0
440 0.0
441 203.0
442 203.0
443 203.0
444 231.0
445 203.0
446 203.0
447 251.0
448 203.0
449 120.0
450 203.0
451 203.0
452 251.0
453 203.0
454 203.0
455 203.0
456 251.0
457 0.0
458 0.0
459 253.0
460 203.0
461 202.0
462 0.0
463 251.0
464 202.0
465 203.0
466 203.0
467 203.0
468 205.0
469 240.0
470 203.0
471 202.0
472 203.0
473 209.0
474 203.0
475 159.0
476 201.0
477 0.0
478 203.0
479 203.0
480 0.0
481 202.0
482 0.0
483 203.0
484 203.0
485 203.0
486 239.0
487 203.0
488 220.0
489 48.0
490 203.0
491 0.0
492 204.0
493 203.0
494 218.0
495 186.0
496 203.0
497 238.0
498 203.0
499 251.0
500 203.0
501 18.0
502 203.0
503 0.0
504 215.0
505 203.0
506 39.0
507 203.0
508 0.0
509 124.0
510 253.0
511 203.0
512 0.0
513 90.0
514 251.0
515 242.0
516 80.0
517 203.0
518 239.0
519 197.0
520 309.0
521 251.0
522 203.0
523 203.0
524 203.0
525 194.0
526 186.0
527 203.0
528 203.0
529 251.0
530 231.0
531 181.0
532 239.0
533 203.0
534 203.0
535 251.0
536 203.0
537 0.0
538 203.0
539 203.0
540 0.0
541 204.0
542 203.0
543 115.0
544 10.0
545 179.0
546 26.0
547 165.0
548 203.0
549 251.0
550 203.0
551 110.0
552 0.0
553 134.0
554 203.0
555 186.0
556 0.0
557 251.0
558 251.0
559 0.0
560 0.0
561 309.0
562 203.0
563 215.0
564 93.0
565 202.0
566 252.0
567 203.0
568 203.0
569 203.0
570 215.0
571 142.0
572 202.0
573 257.0
574 0.0
575 203.0
576 203.0
577 220.0
578 204.0
579 1.0
580 202.0
581 254.0
582 203.0
583 203.0
584 203.0
585 203.0
586 251.0
587 0.0
588 240.0
589 203.0
590 253.0
591 251.0
592 201.0
593 7.0
594 204.0
595 47.0
596 203.0
597 203.0
598 203.0
599 195.0
600 251.0
601 240.0
602 203.0
603 203.0
604 213.0
605 203.0
606 196.0
607 203.0
608 203.0
609 203.0
610 0.0
611 0.0
612 309.0
613 203.0
614 199.0
615 203.0
616 203.0
617 197.0
618 251.0
619 203.0
620 208.0
621 224.0
622 203.0
623 138.0
624 43.0
625 203.0
626 237.0
627 203.0
628 231.0
629 203.0
630 144.0
631 203.0
632 190.0
633 203.0
634 203.0
635 224.0
636 39.0
637 252.0
638 203.0
639 251.0
640 203.0
641 203.0
642 251.0
643 241.0
644 182.0
645 203.0
646 203.0
647 194.0
648 203.0
649 154.0
650 192.0
651 302.0
652 251.0
653 62.0
654 203.0
655 262.0
656 203.0
657 203.0
658 203.0
659 203.0
660 203.0
661 0.0
662 40.0
663 309.0
664 155.0
665 202.0
666 203.0
667 251.0
668 240.0
669 203.0
670 203.0
671 203.0
672 203.0
673 203.0
674 203.0
675 203.0
676 203.0
677 239.0
678 203.0
679 203.0
680 251.0
681 0.0
682 251.0
683 175.0
684 14.0
685 203.0
686 193.0
687 203.0
688 203.0
689 203.0
690 251.0
691 203.0
692 59.0
693 0.0
694 203.0
695 251.0
696 251.0
697 203.0
698 251.0
699 205.0
700 203.0
701 203.0
702 251.0
703 203.0
704 203.0
705 0.0
706 204.0
707 203.0
708 208.0
709 203.0
710 203.0
711 203.0
712 0.0
713 135.0
714 309.0
715 189.0
716 213.0
717 251.0
718 204.0
719 242.0
720 203.0
721 24.0
722 190.0
723 231.0
724 203.0
725 224.0
726 27.0
727 92.0
728 218.0
729 251.0
730 189.0
731 204.0
732 0.0
733 304.0
734 209.0
735 239.0
736 251.0
737 205.0
738 0.0
739 203.0
740 203.0
741 203.0
742 203.0
743 208.0
744 203.0
745 201.0
746 204.0
747 203.0
748 142.0
749 204.0
750 203.0
751 203.0
752 0.0
753 126.0
754 225.0
755 99.0
756 204.0
757 202.0
758 203.0
759 203.0
760 202.0
761 203.0
762 223.0
763 326.0
764 203.0
765 326.0
766 203.0
767 203.0
768 251.0
769 203.0
770 159.0
771 0.0
772 251.0
773 203.0
774 203.0
775 203.0
776 153.0
777 0.0
778 17.0
779 251.0
780 1.0
781 186.0
782 0.0
783 16.0
784 209.0
785 203.0
786 203.0
787 0.0
788 203.0
789 203.0
790 208.0
791 203.0
792 203.0
793 203.0
794 203.0
795 203.0
796 0.0
797 0.0
798 203.0
799 203.0
800 65.0
801 203.0
802 0.0
803 203.0
804 203.0
805 203.0
806 0.0
807 203.0
808 337.0
809 231.0
810 0.0
811 203.0
812 198.0
813 205.0
814 0.0
815 19.0
816 337.0
817 98.0
818 203.0
819 150.0
820 217.0
821 203.0
822 218.0
823 39.0
824 186.0
825 325.0
826 203.0
827 203.0
828 203.0
829 203.0
830 203.0
831 203.0
832 203.0
833 203.0
834 0.0
835 35.0
836 203.0
837 0.0
838 381.0
839 204.0
840 203.0
841 294.0
842 203.0
843 203.0
844 203.0
845 251.0
846 251.0
847 0.0
848 10.0
849 203.0
850 0.0
851 203.0
852 251.0
853 61.0
854 69.0
855 203.0
856 252.0
857 0.0
858 0.0
859 203.0
860 0.0
861 251.0
862 203.0
863 203.0
864 251.0
865 0.0
866 0.0
867 381.0
868 25.0
869 78.0
870 203.0
871 251.0
872 251.0
873 0.0
874 203.0
875 191.0
876 523.0
877 203.0
878 0.0
879 203.0
880 203.0
881 251.0
882 203.0
883 203.0
884 203.0
885 0.0
886 203.0
887 203.0
888 86.0
889 251.0
890 208.0
891 308.0
892 320.0
893 210.0
894 203.0
895 251.0
896 203.0
897 203.0
898 203.0
899 251.0
900 203.0
901 203.0
902 203.0
903 0.0
904 203.0
905 251.0
906 180.0
907 251.0
908 203.0
909 203.0
910 203.0
911 60.0
912 251.0
913 203.0
914 251.0
915 203.0
916 0.0
917 0.0
918 523.0
919 471.0
920 251.0
921 251.0
922 333.0
923 0.0
924 0.0
925 203.0
926 203.0
927 432.0
928 0.0
929 287.0
930 203.0
931 203.0
932 251.0
933 251.0
934 0.0
935 0.0
936 0.0
937 0.0
938 6.0
939 9.0
940 190.0
941 226.0
942 203.0
943 451.0
944 203.0
945 203.0
946 0.0
947 203.0
948 203.0
949 0.0
950 251.0
951 203.0
952 203.0
953 203.0
954 203.0
955 251.0
956 251.0
957 72.0
958 203.0
959 196.0
960 203.0
961 251.0
962 203.0
963 0.0
964 203.0
965 251.0
966 203.0
967 0.0
968 0.0
969 523.0
970 0.0
971 335.0
972 203.0
973 203.0
974 104.0
975 0.0
976 203.0
977 191.0
978 461.0
979 0.0
980 201.0
981 220.0
982 0.0
983 203.0
984 0.0
985 203.0
986 0.0
987 0.0
988 0.0
989 240.0
990 207.0
991 203.0
992 0.0
993 524.0
994 102.0
995 29.0
996 203.0
997 220.0
998 203.0
999 251.0
1000 0.0
1001 82.0
1002 213.0
1003 0.0
1004 203.0
1005 0.0
1006 0.0
1007 0.0
1008 251.0
1009 0.0
1010 183.0
1011 203.0
1012 268.0
1013 202.0
1014 251.0
1015 251.0
1016 229.0
1017 0.0
1018 0.0
1019 132.0
1020 524.0
1021 203.0
1022 325.0
1023 203.0
1024 251.0
1025 251.0
1026 0.0
1027 203.0
1028 203.0
1029 203.0
1030 241.0
1031 203.0
1032 251.0
1033 0.0
1034 251.0
1035 240.0
1036 0.0
1037 0.0
1038 87.0
1039 203.0
1040 251.0
1041 203.0
1042 231.0
1043 494.0
1044 342.0
1045 203.0
1046 203.0
1047 251.0
1048 203.0
1049 209.0
1050 0.0
1051 203.0
1052 251.0
1053 203.0
1054 0.0
1055 203.0
1056 0.0
1057 92.0
1058 71.0
1059 0.0
1060 251.0
1061 0.0
1062 322.0
1063 203.0
1064 0.0
1065 231.0
1066 0.0
1067 203.0
1068 241.0
1069 0.0
1070 0.0
1071 524.0
1072 0.0
1073 202.0
1074 203.0
1075 445.0
1076 11.0
1077 0.0
1078 251.0
1079 203.0
1080 251.0
1081 229.0
1082 204.0
1083 176.0
1084 0.0
1085 231.0
1086 203.0
1087 0.0
1088 0.0
1089 0.0
1090 0.0
1091 203.0
1092 0.0
1093 349.0
1094 203.0
1095 251.0
1096 203.0
1097 203.0
1098 203.0
1099 251.0
1100 229.0
1101 251.0
1102 199.0
1103 251.0
1104 203.0
1105 0.0
1106 191.0
1107 203.0
1108 251.0
1109 251.0
1110 203.0
1111 251.0
1112 251.0
1113 203.0
1114 251.0
1115 0.0
1116 73.0
1117 251.0
1118 203.0
1119 203.0
1120 0.0
1121 0.0
1122 524.0
1123 0.0
1124 251.0
1125 251.0
1126 251.0
1127 0.0
1128 0.0
1129 208.0
1130 203.0
1131 487.0
1132 0.0
1133 203.0
1134 10.0
1135 203.0
1136 203.0
1137 203.0
1138 0.0
1139 203.0
1140 0.0
1141 103.0
1142 203.0
1143 0.0
1144 203.0
1145 251.0
1146 434.0
1147 203.0
1148 0.0
1149 0.0
1150 251.0
1151 0.0
1152 203.0
1153 203.0
1154 203.0
1155 160.0
1156 0.0
1157 200.0
1158 203.0
1159 0.0
1160 203.0
1161 0.0
1162 0.0
1163 109.0
1164 320.0
1165 223.0
1166 44.0
1167 203.0
1168 203.0
1169 0.0
1170 0.0
1171 203.0
1172 0.0
1173 524.0
1174 251.0
1175 0.0
1176 251.0
1177 203.0
1178 61.0
1179 251.0
1180 0.0
1181 251.0
1182 174.0
1183 0.0
1184 442.0
1185 0.0
1186 203.0
1187 203.0
1188 251.0
1189 211.0
1190 176.0
1191 0.0
1192 151.0
1193 351.0
1194 145.0
1195 0.0
1196 331.0
1197 203.0
1198 251.0
1199 203.0
1200 203.0
1201 251.0
1202 319.0
1203 6.0
1204 61.0
1205 10.0
1206 204.0
1207 24.0
1208 203.0
1209 251.0
1210 203.0
1211 203.0
1212 0.0
1213 160.0
1214 203.0
1215 203.0
1216 203.0
1217 203.0
1218 251.0
1219 0.0
1220 0.0
1221 29.0
1222 0.0
1223 15.0
1224 524.0
1225 0.0
1226 189.0
1227 251.0
1228 203.0
1229 204.0
1230 0.0
1231 0.0
1232 251.0
1233 0.0
1234 297.0
1235 203.0
1236 134.0
1237 190.0
1238 251.0
1239 240.0
1240 0.0
1241 0.0
1242 0.0
1243 0.0
1244 203.0
1245 0.0
1246 315.0
1247 203.0
1248 291.0
1249 252.0
1250 203.0
1251 203.0
1252 220.0
1253 199.0
1254 0.0
1255 61.0
1256 251.0
1257 203.0
1258 0.0
1259 203.0
1260 203.0
1261 251.0
1262 0.0
1263 203.0
1264 251.0
1265 196.0
1266 203.0
1267 203.0
1268 0.0
1269 251.0
1270 0.0
1271 203.0
1272 251.0
1273 0.0
1274 0.0
1275 524.0
1276 369.0
1277 205.0
1278 251.0
1279 251.0
1280 203.0
1281 203.0
1282 0.0
1283 203.0
1284 203.0
1285 203.0
1286 319.0
1287 0.0
1288 203.0
1289 203.0
1290 203.0
1291 203.0
1292 0.0
1293 0.0
1294 186.0
1295 251.0
1296 168.0
1297 203.0
1298 251.0
1299 251.0
1300 490.0
1301 203.0
1302 0.0
1303 251.0
1304 0.0
1305 251.0
1306 61.0
1307 179.0
1308 186.0
1309 0.0
1310 61.0
1311 203.0
1312 204.0
1313 140.0
1314 201.0
1315 203.0
1316 203.0
1317 335.0
1318 251.0
1319 0.0
1320 203.0
1321 203.0
1322 0.0
1323 203.0
1324 0.0
1325 203.0
1326 524.0
1327 500.0
1328 87.0
1329 203.0
1330 203.0
1331 203.0
1332 203.0
1333 251.0
1334 191.0
1335 0.0
1336 51.0
1337 431.0
1338 88.0
1339 203.0
1340 475.0
1341 0.0
1342 203.0
1343 169.0
1344 0.0
1345 204.0
1346 425.0
1347 3.0
1348 302.0
1349 251.0
1350 223.0
1351 203.0
1352 61.0
1353 203.0
1354 251.0
1355 203.0
1356 0.0
1357 0.0
1358 203.0
1359 0.0
1360 0.0
1361 203.0
1362 0.0
1363 343.0
1364 0.0
1365 251.0
1366 203.0
1367 203.0
1368 251.0
1369 203.0
1370 0.0
1371 0.0
1372 251.0
1373 0.0
1374 203.0
1375 0.0
1376 119.0
1377 524.0
1378 204.0
1379 0.0
1380 251.0
1381 203.0
1382 128.0
1383 196.0
1384 251.0
1385 251.0
1386 0.0
1387 203.0
1388 203.0
1389 203.0
1390 0.0
1391 251.0
1392 203.0
1393 251.0
1394 182.0
1395 145.0
1396 203.0
1397 203.0
1398 0.0
1399 0.0
1400 251.0
1401 203.0
1402 337.0
1403 203.0
1404 0.0
1405 203.0
1406 251.0
1407 0.0
1408 61.0
1409 203.0
1410 203.0
1411 37.0
1412 318.0
1413 203.0
1414 203.0
1415 0.0
1416 0.0
1417 251.0
1418 67.0
1419 322.0
1420 251.0
1421 203.0
1422 203.0
1423 51.0
1424 251.0
1425 201.0
1426 0.0
1427 129.0
1428 524.0
1429 251.0
1430 251.0
1431 251.0
1432 218.0
1433 251.0
1434 203.0
1435 203.0
1436 251.0
1437 251.0
1438 78.0
1439 203.0
1440 251.0
1441 0.0
1442 203.0
1443 203.0
1444 217.0
1445 251.0
1446 1.0
1447 0.0
1448 305.0
1449 0.0
1450 0.0
1451 204.0
1452 203.0
1453 203.0
1454 203.0
1455 0.0
1456 0.0
1457 481.0
1458 203.0
1459 0.0
1460 222.0
1461 0.0
1462 0.0
1463 149.0
1464 203.0
1465 203.0
1466 0.0
1467 220.0
1468 252.0
1469 203.0
1470 203.0
1471 251.0
1472 203.0
1473 203.0
1474 203.0
1475 50.0
1476 251.0
1477 0.0
1478 0.0
1479 524.0
1480 422.0
1481 203.0
1482 241.0
1483 251.0
1484 203.0
1485 203.0
1486 251.0
1487 251.0
1488 203.0
1489 70.0
1490 203.0
1491 0.0
1492 147.0
1493 252.0
1494 0.0
1495 251.0
1496 0.0
1497 455.0
1498 329.0
1499 215.0
1500 241.0
1501 203.0
1502 490.0
1503 444.0
1504 203.0
1505 203.0
1506 0.0
1507 251.0
1508 204.0
1509 203.0
1510 61.0
1511 203.0
1512 0.0
1513 203.0
1514 203.0
1515 0.0
1516 246.0
1517 203.0
1518 0.0
1519 0.0
1520 203.0
1521 220.0
1522 203.0
1523 203.0
1524 203.0
1525 203.0
1526 0.0
1527 203.0
1528 0.0
1529 203.0
1530 524.0
1531 220.0
1532 0.0
1533 203.0
1534 313.0
1535 252.0
1536 203.0
1537 203.0
1538 251.0
1539 203.0
1540 203.0
1541 203.0
1542 180.0
1543 0.0
1544 251.0
1545 0.0
1546 129.0
1547 0.0
1548 0.0
1549 186.0
1550 301.0
1551 163.0
1552 203.0
1553 251.0
1554 434.0
1555 240.0
1556 203.0
1557 0.0
1558 251.0
1559 318.0
1560 29.0
1561 0.0
1562 203.0
1563 203.0
1564 0.0
1565 203.0
1566 61.0
1567 122.0
1568 61.0
1569 0.0
1570 456.0
1571 338.0
1572 238.0
1573 251.0
1574 0.0
1575 0.0
1576 0.0
1577 114.0
1578 1.0
1579 0.0
1580 17.0
1581 524.0
1582 251.0
1583 0.0
1584 251.0
1585 203.0
1586 203.0
1587 0.0
1588 203.0
1589 326.0
1590 0.0
1591 203.0
1592 204.0
1593 252.0
1594 198.0
1595 203.0
1596 224.0
1597 222.0
1598 0.0
1599 53.0
1600 251.0
1601 251.0
1602 0.0
1603 251.0
1604 203.0
1605 203.0
1606 251.0
1607 203.0
1608 0.0
1609 251.0
1610 251.0
1611 36.0
1612 0.0
1613 203.0
1614 203.0
1615 203.0
1616 203.0
1617 203.0
1618 251.0
1619 0.0
1620 251.0
1621 251.0
1622 186.0
1623 252.0
1624 203.0
1625 427.0
1626 196.0
1627 0.0
1628 203.0
1629 218.0
1630 0.0
1631 209.0
1632 524.0
1633 0.0
1634 145.0
1635 251.0
1636 251.0
1637 186.0
1638 0.0
1639 203.0
1640 203.0
1641 145.0
1642 73.0
1643 345.0
1644 186.0
1645 203.0
1646 370.0
1647 203.0
1648 0.0
1649 0.0
1650 1.0
1651 0.0
1652 251.0
1653 391.0
1654 365.0
1655 218.0
1656 529.0
1657 203.0
1658 203.0
1659 0.0
1660 251.0
1661 457.0
1662 203.0
1663 193.0
1664 251.0
1665 0.0
1666 31.0
1667 251.0
1668 181.0
1669 495.0
1670 203.0
1671 203.0
1672 111.0
1673 0.0
1674 203.0
1675 0.0
1676 43.0
1677 203.0
1678 203.0
1679 203.0
1680 237.0
1681 0.0
1682 203.0
1683 529.0
1684 178.0
1685 0.0
1686 203.0
1687 251.0
1688 168.0
1689 203.0
1690 17.0
1691 251.0
1692 203.0
1693 329.0
1694 251.0
1695 180.0
1696 204.0
1697 203.0
1698 203.0
1699 217.0
1700 0.0
1701 0.0
1702 202.0
1703 301.0
1704 8.0
1705 321.0
1706 203.0
1707 251.0
1708 203.0
1709 203.0
1710 0.0
1711 251.0
1712 204.0
1713 203.0
1714 0.0
1715 0.0
1716 203.0
1717 0.0
1718 203.0
1719 251.0
1720 203.0
1721 430.0
1722 28.0
1723 203.0
1724 204.0
1725 203.0
1726 203.0
1727 49.0
1728 0.0
1729 251.0
1730 0.0
1731 203.0
1732 0.0
1733 0.0
1734 529.0
1735 0.0
1736 0.0
1737 78.0
1738 203.0
1739 203.0
1740 39.0
1741 203.0
1742 251.0
1743 251.0
1744 315.0
1745 203.0
1746 203.0
1747 203.0
1748 373.0
1749 0.0
1750 251.0
1751 240.0
1752 5.0
1753 318.0
1754 203.0
1755 147.0
1756 210.0
1757 251.0
1758 291.0
1759 203.0
1760 203.0
1761 0.0
1762 203.0
1763 445.0
1764 251.0
1765 158.0
1766 203.0
1767 203.0
1768 0.0
1769 300.0
1770 61.0
1771 251.0
1772 20.0
1773 203.0
1774 251.0
1775 149.0
1776 465.0
1777 203.0
1778 176.0
1779 251.0
1780 0.0
1781 243.0
1782 0.0
1783 0.0
1784 0.0
1785 529.0
1786 0.0
1787 251.0
1788 203.0
1789 251.0
1790 186.0
1791 0.0
1792 203.0
1793 191.0
1794 203.0
1795 203.0
1796 204.0
1797 251.0
1798 0.0
1799 370.0
1800 0.0
1801 211.0
1802 327.0
1803 1.0
1804 0.0
1805 203.0
1806 467.0
1807 203.0
1808 0.0
1809 291.0
1810 203.0
1811 213.0
1812 0.0
1813 251.0
1814 203.0
1815 39.0
1816 0.0
1817 203.0
1818 0.0
1819 237.0
1820 251.0
1821 405.0
1822 251.0
1823 251.0
1824 201.0
1825 203.0
1826 203.0
1827 203.0
1828 0.0
1829 0.0
1830 251.0
1831 0.0
1832 203.0
1833 204.0
1834 0.0
1835 203.0
1836 529.0
1837 191.0
1838 0.0
1839 203.0
1840 312.0
1841 203.0
1842 203.0
1843 203.0
1844 191.0
1845 180.0
1846 0.0
1847 50.0
1848 0.0
1849 204.0
1850 291.0
1851 203.0
1852 203.0
1853 251.0
1854 145.0
1855 220.0
1856 251.0
1857 0.0
1858 203.0
1859 0.0
1860 251.0
1861 251.0
1862 203.0
1863 203.0
1864 251.0
1865 333.0
1866 251.0
1867 150.0
1868 0.0
1869 203.0
1870 0.0
1871 203.0
1872 203.0
1873 203.0
1874 251.0
1875 0.0
1876 0.0
1877 0.0
1878 203.0
1879 251.0
1880 3.0
1881 0.0
1882 370.0
1883 1.0
1884 204.0
1885 0.0
1886 0.0
1887 529.0
1888 365.0
1889 12.0
1890 203.0
1891 331.0
1892 203.0
1893 0.0
1894 203.0
1895 483.0
1896 0.0
1897 194.0
1898 203.0
1899 203.0
1900 323.0
1901 370.0
1902 203.0
1903 0.0
1904 326.0
1905 203.0
1906 0.0
1907 203.0
1908 144.0
1909 251.0
1910 488.0
1911 203.0
1912 494.0
1913 203.0
1914 203.0
1915 251.0
1916 473.0
1917 203.0
1918 315.0
1919 0.0
1920 203.0
1921 251.0
1922 208.0
1923 203.0
1924 450.0
1925 0.0
1926 321.0
1927 203.0
1928 325.0
1929 203.0
1930 251.0
1931 0.0
1932 198.0
1933 203.0
1934 0.0
1935 190.0
1936 0.0
1937 0.0
1938 529.0
1939 0.0
1940 0.0
1941 37.0
1942 251.0
1943 204.0
1944 0.0
1945 203.0
1946 203.0
1947 0.0
1948 63.0
1949 0.0
1950 0.0
1951 63.0
1952 425.0
1953 41.0
1954 0.0
1955 332.0
1956 1.0
1957 162.0
1958 333.0
1959 466.0
1960 203.0
1961 251.0
1962 203.0
1963 0.0
1964 217.0
1965 0.0
1966 251.0
1967 203.0
1968 251.0
1969 251.0
1970 0.0
1971 0.0
1972 0.0
1973 0.0
1974 61.0
1975 231.0
1976 0.0
1977 139.0
1978 252.0
1979 251.0
1980 286.0
1981 0.0
1982 203.0
1983 169.0
1984 490.0
1985 203.0
1986 0.0
1987 0.0
1988 344.0
1989 529.0
1990 178.0
1991 0.0
1992 203.0
1993 251.0
1994 203.0
1995 39.0
1996 203.0
1997 251.0
1998 0.0
1999 291.0
2000 251.0
2001 488.0
2002 209.0
2003 251.0
2004 41.0
2005 0.0
2006 0.0
2007 0.0
2008 0.0
2009 484.0
2010 0.0
2011 321.0
2012 203.0
2013 251.0
2014 251.0
2015 0.0
2016 0.0
2017 251.0
2018 322.0
2019 251.0
2020 0.0
2021 327.0
2022 16.0
2023 251.0
2024 203.0
2025 192.0
2026 203.0
2027 203.0
2028 0.0
2029 251.0
2030 10.0
2031 242.0
2032 204.0
2033 203.0
2034 251.0
2035 210.0
2036 0.0
2037 0.0
2038 0.0
2039 203.0
2040 529.0
2041 220.0
2042 0.0
2043 203.0
2044 309.0
2045 203.0
2046 0.0
2047 78.0
2048 191.0
2049 0.0
2050 39.0
2051 251.0
2052 296.0
2053 203.0
2054 251.0
2055 245.0
2056 0.0
2057 365.0
2058 0.0
2059 0.0
2060 203.0
2061 0.0
2062 324.0
2063 449.0
2064 251.0
2065 203.0
2066 203.0
2067 203.0
2068 251.0
2069 338.0
2070 491.0
2071 150.0
2072 98.0
2073 203.0
2074 0.0
2075 217.0
2076 61.0
2077 159.0
2078 251.0
2079 0.0
2080 203.0
2081 0.0
2082 422.0
2083 251.0
2084 21.0
2085 0.0
2086 210.0
2087 203.0
2088 0.0
2089 0.0
2090 203.0
2091 529.0
2092 0.0
2093 0.0
2094 127.0
2095 529.0
2096 204.0
2097 203.0
2098 203.0
2099 251.0
2100 251.0
2101 187.0
2102 0.0
2103 251.0
2104 203.0
2105 121.0
2106 203.0
2107 0.0
2108 335.0
2109 164.0
2110 507.0
2111 483.0
2112 0.0
2113 251.0
2114 372.0
2115 342.0
2116 203.0
2117 203.0
2118 203.0
2119 251.0
2120 251.0
2121 204.0
2122 0.0
2123 0.0
2124 169.0
2125 0.0
2126 203.0
2127 203.0
2128 203.0
2129 0.0
2130 0.0
2131 203.0
2132 203.0
2133 203.0
2134 251.0
2135 0.0
2136 413.0
2137 203.0
2138 0.0
2139 321.0
2140 0.0
2141 203.0
2142 529.0
2143 0.0
2144 0.0
2145 7.0
2146 251.0
2147 0.0
2148 0.0
2149 5.0
2150 251.0
2151 0.0
2152 191.0
2153 0.0
2154 176.0
2155 80.0
2156 203.0
2157 0.0
2158 0.0
2159 327.0
2160 0.0
2161 191.0
2162 203.0
2163 251.0
2164 251.0
2165 251.0
2166 203.0
2167 469.0
2168 203.0
2169 0.0
2170 251.0
2171 251.0
2172 471.0
2173 82.0
2174 203.0
2175 203.0
2176 0.0
2177 293.0
2178 192.0
2179 203.0
2180 488.0
2181 446.0
2182 251.0
2183 78.0
2184 242.0
2185 251.0
2186 203.0
2187 203.0
2188 0.0
2189 0.0
2190 0.0
2191 0.0
2192 203.0
2193 529.0
2194 0.0
2195 0.0
2196 39.0
2197 351.0
2198 203.0
2199 203.0
2200 203.0
2201 251.0
2202 0.0
2203 220.0
2204 0.0
2205 296.0
2206 203.0
2207 251.0
2208 203.0
2209 0.0
2210 278.0
2211 53.0
2212 114.0
2213 411.0
2214 203.0
2215 251.0
2216 450.0
2217 251.0
2218 203.0
2219 203.0
2220 203.0
2221 251.0
2222 203.0
2223 220.0
2224 82.0
2225 0.0
2226 203.0
2227 0.0
2228 206.0
2229 192.0
2230 242.0
2231 251.0
2232 0.0
2233 203.0
2234 100.0
2235 339.0
2236 203.0
2237 43.0
2238 0.0
2239 251.0
2240 0.0
2241 0.0
2242 0.0
2243 203.0
2244 529.0
2245 0.0
2246 251.0
2247 80.0
2248 251.0
2249 252.0
2250 251.0
2251 203.0
2252 231.0
2253 0.0
2254 39.0
2255 203.0
2256 455.0
2257 203.0
2258 251.0
2259 203.0
2260 222.0
2261 0.0
2262 12.0
2263 114.0
2264 251.0
2265 107.0
2266 203.0
2267 442.0
2268 467.0
2269 251.0
2270 251.0
2271 203.0
2272 251.0
2273 203.0
2274 251.0
2275 76.0
2276 203.0
2277 203.0
2278 0.0
2279 251.0
2280 203.0
2281 242.0
2282 203.0
2283 0.0
2284 459.0
2285 251.0
2286 325.0
2287 203.0
2288 2.0
2289 0.0
2290 0.0
2291 204.0
2292 217.0
2293 0.0
2294 32.0
2295 529.0
2296 0.0
2297 0.0
2298 203.0
2299 0.0
2300 204.0
2301 203.0
2302 203.0
2303 202.0
2304 251.0
2305 0.0
2306 203.0
2307 36.0
2308 203.0
2309 251.0
2310 0.0
2311 0.0
2312 0.0
2313 144.0
2314 0.0
2315 251.0
2316 0.0
2317 203.0
2318 0.0
2319 291.0
2320 203.0
2321 203.0
2322 0.0
2323 251.0
2324 203.0
2325 203.0
2326 202.0
2327 223.0
2328 196.0
2329 5.0
2330 512.0
2331 0.0
2332 251.0
2333 0.0
2334 0.0
2335 10.0
2336 251.0
2337 203.0
2338 203.0
2339 203.0
2340 203.0
2341 203.0
2342 0.0
2343 0.0
2344 203.0
2345 203.0
2346 529.0
2347 136.0
2348 0.0
2349 203.0
2350 251.0
2351 203.0
2352 251.0
2353 203.0
2354 292.0
2355 204.0
2356 251.0
2357 0.0
2358 251.0
2359 306.0
2360 370.0
2361 203.0
2362 0.0
2363 0.0
2364 53.0
2365 436.0
2366 203.0
2367 292.0
2368 359.0
2369 0.0
2370 251.0
2371 203.0
2372 203.0
2373 203.0
2374 203.0
2375 203.0
2376 251.0
2377 158.0
2378 251.0
2379 203.0
2380 12.0
2381 326.0
2382 203.0
2383 490.0
2384 467.0
2385 0.0
2386 203.0
2387 186.0
2388 203.0
2389 325.0
2390 202.0
2391 156.0
2392 0.0
2393 0.0
2394 0.0
2395 0.0
2396 203.0
2397 529.0
2398 0.0
2399 0.0
2400 203.0
2401 0.0
2402 203.0
2403 203.0
2404 203.0
2405 186.0
2406 203.0
2407 119.0
2408 203.0
2409 296.0
2410 203.0
2411 251.0
2412 0.0
2413 0.0
2414 335.0
2415 203.0
2416 203.0
2417 203.0
2418 0.0
2419 203.0
2420 0.0
2421 251.0
2422 251.0
2423 203.0
2424 0.0
2425 251.0
2426 0.0
2427 203.0
2428 11.0
2429 203.0
2430 203.0
2431 0.0
2432 170.0
2433 192.0
2434 251.0
2435 251.0
2436 0.0
2437 203.0
2438 203.0
2439 95.0
2440 0.0
2441 101.0
2442 0.0
2443 251.0
2444 203.0
2445 302.0
2446 0.0
2447 32.0
2448 529.0
2449 203.0
2450 251.0
2451 106.0
2452 0.0
2453 162.0
2454 0.0
2455 203.0
2456 203.0
2457 463.0
2458 0.0
2459 45.0
2460 313.0
2461 203.0
2462 476.0
2463 0.0
2464 0.0
2465 0.0
2466 0.0
2467 203.0
2468 316.0
2469 251.0
2470 203.0
2471 0.0
2472 342.0
2473 204.0
2474 240.0
2475 0.0
2476 251.0
2477 251.0
2478 322.0
2479 0.0
2480 251.0
2481 0.0
2482 251.0
2483 251.0
2484 169.0
2485 242.0
2486 0.0
2487 201.0
2488 0.0
2489 251.0
2490 61.0
2491 251.0
2492 28.0
2493 0.0
2494 251.0
2495 0.0
2496 0.0
2497 0.0
2498 422.0
2499 529.0
2500 0.0
2501 339.0
2502 0.0
2503 251.0
2504 172.0
2505 203.0
2506 203.0
2507 203.0
2508 204.0
2509 39.0
2510 0.0
2511 372.0
2512 203.0
2513 252.0
2514 203.0
2515 0.0
2516 0.0
2517 12.0
2518 251.0
2519 458.0
2520 0.0
2521 44.0
2522 203.0
2523 203.0
2524 488.0
2525 203.0
2526 203.0
2527 251.0
2528 337.0
2529 203.0
2530 0.0
2531 298.0
2532 204.0
2533 0.0
2534 203.0
2535 180.0
2536 333.0
2537 203.0
2538 5.0
2539 203.0
2540 0.0
2541 203.0
2542 203.0
2543 54.0
2544 251.0
2545 204.0
2546 0.0
2547 0.0
2548 0.0
2549 203.0
2550 529.0
2551 136.0
2552 0.0
2553 86.0
2554 251.0
2555 203.0
2556 203.0
2557 203.0
2558 439.0
2559 523.0
2560 0.0
2561 345.0
2562 203.0
2563 348.0
2564 231.0
2565 203.0
2566 0.0
2567 0.0
2568 164.0
2569 436.0
2570 483.0
2571 0.0
2572 203.0
2573 203.0
2574 291.0
2575 251.0
2576 0.0
2577 203.0
2578 359.0
2579 0.0
2580 322.0
2581 132.0
2582 203.0
2583 203.0
2584 203.0
2585 203.0
2586 180.0
2587 426.0
2588 251.0
2589 438.0
2590 203.0
2591 0.0
2592 203.0
2593 203.0
2594 101.0
2595 0.0
2596 490.0
2597 10.0
2598 0.0
2599 0.0
2600 406.0
2601 529.0
2602 205.0
2603 251.0
2604 90.0
2605 251.0
2606 322.0
2607 204.0
2608 203.0
2609 203.0
2610 203.0
2611 191.0
2612 203.0
2613 0.0
2614 203.0
2615 196.0
2616 203.0
2617 0.0
2618 0.0
2619 203.0
2620 203.0
2621 467.0
2622 0.0
2623 203.0
2624 203.0
2625 203.0
2626 203.0
2627 230.0
2628 0.0
2629 251.0
2630 203.0
2631 251.0
2632 115.0
2633 251.0
2634 203.0
2635 0.0
2636 203.0
2637 203.0
2638 203.0
2639 39.0
2640 82.0
2641 0.0
2642 74.0
2643 204.0
2644 203.0
2645 203.0
2646 144.0
2647 203.0
2648 0.0
2649 0.0
2650 61.0
2651 20.0
2652 529.0
2653 509.0
2654 113.0
2655 203.0
2656 0.0
2657 203.0
2658 203.0
2659 251.0
2660 251.0
2661 490.0
2662 45.0
2663 203.0
2664 203.0
2665 306.0
2666 231.0
2667 0.0
2668 0.0
2669 0.0
2670 0.0
2671 220.0
2672 467.0
2673 0.0
2674 203.0
2675 204.0
2676 203.0
2677 465.0
2678 203.0
2679 0.0
2680 330.0
2681 251.0
2682 251.0
2683 189.0
2684 203.0
2685 13.0
2686 251.0
2687 203.0
2688 110.0
2689 426.0
2690 41.0
2691 0.0
2692 231.0
2693 251.0
2694 203.0
2695 488.0
2696 49.0
2697 0.0
2698 203.0
2699 238.0
2700 0.0
2701 251.0
2702 160.0
2703 529.0
2704 0.0
2705 0.0
2706 87.0
2707 251.0
2708 292.0
2709 229.0
2710 203.0
2711 373.0
2712 465.0
2713 45.0
2714 251.0
2715 461.0
2716 306.0
2717 203.0
2718 0.0
2719 0.0
2720 0.0
2721 204.0
2722 436.0
2723 445.0
2724 0.0
2725 203.0
2726 251.0
2727 524.0
2728 251.0
2729 203.0
2730 203.0
2731 251.0
2732 204.0
2733 290.0
2734 94.0
2735 203.0
2736 0.0
2737 0.0
2738 299.0
2739 175.0
2740 203.0
2741 191.0
2742 411.0
2743 203.0
2744 203.0
2745 251.0
2746 203.0
2747 0.0
2748 0.0
2749 203.0
2750 0.0
2751 203.0
2752 203.0
2753 325.0
2754 529.0
2755 0.0
2756 203.0
2757 2.0
2758 203.0
2759 203.0
2760 204.0
2761 203.0
2762 456.0
2763 490.0
2764 191.0
2765 0.0
2766 337.0
2767 363.0
2768 373.0
2769 203.0
2770 0.0
2771 0.0
2772 1.0
2773 436.0
2774 458.0
2775 0.0
2776 203.0
2777 203.0
2778 222.0
2779 204.0
2780 203.0
2781 0.0
2782 203.0
2783 251.0
2784 251.0
2785 94.0
2786 203.0
2787 209.0
2788 0.0
2789 194.0
2790 192.0
2791 450.0
2792 203.0
2793 82.0
2794 0.0
2795 203.0
2796 204.0
2797 488.0
2798 203.0
2799 203.0
2800 203.0
2801 251.0
2802 217.0
2803 0.0
2804 400.0
2805 529.0
2806 203.0
2807 0.0
2808 66.0
2809 0.0
2810 223.0
2811 203.0
2812 251.0
2813 456.0
2814 204.0
2815 90.0
2816 0.0
2817 33.0
2818 203.0
2819 203.0
2820 251.0
2821 0.0
2822 0.0
2823 0.0
2824 203.0
2825 345.0
2826 0.0
2827 203.0
2828 204.0
2829 488.0
2830 196.0
2831 251.0
2832 50.0
2833 322.0
2834 251.0
2835 251.0
2836 11.0
2837 203.0
2838 203.0
2839 0.0
2840 203.0
2841 203.0
2842 371.0
2843 191.0
2844 201.0
2845 0.0
2846 0.0
2847 252.0
2848 291.0
2849 202.0
2850 203.0
2851 495.0
2852 251.0
2853 0.0
2854 190.0
2855 203.0
2856 529.0
2857 0.0
2858 0.0
2859 0.0
2860 218.0
2861 203.0
2862 196.0
2863 251.0
2864 203.0
2865 251.0
2866 39.0
2867 202.0
2868 319.0
2869 363.0
2870 196.0
2871 0.0
2872 0.0
2873 0.0
2874 0.0
2875 436.0
2876 488.0
2877 0.0
2878 291.0
2879 251.0
2880 203.0
2881 251.0
2882 203.0
2883 203.0
2884 251.0
2885 251.0
2886 322.0
2887 115.0
2888 203.0
2889 203.0
2890 0.0
2891 203.0
2892 192.0
2893 203.0
2894 180.0
2895 411.0
2896 203.0
2897 0.0
2898 251.0
2899 251.0
2900 22.0
2901 0.0
2902 251.0
2903 0.0
2904 167.0
2905 202.0
2906 203.0
2907 529.0
2908 0.0
2909 246.0
2910 231.0
2911 251.0
2912 251.0
2913 203.0
2914 203.0
2915 493.0
2916 355.0
2917 302.0
2918 0.0
2919 204.0
2920 306.0
2921 178.0
2922 72.0
2923 0.0
2924 0.0
2925 1.0
2926 139.0
2927 467.0
2928 358.0
2929 203.0
2930 484.0
2931 291.0
2932 0.0
2933 120.0
2934 0.0
2935 359.0
2936 34.0
2937 251.0
2938 158.0
2939 203.0
2940 203.0
2941 0.0
2942 324.0
2943 203.0
2944 251.0
2945 203.0
2946 0.0
2947 0.0
2948 117.0
2949 203.0
2950 251.0
2951 180.0
2952 203.0
2953 203.0
2954 1.0
2955 203.0
2956 251.0
2957 203.0
2958 529.0
2959 0.0
2960 0.0
2961 203.0
2962 515.0
2963 203.0
2964 196.0
2965 203.0
2966 203.0
2967 0.0
2968 137.0
2969 0.0
2970 231.0
2971 322.0
2972 203.0
2973 203.0
2974 0.0
2975 250.0
2976 78.0
2977 203.0
2978 488.0
2979 204.0
2980 251.0
2981 204.0
2982 488.0
2983 330.0
2984 251.0
2985 0.0
2986 0.0
2987 251.0
2988 251.0
2989 0.0
2990 538.0
2991 203.0
2992 0.0
2993 292.0
2994 162.0
2995 251.0
2996 203.0
2997 9.0
2998 0.0
2999 161.0
3000 203.0
3001 251.0
3002 202.0
3003 452.0
3004 203.0
3005 0.0
3006 251.0
3007 0.0
3008 203.0
3009 538.0
3010 0.0
3011 0.0
3012 106.0
3013 203.0
3014 223.0
3015 203.0
3016 203.0
3017 251.0
3018 251.0
3019 39.0
3020 203.0
3021 0.0
3022 204.0
3023 203.0
3024 203.0
3025 0.0
3026 0.0
3027 1.0
3028 162.0
3029 251.0
3030 0.0
3031 286.0
3032 203.0
3033 251.0
3034 251.0
3035 203.0
3036 251.0
3037 0.0
3038 251.0
3039 203.0
3040 115.0
3041 203.0
3042 209.0
3043 0.0
3044 424.0
3045 192.0
3046 313.0
3047 203.0
3048 0.0
3049 251.0
3050 74.0
3051 203.0
3052 251.0
3053 44.0
3054 231.0
3055 495.0
3056 0.0
3057 0.0
3058 251.0
3059 0.0
3060 538.0
3061 141.0
3062 251.0
3063 66.0
3064 203.0
3065 203.0
3066 203.0
3067 0.0
3068 251.0
3069 251.0
3070 302.0
3071 187.0
3072 0.0
3073 6.0
3074 169.0
3075 39.0
3076 0.0
3077 0.0
3078 1.0
3079 139.0
3080 291.0
3081 0.0
3082 244.0
3083 23.0
3084 203.0
3085 251.0
3086 203.0
3087 0.0
3088 251.0
3089 251.0
3090 251.0
3091 77.0
3092 251.0
3093 203.0
3094 203.0
3095 424.0
3096 174.0
3097 203.0
3098 203.0
3099 0.0
3100 203.0
3101 247.0
3102 203.0
3103 251.0
3104 203.0
3105 242.0
3106 251.0
3107 0.0
3108 459.0
3109 251.0
3110 32.0
3111 538.0
3112 203.0
3113 0.0
3114 0.0
3115 251.0
3116 292.0
3117 251.0
3118 252.0
3119 503.0
3120 335.0
3121 452.0
3122 204.0
3123 458.0
3124 203.0
3125 203.0
3126 203.0
3127 0.0
3128 0.0
3129 203.0
3130 0.0
3131 251.0
3132 0.0
3133 292.0
3134 203.0
3135 203.0
3136 203.0
3137 203.0
3138 0.0
3139 251.0
3140 0.0
3141 549.0
3142 112.0
3143 203.0
3144 203.0
3145 20.0
3146 462.0
3147 203.0
3148 355.0
3149 251.0
3150 0.0
3151 0.0
3152 0.0
3153 317.0
3154 251.0
3155 203.0
3156 251.0
3157 203.0
3158 203.0
3159 203.0
3160 0.0
3161 203.0
3162 549.0
3163 0.0
3164 0.0
3165 0.0
3166 0.0
3167 251.0
3168 251.0
3169 251.0
3170 465.0
3171 0.0
3172 63.0
3173 203.0
3174 53.0
3175 203.0
3176 251.0
3177 203.0
3178 0.0
3179 0.0
3180 2.0
3181 203.0
3182 311.0
3183 0.0
3184 251.0
3185 463.0
3186 203.0
3187 203.0
3188 251.0
3189 251.0
3190 135.0
3191 251.0
3192 203.0
3193 185.0
3194 203.0
3195 203.0
3196 0.0
3197 191.0
3198 192.0
3199 242.0
3200 331.0
3201 82.0
3202 203.0
3203 132.0
3204 203.0
3205 251.0
3206 251.0
3207 203.0
3208 351.0
3209 0.0
3210 203.0
3211 0.0
3212 203.0
3213 549.0
3214 0.0
3215 0.0
3216 148.0
3217 0.0
3218 203.0
3219 203.0
3220 252.0
3221 251.0
3222 0.0
3223 192.0
3224 203.0
3225 41.0
3226 251.0
3227 407.0
3228 0.0
3229 0.0
3230 0.0
3231 203.0
3232 428.0
3233 332.0
3234 204.0
3235 203.0
3236 0.0
3237 203.0
3238 490.0
3239 0.0
3240 0.0
3241 181.0
3242 203.0
3243 251.0
3244 24.0
3245 549.0
3246 203.0
3247 152.0
3248 251.0
3249 0.0
3250 203.0
3251 218.0
3252 319.0
3253 203.0
3254 129.0
3255 63.0
3256 203.0
3257 0.0
3258 345.0
3259 203.0
3260 1.0
3261 203.0
3262 251.0
3263 32.0
3264 549.0
3265 203.0
3266 0.0
3267 83.0
3268 251.0
3269 203.0
3270 251.0
3271 251.0
3272 297.0
3273 552.0
3274 196.0
3275 251.0
3276 204.0
3277 203.0
3278 203.0
3279 0.0
3280 0.0
3281 0.0
3282 203.0
3283 139.0
3284 291.0
3285 0.0
3286 203.0
3287 0.0
3288 441.0
3289 203.0
3290 203.0
3291 203.0
3292 203.0
3293 327.0
3294 251.0
3295 0.0
3296 251.0
3297 359.0
3298 0.0
3299 512.0
3300 191.0
3301 251.0
3302 251.0
3303 0.0
3304 0.0
3305 0.0
3306 203.0
3307 203.0
3308 203.0
3309 220.0
3310 251.0
3311 0.0
3312 251.0
3313 68.0
3314 203.0
3315 552.0
3316 51.0
3317 246.0
3318 172.0
3319 251.0
3320 0.0
3321 0.0
3322 345.0
3323 349.0
3324 157.0
3325 141.0
3326 203.0
3327 0.0
3328 207.0
3329 251.0
3330 141.0
3331 0.0
3332 75.0
3333 203.0
3334 97.0
3335 0.0
3336 0.0
3337 88.0
3338 306.0
3339 251.0
3340 0.0
3341 0.0
3342 0.0
3343 0.0
3344 136.0
3345 292.0
3346 80.0
3347 203.0
3348 203.0
3349 0.0
3350 137.0
3351 252.0
3352 203.0
3353 0.0
3354 0.0
3355 251.0
3356 0.0
3357 0.0
3358 0.0
3359 225.0
3360 207.0
3361 328.0
3362 203.0
3363 203.0
3364 0.0
3365 122.0
3366 552.0
3367 0.0
3368 0.0
3369 428.0
3370 0.0
3371 251.0
3372 203.0
3373 0.0
3374 201.0
3375 251.0
3376 180.0
3377 348.0
3378 72.0
3379 0.0
3380 0.0
3381 203.0
3382 0.0
3383 0.0
3384 149.0
3385 139.0
3386 203.0
3387 373.0
3388 180.0
3389 203.0
3390 0.0
3391 175.0
3392 203.0
3393 0.0
3394 0.0
3395 141.0
3396 315.0
3397 149.0
3398 0.0
3399 203.0
3400 203.0
3401 173.0
3402 0.0
3403 232.0
3404 207.0
3405 82.0
3406 0.0
3407 0.0
3408 0.0
3409 251.0
3410 0.0
3411 0.0
3412 499.0
3413 201.0
3414 0.0
3415 0.0
3416 208.0
3417 552.0
3418 4.0
3419 0.0
3420 138.0
3421 0.0
3422 0.0
3423 203.0
3424 0.0
3425 187.0
3426 0.0
3427 0.0
3428 61.0
3429 0.0
3430 203.0
3431 0.0
3432 0.0
3433 0.0
3434 329.0
3435 0.0
3436 139.0
3437 433.0
3438 0.0
3439 203.0
3440 141.0
3441 471.0
3442 0.0
3443 0.0
3444 0.0
3445 203.0
3446 203.0
3447 473.0
3448 251.0
3449 0.0
3450 203.0
3451 203.0
3452 251.0
3453 52.0
3454 0.0
3455 0.0
3456 240.0
3457 209.0
3458 48.0
3459 251.0
3460 333.0
3461 251.0
3462 136.0
3463 219.0
3464 14.0
3465 0.0
3466 136.0
3467 136.0
3468 552.0
3469 0.0
3470 0.0
3471 0.0
3472 203.0
3473 0.0
3474 0.0
3475 0.0
3476 207.0
3477 203.0
3478 99.0
3479 0.0
3480 170.0
3481 222.0
3482 0.0
3483 125.0
3484 0.0
3485 0.0
3486 94.0
3487 165.0
3488 0.0
3489 0.0
3490 136.0
3491 365.0
3492 251.0
3493 0.0
3494 0.0
3495 0.0
3496 0.0
3497 0.0
3498 203.0
3499 0.0
3500 203.0
3501 203.0
3502 0.0
3503 173.0
3504 28.0
3505 175.0
3506 0.0
3507 0.0
3508 203.0
3509 204.0
3510 0.0
3511 36.0
3512 203.0
3513 0.0
3514 209.0
3515 203.0
3516 0.0
3517 0.0
3518 203.0
3519 552.0
3520 493.0
3521 81.0
3522 196.0
3523 319.0
3524 0.0
3525 0.0
3526 0.0
3527 251.0
3528 0.0
3529 242.0
3530 207.0
3531 148.0
3532 422.0
3533 0.0
3534 0.0
3535 0.0
3536 0.0
3537 149.0
3538 139.0
3539 141.0
3540 371.0
3541 0.0
3542 0.0
3543 0.0
3544 0.0
3545 196.0
3546 0.0
3547 61.0
3548 170.0
3549 0.0
3550 82.0
3551 0.0
3552 202.0
3553 203.0
3554 0.0
3555 0.0
3556 0.0
3557 208.0
3558 0.0
3559 0.0
3560 203.0
3561 0.0
3562 0.0
3563 0.0
3564 470.0
3565 170.0
3566 203.0
3567 175.0
3568 0.0
3569 0.0
3570 0.0
3571 180.0
3572 0.0
3573 0.0
3574 0.0
3575 169.0
3576 252.0
3577 203.0
3578 240.0
3579 0.0
3580 180.0
3581 207.0
3582 0.0
3583 207.0
3584 136.0
3585 190.0
3586 0.0
3587 0.0
3588 204.0
3589 51.0
3590 0.0
3591 336.0
3592 135.0
3593 0.0
3594 463.0
3595 0.0
3596 106.0
3597 0.0
3598 39.0
3599 196.0
3600 251.0
3601 79.0
3602 0.0
3603 220.0
3604 0.0
3605 0.0
3606 115.0
3607 0.0
3608 364.0
3609 0.0
3610 0.0
3611 0.0
3612 251.0
3613 251.0
3614 13.0
3615 179.0
3616 141.0
3617 0.0
3618 0.0
3619 206.0
3620 204.0
3621 552.0
3622 0.0
3623 242.0
3624 0.0
3625 0.0
3626 371.0
3627 202.0
3628 147.0
3629 297.0
3630 0.0
3631 0.0
3632 0.0
3633 170.0
3634 185.0
3635 0.0
3636 0.0
3637 0.0
3638 0.0
3639 203.0
3640 94.0
3641 203.0
3642 0.0
3643 290.0
3644 157.0
3645 251.0
3646 220.0
3647 0.0
3648 0.0
3649 0.0
3650 179.0
3651 337.0
3652 203.0
3653 209.0
3654 203.0
3655 0.0
3656 203.0
3657 170.0
3658 184.0
3659 0.0
3660 180.0
3661 0.0
3662 204.0
3663 251.0
3664 0.0
3665 0.0
3666 202.0
3667 496.0
3668 74.0
3669 0.0
3670 0.0
3671 0.0
3672 552.0
3673 0.0
3674 203.0
3675 0.0
3676 0.0
3677 61.0
3678 203.0
3679 275.0
3680 182.0
3681 251.0
3682 361.0
3683 203.0
3684 0.0
3685 251.0
3686 0.0
3687 0.0
3688 0.0
3689 207.0
3690 3.0
3691 186.0
3692 468.0
3693 0.0
3694 346.0
3695 0.0
3696 370.0
3697 203.0
3698 0.0
3699 0.0
3700 0.0
3701 466.0
3702 157.0
3703 0.0
3704 61.0
3705 0.0
3706 482.0
3707 203.0
3708 45.0
3709 0.0
3710 207.0
3711 0.0
3712 203.0
3713 0.0
3714 0.0
3715 0.0
3716 0.0
3717 0.0
3718 203.0
3719 0.0
3720 136.0
3721 0.0
3722 0.0
3723 552.0
3724 410.0
3725 0.0
3726 305.0
3727 203.0
3728 148.0
3729 189.0
3730 203.0
3731 203.0
3732 207.0
3733 127.0
3734 203.0
3735 0.0
3736 73.0
3737 0.0
3738 203.0
3739 0.0
3740 0.0
3741 136.0
3742 84.0
3743 61.0
3744 209.0
3745 251.0
3746 0.0
3747 0.0
3748 187.0
3749 30.0
3750 0.0
3751 0.0
3752 203.0
3753 157.0
3754 20.0
3755 0.0
3756 202.0
3757 251.0
3758 0.0
3759 203.0
3760 251.0
3761 486.0
3762 0.0
3763 0.0
3764 0.0
3765 203.0
3766 529.0
3767 105.0
3768 158.0
3769 203.0
3770 203.0
3771 7.0
3772 65.0
3773 11.0
3774 552.0
3775 207.0
3776 203.0
3777 0.0
3778 119.0
3779 354.0
3780 0.0
3781 136.0
3782 0.0
3783 93.0
3784 356.0
3785 136.0
3786 141.0
3787 61.0
3788 29.0
3789 203.0
3790 0.0
3791 226.0
3792 203.0
3793 221.0
3794 0.0
3795 0.0
3796 238.0
3797 157.0
3798 0.0
3799 203.0
3800 203.0
3801 0.0
3802 39.0
3803 136.0
3804 203.0
3805 344.0
3806 207.0
3807 203.0
3808 260.0
3809 203.0
3810 153.0
3811 203.0
3812 0.0
3813 82.0
3814 388.0
3815 129.0
3816 203.0
3817 251.0
3818 0.0
3819 0.0
3820 209.0
3821 241.0
3822 0.0
3823 0.0
3824 203.0
3825 552.0
3826 0.0
3827 204.0
3828 0.0
3829 317.0
3830 0.0
3831 0.0
3832 188.0
3833 0.0
3834 247.0
3835 0.0
3836 0.0
3837 196.0
3838 203.0
3839 0.0
3840 0.0
3841 0.0
3842 74.0
3843 203.0
3844 132.0
3845 0.0
3846 144.0
3847 0.0
3848 196.0
3849 251.0
3850 468.0
3851 19.0
3852 0.0
3853 61.0
3854 0.0
3855 0.0
3856 39.0
3857 0.0
3858 203.0
3859 146.0
3860 37.0
3861 44.0
3862 144.0
3863 0.0
3864 0.0
3865 0.0
3866 203.0
3867 0.0
3868 61.0
3869 105.0
3870 0.0
3871 0.0
3872 0.0
3873 203.0
3874 0.0
3875 194.0
3876 552.0
3877 0.0
3878 0.0
3879 0.0
3880 0.0
3881 207.0
3882 209.0
3883 351.0
3884 162.0
3885 207.0
3886 0.0
3887 203.0
3888 149.0
3889 290.0
3890 0.0
3891 0.0
3892 0.0
3893 0.0
3894 203.0
3895 0.0
3896 0.0
3897 97.0
3898 0.0
3899 0.0
3900 180.0
3901 251.0
3902 0.0
3903 0.0
3904 0.0
3905 251.0
3906 0.0
3907 0.0
3908 0.0
3909 0.0
3910 203.0
3911 0.0
3912 0.0
3913 0.0
3914 110.0
3915 0.0
3916 0.0
3917 136.0
3918 203.0
3919 170.0
3920 0.0
3921 332.0
3922 348.0
3923 202.0
3924 333.0
3925 0.0
3926 341.0
3927 552.0
3928 0.0
3929 209.0
3930 0.0
3931 0.0
3932 207.0
3933 0.0
3934 0.0
3935 0.0
3936 0.0
3937 0.0
3938 275.0
3939 146.0
3940 207.0
3941 190.0
3942 203.0
3943 0.0
3944 143.0
3945 232.0
3946 39.0
3947 57.0
3948 220.0
3949 0.0
3950 0.0
3951 397.0
3952 457.0
3953 0.0
3954 0.0
3955 0.0
3956 251.0
3957 157.0
3958 119.0
3959 203.0
3960 203.0
3961 132.0
3962 2.0
3963 0.0
3964 51.0
3965 0.0
3966 0.0
3967 0.0
3968 53.0
3969 203.0
3970 252.0
3971 0.0
3972 0.0
3973 332.0
3974 80.0
3975 173.0
3976 0.0
3977 0.0
3978 552.0
3979 0.0
3980 204.0
3981 0.0
3982 0.0
3983 518.0
3984 182.0
3985 196.0
3986 0.0
3987 0.0
3988 356.0
3989 16.0
3990 141.0
3991 178.0
3992 0.0
3993 0.0
3994 0.0
3995 75.0
3996 318.0
3997 426.0
3998 251.0
3999 251.0
4000 74.0
4001 0.0
4002 0.0
4003 332.0
4004 0.0
4005 0.0
4006 251.0
4007 157.0
4008 0.0
4009 0.0
4010 157.0
4011 204.0
4012 0.0
4013 372.0
4014 251.0
4015 0.0
4016 0.0
4017 63.0
4018 203.0
4019 203.0
4020 0.0
4021 180.0
4022 0.0
4023 251.0
4024 252.0
4025 92.0
4026 136.0
4027 0.0
4028 0.0
4029 552.0
4030 0.0
4031 0.0
4032 77.0
4033 67.0
4034 229.0
4035 203.0
4036 203.0
4037 0.0
4038 157.0
4039 0.0
4040 293.0
4041 163.0
4042 185.0
4043 0.0
4044 0.0
4045 0.0
4046 220.0
4047 526.0
4048 203.0
4049 247.0
4050 0.0
4051 0.0
4052 0.0
4053 174.0
4054 235.0
4055 0.0
4056 0.0
4057 144.0
4058 207.0
4059 0.0
4060 0.0
4061 141.0
4062 529.0
4063 0.0
4064 208.0
4065 251.0
4066 0.0
4067 0.0
4068 0.0
4069 0.0
4070 95.0
4071 203.0
4072 552.0
4073 0.0
4074 0.0
4075 143.0
4076 0.0
4077 203.0
4078 0.0
4079 203.0
4080 552.0
4081 0.0
4082 0.0
4083 0.0
4084 226.0
4085 0.0
4086 203.0
4087 44.0
4088 0.0
4089 141.0
4090 0.0
4091 0.0
4092 147.0
4093 61.0
4094 203.0
4095 0.0
4096 0.0
4097 0.0
4098 80.0
4099 61.0
4100 0.0
4101 157.0
4102 0.0
4103 0.0
4104 170.0
4105 0.0
4106 0.0
4107 0.0
4108 214.0
4109 0.0
4110 342.0
4111 0.0
4112 0.0
4113 0.0
4114 0.0
4115 220.0
4116 0.0
4117 0.0
4118 0.0
4119 332.0
4120 170.0
4121 0.0
4122 72.0
4123 0.0
4124 0.0
4125 311.0
4126 0.0
4127 0.0
4128 203.0
4129 247.0
4130 0.0
4131 552.0
4132 0.0
4133 203.0
4134 306.0
4135 203.0
4136 0.0
4137 203.0
4138 173.0
4139 280.0
4140 203.0
4141 157.0
4142 203.0
4143 0.0
4144 295.0
4145 204.0
4146 163.0
4147 0.0
4148 180.0
4149 209.0
4150 209.0
4151 0.0
4152 335.0
4153 251.0
4154 0.0
4155 0.0
4156 0.0
4157 203.0
4158 94.0
4159 0.0
4160 251.0
4161 157.0
4162 348.0
4163 0.0
4164 202.0
4165 315.0
4166 0.0
4167 0.0
4168 303.0
4169 0.0
4170 0.0
4171 251.0
4172 328.0
4173 0.0
4174 247.0
4175 0.0
4176 0.0
4177 0.0
4178 71.0
4179 203.0
4180 0.0
4181 251.0
4182 552.0
4183 209.0
4184 203.0
4185 244.0
4186 251.0
4187 334.0
4188 295.0
4189 204.0
4190 0.0
4191 251.0
4192 0.0
4193 201.0
4194 354.0
4195 203.0
4196 0.0
4197 0.0
4198 0.0
4199 101.0
4200 184.0
4201 551.0
4202 215.0
4203 0.0
4204 207.0
4205 0.0
4206 0.0
4207 251.0
4208 203.0
4209 0.0
4210 251.0
4211 0.0
4212 0.0
4213 245.0
4214 207.0
4215 204.0
4216 141.0
4217 203.0
4218 163.0
4219 0.0
4220 0.0
4221 251.0
4222 0.0
4223 0.0
4224 132.0
4225 552.0
4226 202.0
4227 0.0
4228 331.0
4229 144.0
4230 166.0
4231 0.0
4232 0.0
4233 552.0
4234 157.0
4235 0.0
4236 181.0
4237 0.0
4238 210.0
4239 0.0
4240 284.0
4241 38.0
4242 141.0
4243 244.0
4244 0.0
4245 148.0
4246 251.0
4247 272.0
4248 247.0
4249 0.0
4250 479.0
4251 0.0
4252 180.0
4253 0.0
4254 0.0
4255 0.0
4256 0.0
4257 170.0
4258 0.0
4259 203.0
4260 0.0
4261 251.0
4262 207.0
4263 0.0
4264 348.0
4265 207.0
4266 0.0
4267 0.0
4268 203.0
4269 170.0
4270 0.0
4271 157.0
4272 0.0
4273 0.0
4274 0.0
4275 203.0
4276 0.0
4277 0.0
4278 0.0
4279 143.0
4280 0.0
4281 0.0
4282 0.0
4283 384.0
4284 552.0
4285 0.0
4286 0.0
4287 78.0
4288 170.0
4289 471.0
4290 58.0
4291 0.0
4292 68.0
4293 0.0
4294 0.0
4295 136.0
4296 0.0
4297 257.0
4298 380.0
4299 0.0
4300 0.0
4301 0.0
4302 209.0
4303 180.0
4304 157.0
4305 0.0
4306 278.0
4307 0.0
4308 0.0
4309 0.0
4310 203.0
4311 0.0
4312 0.0
4313 0.0
4314 61.0
4315 352.0
4316 0.0
4317 204.0
4318 0.0
4319 203.0
4320 0.0
4321 286.0
4322 181.0
4323 0.0
4324 0.0
4325 102.0
4326 484.0
4327 0.0
4328 0.0
4329 0.0
4330 0.0
4331 199.0
4332 96.0
4333 0.0
4334 0.0
4335 552.0
4336 141.0
4337 0.0
4338 78.0
4339 220.0
4340 330.0
4341 187.0
4342 0.0
4343 292.0
4344 61.0
4345 251.0
4346 209.0
4347 0.0
4348 203.0
4349 0.0
4350 203.0
4351 0.0
4352 251.0
4353 0.0
4354 174.0
4355 251.0
4356 0.0
4357 0.0
4358 0.0
4359 0.0
4360 207.0
4361 240.0
4362 0.0
4363 203.0
4364 251.0
4365 467.0
4366 132.0
4367 0.0
4368 203.0
4369 8.0
4370 234.0
4371 8.0
4372 0.0
4373 0.0
4374 0.0
4375 204.0
4376 0.0
4377 375.0
4378 0.0
4379 0.0
4380 225.0
4381 251.0
4382 0.0
4383 61.0
4384 0.0
4385 309.0
4386 552.0
4387 0.0
4388 0.0
4389 35.0
4390 185.0
4391 252.0
4392 164.0
4393 196.0
4394 117.0
4395 0.0
4396 46.0
4397 251.0
4398 141.0
4399 0.0
4400 454.0
4401 203.0
4402 0.0
4403 79.0
4404 315.0
4405 316.0
4406 0.0
4407 61.0
4408 0.0
4409 0.0
4410 170.0
4411 0.0
4412 308.0
4413 0.0
4414 0.0
4415 207.0
4416 0.0
4417 0.0
4418 251.0
4419 0.0
4420 203.0
4421 203.0
4422 0.0
4423 251.0
4424 0.0
4425 0.0
4426 203.0
4427 63.0
4428 444.0
4429 0.0
4430 0.0
4431 0.0
4432 143.0
4433 0.0
4434 0.0
4435 5.0
4436 0.0
4437 552.0
4438 0.0
4439 0.0
4440 78.0
4441 0.0
4442 371.0
4443 0.0
4444 201.0
4445 508.0
4446 190.0
4447 0.0
4448 170.0
4449 3.0
4450 207.0
4451 251.0
4452 251.0
4453 0.0
4454 203.0
4455 0.0
4456 0.0
4457 203.0
4458 143.0
4459 0.0
4460 0.0
4461 252.0
4462 203.0
4463 0.0
4464 0.0
4465 0.0
4466 0.0
4467 61.0
4468 0.0
4469 157.0
4470 322.0
4471 0.0
4472 208.0
4473 0.0
4474 0.0
4475 110.0
4476 0.0
4477 0.0
4478 0.0
4479 464.0
4480 0.0
4481 105.0
4482 141.0
4483 0.0
4484 0.0
4485 0.0
4486 0.0
4487 328.0
4488 552.0
4489 0.0
4490 0.0
4491 333.0
4492 0.0
4493 795.0
4494 251.0
4495 203.0
4496 6.0
4497 0.0
4498 0.0
4499 157.0
4500 0.0
4501 203.0
4502 0.0
4503 0.0
4504 0.0
4505 202.0
4506 0.0
4507 0.0
4508 0.0
4509 0.0
4510 0.0
4511 0.0
4512 203.0
4513 181.0
4514 314.0
4515 0.0
4516 0.0
4517 0.0
4518 179.0
4519 0.0
4520 0.0
4521 34.0
4522 242.0
4523 0.0
4524 157.0
4525 0.0
4526 0.0
4527 0.0
4528 175.0
4529 0.0
4530 201.0
4531 251.0
4532 203.0
4533 0.0
4534 209.0
4535 0.0
4536 0.0
4537 0.0
4538 251.0
4539 795.0
4540 207.0
4541 175.0
4542 169.0
4543 251.0
4544 220.0
4545 802.0
4546 169.0
4547 0.0
4548 331.0
4549 203.0
4550 324.0
4551 0.0
4552 0.0
4553 0.0
4554 180.0
4555 0.0
4556 0.0
4557 184.0
4558 466.0
4559 180.0
4560 184.0
4561 184.0
4562 323.0
4563 145.0
4564 181.0
4565 203.0
4566 0.0
4567 201.0
4568 196.0
4569 0.0
4570 132.0
4571 0.0
4572 320.0
4573 0.0
4574 203.0
4575 251.0
4576 251.0
4577 181.0
4578 0.0
4579 179.0
4580 172.0
4581 203.0
4582 184.0
4583 0.0
4584 0.0
4585 169.0
4586 203.0
4587 454.0
4588 0.0
4589 161.0
4590 802.0
4591 0.0
4592 0.0
4593 309.0
4594 0.0
4595 564.0
4596 310.0
4597 177.0
4598 38.0
4599 244.0
4600 203.0
4601 478.0
4602 203.0
4603 0.0
4604 334.0
4605 0.0
4606 0.0
4607 318.0
4608 337.0
4609 347.0
4610 0.0
4611 433.0
4612 284.0
4613 0.0
4614 148.0
4615 251.0
4616 40.0
4617 0.0
4618 0.0
4619 0.0
4620 328.0
4621 43.0
4622 0.0
4623 0.0
4624 180.0
4625 220.0
4626 0.0
4627 203.0
4628 110.0
4629 0.0
4630 0.0
4631 0.0
4632 90.0
4633 0.0
4634 203.0
4635 420.0
4636 0.0
4637 0.0
4638 224.0
4639 0.0
4640 458.0
4641 802.0
4642 204.0
4643 0.0
4644 308.0
4645 479.0
4646 142.0
4647 0.0
4648 171.0
4649 0.0
4650 0.0
4651 0.0
4652 340.0
4653 184.0
4654 0.0
4655 204.0
4656 0.0
4657 0.0
4658 177.0
4659 0.0
4660 0.0
4661 203.0
4662 0.0
4663 0.0
4664 0.0
4665 0.0
4666 0.0
4667 0.0
4668 0.0
4669 0.0
4670 0.0
4671 194.0
4672 116.0
4673 208.0
4674 0.0
4675 248.0
4676 0.0
4677 0.0
4678 78.0
4679 0.0
4680 0.0
4681 0.0
4682 0.0
4683 159.0
4684 310.0
4685 203.0
4686 0.0
4687 209.0
4688 0.0
4689 333.0
4690 0.0
4691 180.0
4692 802.0
4693 157.0
4694 0.0
4695 326.0
4696 0.0
4697 304.0
4698 0.0
4699 204.0
4700 0.0
4701 0.0
4702 0.0
4703 413.0
4704 203.0
4705 0.0
4706 189.0
4707 184.0
4708 0.0
4709 0.0
4710 0.0
4711 317.0
4712 179.0
4713 0.0
4714 0.0
4715 0.0
4716 184.0
4717 359.0
4718 453.0
4719 0.0
4720 0.0
4721 157.0
4722 207.0
4723 82.0
4724 0.0
4725 0.0
4726 0.0
4727 0.0
4728 0.0
4729 0.0
4730 0.0
4731 0.0
4732 244.0
4733 379.0
4734 203.0
4735 321.0
4736 203.0
4737 203.0
4738 474.0
4739 0.0
4740 0.0
4741 201.0
4742 184.0
4743 802.0
4744 0.0
4745 203.0
4746 308.0
4747 203.0
4748 186.0
4749 564.0
4750 247.0
4751 133.0
4752 189.0
4753 0.0
4754 0.0
4755 0.0
4756 0.0
4757 203.0
4758 203.0
4759 0.0
4760 177.0
4761 331.0
4762 555.0
4763 0.0
4764 0.0
4765 297.0
4766 0.0
4767 0.0
4768 0.0
4769 203.0
4770 0.0
4771 0.0
4772 0.0
4773 0.0
4774 495.0
4775 0.0
4776 0.0
4777 0.0
4778 203.0
4779 0.0
4780 0.0
4781 110.0
4782 0.0
4783 0.0
4784 370.0
4785 494.0
4786 458.0
4787 501.0
4788 177.0
4789 251.0
4790 203.0
4791 0.0
4792 0.0
4793 373.0
4794 802.0
4795 0.0
4796 0.0
4797 62.0
4798 203.0
4799 467.0
4800 798.0
4801 0.0
4802 0.0
4803 184.0
4804 0.0
4805 0.0
4806 242.0
4807 0.0
4808 203.0
4809 0.0
4810 0.0
4811 331.0
4812 384.0
4813 292.0
4814 240.0
4815 0.0
4816 203.0
4817 0.0
4818 564.0
4819 0.0
4820 331.0
4821 0.0
4822 203.0
4823 0.0
4824 0.0
4825 0.0
4826 0.0
4827 12.0
4828 0.0
4829 220.0
4830 0.0
4831 63.0
4832 110.0
4833 0.0
4834 0.0
4835 369.0
4836 203.0
4837 0.0
4838 348.0
4839 184.0
4840 331.0
4841 0.0
4842 38.0
4843 0.0
4844 305.0
4845 802.0
4846 0.0
4847 106.0
4848 289.0
4849 203.0
4850 209.0
4851 807.0
4852 203.0
4853 0.0
4854 170.0
4855 187.0
4856 57.0
4857 0.0
4858 0.0
4859 195.0
4860 210.0
4861 0.0
4862 0.0
4863 169.0
4864 19.0
4865 0.0
4866 0.0
4867 0.0
4868 0.0
4869 0.0
4870 192.0
4871 251.0
4872 0.0
4873 0.0
4874 207.0
4875 207.0
4876 32.0
4877 0.0
4878 459.0
4879 0.0
4880 0.0
4881 100.0
4882 203.0
4883 0.0
4884 0.0
4885 207.0
4886 240.0
4887 201.0
4888 173.0
4889 169.0
4890 444.0
4891 305.0
4892 102.0
4893 135.0
4894 420.0
4895 458.0
4896 807.0
4897 564.0
4898 0.0
4899 0.0
4900 203.0
4901 209.0
4902 376.0
4903 203.0
4904 0.0
4905 170.0
4906 203.0
4907 458.0
4908 0.0
4909 251.0
4910 245.0
4911 203.0
4912 0.0
4913 231.0
4914 0.0
4915 454.0
4916 0.0
4917 207.0
4918 251.0
4919 0.0
4920 394.0
4921 0.0
4922 203.0
4923 0.0
4924 0.0
4925 239.0
4926 244.0
4927 0.0
4928 203.0
4929 164.0
4930 0.0
4931 203.0
4932 176.0
4933 203.0
4934 254.0
4935 0.0
4936 0.0
4937 342.0
4938 203.0
4939 184.0
4940 0.0
4941 203.0
4942 240.0
4943 276.0
4944 0.0
4945 195.0
4946 458.0
4947 807.0
4948 430.0
4949 0.0
4950 0.0
4951 0.0
4952 339.0
4953 807.0
4954 241.0
4955 0.0
4956 362.0
4957 0.0
4958 203.0
4959 198.0
4960 0.0
4961 203.0
4962 251.0
4963 0.0
4964 92.0
4965 232.0
4966 163.0
4967 191.0
4968 251.0
4969 502.0
4970 201.0
4971 0.0
4972 251.0
4973 145.0
4974 0.0
4975 0.0
4976 0.0
4977 0.0
4978 184.0
4979 246.0
4980 0.0
4981 0.0
4982 203.0
4983 0.0
4984 0.0
4985 110.0
4986 0.0
4987 0.0
4988 0.0
4989 204.0
4990 94.0
4991 297.0
4992 0.0
4993 251.0
4994 0.0
4995 807.0
4996 0.0
4997 310.0
4998 807.0
4999 802.0
5000 51.0
5001 0.0
5002 251.0
5003 175.0
5004 455.0
5005 177.0
5006 126.0
5007 61.0
5008 0.0
5009 0.0
5010 186.0
5011 200.0
5012 0.0
5013 184.0
5014 0.0
5015 0.0
5016 203.0
5017 0.0
5018 157.0
5019 0.0
5020 127.0
5021 0.0
5022 207.0
5023 251.0
5024 203.0
5025 0.0
5026 0.0
5027 251.0
5028 0.0
5029 32.0
5030 251.0
5031 0.0
5032 0.0
5033 203.0
5034 296.0
5035 318.0
5036 0.0
5037 0.0
5038 216.0
5039 452.0
5040 0.0
5041 184.0
5042 183.0
5043 336.0
5044 340.0
5045 235.0
5046 0.0
5047 239.0
5048 319.0
5049 807.0
5050 0.0
5051 220.0
5052 0.0
5053 130.0
5054 795.0
5055 359.0
5056 0.0
5057 209.0
5058 0.0
5059 189.0
5060 0.0
5061 66.0
5062 336.0
5063 371.0
5064 201.0
5065 0.0
5066 0.0
5067 147.0
5068 0.0
5069 0.0
5070 0.0
5071 203.0
5072 203.0
5073 187.0
5074 290.0
5075 238.0
5076 0.0
5077 0.0
5078 0.0
5079 283.0
5080 0.0
5081 0.0
5082 203.0
5083 0.0
5084 203.0
5085 0.0
5086 203.0
5087 0.0
5088 0.0
5089 310.0
5090 310.0
5091 201.0
5092 557.0
5093 215.0
5094 380.0
5095 169.0
5096 187.0
5097 467.0
5098 191.0
5099 184.0
5100 807.0
