1 191.0
2 251.0
3 132.0
4 93.0
5 32.0
6 152.0
7 50.0
8 0.0
9 30.0
10 202.0
11 158.0
12 33.0
13 75.0
14 88.0
15 203.0
16 33.0
17 48.0
18 164.0
19 25.0
20 203.0
21 52.0
22 165.0
23 49.0
24 204.0
25 22.0
26 114.0
27 109.0
28 0.0
29 0.0
30 99.0
31 251.0
32 182.0
33 0.0
34 0.0
35 204.0
36 66.0
37 6.0
38 124.0
39 34.0
40 251.0
41 176.0
42 88.0
43 0.0
44 110.0
45 82.0
46 104.0
47 32.0
48 38.0
49 33.0
50 43.0
51 251.0
52 152.0
53 251.0
54 33.0
55 165.0
56 0.0
57 152.0
58 152.0
59 158.0
60 35.0
61 202.0
62 165.0
63 185.0
64 33.0
65 203.0
66 203.0
67 41.0
68 82.0
69 164.0
70 0.0
71 203.0
72 251.0
73 165.0
74 49.0
75 204.0
76 251.0
77 114.0
78 158.0
79 109.0
80 17.0
81 202.0
82 251.0
83 251.0
84 32.0
85 0.0
86 204.0
87 0.0
88 251.0
89 124.0
90 95.0
91 251.0
92 174.0
93 49.0
94 32.0
95 110.0
96 45.0
97 104.0
98 122.0
99 38.0
100 31.0
101 0.0
102 251.0
103 98.0
104 251.0
105 0.0
106 32.0
107 72.0
108 152.0
109 251.0
110 33.0
111 81.0
112 202.0
113 363.0
114 0.0
115 0.0
116 66.0
117 203.0
118 203.0
119 98.0
120 164.0
121 203.0
122 264.0
123 251.0
124 180.0
125 127.0
126 159.0
127 163.0
128 20.0
129 203.0
130 158.0
131 204.0
132 251.0
133 251.0
134 203.0
135 204.0
136 0.0
137 204.0
138 0.0
139 203.0
140 363.0
141 203.0
142 251.0
143 251.0
144 180.0
145 32.0
146 110.0
147 130.0
148 132.0
149 142.0
150 174.0
151 203.0
152 203.0
153 363.0
154 251.0
155 251.0
156 158.0
157 32.0
158 196.0
159 0.0
160 158.0
161 32.0
162 81.0
163 134.0
164 137.0
165 21.0
166 0.0
167 201.0
168 203.0
169 75.0
170 203.0
171 146.0
172 251.0
173 251.0
174 266.0
175 251.0
176 0.0
177 49.0
178 163.0
179 82.0
180 124.0
181 169.0
182 264.0
183 363.0
184 251.0
185 251.0
186 252.0
187 0.0
188 204.0
189 158.0
190 11.0
191 251.0
192 203.0
193 251.0
194 252.0
195 80.0
196 94.0
197 239.0
198 203.0
199 173.0
200 192.0
201 132.0
202 203.0
203 203.0
204 363.0
205 70.0
206 251.0
207 132.0
208 132.0
209 118.0
210 0.0
211 152.0
212 154.0
213 202.0
214 251.0
215 86.0
216 33.0
217 203.0
218 203.0
219 203.0
220 178.0
221 204.0
222 175.0
223 264.0
224 251.0
225 203.0
226 251.0
227 25.0
228 159.0
229 68.0
230 33.0
231 193.0
232 169.0
233 367.0
234 363.0
235 363.0
236 185.0
237 186.0
238 203.0
239 204.0
240 385.0
241 0.0
242 252.0
243 0.0
244 251.0
245 251.0
246 251.0
247 82.0
248 41.0
249 143.0
250 185.0
251 141.0
252 78.0
253 26.0
254 203.0
255 385.0
256 44.0
257 251.0
258 158.0
259 121.0
260 363.0
261 252.0
262 152.0
263 33.0
264 203.0
265 251.0
266 251.0
267 0.0
268 175.0
269 93.0
270 203.0
271 204.0
272 471.0
273 175.0
274 203.0
275 266.0
276 203.0
277 251.0
278 6.0
279 220.0
280 119.0
281 331.0
282 158.0
283 169.0
284 269.0
285 251.0
286 363.0
287 203.0
288 186.0
289 197.0
290 204.0
291 204.0
292 251.0
293 131.0
294 203.0
295 251.0
296 251.0
297 0.0
298 31.0
299 239.0
300 0.0
301 116.0
302 98.0
303 203.0
304 67.0
305 203.0
306 471.0
307 103.0
308 251.0
309 165.0
310 105.0
311 143.0
312 251.0
313 0.0
314 203.0
315 203.0
316 104.0
317 137.0
318 204.0
319 132.0
320 203.0
321 204.0
322 251.0
323 185.0
324 203.0
325 129.0
326 203.0
327 264.0
328 251.0
329 0.0
330 209.0
331 0.0
332 249.0
333 511.0
334 158.0
335 251.0
336 363.0
337 251.0
338 187.0
339 204.0
340 252.0
341 363.0
342 81.0
343 34.0
344 252.0
345 105.0
346 251.0
347 251.0
348 190.0
349 363.0
350 185.0
351 203.0
352 104.0
353 50.0
354 121.0
355 90.0
356 203.0
357 511.0
358 192.0
359 251.0
360 198.0
361 187.0
362 92.0
363 75.0
364 0.0
365 25.0
366 363.0
367 134.0
368 193.0
369 100.0
370 33.0
371 251.0
372 203.0
373 252.0
374 204.0
375 175.0
376 213.0
377 251.0
378 266.0
379 251.0
380 0.0
381 159.0
382 97.0
383 249.0
384 203.0
385 30.0
386 363.0
387 312.0
388 251.0
389 251.0
390 186.0
391 251.0
392 130.0
393 203.0
394 110.0
395 252.0
396 252.0
397 363.0
398 251.0
399 191.0
400 125.0
401 39.0
402 203.0
403 154.0
404 158.0
405 203.0
406 251.0
407 203.0
408 511.0
409 103.0
410 251.0
411 146.0
412 140.0
413 196.0
414 136.0
415 152.0
416 363.0
417 203.0
418 251.0
419 129.0
420 485.0
421 132.0
422 186.0
423 252.0
424 116.0
425 204.0
426 251.0
427 37.0
428 213.0
429 491.0
430 251.0
431 1.0
432 209.0
433 82.0
434 203.0
435 203.0
436 158.0
437 387.0
438 363.0
439 363.0
440 203.0
441 252.0
442 251.0
443 363.0
444 204.0
445 252.0
446 93.0
447 252.0
448 251.0
449 252.0
450 165.0
451 118.0
452 251.0
453 0.0
454 125.0
455 203.0
456 203.0
457 138.0
458 203.0
459 511.0
460 103.0
461 251.0
462 169.0
463 180.0
464 203.0
465 185.0
466 363.0
467 185.0
468 296.0
469 363.0
470 344.0
471 107.0
472 204.0
473 251.0
474 203.0
475 204.0
476 319.0
477 251.0
478 363.0
479 251.0
480 251.0
481 165.0
482 169.0
483 158.0
484 158.0
485 218.0
486 251.0
487 30.0
488 203.0
489 251.0
490 363.0
491 203.0
492 203.0
493 251.0
494 204.0
495 204.0
496 251.0
497 119.0
498 252.0
499 251.0
500 112.0
501 114.0
502 175.0
503 230.0
504 143.0
505 169.0
506 165.0
507 203.0
508 138.0
509 203.0
510 511.0
511 328.0
512 251.0
513 198.0
514 1.0
515 363.0
516 251.0
517 203.0
518 363.0
519 181.0
520 363.0
521 446.0
522 38.0
523 252.0
524 203.0
525 203.0
526 471.0
527 204.0
528 126.0
529 119.0
530 252.0
531 266.0
532 203.0
533 22.0
534 159.0
535 203.0
536 158.0
537 32.0
538 203.0
539 251.0
540 269.0
541 251.0
542 251.0
543 252.0
544 162.0
545 363.0
546 99.0
547 251.0
548 251.0
549 160.0
550 251.0
551 251.0
552 178.0
553 118.0
554 202.0
555 0.0
556 170.0
557 153.0
558 66.0
559 26.0
560 6.0
561 511.0
562 192.0
563 192.0
564 30.0
565 147.0
566 203.0
567 203.0
568 152.0
569 33.0
570 354.0
571 84.0
572 285.0
573 38.0
574 204.0
575 252.0
576 174.0
577 76.0
578 204.0
579 126.0
580 203.0
581 203.0
582 266.0
583 251.0
584 251.0
585 159.0
586 177.0
587 212.0
588 32.0
589 158.0
590 251.0
591 181.0
592 251.0
593 251.0
594 185.0
595 130.0
596 130.0
597 204.0
598 301.0
599 203.0
600 203.0
601 251.0
602 251.0
603 203.0
604 125.0
605 39.0
606 266.0
607 203.0
608 164.0
609 66.0
610 138.0
611 202.0
612 511.0
613 334.0
614 328.0
615 146.0
616 92.0
617 196.0
618 6.0
619 363.0
620 363.0
621 310.0
622 363.0
623 363.0
624 101.0
625 154.0
626 461.0
627 252.0
628 164.0
629 204.0
630 164.0
631 264.0
632 251.0
633 251.0
634 180.0
635 25.0
636 209.0
637 158.0
638 158.0
639 158.0
640 30.0
641 203.0
642 85.0
643 363.0
644 266.0
645 147.0
646 344.0
647 363.0
648 99.0
649 86.0
650 251.0
651 45.0
652 112.0
653 174.0
654 0.0
655 118.0
656 137.0
657 0.0
658 123.0
659 203.0
660 203.0
661 33.0
662 203.0
663 511.0
664 266.0
665 308.0
666 169.0
667 147.0
668 203.0
669 132.0
670 203.0
671 290.0
672 203.0
673 203.0
674 446.0
675 150.0
676 0.0
677 252.0
678 204.0
679 164.0
680 185.0
681 203.0
682 213.0
683 251.0
684 251.0
685 191.0
686 0.0
687 235.0
688 175.0
689 158.0
690 158.0
691 158.0
692 203.0
693 271.0
694 368.0
695 251.0
696 203.0
697 363.0
698 363.0
699 93.0
700 252.0
701 251.0
702 160.0
703 363.0
704 252.0
705 6.0
706 142.0
707 185.0
708 32.0
709 121.0
710 203.0
711 251.0
712 78.0
713 73.0
714 511.0
715 306.0
716 173.0
717 0.0
718 127.0
719 32.0
720 33.0
721 363.0
722 180.0
723 181.0
724 393.0
725 446.0
726 203.0
727 204.0
728 251.0
729 203.0
730 252.0
731 372.0
732 175.0
733 157.0
734 203.0
735 266.0
736 203.0
737 0.0
738 159.0
739 203.0
740 158.0
741 249.0
742 158.0
743 251.0
744 251.0
745 251.0
746 375.0
747 251.0
748 361.0
749 130.0
750 204.0
751 363.0
752 93.0
753 1.0
754 252.0
755 203.0
756 251.0
757 98.0
758 132.0
759 17.0
760 309.0
761 203.0
762 203.0
763 138.0
764 323.0
765 511.0
766 277.0
767 325.0
768 98.0
769 127.0
770 203.0
771 76.0
772 0.0
773 363.0
774 504.0
775 306.0
776 363.0
777 93.0
778 283.0
779 154.0
780 252.0
781 204.0
782 203.0
783 191.0
784 168.0
785 266.0
786 251.0
787 203.0
788 290.0
789 235.0
790 234.0
791 511.0
792 163.0
793 30.0
794 363.0
795 203.0
796 363.0
797 363.0
798 347.0
799 363.0
800 363.0
801 110.0
802 363.0
803 363.0
804 203.0
805 251.0
806 174.0
807 0.0
808 109.0
809 72.0
810 203.0
811 126.0
812 121.0
813 251.0
814 202.0
815 196.0
816 511.0
817 328.0
818 44.0
819 169.0
820 200.0
821 203.0
822 24.0
823 363.0
824 366.0
825 185.0
826 169.0
827 307.0
828 339.0
829 68.0
830 164.0
831 203.0
832 88.0
833 471.0
834 164.0
835 264.0
836 251.0
837 251.0
838 203.0
839 63.0
840 43.0
841 136.0
842 249.0
843 234.0
844 203.0
845 251.0
846 32.0
847 251.0
848 375.0
849 386.0
850 412.0
851 363.0
852 151.0
853 363.0
854 251.0
855 89.0
856 251.0
857 363.0
858 169.0
859 98.0
860 32.0
861 25.0
862 158.0
863 87.0
864 203.0
865 30.0
866 6.0
867 511.0
868 325.0
869 153.0
870 143.0
871 125.0
872 92.0
873 37.0
874 174.0
875 495.0
876 163.0
877 170.0
878 451.0
879 100.0
880 204.0
881 251.0
882 370.0
883 191.0
884 252.0
885 126.0
886 279.0
887 203.0
888 266.0
889 251.0
890 290.0
891 81.0
892 98.0
893 158.0
894 204.0
895 158.0
896 251.0
897 186.0
898 375.0
899 251.0
900 251.0
901 264.0
902 251.0
903 203.0
904 252.0
905 251.0
906 160.0
907 251.0
908 163.0
909 167.0
910 66.0
911 146.0
912 159.0
913 148.0
914 214.0
915 203.0
916 203.0
917 6.0
918 511.0
919 328.0
920 334.0
921 164.0
922 144.0
923 203.0
924 522.0
925 390.0
926 472.0
927 153.0
928 175.0
929 285.0
930 0.0
931 204.0
932 252.0
933 203.0
934 204.0
935 320.0
936 204.0
937 203.0
938 203.0
939 251.0
940 251.0
941 203.0
942 251.0
943 175.0
944 158.0
945 32.0
946 158.0
947 363.0
948 203.0
949 375.0
950 386.0
951 477.0
952 251.0
953 169.0
954 363.0
955 252.0
956 131.0
957 203.0
958 251.0
959 150.0
960 108.0
961 118.0
962 78.0
963 19.0
964 153.0
965 143.0
966 203.0
967 61.0
968 202.0
969 522.0
970 334.0
971 306.0
972 341.0
973 39.0
974 180.0
975 180.0
976 327.0
977 185.0
978 165.0
979 363.0
980 413.0
981 46.0
982 30.0
983 191.0
984 203.0
985 252.0
986 471.0
987 203.0
988 203.0
989 266.0
990 251.0
991 203.0
992 324.0
993 203.0
994 203.0
995 511.0
996 158.0
997 158.0
998 251.0
999 203.0
1000 398.0
1001 203.0
1002 203.0
1003 89.0
1004 251.0
1005 64.0
1006 363.0
1007 252.0
1008 251.0
1009 363.0
1010 174.0
1011 0.0
1012 125.0
1013 78.0
1014 82.0
1015 561.0
1016 143.0
1017 251.0
1018 30.0
1019 203.0
1020 561.0
1021 173.0
1022 303.0
1023 251.0
1024 103.0
1025 169.0
1026 522.0
1027 363.0
1028 363.0
1029 363.0
1030 289.0
1031 393.0
1032 251.0
1033 93.0
1034 170.0
1035 449.0
1036 202.0
1037 471.0
1038 203.0
1039 251.0
1040 264.0
1041 266.0
1042 303.0
1043 6.0
1044 328.0
1045 0.0
1046 251.0
1047 87.0
1048 30.0
1049 251.0
1050 343.0
1051 251.0
1052 203.0
1053 204.0
1054 363.0
1055 170.0
1056 203.0
1057 363.0
1058 252.0
1059 252.0
1060 92.0
1061 88.0
1062 203.0
1063 203.0
1064 93.0
1065 32.0
1066 110.0
1067 53.0
1068 203.0
1069 25.0
1070 203.0
1071 561.0
1072 334.0
1073 251.0
1074 251.0
1075 92.0
1076 27.0
1077 522.0
1078 391.0
1079 310.0
1080 301.0
1081 363.0
1082 363.0
1083 169.0
1084 203.0
1085 477.0
1086 174.0
1087 252.0
1088 471.0
1089 203.0
1090 264.0
1091 203.0
1092 303.0
1093 251.0
1094 20.0
1095 2.0
1096 116.0
1097 158.0
1098 30.0
1099 30.0
1100 269.0
1101 251.0
1102 251.0
1103 341.0
1104 203.0
1105 251.0
1106 203.0
1107 81.0
1108 252.0
1109 251.0
1110 251.0
1111 252.0
1112 150.0
1113 1.0
1114 137.0
1115 143.0
1116 116.0
1117 222.0
1118 193.0
1119 251.0
1120 30.0
1121 203.0
1122 561.0
1123 277.0
1124 251.0
1125 169.0
1126 62.0
1127 180.0
1128 180.0
1129 363.0
1130 393.0
1131 163.0
1132 165.0
1133 285.0
1134 0.0
1135 203.0
1136 487.0
1137 251.0
1138 252.0
1139 320.0
1140 204.0
1141 251.0
1142 203.0
1143 251.0
1144 203.0
1145 251.0
1146 363.0
1147 186.0
1148 251.0
1149 30.0
1150 93.0
1151 269.0
1152 251.0
1153 386.0
1154 203.0
1155 203.0
1156 252.0
1157 251.0
1158 107.0
1159 252.0
1160 251.0
1161 203.0
1162 251.0
1163 150.0
1164 54.0
1165 194.0
1166 68.0
1167 71.0
1168 251.0
1169 78.0
1170 251.0
1171 30.0
1172 203.0
1173 561.0
1174 173.0
1175 303.0
1176 251.0
1177 181.0
1178 1.0
1179 180.0
1180 203.0
1181 363.0
1182 163.0
1183 251.0
1184 376.0
1185 0.0
1186 203.0
1187 363.0
1188 477.0
1189 203.0
1190 320.0
1191 207.0
1192 363.0
1193 266.0
1194 251.0
1195 251.0
1196 325.0
1197 158.0
1198 251.0
1199 251.0
1200 158.0
1201 93.0
1202 251.0
1203 251.0
1204 386.0
1205 375.0
1206 251.0
1207 203.0
1208 251.0
1209 204.0
1210 363.0
1211 363.0
1212 251.0
1213 251.0
1214 251.0
1215 6.0
1216 112.0
1217 251.0
1218 181.0
1219 222.0
1220 203.0
1221 203.0
1222 30.0
1223 203.0
1224 561.0
1225 334.0
1226 282.0
1227 251.0
1228 169.0
1229 522.0
1230 522.0
1231 169.0
1232 487.0
1233 363.0
1234 471.0
1235 307.0
1236 98.0
1237 203.0
1238 363.0
1239 154.0
1240 170.0
1241 471.0
1242 251.0
1243 264.0
1244 264.0
1245 266.0
1246 251.0
1247 2.0
1248 122.0
1249 251.0
1250 158.0
1251 158.0
1252 158.0
1253 203.0
1254 354.0
1255 251.0
1256 347.0
1257 203.0
1258 252.0
1259 252.0
1260 99.0
1261 385.0
1262 252.0
1263 252.0
1264 251.0
1265 140.0
1266 6.0
1267 0.0
1268 130.0
1269 32.0
1270 150.0
1271 0.0
1272 203.0
1273 30.0
1274 203.0
1275 561.0
1276 277.0
1277 251.0
1278 169.0
1279 180.0
1280 180.0
1281 203.0
1282 169.0
1283 203.0
1284 504.0
1285 363.0
1286 285.0
1287 33.0
1288 204.0
1289 325.0
1290 363.0
1291 204.0
1292 471.0
1293 203.0
1294 279.0
1295 203.0
1296 251.0
1297 251.0
1298 203.0
1299 2.0
1300 98.0
1301 158.0
1302 30.0
1303 30.0
1304 363.0
1305 251.0
1306 251.0
1307 454.0
1308 203.0
1309 251.0
1310 203.0
1311 188.0
1312 363.0
1313 363.0
1314 251.0
1315 251.0
1316 251.0
1317 56.0
1318 32.0
1319 137.0
1320 61.0
1321 114.0
1322 88.0
1323 251.0
1324 30.0
1325 203.0
1326 561.0
1327 334.0
1328 169.0
1329 164.0
1330 180.0
1331 180.0
1332 180.0
1333 180.0
1334 290.0
1335 163.0
1336 312.0
1337 285.0
1338 83.0
1339 203.0
1340 252.0
1341 170.0
1342 203.0
1343 320.0
1344 252.0
1345 251.0
1346 266.0
1347 398.0
1348 191.0
1349 251.0
1350 158.0
1351 0.0
1352 158.0
1353 41.0
1354 93.0
1355 203.0
1356 251.0
1357 251.0
1358 203.0
1359 251.0
1360 203.0
1361 251.0
1362 93.0
1363 385.0
1364 363.0
1365 203.0
1366 251.0
1367 112.0
1368 7.0
1369 118.0
1370 39.0
1371 8.0
1372 95.0
1373 226.0
1374 203.0
1375 0.0
1376 203.0
1377 561.0
1378 173.0
1379 169.0
1380 251.0
1381 30.0
1382 68.0
1383 522.0
1384 44.0
1385 298.0
1386 169.0
1387 363.0
1388 446.0
1389 83.0
1390 317.0
1391 252.0
1392 251.0
1393 132.0
1394 471.0
1395 192.0
1396 264.0
1397 266.0
1398 251.0
1399 363.0
1400 -1.0
1401 328.0
1402 82.0
1403 249.0
1404 147.0
1405 158.0
1406 363.0
1407 380.0
1408 251.0
1409 251.0
1410 203.0
1411 203.0
1412 204.0
1413 204.0
1414 363.0
1415 363.0
1416 252.0
1417 251.0
1418 203.0
1419 73.0
1420 147.0
1421 127.0
1422 32.0
1423 251.0
1424 53.0
1425 251.0
1426 30.0
1427 203.0
1428 561.0
1429 277.0
1430 303.0
1431 251.0
1432 62.0
1433 180.0
1434 520.0
1435 522.0
1436 363.0
1437 363.0
1438 492.0
1439 446.0
1440 251.0
1441 204.0
1442 465.0
1443 154.0
1444 251.0
1445 471.0
1446 180.0
1447 251.0
1448 264.0
1449 251.0
1450 251.0
1451 2.0
1452 20.0
1453 82.0
1454 251.0
1455 30.0
1456 30.0
1457 363.0
1458 277.0
1459 251.0
1460 347.0
1461 203.0
1462 251.0
1463 289.0
1464 204.0
1465 385.0
1466 363.0
1467 252.0
1468 92.0
1469 159.0
1470 35.0
1471 203.0
1472 41.0
1473 109.0
1474 148.0
1475 183.0
1476 203.0
1477 30.0
1478 196.0
1479 561.0
1480 277.0
1481 251.0
1482 251.0
1483 169.0
1484 180.0
1485 180.0
1486 203.0
1487 169.0
1488 163.0
1489 312.0
1490 363.0
1491 169.0
1492 204.0
1493 363.0
1494 154.0
1495 204.0
1496 471.0
1497 204.0
1498 203.0
1499 203.0
1500 251.0
1501 191.0
1502 203.0
1503 326.0
1504 267.0
1505 158.0
1506 203.0
1507 30.0
1508 203.0
1509 251.0
1510 251.0
1511 203.0
1512 191.0
1513 532.0
1514 251.0
1515 40.0
1516 385.0
1517 363.0
1518 251.0
1519 251.0
1520 251.0
1521 180.0
1522 130.0
1523 363.0
1524 151.0
1525 57.0
1526 251.0
1527 251.0
1528 91.0
1529 203.0
1530 561.0
1531 173.0
1532 363.0
1533 164.0
1534 116.0
1535 203.0
1536 522.0
1537 60.0
1538 363.0
1539 163.0
1540 312.0
1541 363.0
1542 93.0
1543 203.0
1544 252.0
1545 170.0
1546 363.0
1547 471.0
1548 370.0
1549 264.0
1550 203.0
1551 266.0
1552 251.0
1553 203.0
1554 122.0
1555 384.0
1556 218.0
1557 158.0
1558 162.0
1559 32.0
1560 343.0
1561 398.0
1562 136.0
1563 251.0
1564 372.0
1565 481.0
1566 203.0
1567 385.0
1568 252.0
1569 251.0
1570 252.0
1571 111.0
1572 203.0
1573 32.0
1574 68.0
1575 158.0
1576 158.0
1577 143.0
1578 251.0
1579 61.0
1580 173.0
1581 561.0
1582 303.0
1583 287.0
1584 363.0
1585 30.0
1586 180.0
1587 169.0
1588 526.0
1589 252.0
1590 462.0
1591 203.0
1592 491.0
1593 83.0
1594 203.0
1595 461.0
1596 252.0
1597 72.0
1598 471.0
1599 311.0
1600 174.0
1601 264.0
1602 266.0
1603 202.0
1604 -1.0
1605 494.0
1606 169.0
1607 386.0
1608 158.0
1609 158.0
1610 251.0
1611 251.0
1612 251.0
1613 203.0
1614 251.0
1615 251.0
1616 251.0
1617 251.0
1618 298.0
1619 251.0
1620 363.0
1621 363.0
1622 171.0
1623 89.0
1624 94.0
1625 129.0
1626 38.0
1627 166.0
1628 115.0
1629 251.0
1630 30.0
1631 203.0
1632 561.0
1633 363.0
1634 203.0
1635 287.0
1636 180.0
1637 180.0
1638 169.0
1639 169.0
1640 169.0
1641 393.0
1642 347.0
1643 203.0
1644 305.0
1645 203.0
1646 316.0
1647 154.0
1648 204.0
1649 471.0
1650 311.0
1651 99.0
1652 251.0
1653 251.0
1654 203.0
1655 169.0
1656 358.0
1657 0.0
1658 158.0
1659 204.0
1660 30.0
1661 363.0
1662 251.0
1663 251.0
1664 347.0
1665 251.0
1666 529.0
1667 391.0
1668 251.0
1669 385.0
1670 388.0
1671 251.0
1672 251.0
1673 105.0
1674 6.0
1675 130.0
1676 251.0
1677 245.0
1678 309.0
1679 159.0
1680 251.0
1681 97.0
1682 6.0
1683 561.0
1684 287.0
1685 287.0
1686 143.0
1687 266.0
1688 188.0
1689 169.0
1690 203.0
1691 311.0
1692 163.0
1693 363.0
1694 148.0
1695 251.0
1696 204.0
1697 252.0
1698 252.0
1699 331.0
1700 471.0
1701 252.0
1702 175.0
1703 266.0
1704 520.0
1705 203.0
1706 169.0
1707 1.0
1708 279.0
1709 251.0
1710 158.0
1711 162.0
1712 251.0
1713 203.0
1714 203.0
1715 251.0
1716 251.0
1717 386.0
1718 251.0
1719 251.0
1720 251.0
1721 363.0
1722 363.0
1723 251.0
1724 251.0
1725 70.0
1726 147.0
1727 251.0
1728 105.0
1729 0.0
1730 130.0
1731 251.0
1732 91.0
1733 251.0
1734 561.0
1735 363.0
1736 287.0
1737 363.0
1738 363.0
1739 203.0
1740 203.0
1741 180.0
1742 169.0
1743 363.0
1744 504.0
1745 302.0
1746 204.0
1747 203.0
1748 252.0
1749 251.0
1750 252.0
1751 471.0
1752 471.0
1753 315.0
1754 266.0
1755 266.0
1756 203.0
1757 158.0
1758 150.0
1759 252.0
1760 218.0
1761 163.0
1762 203.0
1763 203.0
1764 277.0
1765 251.0
1766 136.0
1767 203.0
1768 391.0
1769 251.0
1770 251.0
1771 363.0
1772 252.0
1773 251.0
1774 252.0
1775 252.0
1776 22.0
1777 130.0
1778 76.0
1779 148.0
1780 111.0
1781 88.0
1782 251.0
1783 30.0
1784 251.0
1785 561.0
1786 363.0
1787 143.0
1788 287.0
1789 266.0
1790 180.0
1791 203.0
1792 526.0
1793 532.0
1794 170.0
1795 312.0
1796 318.0
1797 125.0
1798 203.0
1799 461.0
1800 154.0
1801 203.0
1802 471.0
1803 311.0
1804 50.0
1805 266.0
1806 397.0
1807 251.0
1808 251.0
1809 231.0
1810 506.0
1811 212.0
1812 30.0
1813 159.0
1814 251.0
1815 251.0
1816 203.0
1817 191.0
1818 251.0
1819 251.0
1820 386.0
1821 251.0
1822 363.0
1823 252.0
1824 252.0
1825 251.0
1826 203.0
1827 6.0
1828 123.0
1829 153.0
1830 128.0
1831 231.0
1832 143.0
1833 251.0
1834 30.0
1835 39.0
1836 561.0
1837 287.0
1838 287.0
1839 287.0
1840 266.0
1841 180.0
1842 203.0
1843 363.0
1844 532.0
1845 549.0
1846 312.0
1847 363.0
1848 251.0
1849 18.0
1850 154.0
1851 203.0
1852 204.0
1853 471.0
1854 204.0
1855 110.0
1856 303.0
1857 251.0
1858 251.0
1859 251.0
1860 169.0
1861 135.0
1862 251.0
1863 169.0
1864 257.0
1865 251.0
1866 203.0
1867 203.0
1868 347.0
1869 372.0
1870 386.0
1871 412.0
1872 251.0
1873 363.0
1874 363.0
1875 204.0
1876 251.0
1877 203.0
1878 16.0
1879 131.0
1880 252.0
1881 251.0
1882 171.0
1883 204.0
1884 251.0
1885 25.0
1886 295.0
1887 561.0
1888 294.0
1889 363.0
1890 13.0
1891 363.0
1892 203.0
1893 203.0
1894 537.0
1895 180.0
1896 532.0
1897 319.0
1898 366.0
1899 0.0
1900 154.0
1901 363.0
1902 251.0
1903 185.0
1904 320.0
1905 204.0
1906 327.0
1907 251.0
1908 398.0
1909 203.0
1910 169.0
1911 173.0
1912 263.0
1913 218.0
1914 87.0
1915 221.0
1916 363.0
1917 251.0
1918 363.0
1919 203.0
1920 251.0
1921 510.0
1922 251.0
1923 505.0
1924 363.0
1925 363.0
1926 251.0
1927 251.0
1928 251.0
1929 0.0
1930 363.0
1931 79.0
1932 295.0
1933 175.0
1934 38.0
1935 251.0
1936 25.0
1937 299.0
1938 561.0
1939 363.0
1940 164.0
1941 287.0
1942 266.0
1943 180.0
1944 169.0
1945 174.0
1946 180.0
1947 517.0
1948 392.0
1949 187.0
1950 488.0
1951 170.0
1952 461.0
1953 132.0
1954 117.0
1955 471.0
1956 370.0
1957 133.0
1958 251.0
1959 303.0
1960 203.0
1961 169.0
1962 56.0
1963 186.0
1964 218.0
1965 36.0
1966 251.0
1967 203.0
1968 343.0
1969 251.0
1970 203.0
1971 251.0
1972 251.0
1973 251.0
1974 501.0
1975 505.0
1976 251.0
1977 251.0
1978 251.0
1979 220.0
1980 76.0
1981 130.0
1982 76.0
1983 251.0
1984 266.0
1985 143.0
1986 251.0
1987 30.0
1988 363.0
1989 561.0
1990 287.0
1991 287.0
1992 169.0
1993 522.0
1994 180.0
1995 363.0
1996 363.0
1997 537.0
1998 401.0
1999 363.0
2000 147.0
2001 251.0
2002 204.0
2003 252.0
2004 363.0
2005 203.0
2006 471.0
2007 471.0
2008 176.0
2009 266.0
2010 251.0
2011 251.0
2012 169.0
2013 169.0
2014 277.0
2015 158.0
2016 30.0
2017 249.0
2018 203.0
2019 213.0
2020 203.0
2021 203.0
2022 532.0
2023 398.0
2024 384.0
2025 501.0
2026 363.0
2027 503.0
2028 203.0
2029 251.0
2030 251.0
2031 65.0
2032 363.0
2033 251.0
2034 251.0
2035 251.0
2036 203.0
2037 251.0
2038 203.0
2039 363.0
2040 561.0
2041 363.0
2042 363.0
2043 73.0
2044 180.0
2045 203.0
2046 169.0
2047 537.0
2048 537.0
2049 549.0
2050 363.0
2051 363.0
2052 0.0
2053 152.0
2054 252.0
2055 203.0
2056 252.0
2057 471.0
2058 204.0
2059 482.0
2060 266.0
2061 251.0
2062 203.0
2063 169.0
2064 384.0
2065 203.0
2066 212.0
2067 203.0
2068 164.0
2069 197.0
2070 203.0
2071 191.0
2072 251.0
2073 369.0
2074 391.0
2075 251.0
2076 397.0
2077 532.0
2078 363.0
2079 506.0
2080 251.0
2081 161.0
2082 23.0
2083 82.0
2084 203.0
2085 251.0
2086 251.0
2087 197.0
2088 251.0
2089 0.0
2090 363.0
2091 561.0
2092 303.0
2093 169.0
2094 251.0
2095 266.0
2096 188.0
2097 169.0
2098 174.0
2099 549.0
2100 517.0
2101 203.0
2102 181.0
2103 363.0
2104 342.0
2105 170.0
2106 481.0
2107 164.0
2108 471.0
2109 276.0
2110 204.0
2111 203.0
2112 251.0
2113 203.0
2114 158.0
2115 251.0
2116 0.0
2117 158.0
2118 87.0
2119 269.0
2120 251.0
2121 277.0
2122 251.0
2123 251.0
2124 372.0
2125 487.0
2126 251.0
2127 251.0
2128 204.0
2129 505.0
2130 506.0
2131 504.0
2132 251.0
2133 1.0
2134 133.0
2135 159.0
2136 251.0
2137 150.0
2138 143.0
2139 251.0
2140 103.0
2141 299.0
2142 561.0
2143 363.0
2144 363.0
2145 203.0
2146 311.0
2147 180.0
2148 180.0
2149 532.0
2150 311.0
2151 549.0
2152 203.0
2153 181.0
2154 363.0
2155 376.0
2156 154.0
2157 252.0
2158 185.0
2159 471.0
2160 203.0
2161 482.0
2162 266.0
2163 251.0
2164 251.0
2165 169.0
2166 251.0
2167 188.0
2168 218.0
2169 30.0
2170 251.0
2171 251.0
2172 204.0
2173 251.0
2174 252.0
2175 185.0
2176 529.0
2177 323.0
2178 501.0
2179 503.0
2180 384.0
2181 506.0
2182 363.0
2183 363.0
2184 101.0
2185 155.0
2186 68.0
2187 158.0
2188 158.0
2189 224.0
2190 251.0
2191 25.0
2192 363.0
2193 561.0
2194 287.0
2195 287.0
2196 73.0
2197 180.0
2198 180.0
2199 532.0
2200 533.0
2201 169.0
2202 327.0
2203 322.0
2204 363.0
2205 363.0
2206 252.0
2207 154.0
2208 203.0
2209 252.0
2210 471.0
2211 204.0
2212 203.0
2213 266.0
2214 251.0
2215 203.0
2216 169.0
2217 382.0
2218 216.0
2219 386.0
2220 203.0
2221 251.0
2222 203.0
2223 190.0
2224 251.0
2225 251.0
2226 510.0
2227 510.0
2228 363.0
2229 397.0
2230 503.0
2231 505.0
2232 251.0
2233 506.0
2234 363.0
2235 47.0
2236 82.0
2237 129.0
2238 363.0
2239 251.0
2240 234.0
2241 251.0
2242 82.0
2243 363.0
2244 561.0
2245 363.0
2246 169.0
2247 47.0
2248 307.0
2249 169.0
2250 532.0
2251 532.0
2252 169.0
2253 549.0
2254 252.0
2255 113.0
2256 363.0
2257 203.0
2258 251.0
2259 340.0
2260 251.0
2261 471.0
2262 320.0
2263 209.0
2264 251.0
2265 397.0
2266 203.0
2267 169.0
2268 180.0
2269 218.0
2270 158.0
2271 158.0
2272 197.0
2273 251.0
2274 251.0
2275 251.0
2276 398.0
2277 372.0
2278 529.0
2279 251.0
2280 501.0
2281 163.0
2282 363.0
2283 506.0
2284 506.0
2285 506.0
2286 0.0
2287 386.0
2288 363.0
2289 147.0
2290 222.0
2291 143.0
2292 251.0
2293 203.0
2294 299.0
2295 561.0
2296 363.0
2297 287.0
2298 203.0
2299 266.0
2300 152.0
2301 482.0
2302 537.0
2303 363.0
2304 549.0
2305 180.0
2306 363.0
2307 148.0
2308 187.0
2309 154.0
2310 478.0
2311 191.0
2312 471.0
2313 111.0
2314 320.0
2315 251.0
2316 491.0
2317 203.0
2318 169.0
2319 263.0
2320 188.0
2321 218.0
2322 30.0
2323 203.0
2324 270.0
2325 363.0
2326 251.0
2327 204.0
2328 251.0
2329 487.0
2330 251.0
2331 501.0
2332 363.0
2333 505.0
2334 506.0
2335 506.0
2336 506.0
2337 363.0
2338 363.0
2339 72.0
2340 203.0
2341 150.0
2342 489.0
2343 251.0
2344 103.0
2345 363.0
2346 561.0
2347 363.0
2348 363.0
2349 251.0
2350 522.0
2351 169.0
2352 532.0
2353 517.0
2354 468.0
2355 549.0
2356 180.0
2357 322.0
2358 363.0
2359 333.0
2360 371.0
2361 481.0
2362 173.0
2363 471.0
2364 276.0
2365 204.0
2366 266.0
2367 251.0
2368 158.0
2369 169.0
2370 169.0
2371 0.0
2372 218.0
2373 30.0
2374 158.0
2375 203.0
2376 251.0
2377 251.0
2378 355.0
2379 251.0
2380 510.0
2381 251.0
2382 191.0
2383 505.0
2384 251.0
2385 363.0
2386 496.0
2387 506.0
2388 363.0
2389 82.0
2390 79.0
2391 222.0
2392 251.0
2393 203.0
2394 218.0
2395 108.0
2396 363.0
2397 561.0
2398 287.0
2399 303.0
2400 251.0
2401 522.0
2402 203.0
2403 532.0
2404 329.0
2405 251.0
2406 549.0
2407 266.0
2408 363.0
2409 363.0
2410 187.0
2411 461.0
2412 363.0
2413 252.0
2414 471.0
2415 320.0
2416 209.0
2417 251.0
2418 491.0
2419 203.0
2420 587.0
2421 0.0
2422 203.0
2423 158.0
2424 175.0
2425 203.0
2426 251.0
2427 153.0
2428 203.0
2429 251.0
2430 386.0
2431 386.0
2432 251.0
2433 251.0
2434 506.0
2435 363.0
2436 506.0
2437 506.0
2438 506.0
2439 251.0
2440 386.0
2441 252.0
2442 222.0
2443 251.0
2444 197.0
2445 203.0
2446 203.0
2447 363.0
2448 587.0
2449 363.0
2450 363.0
2451 251.0
2452 266.0
2453 532.0
2454 169.0
2455 542.0
2456 634.0
2457 549.0
2458 169.0
2459 181.0
2460 363.0
2461 264.0
2462 154.0
2463 251.0
2464 203.0
2465 471.0
2466 320.0
2467 204.0
2468 251.0
2469 251.0
2470 39.0
2471 148.0
2472 220.0
2473 216.0
2474 158.0
2475 30.0
2476 203.0
2477 363.0
2478 0.0
2479 529.0
2480 169.0
2481 391.0
2482 251.0
2483 251.0
2484 501.0
2485 251.0
2486 251.0
2487 384.0
2488 506.0
2489 501.0
2490 363.0
2491 363.0
2492 144.0
2493 249.0
2494 251.0
2495 132.0
2496 61.0
2497 176.0
2498 363.0
2499 634.0
2500 294.0
2501 363.0
2502 363.0
2503 537.0
2504 532.0
2505 537.0
2506 549.0
2507 537.0
2508 517.0
2509 327.0
2510 363.0
2511 363.0
2512 333.0
2513 191.0
2514 203.0
2515 154.0
2516 471.0
2517 122.0
2518 266.0
2519 251.0
2520 398.0
2521 180.0
2522 169.0
2523 180.0
2524 252.0
2525 251.0
2526 30.0
2527 158.0
2528 297.0
2529 251.0
2530 363.0
2531 251.0
2532 251.0
2533 251.0
2534 251.0
2535 505.0
2536 363.0
2537 503.0
2538 496.0
2539 251.0
2540 506.0
2541 393.0
2542 386.0
2543 141.0
2544 203.0
2545 150.0
2546 203.0
2547 251.0
2548 98.0
2549 363.0
2550 634.0
2551 287.0
2552 303.0
2553 37.0
2554 525.0
2555 532.0
2556 490.0
2557 633.0
2558 364.0
2559 366.0
2560 33.0
2561 319.0
2562 478.0
2563 152.0
2564 154.0
2565 154.0
2566 154.0
2567 471.0
2568 122.0
2569 188.0
2570 491.0
2571 397.0
2572 251.0
2573 169.0
2574 169.0
2575 32.0
2576 386.0
2577 158.0
2578 203.0
2579 251.0
2580 251.0
2581 251.0
2582 251.0
2583 391.0
2584 391.0
2585 251.0
2586 251.0
2587 363.0
2588 503.0
2589 506.0
2590 501.0
2591 506.0
2592 203.0
2593 480.0
2594 79.0
2595 251.0
2596 110.0
2597 168.0
2598 251.0
2599 336.0
2600 363.0
2601 634.0
2602 287.0
2603 363.0
2604 203.0
2605 537.0
2606 197.0
2607 318.0
2608 363.0
2609 363.0
2610 527.0
2611 180.0
2612 185.0
2613 172.0
2614 167.0
2615 132.0
2616 363.0
2617 0.0
2618 471.0
2619 320.0
2620 117.0
2621 251.0
2622 491.0
2623 180.0
2624 169.0
2625 382.0
2626 216.0
2627 158.0
2628 238.0
2629 251.0
2630 251.0
2631 251.0
2632 251.0
2633 203.0
2634 510.0
2635 398.0
2636 251.0
2637 251.0
2638 363.0
2639 251.0
2640 506.0
2641 506.0
2642 506.0
2643 506.0
2644 252.0
2645 495.0
2646 263.0
2647 110.0
2648 116.0
2649 203.0
2650 288.0
2651 363.0
2652 634.0
2653 245.0
2654 287.0
2655 158.0
2656 537.0
2657 468.0
2658 532.0
2659 363.0
2660 537.0
2661 631.0
2662 390.0
2663 391.0
2664 363.0
2665 333.0
2666 203.0
2667 203.0
2668 93.0
2669 471.0
2670 203.0
2671 127.0
2672 251.0
2673 397.0
2674 180.0
2675 169.0
2676 251.0
2677 19.0
2678 386.0
2679 30.0
2680 119.0
2681 297.0
2682 164.0
2683 251.0
2684 391.0
2685 251.0
2686 251.0
2687 251.0
2688 397.0
2689 363.0
2690 505.0
2691 501.0
2692 501.0
2693 506.0
2694 363.0
2695 384.0
2696 251.0
2697 251.0
2698 158.0
2699 116.0
2700 131.0
2701 251.0
2702 363.0
2703 634.0
2704 169.0
2705 363.0
2706 363.0
2707 169.0
2708 527.0
2709 180.0
2710 549.0
2711 169.0
2712 631.0
2713 181.0
2714 363.0
2715 478.0
2716 425.0
2717 203.0
2718 72.0
2719 203.0
2720 471.0
2721 111.0
2722 117.0
2723 397.0
2724 397.0
2725 180.0
2726 169.0
2727 251.0
2728 266.0
2729 386.0
2730 158.0
2731 251.0
2732 251.0
2733 203.0
2734 386.0
2735 363.0
2736 372.0
2737 251.0
2738 251.0
2739 496.0
2740 363.0
2741 505.0
2742 506.0
2743 384.0
2744 506.0
2745 203.0
2746 491.0
2747 285.0
2748 158.0
2749 222.0
2750 203.0
2751 64.0
2752 349.0
2753 363.0
2754 634.0
2755 245.0
2756 303.0
2757 203.0
2758 169.0
2759 523.0
2760 363.0
2761 542.0
2762 363.0
2763 631.0
2764 328.0
2765 493.0
2766 348.0
2767 167.0
2768 132.0
2769 112.0
2770 204.0
2771 471.0
2772 203.0
2773 203.0
2774 324.0
2775 491.0
2776 278.0
2777 169.0
2778 169.0
2779 169.0
2780 511.0
2781 163.0
2782 240.0
2783 251.0
2784 251.0
2785 398.0
2786 251.0
2787 251.0
2788 386.0
2789 251.0
2790 251.0
2791 363.0
2792 532.0
2793 506.0
2794 506.0
2795 506.0
2796 251.0
2797 491.0
2798 510.0
2799 139.0
2800 252.0
2801 116.0
2802 251.0
2803 202.0
2804 363.0
2805 634.0
2806 169.0
2807 287.0
2808 144.0
2809 169.0
2810 335.0
2811 537.0
2812 329.0
2813 251.0
2814 631.0
2815 203.0
2816 485.0
2817 468.0
2818 363.0
2819 25.0
2820 203.0
2821 0.0
2822 471.0
2823 203.0
2824 266.0
2825 491.0
2826 397.0
2827 169.0
2828 169.0
2829 384.0
2830 490.0
2831 158.0
2832 305.0
2833 21.0
2834 251.0
2835 203.0
2836 251.0
2837 251.0
2838 510.0
2839 529.0
2840 251.0
2841 501.0
2842 500.0
2843 509.0
2844 506.0
2845 363.0
2846 506.0
2847 251.0
2848 491.0
2849 251.0
2850 251.0
2851 150.0
2852 116.0
2853 251.0
2854 251.0
2855 363.0
2856 634.0
2857 169.0
2858 363.0
2859 532.0
2860 203.0
2861 169.0
2862 388.0
2863 517.0
2864 364.0
2865 631.0
2866 181.0
2867 366.0
2868 181.0
2869 333.0
2870 25.0
2871 203.0
2872 154.0
2873 471.0
2874 111.0
2875 266.0
2876 251.0
2877 520.0
2878 180.0
2879 169.0
2880 251.0
2881 574.0
2882 386.0
2883 147.0
2884 203.0
2885 251.0
2886 251.0
2887 251.0
2888 191.0
2889 398.0
2890 251.0
2891 251.0
2892 532.0
2893 363.0
2894 505.0
2895 251.0
2896 504.0
2897 506.0
2898 203.0
2899 384.0
2900 251.0
2901 251.0
2902 110.0
2903 124.0
2904 252.0
2905 300.0
2906 363.0
2907 634.0
2908 169.0
2909 363.0
2910 169.0
2911 169.0
2912 532.0
2913 537.0
2914 634.0
2915 363.0
2916 631.0
2917 137.0
2918 251.0
2919 363.0
2920 152.0
2921 132.0
2922 154.0
2923 203.0
2924 471.0
2925 111.0
2926 188.0
2927 398.0
2928 491.0
2929 101.0
2930 169.0
2931 251.0
2932 349.0
2933 191.0
2934 203.0
2935 203.0
2936 251.0
2937 251.0
2938 500.0
2939 398.0
2940 251.0
2941 372.0
2942 251.0
2943 251.0
2944 363.0
2945 505.0
2946 386.0
2947 506.0
2948 506.0
2949 251.0
2950 491.0
2951 363.0
2952 93.0
2953 251.0
2954 109.0
2955 251.0
2956 251.0
2957 363.0
2958 634.0
2959 245.0
2960 390.0
2961 169.0
2962 525.0
2963 482.0
2964 537.0
2965 329.0
2966 44.0
2967 502.0
2968 251.0
2969 203.0
2970 363.0
2971 251.0
2972 132.0
2973 481.0
2974 252.0
2975 471.0
2976 276.0
2977 181.0
2978 398.0
2979 397.0
2980 169.0
2981 169.0
2982 486.0
2983 574.0
2984 391.0
2985 204.0
2986 363.0
2987 384.0
2988 251.0
2989 251.0
2990 203.0
2991 391.0
2992 398.0
2993 251.0
2994 532.0
2995 500.0
2996 532.0
2997 506.0
2998 251.0
2999 506.0
3000 203.0
3001 384.0
3002 252.0
3003 251.0
3004 251.0
3005 317.0
3006 251.0
3007 251.0
3008 363.0
3009 634.0
3010 263.0
3011 169.0
3012 203.0
3013 525.0
3014 180.0
3015 174.0
3016 363.0
3017 364.0
3018 634.0
3019 180.0
3020 251.0
3021 399.0
3022 333.0
3023 203.0
3024 252.0
3025 138.0
3026 471.0
3027 470.0
3028 327.0
3029 251.0
3030 397.0
3031 169.0
3032 251.0
3033 251.0
3034 251.0
3035 158.0
3036 238.0
3037 367.0
3038 251.0
3039 252.0
3040 251.0
3041 251.0
3042 510.0
3043 251.0
3044 251.0
3045 501.0
3046 363.0
3047 532.0
3048 506.0
3049 506.0
3050 506.0
3051 163.0
3052 384.0
3053 251.0
3054 251.0
3055 251.0
3056 203.0
3057 120.0
3058 251.0
3059 363.0
3060 634.0
3061 203.0
3062 537.0
3063 169.0
3064 525.0
3065 532.0
3066 549.0
3067 542.0
3068 99.0
3069 363.0
3070 54.0
3071 147.0
3072 390.0
3073 167.0
3074 203.0
3075 363.0
3076 203.0
3077 471.0
3078 161.0
3079 266.0
3080 397.0
3081 491.0
3082 203.0
3083 169.0
3084 169.0
3085 384.0
3086 490.0
3087 203.0
3088 484.0
3089 251.0
3090 487.0
3091 391.0
3092 251.0
3093 251.0
3094 529.0
3095 251.0
3096 501.0
3097 363.0
3098 532.0
3099 386.0
3100 506.0
3101 506.0
3102 510.0
3103 384.0
3104 510.0
3105 182.0
3106 251.0
3107 337.0
3108 251.0
3109 203.0
3110 363.0
3111 634.0
3112 169.0
3113 203.0
3114 203.0
3115 169.0
3116 532.0
3117 542.0
3118 542.0
3119 203.0
3120 634.0
3121 181.0
3122 363.0
3123 363.0
3124 333.0
3125 132.0
3126 481.0
3127 159.0
3128 471.0
3129 50.0
3130 159.0
3131 324.0
3132 491.0
3133 180.0
3134 169.0
3135 169.0
3136 375.0
3137 251.0
3138 363.0
3139 165.0
3140 251.0
3141 251.0
3142 251.0
3143 251.0
3144 539.0
3145 510.0
3146 251.0
3147 251.0
3148 363.0
3149 505.0
3150 251.0
3151 251.0
3152 363.0
3153 363.0
3154 251.0
3155 486.0
3156 192.0
3157 251.0
3158 42.0
3159 251.0
3160 203.0
3161 363.0
3162 634.0
3163 251.0
3164 532.0
3165 203.0
3166 537.0
3167 203.0
3168 634.0
3169 363.0
3170 482.0
3171 631.0
3172 181.0
3173 363.0
3174 363.0
3175 333.0
3176 132.0
3177 491.0
3178 110.0
3179 471.0
3180 276.0
3181 158.0
3182 398.0
3183 397.0
3184 169.0
3185 169.0
3186 158.0
3187 574.0
3188 158.0
3189 204.0
3190 157.0
3191 251.0
3192 251.0
3193 500.0
3194 251.0
3195 500.0
3196 251.0
3197 251.0
3198 363.0
3199 363.0
3200 505.0
3201 506.0
3202 504.0
3203 251.0
3204 384.0
3205 491.0
3206 505.0
3207 251.0
3208 363.0
3209 203.0
3210 106.0
3211 251.0
3212 363.0
3213 634.0
3214 30.0
3215 532.0
3216 169.0
3217 169.0
3218 363.0
3219 363.0
3220 549.0
3221 203.0
3222 363.0
3223 203.0
3224 467.0
3225 390.0
3226 167.0
3227 154.0
3228 481.0
3229 0.0
3230 471.0
3231 320.0
3232 209.0
3233 251.0
3234 397.0
3235 231.0
3236 169.0
3237 251.0
3238 331.0
3239 511.0
3240 41.0
3241 203.0
3242 203.0
3243 251.0
3244 500.0
3245 204.0
3246 529.0
3247 251.0
3248 251.0
3249 501.0
3250 363.0
3251 532.0
3252 505.0
3253 504.0
3254 363.0
3255 252.0
3256 251.0
3257 510.0
3258 251.0
3259 251.0
3260 105.0
3261 251.0
3262 203.0
3263 363.0
3264 634.0
3265 175.0
3266 203.0
3267 532.0
3268 525.0
3269 532.0
3270 633.0
3271 542.0
3272 482.0
3273 363.0
3274 148.0
3275 302.0
3276 117.0
3277 167.0
3278 0.0
3279 491.0
3280 167.0
3281 471.0
3282 87.0
3283 221.0
3284 251.0
3285 491.0
3286 180.0
3287 169.0
3288 169.0
3289 349.0
3290 158.0
3291 203.0
3292 158.0
3293 251.0
3294 251.0
3295 251.0
3296 391.0
3297 251.0
3298 396.0
3299 251.0
3300 496.0
3301 505.0
3302 532.0
3303 251.0
3304 506.0
3305 363.0
3306 510.0
3307 384.0
3308 486.0
3309 186.0
3310 309.0
3311 116.0
3312 251.0
3313 64.0
3314 363.0
3315 634.0
3316 464.0
3317 532.0
3318 532.0
3319 525.0
3320 532.0
3321 634.0
3322 633.0
3323 363.0
3324 587.0
3325 315.0
3326 469.0
3327 363.0
3328 333.0
3329 154.0
3330 481.0
3331 203.0
3332 471.0
3333 191.0
3334 158.0
3335 491.0
3336 397.0
3337 180.0
3338 169.0
3339 169.0
3340 339.0
3341 375.0
3342 153.0
3343 203.0
3344 396.0
3345 204.0
3346 251.0
3347 251.0
3348 398.0
3349 398.0
3350 251.0
3351 251.0
3352 363.0
3353 505.0
3354 506.0
3355 251.0
3356 393.0
3357 363.0
3358 491.0
3359 505.0
3360 203.0
3361 251.0
3362 251.0
3363 252.0
3364 355.0
3365 363.0
3366 634.0
3367 510.0
3368 532.0
3369 203.0
3370 429.0
3371 174.0
3372 633.0
3373 633.0
3374 333.0
3375 549.0
3376 181.0
3377 391.0
3378 393.0
3379 167.0
3380 132.0
3381 491.0
3382 98.0
3383 471.0
3384 209.0
3385 203.0
3386 491.0
3387 397.0
3388 180.0
3389 251.0
3390 537.0
3391 375.0
3392 391.0
3393 249.0
3394 157.0
3395 1.0
3396 251.0
3397 398.0
3398 147.0
3399 532.0
3400 251.0
3401 251.0
3402 363.0
3403 363.0
3404 532.0
3405 506.0
3406 504.0
3407 393.0
3408 252.0
3409 504.0
3410 505.0
3411 203.0
3412 251.0
3413 224.0
3414 203.0
3415 203.0
3416 518.0
3417 634.0
3418 263.0
3419 532.0
3420 169.0
3421 537.0
3422 532.0
3423 366.0
3424 633.0
3425 532.0
3426 363.0
3427 203.0
3428 363.0
3429 363.0
3430 187.0
3431 251.0
3432 491.0
3433 30.0
3434 471.0
3435 191.0
3436 443.0
3437 491.0
3438 491.0
3439 173.0
3440 169.0
3441 169.0
3442 574.0
3443 158.0
3444 203.0
3445 158.0
3446 251.0
3447 251.0
3448 251.0
3449 251.0
3450 251.0
3451 251.0
3452 251.0
3453 496.0
3454 251.0
3455 532.0
3456 504.0
3457 504.0
3458 505.0
3459 506.0
3460 506.0
3461 510.0
3462 185.0
3463 222.0
3464 105.0
3465 175.0
3466 291.0
3467 291.0
3468 634.0
3469 541.0
3470 203.0
3471 169.0
3472 537.0
3473 522.0
3474 633.0
3475 542.0
3476 169.0
3477 363.0
3478 473.0
3479 251.0
3480 203.0
3481 167.0
3482 252.0
3483 481.0
3484 159.0
3485 471.0
3486 252.0
3487 203.0
3488 398.0
3489 398.0
3490 180.0
3491 169.0
3492 587.0
3493 349.0
3494 158.0
3495 213.0
3496 203.0
3497 251.0
3498 251.0
3499 391.0
3500 203.0
3501 386.0
3502 251.0
3503 251.0
3504 532.0
3505 363.0
3506 532.0
3507 506.0
3508 504.0
3509 363.0
3510 363.0
3511 504.0
3512 510.0
3513 251.0
3514 251.0
3515 251.0
3516 203.0
3517 204.0
3518 350.0
3519 634.0
3520 251.0
3521 264.0
3522 203.0
3523 532.0
3524 532.0
3525 634.0
3526 363.0
3527 44.0
3528 290.0
3529 44.0
3530 364.0
3531 251.0
3532 167.0
3533 154.0
3534 491.0
3535 154.0
3536 471.0
3537 303.0
3538 196.0
3539 491.0
3540 397.0
3541 251.0
3542 169.0
3543 87.0
3544 251.0
3545 263.0
3546 158.0
3547 157.0
3548 291.0
3549 391.0
3550 386.0
3551 363.0
3552 251.0
3553 529.0
3554 251.0
3555 251.0
3556 251.0
3557 505.0
3558 386.0
3559 251.0
3560 363.0
3561 363.0
3562 384.0
3563 505.0
3564 181.0
3565 561.0
3566 224.0
3567 120.0
3568 203.0
3569 363.0
3570 634.0
3571 363.0
3572 550.0
3573 203.0
3574 537.0
3575 383.0
3576 634.0
3577 542.0
3578 252.0
3579 549.0
3580 169.0
3581 363.0
3582 203.0
3583 167.0
3584 132.0
3585 481.0
3586 33.0
3587 471.0
3588 449.0
3589 266.0
3590 251.0
3591 491.0
3592 381.0
3593 169.0
3594 251.0
3595 180.0
3596 391.0
3597 158.0
3598 203.0
3599 251.0
3600 170.0
3601 251.0
3602 363.0
3603 251.0
3604 500.0
3605 251.0
3606 496.0
3607 384.0
3608 532.0
3609 504.0
3610 504.0
3611 393.0
3612 252.0
3613 506.0
3614 505.0
3615 203.0
3616 251.0
3617 83.0
3618 106.0
3619 77.0
3620 363.0
3621 634.0
3622 263.0
3623 169.0
3624 169.0
3625 537.0
3626 169.0
3627 633.0
3628 634.0
3629 180.0
3630 363.0
3631 181.0
3632 302.0
3633 147.0
3634 333.0
3635 25.0
3636 491.0
3637 30.0
3638 471.0
3639 111.0
3640 203.0
3641 491.0
3642 491.0
3643 169.0
3644 203.0
3645 169.0
3646 251.0
3647 158.0
3648 197.0
3649 249.0
3650 251.0
3651 204.0
3652 251.0
3653 252.0
3654 539.0
3655 500.0
3656 251.0
3657 532.0
3658 363.0
3659 532.0
3660 204.0
3661 506.0
3662 505.0
3663 384.0
3664 506.0
3665 510.0
3666 181.0
3667 222.0
3668 203.0
3669 251.0
3670 536.0
3671 577.0
3672 634.0
3673 363.0
3674 169.0
3675 264.0
3676 537.0
3677 532.0
3678 366.0
3679 633.0
3680 203.0
3681 541.0
3682 315.0
3683 391.0
3684 363.0
3685 167.0
3686 204.0
3687 491.0
3688 120.0
3689 471.0
3690 327.0
3691 251.0
3692 251.0
3693 397.0
3694 587.0
3695 249.0
3696 169.0
3697 251.0
3698 0.0
3699 158.0
3700 157.0
3701 251.0
3702 251.0
3703 251.0
3704 191.0
3705 510.0
3706 251.0
3707 251.0
3708 251.0
3709 532.0
3710 532.0
3711 506.0
3712 504.0
3713 363.0
3714 363.0
3715 384.0
3716 528.0
3717 181.0
3718 309.0
3719 169.0
3720 519.0
3721 363.0
3722 577.0
3723 634.0
3724 266.0
3725 264.0
3726 203.0
3727 532.0
3728 522.0
3729 542.0
3730 542.0
3731 366.0
3732 587.0
3733 43.0
3734 121.0
3735 251.0
3736 167.0
3737 166.0
3738 491.0
3739 252.0
3740 471.0
3741 320.0
3742 159.0
3743 251.0
3744 37.0
3745 251.0
3746 169.0
3747 251.0
3748 251.0
3749 158.0
3750 158.0
3751 484.0
3752 122.0
3753 251.0
3754 386.0
3755 384.0
3756 251.0
3757 391.0
3758 251.0
3759 251.0
3760 504.0
3761 532.0
3762 532.0
3763 506.0
3764 505.0
3765 363.0
3766 506.0
3767 393.0
3768 251.0
3769 481.0
3770 116.0
3771 536.0
3772 536.0
3773 577.0
3774 634.0
3775 264.0
3776 390.0
3777 532.0
3778 537.0
3779 532.0
3780 634.0
3781 363.0
3782 482.0
3783 363.0
3784 179.0
3785 302.0
3786 363.0
3787 167.0
3788 14.0
3789 481.0
3790 30.0
3791 471.0
3792 266.0
3793 175.0
3794 491.0
3795 203.0
3796 251.0
3797 169.0
3798 251.0
3799 251.0
3800 181.0
3801 386.0
3802 312.0
3803 203.0
3804 147.0
3805 386.0
3806 251.0
3807 251.0
3808 529.0
3809 251.0
3810 501.0
3811 363.0
3812 532.0
3813 504.0
3814 504.0
3815 393.0
3816 251.0
3817 506.0
3818 510.0
3819 176.0
3820 222.0
3821 224.0
3822 536.0
3823 65.0
3824 536.0
3825 634.0
3826 363.0
3827 263.0
3828 264.0
3829 537.0
3830 525.0
3831 363.0
3832 517.0
3833 169.0
3834 363.0
3835 147.0
3836 264.0
3837 363.0
3838 167.0
3839 14.0
3840 491.0
3841 180.0
3842 471.0
3843 83.0
3844 209.0
3845 251.0
3846 587.0
3847 251.0
3848 169.0
3849 169.0
3850 169.0
3851 158.0
3852 197.0
3853 312.0
3854 251.0
3855 251.0
3856 251.0
3857 204.0
3858 391.0
3859 539.0
3860 251.0
3861 532.0
3862 363.0
3863 532.0
3864 506.0
3865 203.0
3866 510.0
3867 386.0
3868 384.0
3869 528.0
3870 251.0
3871 251.0
3872 204.0
3873 536.0
3874 363.0
3875 577.0
3876 634.0
3877 363.0
3878 264.0
3879 203.0
3880 537.0
3881 525.0
3882 634.0
3883 542.0
3884 180.0
3885 363.0
3886 252.0
3887 181.0
3888 126.0
3889 152.0
3890 148.0
3891 491.0
3892 203.0
3893 471.0
3894 251.0
3895 203.0
3896 319.0
3897 169.0
3898 203.0
3899 251.0
3900 473.0
3901 251.0
3902 158.0
3903 511.0
3904 251.0
3905 204.0
3906 251.0
3907 391.0
3908 204.0
3909 251.0
3910 251.0
3911 251.0
3912 251.0
3913 506.0
3914 532.0
3915 506.0
3916 506.0
3917 363.0
3918 363.0
3919 505.0
3920 393.0
3921 251.0
3922 317.0
3923 251.0
3924 520.0
3925 363.0
3926 577.0
3927 634.0
3928 363.0
3929 169.0
3930 363.0
3931 537.0
3932 532.0
3933 634.0
3934 542.0
3935 532.0
3936 311.0
3937 169.0
3938 455.0
3939 390.0
3940 333.0
3941 0.0
3942 491.0
3943 251.0
3944 471.0
3945 320.0
3946 325.0
3947 251.0
3948 251.0
3949 203.0
3950 251.0
3951 169.0
3952 251.0
3953 391.0
3954 158.0
3955 365.0
3956 203.0
3957 251.0
3958 386.0
3959 372.0
3960 539.0
3961 529.0
3962 251.0
3963 363.0
3964 506.0
3965 532.0
3966 504.0
3967 251.0
3968 363.0
3969 393.0
3970 506.0
3971 528.0
3972 203.0
3973 561.0
3974 121.0
3975 536.0
3976 527.0
3977 519.0
3978 634.0
3979 363.0
3980 169.0
3981 263.0
3982 537.0
3983 522.0
3984 363.0
3985 363.0
3986 174.0
3987 363.0
3988 54.0
3989 363.0
3990 363.0
3991 251.0
3992 203.0
3993 491.0
3994 0.0
3995 471.0
3996 320.0
3997 266.0
3998 180.0
3999 216.0
4000 251.0
4001 305.0
4002 240.0
4003 251.0
4004 203.0
4005 511.0
4006 203.0
4007 203.0
4008 251.0
4009 251.0
4010 252.0
4011 391.0
4012 539.0
4013 251.0
4014 496.0
4015 363.0
4016 532.0
4017 252.0
4018 251.0
4019 384.0
4020 363.0
4021 506.0
4022 528.0
4023 251.0
4024 222.0
4025 164.0
4026 536.0
4027 169.0
4028 577.0
4029 634.0
4030 363.0
4031 363.0
4032 394.0
4033 537.0
4034 532.0
4035 634.0
4036 633.0
4037 169.0
4038 541.0
4039 185.0
4040 363.0
4041 126.0
4042 251.0
4043 132.0
4044 491.0
4045 100.0
4046 471.0
4047 203.0
4048 145.0
4049 291.0
4050 249.0
4051 34.0
4052 169.0
4053 203.0
4054 203.0
4055 158.0
4056 386.0
4057 158.0
4058 204.0
4059 251.0
4060 251.0
4061 203.0
4062 251.0
4063 539.0
4064 251.0
4065 532.0
4066 363.0
4067 532.0
4068 506.0
4069 506.0
4070 505.0
4071 510.0
4072 506.0
4073 528.0
4074 187.0
4075 251.0
4076 224.0
4077 536.0
4078 577.0
4079 577.0
4080 634.0
4081 577.0
4082 266.0
4083 33.0
4084 537.0
4085 180.0
4086 542.0
4087 542.0
4088 319.0
4089 363.0
4090 390.0
4091 363.0
4092 464.0
4093 333.0
4094 29.0
4095 491.0
4096 154.0
4097 471.0
4098 203.0
4099 203.0
4100 169.0
4101 251.0
4102 223.0
4103 169.0
4104 251.0
4105 363.0
4106 391.0
4107 158.0
4108 363.0
4109 204.0
4110 251.0
4111 372.0
4112 363.0
4113 251.0
4114 539.0
4115 251.0
4116 363.0
4117 363.0
4118 532.0
4119 504.0
4120 506.0
4121 363.0
4122 505.0
4123 506.0
4124 528.0
4125 185.0
4126 317.0
4127 121.0
4128 536.0
4129 363.0
4130 577.0
4131 634.0
4132 363.0
4133 363.0
4134 363.0
4135 537.0
4136 522.0
4137 363.0
4138 634.0
4139 476.0
4140 363.0
4141 522.0
4142 363.0
4143 363.0
4144 166.0
4145 313.0
4146 481.0
4147 252.0
4148 471.0
4149 203.0
4150 256.0
4151 169.0
4152 216.0
4153 320.0
4154 305.0
4155 251.0
4156 363.0
4157 0.0
4158 158.0
4159 484.0
4160 204.0
4161 251.0
4162 391.0
4163 191.0
4164 532.0
4165 539.0
4166 251.0
4167 532.0
4168 363.0
4169 532.0
4170 506.0
4171 386.0
4172 506.0
4173 505.0
4174 506.0
4175 528.0
4176 251.0
4177 317.0
4178 289.0
4179 536.0
4180 142.0
4181 536.0
4182 634.0
4183 577.0
4184 363.0
4185 263.0
4186 537.0
4187 169.0
4188 366.0
4189 174.0
4190 532.0
4191 363.0
4192 181.0
4193 390.0
4194 471.0
4195 251.0
4196 169.0
4197 491.0
4198 203.0
4199 471.0
4200 203.0
4201 381.0
4202 251.0
4203 249.0
4204 251.0
4205 240.0
4206 251.0
4207 203.0
4208 343.0
4209 197.0
4210 363.0
4211 203.0
4212 251.0
4213 251.0
4214 185.0
4215 539.0
4216 539.0
4217 251.0
4218 532.0
4219 363.0
4220 532.0
4221 506.0
4222 386.0
4223 510.0
4224 363.0
4225 251.0
4226 528.0
4227 187.0
4228 251.0
4229 229.0
4230 536.0
4231 145.0
4232 363.0
4233 634.0
4234 536.0
4235 363.0
4236 203.0
4237 537.0
4238 364.0
4239 542.0
4240 363.0
4241 517.0
4242 174.0
4243 473.0
4244 169.0
4245 363.0
4246 251.0
4247 159.0
4248 491.0
4249 204.0
4250 471.0
4251 203.0
4252 107.0
4253 169.0
4254 493.0
4255 169.0
4256 251.0
4257 537.0
4258 203.0
4259 391.0
4260 197.0
4261 158.0
4262 204.0
4263 203.0
4264 251.0
4265 372.0
4266 251.0
4267 539.0
4268 251.0
4269 532.0
4270 251.0
4271 532.0
4272 506.0
4273 506.0
4274 363.0
4275 505.0
4276 506.0
4277 528.0
4278 0.0
4279 363.0
4280 116.0
4281 587.0
4282 363.0
4283 577.0
4284 634.0
4285 577.0
4286 363.0
4287 169.0
4288 537.0
4289 525.0
4290 363.0
4291 549.0
4292 311.0
4293 634.0
4294 390.0
4295 173.0
4296 203.0
4297 187.0
4298 29.0
4299 481.0
4300 340.0
4301 471.0
4302 203.0
4303 482.0
4304 203.0
4305 25.0
4306 169.0
4307 169.0
4308 251.0
4309 363.0
4310 181.0
4311 158.0
4312 367.0
4313 203.0
4314 251.0
4315 251.0
4316 191.0
4317 391.0
4318 539.0
4319 251.0
4320 532.0
4321 363.0
4322 532.0
4323 505.0
4324 506.0
4325 386.0
4326 505.0
4327 506.0
4328 528.0
4329 88.0
4330 363.0
4331 587.0
4332 577.0
4333 363.0
4334 577.0
4335 634.0
4336 577.0
4337 363.0
4338 269.0
4339 532.0
4340 169.0
4341 366.0
4342 634.0
4343 549.0
4344 363.0
4345 480.0
4346 390.0
4347 480.0
4348 251.0
4349 93.0
4350 491.0
4351 185.0
4352 471.0
4353 203.0
4354 443.0
4355 180.0
4356 203.0
4357 251.0
4358 537.0
4359 251.0
4360 363.0
4361 158.0
4362 158.0
4363 363.0
4364 203.0
4365 251.0
4366 398.0
4367 169.0
4368 529.0
4369 539.0
4370 251.0
4371 532.0
4372 363.0
4373 532.0
4374 504.0
4375 509.0
4376 363.0
4377 363.0
4378 506.0
4379 528.0
4380 251.0
4381 587.0
4382 587.0
4383 536.0
4384 169.0
4385 577.0
4386 634.0
4387 536.0
4388 363.0
4389 158.0
4390 537.0
4391 180.0
4392 542.0
4393 363.0
4394 532.0
4395 633.0
4396 329.0
4397 180.0
4398 363.0
4399 251.0
4400 93.0
4401 491.0
4402 203.0
4403 471.0
4404 203.0
4405 181.0
4406 169.0
4407 493.0
4408 223.0
4409 249.0
4410 537.0
4411 203.0
4412 349.0
4413 197.0
4414 165.0
4415 203.0
4416 251.0
4417 251.0
4418 251.0
4419 251.0
4420 539.0
4421 251.0
4422 532.0
4423 363.0
4424 505.0
4425 363.0
4426 504.0
4427 510.0
4428 510.0
4429 506.0
4430 528.0
4431 587.0
4432 587.0
4433 587.0
4434 536.0
4435 203.0
4436 363.0
4437 634.0
4438 577.0
4439 363.0
4440 173.0
4441 537.0
4442 525.0
4443 634.0
4444 542.0
4445 363.0
4446 311.0
4447 522.0
4448 522.0
4449 340.0
4450 342.0
4451 93.0
4452 491.0
4453 203.0
4454 471.0
4455 203.0
4456 266.0
4457 169.0
4458 251.0
4459 251.0
4460 169.0
4461 537.0
4462 203.0
4463 511.0
4464 386.0
4465 269.0
4466 203.0
4467 251.0
4468 251.0
4469 539.0
4470 251.0
4471 539.0
4472 251.0
4473 532.0
4474 76.0
4475 532.0
4476 506.0
4477 504.0
4478 505.0
4479 510.0
4480 506.0
4481 587.0
4482 587.0
4483 482.0
4484 587.0
4485 363.0
4486 363.0
4487 577.0
4488 634.0
4489 363.0
4490 363.0
4491 363.0
4492 537.0
4493 169.0
4494 363.0
4495 542.0
4496 363.0
4497 363.0
4498 180.0
4499 522.0
4500 522.0
4501 251.0
4502 29.0
4503 491.0
4504 154.0
4505 471.0
4506 203.0
4507 327.0
4508 180.0
4509 587.0
4510 266.0
4511 169.0
4512 305.0
4513 203.0
4514 181.0
4515 153.0
4516 249.0
4517 204.0
4518 251.0
4519 372.0
4520 363.0
4521 529.0
4522 539.0
4523 251.0
4524 532.0
4525 363.0
4526 532.0
4527 251.0
4528 506.0
4529 363.0
4530 363.0
4531 538.0
4532 561.0
4533 587.0
4534 587.0
4535 587.0
4536 363.0
4537 363.0
4538 577.0
4539 634.0
4540 577.0
4541 363.0
4542 53.0
4543 537.0
4544 180.0
4545 634.0
4546 363.0
4547 537.0
4548 363.0
4549 336.0
4550 203.0
4551 203.0
4552 269.0
4553 25.0
4554 481.0
4555 154.0
4556 471.0
4557 203.0
4558 181.0
4559 169.0
4560 324.0
4561 203.0
4562 251.0
4563 305.0
4564 363.0
4565 158.0
4566 297.0
4567 251.0
4568 251.0
4569 251.0
4570 510.0
4571 369.0
4572 539.0
4573 539.0
4574 251.0
4575 532.0
4576 505.0
4577 532.0
4578 251.0
4579 506.0
4580 363.0
4581 536.0
4582 490.0
4583 587.0
4584 545.0
4585 587.0
4586 587.0
4587 204.0
4588 88.0
4589 577.0
4590 634.0
4591 536.0
4592 363.0
4593 360.0
4594 537.0
4595 169.0
4596 634.0
4597 549.0
4598 549.0
4599 312.0
4600 320.0
4601 363.0
4602 390.0
4603 103.0
4604 93.0
4605 491.0
4606 164.0
4607 471.0
4608 203.0
4609 188.0
4610 169.0
4611 363.0
4612 203.0
4613 537.0
4614 305.0
4615 203.0
4616 490.0
4617 511.0
4618 269.0
4619 203.0
4620 251.0
4621 251.0
4622 251.0
4623 539.0
4624 539.0
4625 251.0
4626 532.0
4627 363.0
4628 532.0
4629 506.0
4630 504.0
4631 365.0
4632 365.0
4633 203.0
4634 365.0
4635 587.0
4636 545.0
4637 587.0
4638 363.0
4639 363.0
4640 363.0
4641 634.0
4642 536.0
4643 363.0
4644 203.0
4645 537.0
4646 532.0
4647 174.0
4648 549.0
4649 363.0
4650 251.0
4651 363.0
4652 363.0
4653 203.0
4654 98.0
4655 93.0
4656 491.0
4657 138.0
4658 471.0
4659 203.0
4660 178.0
4661 180.0
4662 251.0
4663 319.0
4664 169.0
4665 537.0
4666 203.0
4667 574.0
4668 197.0
4669 203.0
4670 251.0
4671 251.0
4672 251.0
4673 251.0
4674 539.0
4675 539.0
4676 251.0
4677 532.0
4678 363.0
4679 532.0
4680 506.0
4681 504.0
4682 541.0
4683 536.0
4684 251.0
4685 587.0
4686 587.0
4687 587.0
4688 587.0
4689 363.0
4690 363.0
4691 577.0
4692 634.0
4693 577.0
4694 363.0
4695 31.0
4696 537.0
4697 364.0
4698 634.0
4699 329.0
4700 311.0
4701 363.0
4702 44.0
4703 390.0
4704 169.0
4705 170.0
4706 93.0
4707 491.0
4708 154.0
4709 471.0
4710 203.0
4711 203.0
4712 169.0
4713 251.0
4714 169.0
4715 537.0
4716 251.0
4717 203.0
4718 333.0
4719 333.0
4720 312.0
4721 203.0
4722 251.0
4723 386.0
4724 372.0
4725 539.0
4726 539.0
4727 251.0
4728 532.0
4729 363.0
4730 532.0
4731 504.0
4732 389.0
4733 536.0
4734 536.0
4735 476.0
4736 561.0
4737 587.0
4738 587.0
4739 587.0
4740 178.0
4741 0.0
4742 577.0
4743 634.0
4744 577.0
4745 363.0
4746 587.0
4747 537.0
4748 522.0
4749 634.0
4750 363.0
4751 169.0
4752 363.0
4753 181.0
4754 522.0
4755 169.0
4756 251.0
4757 154.0
4758 491.0
4759 491.0
4760 471.0
4761 203.0
4762 181.0
4763 203.0
4764 203.0
4765 35.0
4766 243.0
4767 305.0
4768 203.0
4769 574.0
4770 158.0
4771 203.0
4772 203.0
4773 251.0
4774 251.0
4775 398.0
4776 529.0
4777 539.0
4778 251.0
4779 532.0
4780 363.0
4781 532.0
4782 504.0
4783 557.0
4784 365.0
4785 365.0
4786 496.0
4787 587.0
4788 569.0
4789 587.0
4790 587.0
4791 162.0
4792 577.0
4793 363.0
4794 634.0
4795 577.0
4796 363.0
4797 363.0
4798 363.0
4799 522.0
4800 633.0
4801 633.0
4802 633.0
4803 311.0
4804 341.0
4805 363.0
4806 390.0
4807 251.0
4808 93.0
4809 491.0
4810 170.0
4811 154.0
4812 203.0
4813 286.0
4814 169.0
4815 251.0
4816 251.0
4817 305.0
4818 305.0
4819 203.0
4820 251.0
4821 158.0
4822 312.0
4823 251.0
4824 166.0
4825 391.0
4826 251.0
4827 539.0
4828 539.0
4829 251.0
4830 532.0
4831 506.0
4832 532.0
4833 363.0
4834 307.0
4835 534.0
4836 365.0
4837 203.0
4838 546.0
4839 587.0
4840 587.0
4841 587.0
4842 363.0
4843 363.0
4844 363.0
4845 634.0
4846 577.0
4847 363.0
4848 37.0
4849 363.0
4850 631.0
4851 633.0
4852 549.0
4853 468.0
4854 363.0
4855 474.0
4856 522.0
4857 336.0
4858 203.0
4859 204.0
4860 491.0
4861 154.0
4862 154.0
4863 203.0
4864 266.0
4865 180.0
4866 169.0
4867 251.0
4868 169.0
4869 251.0
4870 203.0
4871 339.0
4872 158.0
4873 258.0
4874 203.0
4875 251.0
4876 510.0
4877 372.0
4878 529.0
4879 539.0
4880 251.0
4881 532.0
4882 506.0
4883 532.0
4884 252.0
4885 251.0
4886 185.0
4887 541.0
4888 490.0
4889 561.0
4890 587.0
4891 587.0
4892 569.0
4893 363.0
4894 263.0
4895 577.0
4896 634.0
4897 577.0
4898 363.0
4899 269.0
4900 220.0
4901 525.0
4902 633.0
4903 633.0
4904 537.0
4905 169.0
4906 395.0
4907 390.0
4908 390.0
4909 204.0
4910 29.0
4911 491.0
4912 313.0
4913 178.0
4914 203.0
4915 188.0
4916 180.0
4917 180.0
4918 169.0
4919 243.0
4920 169.0
4921 203.0
4922 339.0
4923 265.0
4924 257.0
4925 1.0
4926 286.0
4927 251.0
4928 529.0
4929 539.0
4930 539.0
4931 251.0
4932 532.0
4933 363.0
4934 532.0
4935 504.0
4936 524.0
4937 587.0
4938 536.0
4939 495.0
4940 587.0
4941 587.0
4942 587.0
4943 587.0
4944 161.0
4945 264.0
4946 577.0
4947 634.0
4948 577.0
4949 363.0
4950 251.0
4951 62.0
4952 180.0
4953 634.0
4954 363.0
4955 482.0
4956 363.0
4957 329.0
4958 470.0
4959 203.0
4960 507.0
4961 154.0
4962 491.0
4963 170.0
4964 0.0
4965 203.0
4966 144.0
4967 169.0
4968 203.0
4969 251.0
4970 251.0
4971 240.0
4972 203.0
4973 251.0
4974 153.0
4975 386.0
4976 203.0
4977 0.0
4978 251.0
4979 251.0
4980 539.0
4981 539.0
4982 251.0
4983 532.0
4984 505.0
4985 532.0
4986 538.0
4987 307.0
4988 203.0
4989 365.0
4990 287.0
4991 587.0
4992 587.0
4993 587.0
4994 587.0
4995 363.0
4996 536.0
4997 587.0
4998 634.0
4999 577.0
5000 363.0
5001 173.0
5002 169.0
5003 532.0
5004 634.0
5005 363.0
5006 180.0
5007 363.0
5008 334.0
5009 83.0
5010 390.0
5011 203.0
5012 318.0
5013 491.0
5014 252.0
5015 154.0
5016 203.0
5017 266.0
5018 169.0
5019 557.0
5020 169.0
5021 251.0
5022 249.0
5023 249.0
5024 339.0
5025 158.0
5026 203.0
5027 251.0
5028 480.0
5029 510.0
5030 251.0
5031 539.0
5032 539.0
5033 251.0
5034 532.0
5035 506.0
5036 538.0
5037 536.0
5038 363.0
5039 480.0
5040 365.0
5041 365.0
5042 587.0
5043 587.0
5044 587.0
5045 587.0
5046 363.0
5047 577.0
5048 363.0
5049 634.0
5050 536.0
5051 363.0
5052 451.0
5053 587.0
5054 532.0
5055 634.0
5056 549.0
5057 180.0
5058 180.0
5059 363.0
5060 522.0
5061 336.0
5062 251.0
5063 493.0
5064 491.0
5065 481.0
5066 164.0
5067 203.0
5068 311.0
5069 169.0
5070 169.0
5071 169.0
5072 249.0
5073 169.0
5074 203.0
5075 574.0
5076 158.0
5077 157.0
5078 204.0
5079 251.0
5080 386.0
5081 369.0
5082 539.0
5083 539.0
5084 251.0
5085 532.0
5086 527.0
5087 538.0
5088 557.0
5089 489.0
5090 536.0
5091 501.0
5092 476.0
5093 575.0
5094 587.0
5095 587.0
5096 315.0
5097 161.0
5098 363.0
5099 577.0
5100 634.0
