1 38.0
2 38.0
3 192.0
4 38.0
5 38.0
6 33.0
7 38.0
8 38.0
9 38.0
10 30.0
11 33.0
12 33.0
13 31.0
14 38.0
15 38.0
16 93.0
17 32.0
18 33.0
19 104.0
20 175.0
21 24.0
22 25.0
23 38.0
24 33.0
25 30.0
26 38.0
27 38.0
28 158.0
29 31.0
30 33.0
31 33.0
32 30.0
33 32.0
34 0.0
35 30.0
36 163.0
37 32.0
38 32.0
39 175.0
40 35.0
41 137.0
42 32.0
43 147.0
44 32.0
45 0.0
46 44.0
47 33.0
48 32.0
49 33.0
50 0.0
51 192.0
52 38.0
53 38.0
54 38.0
55 65.0
56 187.0
57 202.0
58 174.0
59 67.0
60 100.0
61 38.0
62 32.0
63 252.0
64 181.0
65 204.0
66 38.0
67 93.0
68 38.0
69 97.0
70 57.0
71 158.0
72 170.0
73 30.0
74 37.0
75 33.0
76 175.0
77 104.0
78 33.0
79 33.0
80 67.0
81 251.0
82 181.0
83 1.0
84 45.0
85 25.0
86 186.0
87 203.0
88 32.0
89 116.0
90 56.0
91 64.0
92 38.0
93 203.0
94 203.0
95 251.0
96 44.0
97 33.0
98 38.0
99 83.0
100 203.0
101 43.0
102 252.0
103 38.0
104 203.0
105 197.0
106 252.0
107 203.0
108 252.0
109 251.0
110 180.0
111 169.0
112 252.0
113 203.0
114 252.0
115 204.0
116 204.0
117 203.0
118 93.0
119 251.0
120 251.0
121 104.0
122 202.0
123 203.0
124 38.0
125 204.0
126 159.0
127 60.0
128 203.0
129 202.0
130 38.0
131 203.0
132 251.0
133 203.0
134 56.0
135 202.0
136 251.0
137 252.0
138 204.0
139 203.0
140 252.0
141 186.0
142 252.0
143 89.0
144 204.0
145 203.0
146 251.0
147 203.0
148 159.0
149 251.0
150 251.0
151 252.0
152 203.0
153 252.0
154 252.0
155 204.0
156 203.0
157 251.0
158 252.0
159 191.0
160 203.0
161 251.0
162 315.0
163 251.0
164 315.0
165 47.0
166 203.0
167 32.0
168 203.0
169 0.0
170 0.0
171 252.0
172 93.0
173 196.0
174 331.0
175 252.0
176 204.0
177 203.0
178 0.0
179 315.0
180 252.0
181 203.0
182 203.0
183 203.0
184 185.0
185 203.0
186 203.0
187 315.0
188 261.0
189 203.0
190 251.0
191 203.0
192 101.0
193 203.0
194 204.0
195 203.0
196 143.0
197 196.0
198 204.0
199 203.0
200 331.0
201 178.0
202 203.0
203 315.0
204 331.0
205 251.0
206 203.0
207 204.0
208 315.0
209 204.0
210 291.0
211 251.0
212 251.0
213 202.0
214 94.0
215 251.0
216 204.0
217 315.0
218 252.0
219 252.0
220 0.0
221 204.0
222 203.0
223 93.0
224 137.0
225 252.0
226 204.0
227 203.0
228 204.0
229 269.0
230 204.0
231 203.0
232 252.0
233 203.0
234 119.0
235 203.0
236 268.0
237 251.0
238 315.0
239 83.0
240 203.0
241 252.0
242 138.0
243 0.0
244 204.0
245 252.0
246 165.0
247 203.0
248 203.0
249 203.0
250 251.0
251 315.0
252 175.0
253 251.0
254 203.0
255 331.0
256 45.0
257 313.0
258 251.0
259 170.0
260 252.0
261 98.0
262 202.0
263 203.0
264 203.0
265 99.0
266 251.0
267 204.0
268 162.0
269 251.0
270 104.0
271 98.0
272 331.0
273 203.0
274 61.0
275 99.0
276 252.0
277 203.0
278 164.0
279 203.0
280 203.0
281 203.0
282 203.0
283 251.0
284 252.0
285 185.0
286 251.0
287 251.0
288 252.0
289 0.0
290 196.0
291 203.0
292 315.0
293 252.0
294 164.0
295 105.0
296 203.0
297 315.0
298 315.0
299 315.0
300 204.0
301 203.0
302 252.0
303 187.0
304 203.0
305 332.0
306 332.0
307 203.0
308 324.0
309 268.0
310 169.0
311 251.0
312 305.0
313 252.0
314 315.0
315 169.0
316 0.0
317 39.0
318 203.0
319 252.0
320 203.0
321 251.0
322 175.0
323 169.0
324 202.0
325 180.0
326 204.0
327 159.0
328 203.0
329 203.0
330 33.0
331 2.0
332 203.0
333 203.0
334 251.0
335 204.0
336 95.0
337 202.0
338 2.0
339 252.0
340 171.0
341 202.0
342 186.0
343 203.0
344 203.0
345 251.0
346 252.0
347 316.0
348 203.0
349 234.0
350 178.0
351 204.0
352 240.0
353 203.0
354 175.0
355 203.0
356 0.0
357 332.0
358 251.0
359 180.0
360 203.0
361 155.0
362 204.0
363 218.0
364 76.0
365 14.0
366 203.0
367 331.0
368 203.0
369 34.0
370 180.0
371 176.0
372 203.0
373 185.0
374 203.0
375 251.0
376 33.0
377 203.0
378 332.0
379 180.0
380 169.0
381 7.0
382 0.0
383 203.0
384 159.0
385 66.0
386 152.0
387 0.0
388 395.0
389 99.0
390 252.0
391 315.0
392 105.0
393 162.0
394 315.0
395 252.0
396 175.0
397 191.0
398 180.0
399 203.0
400 203.0
401 169.0
402 29.0
403 203.0
404 286.0
405 203.0
406 251.0
407 168.0
408 395.0
409 147.0
410 144.0
411 203.0
412 94.0
413 331.0
414 104.0
415 204.0
416 140.0
417 193.0
418 311.0
419 189.0
420 0.0
421 203.0
422 252.0
423 163.0
424 8.0
425 192.0
426 301.0
427 38.0
428 191.0
429 252.0
430 0.0
431 158.0
432 204.0
433 160.0
434 160.0
435 0.0
436 251.0
437 248.0
438 43.0
439 331.0
440 252.0
441 38.0
442 151.0
443 251.0
444 180.0
445 251.0
446 160.0
447 195.0
448 332.0
449 315.0
450 267.0
451 315.0
452 158.0
453 0.0
454 203.0
455 204.0
456 97.0
457 136.0
458 204.0
459 395.0
460 251.0
461 191.0
462 315.0
463 252.0
464 175.0
465 203.0
466 315.0
467 251.0
468 191.0
469 0.0
470 315.0
471 174.0
472 169.0
473 191.0
474 185.0
475 181.0
476 104.0
477 203.0
478 33.0
479 332.0
480 251.0
481 169.0
482 0.0
483 315.0
484 252.0
485 0.0
486 203.0
487 203.0
488 252.0
489 114.0
490 176.0
491 204.0
492 203.0
493 315.0
494 204.0
495 142.0
496 176.0
497 204.0
498 152.0
499 166.0
500 332.0
501 203.0
502 166.0
503 7.0
504 63.0
505 158.0
506 183.0
507 174.0
508 315.0
509 203.0
510 395.0
511 176.0
512 204.0
513 331.0
514 148.0
515 169.0
516 67.0
517 203.0
518 152.0
519 240.0
520 156.0
521 175.0
522 331.0
523 294.0
524 236.0
525 315.0
526 175.0
527 204.0
528 203.0
529 33.0
530 251.0
531 332.0
532 49.0
533 0.0
534 311.0
535 2.0
536 203.0
537 252.0
538 203.0
539 203.0
540 148.0
541 251.0
542 252.0
543 184.0
544 316.0
545 158.0
546 0.0
547 203.0
548 251.0
549 154.0
550 169.0
551 331.0
552 203.0
553 170.0
554 81.0
555 169.0
556 204.0
557 331.0
558 252.0
559 183.0
560 0.0
561 395.0
562 251.0
563 203.0
564 147.0
565 0.0
566 196.0
567 121.0
568 98.0
569 203.0
570 207.0
571 315.0
572 203.0
573 305.0
574 185.0
575 203.0
576 204.0
577 251.0
578 142.0
579 251.0
580 185.0
581 203.0
582 152.0
583 332.0
584 28.0
585 105.0
586 147.0
587 152.0
588 363.0
589 251.0
590 116.0
591 120.0
592 202.0
593 395.0
594 202.0
595 203.0
596 199.0
597 252.0
598 153.0
599 144.0
600 327.0
601 281.0
602 331.0
603 157.0
604 165.0
605 204.0
606 40.0
607 233.0
608 203.0
609 191.0
610 252.0
611 252.0
612 395.0
613 251.0
614 203.0
615 175.0
616 331.0
617 165.0
618 175.0
619 174.0
620 395.0
621 0.0
622 316.0
623 175.0
624 203.0
625 315.0
626 251.0
627 203.0
628 169.0
629 105.0
630 204.0
631 174.0
632 204.0
633 132.0
634 249.0
635 203.0
636 137.0
637 163.0
638 92.0
639 300.0
640 251.0
641 141.0
642 186.0
643 332.0
644 203.0
645 331.0
646 252.0
647 185.0
648 251.0
649 105.0
650 203.0
651 261.0
652 204.0
653 331.0
654 180.0
655 331.0
656 0.0
657 0.0
658 252.0
659 203.0
660 203.0
661 203.0
662 251.0
663 395.0
664 203.0
665 185.0
666 251.0
667 164.0
668 164.0
669 203.0
670 146.0
671 331.0
672 203.0
673 203.0
674 251.0
675 203.0
676 169.0
677 331.0
678 315.0
679 169.0
680 251.0
681 160.0
682 105.0
683 0.0
684 331.0
685 203.0
686 44.0
687 34.0
688 163.0
689 251.0
690 331.0
691 316.0
692 251.0
693 252.0
694 331.0
695 204.0
696 303.0
697 331.0
698 315.0
699 251.0
700 331.0
701 251.0
702 174.0
703 332.0
704 332.0
705 204.0
706 251.0
707 38.0
708 78.0
709 197.0
710 169.0
711 315.0
712 0.0
713 44.0
714 395.0
715 203.0
716 142.0
717 251.0
718 203.0
719 153.0
720 0.0
721 98.0
722 175.0
723 251.0
724 316.0
725 251.0
726 251.0
727 185.0
728 226.0
729 251.0
730 175.0
731 203.0
732 331.0
733 109.0
734 203.0
735 169.0
736 43.0
737 163.0
738 0.0
739 158.0
740 66.0
741 98.0
742 111.0
743 251.0
744 104.0
745 316.0
746 204.0
747 251.0
748 300.0
749 164.0
750 308.0
751 204.0
752 252.0
753 203.0
754 185.0
755 332.0
756 203.0
757 251.0
758 203.0
759 204.0
760 252.0
761 251.0
762 203.0
763 315.0
764 315.0
765 395.0
766 316.0
767 203.0
768 78.0
769 173.0
770 203.0
771 111.0
772 332.0
773 204.0
774 203.0
775 251.0
776 315.0
777 315.0
778 218.0
779 252.0
780 315.0
781 185.0
782 175.0
783 295.0
784 164.0
785 153.0
786 316.0
787 332.0
788 203.0
789 50.0
790 180.0
791 180.0
792 147.0
793 251.0
794 310.0
795 315.0
796 251.0
797 300.0
798 203.0
799 169.0
800 220.0
801 55.0
802 332.0
803 251.0
804 203.0
805 170.0
806 203.0
807 180.0
808 252.0
809 251.0
810 203.0
811 100.0
812 203.0
813 203.0
814 251.0
815 115.0
816 395.0
817 203.0
818 204.0
819 316.0
820 331.0
821 158.0
822 191.0
823 204.0
824 276.0
825 251.0
826 204.0
827 169.0
828 234.0
829 184.0
830 251.0
831 203.0
832 0.0
833 203.0
834 301.0
835 251.0
836 204.0
837 203.0
838 331.0
839 38.0
840 137.0
841 223.0
842 331.0
843 331.0
844 252.0
845 203.0
846 203.0
847 251.0
848 315.0
849 251.0
850 99.0
851 252.0
852 203.0
853 315.0
854 252.0
855 174.0
856 331.0
857 332.0
858 203.0
859 252.0
860 174.0
861 0.0
862 270.0
863 180.0
864 251.0
865 251.0
866 121.0
867 395.0
868 315.0
869 155.0
870 203.0
871 315.0
872 145.0
873 191.0
874 143.0
875 331.0
876 0.0
877 244.0
878 203.0
879 204.0
880 196.0
881 225.0
882 316.0
883 311.0
884 132.0
885 295.0
886 114.0
887 331.0
888 242.0
889 331.0
890 0.0
891 0.0
892 158.0
893 121.0
894 203.0
895 89.0
896 204.0
897 331.0
898 331.0
899 299.0
900 251.0
901 331.0
902 331.0
903 49.0
904 316.0
905 202.0
906 186.0
907 252.0
908 148.0
909 174.0
910 192.0
911 204.0
912 204.0
913 117.0
914 191.0
915 174.0
916 203.0
917 6.0
918 395.0
919 312.0
920 203.0
921 238.0
922 331.0
923 0.0
924 180.0
925 147.0
926 151.0
927 162.0
928 173.0
929 203.0
930 251.0
931 78.0
932 252.0
933 331.0
934 176.0
935 103.0
936 395.0
937 44.0
938 331.0
939 202.0
940 315.0
941 72.0
942 30.0
943 169.0
944 252.0
945 203.0
946 251.0
947 251.0
948 165.0
949 315.0
950 203.0
951 252.0
952 204.0
953 251.0
954 203.0
955 190.0
956 158.0
957 169.0
958 299.0
959 203.0
960 0.0
961 193.0
962 180.0
963 63.0
964 203.0
965 207.0
966 169.0
967 395.0
968 251.0
969 395.0
970 315.0
971 251.0
972 203.0
973 251.0
974 0.0
975 169.0
976 147.0
977 276.0
978 0.0
979 164.0
980 331.0
981 315.0
982 169.0
983 252.0
984 315.0
985 252.0
986 252.0
987 204.0
988 331.0
989 332.0
990 169.0
991 310.0
992 73.0
993 56.0
994 169.0
995 204.0
996 196.0
997 203.0
998 331.0
999 251.0
1000 315.0
1001 316.0
1002 203.0
1003 315.0
1004 331.0
1005 331.0
1006 251.0
1007 331.0
1008 174.0
1009 328.0
1010 192.0
1011 196.0
1012 331.0
1013 151.0
1014 63.0
1015 160.0
1016 204.0
1017 315.0
1018 332.0
1019 0.0
1020 395.0
1021 315.0
1022 315.0
1023 203.0
1024 61.0
1025 149.0
1026 158.0
1027 203.0
1028 191.0
1029 8.0
1030 304.0
1031 169.0
1032 282.0
1033 95.0
1034 251.0
1035 252.0
1036 166.0
1037 203.0
1038 315.0
1039 204.0
1040 395.0
1041 251.0
1042 331.0
1043 0.0
1044 137.0
1045 169.0
1046 271.0
1047 147.0
1048 203.0
1049 196.0
1050 332.0
1051 315.0
1052 268.0
1053 331.0
1054 315.0
1055 315.0
1056 203.0
1057 331.0
1058 252.0
1059 203.0
1060 395.0
1061 332.0
1062 152.0
1063 203.0
1064 251.0
1065 0.0
1066 251.0
1067 180.0
1068 315.0
1069 315.0
1070 204.0
1071 395.0
1072 404.0
1073 203.0
1074 203.0
1075 170.0
1076 0.0
1077 158.0
1078 50.0
1079 160.0
1080 0.0
1081 209.0
1082 316.0
1083 204.0
1084 78.0
1085 251.0
1086 331.0
1087 204.0
1088 252.0
1089 186.0
1090 251.0
1091 196.0
1092 251.0
1093 203.0
1094 0.0
1095 30.0
1096 169.0
1097 203.0
1098 315.0
1099 203.0
1100 302.0
1101 315.0
1102 331.0
1103 204.0
1104 185.0
1105 331.0
1106 164.0
1107 203.0
1108 301.0
1109 332.0
1110 266.0
1111 251.0
1112 203.0
1113 180.0
1114 152.0
1115 180.0
1116 252.0
1117 30.0
1118 252.0
1119 169.0
1120 218.0
1121 0.0
1122 404.0
1123 185.0
1124 331.0
1125 252.0
1126 153.0
1127 0.0
1128 293.0
1129 315.0
1130 251.0
1131 180.0
1132 175.0
1133 331.0
1134 252.0
1135 203.0
1136 268.0
1137 331.0
1138 607.0
1139 203.0
1140 169.0
1141 160.0
1142 203.0
1143 203.0
1144 20.0
1145 204.0
1146 33.0
1147 169.0
1148 180.0
1149 204.0
1150 315.0
1151 321.0
1152 315.0
1153 315.0
1154 315.0
1155 203.0
1156 202.0
1157 315.0
1158 251.0
1159 251.0
1160 316.0
1161 331.0
1162 315.0
1163 204.0
1164 0.0
1165 203.0
1166 315.0
1167 204.0
1168 316.0
1169 196.0
1170 203.0
1171 331.0
1172 332.0
1173 607.0
1174 251.0
1175 218.0
1176 164.0
1177 315.0
1178 0.0
1179 187.0
1180 203.0
1181 203.0
1182 331.0
1183 169.0
1184 180.0
1185 81.0
1186 88.0
1187 49.0
1188 191.0
1189 331.0
1190 191.0
1191 331.0
1192 331.0
1193 331.0
1194 331.0
1195 251.0
1196 331.0
1197 203.0
1198 169.0
1199 251.0
1200 356.0
1201 55.0
1202 331.0
1203 185.0
1204 251.0
1205 312.0
1206 164.0
1207 607.0
1208 607.0
1209 185.0
1210 331.0
1211 251.0
1212 251.0
1213 842.0
1214 185.0
1215 158.0
1216 316.0
1217 251.0
1218 163.0
1219 203.0
1220 203.0
1221 169.0
1222 169.0
1223 203.0
1224 842.0
1225 0.0
1226 298.0
1227 204.0
1228 169.0
1229 147.0
1230 331.0
1231 103.0
1232 276.0
1233 395.0
1234 395.0
1235 203.0
1236 0.0
1237 73.0
1238 251.0
1239 316.0
1240 251.0
1241 203.0
1242 203.0
1243 331.0
1244 203.0
1245 257.0
1246 295.0
1247 0.0
1248 203.0
1249 169.0
1250 61.0
1251 115.0
1252 202.0
1253 180.0
1254 169.0
1255 132.0
1256 258.0
1257 169.0
1258 356.0
1259 411.0
1260 138.0
1261 169.0
1262 175.0
1263 158.0
1264 185.0
1265 203.0
1266 151.0
1267 164.0
1268 175.0
1269 203.0
1270 30.0
1271 103.0
1272 169.0
1273 104.0
1274 275.0
1275 842.0
1276 331.0
1277 251.0
1278 374.0
1279 120.0
1280 108.0
1281 152.0
1282 203.0
1283 180.0
1284 185.0
1285 191.0
1286 251.0
1287 0.0
1288 202.0
1289 331.0
1290 203.0
1291 169.0
1292 203.0
1293 293.0
1294 0.0
1295 169.0
1296 203.0
1297 185.0
1298 331.0
1299 0.0
1300 169.0
1301 158.0
1302 490.0
1303 315.0
1304 191.0
1305 164.0
1306 176.0
1307 202.0
1308 174.0
1309 395.0
1310 596.0
1311 204.0
1312 39.0
1313 315.0
1314 251.0
1315 331.0
1316 315.0
1317 252.0
1318 203.0
1319 203.0
1320 203.0
1321 315.0
1322 203.0
1323 185.0
1324 631.0
1325 147.0
1326 842.0
1327 331.0
1328 220.0
1329 395.0
1330 315.0
1331 165.0
1332 197.0
1333 0.0
1334 203.0
1335 511.0
1336 169.0
1337 159.0
1338 203.0
1339 185.0
1340 251.0
1341 331.0
1342 268.0
1343 143.0
1344 289.0
1345 185.0
1346 331.0
1347 0.0
1348 130.0
1349 32.0
1350 0.0
1351 169.0
1352 252.0
1353 186.0
1354 169.0
1355 268.0
1356 331.0
1357 331.0
1358 667.0
1359 251.0
1360 203.0
1361 315.0
1362 331.0
1363 203.0
1364 315.0
1365 288.0
1366 331.0
1367 315.0
1368 191.0
1369 331.0
1370 304.0
1371 252.0
1372 203.0
1373 203.0
1374 315.0
1375 251.0
1376 315.0
1377 842.0
1378 331.0
1379 315.0
1380 203.0
1381 203.0
1382 23.0
1383 251.0
1384 203.0
1385 331.0
1386 268.0
1387 169.0
1388 251.0
1389 316.0
1390 73.0
1391 147.0
1392 147.0
1393 331.0
1394 315.0
1395 331.0
1396 251.0
1397 276.0
1398 313.0
1399 0.0
1400 158.0
1401 251.0
1402 169.0
1403 204.0
1404 316.0
1405 331.0
1406 169.0
1407 252.0
1408 331.0
1409 331.0
1410 203.0
1411 315.0
1412 315.0
1413 185.0
1414 136.0
1415 251.0
1416 262.0
1417 203.0
1418 647.0
1419 191.0
1420 169.0
1421 315.0
1422 180.0
1423 251.0
1424 216.0
1425 182.0
1426 331.0
1427 24.0
1428 842.0
1429 75.0
1430 251.0
1431 251.0
1432 331.0
1433 33.0
1434 30.0
1435 404.0
1436 251.0
1437 185.0
1438 239.0
1439 331.0
1440 0.0
1441 185.0
1442 584.0
1443 252.0
1444 395.0
1445 331.0
1446 419.0
1447 395.0
1448 316.0
1449 185.0
1450 331.0
1451 181.0
1452 121.0
1453 169.0
1454 179.0
1455 185.0
1456 203.0
1457 203.0
1458 203.0
1459 315.0
1460 309.0
1461 169.0
1462 252.0
1463 315.0
1464 152.0
1465 331.0
1466 331.0
1467 251.0
1468 331.0
1469 667.0
1470 176.0
1471 185.0
1472 180.0
1473 204.0
1474 58.0
1475 110.0
1476 246.0
1477 191.0
1478 315.0
1479 842.0
1480 203.0
1481 251.0
1482 251.0
1483 297.0
1484 13.0
1485 180.0
1486 235.0
1487 251.0
1488 411.0
1489 169.0
1490 251.0
1491 0.0
1492 185.0
1493 331.0
1494 575.0
1495 181.0
1496 315.0
1497 331.0
1498 203.0
1499 331.0
1500 245.0
1501 315.0
1502 554.0
1503 60.0
1504 169.0
1505 502.0
1506 614.0
1507 0.0
1508 315.0
1509 331.0
1510 315.0
1511 316.0
1512 332.0
1513 315.0
1514 411.0
1515 186.0
1516 276.0
1517 220.0
1518 251.0
1519 331.0
1520 185.0
1521 104.0
1522 251.0
1523 104.0
1524 204.0
1525 203.0
1526 203.0
1527 331.0
1528 290.0
1529 315.0
1530 842.0
1531 251.0
1532 251.0
1533 164.0
1534 7.0
1535 154.0
1536 37.0
1537 331.0
1538 331.0
1539 331.0
1540 169.0
1541 169.0
1542 664.0
1543 73.0
1544 55.0
1545 251.0
1546 203.0
1547 290.0
1548 185.0
1549 315.0
1550 331.0
1551 395.0
1552 189.0
1553 32.0
1554 18.0
1555 169.0
1556 251.0
1557 315.0
1558 315.0
1559 158.0
1560 331.0
1561 331.0
1562 331.0
1563 332.0
1564 315.0
1565 251.0
1566 331.0
1567 185.0
1568 296.0
1569 331.0
1570 331.0
1571 185.0
1572 141.0
1573 203.0
1574 170.0
1575 32.0
1576 203.0
1577 252.0
1578 251.0
1579 395.0
1580 44.0
1581 842.0
1582 331.0
1583 331.0
1584 252.0
1585 251.0
1586 251.0
1587 186.0
1588 331.0
1589 331.0
1590 279.0
1591 164.0
1592 251.0
1593 315.0
1594 174.0
1595 315.0
1596 411.0
1597 331.0
1598 316.0
1599 251.0
1600 331.0
1601 315.0
1602 315.0
1603 331.0
1604 33.0
1605 315.0
1606 169.0
1607 163.0
1608 315.0
1609 185.0
1610 315.0
1611 395.0
1612 204.0
1613 203.0
1614 162.0
1615 395.0
1616 331.0
1617 331.0
1618 251.0
1619 332.0
1620 174.0
1621 331.0
1622 315.0
1623 174.0
1624 175.0
1625 315.0
1626 32.0
1627 191.0
1628 411.0
1629 498.0
1630 395.0
1631 0.0
1632 842.0
1633 268.0
1634 331.0
1635 251.0
1636 645.0
1637 147.0
1638 251.0
1639 315.0
1640 203.0
1641 251.0
1642 164.0
1643 251.0
1644 327.0
1645 174.0
1646 331.0
1647 252.0
1648 331.0
1649 273.0
1650 148.0
1651 204.0
1652 331.0
1653 196.0
1654 204.0
1655 395.0
1656 203.0
1657 169.0
1658 179.0
1659 315.0
1660 251.0
1661 148.0
1662 192.0
1663 221.0
1664 169.0
1665 175.0
1666 331.0
1667 411.0
1668 98.0
1669 53.0
1670 332.0
1671 251.0
1672 331.0
1673 331.0
1674 145.0
1675 175.0
1676 252.0
1677 204.0
1678 660.0
1679 251.0
1680 185.0
1681 395.0
1682 203.0
1683 842.0
1684 204.0
1685 299.0
1686 315.0
1687 331.0
1688 315.0
1689 43.0
1690 315.0
1691 331.0
1692 411.0
1693 169.0
1694 180.0
1695 0.0
1696 32.0
1697 83.0
1698 251.0
1699 164.0
1700 251.0
1701 285.0
1702 251.0
1703 203.0
1704 147.0
1705 276.0
1706 185.0
1707 32.0
1708 169.0
1709 331.0
1710 315.0
1711 331.0
1712 377.0
1713 331.0
1714 331.0
1715 301.0
1716 126.0
1717 331.0
1718 251.0
1719 331.0
1720 191.0
1721 216.0
1722 331.0
1723 331.0
1724 203.0
1725 87.0
1726 174.0
1727 109.0
1728 204.0
1729 331.0
1730 315.0
1731 611.0
1732 251.0
1733 203.0
1734 842.0
1735 331.0
1736 251.0
1737 331.0
1738 315.0
1739 315.0
1740 186.0
1741 251.0
1742 550.0
1743 331.0
1744 164.0
1745 169.0
1746 316.0
1747 90.0
1748 331.0
1749 331.0
1750 331.0
1751 203.0
1752 331.0
1753 316.0
1754 315.0
1755 576.0
1756 169.0
1757 265.0
1758 315.0
1759 169.0
1760 331.0
1761 138.0
1762 395.0
1763 411.0
1764 522.0
1765 331.0
1766 331.0
1767 600.0
1768 268.0
1769 607.0
1770 203.0
1771 180.0
1772 315.0
1773 331.0
1774 331.0
1775 667.0
1776 148.0
1777 268.0
1778 203.0
1779 180.0
1780 411.0
1781 0.0
1782 1164.0
1783 315.0
1784 251.0
1785 1164.0
1786 331.0
1787 295.0
1788 252.0
1789 331.0
1790 191.0
1791 251.0
1792 331.0
1793 331.0
1794 293.0
1795 169.0
1796 209.0
1797 278.0
1798 185.0
1799 315.0
1800 315.0
1801 203.0
1802 331.0
1803 331.0
1804 331.0
1805 251.0
1806 251.0
1807 185.0
1808 251.0
1809 203.0
1810 169.0
1811 203.0
1812 331.0
1813 331.0
1814 251.0
1815 395.0
1816 0.0
1817 251.0
1818 0.0
1819 315.0
1820 331.0
1821 104.0
1822 191.0
1823 331.0
1824 315.0
1825 667.0
1826 411.0
1827 331.0
1828 185.0
1829 177.0
1830 32.0
1831 315.0
1832 331.0
1833 499.0
1834 395.0
1835 178.0
1836 1164.0
1837 180.0
1838 203.0
1839 251.0
1840 367.0
1841 203.0
1842 43.0
1843 257.0
1844 667.0
1845 315.0
1846 169.0
1847 209.0
1848 0.0
1849 174.0
1850 185.0
1851 252.0
1852 316.0
1853 204.0
1854 161.0
1855 822.0
1856 315.0
1857 251.0
1858 315.0
1859 315.0
1860 44.0
1861 169.0
1862 171.0
1863 251.0
1864 315.0
1865 714.0
1866 251.0
1867 315.0
1868 315.0
1869 93.0
1870 395.0
1871 316.0
1872 104.0
1873 499.0
1874 216.0
1875 331.0
1876 203.0
1877 331.0
1878 150.0
1879 0.0
1880 331.0
1881 204.0
1882 599.0
1883 331.0
1884 331.0
1885 331.0
1886 331.0
1887 1164.0
1888 203.0
1889 331.0
1890 331.0
1891 251.0
1892 251.0
1893 331.0
1894 268.0
1895 185.0
1896 315.0
1897 164.0
1898 169.0
1899 315.0
1900 78.0
1901 180.0
1902 635.0
1903 395.0
1904 331.0
1905 331.0
1906 395.0
1907 251.0
1908 169.0
1909 169.0
1910 251.0
1911 331.0
1912 169.0
1913 331.0
1914 203.0
1915 203.0
1916 180.0
1917 252.0
1918 185.0
1919 315.0
1920 31.0
1921 268.0
1922 395.0
1923 203.0
1924 203.0
1925 294.0
1926 203.0
1927 185.0
1928 395.0
1929 167.0
1930 185.0
1931 315.0
1932 315.0
1933 316.0
1934 315.0
1935 395.0
1936 332.0
1937 615.0
1938 1164.0
1939 331.0
1940 251.0
1941 196.0
1942 411.0
1943 170.0
1944 186.0
1945 331.0
1946 411.0
1947 292.0
1948 164.0
1949 164.0
1950 276.0
1951 200.0
1952 315.0
1953 648.0
1954 331.0
1955 331.0
1956 331.0
1957 331.0
1958 331.0
1959 180.0
1960 185.0
1961 32.0
1962 315.0
1963 169.0
1964 315.0
1965 331.0
1966 499.0
1967 627.0
1968 331.0
1969 176.0
1970 301.0
1971 11.0
1972 567.0
1973 331.0
1974 315.0
1975 203.0
1976 331.0
1977 158.0
1978 331.0
1979 331.0
1980 331.0
1981 315.0
1982 331.0
1983 268.0
1984 203.0
1985 251.0
1986 395.0
1987 331.0
1988 316.0
1989 1164.0
1990 251.0
1991 251.0
1992 331.0
1993 331.0
1994 331.0
1995 108.0
1996 411.0
1997 294.0
1998 315.0
1999 169.0
2000 169.0
2001 0.0
2002 185.0
2003 98.0
2004 331.0
2005 300.0
2006 331.0
2007 251.0
2008 331.0
2009 251.0
2010 380.0
2011 49.0
2012 158.0
2013 251.0
2014 169.0
2015 175.0
2016 331.0
2017 713.0
2018 655.0
2019 565.0
2020 331.0
2021 251.0
2022 32.0
2023 316.0
2024 331.0
2025 251.0
2026 131.0
2027 332.0
2028 331.0
2029 331.0
2030 331.0
2031 176.0
2032 315.0
2033 191.0
2034 204.0
2035 315.0
2036 395.0
2037 499.0
2038 288.0
2039 316.0
2040 1164.0
2041 191.0
2042 203.0
2043 251.0
2044 315.0
2045 251.0
2046 203.0
2047 331.0
2048 252.0
2049 331.0
2050 169.0
2051 251.0
2052 315.0
2053 30.0
2054 331.0
2055 251.0
2056 203.0
2057 395.0
2058 153.0
2059 823.0
2060 395.0
2061 251.0
2062 180.0
2063 331.0
2064 30.0
2065 0.0
2066 251.0
2067 203.0
2068 395.0
2069 316.0
2070 331.0
2071 251.0
2072 331.0
2073 43.0
2074 331.0
2075 395.0
2076 251.0
2077 49.0
2078 298.0
2079 251.0
2080 498.0
2081 395.0
2082 331.0
2083 0.0
2084 185.0
2085 204.0
2086 331.0
2087 331.0
2088 667.0
2089 586.0
2090 316.0
2091 1164.0
2092 395.0
2093 331.0
2094 315.0
2095 331.0
2096 251.0
2097 331.0
2098 268.0
2099 316.0
2100 331.0
2101 169.0
2102 251.0
2103 315.0
2104 66.0
2105 331.0
2106 635.0
2107 251.0
2108 251.0
2109 276.0
2110 667.0
2111 251.0
2112 331.0
2113 0.0
2114 251.0
2115 315.0
2116 169.0
2117 251.0
2118 331.0
2119 331.0
2120 667.0
2121 666.0
2122 251.0
2123 331.0
2124 0.0
2125 315.0
2126 395.0
2127 315.0
2128 0.0
2129 331.0
2130 251.0
2131 191.0
2132 331.0
2133 395.0
2134 331.0
2135 315.0
2136 205.0
2137 667.0
2138 395.0
2139 395.0
2140 332.0
2141 615.0
2142 1164.0
2143 331.0
2144 251.0
2145 315.0
2146 204.0
2147 141.0
2148 251.0
2149 331.0
2150 169.0
2151 331.0
2152 169.0
2153 164.0
2154 315.0
2155 32.0
2156 315.0
2157 331.0
2158 252.0
2159 331.0
2160 331.0
2161 667.0
2162 251.0
2163 667.0
2164 202.0
2165 33.0
2166 331.0
2167 158.0
2168 171.0
2169 251.0
2170 708.0
2171 316.0
2172 331.0
2173 175.0
2174 315.0
2175 0.0
2176 315.0
2177 331.0
2178 180.0
2179 0.0
2180 331.0
2181 331.0
2182 331.0
2183 268.0
2184 283.0
2185 628.0
2186 331.0
2187 203.0
2188 268.0
2189 395.0
2190 667.0
2191 251.0
2192 623.0
2193 1164.0
2194 411.0
2195 203.0
2196 315.0
2197 331.0
2198 251.0
2199 203.0
2200 203.0
2201 143.0
2202 315.0
2203 169.0
2204 159.0
2205 395.0
2206 32.0
2207 105.0
2208 331.0
2209 331.0
2210 180.0
2211 331.0
2212 331.0
2213 251.0
2214 315.0
2215 33.0
2216 316.0
2217 331.0
2218 0.0
2219 174.0
2220 331.0
2221 182.0
2222 712.0
2223 267.0
2224 204.0
2225 315.0
2226 105.0
2227 315.0
2228 331.0
2229 251.0
2230 49.0
2231 315.0
2232 251.0
2233 251.0
2234 331.0
2235 144.0
2236 636.0
2237 331.0
2238 253.0
2239 316.0
2240 331.0
2241 316.0
2242 180.0
2243 623.0
2244 1164.0
2245 714.0
2246 203.0
2247 251.0
2248 713.0
2249 251.0
2250 186.0
2251 658.0
2252 331.0
2253 411.0
2254 169.0
2255 251.0
2256 315.0
2257 196.0
2258 185.0
2259 648.0
2260 331.0
2261 331.0
2262 156.0
2263 823.0
2264 331.0
2265 315.0
2266 251.0
2267 58.0
2268 0.0
2269 169.0
2270 395.0
2271 331.0
2272 395.0
2273 251.0
2274 331.0
2275 316.0
2276 315.0
2277 105.0
2278 268.0
2279 316.0
2280 174.0
2281 0.0
2282 315.0
2283 251.0
2284 165.0
2285 315.0
2286 331.0
2287 164.0
2288 331.0
2289 315.0
2290 607.0
2291 395.0
2292 654.0
2293 332.0
2294 667.0
2295 1164.0
2296 607.0
2297 663.0
2298 316.0
2299 331.0
2300 251.0
2301 203.0
2302 331.0
2303 461.0
2304 315.0
2305 164.0
2306 0.0
2307 276.0
2308 158.0
2309 315.0
2310 667.0
2311 395.0
2312 315.0
2313 331.0
2314 332.0
2315 251.0
2316 331.0
2317 30.0
2318 251.0
2319 315.0
2320 180.0
2321 251.0
2322 204.0
2323 331.0
2324 315.0
2325 667.0
2326 203.0
2327 331.0
2328 0.0
2329 395.0
2330 331.0
2331 169.0
2332 0.0
2333 251.0
2334 331.0
2335 169.0
2336 331.0
2337 331.0
2338 628.0
2339 315.0
2340 203.0
2341 315.0
2342 331.0
2343 667.0
2344 251.0
2345 518.0
2346 1164.0
2347 268.0
2348 315.0
2349 315.0
2350 534.0
2351 308.0
2352 33.0
2353 534.0
2354 169.0
2355 607.0
2356 164.0
2357 149.0
2358 0.0
2359 32.0
2360 116.0
2361 128.0
2362 252.0
2363 331.0
2364 331.0
2365 331.0
2366 331.0
2367 252.0
2368 124.0
2369 39.0
2370 203.0
2371 0.0
2372 315.0
2373 610.0
2374 331.0
2375 483.0
2376 395.0
2377 331.0
2378 315.0
2379 332.0
2380 331.0
2381 526.0
2382 315.0
2383 191.0
2384 331.0
2385 315.0
2386 331.0
2387 331.0
2388 144.0
2389 628.0
2390 331.0
2391 331.0
2392 654.0
2393 175.0
2394 667.0
2395 175.0
2396 654.0
2397 1164.0
2398 251.0
2399 251.0
2400 251.0
2401 1164.0
2402 251.0
2403 43.0
2404 331.0
2405 203.0
2406 915.0
2407 169.0
2408 251.0
2409 203.0
2410 32.0
2411 192.0
2412 332.0
2413 499.0
2414 395.0
2415 153.0
2416 395.0
2417 251.0
2418 251.0
2419 0.0
2420 204.0
2421 203.0
2422 60.0
2423 203.0
2424 251.0
2425 185.0
2426 667.0
2427 316.0
2428 0.0
2429 331.0
2430 33.0
2431 667.0
2432 331.0
2433 316.0
2434 50.0
2435 315.0
2436 258.0
2437 586.0
2438 395.0
2439 331.0
2440 158.0
2441 331.0
2442 395.0
2443 316.0
2444 251.0
2445 331.0
2446 332.0
2447 607.0
2448 1164.0
2449 203.0
2450 252.0
2451 316.0
2452 331.0
2453 251.0
2454 186.0
2455 331.0
2456 127.0
2457 607.0
2458 169.0
2459 203.0
2460 276.0
2461 30.0
2462 315.0
2463 331.0
2464 607.0
2465 316.0
2466 251.0
2467 268.0
2468 395.0
2469 0.0
2470 331.0
2471 55.0
2472 87.0
2473 163.0
2474 315.0
2475 331.0
2476 203.0
2477 667.0
2478 331.0
2479 251.0
2480 331.0
2481 51.0
2482 316.0
2483 610.0
2484 331.0
2485 49.0
2486 216.0
2487 251.0
2488 174.0
2489 315.0
2490 315.0
2491 251.0
2492 395.0
2493 315.0
2494 395.0
2495 331.0
2496 667.0
2497 395.0
2498 667.0
2499 1164.0
2500 499.0
2501 315.0
2502 315.0
2503 331.0
2504 331.0
2505 180.0
2506 331.0
2507 331.0
2508 607.0
2509 158.0
2510 395.0
2511 315.0
2512 32.0
2513 316.0
2514 331.0
2515 274.0
2516 480.0
2517 395.0
2518 315.0
2519 315.0
2520 0.0
2521 251.0
2522 667.0
2523 316.0
2524 169.0
2525 251.0
2526 315.0
2527 331.0
2528 411.0
2529 1164.0
2530 204.0
2531 291.0
2532 0.0
2533 315.0
2534 316.0
2535 196.0
2536 315.0
2537 218.0
2538 260.0
2539 251.0
2540 331.0
2541 185.0
2542 331.0
2543 395.0
2544 331.0
2545 331.0
2546 152.0
2547 315.0
2548 175.0
2549 607.0
2550 1164.0
2551 331.0
2552 218.0
2553 331.0
2554 267.0
2555 223.0
2556 33.0
2557 411.0
2558 7.0
2559 607.0
2560 169.0
2561 252.0
2562 102.0
2563 30.0
2564 94.0
2565 315.0
2566 251.0
2567 331.0
2568 104.0
2569 1164.0
2570 203.0
2571 0.0
2572 313.0
2573 191.0
2574 204.0
2575 149.0
2576 331.0
2577 607.0
2578 667.0
2579 667.0
2580 395.0
2581 203.0
2582 331.0
2583 0.0
2584 667.0
2585 331.0
2586 311.0
2587 0.0
2588 175.0
2589 331.0
2590 251.0
2591 1164.0
2592 149.0
2593 452.0
2594 395.0
2595 315.0
2596 667.0
2597 170.0
2598 316.0
2599 315.0
2600 667.0
2601 1164.0
2602 268.0
2603 395.0
2604 395.0
2605 315.0
2606 251.0
2607 180.0
2608 480.0
2609 330.0
2610 607.0
2611 169.0
2612 251.0
2613 251.0
2614 27.0
2615 331.0
2616 331.0
2617 331.0
2618 480.0
2619 607.0
2620 315.0
2621 263.0
2622 331.0
2623 251.0
2624 265.0
2625 203.0
2626 0.0
2627 502.0
2628 251.0
2629 607.0
2630 667.0
2631 395.0
2632 331.0
2633 301.0
2634 33.0
2635 316.0
2636 331.0
2637 251.0
2638 251.0
2639 169.0
2640 251.0
2641 230.0
2642 331.0
2643 331.0
2644 628.0
2645 411.0
2646 315.0
2647 667.0
2648 826.0
2649 654.0
2650 331.0
2651 654.0
2652 1164.0
2653 395.0
2654 315.0
2655 331.0
2656 315.0
2657 172.0
2658 186.0
2659 316.0
2660 251.0
2661 709.0
2662 43.0
2663 259.0
2664 50.0
2665 32.0
2666 315.0
2667 331.0
2668 331.0
2669 332.0
2670 331.0
2671 251.0
2672 499.0
2673 0.0
2674 331.0
2675 185.0
2676 7.0
2677 203.0
2678 411.0
2679 315.0
2680 395.0
2681 714.0
2682 267.0
2683 251.0
2684 331.0
2685 37.0
2686 316.0
2687 395.0
2688 331.0
2689 49.0
2690 251.0
2691 331.0
2692 315.0
2693 667.0
2694 191.0
2695 331.0
2696 315.0
2697 315.0
2698 667.0
2699 251.0
2700 667.0
2701 395.0
2702 607.0
2703 1164.0
2704 251.0
2705 315.0
2706 331.0
2707 252.0
2708 251.0
2709 33.0
2710 667.0
2711 649.0
2712 395.0
2713 236.0
2714 186.0
2715 0.0
2716 30.0
2717 584.0
2718 268.0
2719 331.0
2720 395.0
2721 251.0
2722 395.0
2723 331.0
2724 0.0
2725 301.0
2726 567.0
2727 203.0
2728 251.0
2729 251.0
2730 395.0
2731 411.0
2732 316.0
2733 654.0
2734 180.0
2735 251.0
2736 0.0
2737 315.0
2738 203.0
2739 315.0
2740 268.0
2741 251.0
2742 158.0
2743 331.0
2744 667.0
2745 321.0
2746 0.0
2747 331.0
2748 203.0
2749 667.0
2750 331.0
2751 1164.0
2752 44.0
2753 607.0
2754 1164.0
2755 667.0
2756 251.0
2757 315.0
2758 331.0
2759 395.0
2760 251.0
2761 637.0
2762 169.0
2763 548.0
2764 169.0
2765 392.0
2766 0.0
2767 38.0
2768 121.0
2769 316.0
2770 454.0
2771 621.0
2772 180.0
2773 203.0
2774 395.0
2775 331.0
2776 251.0
2777 251.0
2778 295.0
2779 0.0
2780 331.0
2781 251.0
2782 331.0
2783 667.0
2784 395.0
2785 0.0
2786 667.0
2787 33.0
2788 251.0
2789 203.0
2790 315.0
2791 202.0
2792 331.0
2793 251.0
2794 174.0
2795 331.0
2796 144.0
2797 455.0
2798 315.0
2799 331.0
2800 1164.0
2801 67.0
2802 331.0
2803 251.0
2804 667.0
2805 1164.0
2806 395.0
2807 191.0
2808 331.0
2809 203.0
2810 161.0
2811 175.0
2812 637.0
2813 268.0
2814 641.0
2815 167.0
2816 203.0
2817 50.0
2818 32.0
2819 111.0
2820 1129.0
2821 331.0
2822 316.0
2823 203.0
2824 331.0
2825 331.0
2826 210.0
2827 251.0
2828 316.0
2829 302.0
2830 185.0
2831 667.0
2832 332.0
2833 411.0
2834 331.0
2835 331.0
2836 311.0
2837 331.0
2838 33.0
2839 667.0
2840 316.0
2841 331.0
2842 331.0
2843 252.0
2844 38.0
2845 203.0
2846 1164.0
2847 166.0
2848 628.0
2849 395.0
2850 315.0
2851 1164.0
2852 251.0
2853 667.0
2854 331.0
2855 654.0
2856 1164.0
2857 331.0
2858 251.0
2859 203.0
2860 395.0
2861 223.0
2862 33.0
2863 252.0
2864 315.0
2865 395.0
2866 146.0
2867 0.0
2868 19.0
2869 158.0
2870 527.0
2871 252.0
2872 203.0
2873 411.0
2874 331.0
2875 268.0
2876 251.0
2877 0.0
2878 0.0
2879 251.0
2880 32.0
2881 191.0
2882 571.0
2883 251.0
2884 586.0
2885 180.0
2886 316.0
2887 667.0
2888 169.0
2889 124.0
2890 667.0
2891 331.0
2892 331.0
2893 180.0
2894 331.0
2895 1.0
2896 331.0
2897 667.0
2898 163.0
2899 159.0
2900 331.0
2901 315.0
2902 1164.0
2903 182.0
2904 667.0
2905 158.0
2906 607.0
2907 1164.0
2908 331.0
2909 251.0
2910 251.0
2911 705.0
2912 251.0
2913 33.0
2914 331.0
2915 203.0
2916 607.0
2917 169.0
2918 543.0
2919 0.0
2920 204.0
2921 313.0
2922 332.0
2923 251.0
2924 331.0
2925 331.0
2926 203.0
2927 667.0
2928 0.0
2929 169.0
2930 251.0
2931 290.0
2932 160.0
2933 315.0
2934 252.0
2935 315.0
2936 660.0
2937 395.0
2938 331.0
2939 169.0
2940 0.0
2941 667.0
2942 0.0
2943 0.0
2944 185.0
2945 251.0
2946 331.0
2947 331.0
2948 667.0
2949 315.0
2950 0.0
2951 609.0
2952 315.0
2953 1164.0
2954 127.0
2955 1164.0
2956 315.0
2957 607.0
2958 1164.0
2959 268.0
2960 203.0
2961 251.0
2962 331.0
2963 170.0
2964 186.0
2965 331.0
2966 395.0
2967 411.0
2968 43.0
2969 251.0
2970 50.0
2971 32.0
2972 315.0
2973 332.0
2974 315.0
2975 315.0
2976 667.0
2977 395.0
2978 331.0
2979 667.0
2980 251.0
2981 185.0
2982 33.0
2983 203.0
2984 258.0
2985 252.0
2986 395.0
2987 667.0
2988 667.0
2989 0.0
2990 251.0
2991 0.0
2992 331.0
2993 331.0
2994 203.0
2995 316.0
2996 204.0
2997 251.0
2998 174.0
2999 654.0
3000 267.0
3001 455.0
3002 315.0
3003 395.0
3004 1164.0
3005 251.0
3006 1164.0
3007 180.0
3008 667.0
3009 1164.0
3010 395.0
3011 251.0
3012 315.0
3013 331.0
3014 251.0
3015 203.0
3016 331.0
3017 331.0
3018 315.0
3019 331.0
3020 29.0
3021 50.0
3022 185.0
3023 49.0
3024 251.0
3025 158.0
3026 316.0
3027 203.0
3028 331.0
3029 395.0
3030 331.0
3031 332.0
3032 251.0
3033 315.0
3034 320.0
3035 331.0
3036 395.0
3037 1164.0
3038 331.0
3039 331.0
3040 315.0
3041 331.0
3042 0.0
3043 331.0
3044 315.0
3045 331.0
3046 203.0
3047 109.0
3048 251.0
3049 667.0
3050 331.0
3051 299.0
3052 636.0
3053 331.0
3054 315.0
3055 1164.0
3056 251.0
3057 1164.0
3058 158.0
3059 667.0
3060 1164.0
3061 499.0
3062 251.0
3063 490.0
3064 1164.0
3065 251.0
3066 43.0
3067 158.0
3068 170.0
3069 607.0
3070 169.0
3071 331.0
3072 0.0
3073 77.0
3074 331.0
3075 252.0
3076 287.0
3077 331.0
3078 251.0
3079 0.0
3080 331.0
3081 245.0
3082 0.0
3083 185.0
3084 158.0
3085 288.0
3086 331.0
3087 251.0
3088 331.0
3089 191.0
3090 331.0
3091 251.0
3092 251.0
3093 0.0
3094 667.0
3095 37.0
3096 203.0
3097 315.0
3098 315.0
3099 204.0
3100 331.0
3101 395.0
3102 395.0
3103 331.0
3104 395.0
3105 316.0
3106 1164.0
3107 185.0
3108 1164.0
3109 411.0
3110 667.0
3111 1164.0
3112 331.0
3113 185.0
3114 331.0
3115 267.0
3116 238.0
3117 368.0
3118 331.0
3119 356.0
3120 906.0
3121 169.0
3122 203.0
3123 50.0
3124 239.0
3125 49.0
3126 395.0
3127 161.0
3128 316.0
3129 470.0
3130 0.0
3131 331.0
3132 251.0
3133 362.0
3134 315.0
3135 126.0
3136 331.0
3137 203.0
3138 331.0
3139 667.0
3140 667.0
3141 395.0
3142 331.0
3143 180.0
3144 0.0
3145 667.0
3146 315.0
3147 0.0
3148 331.0
3149 331.0
3150 331.0
3151 331.0
3152 667.0
3153 191.0
3154 0.0
3155 395.0
3156 315.0
3157 1164.0
3158 110.0
3159 1164.0
3160 38.0
3161 654.0
3162 1164.0
3163 570.0
3164 203.0
3165 667.0
3166 1164.0
3167 230.0
3168 251.0
3169 331.0
3170 68.0
3171 607.0
3172 382.0
3173 315.0
3174 50.0
3175 65.0
3176 331.0
3177 331.0
3178 269.0
3179 331.0
3180 251.0
3181 331.0
3182 251.0
3183 303.0
3184 251.0
3185 251.0
3186 315.0
3187 658.0
3188 251.0
3189 252.0
3190 395.0
3191 331.0
3192 395.0
3193 667.0
3194 316.0
3195 0.0
3196 667.0
3197 395.0
3198 559.0
3199 191.0
3200 332.0
3201 331.0
3202 203.0
3203 654.0
3204 203.0
3205 637.0
3206 331.0
3207 331.0
3208 1164.0
3209 331.0
3210 1164.0
3211 158.0
3212 667.0
3213 1164.0
3214 331.0
3215 251.0
3216 331.0
3217 395.0
3218 251.0
3219 43.0
3220 315.0
3221 0.0
3222 667.0
3223 169.0
3224 667.0
3225 331.0
3226 331.0
3227 315.0
3228 331.0
3229 239.0
3230 305.0
3231 395.0
3232 0.0
3233 331.0
3234 315.0
3235 0.0
3236 185.0
3237 44.0
3238 331.0
3239 331.0
3240 251.0
3241 315.0
3242 180.0
3243 331.0
3244 667.0
3245 331.0
3246 33.0
3247 543.0
3248 315.0
3249 251.0
3250 331.0
3251 203.0
3252 331.0
3253 266.0
3254 654.0
3255 191.0
3256 452.0
3257 315.0
3258 315.0
3259 1164.0
3260 203.0
3261 1164.0
3262 180.0
3263 607.0
3264 1164.0
3265 499.0
3266 601.0
3267 331.0
3268 667.0
3269 315.0
3270 395.0
3271 144.0
3272 315.0
3273 548.0
3274 169.0
3275 251.0
3276 0.0
3277 196.0
3278 313.0
3279 667.0
3280 251.0
3281 331.0
3282 332.0
3283 251.0
3284 331.0
3285 203.0
3286 251.0
3287 315.0
3288 46.0
3289 251.0
3290 667.0
3291 251.0
3292 316.0
3293 251.0
3294 331.0
3295 0.0
3296 331.0
3297 33.0
3298 667.0
3299 170.0
3300 181.0
3301 331.0
3302 185.0
3303 203.0
3304 251.0
3305 1164.0
3306 299.0
3307 331.0
3308 411.0
3309 268.0
3310 1164.0
3311 55.0
3312 1164.0
3313 251.0
3314 607.0
3315 1164.0
3316 411.0
3317 186.0
3318 331.0
3319 543.0
3320 308.0
3321 203.0
3322 331.0
3323 24.0
3324 607.0
3325 395.0
3326 203.0
3327 0.0
3328 203.0
3329 127.0
3330 315.0
3331 251.0
3332 636.0
3333 315.0
3334 251.0
3335 395.0
3336 331.0
3337 331.0
3338 180.0
3339 126.0
3340 658.0
3341 820.0
3342 251.0
3343 395.0
3344 714.0
3345 404.0
3346 331.0
3347 203.0
3348 0.0
3349 667.0
3350 175.0
3351 268.0
3352 180.0
3353 203.0
3354 152.0
3355 170.0
3356 667.0
3357 191.0
3358 331.0
3359 411.0
3360 315.0
3361 1164.0
3362 203.0
3363 1164.0
3364 332.0
3365 1164.0
3366 1164.0
3367 315.0
3368 239.0
3369 1164.0
3370 607.0
3371 251.0
3372 43.0
3373 1164.0
3374 203.0
3375 667.0
3376 174.0
3377 331.0
3378 50.0
3379 203.0
3380 250.0
3381 562.0
3382 331.0
3383 411.0
3384 180.0
3385 176.0
3386 316.0
3387 249.0
3388 203.0
3389 331.0
3390 162.0
3391 331.0
3392 395.0
3393 332.0
3394 654.0
3395 191.0
3396 331.0
3397 667.0
3398 331.0
3399 331.0
3400 543.0
3401 316.0
3402 331.0
3403 203.0
3404 203.0
3405 315.0
3406 230.0
3407 654.0
3408 331.0
3409 667.0
3410 315.0
3411 331.0
3412 1164.0
3413 77.0
3414 1164.0
3415 158.0
3416 607.0
3417 1164.0
3418 204.0
3419 315.0
3420 395.0
3421 267.0
3422 203.0
3423 203.0
3424 135.0
3425 251.0
3426 607.0
3427 331.0
3428 395.0
3429 160.0
3430 174.0
3431 331.0
3432 268.0
3433 331.0
3434 411.0
3435 169.0
3436 395.0
3437 331.0
3438 252.0
3439 252.0
3440 316.0
3441 182.0
3442 395.0
3443 331.0
3444 315.0
3445 316.0
3446 411.0
3447 331.0
3448 667.0
3449 251.0
3450 105.0
3451 906.0
3452 395.0
3453 331.0
3454 366.0
3455 251.0
3456 0.0
3457 331.0
3458 654.0
3459 147.0
3460 452.0
3461 607.0
3462 395.0
3463 1164.0
3464 196.0
3465 1164.0
3466 251.0
3467 654.0
3468 1164.0
3469 251.0
3470 185.0
3471 268.0
3472 1164.0
3473 332.0
3474 203.0
3475 331.0
3476 315.0
3477 607.0
3478 169.0
3479 251.0
3480 0.0
3481 174.0
3482 331.0
3483 204.0
3484 161.0
3485 251.0
3486 331.0
3487 276.0
3488 251.0
3489 251.0
3490 251.0
3491 667.0
3492 126.0
3493 331.0
3494 586.0
3495 331.0
3496 654.0
3497 331.0
3498 404.0
3499 331.0
3500 169.0
3501 93.0
3502 607.0
3503 203.0
3504 331.0
3505 331.0
3506 395.0
3507 251.0
3508 251.0
3509 667.0
3510 299.0
3511 667.0
3512 625.0
3513 252.0
3514 1164.0
3515 196.0
3516 1164.0
3517 251.0
3518 607.0
3519 1164.0
3520 203.0
3521 251.0
3522 268.0
3523 607.0
3524 331.0
3525 33.0
3526 302.0
3527 143.0
3528 607.0
3529 169.0
3530 252.0
3531 0.0
3532 32.0
3533 203.0
3534 331.0
3535 278.0
3536 180.0
3537 251.0
3538 0.0
3539 667.0
3540 303.0
3541 251.0
3542 654.0
3543 276.0
3544 331.0
3545 654.0
3546 180.0
3547 667.0
3548 191.0
3549 395.0
3550 203.0
3551 301.0
3552 6.0
3553 316.0
3554 316.0
3555 395.0
3556 331.0
3557 251.0
3558 32.0
3559 169.0
3560 395.0
3561 331.0
3562 667.0
3563 411.0
3564 331.0
3565 1164.0
3566 33.0
3567 1164.0
3568 203.0
3569 618.0
3570 1164.0
3571 667.0
3572 395.0
3573 395.0
3574 607.0
3575 370.0
3576 203.0
3577 276.0
3578 204.0
3579 315.0
3580 148.0
3581 252.0
3582 50.0
3583 32.0
3584 584.0
3585 331.0
3586 161.0
3587 411.0
3588 331.0
3589 175.0
3590 203.0
3591 303.0
3592 142.0
3593 667.0
3594 276.0
3595 667.0
3596 395.0
3597 315.0
3598 667.0
3599 667.0
3600 331.0
3601 667.0
3602 331.0
3603 33.0
3604 906.0
3605 331.0
3606 331.0
3607 331.0
3608 331.0
3609 331.0
3610 617.0
3611 1164.0
3612 299.0
3613 331.0
3614 395.0
3615 331.0
3616 1164.0
3617 67.0
3618 1164.0
3619 395.0
3620 654.0
3621 1164.0
3622 251.0
3623 331.0
3624 654.0
3625 331.0
3626 289.0
3627 203.0
3628 302.0
3629 316.0
3630 268.0
3631 251.0
3632 252.0
3633 276.0
3634 185.0
3635 608.0
3636 315.0
3637 154.0
3638 667.0
3639 331.0
3640 0.0
3641 331.0
3642 203.0
3643 252.0
3644 574.0
3645 166.0
3646 315.0
3647 331.0
3648 331.0
3649 331.0
3650 251.0
3651 640.0
3652 653.0
3653 251.0
3654 31.0
3655 607.0
3656 21.0
3657 331.0
3658 395.0
3659 158.0
3660 331.0
3661 315.0
3662 1164.0
3663 395.0
3664 331.0
3665 331.0
3666 331.0
3667 1164.0
3668 196.0
3669 1164.0
3670 332.0
3671 607.0
3672 1164.0
3673 203.0
3674 251.0
3675 331.0
3676 331.0
3677 332.0
3678 251.0
3679 302.0
3680 143.0
3681 607.0
3682 169.0
3683 251.0
3684 0.0
3685 32.0
3686 331.0
3687 251.0
3688 251.0
3689 395.0
3690 331.0
3691 251.0
3692 251.0
3693 251.0
3694 268.0
3695 315.0
3696 251.0
3697 315.0
3698 315.0
3699 251.0
3700 1164.0
3701 251.0
3702 331.0
3703 151.0
3704 251.0
3705 0.0
3706 543.0
3707 251.0
3708 203.0
3709 331.0
3710 315.0
3711 253.0
3712 315.0
3713 906.0
3714 331.0
3715 667.0
3716 667.0
3717 331.0
3718 1164.0
3719 33.0
3720 1164.0
3721 251.0
3722 667.0
3723 1164.0
3724 315.0
3725 331.0
3726 667.0
3727 395.0
3728 251.0
3729 203.0
3730 331.0
3731 331.0
3732 667.0
3733 164.0
3734 0.0
3735 50.0
3736 32.0
3737 630.0
3738 251.0
3739 161.0
3740 1164.0
3741 395.0
3742 331.0
3743 203.0
3744 234.0
3745 331.0
3746 545.0
3747 276.0
3748 316.0
3749 667.0
3750 395.0
3751 667.0
3752 191.0
3753 395.0
3754 667.0
3755 331.0
3756 0.0
3757 315.0
3758 331.0
3759 331.0
3760 268.0
3761 251.0
3762 395.0
3763 174.0
3764 395.0
3765 203.0
3766 667.0
3767 169.0
3768 252.0
3769 1164.0
3770 202.0
3771 1164.0
3772 175.0
3773 607.0
3774 1164.0
3775 542.0
3776 395.0
3777 667.0
3778 667.0
3779 251.0
3780 235.0
3781 0.0
3782 331.0
3783 667.0
3784 43.0
3785 331.0
3786 50.0
3787 185.0
3788 331.0
3789 332.0
3790 161.0
3791 257.0
3792 395.0
3793 268.0
3794 203.0
3795 234.0
3796 331.0
3797 315.0
3798 252.0
3799 331.0
3800 820.0
3801 610.0
3802 1164.0
3803 169.0
3804 395.0
3805 331.0
3806 251.0
3807 33.0
3808 204.0
3809 331.0
3810 331.0
3811 315.0
3812 251.0
3813 191.0
3814 169.0
3815 395.0
3816 321.0
3817 636.0
3818 609.0
3819 253.0
3820 1164.0
3821 33.0
3822 1164.0
3823 203.0
3824 654.0
3825 1164.0
3826 542.0
3827 331.0
3828 667.0
3829 331.0
3830 203.0
3831 251.0
3832 302.0
3833 331.0
3834 607.0
3835 169.0
3836 252.0
3837 0.0
3838 203.0
3839 315.0
3840 1164.0
3841 251.0
3842 667.0
3843 331.0
3844 251.0
3845 251.0
3846 234.0
3847 331.0
3848 404.0
3849 120.0
3850 331.0
3851 667.0
3852 331.0
3853 1164.0
3854 312.0
3855 591.0
3856 203.0
3857 204.0
3858 11.0
3859 203.0
3860 251.0
3861 395.0
3862 366.0
3863 109.0
3864 249.0
3865 251.0
3866 1164.0
3867 203.0
3868 667.0
3869 609.0
3870 253.0
3871 1164.0
3872 251.0
3873 1164.0
3874 315.0
3875 607.0
3876 1164.0
3877 331.0
3878 316.0
3879 654.0
3880 1164.0
3881 169.0
3882 395.0
3883 331.0
3884 315.0
3885 906.0
3886 145.0
3887 252.0
3888 0.0
3889 164.0
3890 315.0
3891 331.0
3892 316.0
3893 667.0
3894 251.0
3895 251.0
3896 251.0
3897 203.0
3898 331.0
3899 573.0
3900 30.0
3901 331.0
3902 586.0
3903 395.0
3904 667.0
3905 180.0
3906 667.0
3907 316.0
3908 331.0
3909 31.0
3910 203.0
3911 316.0
3912 0.0
3913 331.0
3914 251.0
3915 286.0
3916 251.0
3917 1164.0
3918 331.0
3919 667.0
3920 252.0
3921 331.0
3922 1164.0
3923 203.0
3924 1164.0
3925 251.0
3926 607.0
3927 1164.0
3928 276.0
3929 331.0
3930 1164.0
3931 607.0
3932 395.0
3933 368.0
3934 144.0
3935 332.0
3936 667.0
3937 331.0
3938 395.0
3939 0.0
3940 331.0
3941 331.0
3942 331.0
3943 289.0
3944 316.0
3945 411.0
3946 331.0
3947 251.0
3948 246.0
3949 315.0
3950 315.0
3951 315.0
3952 331.0
3953 820.0
3954 203.0
3955 667.0
3956 315.0
3957 273.0
3958 652.0
3959 331.0
3960 33.0
3961 315.0
3962 251.0
3963 331.0
3964 395.0
3965 251.0
3966 331.0
3967 176.0
3968 395.0
3969 331.0
3970 636.0
3971 252.0
3972 204.0
3973 1164.0
3974 109.0
3975 1164.0
3976 251.0
3977 618.0
3978 1164.0
3979 224.0
3980 331.0
3981 1164.0
3982 1164.0
3983 331.0
3984 667.0
3985 331.0
3986 395.0
3987 667.0
3988 169.0
3989 331.0
3990 0.0
3991 203.0
3992 331.0
3993 395.0
3994 251.0
3995 316.0
3996 251.0
3997 0.0
3998 331.0
3999 251.0
4000 331.0
4001 574.0
4002 315.0
4003 411.0
4004 331.0
4005 395.0
4006 1164.0
4007 312.0
4008 1164.0
4009 331.0
4010 331.0
4011 208.0
4012 315.0
4013 203.0
4014 315.0
4015 331.0
4016 251.0
4017 13.0
4018 331.0
4019 1164.0
4020 299.0
4021 667.0
4022 411.0
4023 252.0
4024 1164.0
4025 43.0
4026 1164.0
4027 363.0
4028 712.0
4029 1164.0
4030 331.0
4031 121.0
4032 1164.0
4033 331.0
4034 203.0
4035 395.0
4036 331.0
4037 143.0
4038 654.0
4039 169.0
4040 252.0
4041 0.0
4042 203.0
4043 395.0
4044 654.0
4045 251.0
4046 1164.0
4047 315.0
4048 276.0
4049 251.0
4050 303.0
4051 331.0
4052 667.0
4053 251.0
4054 654.0
4055 251.0
4056 315.0
4057 1164.0
4058 203.0
4059 640.0
4060 331.0
4061 331.0
4062 0.0
4063 203.0
4064 203.0
4065 316.0
4066 315.0
4067 331.0
4068 38.0
4069 528.0
4070 1164.0
4071 287.0
4072 667.0
4073 411.0
4074 331.0
4075 1164.0
4076 196.0
4077 1164.0
4078 331.0
4079 395.0
4080 1164.0
4081 331.0
4082 331.0
4083 1164.0
4084 607.0
4085 285.0
4086 667.0
4087 331.0
4088 331.0
4089 915.0
4090 236.0
4091 251.0
4092 0.0
4093 115.0
4094 274.0
4095 268.0
4096 293.0
4097 667.0
4098 315.0
4099 331.0
4100 203.0
4101 251.0
4102 395.0
4103 315.0
4104 316.0
4105 331.0
4106 571.0
4107 395.0
4108 667.0
4109 203.0
4110 640.0
4111 331.0
4112 315.0
4113 366.0
4114 204.0
4115 315.0
4116 331.0
4117 331.0
4118 251.0
4119 6.0
4120 251.0
4121 395.0
4122 144.0
4123 667.0
4124 315.0
4125 253.0
4126 1164.0
4127 160.0
4128 1164.0
4129 395.0
4130 618.0
4131 1164.0
4132 315.0
4133 667.0
4134 1164.0
4135 1164.0
4136 251.0
4137 368.0
4138 0.0
4139 331.0
4140 667.0
4141 395.0
4142 0.0
4143 0.0
4144 315.0
4145 252.0
4146 667.0
4147 289.0
4148 667.0
4149 268.0
4150 331.0
4151 315.0
4152 251.0
4153 315.0
4154 315.0
4155 252.0
4156 204.0
4157 203.0
4158 395.0
4159 1164.0
4160 331.0
4161 316.0
4162 331.0
4163 331.0
4164 103.0
4165 315.0
4166 315.0
4167 331.0
4168 331.0
4169 268.0
4170 1.0
4171 105.0
4172 1164.0
4173 179.0
4174 667.0
4175 315.0
4176 204.0
4177 1164.0
4178 100.0
4179 1164.0
4180 332.0
4181 618.0
4182 1164.0
4183 331.0
4184 185.0
4185 1164.0
4186 331.0
4187 294.0
4188 251.0
4189 331.0
4190 331.0
4191 667.0
4192 169.0
4193 395.0
4194 0.0
4195 187.0
4196 510.0
4197 667.0
4198 251.0
4199 316.0
4200 191.0
4201 331.0
4202 331.0
4203 234.0
4204 315.0
4205 315.0
4206 203.0
4207 331.0
4208 301.0
4209 331.0
4210 667.0
4211 251.0
4212 268.0
4213 650.0
4214 331.0
4215 33.0
4216 315.0
4217 331.0
4218 203.0
4219 331.0
4220 315.0
4221 6.0
4222 654.0
4223 1164.0
4224 331.0
4225 667.0
4226 411.0
4227 331.0
4228 1164.0
4229 196.0
4230 1164.0
4231 251.0
4232 607.0
4233 1164.0
4234 542.0
4235 711.0
4236 1164.0
4237 1164.0
4238 147.0
4239 368.0
4240 302.0
4241 203.0
4242 906.0
4243 169.0
4244 251.0
4245 0.0
4246 315.0
4247 667.0
4248 331.0
4249 161.0
4250 667.0
4251 268.0
4252 251.0
4253 251.0
4254 251.0
4255 315.0
4256 545.0
4257 38.0
4258 331.0
4259 331.0
4260 331.0
4261 1164.0
4262 203.0
4263 640.0
4264 331.0
4265 169.0
4266 33.0
4267 602.0
4268 610.0
4269 331.0
4270 607.0
4271 49.0
4272 251.0
4273 331.0
4274 1164.0
4275 331.0
4276 667.0
4277 315.0
4278 251.0
4279 1164.0
4280 77.0
4281 1164.0
4282 175.0
4283 607.0
4284 1164.0
4285 395.0
4286 316.0
4287 1164.0
4288 607.0
4289 315.0
4290 300.0
4291 0.0
4292 203.0
4293 1164.0
4294 282.0
4295 331.0
4296 0.0
4297 203.0
4298 251.0
4299 331.0
4300 161.0
4301 667.0
4302 331.0
4303 331.0
4304 395.0
4305 234.0
4306 331.0
4307 545.0
4308 120.0
4309 315.0
4310 203.0
4311 204.0
4312 1164.0
4313 662.0
4314 395.0
4315 667.0
4316 301.0
4317 126.0
4318 315.0
4319 1164.0
4320 331.0
4321 331.0
4322 251.0
4323 0.0
4324 331.0
4325 1164.0
4326 151.0
4327 667.0
4328 316.0
4329 607.0
4330 1164.0
4331 32.0
4332 1164.0
4333 180.0
4334 607.0
4335 1164.0
4336 667.0
4337 1164.0
4338 1164.0
4339 667.0
4340 165.0
4341 331.0
4342 0.0
4343 89.0
4344 1164.0
4345 169.0
4346 0.0
4347 0.0
4348 203.0
4349 607.0
4350 667.0
4351 251.0
4352 316.0
4353 180.0
4354 331.0
4355 395.0
4356 203.0
4357 316.0
4358 315.0
4359 331.0
4360 315.0
4361 204.0
4362 610.0
4363 1164.0
4364 312.0
4365 395.0
4366 652.0
4367 301.0
4368 126.0
4369 607.0
4370 316.0
4371 315.0
4372 315.0
4373 331.0
4374 33.0
4375 411.0
4376 1164.0
4377 151.0
4378 667.0
4379 411.0
4380 252.0
4381 1164.0
4382 79.0
4383 1164.0
4384 331.0
4385 607.0
4386 1164.0
4387 268.0
4388 331.0
4389 1164.0
4390 1164.0
4391 315.0
4392 667.0
4393 331.0
4394 1164.0
4395 1164.0
4396 236.0
4397 331.0
4398 0.0
4399 331.0
4400 331.0
4401 654.0
4402 251.0
4403 667.0
4404 667.0
4405 0.0
4406 709.0
4407 203.0
4408 395.0
4409 185.0
4410 0.0
4411 331.0
4412 331.0
4413 315.0
4414 1164.0
4415 315.0
4416 331.0
4417 331.0
4418 499.0
4419 11.0
4420 667.0
4421 543.0
4422 331.0
4423 191.0
4424 251.0
4425 291.0
4426 667.0
4427 1164.0
4428 149.0
4429 637.0
4430 667.0
4431 331.0
4432 1164.0
4433 61.0
4434 1164.0
4435 395.0
4436 607.0
4437 1164.0
4438 709.0
4439 268.0
4440 1164.0
4441 607.0
4442 155.0
4443 368.0
4444 302.0
4445 330.0
4446 906.0
4447 37.0
4448 331.0
4449 50.0
4450 251.0
4451 315.0
4452 331.0
4453 331.0
4454 667.0
4455 331.0
4456 276.0
4457 251.0
4458 251.0
4459 331.0
4460 331.0
4461 40.0
4462 276.0
4463 331.0
4464 204.0
4465 1164.0
4466 148.0
4467 640.0
4468 150.0
4469 251.0
4470 331.0
4471 906.0
4472 607.0
4473 331.0
4474 211.0
4475 331.0
4476 0.0
4477 411.0
4478 1164.0
4479 151.0
4480 637.0
4481 252.0
4482 268.0
4483 1164.0
4484 331.0
4485 1164.0
4486 395.0
4487 607.0
4488 1164.0
4489 411.0
4490 331.0
4491 1164.0
4492 1164.0
4493 331.0
4494 667.0
4495 203.0
4496 252.0
4497 906.0
4498 169.0
4499 332.0
4500 0.0
4501 268.0
4502 667.0
4503 1164.0
4504 9.0
4505 667.0
4506 203.0
4507 377.0
4508 331.0
4509 245.0
4510 395.0
4511 191.0
4512 39.0
4513 203.0
4514 67.0
4515 610.0
4516 1164.0
4517 331.0
4518 395.0
4519 643.0
4520 135.0
4521 178.0
4522 906.0
4523 1164.0
4524 667.0
4525 203.0
4526 251.0
4527 251.0
4528 315.0
4529 1164.0
4530 151.0
4531 455.0
4532 316.0
4533 203.0
4534 1164.0
4535 38.0
4536 1164.0
4537 607.0
4538 607.0
4539 1164.0
4540 331.0
4541 332.0
4542 1164.0
4543 1164.0
4544 203.0
4545 395.0
4546 140.0
4547 62.0
4548 331.0
4549 169.0
4550 252.0
4551 0.0
4552 315.0
4553 607.0
4554 667.0
4555 278.0
4556 316.0
4557 203.0
4558 455.0
4559 251.0
4560 203.0
4561 266.0
4562 365.0
4563 120.0
4564 658.0
4565 202.0
4566 395.0
4567 1164.0
4568 667.0
4569 654.0
4570 667.0
4571 331.0
4572 0.0
4573 1164.0
4574 712.0
4575 0.0
4576 343.0
4577 251.0
4578 38.0
4579 331.0
4580 1164.0
4581 149.0
4582 667.0
4583 411.0
4584 203.0
4585 1164.0
4586 196.0
4587 1164.0
4588 395.0
4589 618.0
4590 1164.0
4591 331.0
4592 331.0
4593 331.0
4594 607.0
4595 331.0
4596 654.0
4597 534.0
4598 316.0
4599 906.0
4600 279.0
4601 251.0
4602 0.0
4603 251.0
4604 331.0
4605 654.0
4606 251.0
4607 667.0
4608 331.0
4609 0.0
4610 251.0
4611 203.0
4612 667.0
4613 185.0
4614 125.0
4615 331.0
4616 627.0
4617 395.0
4618 1164.0
4619 667.0
4620 331.0
4621 331.0
4622 331.0
4623 667.0
4624 543.0
4625 607.0
4626 251.0
4627 343.0
4628 316.0
4629 170.0
4630 906.0
4631 1164.0
4632 149.0
4633 628.0
4634 411.0
4635 315.0
4636 1164.0
4637 83.0
4638 1164.0
4639 332.0
4640 607.0
4641 1164.0
4642 331.0
4643 651.0
4644 1164.0
4645 607.0
4646 251.0
4647 395.0
4648 411.0
4649 203.0
4650 1164.0
4651 236.0
4652 331.0
4653 0.0
4654 203.0
4655 331.0
4656 331.0
4657 160.0
4658 667.0
4659 331.0
4660 0.0
4661 251.0
4662 305.0
4663 395.0
4664 185.0
4665 50.0
4666 395.0
4667 251.0
4668 610.0
4669 1164.0
4670 331.0
4671 395.0
4672 331.0
4673 268.0
4674 251.0
4675 1164.0
4676 607.0
4677 251.0
4678 203.0
4679 251.0
4680 315.0
4681 667.0
4682 1164.0
4683 144.0
4684 637.0
4685 667.0
4686 315.0
4687 1164.0
4688 33.0
4689 1164.0
4690 251.0
4691 616.0
4692 1164.0
4693 499.0
4694 185.0
4695 395.0
4696 267.0
4697 331.0
4698 607.0
4699 203.0
4700 315.0
4701 654.0
4702 169.0
4703 332.0
4704 0.0
4705 188.0
4706 316.0
4707 395.0
4708 289.0
4709 654.0
4710 161.0
4711 667.0
4712 395.0
4713 251.0
4714 315.0
4715 203.0
4716 121.0
4717 1164.0
4718 187.0
4719 204.0
4720 1164.0
4721 331.0
4722 331.0
4723 331.0
4724 331.0
4725 331.0
4726 906.0
4727 543.0
4728 173.0
4729 331.0
4730 203.0
4731 251.0
4732 331.0
4733 1164.0
4734 144.0
4735 667.0
4736 315.0
4737 203.0
4738 1164.0
4739 61.0
4740 1164.0
4741 631.0
4742 259.0
4743 1164.0
4744 332.0
4745 204.0
4746 395.0
4747 1164.0
4748 251.0
4749 315.0
4750 331.0
4751 315.0
4752 906.0
4753 282.0
4754 251.0
4755 50.0
4756 203.0
4757 557.0
4758 268.0
4759 289.0
4760 316.0
4761 276.0
4762 331.0
4763 203.0
4764 251.0
4765 610.0
4766 181.0
4767 120.0
4768 315.0
4769 251.0
4770 204.0
4771 667.0
4772 395.0
4773 331.0
4774 331.0
4775 252.0
4776 32.0
4777 1164.0
4778 667.0
4779 268.0
4780 191.0
4781 203.0
4782 185.0
4783 906.0
4784 1164.0
4785 149.0
4786 667.0
4787 667.0
4788 252.0
4789 1164.0
4790 94.0
4791 1164.0
4792 631.0
4793 315.0
4794 1164.0
4795 268.0
4796 395.0
4797 331.0
4798 607.0
4799 499.0
4800 368.0
4801 331.0
4802 331.0
4803 906.0
4804 282.0
4805 251.0
4806 0.0
4807 316.0
4808 331.0
4809 268.0
4810 251.0
4811 667.0
4812 251.0
4813 315.0
4814 203.0
4815 203.0
4816 395.0
4817 185.0
4818 32.0
4819 1164.0
4820 586.0
4821 315.0
4822 1164.0
4823 331.0
4824 395.0
4825 331.0
4826 637.0
4827 331.0
4828 667.0
4829 607.0
4830 331.0
4831 306.0
4832 251.0
4833 175.0
4834 667.0
4835 1164.0
4836 151.0
4837 667.0
4838 667.0
4839 204.0
4840 1164.0
4841 50.0
4842 1164.0
4843 331.0
4844 315.0
4845 1164.0
4846 251.0
4847 331.0
4848 332.0
4849 1164.0
4850 331.0
4851 368.0
4852 315.0
4853 395.0
4854 315.0
4855 164.0
4856 0.0
4857 0.0
4858 178.0
4859 395.0
4860 395.0
4861 160.0
4862 1164.0
4863 161.0
4864 268.0
4865 251.0
4866 251.0
4867 667.0
4868 43.0
4869 66.0
4870 395.0
4871 203.0
4872 395.0
4873 1164.0
4874 331.0
4875 654.0
4876 395.0
4877 331.0
4878 315.0
4879 1164.0
4880 607.0
4881 315.0
4882 331.0
4883 245.0
4884 251.0
4885 316.0
4886 915.0
4887 144.0
4888 331.0
4889 315.0
4890 315.0
4891 1164.0
4892 100.0
4893 1164.0
4894 251.0
4895 316.0
4896 1164.0
4897 252.0
4898 203.0
4899 591.0
4900 622.0
4901 251.0
4902 667.0
4903 316.0
4904 316.0
4905 331.0
4906 175.0
4907 252.0
4908 0.0
4909 315.0
4910 557.0
4911 667.0
4912 315.0
4913 654.0
4914 276.0
4915 331.0
4916 709.0
4917 305.0
4918 623.0
4919 541.0
4920 331.0
4921 667.0
4922 661.0
4923 536.0
4924 1164.0
4925 331.0
4926 331.0
4927 331.0
4928 499.0
4929 331.0
4930 1164.0
4931 712.0
4932 185.0
4933 315.0
4934 315.0
4935 253.0
4936 331.0
4937 1164.0
4938 149.0
4939 667.0
4940 315.0
4941 315.0
4942 1164.0
4943 188.0
4944 1164.0
4945 331.0
4946 331.0
4947 1164.0
4948 331.0
4949 251.0
4950 331.0
4951 1164.0
4952 331.0
4953 1164.0
4954 331.0
4955 315.0
4956 395.0
4957 164.0
4958 251.0
4959 50.0
4960 204.0
4961 639.0
4962 654.0
4963 308.0
4964 654.0
4965 331.0
4966 395.0
4967 331.0
4968 203.0
4969 607.0
4970 99.0
4971 98.0
4972 654.0
4973 331.0
4974 251.0
4975 1164.0
4976 667.0
4977 395.0
4978 667.0
4979 499.0
4980 33.0
4981 667.0
4982 1164.0
4983 251.0
4984 331.0
4985 251.0
4986 0.0
4987 331.0
4988 395.0
4989 331.0
4990 667.0
4991 667.0
4992 204.0
4993 1164.0
4994 99.0
4995 1164.0
4996 332.0
4997 316.0
4998 1164.0
4999 331.0
5000 251.0
5001 331.0
5002 607.0
5003 331.0
5004 331.0
5005 251.0
5006 326.0
5007 331.0
5008 279.0
5009 44.0
5010 50.0
5011 203.0
5012 257.0
5013 1164.0
5014 161.0
5015 1164.0
5016 331.0
5017 331.0
5018 395.0
5019 203.0
5020 395.0
5021 667.0
5022 46.0
5023 654.0
5024 331.0
5025 288.0
5026 1164.0
5027 667.0
5028 667.0
5029 572.0
5030 315.0
5031 33.0
5032 906.0
5033 607.0
5034 274.0
5035 315.0
5036 331.0
5037 290.0
5038 667.0
5039 1164.0
5040 151.0
5041 667.0
5042 667.0
5043 315.0
5044 1164.0
5045 50.0
5046 1164.0
5047 331.0
5048 331.0
5049 1164.0
5050 331.0
5051 276.0
5052 395.0
5053 1164.0
5054 331.0
5055 316.0
5056 70.0
5057 331.0
5058 395.0
5059 169.0
5060 315.0
5061 0.0
5062 203.0
5063 315.0
5064 1164.0
5065 287.0
5066 1164.0
5067 161.0
5068 667.0
5069 709.0
5070 251.0
5071 395.0
5072 43.0
5073 32.0
5074 1164.0
5075 331.0
5076 395.0
5077 1164.0
5078 331.0
5079 331.0
5080 332.0
5081 315.0
5082 121.0
5083 1164.0
5084 543.0
5085 251.0
5086 331.0
5087 315.0
5088 315.0
5089 315.0
5090 1164.0
5091 144.0
5092 452.0
5093 315.0
5094 331.0
5095 1164.0
5096 94.0
5097 1164.0
5098 332.0
5099 331.0
5100 1164.0
