1 0.0
2 0.0
3 0.0
4 0.0
5 0.0
6 0.0
7 0.0
8 0.0
9 0.0
10 0.0
11 0.0
12 0.0
13 0.0
14 0.0
15 0.0
16 0.0
17 0.0
18 0.0
19 0.0
20 0.0
21 0.0
22 0.0
23 0.0
24 0.0
25 0.0
26 32.0
27 0.0
28 203.0
29 0.0
30 0.0
31 0.0
32 0.0
33 0.0
34 0.0
35 0.0
36 0.0
37 0.0
38 0.0
39 175.0
40 0.0
41 0.0
42 0.0
43 0.0
44 0.0
45 0.0
46 0.0
47 99.0
48 203.0
49 0.0
50 0.0
51 203.0
52 203.0
53 0.0
54 0.0
55 0.0
56 0.0
57 0.0
58 203.0
59 0.0
60 0.0
61 0.0
62 0.0
63 203.0
64 0.0
65 203.0
66 150.0
67 0.0
68 211.0
69 0.0
70 161.0
71 0.0
72 87.0
73 105.0
74 0.0
75 204.0
76 48.0
77 32.0
78 0.0
79 0.0
80 203.0
81 0.0
82 16.0
83 0.0
84 0.0
85 0.0
86 0.0
87 0.0
88 113.0
89 86.0
90 110.0
91 0.0
92 0.0
93 112.0
94 100.0
95 0.0
96 0.0
97 0.0
98 60.0
99 154.0
100 0.0
101 204.0
102 211.0
103 203.0
104 30.0
105 203.0
106 203.0
107 0.0
108 106.0
109 40.0
110 203.0
111 203.0
112 0.0
113 0.0
114 203.0
115 25.0
116 25.0
117 240.0
118 0.0
119 203.0
120 0.0
121 100.0
122 203.0
123 203.0
124 267.0
125 0.0
126 0.0
127 0.0
128 203.0
129 203.0
130 235.0
131 203.0
132 0.0
133 0.0
134 0.0
135 224.0
136 0.0
137 211.0
138 0.0
139 203.0
140 203.0
141 190.0
142 203.0
143 0.0
144 203.0
145 217.0
146 0.0
147 203.0
148 180.0
149 203.0
150 203.0
151 105.0
152 229.0
153 267.0
154 235.0
155 203.0
156 203.0
157 0.0
158 203.0
159 334.0
160 204.0
161 203.0
162 201.0
163 203.0
164 0.0
165 77.0
166 180.0
167 203.0
168 203.0
169 0.0
170 51.0
171 0.0
172 264.0
173 2.0
174 203.0
175 203.0
176 0.0
177 6.0
178 0.0
179 203.0
180 203.0
181 112.0
182 203.0
183 203.0
184 60.0
185 0.0
186 192.0
187 177.0
188 148.0
189 203.0
190 203.0
191 203.0
192 287.0
193 405.0
194 0.0
195 203.0
196 11.0
197 0.0
198 0.0
199 0.0
200 0.0
201 38.0
202 33.0
203 203.0
204 405.0
205 203.0
206 204.0
207 203.0
208 203.0
209 203.0
210 181.0
211 187.0
212 180.0
213 196.0
214 203.0
215 203.0
216 391.0
217 203.0
218 203.0
219 203.0
220 1.0
221 203.0
222 203.0
223 203.0
224 0.0
225 203.0
226 203.0
227 203.0
228 189.0
229 61.0
230 203.0
231 204.0
232 203.0
233 203.0
234 203.0
235 203.0
236 203.0
237 203.0
238 386.0
239 61.0
240 161.0
241 186.0
242 203.0
243 203.0
244 203.0
245 0.0
246 203.0
247 203.0
248 0.0
249 203.0
250 0.0
251 39.0
252 0.0
253 0.0
254 203.0
255 405.0
256 203.0
257 203.0
258 203.0
259 203.0
260 203.0
261 0.0
262 204.0
263 0.0
264 144.0
265 203.0
266 30.0
267 203.0
268 203.0
269 0.0
270 0.0
271 0.0
272 203.0
273 409.0
274 203.0
275 0.0
276 198.0
277 203.0
278 203.0
279 203.0
280 203.0
281 203.0
282 190.0
283 203.0
284 395.0
285 393.0
286 402.0
287 386.0
288 0.0
289 198.0
290 0.0
291 155.0
292 203.0
293 203.0
294 211.0
295 203.0
296 0.0
297 203.0
298 203.0
299 0.0
300 6.0
301 0.0
302 203.0
303 31.0
304 72.0
305 0.0
306 409.0
307 61.0
308 385.0
309 0.0
310 409.0
311 175.0
312 25.0
313 165.0
314 405.0
315 0.0
316 203.0
317 153.0
318 269.0
319 409.0
320 164.0
321 203.0
322 203.0
323 203.0
324 203.0
325 203.0
326 0.0
327 203.0
328 203.0
329 203.0
330 203.0
331 203.0
332 203.0
333 203.0
334 405.0
335 203.0
336 206.0
337 203.0
338 389.0
339 2.0
340 203.0
341 203.0
342 0.0
343 168.0
344 203.0
345 181.0
346 203.0
347 203.0
348 203.0
349 256.0
350 0.0
351 187.0
352 0.0
353 203.0
354 104.0
355 72.0
356 203.0
357 409.0
358 405.0
359 201.0
360 203.0
361 203.0
362 203.0
363 123.0
364 202.0
365 203.0
366 61.0
367 203.0
368 0.0
369 203.0
370 203.0
371 0.0
372 203.0
373 197.0
374 203.0
375 203.0
376 203.0
377 66.0
378 409.0
379 256.0
380 203.0
381 0.0
382 187.0
383 203.0
384 83.0
385 203.0
386 203.0
387 203.0
388 400.0
389 13.0
390 0.0
391 203.0
392 204.0
393 186.0
394 410.0
395 409.0
396 203.0
397 203.0
398 203.0
399 203.0
400 267.0
401 0.0
402 165.0
403 203.0
404 397.0
405 203.0
406 22.0
407 203.0
408 410.0
409 203.0
410 0.0
411 203.0
412 410.0
413 0.0
414 203.0
415 202.0
416 203.0
417 96.0
418 203.0
419 203.0
420 0.0
421 203.0
422 0.0
423 388.0
424 101.0
425 0.0
426 174.0
427 203.0
428 0.0
429 203.0
430 155.0
431 203.0
432 193.0
433 0.0
434 66.0
435 0.0
436 203.0
437 203.0
438 203.0
439 203.0
440 203.0
441 203.0
442 472.0
443 0.0
444 0.0
445 203.0
446 203.0
447 192.0
448 408.0
449 203.0
450 203.0
451 203.0
452 0.0
453 187.0
454 203.0
455 181.0
456 71.0
457 180.0
458 203.0
459 472.0
460 203.0
461 0.0
462 0.0
463 203.0
464 199.0
465 38.0
466 403.0
467 407.0
468 151.0
469 224.0
470 1.0
471 172.0
472 203.0
473 203.0
474 148.0
475 131.0
476 10.0
477 179.0
478 203.0
479 0.0
480 203.0
481 0.0
482 203.0
483 203.0
484 203.0
485 0.0
486 231.0
487 203.0
488 0.0
489 0.0
490 195.0
491 0.0
492 0.0
493 9.0
494 203.0
495 0.0
496 213.0
497 256.0
498 203.0
499 393.0
500 0.0
501 0.0
502 143.0
503 42.0
504 137.0
505 0.0
506 0.0
507 65.0
508 203.0
509 203.0
510 472.0
511 173.0
512 0.0
513 0.0
514 386.0
515 0.0
516 181.0
517 203.0
518 393.0
519 182.0
520 203.0
521 179.0
522 0.0
523 382.0
524 203.0
525 394.0
526 127.0
527 203.0
528 203.0
529 174.0
530 0.0
531 257.0
532 147.0
533 203.0
534 203.0
535 396.0
536 203.0
537 230.0
538 405.0
539 0.0
540 203.0
541 111.0
542 0.0
543 0.0
544 386.0
545 476.0
546 409.0
547 203.0
548 178.0
549 7.0
550 411.0
551 203.0
552 0.0
553 158.0
554 203.0
555 0.0
556 0.0
557 0.0
558 33.0
559 243.0
560 203.0
561 476.0
562 411.0
563 1.0
564 203.0
565 196.0
566 0.0
567 476.0
568 395.0
569 393.0
570 475.0
571 411.0
572 374.0
573 150.0
574 170.0
575 203.0
576 204.0
577 198.0
578 204.0
579 57.0
580 0.0
581 203.0
582 203.0
583 203.0
584 203.0
585 204.0
586 31.0
587 207.0
588 82.0
589 180.0
590 203.0
591 203.0
592 198.0
593 -1.0
594 203.0
595 405.0
596 410.0
597 390.0
598 203.0
599 154.0
600 2.0
601 171.0
602 203.0
603 203.0
604 218.0
605 186.0
606 297.0
607 182.0
608 0.0
609 93.0
610 171.0
611 203.0
612 476.0
613 204.0
614 0.0
615 203.0
616 1.0
617 204.0
618 203.0
619 14.0
620 405.0
621 203.0
622 204.0
623 203.0
624 149.0
625 203.0
626 191.0
627 203.0
628 406.0
629 0.0
630 203.0
631 203.0
632 159.0
633 203.0
634 203.0
635 203.0
636 203.0
637 411.0
638 3.0
639 0.0
640 204.0
641 203.0
642 203.0
643 203.0
644 187.0
645 0.0
646 476.0
647 203.0
648 201.0
649 203.0
650 203.0
651 170.0
652 507.0
653 180.0
654 0.0
655 0.0
656 199.0
657 204.0
658 0.0
659 179.0
660 143.0
661 181.0
662 203.0
663 507.0
664 191.0
665 203.0
666 39.0
667 203.0
668 391.0
669 203.0
670 164.0
671 180.0
672 0.0
673 203.0
674 507.0
675 203.0
676 0.0
677 403.0
678 203.0
679 405.0
680 136.0
681 372.0
682 385.0
683 203.0
684 203.0
685 130.0
686 32.0
687 203.0
688 171.0
689 194.0
690 203.0
691 0.0
692 0.0
693 203.0
694 203.0
695 0.0
696 0.0
697 374.0
698 404.0
699 203.0
700 93.0
701 203.0
702 203.0
703 394.0
704 0.0
705 0.0
706 197.0
707 203.0
708 0.0
709 0.0
710 0.0
711 196.0
712 203.0
713 203.0
714 507.0
715 203.0
716 181.0
717 203.0
718 481.0
719 174.0
720 163.0
721 39.0
722 203.0
723 203.0
724 381.0
725 167.0
726 154.0
727 0.0
728 200.0
729 162.0
730 507.0
731 203.0
732 507.0
733 168.0
734 176.0
735 203.0
736 166.0
737 25.0
738 182.0
739 203.0
740 507.0
741 195.0
742 203.0
743 203.0
744 203.0
745 181.0
746 0.0
747 478.0
748 473.0
749 48.0
750 203.0
751 203.0
752 262.0
753 177.0
754 163.0
755 0.0
756 122.0
757 203.0
758 407.0
759 474.0
760 402.0
761 82.0
762 0.0
763 111.0
764 475.0
765 507.0
766 196.0
767 0.0
768 397.0
769 483.0
770 174.0
771 8.0
772 203.0
773 188.0
774 204.0
775 402.0
776 169.0
777 179.0
778 507.0
779 174.0
780 203.0
781 174.0
782 204.0
783 127.0
784 0.0
785 33.0
786 93.0
787 205.0
788 200.0
789 195.0
790 203.0
791 507.0
792 0.0
793 204.0
794 507.0
795 164.0
796 408.0
797 0.0
798 398.0
799 397.0
800 203.0
801 479.0
802 203.0
803 391.0
804 386.0
805 407.0
806 28.0
807 0.0
808 203.0
809 157.0
810 203.0
811 475.0
812 203.0
813 99.0
814 241.0
815 396.0
816 507.0
817 479.0
818 0.0
819 189.0
820 170.0
821 7.0
822 207.0
823 203.0
824 177.0
825 181.0
826 191.0
827 168.0
828 0.0
829 398.0
830 480.0
831 383.0
832 407.0
833 0.0
834 372.0
835 383.0
836 507.0
837 399.0
838 153.0
839 191.0
840 187.0
841 172.0
842 167.0
843 34.0
844 188.0
845 207.0
846 203.0
847 387.0
848 0.0
849 398.0
850 203.0
851 0.0
852 480.0
853 203.0
854 203.0
855 409.0
856 403.0
857 0.0
858 0.0
859 402.0
860 507.0
861 203.0
862 204.0
863 46.0
864 201.0
865 218.0
866 127.0
867 507.0
868 140.0
869 89.0
870 0.0
871 383.0
872 200.0
873 163.0
874 393.0
875 203.0
876 207.0
877 194.0
878 174.0
879 203.0
880 0.0
881 200.0
882 191.0
883 203.0
884 161.0
885 127.0
886 185.0
887 163.0
888 479.0
889 152.0
890 76.0
891 204.0
892 164.0
893 185.0
894 203.0
895 0.0
896 507.0
897 21.0
898 411.0
899 402.0
900 77.0
901 188.0
902 203.0
903 0.0
904 404.0
905 155.0
906 158.0
907 168.0
908 398.0
909 203.0
910 163.0
911 202.0
912 203.0
913 204.0
914 203.0
915 38.0
916 411.0
917 411.0
918 507.0
919 203.0
920 178.0
921 2.0
922 203.0
923 191.0
924 507.0
925 177.0
926 478.0
927 482.0
928 197.0
929 411.0
930 188.0
931 203.0
932 0.0
933 391.0
934 407.0
935 209.0
936 127.0
937 17.0
938 507.0
939 90.0
940 155.0
941 203.0
942 203.0
943 204.0
944 507.0
945 0.0
946 203.0
947 203.0
948 0.0
949 202.0
950 163.0
951 57.0
952 507.0
953 403.0
954 198.0
955 374.0
956 162.0
957 168.0
958 158.0
959 24.0
960 203.0
961 203.0
962 402.0
963 162.0
964 204.0
965 148.0
966 98.0
967 203.0
968 486.0
969 507.0
970 507.0
971 0.0
972 191.0
973 178.0
974 398.0
975 165.0
976 203.0
977 203.0
978 390.0
979 205.0
980 203.0
981 393.0
982 190.0
983 394.0
984 203.0
985 407.0
986 182.0
987 372.0
988 479.0
989 0.0
990 507.0
991 203.0
992 154.0
993 196.0
994 203.0
995 507.0
996 0.0
997 479.0
998 203.0
999 203.0
1000 405.0
1001 187.0
1002 204.0
1003 486.0
1004 0.0
1005 198.0
1006 160.0
1007 0.0
1008 153.0
1009 194.0
1010 186.0
1011 6.0
1012 411.0
1013 162.0
1014 393.0
1015 203.0
1016 66.0
1017 203.0
1018 203.0
1019 151.0
1020 507.0
1021 147.0
1022 171.0
1023 318.0
1024 178.0
1025 186.0
1026 167.0
1027 203.0
1028 383.0
1029 507.0
1030 195.0
1031 379.0
1032 158.0
1033 173.0
1034 157.0
1035 507.0
1036 203.0
1037 137.0
1038 203.0
1039 200.0
1040 300.0
1041 204.0
1042 152.0
1043 0.0
1044 187.0
1045 203.0
1046 187.0
1047 203.0
1048 203.0
1049 204.0
1050 208.0
1051 203.0
1052 222.0
1053 203.0
1054 507.0
1055 149.0
1056 406.0
1057 121.0
1058 152.0
1059 476.0
1060 402.0
1061 0.0
1062 6.0
1063 152.0
1064 407.0
1065 203.0
1066 392.0
1067 25.0
1068 7.0
1069 162.0
1070 203.0
1071 507.0
1072 507.0
1073 203.0
1074 71.0
1075 3.0
1076 188.0
1077 172.0
1078 203.0
1079 383.0
1080 191.0
1081 203.0
1082 0.0
1083 0.0
1084 203.0
1085 185.0
1086 193.0
1087 407.0
1088 381.0
1089 127.0
1090 61.0
1091 396.0
1092 207.0
1093 0.0
1094 203.0
1095 0.0
1096 161.0
1097 507.0
1098 203.0
1099 507.0
1100 204.0
1101 203.0
1102 408.0
1103 383.0
1104 401.0
1105 186.0
1106 131.0
1107 163.0
1108 161.0
1109 278.0
1110 407.0
1111 507.0
1112 19.0
1113 0.0
1114 196.0
1115 407.0
1116 507.0
1117 161.0
1118 0.0
1119 189.0
1120 237.0
1121 0.0
1122 507.0
1123 507.0
1124 10.0
1125 135.0
1126 182.0
1127 507.0
1128 158.0
1129 391.0
1130 203.0
1131 203.0
1132 203.0
1133 0.0
1134 158.0
1135 313.0
1136 189.0
1137 203.0
1138 146.0
1139 173.0
1140 507.0
1141 50.0
1142 203.0
1143 197.0
1144 0.0
1145 0.0
1146 162.0
1147 203.0
1148 507.0
1149 0.0
1150 386.0
1151 0.0
1152 0.0
1153 170.0
1154 160.0
1155 476.0
1156 481.0
1157 154.0
1158 481.0
1159 398.0
1160 391.0
1161 188.0
1162 479.0
1163 0.0
1164 203.0
1165 410.0
1166 507.0
1167 394.0
1168 202.0
1169 203.0
1170 229.0
1171 163.0
1172 173.0
1173 507.0
1174 394.0
1175 0.0
1176 188.0
1177 178.0
1178 153.0
1179 407.0
1180 383.0
1181 203.0
1182 0.0
1183 203.0
1184 237.0
1185 102.0
1186 0.0
1187 480.0
1188 203.0
1189 187.0
1190 165.0
1191 372.0
1192 376.0
1193 71.0
1194 203.0
1195 2.0
1196 74.0
1197 173.0
1198 474.0
1199 507.0
1200 0.0
1201 188.0
1202 470.0
1203 203.0
1204 203.0
1205 0.0
1206 179.0
1207 484.0
1208 0.0
1209 480.0
1210 0.0
1211 408.0
1212 183.0
1213 203.0
1214 383.0
1215 0.0
1216 481.0
1217 507.0
1218 479.0
1219 196.0
1220 0.0
1221 149.0
1222 155.0
1223 203.0
1224 507.0
1225 484.0
1226 316.0
1227 0.0
1228 152.0
1229 154.0
1230 507.0
1231 203.0
1232 153.0
1233 507.0
1234 203.0
1235 507.0
1236 0.0
1237 182.0
1238 161.0
1239 507.0
1240 175.0
1241 203.0
1242 507.0
1243 32.0
1244 396.0
1245 191.0
1246 176.0
1247 203.0
1248 168.0
1249 203.0
1250 507.0
1251 203.0
1252 284.0
1253 204.0
1254 181.0
1255 203.0
1256 169.0
1257 201.0
1258 187.0
1259 203.0
1260 152.0
1261 188.0
1262 406.0
1263 507.0
1264 390.0
1265 165.0
1266 27.0
1267 124.0
1268 507.0
1269 204.0
1270 387.0
1271 0.0
1272 191.0
1273 203.0
1274 203.0
1275 507.0
1276 203.0
1277 169.0
1278 11.0
1279 203.0
1280 127.0
1281 155.0
1282 200.0
1283 507.0
1284 369.0
1285 204.0
1286 137.0
1287 507.0
1288 477.0
1289 143.0
1290 317.0
1291 407.0
1292 215.0
1293 168.0
1294 163.0
1295 194.0
1296 168.0
1297 32.0
1298 0.0
1299 507.0
1300 164.0
1301 407.0
1302 203.0
1303 477.0
1304 203.0
1305 0.0
1306 175.0
1307 201.0
1308 0.0
1309 146.0
1310 411.0
1311 203.0
1312 409.0
1313 507.0
1314 393.0
1315 203.0
1316 180.0
1317 194.0
1318 392.0
1319 507.0
1320 507.0
1321 152.0
1322 0.0
1323 187.0
1324 203.0
1325 0.0
1326 507.0
1327 394.0
1328 203.0
1329 179.0
1330 178.0
1331 162.0
1332 189.0
1333 489.0
1334 507.0
1335 131.0
1336 5.0
1337 144.0
1338 400.0
1339 185.0
1340 486.0
1341 480.0
1342 407.0
1343 194.0
1344 507.0
1345 385.0
1346 198.0
1347 203.0
1348 0.0
1349 407.0
1350 507.0
1351 245.0
1352 508.0
1353 0.0
1354 191.0
1355 0.0
1356 0.0
1357 203.0
1358 411.0
1359 199.0
1360 507.0
1361 0.0
1362 507.0
1363 5.0
1364 278.0
1365 190.0
1366 203.0
1367 372.0
1368 203.0
1369 0.0
1370 507.0
1371 507.0
1372 507.0
1373 0.0
1374 507.0
1375 157.0
1376 475.0
1377 508.0
1378 392.0
1379 0.0
1380 247.0
1381 164.0
1382 157.0
1383 165.0
1384 150.0
1385 23.0
1386 193.0
1387 0.0
1388 79.0
1389 203.0
1390 0.0
1391 486.0
1392 0.0
1393 164.0
1394 0.0
1395 383.0
1396 203.0
1397 396.0
1398 166.0
1399 203.0
1400 163.0
1401 407.0
1402 197.0
1403 163.0
1404 -1.0
1405 482.0
1406 193.0
1407 203.0
1408 194.0
1409 165.0
1410 507.0
1411 203.0
1412 0.0
1413 151.0
1414 43.0
1415 170.0
1416 174.0
1417 170.0
1418 204.0
1419 0.0
1420 0.0
1421 508.0
1422 190.0
1423 87.0
1424 0.0
1425 157.0
1426 111.0
1427 203.0
1428 508.0
1429 197.0
1430 159.0
1431 186.0
1432 203.0
1433 190.0
1434 391.0
1435 158.0
1436 28.0
1437 394.0
1438 93.0
1439 204.0
1440 25.0
1441 398.0
1442 200.0
1443 0.0
1444 169.0
1445 384.0
1446 174.0
1447 204.0
1448 61.0
1449 191.0
1450 156.0
1451 174.0
1452 407.0
1453 180.0
1454 508.0
1455 0.0
1456 171.0
1457 203.0
1458 0.0
1459 137.0
1460 400.0
1461 203.0
1462 10.0
1463 152.0
1464 167.0
1465 164.0
1466 163.0
1467 407.0
1468 203.0
1469 203.0
1470 400.0
1471 159.0
1472 165.0
1473 507.0
1474 507.0
1475 0.0
1476 507.0
1477 203.0
1478 0.0
1479 508.0
1480 139.0
1481 203.0
1482 203.0
1483 194.0
1484 407.0
1485 180.0
1486 88.0
1487 203.0
1488 0.0
1489 203.0
1490 0.0
1491 391.0
1492 0.0
1493 507.0
1494 203.0
1495 392.0
1496 163.0
1497 174.0
1498 203.0
1499 166.0
1500 203.0
1501 203.0
1502 0.0
1503 507.0
1504 223.0
1505 407.0
1506 0.0
1507 401.0
1508 203.0
1509 72.0
1510 203.0
1511 164.0
1512 0.0
1513 507.0
1514 409.0
1515 200.0
1516 146.0
1517 138.0
1518 154.0
1519 482.0
1520 176.0
1521 203.0
1522 86.0
1523 407.0
1524 508.0
1525 180.0
1526 6.0
1527 185.0
1528 409.0
1529 475.0
1530 508.0
1531 162.0
1532 392.0
1533 203.0
1534 186.0
1535 507.0
1536 200.0
1537 170.0
1538 203.0
1539 409.0
1540 0.0
1541 311.0
1542 0.0
1543 6.0
1544 182.0
1545 169.0
1546 156.0
1547 215.0
1548 383.0
1549 507.0
1550 376.0
1551 203.0
1552 0.0
1553 474.0
1554 507.0
1555 203.0
1556 508.0
1557 4.0
1558 159.0
1559 162.0
1560 0.0
1561 203.0
1562 169.0
1563 203.0
1564 149.0
1565 507.0
1566 407.0
1567 0.0
1568 391.0
1569 171.0
1570 395.0
1571 87.0
1572 197.0
1573 0.0
1574 507.0
1575 507.0
1576 0.0
1577 0.0
1578 168.0
1579 507.0
1580 202.0
1581 508.0
1582 392.0
1583 0.0
1584 475.0
1585 159.0
1586 168.0
1587 161.0
1588 151.0
1589 0.0
1590 203.0
1591 0.0
1592 124.0
1593 158.0
1594 279.0
1595 157.0
1596 175.0
1597 507.0
1598 381.0
1599 473.0
1600 376.0
1601 166.0
1602 118.0
1603 0.0
1604 401.0
1605 507.0
1606 166.0
1607 411.0
1608 199.0
1609 150.0
1610 203.0
1611 411.0
1612 164.0
1613 249.0
1614 135.0
1615 158.0
1616 127.0
1617 153.0
1618 0.0
1619 507.0
1620 127.0
1621 381.0
1622 159.0
1623 156.0
1624 203.0
1625 160.0
1626 476.0
1627 0.0
1628 0.0
1629 0.0
1630 169.0
1631 203.0
1632 508.0
1633 197.0
1634 0.0
1635 482.0
1636 203.0
1637 154.0
1638 507.0
1639 407.0
1640 203.0
1641 187.0
1642 97.0
1643 142.0
1644 400.0
1645 219.0
1646 474.0
1647 507.0
1648 203.0
1649 0.0
1650 473.0
1651 404.0
1652 150.0
1653 168.0
1654 0.0
1655 171.0
1656 127.0
1657 202.0
1658 407.0
1659 190.0
1660 193.0
1661 204.0
1662 0.0
1663 187.0
1664 142.0
1665 203.0
1666 173.0
1667 140.0
1668 406.0
1669 393.0
1670 179.0
1671 507.0
1672 203.0
1673 0.0
1674 400.0
1675 50.0
1676 507.0
1677 394.0
1678 194.0
1679 0.0
1680 185.0
1681 173.0
1682 0.0
1683 508.0
1684 507.0
1685 203.0
1686 398.0
1687 167.0
1688 407.0
1689 160.0
1690 178.0
1691 409.0
1692 171.0
1693 203.0
1694 406.0
1695 174.0
1696 6.0
1697 203.0
1698 163.0
1699 0.0
1700 389.0
1701 385.0
1702 479.0
1703 480.0
1704 409.0
1705 191.0
1706 203.0
1707 166.0
1708 203.0
1709 508.0
1710 0.0
1711 0.0
1712 507.0
1713 99.0
1714 203.0
1715 389.0
1716 204.0
1717 411.0
1718 163.0
1719 507.0
1720 185.0
1721 150.0
1722 407.0
1723 507.0
1724 0.0
1725 400.0
1726 0.0
1727 507.0
1728 477.0
1729 396.0
1730 203.0
1731 192.0
1732 201.0
1733 183.0
1734 508.0
1735 152.0
1736 171.0
1737 198.0
1738 127.0
1739 153.0
1740 172.0
1741 489.0
1742 167.0
1743 471.0
1744 5.0
1745 156.0
1746 200.0
1747 372.0
1748 481.0
1749 0.0
1750 0.0
1751 387.0
1752 160.0
1753 158.0
1754 184.0
1755 483.0
1756 149.0
1757 141.0
1758 175.0
1759 203.0
1760 411.0
1761 81.0
1762 163.0
1763 168.0
1764 28.0
1765 203.0
1766 507.0
1767 406.0
1768 479.0
1769 203.0
1770 401.0
1771 411.0
1772 174.0
1773 168.0
1774 113.0
1775 94.0
1776 0.0
1777 203.0
1778 405.0
1779 171.0
1780 0.0
1781 0.0
1782 491.0
1783 0.0
1784 203.0
1785 508.0
1786 483.0
1787 373.0
1788 155.0
1789 278.0
1790 190.0
1791 156.0
1792 189.0
1793 177.0
1794 203.0
1795 169.0
1796 203.0
1797 400.0
1798 476.0
1799 163.0
1800 129.0
1801 203.0
1802 165.0
1803 402.0
1804 376.0
1805 477.0
1806 159.0
1807 165.0
1808 203.0
1809 167.0
1810 158.0
1811 508.0
1812 203.0
1813 159.0
1814 204.0
1815 203.0
1816 242.0
1817 127.0
1818 507.0
1819 51.0
1820 203.0
1821 507.0
1822 489.0
1823 159.0
1824 163.0
1825 479.0
1826 101.0
1827 392.0
1828 185.0
1829 180.0
1830 398.0
1831 477.0
1832 0.0
1833 507.0
1834 507.0
1835 176.0
1836 508.0
1837 170.0
1838 395.0
1839 178.0
1840 0.0
1841 162.0
1842 481.0
1843 169.0
1844 169.0
1845 186.0
1846 204.0
1847 98.0
1848 0.0
1849 151.0
1850 481.0
1851 203.0
1852 203.0
1853 384.0
1854 408.0
1855 203.0
1856 480.0
1857 402.0
1858 1.0
1859 0.0
1860 507.0
1861 203.0
1862 407.0
1863 170.0
1864 177.0
1865 0.0
1866 0.0
1867 203.0
1868 508.0
1869 203.0
1870 162.0
1871 0.0
1872 175.0
1873 181.0
1874 191.0
1875 164.0
1876 396.0
1877 0.0
1878 203.0
1879 0.0
1880 507.0
1881 173.0
1882 190.0
1883 0.0
1884 192.0
1885 184.0
1886 392.0
1887 508.0
1888 508.0
1889 203.0
1890 482.0
1891 381.0
1892 175.0
1893 181.0
1894 183.0
1895 203.0
1896 166.0
1897 0.0
1898 169.0
1899 24.0
1900 372.0
1901 203.0
1902 183.0
1903 156.0
1904 203.0
1905 25.0
1906 203.0
1907 174.0
1908 480.0
1909 203.0
1910 0.0
1911 396.0
1912 203.0
1913 507.0
1914 198.0
1915 133.0
1916 0.0
1917 203.0
1918 203.0
1919 203.0
1920 395.0
1921 474.0
1922 0.0
1923 167.0
1924 169.0
1925 507.0
1926 507.0
1927 405.0
1928 83.0
1929 0.0
1930 0.0
1931 507.0
1932 127.0
1933 203.0
1934 410.0
1935 150.0
1936 170.0
1937 203.0
1938 508.0
1939 477.0
1940 179.0
1941 479.0
1942 283.0
1943 507.0
1944 477.0
1945 141.0
1946 186.0
1947 181.0
1948 185.0
1949 195.0
1950 400.0
1951 173.0
1952 182.0
1953 0.0
1954 392.0
1955 203.0
1956 411.0
1957 203.0
1958 184.0
1959 409.0
1960 390.0
1961 0.0
1962 201.0
1963 147.0
1964 411.0
1965 195.0
1966 164.0
1967 203.0
1968 170.0
1969 169.0
1970 203.0
1971 396.0
1972 484.0
1973 189.0
1974 161.0
1975 187.0
1976 174.0
1977 507.0
1978 63.0
1979 11.0
1980 93.0
1981 508.0
1982 507.0
1983 174.0
1984 411.0
1985 204.0
1986 0.0
1987 372.0
1988 174.0
1989 508.0
1990 507.0
1991 209.0
1992 483.0
1993 480.0
1994 507.0
1995 167.0
1996 489.0
1997 148.0
1998 181.0
1999 390.0
2000 93.0
2001 400.0
2002 180.0
2003 480.0
2004 174.0
2005 477.0
2006 148.0
2007 0.0
2008 203.0
2009 133.0
2010 480.0
2011 201.0
2012 400.0
2013 200.0
2014 409.0
2015 507.0
2016 172.0
2017 403.0
2018 403.0
2019 180.0
2020 372.0
2021 174.0
2022 204.0
2023 0.0
2024 203.0
2025 387.0
2026 392.0
2027 180.0
2028 166.0
2029 177.0
2030 398.0
2031 203.0
2032 203.0
2033 480.0
2034 395.0
2035 203.0
2036 203.0
2037 507.0
2038 153.0
2039 154.0
2040 508.0
2041 127.0
2042 203.0
2043 483.0
2044 40.0
2045 139.0
2046 507.0
2047 202.0
2048 127.0
2049 402.0
2050 220.0
2051 191.0
2052 161.0
2053 380.0
2054 203.0
2055 392.0
2056 187.0
2057 201.0
2058 240.0
2059 203.0
2060 376.0
2061 407.0
2062 197.0
2063 0.0
2064 175.0
2065 203.0
2066 407.0
2067 202.0
2068 152.0
2069 0.0
2070 0.0
2071 203.0
2072 508.0
2073 383.0
2074 0.0
2075 0.0
2076 171.0
2077 489.0
2078 507.0
2079 507.0
2080 479.0
2081 0.0
2082 203.0
2083 203.0
2084 507.0
2085 507.0
2086 127.0
2087 134.0
2088 507.0
2089 507.0
2090 203.0
2091 508.0
2092 396.0
2093 166.0
2094 191.0
2095 156.0
2096 507.0
2097 179.0
2098 163.0
2099 394.0
2100 479.0
2101 474.0
2102 142.0
2103 145.0
2104 127.0
2105 180.0
2106 0.0
2107 508.0
2108 136.0
2109 374.0
2110 203.0
2111 477.0
2112 160.0
2113 0.0
2114 3.0
2115 183.0
2116 203.0
2117 411.0
2118 192.0
2119 171.0
2120 409.0
2121 39.0
2122 164.0
2123 203.0
2124 175.0
2125 182.0
2126 0.0
2127 156.0
2128 398.0
2129 179.0
2130 507.0
2131 478.0
2132 39.0
2133 197.0
2134 152.0
2135 507.0
2136 401.0
2137 0.0
2138 170.0
2139 507.0
2140 180.0
2141 203.0
2142 508.0
2143 187.0
2144 373.0
2145 218.0
2146 215.0
2147 158.0
2148 507.0
2149 402.0
2150 207.0
2151 507.0
2152 203.0
2153 0.0
2154 398.0
2155 152.0
2156 178.0
2157 166.0
2158 392.0
2159 203.0
2160 408.0
2161 203.0
2162 411.0
2163 173.0
2164 203.0
2165 52.0
2166 203.0
2167 153.0
2168 407.0
2169 378.0
2170 384.0
2171 507.0
2172 0.0
2173 202.0
2174 203.0
2175 203.0
2176 101.0
2177 203.0
2178 159.0
2179 507.0
2180 90.0
2181 507.0
2182 178.0
2183 55.0
2184 6.0
2185 204.0
2186 163.0
2187 171.0
2188 401.0
2189 203.0
2190 383.0
2191 507.0
2192 219.0
2193 508.0
2194 396.0
2195 167.0
2196 483.0
2197 481.0
2198 127.0
2199 387.0
2200 489.0
2201 41.0
2202 174.0
2203 153.0
2204 174.0
2205 477.0
2206 378.0
2207 404.0
2208 195.0
2209 387.0
2210 507.0
2211 240.0
2212 203.0
2213 140.0
2214 185.0
2215 201.0
2216 401.0
2217 203.0
2218 203.0
2219 507.0
2220 159.0
2221 0.0
2222 507.0
2223 0.0
2224 411.0
2225 507.0
2226 203.0
2227 0.0
2228 0.0
2229 138.0
2230 203.0
2231 180.0
2232 163.0
2233 127.0
2234 203.0
2235 67.0
2236 187.0
2237 150.0
2238 391.0
2239 393.0
2240 0.0
2241 127.0
2242 372.0
2243 108.0
2244 508.0
2245 127.0
2246 376.0
2247 483.0
2248 0.0
2249 507.0
2250 169.0
2251 489.0
2252 203.0
2253 485.0
2254 203.0
2255 190.0
2256 0.0
2257 507.0
2258 203.0
2259 203.0
2260 177.0
2261 0.0
2262 473.0
2263 203.0
2264 166.0
2265 507.0
2266 13.0
2267 0.0
2268 507.0
2269 203.0
2270 508.0
2271 203.0
2272 162.0
2273 188.0
2274 0.0
2275 202.0
2276 508.0
2277 0.0
2278 0.0
2279 0.0
2280 153.0
2281 398.0
2282 407.0
2283 507.0
2284 507.0
2285 184.0
2286 203.0
2287 196.0
2288 407.0
2289 0.0
2290 116.0
2291 507.0
2292 507.0
2293 486.0
2294 199.0
2295 508.0
2296 396.0
2297 0.0
2298 174.0
2299 186.0
2300 159.0
2301 189.0
2302 373.0
2303 205.0
2304 400.0
2305 164.0
2306 203.0
2307 147.0
2308 162.0
2309 0.0
2310 0.0
2311 507.0
2312 127.0
2313 402.0
2314 203.0
2315 376.0
2316 174.0
2317 196.0
2318 411.0
2319 203.0
2320 153.0
2321 508.0
2322 166.0
2323 398.0
2324 178.0
2325 203.0
2326 387.0
2327 399.0
2328 203.0
2329 182.0
2330 203.0
2331 161.0
2332 202.0
2333 181.0
2334 507.0
2335 507.0
2336 203.0
2337 204.0
2338 172.0
2339 407.0
2340 391.0
2341 87.0
2342 204.0
2343 476.0
2344 486.0
2345 3.0
2346 508.0
2347 507.0
2348 0.0
2349 209.0
2350 3.0
2351 160.0
2352 507.0
2353 157.0
2354 154.0
2355 191.0
2356 374.0
2357 190.0
2358 397.0
2359 164.0
2360 404.0
2361 0.0
2362 159.0
2363 401.0
2364 196.0
2365 203.0
2366 300.0
2367 127.0
2368 205.0
2369 0.0
2370 203.0
2371 162.0
2372 407.0
2373 158.0
2374 395.0
2375 168.0
2376 34.0
2377 387.0
2378 479.0
2379 203.0
2380 177.0
2381 0.0
2382 161.0
2383 0.0
2384 185.0
2385 173.0
2386 168.0
2387 402.0
2388 0.0
2389 168.0
2390 159.0
2391 477.0
2392 203.0
2393 0.0
2394 173.0
2395 157.0
2396 203.0
2397 508.0
2398 507.0
2399 167.0
2400 209.0
2401 174.0
2402 173.0
2403 158.0
2404 489.0
2405 398.0
2406 203.0
2407 393.0
2408 127.0
2409 140.0
2410 507.0
2411 0.0
2412 473.0
2413 400.0
2414 191.0
2415 32.0
2416 203.0
2417 381.0
2418 507.0
2419 0.0
2420 0.0
2421 406.0
2422 203.0
2423 163.0
2424 151.0
2425 0.0
2426 507.0
2427 203.0
2428 203.0
2429 151.0
2430 0.0
2431 0.0
2432 508.0
2433 138.0
2434 130.0
2435 197.0
2436 507.0
2437 166.0
2438 203.0
2439 0.0
2440 203.0
2441 407.0
2442 147.0
2443 164.0
2444 75.0
2445 127.0
2446 144.0
2447 486.0
2448 508.0
2449 198.0
2450 0.0
2451 192.0
2452 184.0
2453 161.0
2454 203.0
2455 170.0
2456 127.0
2457 372.0
2458 390.0
2459 178.0
2460 191.0
2461 151.0
2462 191.0
2463 379.0
2464 507.0
2465 0.0
2466 402.0
2467 203.0
2468 482.0
2469 507.0
2470 410.0
2471 203.0
2472 203.0
2473 153.0
2474 163.0
2475 378.0
2476 198.0
2477 507.0
2478 145.0
2479 408.0
2480 201.0
2481 140.0
2482 203.0
2483 475.0
2484 407.0
2485 156.0
2486 174.0
2487 507.0
2488 507.0
2489 162.0
2490 203.0
2491 391.0
2492 407.0
2493 0.0
2494 1.0
2495 197.0
2496 507.0
2497 203.0
2498 182.0
2499 508.0
2500 198.0
2501 27.0
2502 483.0
2503 125.0
2504 203.0
2505 407.0
2506 0.0
2507 508.0
2508 507.0
2509 405.0
2510 507.0
2511 199.0
2512 168.0
2513 169.0
2514 476.0
2515 477.0
2516 135.0
2517 387.0
2518 203.0
2519 176.0
2520 407.0
2521 484.0
2522 401.0
2523 203.0
2524 479.0
2525 407.0
2526 203.0
2527 392.0
2528 0.0
2529 169.0
2530 203.0
2531 203.0
2532 203.0
2533 160.0
2534 507.0
2535 160.0
2536 168.0
2537 185.0
2538 508.0
2539 507.0
2540 137.0
2541 203.0
2542 161.0
2543 507.0
2544 476.0
2545 507.0
2546 186.0
2547 0.0
2548 159.0
2549 160.0
2550 508.0
2551 173.0
2552 32.0
2553 192.0
2554 191.0
2555 507.0
2556 203.0
2557 489.0
2558 127.0
2559 507.0
2560 127.0
2561 177.0
2562 141.0
2563 507.0
2564 169.0
2565 473.0
2566 400.0
2567 384.0
2568 0.0
2569 203.0
2570 162.0
2571 163.0
2572 484.0
2573 52.0
2574 507.0
2575 176.0
2576 166.0
2577 177.0
2578 153.0
2579 204.0
2580 477.0
2581 194.0
2582 88.0
2583 203.0
2584 0.0
2585 189.0
2586 407.0
2587 195.0
2588 173.0
2589 164.0
2590 153.0
2591 99.0
2592 19.0
2593 0.0
2594 508.0
2595 203.0
2596 387.0
2597 183.0
2598 0.0
2599 168.0
2600 203.0
2601 508.0
2602 396.0
2603 386.0
2604 483.0
2605 209.0
2606 154.0
2607 124.0
2608 0.0
2609 507.0
2610 400.0
2611 159.0
2612 399.0
2613 193.0
2614 164.0
2615 507.0
2616 164.0
2617 163.0
2618 204.0
2619 184.0
2620 203.0
2621 176.0
2622 507.0
2623 173.0
2624 393.0
2625 203.0
2626 145.0
2627 411.0
2628 194.0
2629 166.0
2630 204.0
2631 481.0
2632 145.0
2633 203.0
2634 0.0
2635 203.0
2636 482.0
2637 507.0
2638 407.0
2639 156.0
2640 507.0
2641 127.0
2642 203.0
2643 6.0
2644 154.0
2645 508.0
2646 388.0
2647 507.0
2648 411.0
2649 183.0
2650 203.0
2651 203.0
2652 508.0
2653 198.0
2654 133.0
2655 180.0
2656 372.0
2657 153.0
2658 165.0
2659 176.0
2660 203.0
2661 392.0
2662 388.0
2663 184.0
2664 405.0
2665 508.0
2666 154.0
2667 149.0
2668 507.0
2669 39.0
2670 402.0
2671 203.0
2672 155.0
2673 477.0
2674 508.0
2675 0.0
2676 203.0
2677 172.0
2678 507.0
2679 166.0
2680 181.0
2681 204.0
2682 161.0
2683 372.0
2684 408.0
2685 507.0
2686 137.0
2687 199.0
2688 152.0
2689 168.0
2690 4.0
2691 508.0
2692 507.0
2693 165.0
2694 203.0
2695 389.0
2696 507.0
2697 10.0
2698 0.0
2699 138.0
2700 192.0
2701 218.0
2702 45.0
2703 508.0
2704 396.0
2705 203.0
2706 479.0
2707 186.0
2708 507.0
2709 167.0
2710 489.0
2711 508.0
2712 507.0
2713 477.0
2714 172.0
2715 199.0
2716 507.0
2717 197.0
2718 392.0
2719 507.0
2720 0.0
2721 148.0
2722 203.0
2723 278.0
2724 159.0
2725 138.0
2726 0.0
2727 203.0
2728 197.0
2729 507.0
2730 203.0
2731 406.0
2732 204.0
2733 402.0
2734 409.0
2735 88.0
2736 203.0
2737 486.0
2738 395.0
2739 392.0
2740 123.0
2741 507.0
2742 171.0
2743 507.0
2744 75.0
2745 203.0
2746 127.0
2747 508.0
2748 203.0
2749 167.0
2750 166.0
2751 507.0
2752 157.0
2753 203.0
2754 508.0
2755 507.0
2756 156.0
2757 483.0
2758 283.0
2759 507.0
2760 200.0
2761 507.0
2762 191.0
2763 471.0
2764 387.0
2765 507.0
2766 405.0
2767 161.0
2768 188.0
2769 392.0
2770 407.0
2771 384.0
2772 0.0
2773 203.0
2774 155.0
2775 480.0
2776 508.0
2777 147.0
2778 167.0
2779 158.0
2780 407.0
2781 159.0
2782 0.0
2783 203.0
2784 202.0
2785 203.0
2786 143.0
2787 203.0
2788 0.0
2789 508.0
2790 169.0
2791 168.0
2792 162.0
2793 507.0
2794 507.0
2795 182.0
2796 13.0
2797 0.0
2798 508.0
2799 0.0
2800 394.0
2801 177.0
2802 166.0
2803 153.0
2804 203.0
2805 508.0
2806 396.0
2807 395.0
2808 483.0
2809 284.0
2810 151.0
2811 185.0
2812 161.0
2813 184.0
2814 508.0
2815 143.0
2816 127.0
2817 199.0
2818 148.0
2819 385.0
2820 0.0
2821 157.0
2822 276.0
2823 473.0
2824 203.0
2825 483.0
2826 166.0
2827 167.0
2828 32.0
2829 403.0
2830 185.0
2831 411.0
2832 161.0
2833 175.0
2834 204.0
2835 171.0
2836 397.0
2837 0.0
2838 62.0
2839 203.0
2840 189.0
2841 411.0
2842 396.0
2843 128.0
2844 164.0
2845 507.0
2846 165.0
2847 0.0
2848 163.0
2849 507.0
2850 388.0
2851 0.0
2852 407.0
2853 173.0
2854 62.0
2855 187.0
2856 508.0
2857 377.0
2858 203.0
2859 399.0
2860 176.0
2861 36.0
2862 483.0
2863 203.0
2864 180.0
2865 191.0
2866 203.0
2867 160.0
2868 199.0
2869 123.0
2870 507.0
2871 203.0
2872 507.0
2873 302.0
2874 473.0
2875 203.0
2876 198.0
2877 173.0
2878 508.0
2879 0.0
2880 157.0
2881 203.0
2882 483.0
2883 173.0
2884 196.0
2885 0.0
2886 396.0
2887 203.0
2888 76.0
2889 507.0
2890 0.0
2891 160.0
2892 106.0
2893 382.0
2894 53.0
2895 171.0
2896 507.0
2897 400.0
2898 203.0
2899 397.0
2900 507.0
2901 203.0
2902 0.0
2903 221.0
2904 507.0
2905 180.0
2906 203.0
2907 508.0
2908 113.0
2909 28.0
2910 399.0
2911 284.0
2912 204.0
2913 483.0
2914 489.0
2915 409.0
2916 471.0
2917 392.0
2918 507.0
2919 171.0
2920 372.0
2921 203.0
2922 203.0
2923 507.0
2924 0.0
2925 507.0
2926 203.0
2927 170.0
2928 507.0
2929 508.0
2930 0.0
2931 507.0
2932 193.0
2933 507.0
2934 410.0
2935 389.0
2936 203.0
2937 169.0
2938 372.0
2939 0.0
2940 203.0
2941 0.0
2942 474.0
2943 0.0
2944 152.0
2945 181.0
2946 507.0
2947 507.0
2948 204.0
2949 19.0
2950 203.0
2951 508.0
2952 0.0
2953 394.0
2954 127.0
2955 133.0
2956 162.0
2957 197.0
2958 508.0
2959 203.0
2960 77.0
2961 483.0
2962 220.0
2963 185.0
2964 127.0
2965 153.0
2966 184.0
2967 478.0
2968 152.0
2969 507.0
2970 402.0
2971 508.0
2972 158.0
2973 157.0
2974 147.0
2975 152.0
2976 507.0
2977 203.0
2978 131.0
2979 507.0
2980 507.0
2981 0.0
2982 189.0
2983 192.0
2984 407.0
2985 474.0
2986 200.0
2987 204.0
2988 191.0
2989 189.0
2990 206.0
2991 395.0
2992 134.0
2993 115.0
2994 203.0
2995 507.0
2996 507.0
2997 507.0
2998 507.0
2999 204.0
3000 19.0
3001 0.0
3002 507.0
3003 0.0
3004 195.0
3005 126.0
3006 507.0
3007 172.0
3008 6.0
3009 508.0
3010 507.0
3011 28.0
3012 483.0
3013 203.0
3014 124.0
3015 127.0
3016 176.0
3017 124.0
3018 0.0
3019 507.0
3020 173.0
3021 203.0
3022 117.0
3023 507.0
3024 118.0
3025 507.0
3026 0.0
3027 473.0
3028 203.0
3029 171.0
3030 172.0
3031 508.0
3032 0.0
3033 201.0
3034 167.0
3035 393.0
3036 168.0
3037 171.0
3038 479.0
3039 189.0
3040 185.0
3041 1.0
3042 397.0
3043 0.0
3044 127.0
3045 162.0
3046 396.0
3047 145.0
3048 508.0
3049 477.0
3050 409.0
3051 0.0
3052 174.0
3053 508.0
3054 387.0
3055 0.0
3056 378.0
3057 192.0
3058 137.0
3059 192.0
3060 508.0
3061 171.0
3062 203.0
3063 192.0
3064 283.0
3065 167.0
3066 507.0
3067 507.0
3068 203.0
3069 170.0
3070 203.0
3071 507.0
3072 507.0
3073 166.0
3074 203.0
3075 473.0
3076 507.0
3077 0.0
3078 199.0
3079 203.0
3080 198.0
3081 508.0
3082 178.0
3083 0.0
3084 157.0
3085 159.0
3086 407.0
3087 162.0
3088 382.0
3089 204.0
3090 134.0
3091 203.0
3092 203.0
3093 170.0
3094 186.0
3095 507.0
3096 0.0
3097 168.0
3098 146.0
3099 477.0
3100 507.0
3101 160.0
3102 203.0
3103 213.0
3104 508.0
3105 151.0
3106 33.0
3107 179.0
3108 203.0
3109 110.0
3110 203.0
3111 508.0
3112 170.0
3113 497.0
3114 483.0
3115 281.0
3116 203.0
3117 155.0
3118 489.0
3119 204.0
3120 477.0
3121 155.0
3122 507.0
3123 397.0
3124 372.0
3125 168.0
3126 394.0
3127 141.0
3128 148.0
3129 507.0
3130 203.0
3131 186.0
3132 165.0
3133 175.0
3134 0.0
3135 105.0
3136 484.0
3137 507.0
3138 410.0
3139 164.0
3140 204.0
3141 203.0
3142 476.0
3143 390.0
3144 204.0
3145 507.0
3146 508.0
3147 508.0
3148 163.0
3149 507.0
3150 507.0
3151 507.0
3152 476.0
3153 19.0
3154 203.0
3155 508.0
3156 127.0
3157 171.0
3158 187.0
3159 179.0
3160 156.0
3161 197.0
3162 508.0
3163 136.0
3164 52.0
3165 483.0
3166 12.0
3167 199.0
3168 168.0
3169 187.0
3170 0.0
3171 403.0
3172 150.0
3173 507.0
3174 397.0
3175 372.0
3176 188.0
3177 182.0
3178 400.0
3179 0.0
3180 140.0
3181 203.0
3182 158.0
3183 407.0
3184 508.0
3185 0.0
3186 203.0
3187 190.0
3188 393.0
3189 200.0
3190 387.0
3191 204.0
3192 88.0
3193 143.0
3194 404.0
3195 508.0
3196 149.0
3197 193.0
3198 203.0
3199 507.0
3200 507.0
3201 407.0
3202 507.0
3203 170.0
3204 0.0
3205 203.0
3206 508.0
3207 508.0
3208 169.0
3209 186.0
3210 179.0
3211 174.0
3212 191.0
3213 508.0
3214 157.0
3215 391.0
3216 483.0
3217 144.0
3218 127.0
3219 507.0
3220 144.0
3221 0.0
3222 147.0
3223 188.0
3224 162.0
3225 32.0
3226 170.0
3227 157.0
3228 147.0
3229 191.0
3230 0.0
3231 402.0
3232 203.0
3233 144.0
3234 508.0
3235 508.0
3236 0.0
3237 185.0
3238 127.0
3239 169.0
3240 192.0
3241 395.0
3242 204.0
3243 0.0
3244 203.0
3245 400.0
3246 401.0
3247 507.0
3248 140.0
3249 186.0
3250 396.0
3251 125.0
3252 507.0
3253 407.0
3254 476.0
3255 26.0
3256 198.0
3257 508.0
3258 139.0
3259 1.0
3260 372.0
3261 507.0
3262 133.0
3263 191.0
3264 508.0
3265 86.0
3266 52.0
3267 483.0
3268 279.0
3269 182.0
3270 507.0
3271 176.0
3272 203.0
3273 478.0
3274 409.0
3275 507.0
3276 203.0
3277 170.0
3278 203.0
3279 507.0
3280 507.0
3281 199.0
3282 473.0
3283 203.0
3284 144.0
3285 169.0
3286 508.0
3287 0.0
3288 157.0
3289 507.0
3290 507.0
3291 378.0
3292 408.0
3293 204.0
3294 5.0
3295 203.0
3296 203.0
3297 203.0
3298 190.0
3299 474.0
3300 0.0
3301 507.0
3302 507.0
3303 507.0
3304 507.0
3305 180.0
3306 0.0
3307 157.0
3308 508.0
3309 0.0
3310 203.0
3311 378.0
3312 172.0
3313 162.0
3314 191.0
3315 508.0
3316 0.0
3317 156.0
3318 479.0
3319 215.0
3320 195.0
3321 407.0
3322 176.0
3323 0.0
3324 127.0
3325 151.0
3326 507.0
3327 507.0
3328 507.0
3329 404.0
3330 187.0
3331 144.0
3332 185.0
3333 159.0
3334 203.0
3335 409.0
3336 508.0
3337 508.0
3338 401.0
3339 203.0
3340 383.0
3341 393.0
3342 203.0
3343 2.0
3344 507.0
3345 394.0
3346 23.0
3347 88.0
3348 203.0
3349 203.0
3350 508.0
3351 392.0
3352 167.0
3353 507.0
3354 407.0
3355 507.0
3356 160.0
3357 19.0
3358 478.0
3359 508.0
3360 158.0
3361 194.0
3362 508.0
3363 507.0
3364 184.0
3365 203.0
3366 508.0
3367 0.0
3368 480.0
3369 483.0
3370 0.0
3371 203.0
3372 167.0
3373 191.0
3374 29.0
3375 397.0
3376 160.0
3377 507.0
3378 400.0
3379 407.0
3380 194.0
3381 507.0
3382 507.0
3383 119.0
3384 196.0
3385 203.0
3386 396.0
3387 508.0
3388 508.0
3389 0.0
3390 197.0
3391 383.0
3392 158.0
3393 378.0
3394 185.0
3395 204.0
3396 135.0
3397 203.0
3398 201.0
3399 0.0
3400 150.0
3401 187.0
3402 203.0
3403 507.0
3404 108.0
3405 507.0
3406 507.0
3407 171.0
3408 19.0
3409 203.0
3410 508.0
3411 508.0
3412 134.0
3413 508.0
3414 171.0
3415 101.0
3416 203.0
3417 508.0
3418 185.0
3419 160.0
3420 483.0
3421 203.0
3422 402.0
3423 127.0
3424 396.0
3425 29.0
3426 477.0
3427 68.0
3428 508.0
3429 203.0
3430 166.0
3431 407.0
3432 182.0
3433 507.0
3434 203.0
3435 70.0
3436 203.0
3437 144.0
3438 407.0
3439 508.0
3440 0.0
3441 507.0
3442 162.0
3443 407.0
3444 162.0
3445 219.0
3446 0.0
3447 481.0
3448 203.0
3449 150.0
3450 203.0
3451 146.0
3452 508.0
3453 147.0
3454 507.0
3455 150.0
3456 172.0
3457 407.0
3458 507.0
3459 26.0
3460 160.0
3461 507.0
3462 143.0
3463 0.0
3464 169.0
3465 507.0
3466 159.0
3467 67.0
3468 508.0
3469 157.0
3470 152.0
3471 149.0
3472 159.0
3473 388.0
3474 507.0
3475 189.0
3476 204.0
3477 203.0
3478 157.0
3479 147.0
3480 203.0
3481 507.0
3482 203.0
3483 175.0
3484 131.0
3485 189.0
3486 130.0
3487 203.0
3488 166.0
3489 507.0
3490 508.0
3491 0.0
3492 387.0
3493 203.0
3494 507.0
3495 158.0
3496 405.0
3497 0.0
3498 508.0
3499 397.0
3500 159.0
3501 127.0
3502 149.0
3503 482.0
3504 0.0
3505 507.0
3506 245.0
3507 508.0
3508 507.0
3509 143.0
3510 39.0
3511 158.0
3512 507.0
3513 147.0
3514 166.0
3515 171.0
3516 171.0
3517 162.0
3518 203.0
3519 508.0
3520 181.0
3521 151.0
3522 483.0
3523 171.0
3524 165.0
3525 507.0
3526 176.0
3527 204.0
3528 0.0
3529 177.0
3530 160.0
3531 171.0
3532 163.0
3533 507.0
3534 405.0
3535 169.0
3536 0.0
3537 473.0
3538 203.0
3539 409.0
3540 508.0
3541 508.0
3542 141.0
3543 125.0
3544 508.0
3545 158.0
3546 174.0
3547 4.0
3548 204.0
3549 203.0
3550 474.0
3551 157.0
3552 171.0
3553 507.0
3554 195.0
3555 203.0
3556 411.0
3557 477.0
3558 407.0
3559 507.0
3560 127.0
3561 19.0
3562 178.0
3563 401.0
3564 160.0
3565 480.0
3566 508.0
3567 507.0
3568 507.0
3569 203.0
3570 508.0
3571 7.0
3572 508.0
3573 483.0
3574 147.0
3575 507.0
3576 176.0
3577 187.0
3578 167.0
3579 0.0
3580 203.0
3581 127.0
3582 193.0
3583 162.0
3584 177.0
3585 407.0
3586 507.0
3587 0.0
3588 507.0
3589 203.0
3590 198.0
3591 507.0
3592 508.0
3593 0.0
3594 406.0
3595 188.0
3596 483.0
3597 203.0
3598 0.0
3599 204.0
3600 153.0
3601 203.0
3602 203.0
3603 181.0
3604 0.0
3605 52.0
3606 187.0
3607 507.0
3608 165.0
3609 508.0
3610 507.0
3611 127.0
3612 26.0
3613 203.0
3614 508.0
3615 508.0
3616 203.0
3617 378.0
3618 171.0
3619 161.0
3620 35.0
3621 508.0
3622 0.0
3623 507.0
3624 483.0
3625 0.0
3626 176.0
3627 507.0
3628 164.0
3629 0.0
3630 382.0
3631 480.0
3632 155.0
3633 195.0
3634 411.0
3635 407.0
3636 163.0
3637 154.0
3638 0.0
3639 407.0
3640 203.0
3641 409.0
3642 407.0
3643 407.0
3644 0.0
3645 157.0
3646 203.0
3647 507.0
3648 203.0
3649 280.0
3650 475.0
3651 171.0
3652 203.0
3653 400.0
3654 178.0
3655 203.0
3656 491.0
3657 0.0
3658 507.0
3659 507.0
3660 508.0
3661 507.0
3662 507.0
3663 19.0
3664 160.0
3665 507.0
3666 161.0
3667 507.0
3668 407.0
3669 173.0
3670 151.0
3671 191.0
3672 508.0
3673 143.0
3674 508.0
3675 397.0
3676 163.0
3677 194.0
3678 507.0
3679 153.0
3680 172.0
3681 203.0
3682 196.0
3683 159.0
3684 200.0
3685 407.0
3686 182.0
3687 411.0
3688 144.0
3689 203.0
3690 164.0
3691 203.0
3692 409.0
3693 407.0
3694 508.0
3695 400.0
3696 159.0
3697 163.0
3698 163.0
3699 190.0
3700 204.0
3701 0.0
3702 203.0
3703 203.0
3704 163.0
3705 160.0
3706 474.0
3707 409.0
3708 407.0
3709 411.0
3710 507.0
3711 508.0
3712 507.0
3713 177.0
3714 19.0
3715 390.0
3716 196.0
3717 392.0
3718 202.0
3719 163.0
3720 203.0
3721 174.0
3722 203.0
3723 508.0
3724 0.0
3725 172.0
3726 397.0
3727 279.0
3728 188.0
3729 407.0
3730 407.0
3731 203.0
3732 203.0
3733 173.0
3734 182.0
3735 400.0
3736 158.0
3737 160.0
3738 191.0
3739 407.0
3740 166.0
3741 486.0
3742 203.0
3743 171.0
3744 163.0
3745 507.0
3746 32.0
3747 196.0
3748 180.0
3749 158.0
3750 0.0
3751 0.0
3752 85.0
3753 203.0
3754 158.0
3755 157.0
3756 507.0
3757 172.0
3758 0.0
3759 203.0
3760 507.0
3761 507.0
3762 508.0
3763 130.0
3764 151.0
3765 26.0
3766 213.0
3767 508.0
3768 391.0
3769 172.0
3770 407.0
3771 507.0
3772 409.0
3773 203.0
3774 508.0
3775 157.0
3776 157.0
3777 397.0
3778 158.0
3779 152.0
3780 374.0
3781 170.0
3782 0.0
3783 177.0
3784 387.0
3785 182.0
3786 203.0
3787 166.0
3788 507.0
3789 146.0
3790 507.0
3791 280.0
3792 407.0
3793 203.0
3794 1.0
3795 407.0
3796 407.0
3797 203.0
3798 507.0
3799 203.0
3800 507.0
3801 190.0
3802 219.0
3803 204.0
3804 119.0
3805 138.0
3806 144.0
3807 27.0
3808 14.0
3809 203.0
3810 0.0
3811 507.0
3812 164.0
3813 507.0
3814 507.0
3815 507.0
3816 26.0
3817 203.0
3818 507.0
3819 395.0
3820 203.0
3821 508.0
3822 507.0
3823 507.0
3824 203.0
3825 508.0
3826 157.0
3827 142.0
3828 483.0
3829 4.0
3830 24.0
3831 166.0
3832 407.0
3833 480.0
3834 160.0
3835 395.0
3836 0.0
3837 201.0
3838 372.0
3839 507.0
3840 173.0
3841 167.0
3842 383.0
3843 407.0
3844 203.0
3845 483.0
3846 508.0
3847 508.0
3848 3.0
3849 203.0
3850 383.0
3851 507.0
3852 10.0
3853 99.0
3854 487.0
3855 477.0
3856 203.0
3857 3.0
3858 179.0
3859 66.0
3860 158.0
3861 203.0
3862 157.0
3863 507.0
3864 508.0
3865 157.0
3866 507.0
3867 203.0
3868 390.0
3869 507.0
3870 162.0
3871 0.0
3872 508.0
3873 507.0
3874 158.0
3875 187.0
3876 508.0
3877 0.0
3878 508.0
3879 483.0
3880 167.0
3881 186.0
3882 507.0
3883 402.0
3884 204.0
3885 0.0
3886 203.0
3887 149.0
3888 202.0
3889 372.0
3890 508.0
3891 160.0
3892 507.0
3893 204.0
3894 473.0
3895 203.0
3896 156.0
3897 508.0
3898 507.0
3899 0.0
3900 202.0
3901 159.0
3902 483.0
3903 178.0
3904 203.0
3905 96.0
3906 203.0
3907 203.0
3908 88.0
3909 177.0
3910 127.0
3911 203.0
3912 203.0
3913 396.0
3914 407.0
3915 508.0
3916 172.0
3917 507.0
3918 19.0
3919 28.0
3920 401.0
3921 159.0
3922 202.0
3923 508.0
3924 202.0
3925 203.0
3926 203.0
3927 508.0
3928 174.0
3929 151.0
3930 483.0
3931 409.0
3932 203.0
3933 407.0
3934 166.0
3935 473.0
3936 140.0
3937 170.0
3938 473.0
3939 199.0
3940 372.0
3941 474.0
3942 154.0
3943 188.0
3944 203.0
3945 508.0
3946 203.0
3947 479.0
3948 508.0
3949 508.0
3950 392.0
3951 144.0
3952 174.0
3953 164.0
3954 5.0
3955 164.0
3956 204.0
3957 161.0
3958 476.0
3959 203.0
3960 203.0
3961 507.0
3962 482.0
3963 203.0
3964 171.0
3965 407.0
3966 507.0
3967 507.0
3968 508.0
3969 203.0
3970 389.0
3971 507.0
3972 161.0
3973 19.0
3974 508.0
3975 507.0
3976 163.0
3977 411.0
3978 508.0
3979 191.0
3980 508.0
3981 483.0
3982 173.0
3983 186.0
3984 152.0
3985 407.0
3986 180.0
3987 160.0
3988 161.0
3989 127.0
3990 171.0
3991 0.0
3992 507.0
3993 180.0
3994 400.0
3995 0.0
3996 135.0
3997 203.0
3998 187.0
3999 507.0
4000 407.0
4001 203.0
4002 475.0
4003 383.0
4004 407.0
4005 10.0
4006 280.0
4007 204.0
4008 396.0
4009 163.0
4010 400.0
4011 407.0
4012 10.0
4013 482.0
4014 82.0
4015 164.0
4016 507.0
4017 508.0
4018 507.0
4019 165.0
4020 26.0
4021 203.0
4022 507.0
4023 127.0
4024 0.0
4025 508.0
4026 507.0
4027 148.0
4028 61.0
4029 508.0
4030 507.0
4031 508.0
4032 483.0
4033 204.0
4034 160.0
4035 507.0
4036 402.0
4037 473.0
4038 203.0
4039 166.0
4040 131.0
4041 200.0
4042 85.0
4043 507.0
4044 507.0
4045 160.0
4046 383.0
4047 508.0
4048 203.0
4049 189.0
4050 163.0
4051 508.0
4052 201.0
4053 411.0
4054 180.0
4055 507.0
4056 166.0
4057 219.0
4058 204.0
4059 407.0
4060 387.0
4061 404.0
4062 179.0
4063 507.0
4064 203.0
4065 407.0
4066 396.0
4067 507.0
4068 508.0
4069 128.0
4070 508.0
4071 203.0
4072 0.0
4073 507.0
4074 392.0
4075 190.0
4076 507.0
4077 203.0
4078 507.0
4079 203.0
4080 508.0
4081 0.0
4082 151.0
4083 483.0
4084 153.0
4085 168.0
4086 407.0
4087 508.0
4088 207.0
4089 203.0
4090 0.0
4091 473.0
4092 507.0
4093 203.0
4094 411.0
4095 153.0
4096 507.0
4097 407.0
4098 168.0
4099 203.0
4100 378.0
4101 163.0
4102 508.0
4103 401.0
4104 160.0
4105 180.0
4106 163.0
4107 378.0
4108 153.0
4109 204.0
4110 203.0
4111 507.0
4112 479.0
4113 117.0
4114 484.0
4115 153.0
4116 202.0
4117 396.0
4118 507.0
4119 508.0
4120 507.0
4121 507.0
4122 19.0
4123 390.0
4124 508.0
4125 393.0
4126 507.0
4127 508.0
4128 406.0
4129 158.0
4130 203.0
4131 508.0
4132 143.0
4133 507.0
4134 483.0
4135 389.0
4136 388.0
4137 172.0
4138 174.0
4139 127.0
4140 203.0
4141 0.0
4142 407.0
4143 193.0
4144 203.0
4145 507.0
4146 484.0
4147 182.0
4148 0.0
4149 164.0
4150 203.0
4151 159.0
4152 407.0
4153 507.0
4154 167.0
4155 385.0
4156 407.0
4157 135.0
4158 173.0
4159 219.0
4160 203.0
4161 396.0
4162 186.0
4163 206.0
4164 485.0
4165 483.0
4166 475.0
4167 507.0
4168 0.0
4169 138.0
4170 508.0
4171 507.0
4172 166.0
4173 203.0
4174 203.0
4175 508.0
4176 171.0
4177 203.0
4178 508.0
4179 507.0
4180 407.0
4181 0.0
4182 508.0
4183 157.0
4184 148.0
4185 397.0
4186 190.0
4187 167.0
4188 407.0
4189 402.0
4190 508.0
4191 391.0
4192 163.0
4193 161.0
4194 400.0
4195 169.0
4196 508.0
4197 477.0
4198 156.0
4199 0.0
4200 168.0
4201 203.0
4202 188.0
4203 508.0
4204 177.0
4205 203.0
4206 160.0
4207 383.0
4208 507.0
4209 378.0
4210 219.0
4211 204.0
4212 207.0
4213 155.0
4214 203.0
4215 507.0
4216 143.0
4217 204.0
4218 392.0
4219 18.0
4220 159.0
4221 508.0
4222 508.0
4223 166.0
4224 203.0
4225 203.0
4226 508.0
4227 173.0
4228 507.0
4229 407.0
4230 507.0
4231 152.0
4232 0.0
4233 508.0
4234 0.0
4235 151.0
4236 483.0
4237 280.0
4238 204.0
4239 407.0
4240 402.0
4241 157.0
4242 477.0
4243 150.0
4244 154.0
4245 203.0
4246 0.0
4247 508.0
4248 508.0
4249 377.0
4250 169.0
4251 173.0
4252 203.0
4253 383.0
4254 172.0
4255 126.0
4256 406.0
4257 205.0
4258 153.0
4259 507.0
4260 410.0
4261 0.0
4262 204.0
4263 203.0
4264 476.0
4265 0.0
4266 192.0
4267 203.0
4268 56.0
4269 187.0
4270 203.0
4271 407.0
4272 508.0
4273 137.0
4274 507.0
4275 0.0
4276 28.0
4277 508.0
4278 161.0
4279 394.0
4280 507.0
4281 169.0
4282 507.0
4283 203.0
4284 508.0
4285 0.0
4286 174.0
4287 483.0
4288 180.0
4289 204.0
4290 507.0
4291 178.0
4292 127.0
4293 215.0
4294 203.0
4295 154.0
4296 32.0
4297 372.0
4298 508.0
4299 407.0
4300 182.0
4301 203.0
4302 473.0
4303 203.0
4304 483.0
4305 407.0
4306 159.0
4307 141.0
4308 180.0
4309 174.0
4310 173.0
4311 184.0
4312 203.0
4313 203.0
4314 396.0
4315 203.0
4316 0.0
4317 127.0
4318 486.0
4319 473.0
4320 167.0
4321 180.0
4322 507.0
4323 508.0
4324 171.0
4325 151.0
4326 39.0
4327 127.0
4328 508.0
4329 394.0
4330 167.0
4331 394.0
4332 507.0
4333 507.0
4334 397.0
4335 508.0
4336 157.0
4337 484.0
4338 483.0
4339 217.0
4340 0.0
4341 407.0
4342 178.0
4343 409.0
4344 391.0
4345 395.0
4346 181.0
4347 400.0
4348 372.0
4349 507.0
4350 507.0
4351 163.0
4352 0.0
4353 507.0
4354 203.0
4355 203.0
4356 172.0
4357 169.0
4358 164.0
4359 0.0
4360 383.0
4361 507.0
4362 163.0
4363 219.0
4364 204.0
4365 207.0
4366 386.0
4367 0.0
4368 6.0
4369 170.0
4370 203.0
4371 23.0
4372 53.0
4373 507.0
4374 508.0
4375 407.0
4376 508.0
4377 203.0
4378 203.0
4379 508.0
4380 391.0
4381 177.0
4382 171.0
4383 507.0
4384 128.0
4385 0.0
4386 508.0
4387 170.0
4388 172.0
4389 483.0
4390 171.0
4391 507.0
4392 507.0
4393 153.0
4394 507.0
4395 477.0
4396 185.0
4397 159.0
4398 507.0
4399 507.0
4400 508.0
4401 172.0
4402 174.0
4403 0.0
4404 153.0
4405 203.0
4406 377.0
4407 163.0
4408 192.0
4409 203.0
4410 480.0
4411 508.0
4412 407.0
4413 203.0
4414 219.0
4415 204.0
4416 203.0
4417 203.0
4418 0.0
4419 204.0
4420 507.0
4421 0.0
4422 143.0
4423 203.0
4424 17.0
4425 507.0
4426 507.0
4427 507.0
4428 203.0
4429 390.0
4430 507.0
4431 145.0
4432 507.0
4433 378.0
4434 507.0
4435 0.0
4436 475.0
4437 508.0
4438 170.0
4439 171.0
4440 483.0
4441 180.0
4442 61.0
4443 507.0
4444 178.0
4445 203.0
4446 204.0
4447 163.0
4448 127.0
4449 161.0
4450 25.0
4451 411.0
4452 508.0
4453 177.0
4454 381.0
4455 473.0
4456 203.0
4457 386.0
4458 407.0
4459 177.0
4460 401.0
4461 127.0
4462 160.0
4463 497.0
4464 243.0
4465 203.0
4466 204.0
4467 508.0
4468 181.0
4469 0.0
4470 204.0
4471 484.0
4472 0.0
4473 202.0
4474 387.0
4475 203.0
4476 507.0
4477 171.0
4478 507.0
4479 0.0
4480 159.0
4481 508.0
4482 475.0
4483 174.0
4484 166.0
4485 0.0
4486 203.0
4487 203.0
4488 508.0
4489 147.0
4490 508.0
4491 483.0
4492 191.0
4493 151.0
4494 407.0
4495 178.0
4496 0.0
4497 391.0
4498 392.0
4499 127.0
4500 149.0
4501 186.0
4502 507.0
4503 507.0
4504 507.0
4505 481.0
4506 173.0
4507 203.0
4508 144.0
4509 508.0
4510 477.0
4511 385.0
4512 0.0
4513 507.0
4514 407.0
4515 173.0
4516 203.0
4517 203.0
4518 161.0
4519 160.0
4520 0.0
4521 178.0
4522 159.0
4523 508.0
4524 202.0
4525 191.0
4526 203.0
4527 508.0
4528 407.0
4529 165.0
4530 32.0
4531 166.0
4532 507.0
4533 391.0
4534 373.0
4535 171.0
4536 507.0
4537 168.0
4538 479.0
4539 508.0
4540 157.0
4541 151.0
4542 483.0
4543 180.0
4544 181.0
4545 507.0
4546 507.0
4547 0.0
4548 0.0
4549 203.0
4550 162.0
4551 507.0
4552 162.0
4553 508.0
4554 508.0
4555 127.0
4556 169.0
4557 399.0
4558 203.0
4559 151.0
4560 163.0
4561 508.0
4562 508.0
4563 480.0
4564 383.0
4565 407.0
4566 169.0
4567 280.0
4568 204.0
4569 203.0
4570 203.0
4571 0.0
4572 203.0
4573 149.0
4574 204.0
4575 141.0
4576 161.0
4577 507.0
4578 508.0
4579 507.0
4580 178.0
4581 203.0
4582 204.0
4583 405.0
4584 161.0
4585 407.0
4586 177.0
4587 507.0
4588 32.0
4589 411.0
4590 508.0
4591 162.0
4592 508.0
4593 483.0
4594 277.0
4595 203.0
4596 507.0
4597 507.0
4598 203.0
4599 0.0
4600 153.0
4601 163.0
4602 187.0
4603 0.0
4604 411.0
4605 508.0
4606 182.0
4607 203.0
4608 172.0
4609 203.0
4610 483.0
4611 407.0
4612 169.0
4613 3.0
4614 203.0
4615 508.0
4616 483.0
4617 378.0
4618 203.0
4619 204.0
4620 409.0
4621 203.0
4622 0.0
4623 189.0
4624 203.0
4625 193.0
4626 172.0
4627 203.0
4628 9.0
4629 508.0
4630 507.0
4631 508.0
4632 203.0
4633 0.0
4634 507.0
4635 0.0
4636 127.0
4637 508.0
4638 507.0
4639 138.0
4640 486.0
4641 508.0
4642 203.0
4643 164.0
4644 483.0
4645 0.0
4646 204.0
4647 407.0
4648 166.0
4649 0.0
4650 162.0
4651 0.0
4652 154.0
4653 168.0
4654 203.0
4655 508.0
4656 508.0
4657 508.0
4658 181.0
4659 168.0
4660 203.0
4661 177.0
4662 508.0
4663 169.0
4664 163.0
4665 205.0
4666 164.0
4667 497.0
4668 401.0
4669 392.0
4670 203.0
4671 403.0
4672 399.0
4673 0.0
4674 182.0
4675 66.0
4676 0.0
4677 202.0
4678 177.0
4679 507.0
4680 508.0
4681 165.0
4682 508.0
4683 39.0
4684 203.0
4685 508.0
4686 147.0
4687 383.0
4688 163.0
4689 507.0
4690 203.0
4691 182.0
4692 508.0
4693 507.0
4694 172.0
4695 483.0
4696 204.0
4697 60.0
4698 507.0
4699 165.0
4700 0.0
4701 477.0
4702 0.0
4703 507.0
4704 181.0
4705 66.0
4706 474.0
4707 507.0
4708 162.0
4709 157.0
4710 161.0
4711 203.0
4712 180.0
4713 507.0
4714 508.0
4715 382.0
4716 480.0
4717 403.0
4718 172.0
4719 474.0
4720 219.0
4721 204.0
4722 485.0
4723 402.0
4724 182.0
4725 507.0
4726 486.0
4727 409.0
4728 23.0
4729 191.0
4730 507.0
4731 508.0
4732 507.0
4733 507.0
4734 203.0
4735 393.0
4736 508.0
4737 391.0
4738 395.0
4739 163.0
4740 173.0
4741 203.0
4742 411.0
4743 508.0
4744 166.0
4745 508.0
4746 483.0
4747 277.0
4748 399.0
4749 407.0
4750 507.0
4751 6.0
4752 127.0
4753 0.0
4754 147.0
4755 194.0
4756 184.0
4757 474.0
4758 508.0
4759 377.0
4760 0.0
4761 164.0
4762 203.0
4763 483.0
4764 508.0
4765 151.0
4766 0.0
4767 398.0
4768 507.0
4769 407.0
4770 148.0
4771 219.0
4772 204.0
4773 203.0
4774 476.0
4775 0.0
4776 397.0
4777 474.0
4778 508.0
4779 176.0
4780 180.0
4781 407.0
4782 508.0
4783 507.0
4784 179.0
4785 203.0
4786 0.0
4787 508.0
4788 508.0
4789 177.0
4790 407.0
4791 147.0
4792 203.0
4793 197.0
4794 508.0
4795 204.0
4796 177.0
4797 483.0
4798 176.0
4799 0.0
4800 407.0
4801 402.0
4802 204.0
4803 181.0
4804 203.0
4805 154.0
4806 477.0
4807 372.0
4808 507.0
4809 166.0
4810 507.0
4811 507.0
4812 168.0
4813 203.0
4814 157.0
4815 407.0
4816 169.0
4817 186.0
4818 203.0
4819 507.0
4820 507.0
4821 203.0
4822 153.0
4823 204.0
4824 485.0
4825 402.0
4826 0.0
4827 411.0
4828 161.0
4829 136.0
4830 127.0
4831 396.0
4832 155.0
4833 508.0
4834 138.0
4835 507.0
4836 203.0
4837 159.0
4838 508.0
4839 58.0
4840 383.0
4841 169.0
4842 507.0
4843 203.0
4844 486.0
4845 508.0
4846 409.0
4847 508.0
4848 483.0
4849 166.0
4850 167.0
4851 507.0
4852 508.0
4853 203.0
4854 478.0
4855 39.0
4856 154.0
4857 74.0
4858 372.0
4859 507.0
4860 508.0
4861 164.0
4862 163.0
4863 165.0
4864 203.0
4865 93.0
4866 163.0
4867 507.0
4868 392.0
4869 480.0
4870 160.0
4871 483.0
4872 474.0
4873 196.0
4874 203.0
4875 127.0
4876 399.0
4877 408.0
4878 203.0
4879 169.0
4880 475.0
4881 82.0
4882 203.0
4883 391.0
4884 507.0
4885 477.0
4886 507.0
4887 39.0
4888 389.0
4889 508.0
4890 395.0
4891 507.0
4892 508.0
4893 507.0
4894 203.0
4895 0.0
4896 508.0
4897 507.0
4898 508.0
4899 483.0
4900 180.0
4901 187.0
4902 507.0
4903 170.0
4904 20.0
4905 168.0
4906 204.0
4907 154.0
4908 84.0
4909 0.0
4910 411.0
4911 407.0
4912 507.0
4913 168.0
4914 165.0
4915 507.0
4916 64.0
4917 477.0
4918 507.0
4919 141.0
4920 0.0
4921 507.0
4922 407.0
4923 145.0
4924 280.0
4925 203.0
4926 203.0
4927 406.0
4928 0.0
4929 174.0
4930 479.0
4931 203.0
4932 167.0
4933 203.0
4934 0.0
4935 508.0
4936 507.0
4937 508.0
4938 508.0
4939 0.0
4940 508.0
4941 392.0
4942 127.0
4943 508.0
4944 508.0
4945 165.0
4946 162.0
4947 508.0
4948 379.0
4949 508.0
4950 483.0
4951 192.0
4952 174.0
4953 403.0
4954 508.0
4955 0.0
4956 403.0
4957 0.0
4958 152.0
4959 478.0
4960 177.0
4961 508.0
4962 508.0
4963 507.0
4964 0.0
4965 508.0
4966 473.0
4967 396.0
4968 507.0
4969 151.0
4970 0.0
4971 203.0
4972 507.0
4973 507.0
4974 163.0
4975 393.0
4976 204.0
4977 396.0
4978 203.0
4979 0.0
4980 203.0
4981 203.0
4982 507.0
4983 187.0
4984 161.0
4985 507.0
4986 508.0
4987 173.0
4988 508.0
4989 203.0
4990 203.0
4991 508.0
4992 398.0
4993 383.0
4994 407.0
4995 24.0
4996 203.0
4997 203.0
4998 508.0
4999 404.0
5000 151.0
5001 483.0
5002 0.0
5003 203.0
5004 159.0
5005 507.0
5006 166.0
5007 127.0
5008 0.0
5009 154.0
5010 203.0
5011 372.0
5012 508.0
5013 163.0
5014 142.0
5015 381.0
5016 164.0
5017 507.0
5018 131.0
5019 507.0
5020 507.0
5021 0.0
5022 205.0
5023 162.0
5024 172.0
5025 243.0
5026 203.0
5027 204.0
5028 203.0
5029 386.0
5030 0.0
5031 203.0
5032 0.0
5033 0.0
5034 411.0
5035 38.0
5036 261.0
5037 508.0
5038 507.0
5039 507.0
5040 0.0
5041 183.0
5042 507.0
5043 178.0
5044 379.0
5045 169.0
5046 507.0
5047 168.0
5048 486.0
5049 508.0
5050 131.0
5051 508.0
5052 483.0
5053 190.0
5054 2.0
5055 507.0
5056 411.0
5057 203.0
5058 127.0
5059 187.0
5060 507.0
5061 126.0
5062 158.0
5063 508.0
5064 407.0
5065 158.0
5066 174.0
5067 164.0
5068 0.0
5069 166.0
5070 174.0
5071 508.0
5072 135.0
5073 193.0
5074 411.0
5075 162.0
5076 112.0
5077 219.0
5078 507.0
5079 137.0
5080 391.0
5081 0.0
5082 204.0
5083 7.0
5084 203.0
5085 154.0
5086 387.0
5087 507.0
5088 508.0
5089 407.0
5090 508.0
5091 0.0
5092 0.0
5093 507.0
5094 172.0
5095 161.0
5096 163.0
5097 507.0
5098 203.0
5099 475.0
5100 508.0
