1 32.0
2 203.0
3 25.0
4 32.0
5 32.0
6 0.0
7 32.0
8 0.0
9 32.0
10 32.0
11 32.0
12 32.0
13 0.0
14 38.0
15 32.0
16 32.0
17 32.0
18 32.0
19 25.0
20 32.0
21 32.0
22 32.0
23 32.0
24 32.0
25 32.0
26 32.0
27 32.0
28 32.0
29 18.0
30 32.0
31 32.0
32 33.0
33 32.0
34 0.0
35 6.0
36 169.0
37 32.0
38 32.0
39 32.0
40 32.0
41 38.0
42 25.0
43 32.0
44 32.0
45 38.0
46 32.0
47 191.0
48 102.0
49 32.0
50 32.0
51 203.0
52 204.0
53 203.0
54 32.0
55 32.0
56 0.0
57 30.0
58 203.0
59 203.0
60 0.0
61 0.0
62 32.0
63 32.0
64 0.0
65 32.0
66 98.0
67 32.0
68 32.0
69 32.0
70 32.0
71 32.0
72 0.0
73 32.0
74 32.0
75 30.0
76 32.0
77 32.0
78 25.0
79 0.0
80 32.0
81 30.0
82 25.0
83 33.0
84 32.0
85 0.0
86 0.0
87 169.0
88 32.0
89 32.0
90 98.0
91 0.0
92 203.0
93 158.0
94 0.0
95 169.0
96 32.0
97 203.0
98 32.0
99 32.0
100 32.0
101 32.0
102 204.0
103 32.0
104 204.0
105 32.0
106 32.0
107 32.0
108 204.0
109 204.0
110 203.0
111 0.0
112 203.0
113 203.0
114 98.0
115 203.0
116 30.0
117 32.0
118 32.0
119 25.0
120 32.0
121 0.0
122 32.0
123 32.0
124 32.0
125 32.0
126 0.0
127 98.0
128 0.0
129 203.0
130 169.0
131 30.0
132 32.0
133 0.0
134 204.0
135 0.0
136 204.0
137 203.0
138 169.0
139 30.0
140 0.0
141 204.0
142 25.0
143 32.0
144 38.0
145 203.0
146 32.0
147 0.0
148 203.0
149 0.0
150 32.0
151 0.0
152 32.0
153 204.0
154 204.0
155 203.0
156 30.0
157 32.0
158 0.0
159 203.0
160 87.0
161 203.0
162 204.0
163 204.0
164 203.0
165 32.0
166 204.0
167 30.0
168 203.0
169 32.0
170 0.0
171 32.0
172 32.0
173 98.0
174 87.0
175 98.0
176 203.0
177 32.0
178 32.0
179 32.0
180 87.0
181 30.0
182 204.0
183 103.0
184 203.0
185 204.0
186 104.0
187 33.0
188 0.0
189 203.0
190 204.0
191 0.0
192 203.0
193 204.0
194 203.0
195 0.0
196 98.0
197 32.0
198 32.0
199 32.0
200 203.0
201 98.0
202 32.0
203 204.0
204 204.0
205 204.0
206 32.0
207 93.0
208 32.0
209 25.0
210 204.0
211 203.0
212 0.0
213 204.0
214 98.0
215 204.0
216 203.0
217 204.0
218 32.0
219 0.0
220 0.0
221 32.0
222 32.0
223 32.0
224 32.0
225 0.0
226 25.0
227 30.0
228 204.0
229 25.0
230 32.0
231 32.0
232 30.0
233 0.0
234 204.0
235 114.0
236 204.0
237 98.0
238 204.0
239 204.0
240 19.0
241 98.0
242 163.0
243 204.0
244 203.0
245 203.0
246 32.0
247 32.0
248 38.0
249 32.0
250 0.0
251 203.0
252 0.0
253 32.0
254 203.0
255 204.0
256 203.0
257 204.0
258 204.0
259 32.0
260 204.0
261 204.0
262 204.0
263 0.0
264 204.0
265 98.0
266 204.0
267 32.0
268 204.0
269 32.0
270 0.0
271 204.0
272 25.0
273 25.0
274 0.0
275 98.0
276 204.0
277 30.0
278 203.0
279 203.0
280 32.0
281 0.0
282 32.0
283 32.0
284 204.0
285 32.0
286 86.0
287 0.0
288 204.0
289 204.0
290 0.0
291 203.0
292 203.0
293 204.0
294 32.0
295 203.0
296 203.0
297 32.0
298 203.0
299 203.0
300 98.0
301 32.0
302 203.0
303 98.0
304 204.0
305 204.0
306 204.0
307 203.0
308 203.0
309 0.0
310 32.0
311 204.0
312 204.0
313 204.0
314 203.0
315 0.0
316 204.0
317 204.0
318 32.0
319 203.0
320 32.0
321 32.0
322 203.0
323 30.0
324 32.0
325 25.0
326 98.0
327 0.0
328 32.0
329 203.0
330 32.0
331 203.0
332 32.0
333 204.0
334 180.0
335 93.0
336 98.0
337 0.0
338 204.0
339 204.0
340 204.0
341 32.0
342 204.0
343 204.0
344 204.0
345 203.0
346 204.0
347 203.0
348 158.0
349 98.0
350 158.0
351 98.0
352 203.0
353 25.0
354 32.0
355 204.0
356 203.0
357 204.0
358 204.0
359 203.0
360 204.0
361 32.0
362 32.0
363 204.0
364 87.0
365 203.0
366 0.0
367 32.0
368 203.0
369 204.0
370 204.0
371 32.0
372 0.0
373 204.0
374 204.0
375 32.0
376 25.0
377 32.0
378 204.0
379 203.0
380 203.0
381 32.0
382 204.0
383 32.0
384 32.0
385 0.0
386 0.0
387 203.0
388 0.0
389 204.0
390 203.0
391 33.0
392 32.0
393 19.0
394 204.0
395 203.0
396 204.0
397 203.0
398 30.0
399 0.0
400 0.0
401 38.0
402 0.0
403 32.0
404 203.0
405 169.0
406 204.0
407 204.0
408 204.0
409 204.0
410 203.0
411 204.0
412 0.0
413 204.0
414 204.0
415 87.0
416 203.0
417 169.0
418 32.0
419 203.0
420 32.0
421 32.0
422 32.0
423 0.0
424 0.0
425 30.0
426 32.0
427 0.0
428 0.0
429 1.0
430 32.0
431 203.0
432 32.0
433 204.0
434 32.0
435 32.0
436 32.0
437 32.0
438 32.0
439 0.0
440 204.0
441 203.0
442 33.0
443 0.0
444 169.0
445 204.0
446 0.0
447 32.0
448 204.0
449 204.0
450 32.0
451 93.0
452 38.0
453 32.0
454 203.0
455 204.0
456 102.0
457 25.0
458 203.0
459 204.0
460 203.0
461 203.0
462 204.0
463 32.0
464 204.0
465 203.0
466 203.0
467 204.0
468 98.0
469 203.0
470 204.0
471 32.0
472 103.0
473 203.0
474 32.0
475 204.0
476 204.0
477 0.0
478 104.0
479 98.0
480 33.0
481 32.0
482 203.0
483 204.0
484 204.0
485 32.0
486 87.0
487 203.0
488 32.0
489 98.0
490 32.0
491 33.0
492 203.0
493 32.0
494 0.0
495 32.0
496 204.0
497 32.0
498 204.0
499 25.0
500 203.0
501 204.0
502 93.0
503 158.0
504 98.0
505 203.0
506 25.0
507 169.0
508 169.0
509 203.0
510 204.0
511 203.0
512 204.0
513 204.0
514 32.0
515 204.0
516 203.0
517 32.0
518 0.0
519 0.0
520 98.0
521 204.0
522 0.0
523 204.0
524 203.0
525 203.0
526 204.0
527 30.0
528 0.0
529 32.0
530 98.0
531 25.0
532 32.0
533 203.0
534 32.0
535 204.0
536 32.0
537 204.0
538 32.0
539 32.0
540 32.0
541 32.0
542 204.0
543 204.0
544 0.0
545 30.0
546 25.0
547 204.0
548 204.0
549 203.0
550 203.0
551 204.0
552 203.0
553 0.0
554 38.0
555 98.0
556 32.0
557 203.0
558 32.0
559 204.0
560 204.0
561 204.0
562 204.0
563 204.0
564 203.0
565 32.0
566 204.0
567 32.0
568 0.0
569 203.0
570 0.0
571 203.0
572 32.0
573 30.0
574 32.0
575 204.0
576 0.0
577 204.0
578 203.0
579 32.0
580 203.0
581 0.0
582 32.0
583 32.0
584 33.0
585 32.0
586 204.0
587 32.0
588 32.0
589 98.0
590 32.0
591 0.0
592 0.0
593 204.0
594 204.0
595 33.0
596 0.0
597 203.0
598 204.0
599 203.0
600 204.0
601 204.0
602 30.0
603 0.0
604 203.0
605 38.0
606 98.0
607 203.0
608 203.0
609 0.0
610 25.0
611 32.0
612 204.0
613 204.0
614 203.0
615 32.0
616 32.0
617 204.0
618 9.0
619 30.0
620 203.0
621 0.0
622 30.0
623 204.0
624 32.0
625 204.0
626 32.0
627 0.0
628 0.0
629 0.0
630 32.0
631 204.0
632 32.0
633 204.0
634 204.0
635 203.0
636 19.0
637 204.0
638 32.0
639 87.0
640 203.0
641 203.0
642 32.0
643 19.0
644 0.0
645 98.0
646 33.0
647 0.0
648 169.0
649 204.0
650 166.0
651 204.0
652 204.0
653 203.0
654 203.0
655 98.0
656 158.0
657 203.0
658 203.0
659 32.0
660 33.0
661 204.0
662 204.0
663 204.0
664 203.0
665 203.0
666 204.0
667 203.0
668 204.0
669 0.0
670 204.0
671 0.0
672 204.0
673 32.0
674 169.0
675 0.0
676 103.0
677 0.0
678 32.0
679 30.0
680 0.0
681 0.0
682 204.0
683 33.0
684 0.0
685 32.0
686 203.0
687 32.0
688 32.0
689 32.0
690 32.0
691 30.0
692 32.0
693 204.0
694 30.0
695 204.0
696 203.0
697 0.0
698 0.0
699 19.0
700 0.0
701 193.0
702 204.0
703 204.0
704 203.0
705 203.0
706 0.0
707 132.0
708 32.0
709 19.0
710 204.0
711 38.0
712 203.0
713 204.0
714 204.0
715 203.0
716 204.0
717 203.0
718 19.0
719 32.0
720 204.0
721 30.0
722 0.0
723 98.0
724 0.0
725 204.0
726 204.0
727 204.0
728 32.0
729 32.0
730 203.0
731 0.0
732 0.0
733 0.0
734 0.0
735 204.0
736 203.0
737 30.0
738 204.0
739 204.0
740 32.0
741 25.0
742 204.0
743 32.0
744 25.0
745 30.0
746 204.0
747 30.0
748 33.0
749 203.0
750 25.0
751 104.0
752 203.0
753 204.0
754 204.0
755 30.0
756 203.0
757 93.0
758 231.0
759 30.0
760 0.0
761 203.0
762 98.0
763 204.0
764 204.0
765 231.0
766 38.0
767 38.0
768 32.0
769 203.0
770 38.0
771 32.0
772 169.0
773 32.0
774 169.0
775 180.0
776 32.0
777 104.0
778 169.0
779 203.0
780 32.0
781 38.0
782 0.0
783 32.0
784 180.0
785 38.0
786 32.0
787 38.0
788 169.0
789 32.0
790 209.0
791 0.0
792 169.0
793 122.0
794 32.0
795 169.0
796 25.0
797 32.0
798 32.0
799 38.0
800 32.0
801 32.0
802 38.0
803 0.0
804 203.0
805 142.0
806 209.0
807 32.0
808 169.0
809 246.0
810 142.0
811 25.0
812 203.0
813 169.0
814 38.0
815 32.0
816 246.0
817 0.0
818 32.0
819 203.0
820 38.0
821 169.0
822 38.0
823 169.0
824 169.0
825 0.0
826 25.0
827 32.0
828 174.0
829 204.0
830 32.0
831 216.0
832 135.0
833 1.0
834 32.0
835 32.0
836 169.0
837 32.0
838 32.0
839 32.0
840 169.0
841 38.0
842 32.0
843 132.0
844 169.0
845 32.0
846 122.0
847 30.0
848 32.0
849 203.0
850 38.0
851 169.0
852 38.0
853 0.0
854 32.0
855 38.0
856 38.0
857 38.0
858 32.0
859 38.0
860 169.0
861 32.0
862 0.0
863 203.0
864 38.0
865 38.0
866 32.0
867 246.0
868 32.0
869 158.0
870 158.0
871 38.0
872 19.0
873 204.0
874 32.0
875 158.0
876 0.0
877 32.0
878 231.0
879 169.0
880 204.0
881 32.0
882 38.0
883 203.0
884 0.0
885 32.0
886 33.0
887 38.0
888 38.0
889 25.0
890 38.0
891 38.0
892 32.0
893 32.0
894 32.0
895 32.0
896 203.0
897 32.0
898 30.0
899 38.0
900 32.0
901 32.0
902 203.0
903 25.0
904 158.0
905 203.0
906 204.0
907 87.0
908 204.0
909 204.0
910 32.0
911 246.0
912 32.0
913 0.0
914 32.0
915 0.0
916 32.0
917 32.0
918 246.0
919 38.0
920 38.0
921 32.0
922 25.0
923 169.0
924 38.0
925 38.0
926 158.0
927 25.0
928 203.0
929 251.0
930 104.0
931 38.0
932 32.0
933 38.0
934 204.0
935 0.0
936 0.0
937 33.0
938 25.0
939 203.0
940 33.0
941 33.0
942 32.0
943 209.0
944 0.0
945 0.0
946 169.0
947 32.0
948 32.0
949 203.0
950 32.0
951 38.0
952 203.0
953 0.0
954 32.0
955 25.0
956 0.0
957 32.0
958 204.0
959 38.0
960 169.0
961 203.0
962 203.0
963 25.0
964 32.0
965 203.0
966 38.0
967 25.0
968 32.0
969 251.0
970 251.0
971 38.0
972 32.0
973 32.0
974 38.0
975 169.0
976 169.0
977 0.0
978 32.0
979 180.0
980 209.0
981 203.0
982 25.0
983 203.0
984 38.0
985 32.0
986 0.0
987 32.0
988 203.0
989 49.0
990 32.0
991 158.0
992 38.0
993 203.0
994 32.0
995 0.0
996 32.0
997 169.0
998 32.0
999 132.0
1000 25.0
1001 203.0
1002 87.0
1003 32.0
1004 32.0
1005 203.0
1006 32.0
1007 33.0
1008 32.0
1009 32.0
1010 38.0
1011 186.0
1012 203.0
1013 251.0
1014 32.0
1015 169.0
1016 203.0
1017 32.0
1018 209.0
1019 0.0
1020 251.0
1021 204.0
1022 158.0
1023 203.0
1024 1.0
1025 38.0
1026 204.0
1027 203.0
1028 199.0
1029 0.0
1030 180.0
1031 203.0
1032 180.0
1033 30.0
1034 204.0
1035 32.0
1036 32.0
1037 25.0
1038 32.0
1039 203.0
1040 32.0
1041 169.0
1042 158.0
1043 33.0
1044 0.0
1045 203.0
1046 32.0
1047 32.0
1048 203.0
1049 32.0
1050 203.0
1051 32.0
1052 204.0
1053 38.0
1054 32.0
1055 203.0
1056 203.0
1057 32.0
1058 32.0
1059 44.0
1060 203.0
1061 87.0
1062 203.0
1063 169.0
1064 251.0
1065 158.0
1066 32.0
1067 109.0
1068 25.0
1069 32.0
1070 203.0
1071 251.0
1072 32.0
1073 25.0
1074 204.0
1075 32.0
1076 158.0
1077 158.0
1078 203.0
1079 158.0
1080 32.0
1081 204.0
1082 203.0
1083 32.0
1084 204.0
1085 32.0
1086 38.0
1087 169.0
1088 25.0
1089 25.0
1090 203.0
1091 169.0
1092 231.0
1093 32.0
1094 209.0
1095 32.0
1096 33.0
1097 32.0
1098 204.0
1099 30.0
1100 32.0
1101 203.0
1102 25.0
1103 32.0
1104 32.0
1105 32.0
1106 203.0
1107 32.0
1108 203.0
1109 32.0
1110 203.0
1111 87.0
1112 169.0
1113 169.0
1114 30.0
1115 251.0
1116 32.0
1117 32.0
1118 202.0
1119 32.0
1120 98.0
1121 25.0
1122 251.0
1123 32.0
1124 25.0
1125 32.0
1126 43.0
1127 158.0
1128 169.0
1129 169.0
1130 169.0
1131 32.0
1132 98.0
1133 209.0
1134 32.0
1135 32.0
1136 191.0
1137 33.0
1138 169.0
1139 0.0
1140 32.0
1141 180.0
1142 49.0
1143 32.0
1144 169.0
1145 38.0
1146 204.0
1147 203.0
1148 0.0
1149 32.0
1150 203.0
1151 204.0
1152 38.0
1153 32.0
1154 203.0
1155 87.0
1156 43.0
1157 180.0
1158 32.0
1159 204.0
1160 32.0
1161 204.0
1162 32.0
1163 38.0
1164 169.0
1165 20.0
1166 251.0
1167 32.0
1168 169.0
1169 180.0
1170 180.0
1171 209.0
1172 32.0
1173 251.0
1174 32.0
1175 38.0
1176 169.0
1177 33.0
1178 38.0
1179 82.0
1180 158.0
1181 32.0
1182 0.0
1183 32.0
1184 251.0
1185 203.0
1186 0.0
1187 203.0
1188 38.0
1189 32.0
1190 25.0
1191 32.0
1192 203.0
1193 32.0
1194 32.0
1195 32.0
1196 38.0
1197 30.0
1198 203.0
1199 0.0
1200 32.0
1201 251.0
1202 32.0
1203 109.0
1204 32.0
1205 203.0
1206 32.0
1207 43.0
1208 38.0
1209 19.0
1210 217.0
1211 158.0
1212 32.0
1213 203.0
1214 32.0
1215 0.0
1216 203.0
1217 251.0
1218 152.0
1219 169.0
1220 180.0
1221 203.0
1222 32.0
1223 32.0
1224 251.0
1225 203.0
1226 203.0
1227 103.0
1228 32.0
1229 158.0
1230 204.0
1231 43.0
1232 203.0
1233 103.0
1234 204.0
1235 231.0
1236 33.0
1237 0.0
1238 203.0
1239 33.0
1240 0.0
1241 25.0
1242 32.0
1243 203.0
1244 209.0
1245 32.0
1246 38.0
1247 203.0
1248 38.0
1249 203.0
1250 0.0
1251 203.0
1252 203.0
1253 32.0
1254 169.0
1255 25.0
1256 32.0
1257 32.0
1258 32.0
1259 203.0
1260 203.0
1261 38.0
1262 203.0
1263 169.0
1264 203.0
1265 251.0
1266 19.0
1267 169.0
1268 251.0
1269 19.0
1270 0.0
1271 87.0
1272 25.0
1273 32.0
1274 32.0
1275 251.0
1276 25.0
1277 158.0
1278 38.0
1279 103.0
1280 158.0
1281 32.0
1282 169.0
1283 169.0
1284 6.0
1285 25.0
1286 251.0
1287 209.0
1288 25.0
1289 32.0
1290 32.0
1291 180.0
1292 0.0
1293 0.0
1294 203.0
1295 191.0
1296 231.0
1297 25.0
1298 33.0
1299 92.0
1300 174.0
1301 0.0
1302 0.0
1303 132.0
1304 203.0
1305 38.0
1306 32.0
1307 204.0
1308 169.0
1309 32.0
1310 203.0
1311 209.0
1312 209.0
1313 32.0
1314 32.0
1315 32.0
1316 32.0
1317 38.0
1318 169.0
1319 251.0
1320 32.0
1321 32.0
1322 181.0
1323 93.0
1324 25.0
1325 169.0
1326 251.0
1327 32.0
1328 32.0
1329 169.0
1330 43.0
1331 203.0
1332 25.0
1333 203.0
1334 32.0
1335 0.0
1336 87.0
1337 209.0
1338 32.0
1339 169.0
1340 203.0
1341 204.0
1342 202.0
1343 25.0
1344 32.0
1345 204.0
1346 158.0
1347 169.0
1348 32.0
1349 32.0
1350 203.0
1351 33.0
1352 32.0
1353 32.0
1354 32.0
1355 25.0
1356 38.0
1357 203.0
1358 25.0
1359 169.0
1360 33.0
1361 0.0
1362 32.0
1363 203.0
1364 33.0
1365 32.0
1366 169.0
1367 203.0
1368 38.0
1369 203.0
1370 209.0
1371 158.0
1372 32.0
1373 180.0
1374 180.0
1375 203.0
1376 169.0
1377 251.0
1378 204.0
1379 25.0
1380 38.0
1381 203.0
1382 169.0
1383 251.0
1384 203.0
1385 204.0
1386 202.0
1387 251.0
1388 251.0
1389 132.0
1390 204.0
1391 203.0
1392 203.0
1393 33.0
1394 25.0
1395 32.0
1396 32.0
1397 38.0
1398 38.0
1399 32.0
1400 38.0
1401 32.0
1402 203.0
1403 0.0
1404 32.0
1405 209.0
1406 203.0
1407 169.0
1408 19.0
1409 38.0
1410 174.0
1411 43.0
1412 203.0
1413 203.0
1414 203.0
1415 32.0
1416 32.0
1417 32.0
1418 32.0
1419 203.0
1420 109.0
1421 209.0
1422 32.0
1423 158.0
1424 169.0
1425 0.0
1426 32.0
1427 32.0
1428 251.0
1429 32.0
1430 203.0
1431 38.0
1432 33.0
1433 32.0
1434 203.0
1435 204.0
1436 169.0
1437 6.0
1438 32.0
1439 251.0
1440 169.0
1441 32.0
1442 191.0
1443 208.0
1444 169.0
1445 0.0
1446 0.0
1447 32.0
1448 203.0
1449 169.0
1450 38.0
1451 33.0
1452 30.0
1453 203.0
1454 25.0
1455 0.0
1456 203.0
1457 32.0
1458 209.0
1459 32.0
1460 87.0
1461 174.0
1462 32.0
1463 202.0
1464 32.0
1465 203.0
1466 169.0
1467 32.0
1468 204.0
1469 32.0
1470 158.0
1471 203.0
1472 251.0
1473 38.0
1474 0.0
1475 158.0
1476 203.0
1477 38.0
1478 169.0
1479 251.0
1480 32.0
1481 203.0
1482 180.0
1483 32.0
1484 203.0
1485 158.0
1486 203.0
1487 0.0
1488 6.0
1489 251.0
1490 209.0
1491 203.0
1492 203.0
1493 203.0
1494 203.0
1495 203.0
1496 25.0
1497 204.0
1498 32.0
1499 203.0
1500 32.0
1501 25.0
1502 38.0
1503 33.0
1504 235.0
1505 32.0
1506 180.0
1507 203.0
1508 251.0
1509 38.0
1510 25.0
1511 38.0
1512 180.0
1513 32.0
1514 32.0
1515 32.0
1516 203.0
1517 202.0
1518 38.0
1519 204.0
1520 38.0
1521 251.0
1522 203.0
1523 251.0
1524 203.0
1525 158.0
1526 207.0
1527 251.0
1528 204.0
1529 169.0
1530 251.0
1531 251.0
1532 32.0
1533 174.0
1534 33.0
1535 204.0
1536 158.0
1537 203.0
1538 169.0
1539 0.0
1540 203.0
1541 38.0
1542 203.0
1543 32.0
1544 203.0
1545 251.0
1546 203.0
1547 25.0
1548 203.0
1549 32.0
1550 87.0
1551 32.0
1552 32.0
1553 38.0
1554 38.0
1555 180.0
1556 0.0
1557 32.0
1558 209.0
1559 203.0
1560 180.0
1561 25.0
1562 98.0
1563 180.0
1564 32.0
1565 32.0
1566 203.0
1567 203.0
1568 32.0
1569 186.0
1570 169.0
1571 251.0
1572 32.0
1573 203.0
1574 209.0
1575 158.0
1576 169.0
1577 0.0
1578 204.0
1579 32.0
1580 32.0
1581 251.0
1582 204.0
1583 174.0
1584 38.0
1585 33.0
1586 32.0
1587 87.0
1588 33.0
1589 251.0
1590 98.0
1591 32.0
1592 209.0
1593 32.0
1594 32.0
1595 203.0
1596 208.0
1597 169.0
1598 25.0
1599 251.0
1600 251.0
1601 203.0
1602 202.0
1603 33.0
1604 169.0
1605 203.0
1606 104.0
1607 0.0
1608 32.0
1609 122.0
1610 203.0
1611 38.0
1612 19.0
1613 33.0
1614 32.0
1615 43.0
1616 203.0
1617 209.0
1618 38.0
1619 169.0
1620 33.0
1621 32.0
1622 32.0
1623 32.0
1624 203.0
1625 251.0
1626 25.0
1627 25.0
1628 158.0
1629 32.0
1630 25.0
1631 180.0
1632 251.0
1633 181.0
1634 231.0
1635 174.0
1636 203.0
1637 202.0
1638 87.0
1639 32.0
1640 204.0
1641 180.0
1642 180.0
1643 203.0
1644 204.0
1645 191.0
1646 203.0
1647 251.0
1648 203.0
1649 25.0
1650 32.0
1651 202.0
1652 203.0
1653 180.0
1654 32.0
1655 197.0
1656 32.0
1657 114.0
1658 32.0
1659 33.0
1660 180.0
1661 32.0
1662 38.0
1663 30.0
1664 203.0
1665 174.0
1666 33.0
1667 32.0
1668 32.0
1669 203.0
1670 169.0
1671 33.0
1672 204.0
1673 203.0
1674 32.0
1675 191.0
1676 251.0
1677 25.0
1678 25.0
1679 203.0
1680 204.0
1681 32.0
1682 32.0
1683 251.0
1684 32.0
1685 158.0
1686 174.0
1687 33.0
1688 25.0
1689 169.0
1690 49.0
1691 169.0
1692 0.0
1693 92.0
1694 204.0
1695 203.0
1696 169.0
1697 180.0
1698 229.0
1699 174.0
1700 25.0
1701 180.0
1702 32.0
1703 109.0
1704 231.0
1705 25.0
1706 32.0
1707 204.0
1708 203.0
1709 0.0
1710 32.0
1711 203.0
1712 32.0
1713 180.0
1714 32.0
1715 98.0
1716 180.0
1717 43.0
1718 203.0
1719 203.0
1720 203.0
1721 32.0
1722 186.0
1723 180.0
1724 251.0
1725 251.0
1726 203.0
1727 251.0
1728 169.0
1729 158.0
1730 0.0
1731 204.0
1732 87.0
1733 32.0
1734 251.0
1735 231.0
1736 251.0
1737 204.0
1738 203.0
1739 204.0
1740 169.0
1741 25.0
1742 169.0
1743 98.0
1744 33.0
1745 38.0
1746 0.0
1747 203.0
1748 203.0
1749 203.0
1750 174.0
1751 0.0
1752 32.0
1753 251.0
1754 87.0
1755 32.0
1756 32.0
1757 32.0
1758 104.0
1759 104.0
1760 0.0
1761 32.0
1762 204.0
1763 169.0
1764 180.0
1765 25.0
1766 32.0
1767 180.0
1768 204.0
1769 19.0
1770 32.0
1771 251.0
1772 32.0
1773 186.0
1774 204.0
1775 251.0
1776 32.0
1777 203.0
1778 251.0
1779 158.0
1780 38.0
1781 203.0
1782 25.0
1783 209.0
1784 180.0
1785 251.0
1786 203.0
1787 32.0
1788 33.0
1789 33.0
1790 32.0
1791 87.0
1792 32.0
1793 224.0
1794 203.0
1795 204.0
1796 203.0
1797 132.0
1798 32.0
1799 32.0
1800 251.0
1801 169.0
1802 25.0
1803 32.0
1804 180.0
1805 203.0
1806 203.0
1807 32.0
1808 32.0
1809 38.0
1810 174.0
1811 32.0
1812 33.0
1813 203.0
1814 203.0
1815 38.0
1816 30.0
1817 33.0
1818 174.0
1819 32.0
1820 38.0
1821 32.0
1822 38.0
1823 169.0
1824 0.0
1825 204.0
1826 209.0
1827 202.0
1828 203.0
1829 251.0
1830 169.0
1831 25.0
1832 203.0
1833 204.0
1834 32.0
1835 169.0
1836 251.0
1837 203.0
1838 0.0
1839 32.0
1840 203.0
1841 158.0
1842 87.0
1843 38.0
1844 204.0
1845 0.0
1846 87.0
1847 231.0
1848 203.0
1849 98.0
1850 32.0
1851 32.0
1852 203.0
1853 0.0
1854 203.0
1855 180.0
1856 32.0
1857 202.0
1858 158.0
1859 32.0
1860 32.0
1861 203.0
1862 32.0
1863 235.0
1864 24.0
1865 180.0
1866 251.0
1867 25.0
1868 203.0
1869 174.0
1870 43.0
1871 32.0
1872 32.0
1873 203.0
1874 32.0
1875 33.0
1876 180.0
1877 203.0
1878 180.0
1879 203.0
1880 251.0
1881 158.0
1882 203.0
1883 181.0
1884 204.0
1885 32.0
1886 32.0
1887 251.0
1888 32.0
1889 32.0
1890 32.0
1891 33.0
1892 164.0
1893 169.0
1894 43.0
1895 169.0
1896 169.0
1897 33.0
1898 38.0
1899 204.0
1900 93.0
1901 204.0
1902 239.0
1903 203.0
1904 0.0
1905 251.0
1906 32.0
1907 169.0
1908 180.0
1909 231.0
1910 251.0
1911 33.0
1912 203.0
1913 0.0
1914 32.0
1915 180.0
1916 32.0
1917 203.0
1918 25.0
1919 203.0
1920 180.0
1921 33.0
1922 204.0
1923 203.0
1924 203.0
1925 169.0
1926 33.0
1927 32.0
1928 251.0
1929 32.0
1930 203.0
1931 251.0
1932 25.0
1933 32.0
1934 0.0
1935 30.0
1936 203.0
1937 32.0
1938 251.0
1939 32.0
1940 32.0
1941 203.0
1942 33.0
1943 169.0
1944 169.0
1945 32.0
1946 204.0
1947 203.0
1948 32.0
1949 203.0
1950 32.0
1951 32.0
1952 32.0
1953 251.0
1954 203.0
1955 174.0
1956 251.0
1957 32.0
1958 32.0
1959 231.0
1960 174.0
1961 169.0
1962 33.0
1963 203.0
1964 32.0
1965 103.0
1966 180.0
1967 32.0
1968 38.0
1969 204.0
1970 33.0
1971 180.0
1972 0.0
1973 25.0
1974 32.0
1975 203.0
1976 169.0
1977 186.0
1978 169.0
1979 251.0
1980 0.0
1981 203.0
1982 251.0
1983 87.0
1984 32.0
1985 251.0
1986 33.0
1987 209.0
1988 0.0
1989 251.0
1990 203.0
1991 203.0
1992 204.0
1993 98.0
1994 25.0
1995 169.0
1996 180.0
1997 204.0
1998 251.0
1999 180.0
2000 203.0
2001 204.0
2002 169.0
2003 25.0
2004 203.0
2005 169.0
2006 0.0
2007 251.0
2008 251.0
2009 203.0
2010 231.0
2011 32.0
2012 203.0
2013 204.0
2014 203.0
2015 0.0
2016 33.0
2017 251.0
2018 203.0
2019 231.0
2020 25.0
2021 203.0
2022 174.0
2023 43.0
2024 32.0
2025 32.0
2026 38.0
2027 169.0
2028 44.0
2029 169.0
2030 203.0
2031 38.0
2032 203.0
2033 251.0
2034 231.0
2035 203.0
2036 158.0
2037 204.0
2038 38.0
2039 32.0
2040 251.0
2041 32.0
2042 25.0
2043 251.0
2044 33.0
2045 30.0
2046 158.0
2047 43.0
2048 209.0
2049 32.0
2050 203.0
2051 209.0
2052 204.0
2053 32.0
2054 203.0
2055 251.0
2056 32.0
2057 0.0
2058 251.0
2059 202.0
2060 169.0
2061 209.0
2062 87.0
2063 32.0
2064 204.0
2065 203.0
2066 0.0
2067 32.0
2068 209.0
2069 203.0
2070 251.0
2071 25.0
2072 204.0
2073 174.0
2074 43.0
2075 0.0
2076 209.0
2077 203.0
2078 169.0
2079 0.0
2080 169.0
2081 203.0
2082 32.0
2083 203.0
2084 251.0
2085 32.0
2086 32.0
2087 169.0
2088 25.0
2089 251.0
2090 0.0
2091 251.0
2092 32.0
2093 203.0
2094 169.0
2095 202.0
2096 169.0
2097 158.0
2098 203.0
2099 169.0
2100 204.0
2101 32.0
2102 203.0
2103 32.0
2104 204.0
2105 191.0
2106 204.0
2107 203.0
2108 203.0
2109 251.0
2110 32.0
2111 38.0
2112 209.0
2113 33.0
2114 32.0
2115 38.0
2116 32.0
2117 0.0
2118 32.0
2119 231.0
2120 32.0
2121 251.0
2122 32.0
2123 98.0
2124 180.0
2125 38.0
2126 202.0
2127 203.0
2128 231.0
2129 174.0
2130 0.0
2131 180.0
2132 251.0
2133 32.0
2134 203.0
2135 251.0
2136 25.0
2137 169.0
2138 202.0
2139 32.0
2140 231.0
2141 33.0
2142 251.0
2143 231.0
2144 32.0
2145 169.0
2146 32.0
2147 169.0
2148 169.0
2149 204.0
2150 204.0
2151 169.0
2152 191.0
2153 251.0
2154 32.0
2155 204.0
2156 203.0
2157 57.0
2158 180.0
2159 203.0
2160 251.0
2161 202.0
2162 191.0
2163 203.0
2164 204.0
2165 203.0
2166 32.0
2167 203.0
2168 0.0
2169 32.0
2170 186.0
2171 32.0
2172 231.0
2173 32.0
2174 32.0
2175 180.0
2176 43.0
2177 220.0
2178 251.0
2179 203.0
2180 169.0
2181 203.0
2182 169.0
2183 251.0
2184 203.0
2185 203.0
2186 251.0
2187 203.0
2188 38.0
2189 0.0
2190 204.0
2191 38.0
2192 251.0
2193 251.0
2194 203.0
2195 251.0
2196 32.0
2197 204.0
2198 164.0
2199 158.0
2200 87.0
2201 203.0
2202 32.0
2203 251.0
2204 251.0
2205 32.0
2206 32.0
2207 203.0
2208 169.0
2209 180.0
2210 0.0
2211 251.0
2212 180.0
2213 203.0
2214 203.0
2215 0.0
2216 38.0
2217 251.0
2218 33.0
2219 0.0
2220 38.0
2221 251.0
2222 203.0
2223 231.0
2224 32.0
2225 32.0
2226 174.0
2227 43.0
2228 209.0
2229 251.0
2230 203.0
2231 169.0
2232 203.0
2233 204.0
2234 251.0
2235 202.0
2236 203.0
2237 251.0
2238 32.0
2239 203.0
2240 158.0
2241 203.0
2242 251.0
2243 169.0
2244 251.0
2245 32.0
2246 87.0
2247 32.0
2248 32.0
2249 164.0
2250 87.0
2251 43.0
2252 169.0
2253 32.0
2254 32.0
2255 251.0
2256 203.0
2257 169.0
2258 191.0
2259 203.0
2260 0.0
2261 204.0
2262 251.0
2263 251.0
2264 38.0
2265 180.0
2266 6.0
2267 32.0
2268 33.0
2269 114.0
2270 0.0
2271 92.0
2272 251.0
2273 180.0
2274 38.0
2275 30.0
2276 32.0
2277 174.0
2278 32.0
2279 203.0
2280 251.0
2281 251.0
2282 169.0
2283 202.0
2284 203.0
2285 251.0
2286 32.0
2287 203.0
2288 251.0
2289 32.0
2290 203.0
2291 0.0
2292 25.0
2293 203.0
2294 251.0
2295 251.0
2296 203.0
2297 32.0
2298 169.0
2299 33.0
2300 169.0
2301 169.0
2302 49.0
2303 169.0
2304 32.0
2305 203.0
2306 203.0
2307 32.0
2308 93.0
2309 204.0
2310 251.0
2311 0.0
2312 203.0
2313 251.0
2314 32.0
2315 132.0
2316 203.0
2317 43.0
2318 32.0
2319 32.0
2320 203.0
2321 25.0
2322 32.0
2323 186.0
2324 32.0
2325 231.0
2326 38.0
2327 204.0
2328 180.0
2329 33.0
2330 209.0
2331 251.0
2332 203.0
2333 169.0
2334 38.0
2335 169.0
2336 251.0
2337 32.0
2338 203.0
2339 251.0
2340 158.0
2341 169.0
2342 0.0
2343 235.0
2344 203.0
2345 203.0
2346 251.0
2347 204.0
2348 32.0
2349 204.0
2350 33.0
2351 164.0
2352 169.0
2353 203.0
2354 204.0
2355 203.0
2356 180.0
2357 251.0
2358 32.0
2359 93.0
2360 203.0
2361 57.0
2362 32.0
2363 25.0
2364 251.0
2365 203.0
2366 180.0
2367 251.0
2368 204.0
2369 32.0
2370 33.0
2371 114.0
2372 0.0
2373 38.0
2374 186.0
2375 203.0
2376 231.0
2377 38.0
2378 33.0
2379 180.0
2380 38.0
2381 251.0
2382 251.0
2383 251.0
2384 203.0
2385 186.0
2386 169.0
2387 251.0
2388 180.0
2389 203.0
2390 251.0
2391 204.0
2392 169.0
2393 204.0
2394 204.0
2395 251.0
2396 32.0
2397 251.0
2398 38.0
2399 203.0
2400 169.0
2401 98.0
2402 30.0
2403 158.0
2404 32.0
2405 209.0
2406 203.0
2407 203.0
2408 251.0
2409 38.0
2410 204.0
2411 191.0
2412 32.0
2413 169.0
2414 0.0
2415 251.0
2416 32.0
2417 191.0
2418 251.0
2419 6.0
2420 32.0
2421 104.0
2422 114.0
2423 0.0
2424 32.0
2425 203.0
2426 180.0
2427 251.0
2428 203.0
2429 32.0
2430 174.0
2431 33.0
2432 251.0
2433 251.0
2434 251.0
2435 169.0
2436 203.0
2437 87.0
2438 251.0
2439 32.0
2440 103.0
2441 231.0
2442 32.0
2443 203.0
2444 169.0
2445 181.0
2446 209.0
2447 32.0
2448 251.0
2449 203.0
2450 32.0
2451 202.0
2452 32.0
2453 169.0
2454 169.0
2455 98.0
2456 251.0
2457 32.0
2458 32.0
2459 203.0
2460 203.0
2461 169.0
2462 180.0
2463 204.0
2464 203.0
2465 32.0
2466 251.0
2467 203.0
2468 87.0
2469 202.0
2470 11.0
2471 128.0
2472 38.0
2473 33.0
2474 32.0
2475 32.0
2476 251.0
2477 203.0
2478 251.0
2479 0.0
2480 33.0
2481 174.0
2482 43.0
2483 251.0
2484 181.0
2485 209.0
2486 169.0
2487 203.0
2488 169.0
2489 251.0
2490 32.0
2491 109.0
2492 204.0
2493 32.0
2494 32.0
2495 0.0
2496 203.0
2497 203.0
2498 203.0
2499 251.0
2500 203.0
2501 251.0
2502 251.0
2503 32.0
2504 164.0
2505 169.0
2506 43.0
2507 172.0
2508 32.0
2509 191.0
2510 251.0
2511 203.0
2512 180.0
2513 38.0
2514 58.0
2515 32.0
2516 203.0
2517 251.0
2518 251.0
2519 38.0
2520 203.0
2521 11.0
2522 203.0
2523 180.0
2524 43.0
2525 0.0
2526 92.0
2527 203.0
2528 32.0
2529 231.0
2530 32.0
2531 204.0
2532 180.0
2533 0.0
2534 220.0
2535 251.0
2536 231.0
2537 32.0
2538 203.0
2539 169.0
2540 251.0
2541 180.0
2542 203.0
2543 204.0
2544 203.0
2545 180.0
2546 0.0
2547 204.0
2548 203.0
2549 203.0
2550 251.0
2551 203.0
2552 203.0
2553 251.0
2554 32.0
2555 30.0
2556 87.0
2557 43.0
2558 251.0
2559 32.0
2560 32.0
2561 251.0
2562 32.0
2563 93.0
2564 203.0
2565 0.0
2566 180.0
2567 33.0
2568 251.0
2569 32.0
2570 203.0
2571 251.0
2572 33.0
2573 38.0
2574 203.0
2575 114.0
2576 0.0
2577 0.0
2578 251.0
2579 32.0
2580 251.0
2581 32.0
2582 98.0
2583 180.0
2584 32.0
2585 251.0
2586 251.0
2587 203.0
2588 32.0
2589 203.0
2590 203.0
2591 209.0
2592 181.0
2593 98.0
2594 209.0
2595 203.0
2596 203.0
2597 203.0
2598 204.0
2599 32.0
2600 169.0
2601 251.0
2602 32.0
2603 32.0
2604 251.0
2605 32.0
2606 169.0
2607 169.0
2608 87.0
2609 213.0
2610 203.0
2611 32.0
2612 251.0
2613 32.0
2614 203.0
2615 203.0
2616 58.0
2617 169.0
2618 180.0
2619 251.0
2620 203.0
2621 203.0
2622 251.0
2623 6.0
2624 251.0
2625 174.0
2626 114.0
2627 0.0
2628 32.0
2629 251.0
2630 180.0
2631 251.0
2632 32.0
2633 32.0
2634 180.0
2635 43.0
2636 251.0
2637 251.0
2638 251.0
2639 169.0
2640 38.0
2641 87.0
2642 251.0
2643 251.0
2644 169.0
2645 32.0
2646 32.0
2647 38.0
2648 32.0
2649 203.0
2650 209.0
2651 169.0
2652 251.0
2653 251.0
2654 251.0
2655 181.0
2656 33.0
2657 164.0
2658 169.0
2659 251.0
2660 222.0
2661 32.0
2662 251.0
2663 251.0
2664 109.0
2665 169.0
2666 203.0
2667 33.0
2668 25.0
2669 174.0
2670 251.0
2671 251.0
2672 38.0
2673 202.0
2674 169.0
2675 209.0
2676 104.0
2677 203.0
2678 0.0
2679 33.0
2680 204.0
2681 32.0
2682 209.0
2683 32.0
2684 204.0
2685 169.0
2686 32.0
2687 251.0
2688 251.0
2689 251.0
2690 169.0
2691 33.0
2692 204.0
2693 251.0
2694 180.0
2695 109.0
2696 203.0
2697 251.0
2698 169.0
2699 172.0
2700 204.0
2701 203.0
2702 203.0
2703 251.0
2704 203.0
2705 203.0
2706 251.0
2707 32.0
2708 169.0
2709 158.0
2710 43.0
2711 221.0
2712 32.0
2713 203.0
2714 251.0
2715 132.0
2716 180.0
2717 203.0
2718 33.0
2719 169.0
2720 38.0
2721 251.0
2722 32.0
2723 158.0
2724 251.0
2725 38.0
2726 32.0
2727 251.0
2728 43.0
2729 0.0
2730 0.0
2731 203.0
2732 203.0
2733 251.0
2734 203.0
2735 33.0
2736 180.0
2737 33.0
2738 251.0
2739 251.0
2740 251.0
2741 98.0
2742 203.0
2743 169.0
2744 251.0
2745 38.0
2746 109.0
2747 204.0
2748 209.0
2749 202.0
2750 181.0
2751 204.0
2752 251.0
2753 203.0
2754 251.0
2755 32.0
2756 32.0
2757 251.0
2758 32.0
2759 169.0
2760 158.0
2761 33.0
2762 251.0
2763 38.0
2764 203.0
2765 251.0
2766 231.0
2767 32.0
2768 203.0
2769 0.0
2770 203.0
2771 0.0
2772 251.0
2773 180.0
2774 191.0
2775 251.0
2776 204.0
2777 251.0
2778 203.0
2779 203.0
2780 0.0
2781 32.0
2782 251.0
2783 191.0
2784 251.0
2785 32.0
2786 33.0
2787 32.0
2788 43.0
2789 251.0
2790 251.0
2791 251.0
2792 169.0
2793 33.0
2794 169.0
2795 209.0
2796 180.0
2797 109.0
2798 32.0
2799 209.0
2800 181.0
2801 158.0
2802 203.0
2803 32.0
2804 169.0
2805 251.0
2806 32.0
2807 32.0
2808 251.0
2809 32.0
2810 32.0
2811 169.0
2812 87.0
2813 251.0
2814 32.0
2815 251.0
2816 251.0
2817 38.0
2818 32.0
2819 191.0
2820 0.0
2821 32.0
2822 203.0
2823 251.0
2824 32.0
2825 203.0
2826 251.0
2827 6.0
2828 209.0
2829 174.0
2830 203.0
2831 0.0
2832 32.0
2833 251.0
2834 32.0
2835 209.0
2836 32.0
2837 32.0
2838 32.0
2839 33.0
2840 251.0
2841 181.0
2842 251.0
2843 169.0
2844 38.0
2845 87.0
2846 251.0
2847 251.0
2848 203.0
2849 204.0
2850 251.0
2851 203.0
2852 0.0
2853 204.0
2854 32.0
2855 25.0
2856 251.0
2857 203.0
2858 202.0
2859 251.0
2860 33.0
2861 164.0
2862 169.0
2863 204.0
2864 221.0
2865 32.0
2866 180.0
2867 251.0
2868 203.0
2869 169.0
2870 191.0
2871 33.0
2872 32.0
2873 204.0
2874 251.0
2875 251.0
2876 38.0
2877 203.0
2878 32.0
2879 209.0
2880 251.0
2881 203.0
2882 203.0
2883 32.0
2884 231.0
2885 180.0
2886 231.0
2887 32.0
2888 32.0
2889 180.0
2890 203.0
2891 32.0
2892 181.0
2893 251.0
2894 169.0
2895 0.0
2896 87.0
2897 251.0
2898 49.0
2899 109.0
2900 203.0
2901 132.0
2902 32.0
2903 0.0
2904 204.0
2905 25.0
2906 98.0
2907 251.0
2908 38.0
2909 203.0
2910 251.0
2911 33.0
2912 164.0
2913 204.0
2914 43.0
2915 224.0
2916 33.0
2917 251.0
2918 251.0
2919 251.0
2920 204.0
2921 203.0
2922 33.0
2923 169.0
2924 33.0
2925 251.0
2926 202.0
2927 191.0
2928 251.0
2929 203.0
2930 32.0
2931 203.0
2932 203.0
2933 0.0
2934 32.0
2935 251.0
2936 203.0
2937 251.0
2938 203.0
2939 203.0
2940 169.0
2941 32.0
2942 203.0
2943 251.0
2944 251.0
2945 32.0
2946 186.0
2947 169.0
2948 251.0
2949 251.0
2950 103.0
2951 203.0
2952 251.0
2953 181.0
2954 0.0
2955 203.0
2956 203.0
2957 32.0
2958 251.0
2959 38.0
2960 32.0
2961 203.0
2962 32.0
2963 169.0
2964 158.0
2965 25.0
2966 209.0
2967 32.0
2968 251.0
2969 251.0
2970 209.0
2971 204.0
2972 180.0
2973 203.0
2974 32.0
2975 203.0
2976 251.0
2977 202.0
2978 203.0
2979 251.0
2980 11.0
2981 251.0
2982 174.0
2983 180.0
2984 0.0
2985 0.0
2986 251.0
2987 32.0
2988 251.0
2989 203.0
2990 32.0
2991 32.0
2992 32.0
2993 203.0
2994 32.0
2995 251.0
2996 169.0
2997 186.0
2998 169.0
2999 251.0
3000 192.0
3001 109.0
3002 203.0
3003 38.0
3004 203.0
3005 32.0
3006 203.0
3007 32.0
3008 32.0
3009 251.0
3010 231.0
3011 32.0
3012 251.0
3013 32.0
3014 32.0
3015 158.0
3016 169.0
3017 220.0
3018 203.0
3019 251.0
3020 251.0
3021 251.0
3022 203.0
3023 32.0
3024 251.0
3025 32.0
3026 174.0
3027 251.0
3028 32.0
3029 87.0
3030 251.0
3031 169.0
3032 209.0
3033 251.0
3034 203.0
3035 0.0
3036 32.0
3037 203.0
3038 191.0
3039 203.0
3040 32.0
3041 203.0
3042 38.0
3043 32.0
3044 181.0
3045 191.0
3046 251.0
3047 32.0
3048 0.0
3049 169.0
3050 251.0
3051 180.0
3052 169.0
3053 204.0
3054 202.0
3055 38.0
3056 207.0
3057 204.0
3058 87.0
3059 203.0
3060 251.0
3061 203.0
3062 32.0
3063 251.0
3064 204.0
3065 164.0
3066 169.0
3067 43.0
3068 251.0
3069 203.0
3070 251.0
3071 251.0
3072 203.0
3073 204.0
3074 203.0
3075 57.0
3076 203.0
3077 44.0
3078 251.0
3079 32.0
3080 204.0
3081 203.0
3082 32.0
3083 32.0
3084 251.0
3085 114.0
3086 1.0
3087 32.0
3088 203.0
3089 203.0
3090 251.0
3091 203.0
3092 98.0
3093 25.0
3094 203.0
3095 32.0
3096 32.0
3097 231.0
3098 169.0
3099 186.0
3100 25.0
3101 251.0
3102 251.0
3103 109.0
3104 204.0
3105 251.0
3106 32.0
3107 203.0
3108 204.0
3109 32.0
3110 203.0
3111 251.0
3112 203.0
3113 204.0
3114 251.0
3115 32.0
3116 25.0
3117 158.0
3118 202.0
3119 251.0
3120 202.0
3121 93.0
3122 251.0
3123 251.0
3124 204.0
3125 203.0
3126 251.0
3127 251.0
3128 32.0
3129 251.0
3130 251.0
3131 203.0
3132 251.0
3133 251.0
3134 181.0
3135 180.0
3136 203.0
3137 0.0
3138 32.0
3139 251.0
3140 251.0
3141 251.0
3142 32.0
3143 33.0
3144 32.0
3145 32.0
3146 32.0
3147 32.0
3148 231.0
3149 98.0
3150 186.0
3151 169.0
3152 251.0
3153 180.0
3154 204.0
3155 203.0
3156 251.0
3157 33.0
3158 38.0
3159 33.0
3160 32.0
3161 251.0
3162 251.0
3163 38.0
3164 169.0
3165 251.0
3166 33.0
3167 32.0
3168 158.0
3169 203.0
3170 251.0
3171 32.0
3172 251.0
3173 251.0
3174 251.0
3175 203.0
3176 202.0
3177 236.0
3178 32.0
3179 203.0
3180 251.0
3181 180.0
3182 203.0
3183 251.0
3184 11.0
3185 203.0
3186 203.0
3187 203.0
3188 32.0
3189 32.0
3190 203.0
3191 32.0
3192 203.0
3193 204.0
3194 181.0
3195 230.0
3196 203.0
3197 203.0
3198 0.0
3199 209.0
3200 169.0
3201 0.0
3202 204.0
3203 251.0
3204 180.0
3205 169.0
3206 32.0
3207 180.0
3208 103.0
3209 181.0
3210 204.0
3211 251.0
3212 32.0
3213 251.0
3214 38.0
3215 174.0
3216 251.0
3217 32.0
3218 32.0
3219 169.0
3220 204.0
3221 172.0
3222 38.0
3223 251.0
3224 251.0
3225 251.0
3226 32.0
3227 202.0
3228 57.0
3229 202.0
3230 38.0
3231 251.0
3232 181.0
3233 203.0
3234 202.0
3235 203.0
3236 38.0
3237 251.0
3238 203.0
3239 0.0
3240 32.0
3241 231.0
3242 251.0
3243 203.0
3244 203.0
3245 32.0
3246 38.0
3247 32.0
3248 32.0
3249 32.0
3250 209.0
3251 32.0
3252 32.0
3253 204.0
3254 251.0
3255 180.0
3256 103.0
3257 132.0
3258 251.0
3259 38.0
3260 207.0
3261 204.0
3262 180.0
3263 251.0
3264 251.0
3265 203.0
3266 169.0
3267 251.0
3268 32.0
3269 25.0
3270 169.0
3271 43.0
3272 203.0
3273 32.0
3274 251.0
3275 251.0
3276 251.0
3277 32.0
3278 30.0
3279 251.0
3280 180.0
3281 44.0
3282 251.0
3283 32.0
3284 87.0
3285 202.0
3286 203.0
3287 203.0
3288 180.0
3289 203.0
3290 32.0
3291 30.0
3292 251.0
3293 189.0
3294 251.0
3295 251.0
3296 204.0
3297 32.0
3298 32.0
3299 32.0
3300 203.0
3301 111.0
3302 104.0
3303 186.0
3304 169.0
3305 251.0
3306 192.0
3307 98.0
3308 203.0
3309 251.0
3310 38.0
3311 181.0
3312 38.0
3313 32.0
3314 251.0
3315 251.0
3316 38.0
3317 33.0
3318 251.0
3319 33.0
3320 180.0
3321 87.0
3322 43.0
3323 390.0
3324 32.0
3325 203.0
3326 251.0
3327 251.0
3328 32.0
3329 203.0
3330 203.0
3331 169.0
3332 203.0
3333 251.0
3334 251.0
3335 87.0
3336 251.0
3337 6.0
3338 202.0
3339 251.0
3340 203.0
3341 0.0
3342 32.0
3343 251.0
3344 32.0
3345 251.0
3346 32.0
3347 33.0
3348 191.0
3349 32.0
3350 203.0
3351 203.0
3352 209.0
3353 98.0
3354 0.0
3355 169.0
3356 251.0
3357 180.0
3358 169.0
3359 32.0
3360 251.0
3361 103.0
3362 203.0
3363 203.0
3364 203.0
3365 251.0
3366 390.0
3367 43.0
3368 43.0
3369 251.0
3370 32.0
3371 174.0
3372 203.0
3373 25.0
3374 219.0
3375 32.0
3376 203.0
3377 217.0
3378 400.0
3379 169.0
3380 203.0
3381 245.0
3382 32.0
3383 0.0
3384 251.0
3385 236.0
3386 169.0
3387 251.0
3388 251.0
3389 38.0
3390 203.0
3391 114.0
3392 32.0
3393 203.0
3394 221.0
3395 251.0
3396 251.0
3397 33.0
3398 32.0
3399 226.0
3400 32.0
3401 251.0
3402 32.0
3403 203.0
3404 169.0
3405 180.0
3406 158.0
3407 251.0
3408 32.0
3409 98.0
3410 32.0
3411 203.0
3412 103.0
3413 203.0
3414 204.0
3415 204.0
3416 203.0
3417 400.0
3418 191.0
3419 43.0
3420 251.0
3421 32.0
3422 180.0
3423 169.0
3424 49.0
3425 216.0
3426 32.0
3427 180.0
3428 251.0
3429 251.0
3430 0.0
3431 32.0
3432 38.0
3433 169.0
3434 33.0
3435 148.0
3436 32.0
3437 203.0
3438 202.0
3439 224.0
3440 251.0
3441 203.0
3442 203.0
3443 0.0
3444 32.0
3445 251.0
3446 204.0
3447 251.0
3448 32.0
3449 204.0
3450 93.0
3451 32.0
3452 32.0
3453 14.0
3454 251.0
3455 98.0
3456 186.0
3457 169.0
3458 251.0
3459 180.0
3460 203.0
3461 32.0
3462 251.0
3463 38.0
3464 251.0
3465 203.0
3466 203.0
3467 251.0
3468 400.0
3469 202.0
3470 32.0
3471 251.0
3472 203.0
3473 204.0
3474 169.0
3475 251.0
3476 393.0
3477 251.0
3478 180.0
3479 251.0
3480 400.0
3481 203.0
3482 32.0
3483 45.0
3484 251.0
3485 203.0
3486 251.0
3487 32.0
3488 38.0
3489 185.0
3490 251.0
3491 251.0
3492 251.0
3493 203.0
3494 32.0
3495 251.0
3496 231.0
3497 203.0
3498 251.0
3499 32.0
3500 32.0
3501 32.0
3502 33.0
3503 203.0
3504 32.0
3505 251.0
3506 169.0
3507 0.0
3508 32.0
3509 203.0
3510 180.0
3511 169.0
3512 187.0
3513 251.0
3514 103.0
3515 251.0
3516 203.0
3517 32.0
3518 251.0
3519 400.0
3520 32.0
3521 33.0
3522 251.0
3523 174.0
3524 32.0
3525 87.0
3526 25.0
3527 251.0
3528 32.0
3529 180.0
3530 202.0
3531 251.0
3532 98.0
3533 203.0
3534 204.0
3535 32.0
3536 174.0
3537 251.0
3538 226.0
3539 109.0
3540 251.0
3541 38.0
3542 38.0
3543 180.0
3544 203.0
3545 0.0
3546 32.0
3547 251.0
3548 32.0
3549 231.0
3550 32.0
3551 33.0
3552 204.0
3553 204.0
3554 204.0
3555 32.0
3556 203.0
3557 169.0
3558 180.0
3559 169.0
3560 216.0
3561 251.0
3562 169.0
3563 204.0
3564 251.0
3565 38.0
3566 203.0
3567 204.0
3568 32.0
3569 191.0
3570 400.0
3571 251.0
3572 32.0
3573 251.0
3574 32.0
3575 32.0
3576 169.0
3577 87.0
3578 251.0
3579 32.0
3580 25.0
3581 203.0
3582 203.0
3583 32.0
3584 174.0
3585 242.0
3586 32.0
3587 0.0
3588 251.0
3589 38.0
3590 203.0
3591 203.0
3592 251.0
3593 38.0
3594 231.0
3595 203.0
3596 32.0
3597 251.0
3598 251.0
3599 32.0
3600 203.0
3601 236.0
3602 203.0
3603 0.0
3604 98.0
3605 32.0
3606 203.0
3607 251.0
3608 98.0
3609 185.0
3610 158.0
3611 251.0
3612 251.0
3613 98.0
3614 32.0
3615 251.0
3616 38.0
3617 202.0
3618 203.0
3619 169.0
3620 251.0
3621 400.0
3622 231.0
3623 0.0
3624 251.0
3625 32.0
3626 33.0
3627 169.0
3628 43.0
3629 251.0
3630 32.0
3631 251.0
3632 251.0
3633 181.0
3634 203.0
3635 32.0
3636 251.0
3637 251.0
3638 251.0
3639 180.0
3640 251.0
3641 203.0
3642 202.0
3643 38.0
3644 251.0
3645 203.0
3646 203.0
3647 32.0
3648 32.0
3649 203.0
3650 204.0
3651 32.0
3652 32.0
3653 203.0
3654 0.0
3655 203.0
3656 38.0
3657 33.0
3658 231.0
3659 98.0
3660 32.0
3661 169.0
3662 203.0
3663 32.0
3664 169.0
3665 203.0
3666 251.0
3667 103.0
3668 251.0
3669 203.0
3670 32.0
3671 32.0
3672 400.0
3673 202.0
3674 169.0
3675 251.0
3676 174.0
3677 204.0
3678 87.0
3679 33.0
3680 216.0
3681 32.0
3682 180.0
3683 202.0
3684 251.0
3685 202.0
3686 191.0
3687 202.0
3688 202.0
3689 174.0
3690 251.0
3691 209.0
3692 203.0
3693 203.0
3694 251.0
3695 251.0
3696 174.0
3697 203.0
3698 32.0
3699 38.0
3700 38.0
3701 251.0
3702 203.0
3703 33.0
3704 33.0
3705 204.0
3706 32.0
3707 203.0
3708 169.0
3709 38.0
3710 169.0
3711 32.0
3712 204.0
3713 251.0
3714 32.0
3715 169.0
3716 204.0
3717 251.0
3718 439.0
3719 203.0
3720 203.0
3721 174.0
3722 0.0
3723 439.0
3724 32.0
3725 0.0
3726 117.0
3727 174.0
3728 43.0
3729 87.0
3730 87.0
3731 216.0
3732 32.0
3733 38.0
3734 202.0
3735 203.0
3736 174.0
3737 203.0
3738 251.0
3739 33.0
3740 0.0
3741 251.0
3742 38.0
3743 87.0
3744 439.0
3745 251.0
3746 38.0
3747 180.0
3748 203.0
3749 32.0
3750 32.0
3751 251.0
3752 32.0
3753 231.0
3754 38.0
3755 33.0
3756 204.0
3757 203.0
3758 32.0
3759 231.0
3760 203.0
3761 174.0
3762 180.0
3763 174.0
3764 344.0
3765 24.0
3766 98.0
3767 204.0
3768 251.0
3769 38.0
3770 191.0
3771 204.0
3772 32.0
3773 203.0
3774 439.0
3775 251.0
3776 180.0
3777 117.0
3778 98.0
3779 43.0
3780 203.0
3781 33.0
3782 251.0
3783 32.0
3784 32.0
3785 217.0
3786 251.0
3787 33.0
3788 180.0
3789 251.0
3790 180.0
3791 174.0
3792 203.0
3793 33.0
3794 204.0
3795 203.0
3796 38.0
3797 203.0
3798 220.0
3799 203.0
3800 32.0
3801 32.0
3802 185.0
3803 32.0
3804 169.0
3805 32.0
3806 204.0
3807 204.0
3808 30.0
3809 0.0
3810 32.0
3811 251.0
3812 98.0
3813 32.0
3814 251.0
3815 117.0
3816 251.0
3817 169.0
3818 203.0
3819 251.0
3820 203.0
3821 181.0
3822 204.0
3823 32.0
3824 251.0
3825 439.0
3826 181.0
3827 174.0
3828 251.0
3829 32.0
3830 203.0
3831 169.0
3832 43.0
3833 338.0
3834 203.0
3835 203.0
3836 217.0
3837 251.0
3838 204.0
3839 32.0
3840 251.0
3841 202.0
3842 174.0
3843 203.0
3844 32.0
3845 204.0
3846 203.0
3847 251.0
3848 203.0
3849 203.0
3850 114.0
3851 32.0
3852 32.0
3853 345.0
3854 251.0
3855 32.0
3856 43.0
3857 204.0
3858 204.0
3859 0.0
3860 203.0
3861 231.0
3862 25.0
3863 98.0
3864 32.0
3865 203.0
3866 251.0
3867 187.0
3868 169.0
3869 32.0
3870 251.0
3871 32.0
3872 251.0
3873 203.0
3874 224.0
3875 251.0
3876 439.0
3877 251.0
3878 251.0
3879 251.0
3880 174.0
3881 33.0
3882 169.0
3883 180.0
3884 148.0
3885 32.0
3886 203.0
3887 169.0
3888 251.0
3889 203.0
3890 32.0
3891 251.0
3892 43.0
3893 203.0
3894 251.0
3895 251.0
3896 169.0
3897 439.0
3898 251.0
3899 32.0
3900 209.0
3901 114.0
3902 32.0
3903 32.0
3904 32.0
3905 202.0
3906 231.0
3907 38.0
3908 32.0
3909 204.0
3910 38.0
3911 38.0
3912 228.0
3913 189.0
3914 98.0
3915 202.0
3916 169.0
3917 400.0
3918 209.0
3919 98.0
3920 204.0
3921 251.0
3922 43.0
3923 203.0
3924 204.0
3925 169.0
3926 0.0
3927 439.0
3928 251.0
3929 203.0
3930 251.0
3931 174.0
3932 43.0
3933 87.0
3934 245.0
3935 400.0
3936 32.0
3937 203.0
3938 202.0
3939 148.0
3940 203.0
3941 174.0
3942 251.0
3943 203.0
3944 203.0
3945 220.0
3946 203.0
3947 203.0
3948 203.0
3949 251.0
3950 38.0
3951 203.0
3952 203.0
3953 32.0
3954 32.0
3955 251.0
3956 251.0
3957 251.0
3958 38.0
3959 204.0
3960 204.0
3961 251.0
3962 203.0
3963 202.0
3964 175.0
3965 98.0
3966 180.0
3967 169.0
3968 345.0
3969 251.0
3970 169.0
3971 203.0
3972 251.0
3973 38.0
3974 220.0
3975 203.0
3976 169.0
3977 0.0
3978 439.0
3979 251.0
3980 169.0
3981 148.0
3982 32.0
3983 33.0
3984 87.0
3985 33.0
3986 251.0
3987 25.0
3988 203.0
3989 168.0
3990 117.0
3991 191.0
3992 174.0
3993 251.0
3994 169.0
3995 174.0
3996 251.0
3997 32.0
3998 38.0
3999 251.0
4000 180.0
4001 203.0
4002 217.0
4003 203.0
4004 32.0
4005 32.0
4006 231.0
4007 32.0
4008 169.0
4009 203.0
4010 204.0
4011 0.0
4012 222.0
4013 0.0
4014 236.0
4015 32.0
4016 98.0
4017 33.0
4018 203.0
4019 251.0
4020 251.0
4021 169.0
4022 107.0
4023 32.0
4024 32.0
4025 309.0
4026 204.0
4027 98.0
4028 0.0
4029 439.0
4030 203.0
4031 169.0
4032 251.0
4033 33.0
4034 203.0
4035 169.0
4036 33.0
4037 148.0
4038 32.0
4039 180.0
4040 169.0
4041 251.0
4042 203.0
4043 38.0
4044 251.0
4045 251.0
4046 203.0
4047 180.0
4048 38.0
4049 87.0
4050 251.0
4051 209.0
4052 32.0
4053 251.0
4054 114.0
4055 32.0
4056 32.0
4057 251.0
4058 180.0
4059 251.0
4060 251.0
4061 32.0
4062 0.0
4063 209.0
4064 203.0
4065 174.0
4066 32.0
4067 169.0
4068 32.0
4069 25.0
4070 251.0
4071 32.0
4072 169.0
4073 251.0
4074 251.0
4075 38.0
4076 251.0
4077 204.0
4078 32.0
4079 251.0
4080 439.0
4081 132.0
4082 169.0
4083 251.0
4084 33.0
4085 43.0
4086 87.0
4087 87.0
4088 216.0
4089 32.0
4090 189.0
4091 168.0
4092 437.0
4093 204.0
4094 174.0
4095 251.0
4096 230.0
4097 174.0
4098 209.0
4099 226.0
4100 203.0
4101 203.0
4102 251.0
4103 32.0
4104 231.0
4105 203.0
4106 0.0
4107 32.0
4108 32.0
4109 251.0
4110 231.0
4111 209.0
4112 203.0
4113 204.0
4114 251.0
4115 32.0
4116 169.0
4117 38.0
4118 104.0
4119 180.0
4120 169.0
4121 333.0
4122 209.0
4123 98.0
4124 203.0
4125 251.0
4126 103.0
4127 251.0
4128 203.0
4129 204.0
4130 175.0
4131 439.0
4132 203.0
4133 203.0
4134 148.0
4135 32.0
4136 43.0
4137 204.0
4138 203.0
4139 251.0
4140 32.0
4141 128.0
4142 169.0
4143 148.0
4144 114.0
4145 203.0
4146 251.0
4147 197.0
4148 203.0
4149 251.0
4150 30.0
4151 98.0
4152 251.0
4153 251.0
4154 203.0
4155 168.0
4156 203.0
4157 32.0
4158 32.0
4159 231.0
4160 251.0
4161 251.0
4162 38.0
4163 203.0
4164 32.0
4165 221.0
4166 0.0
4167 251.0
4168 38.0
4169 109.0
4170 185.0
4171 169.0
4172 345.0
4173 251.0
4174 98.0
4175 167.0
4176 251.0
4177 103.0
4178 38.0
4179 44.0
4180 32.0
4181 204.0
4182 439.0
4183 203.0
4184 209.0
4185 148.0
4186 32.0
4187 203.0
4188 169.0
4189 43.0
4190 207.0
4191 32.0
4192 180.0
4193 203.0
4194 193.0
4195 204.0
4196 32.0
4197 251.0
4198 234.0
4199 203.0
4200 251.0
4201 32.0
4202 98.0
4203 128.0
4204 38.0
4205 203.0
4206 203.0
4207 203.0
4208 32.0
4209 32.0
4210 231.0
4211 202.0
4212 32.0
4213 33.0
4214 203.0
4215 25.0
4216 251.0
4217 38.0
4218 236.0
4219 32.0
4220 169.0
4221 98.0
4222 169.0
4223 251.0
4224 38.0
4225 169.0
4226 7.0
4227 251.0
4228 38.0
4229 251.0
4230 204.0
4231 251.0
4232 38.0
4233 439.0
4234 251.0
4235 251.0
4236 209.0
4237 33.0
4238 251.0
4239 87.0
4240 38.0
4241 203.0
4242 32.0
4243 203.0
4244 344.0
4245 117.0
4246 204.0
4247 109.0
4248 191.0
4249 203.0
4250 174.0
4251 148.0
4252 32.0
4253 38.0
4254 230.0
4255 251.0
4256 32.0
4257 180.0
4258 203.0
4259 32.0
4260 32.0
4261 32.0
4262 251.0
4263 231.0
4264 251.0
4265 38.0
4266 203.0
4267 32.0
4268 222.0
4269 119.0
4270 203.0
4271 169.0
4272 191.0
4273 169.0
4274 251.0
4275 38.0
4276 169.0
4277 204.0
4278 251.0
4279 38.0
4280 180.0
4281 204.0
4282 169.0
4283 204.0
4284 439.0
4285 209.0
4286 251.0
4287 209.0
4288 98.0
4289 43.0
4290 169.0
4291 180.0
4292 148.0
4293 32.0
4294 203.0
4295 251.0
4296 251.0
4297 114.0
4298 203.0
4299 32.0
4300 169.0
4301 174.0
4302 209.0
4303 109.0
4304 98.0
4305 251.0
4306 32.0
4307 204.0
4308 169.0
4309 203.0
4310 32.0
4311 32.0
4312 32.0
4313 251.0
4314 231.0
4315 32.0
4316 33.0
4317 0.0
4318 203.0
4319 38.0
4320 169.0
4321 170.0
4322 98.0
4323 185.0
4324 169.0
4325 251.0
4326 251.0
4327 98.0
4328 209.0
4329 251.0
4330 43.0
4331 180.0
4332 38.0
4333 169.0
4334 251.0
4335 439.0
4336 251.0
4337 32.0
4338 203.0
4339 32.0
4340 43.0
4341 169.0
4342 191.0
4343 181.0
4344 32.0
4345 203.0
4346 251.0
4347 437.0
4348 203.0
4349 33.0
4350 203.0
4351 172.0
4352 38.0
4353 251.0
4354 32.0
4355 32.0
4356 251.0
4357 38.0
4358 203.0
4359 251.0
4360 203.0
4361 0.0
4362 32.0
4363 231.0
4364 251.0
4365 444.0
4366 32.0
4367 33.0
4368 251.0
4369 32.0
4370 38.0
4371 210.0
4372 170.0
4373 98.0
4374 204.0
4375 32.0
4376 345.0
4377 209.0
4378 203.0
4379 38.0
4380 251.0
4381 32.0
4382 209.0
4383 204.0
4384 203.0
4385 251.0
4386 444.0
4387 204.0
4388 32.0
4389 203.0
4390 33.0
4391 204.0
4392 203.0
4393 43.0
4394 251.0
4395 32.0
4396 180.0
4397 174.0
4398 148.0
4399 32.0
4400 33.0
4401 203.0
4402 236.0
4403 6.0
4404 148.0
4405 32.0
4406 38.0
4407 174.0
4408 251.0
4409 32.0
4410 180.0
4411 203.0
4412 32.0
4413 32.0
4414 32.0
4415 169.0
4416 32.0
4417 251.0
4418 38.0
4419 204.0
4420 32.0
4421 204.0
4422 203.0
4423 203.0
4424 169.0
4425 32.0
4426 158.0
4427 185.0
4428 215.0
4429 169.0
4430 204.0
4431 251.0
4432 203.0
4433 32.0
4434 32.0
4435 82.0
4436 251.0
4437 444.0
4438 209.0
4439 117.0
4440 125.0
4441 33.0
4442 38.0
4443 152.0
4444 196.0
4445 32.0
4446 32.0
4447 203.0
4448 251.0
4449 437.0
4450 109.0
4451 32.0
4452 32.0
4453 209.0
4454 174.0
4455 251.0
4456 169.0
4457 203.0
4458 437.0
4459 251.0
4460 203.0
4461 169.0
4462 203.0
4463 0.0
4464 32.0
4465 251.0
4466 374.0
4467 251.0
4468 251.0
4469 38.0
4470 32.0
4471 203.0
4472 204.0
4473 169.0
4474 251.0
4475 169.0
4476 185.0
4477 32.0
4478 185.0
4479 251.0
4480 204.0
4481 204.0
4482 32.0
4483 43.0
4484 203.0
4485 203.0
4486 169.0
4487 0.0
4488 444.0
4489 202.0
4490 200.0
4491 251.0
4492 32.0
4493 38.0
4494 169.0
4495 191.0
4496 174.0
4497 32.0
4498 203.0
4499 345.0
4500 416.0
4501 32.0
4502 44.0
4503 374.0
4504 251.0
4505 33.0
4506 251.0
4507 32.0
4508 38.0
4509 181.0
4510 251.0
4511 203.0
4512 251.0
4513 203.0
4514 32.0
4515 209.0
4516 251.0
4517 251.0
4518 251.0
4519 251.0
4520 33.0
4521 180.0
4522 251.0
4523 32.0
4524 169.0
4525 203.0
4526 104.0
4527 43.0
4528 169.0
4529 439.0
4530 209.0
4531 98.0
4532 0.0
4533 203.0
4534 43.0
4535 202.0
4536 204.0
4537 230.0
4538 6.0
4539 444.0
4540 251.0
4541 251.0
4542 242.0
4543 32.0
4544 44.0
4545 32.0
4546 33.0
4547 203.0
4548 32.0
4549 203.0
4550 203.0
4551 428.0
4552 204.0
4553 43.0
4554 203.0
4555 172.0
4556 174.0
4557 251.0
4558 32.0
4559 38.0
4560 148.0
4561 251.0
4562 251.0
4563 32.0
4564 203.0
4565 0.0
4566 176.0
4567 32.0
4568 251.0
4569 185.0
4570 251.0
4571 204.0
4572 203.0
4573 251.0
4574 251.0
4575 203.0
4576 204.0
4577 169.0
4578 32.0
4579 158.0
4580 117.0
4581 32.0
4582 185.0
4583 203.0
4584 251.0
4585 203.0
4586 169.0
4587 204.0
4588 32.0
4589 251.0
4590 444.0
4591 203.0
4592 251.0
4593 148.0
4594 33.0
4595 44.0
4596 203.0
4597 33.0
4598 251.0
4599 203.0
4600 203.0
4601 374.0
4602 148.0
4603 104.0
4604 444.0
4605 203.0
4606 197.0
4607 174.0
4608 148.0
4609 103.0
4610 204.0
4611 174.0
4612 251.0
4613 38.0
4614 209.0
4615 203.0
4616 0.0
4617 251.0
4618 251.0
4619 444.0
4620 32.0
4621 32.0
4622 38.0
4623 114.0
4624 169.0
4625 204.0
4626 159.0
4627 203.0
4628 169.0
4629 32.0
4630 158.0
4631 251.0
4632 251.0
4633 32.0
4634 204.0
4635 231.0
4636 251.0
4637 0.0
4638 203.0
4639 114.0
4640 0.0
4641 444.0
4642 251.0
4643 209.0
4644 251.0
4645 33.0
4646 114.0
4647 32.0
4648 180.0
4649 32.0
4650 32.0
4651 203.0
4652 203.0
4653 251.0
4654 32.0
4655 0.0
4656 245.0
4657 197.0
4658 33.0
4659 148.0
4660 103.0
4661 38.0
4662 32.0
4663 125.0
4664 32.0
4665 203.0
4666 203.0
4667 0.0
4668 115.0
4669 251.0
4670 117.0
4671 333.0
4672 251.0
4673 33.0
4674 203.0
4675 117.0
4676 32.0
4677 220.0
4678 203.0
4679 98.0
4680 180.0
4681 169.0
4682 251.0
4683 0.0
4684 98.0
4685 203.0
4686 251.0
4687 33.0
4688 0.0
4689 203.0
4690 202.0
4691 251.0
4692 444.0
4693 231.0
4694 174.0
4695 251.0
4696 32.0
4697 43.0
4698 32.0
4699 251.0
4700 185.0
4701 32.0
4702 32.0
4703 251.0
4704 185.0
4705 191.0
4706 185.0
4707 138.0
4708 204.0
4709 174.0
4710 117.0
4711 32.0
4712 38.0
4713 203.0
4714 251.0
4715 203.0
4716 225.0
4717 203.0
4718 0.0
4719 209.0
4720 231.0
4721 251.0
4722 251.0
4723 185.0
4724 98.0
4725 203.0
4726 220.0
4727 204.0
4728 169.0
4729 203.0
4730 169.0
4731 203.0
4732 169.0
4733 399.0
4734 38.0
4735 203.0
4736 203.0
4737 32.0
4738 33.0
4739 104.0
4740 203.0
4741 180.0
4742 251.0
4743 444.0
4744 174.0
4745 374.0
4746 148.0
4747 32.0
4748 204.0
4749 169.0
4750 33.0
4751 251.0
4752 32.0
4753 180.0
4754 251.0
4755 185.0
4756 104.0
4757 0.0
4758 251.0
4759 203.0
4760 33.0
4761 251.0
4762 32.0
4763 32.0
4764 437.0
4765 231.0
4766 32.0
4767 251.0
4768 203.0
4769 0.0
4770 32.0
4771 185.0
4772 251.0
4773 32.0
4774 251.0
4775 98.0
4776 203.0
4777 32.0
4778 227.0
4779 169.0
4780 251.0
4781 169.0
4782 32.0
4783 158.0
4784 185.0
4785 251.0
4786 169.0
4787 0.0
4788 251.0
4789 203.0
4790 104.0
4791 174.0
4792 169.0
4793 251.0
4794 444.0
4795 251.0
4796 251.0
4797 251.0
4798 33.0
4799 33.0
4800 158.0
4801 169.0
4802 174.0
4803 32.0
4804 203.0
4805 251.0
4806 216.0
4807 32.0
4808 32.0
4809 203.0
4810 32.0
4811 174.0
4812 251.0
4813 38.0
4814 203.0
4815 174.0
4816 129.0
4817 32.0
4818 174.0
4819 203.0
4820 1.0
4821 32.0
4822 32.0
4823 117.0
4824 32.0
4825 251.0
4826 33.0
4827 43.0
4828 148.0
4829 32.0
4830 172.0
4831 166.0
4832 98.0
4833 185.0
4834 32.0
4835 439.0
4836 32.0
4837 203.0
4838 204.0
4839 251.0
4840 32.0
4841 38.0
4842 98.0
4843 114.0
4844 6.0
4845 444.0
4846 218.0
4847 251.0
4848 251.0
4849 32.0
4850 204.0
4851 32.0
4852 251.0
4853 174.0
4854 32.0
4855 251.0
4856 251.0
4857 203.0
4858 203.0
4859 174.0
4860 245.0
4861 204.0
4862 174.0
4863 174.0
4864 32.0
4865 203.0
4866 185.0
4867 251.0
4868 98.0
4869 251.0
4870 203.0
4871 32.0
4872 32.0
4873 251.0
4874 251.0
4875 231.0
4876 174.0
4877 38.0
4878 231.0
4879 220.0
4880 32.0
4881 172.0
4882 180.0
4883 98.0
4884 181.0
4885 32.0
4886 420.0
4887 251.0
4888 98.0
4889 203.0
4890 209.0
4891 203.0
4892 169.0
4893 32.0
4894 251.0
4895 251.0
4896 444.0
4897 203.0
4898 148.0
4899 251.0
4900 32.0
4901 43.0
4902 169.0
4903 38.0
4904 251.0
4905 32.0
4906 251.0
4907 251.0
4908 251.0
4909 104.0
4910 93.0
4911 204.0
4912 204.0
4913 33.0
4914 251.0
4915 38.0
4916 98.0
4917 251.0
4918 6.0
4919 38.0
4920 251.0
4921 203.0
4922 203.0
4923 32.0
4924 185.0
4925 428.0
4926 203.0
4927 251.0
4928 203.0
4929 203.0
4930 236.0
4931 204.0
4932 32.0
4933 180.0
4934 98.0
4935 32.0
4936 25.0
4937 251.0
4938 203.0
4939 169.0
4940 203.0
4941 204.0
4942 43.0
4943 104.0
4944 203.0
4945 202.0
4946 0.0
4947 444.0
4948 148.0
4949 374.0
4950 251.0
4951 33.0
4952 43.0
4953 82.0
4954 32.0
4955 128.0
4956 32.0
4957 251.0
4958 251.0
4959 251.0
4960 98.0
4961 203.0
4962 251.0
4963 204.0
4964 174.0
4965 148.0
4966 32.0
4967 203.0
4968 174.0
4969 0.0
4970 32.0
4971 180.0
4972 114.0
4973 203.0
4974 32.0
4975 32.0
4976 374.0
4977 38.0
4978 251.0
4979 98.0
4980 235.0
4981 251.0
4982 32.0
4983 203.0
4984 201.0
4985 169.0
4986 203.0
4987 87.0
4988 251.0
4989 209.0
4990 98.0
4991 251.0
4992 165.0
4993 203.0
4994 38.0
4995 180.0
4996 180.0
4997 0.0
4998 444.0
4999 203.0
5000 374.0
5001 251.0
5002 32.0
5003 33.0
5004 87.0
5005 32.0
5006 251.0
5007 32.0
5008 185.0
5009 251.0
5010 32.0
5011 203.0
5012 32.0
5013 203.0
5014 169.0
5015 174.0
5016 174.0
5017 32.0
5018 38.0
5019 148.0
5020 203.0
5021 203.0
5022 174.0
5023 114.0
5024 32.0
5025 32.0
5026 251.0
5027 251.0
5028 180.0
5029 148.0
5030 98.0
5031 114.0
5032 203.0
5033 38.0
5034 169.0
5035 182.0
5036 169.0
5037 114.0
5038 32.0
5039 251.0
5040 0.0
5041 98.0
5042 203.0
5043 231.0
5044 203.0
5045 0.0
5046 0.0
5047 32.0
5048 251.0
5049 444.0
5050 251.0
5051 428.0
5052 251.0
5053 32.0
5054 169.0
5055 169.0
5056 251.0
5057 251.0
5058 32.0
5059 32.0
5060 185.0
5061 32.0
5062 32.0
5063 251.0
5064 203.0
5065 209.0
5066 33.0
5067 251.0
5068 32.0
5069 32.0
5070 181.0
5071 251.0
5072 251.0
5073 180.0
5074 203.0
5075 32.0
5076 32.0
5077 185.0
5078 423.0
5079 203.0
5080 251.0
5081 38.0
5082 203.0
5083 174.0
5084 203.0
5085 210.0
5086 203.0
5087 32.0
5088 32.0
5089 32.0
5090 418.0
5091 399.0
5092 185.0
5093 251.0
5094 251.0
5095 38.0
5096 0.0
5097 32.0
5098 242.0
5099 251.0
5100 444.0
