1 0.0
2 0.0
3 30.0
4 0.0
5 150.0
6 0.0
7 25.0
8 76.0
9 0.0
10 0.0
11 204.0
12 0.0
13 25.0
14 61.0
15 25.0
16 0.0
17 158.0
18 0.0
19 110.0
20 0.0
21 32.0
22 40.0
23 125.0
24 115.0
25 33.0
26 0.0
27 0.0
28 103.0
29 203.0
30 0.0
31 203.0
32 104.0
33 3.0
34 203.0
35 25.0
36 55.0
37 0.0
38 0.0
39 203.0
40 203.0
41 25.0
42 191.0
43 203.0
44 23.0
45 86.0
46 203.0
47 146.0
48 4.0
49 315.0
50 49.0
51 315.0
52 38.0
53 0.0
54 30.0
55 19.0
56 150.0
57 104.0
58 0.0
59 76.0
60 0.0
61 109.0
62 204.0
63 170.0
64 0.0
65 61.0
66 0.0
67 0.0
68 158.0
69 0.0
70 110.0
71 203.0
72 0.0
73 104.0
74 125.0
75 115.0
76 204.0
77 39.0
78 33.0
79 203.0
80 203.0
81 37.0
82 203.0
83 30.0
84 36.0
85 203.0
86 204.0
87 55.0
88 0.0
89 169.0
90 203.0
91 203.0
92 203.0
93 251.0
94 203.0
95 60.0
96 49.0
97 203.0
98 191.0
99 203.0
100 315.0
101 67.0
102 315.0
103 68.0
104 38.0
105 30.0
106 0.0
107 150.0
108 110.0
109 0.0
110 76.0
111 48.0
112 109.0
113 204.0
114 104.0
115 169.0
116 61.0
117 0.0
118 30.0
119 158.0
120 38.0
121 203.0
122 204.0
123 6.0
124 103.0
125 125.0
126 186.0
127 203.0
128 34.0
129 251.0
130 184.0
131 203.0
132 25.0
133 203.0
134 0.0
135 203.0
136 203.0
137 187.0
138 252.0
139 44.0
140 142.0
141 203.0
142 203.0
143 72.0
144 169.0
145 202.0
146 49.0
147 203.0
148 203.0
149 138.0
150 315.0
151 315.0
152 251.0
153 315.0
154 251.0
155 38.0
156 38.0
157 184.0
158 150.0
159 109.0
160 93.0
161 76.0
162 136.0
163 33.0
164 204.0
165 23.0
166 203.0
167 215.0
168 30.0
169 153.0
170 158.0
171 252.0
172 203.0
173 203.0
174 203.0
175 98.0
176 142.0
177 164.0
178 204.0
179 203.0
180 203.0
181 32.0
182 203.0
183 0.0
184 203.0
185 107.0
186 203.0
187 203.0
188 0.0
189 163.0
190 185.0
191 73.0
192 203.0
193 203.0
194 203.0
195 251.0
196 241.0
197 57.0
198 0.0
199 203.0
200 0.0
201 251.0
202 315.0
203 315.0
204 315.0
205 251.0
206 49.0
207 104.0
208 0.0
209 185.0
210 21.0
211 93.0
212 194.0
213 154.0
214 174.0
215 204.0
216 39.0
217 222.0
218 203.0
219 103.0
220 158.0
221 251.0
222 251.0
223 252.0
224 203.0
225 204.0
226 203.0
227 203.0
228 186.0
229 204.0
230 32.0
231 203.0
232 251.0
233 203.0
234 37.0
235 203.0
236 0.0
237 203.0
238 203.0
239 175.0
240 203.0
241 204.0
242 50.0
243 203.0
244 203.0
245 246.0
246 251.0
247 180.0
248 175.0
249 0.0
250 203.0
251 248.0
252 251.0
253 315.0
254 251.0
255 315.0
256 36.0
257 49.0
258 38.0
259 0.0
260 32.0
261 251.0
262 49.0
263 141.0
264 160.0
265 186.0
266 204.0
267 109.0
268 191.0
269 203.0
270 203.0
271 252.0
272 252.0
273 180.0
274 252.0
275 251.0
276 251.0
277 204.0
278 203.0
279 125.0
280 203.0
281 39.0
282 118.0
283 203.0
284 251.0
285 30.0
286 203.0
287 0.0
288 174.0
289 187.0
290 32.0
291 311.0
292 203.0
293 251.0
294 203.0
295 203.0
296 203.0
297 169.0
298 202.0
299 160.0
300 203.0
301 144.0
302 251.0
303 251.0
304 315.0
305 315.0
306 315.0
307 315.0
308 125.0
309 38.0
310 32.0
311 93.0
312 203.0
313 49.0
314 109.0
315 148.0
316 251.0
317 204.0
318 164.0
319 191.0
320 191.0
321 236.0
322 251.0
323 252.0
324 175.0
325 252.0
326 252.0
327 251.0
328 251.0
329 146.0
330 185.0
331 203.0
332 165.0
333 203.0
334 103.0
335 251.0
336 165.0
337 203.0
338 25.0
339 170.0
340 203.0
341 29.0
342 60.0
343 60.0
344 203.0
345 197.0
346 246.0
347 203.0
348 251.0
349 202.0
350 180.0
351 66.0
352 203.0
353 0.0
354 251.0
355 315.0
356 251.0
357 315.0
358 251.0
359 38.0
360 38.0
361 49.0
362 229.0
363 165.0
364 32.0
365 14.0
366 136.0
367 236.0
368 251.0
369 0.0
370 203.0
371 191.0
372 66.0
373 251.0
374 252.0
375 251.0
376 203.0
377 171.0
378 18.0
379 251.0
380 251.0
381 137.0
382 204.0
383 0.0
384 203.0
385 203.0
386 251.0
387 194.0
388 203.0
389 0.0
390 175.0
391 32.0
392 158.0
393 311.0
394 203.0
395 203.0
396 158.0
397 191.0
398 99.0
399 251.0
400 251.0
401 31.0
402 66.0
403 99.0
404 203.0
405 251.0
406 315.0
407 315.0
408 315.0
409 251.0
410 38.0
411 99.0
412 112.0
413 315.0
414 203.0
415 32.0
416 141.0
417 158.0
418 207.0
419 186.0
420 0.0
421 217.0
422 187.0
423 98.0
424 180.0
425 251.0
426 180.0
427 252.0
428 171.0
429 251.0
430 204.0
431 251.0
432 51.0
433 203.0
434 231.0
435 251.0
436 202.0
437 251.0
438 203.0
439 203.0
440 203.0
441 180.0
442 203.0
443 153.0
444 203.0
445 203.0
446 203.0
447 204.0
448 251.0
449 203.0
450 169.0
451 191.0
452 180.0
453 61.0
454 203.0
455 153.0
456 251.0
457 315.0
458 315.0
459 315.0
460 53.0
461 60.0
462 29.0
463 96.0
464 251.0
465 169.0
466 49.0
467 160.0
468 159.0
469 203.0
470 204.0
471 0.0
472 191.0
473 203.0
474 191.0
475 252.0
476 251.0
477 191.0
478 252.0
479 251.0
480 251.0
481 251.0
482 84.0
483 203.0
484 14.0
485 42.0
486 203.0
487 103.0
488 145.0
489 203.0
490 203.0
491 169.0
492 203.0
493 203.0
494 25.0
495 315.0
496 33.0
497 203.0
498 10.0
499 246.0
500 203.0
501 251.0
502 251.0
503 179.0
504 104.0
505 204.0
506 25.0
507 315.0
508 315.0
509 315.0
510 315.0
511 347.0
512 60.0
513 87.0
514 0.0
515 251.0
516 121.0
517 0.0
518 136.0
519 158.0
520 251.0
521 204.0
522 180.0
523 222.0
524 191.0
525 111.0
526 251.0
527 252.0
528 252.0
529 203.0
530 115.0
531 203.0
532 251.0
533 251.0
534 175.0
535 152.0
536 146.0
537 251.0
538 251.0
539 251.0
540 251.0
541 203.0
542 0.0
543 180.0
544 2.0
545 121.0
546 60.0
547 49.0
548 203.0
549 251.0
550 203.0
551 203.0
552 251.0
553 239.0
554 160.0
555 86.0
556 251.0
557 0.0
558 251.0
559 315.0
560 251.0
561 347.0
562 315.0
563 38.0
564 38.0
565 33.0
566 247.0
567 203.0
568 32.0
569 110.0
570 158.0
571 251.0
572 109.0
573 120.0
574 217.0
575 142.0
576 203.0
577 252.0
578 252.0
579 252.0
580 252.0
581 252.0
582 251.0
583 202.0
584 251.0
585 180.0
586 169.0
587 150.0
588 251.0
589 203.0
590 203.0
591 159.0
592 251.0
593 0.0
594 180.0
595 25.0
596 158.0
597 315.0
598 204.0
599 203.0
600 203.0
601 203.0
602 251.0
603 251.0
604 203.0
605 31.0
606 251.0
607 251.0
608 81.0
609 251.0
610 315.0
611 315.0
612 347.0
613 28.0
614 38.0
615 38.0
616 203.0
617 251.0
618 203.0
619 203.0
620 161.0
621 203.0
622 251.0
623 120.0
624 0.0
625 199.0
626 185.0
627 203.0
628 252.0
629 251.0
630 35.0
631 251.0
632 171.0
633 252.0
634 251.0
635 146.0
636 251.0
637 197.0
638 39.0
639 203.0
640 103.0
641 251.0
642 38.0
643 165.0
644 229.0
645 203.0
646 20.0
647 38.0
648 311.0
649 45.0
650 38.0
651 23.0
652 203.0
653 66.0
654 169.0
655 169.0
656 251.0
657 315.0
658 251.0
659 169.0
660 347.0
661 315.0
662 251.0
663 347.0
664 315.0
665 60.0
666 33.0
667 276.0
668 251.0
669 169.0
670 49.0
671 32.0
672 104.0
673 207.0
674 236.0
675 34.0
676 222.0
677 187.0
678 186.0
679 251.0
680 252.0
681 251.0
682 203.0
683 33.0
684 26.0
685 0.0
686 251.0
687 67.0
688 164.0
689 165.0
690 203.0
691 103.0
692 0.0
693 170.0
694 203.0
695 203.0
696 169.0
697 143.0
698 118.0
699 315.0
700 60.0
701 203.0
702 203.0
703 246.0
704 203.0
705 169.0
706 203.0
707 251.0
708 251.0
709 203.0
710 0.0
711 203.0
712 1003.0
713 315.0
714 1003.0
715 315.0
716 49.0
717 0.0
718 276.0
719 315.0
720 245.0
721 158.0
722 73.0
723 142.0
724 251.0
725 236.0
726 192.0
727 217.0
728 0.0
729 186.0
730 251.0
731 252.0
732 251.0
733 203.0
734 110.0
735 0.0
736 203.0
737 251.0
738 67.0
739 158.0
740 0.0
741 251.0
742 230.0
743 251.0
744 198.0
745 203.0
746 180.0
747 220.0
748 14.0
749 158.0
750 60.0
751 203.0
752 203.0
753 203.0
754 251.0
755 203.0
756 251.0
757 251.0
758 251.0
759 315.0
760 315.0
761 0.0
762 251.0
763 315.0
764 251.0
765 1003.0
766 347.0
767 32.0
768 59.0
769 0.0
770 229.0
771 204.0
772 203.0
773 139.0
774 203.0
775 251.0
776 203.0
777 203.0
778 191.0
779 180.0
780 203.0
781 31.0
782 251.0
783 35.0
784 204.0
785 171.0
786 252.0
787 251.0
788 251.0
789 251.0
790 190.0
791 203.0
792 251.0
793 203.0
794 252.0
795 192.0
796 152.0
797 165.0
798 229.0
799 184.0
800 38.0
801 311.0
802 251.0
803 203.0
804 203.0
805 50.0
806 66.0
807 169.0
808 251.0
809 315.0
810 251.0
811 203.0
812 152.0
813 251.0
814 315.0
815 251.0
816 1003.0
817 28.0
818 60.0
819 1.0
820 276.0
821 251.0
822 203.0
823 203.0
824 158.0
825 110.0
826 212.0
827 212.0
828 191.0
829 191.0
830 186.0
831 252.0
832 252.0
833 252.0
834 105.0
835 0.0
836 0.0
837 252.0
838 18.0
839 180.0
840 99.0
841 170.0
842 132.0
843 251.0
844 144.0
845 203.0
846 177.0
847 161.0
848 180.0
849 175.0
850 202.0
851 163.0
852 251.0
853 45.0
854 204.0
855 203.0
856 203.0
857 251.0
858 169.0
859 315.0
860 203.0
861 251.0
862 203.0
863 0.0
864 251.0
865 1003.0
866 315.0
867 1003.0
868 142.0
869 49.0
870 12.0
871 53.0
872 251.0
873 105.0
874 32.0
875 136.0
876 212.0
877 251.0
878 236.0
879 196.0
880 203.0
881 186.0
882 37.0
883 252.0
884 252.0
885 251.0
886 252.0
887 183.0
888 40.0
889 251.0
890 180.0
891 125.0
892 6.0
893 197.0
894 251.0
895 251.0
896 203.0
897 202.0
898 171.0
899 0.0
900 186.0
901 169.0
902 163.0
903 251.0
904 203.0
905 204.0
906 251.0
907 246.0
908 203.0
909 315.0
910 315.0
911 251.0
912 251.0
913 251.0
914 158.0
915 347.0
916 347.0
917 315.0
918 1003.0
919 315.0
920 169.0
921 0.0
922 38.0
923 229.0
924 251.0
925 104.0
926 0.0
927 136.0
928 212.0
929 251.0
930 202.0
931 191.0
932 180.0
933 203.0
934 251.0
935 251.0
936 251.0
937 204.0
938 171.0
939 49.0
940 190.0
941 251.0
942 251.0
943 204.0
944 170.0
945 251.0
946 203.0
947 251.0
948 197.0
949 183.0
950 174.0
951 220.0
952 188.0
953 49.0
954 315.0
955 203.0
956 204.0
957 223.0
958 203.0
959 315.0
960 315.0
961 203.0
962 315.0
963 251.0
964 204.0
965 96.0
966 315.0
967 1003.0
968 251.0
969 1003.0
970 347.0
971 32.0
972 1.0
973 276.0
974 229.0
975 204.0
976 203.0
977 130.0
978 110.0
979 212.0
980 207.0
981 203.0
982 191.0
983 66.0
984 203.0
985 315.0
986 252.0
987 169.0
988 203.0
989 171.0
990 54.0
991 59.0
992 251.0
993 99.0
994 0.0
995 251.0
996 251.0
997 251.0
998 251.0
999 45.0
1000 251.0
1001 180.0
1002 186.0
1003 153.0
1004 169.0
1005 315.0
1006 203.0
1007 203.0
1008 251.0
1009 315.0
1010 315.0
1011 315.0
1012 203.0
1013 61.0
1014 315.0
1015 251.0
1016 124.0
1017 1003.0
1018 1003.0
1019 251.0
1020 1003.0
1021 28.0
1022 49.0
1023 0.0
1024 33.0
1025 315.0
1026 105.0
1027 32.0
1028 158.0
1029 110.0
1030 251.0
1031 251.0
1032 33.0
1033 203.0
1034 116.0
1035 158.0
1036 0.0
1037 252.0
1038 251.0
1039 0.0
1040 251.0
1041 252.0
1042 176.0
1043 251.0
1044 136.0
1045 196.0
1046 225.0
1047 251.0
1048 251.0
1049 203.0
1050 45.0
1051 30.0
1052 191.0
1053 158.0
1054 230.0
1055 163.0
1056 315.0
1057 37.0
1058 204.0
1059 315.0
1060 251.0
1061 315.0
1062 203.0
1063 315.0
1064 315.0
1065 315.0
1066 251.0
1067 0.0
1068 1003.0
1069 315.0
1070 251.0
1071 1003.0
1072 75.0
1073 49.0
1074 67.0
1075 146.0
1076 315.0
1077 104.0
1078 203.0
1079 160.0
1080 175.0
1081 251.0
1082 236.0
1083 186.0
1084 203.0
1085 126.0
1086 186.0
1087 185.0
1088 203.0
1089 99.0
1090 252.0
1091 173.0
1092 252.0
1093 251.0
1094 251.0
1095 67.0
1096 204.0
1097 251.0
1098 251.0
1099 203.0
1100 203.0
1101 158.0
1102 157.0
1103 25.0
1104 203.0
1105 174.0
1106 315.0
1107 315.0
1108 203.0
1109 251.0
1110 315.0
1111 203.0
1112 251.0
1113 315.0
1114 315.0
1115 251.0
1116 251.0
1117 203.0
1118 203.0
1119 1003.0
1120 347.0
1121 251.0
1122 1003.0
1123 347.0
1124 251.0
1125 33.0
1126 38.0
1127 251.0
1128 158.0
1129 203.0
1130 169.0
1131 251.0
1132 212.0
1133 251.0
1134 186.0
1135 110.0
1136 203.0
1137 39.0
1138 123.0
1139 203.0
1140 4.0
1141 203.0
1142 166.0
1143 252.0
1144 0.0
1145 251.0
1146 99.0
1147 204.0
1148 203.0
1149 251.0
1150 203.0
1151 251.0
1152 152.0
1153 251.0
1154 169.0
1155 175.0
1156 246.0
1157 60.0
1158 315.0
1159 204.0
1160 203.0
1161 251.0
1162 251.0
1163 315.0
1164 315.0
1165 315.0
1166 252.0
1167 315.0
1168 203.0
1169 0.0
1170 315.0
1171 1003.0
1172 315.0
1173 1003.0
1174 315.0
1175 38.0
1176 26.0
1177 33.0
1178 99.0
1179 251.0
1180 38.0
1181 188.0
1182 110.0
1183 251.0
1184 251.0
1185 38.0
1186 203.0
1187 191.0
1188 203.0
1189 163.0
1190 251.0
1191 251.0
1192 204.0
1193 251.0
1194 40.0
1195 251.0
1196 251.0
1197 99.0
1198 121.0
1199 203.0
1200 251.0
1201 251.0
1202 203.0
1203 45.0
1204 191.0
1205 165.0
1206 196.0
1207 203.0
1208 203.0
1209 315.0
1210 37.0
1211 251.0
1212 251.0
1213 251.0
1214 315.0
1215 315.0
1216 315.0
1217 251.0
1218 251.0
1219 315.0
1220 97.0
1221 1003.0
1222 1003.0
1223 251.0
1224 1003.0
1225 132.0
1226 71.0
1227 33.0
1228 66.0
1229 229.0
1230 203.0
1231 160.0
1232 169.0
1233 175.0
1234 251.0
1235 236.0
1236 0.0
1237 203.0
1238 236.0
1239 175.0
1240 169.0
1241 204.0
1242 251.0
1243 56.0
1244 171.0
1245 44.0
1246 203.0
1247 251.0
1248 67.0
1249 203.0
1250 0.0
1251 251.0
1252 53.0
1253 203.0
1254 45.0
1255 180.0
1256 77.0
1257 185.0
1258 203.0
1259 251.0
1260 315.0
1261 33.0
1262 203.0
1263 251.0
1264 251.0
1265 203.0
1266 315.0
1267 315.0
1268 251.0
1269 315.0
1270 203.0
1271 104.0
1272 1003.0
1273 315.0
1274 251.0
1275 1003.0
1276 347.0
1277 115.0
1278 98.0
1279 0.0
1280 203.0
1281 30.0
1282 203.0
1283 153.0
1284 136.0
1285 212.0
1286 251.0
1287 186.0
1288 191.0
1289 121.0
1290 55.0
1291 127.0
1292 251.0
1293 251.0
1294 0.0
1295 252.0
1296 236.0
1297 251.0
1298 251.0
1299 67.0
1300 204.0
1301 200.0
1302 251.0
1303 251.0
1304 251.0
1305 192.0
1306 251.0
1307 229.0
1308 203.0
1309 203.0
1310 203.0
1311 315.0
1312 204.0
1313 203.0
1314 315.0
1315 264.0
1316 315.0
1317 315.0
1318 315.0
1319 315.0
1320 251.0
1321 125.0
1322 147.0
1323 315.0
1324 1003.0
1325 251.0
1326 1003.0
1327 315.0
1328 38.0
1329 225.0
1330 33.0
1331 229.0
1332 199.0
1333 203.0
1334 133.0
1335 110.0
1336 251.0
1337 236.0
1338 186.0
1339 236.0
1340 126.0
1341 180.0
1342 315.0
1343 204.0
1344 29.0
1345 203.0
1346 203.0
1347 252.0
1348 251.0
1349 251.0
1350 180.0
1351 50.0
1352 251.0
1353 251.0
1354 203.0
1355 203.0
1356 162.0
1357 251.0
1358 251.0
1359 177.0
1360 115.0
1361 251.0
1362 315.0
1363 203.0
1364 315.0
1365 203.0
1366 203.0
1367 315.0
1368 315.0
1369 315.0
1370 315.0
1371 315.0
1372 104.0
1373 138.0
1374 1003.0
1375 315.0
1376 251.0
1377 1003.0
1378 347.0
1379 203.0
1380 0.0
1381 33.0
1382 247.0
1383 251.0
1384 158.0
1385 169.0
1386 120.0
1387 251.0
1388 212.0
1389 38.0
1390 217.0
1391 251.0
1392 0.0
1393 163.0
1394 251.0
1395 105.0
1396 204.0
1397 171.0
1398 29.0
1399 251.0
1400 251.0
1401 251.0
1402 61.0
1403 239.0
1404 251.0
1405 204.0
1406 203.0
1407 45.0
1408 251.0
1409 0.0
1410 164.0
1411 169.0
1412 315.0
1413 315.0
1414 203.0
1415 315.0
1416 269.0
1417 315.0
1418 203.0
1419 203.0
1420 251.0
1421 315.0
1422 251.0
1423 203.0
1424 0.0
1425 1003.0
1426 315.0
1427 251.0
1428 1003.0
1429 251.0
1430 60.0
1431 0.0
1432 66.0
1433 251.0
1434 251.0
1435 203.0
1436 184.0
1437 136.0
1438 212.0
1439 236.0
1440 186.0
1441 203.0
1442 251.0
1443 252.0
1444 127.0
1445 252.0
1446 251.0
1447 185.0
1448 166.0
1449 40.0
1450 252.0
1451 180.0
1452 61.0
1453 204.0
1454 203.0
1455 251.0
1456 38.0
1457 203.0
1458 144.0
1459 251.0
1460 164.0
1461 197.0
1462 98.0
1463 315.0
1464 315.0
1465 315.0
1466 315.0
1467 251.0
1468 315.0
1469 203.0
1470 251.0
1471 315.0
1472 251.0
1473 251.0
1474 315.0
1475 0.0
1476 1003.0
1477 251.0
1478 251.0
1479 1003.0
1480 347.0
1481 38.0
1482 241.0
1483 33.0
1484 251.0
1485 251.0
1486 38.0
1487 161.0
1488 147.0
1489 251.0
1490 236.0
1491 186.0
1492 99.0
1493 105.0
1494 203.0
1495 122.0
1496 34.0
1497 251.0
1498 252.0
1499 251.0
1500 252.0
1501 203.0
1502 251.0
1503 251.0
1504 251.0
1505 200.0
1506 251.0
1507 251.0
1508 203.0
1509 175.0
1510 251.0
1511 143.0
1512 177.0
1513 203.0
1514 223.0
1515 315.0
1516 315.0
1517 251.0
1518 315.0
1519 203.0
1520 315.0
1521 315.0
1522 315.0
1523 315.0
1524 251.0
1525 251.0
1526 131.0
1527 315.0
1528 1003.0
1529 315.0
1530 1003.0
1531 347.0
1532 49.0
1533 90.0
1534 33.0
1535 245.0
1536 251.0
1537 203.0
1538 169.0
1539 110.0
1540 251.0
1541 236.0
1542 38.0
1543 191.0
1544 252.0
1545 315.0
1546 30.0
1547 251.0
1548 28.0
1549 203.0
1550 171.0
1551 251.0
1552 203.0
1553 251.0
1554 251.0
1555 204.0
1556 239.0
1557 251.0
1558 203.0
1559 203.0
1560 45.0
1561 171.0
1562 191.0
1563 204.0
1564 207.0
1565 203.0
1566 315.0
1567 103.0
1568 315.0
1569 269.0
1570 203.0
1571 203.0
1572 315.0
1573 203.0
1574 315.0
1575 315.0
1576 315.0
1577 79.0
1578 1003.0
1579 315.0
1580 315.0
1581 1003.0
1582 251.0
1583 71.0
1584 0.0
1585 33.0
1586 245.0
1587 203.0
1588 45.0
1589 167.0
1590 110.0
1591 251.0
1592 212.0
1593 0.0
1594 133.0
1595 198.0
1596 0.0
1597 251.0
1598 252.0
1599 0.0
1600 0.0
1601 171.0
1602 54.0
1603 252.0
1604 251.0
1605 67.0
1606 251.0
1607 251.0
1608 251.0
1609 103.0
1610 252.0
1611 45.0
1612 251.0
1613 203.0
1614 229.0
1615 251.0
1616 223.0
1617 315.0
1618 203.0
1619 315.0
1620 315.0
1621 315.0
1622 315.0
1623 203.0
1624 315.0
1625 315.0
1626 315.0
1627 315.0
1628 0.0
1629 1003.0
1630 251.0
1631 251.0
1632 1003.0
1633 315.0
1634 191.0
1635 31.0
1636 70.0
1637 251.0
1638 0.0
1639 38.0
1640 161.0
1641 136.0
1642 212.0
1643 203.0
1644 186.0
1645 203.0
1646 202.0
1647 203.0
1648 251.0
1649 252.0
1650 251.0
1651 252.0
1652 171.0
1653 251.0
1654 203.0
1655 251.0
1656 67.0
1657 204.0
1658 200.0
1659 251.0
1660 103.0
1661 203.0
1662 74.0
1663 203.0
1664 203.0
1665 174.0
1666 204.0
1667 223.0
1668 315.0
1669 315.0
1670 203.0
1671 203.0
1672 315.0
1673 315.0
1674 169.0
1675 315.0
1676 251.0
1677 251.0
1678 251.0
1679 203.0
1680 1003.0
1681 251.0
1682 315.0
1683 1003.0
1684 347.0
1685 116.0
1686 241.0
1687 276.0
1688 251.0
1689 315.0
1690 160.0
1691 169.0
1692 136.0
1693 251.0
1694 236.0
1695 38.0
1696 174.0
1697 204.0
1698 202.0
1699 251.0
1700 251.0
1701 203.0
1702 204.0
1703 198.0
1704 252.0
1705 63.0
1706 218.0
1707 251.0
1708 204.0
1709 251.0
1710 251.0
1711 191.0
1712 203.0
1713 83.0
1714 251.0
1715 180.0
1716 203.0
1717 207.0
1718 315.0
1719 315.0
1720 315.0
1721 251.0
1722 203.0
1723 203.0
1724 315.0
1725 315.0
1726 315.0
1727 315.0
1728 315.0
1729 315.0
1730 121.0
1731 1003.0
1732 315.0
1733 315.0
1734 1003.0
1735 347.0
1736 77.0
1737 137.0
1738 33.0
1739 251.0
1740 37.0
1741 203.0
1742 184.0
1743 62.0
1744 251.0
1745 236.0
1746 38.0
1747 231.0
1748 203.0
1749 0.0
1750 169.0
1751 0.0
1752 203.0
1753 252.0
1754 251.0
1755 40.0
1756 251.0
1757 175.0
1758 121.0
1759 252.0
1760 251.0
1761 251.0
1762 32.0
1763 203.0
1764 20.0
1765 171.0
1766 203.0
1767 203.0
1768 251.0
1769 203.0
1770 315.0
1771 315.0
1772 203.0
1773 315.0
1774 315.0
1775 203.0
1776 315.0
1777 203.0
1778 315.0
1779 251.0
1780 203.0
1781 204.0
1782 1003.0
1783 1003.0
1784 1003.0
1785 1003.0
1786 251.0
1787 203.0
1788 25.0
1789 0.0
1790 245.0
1791 192.0
1792 88.0
1793 142.0
1794 136.0
1795 251.0
1796 212.0
1797 186.0
1798 252.0
1799 203.0
1800 203.0
1801 251.0
1802 252.0
1803 252.0
1804 0.0
1805 171.0
1806 251.0
1807 251.0
1808 251.0
1809 190.0
1810 251.0
1811 251.0
1812 251.0
1813 38.0
1814 203.0
1815 203.0
1816 251.0
1817 180.0
1818 203.0
1819 160.0
1820 315.0
1821 315.0
1822 252.0
1823 203.0
1824 203.0
1825 315.0
1826 315.0
1827 315.0
1828 203.0
1829 315.0
1830 75.0
1831 315.0
1832 0.0
1833 1003.0
1834 1003.0
1835 251.0
1836 1003.0
1837 315.0
1838 142.0
1839 143.0
1840 0.0
1841 251.0
1842 203.0
1843 32.0
1844 139.0
1845 152.0
1846 251.0
1847 212.0
1848 38.0
1849 251.0
1850 203.0
1851 203.0
1852 251.0
1853 252.0
1854 203.0
1855 0.0
1856 252.0
1857 252.0
1858 203.0
1859 180.0
1860 67.0
1861 251.0
1862 114.0
1863 251.0
1864 38.0
1865 252.0
1866 84.0
1867 251.0
1868 203.0
1869 251.0
1870 202.0
1871 203.0
1872 315.0
1873 315.0
1874 315.0
1875 190.0
1876 315.0
1877 315.0
1878 315.0
1879 315.0
1880 251.0
1881 251.0
1882 315.0
1883 0.0
1884 1003.0
1885 1003.0
1886 315.0
1887 1003.0
1888 315.0
1889 0.0
1890 98.0
1891 70.0
1892 315.0
1893 88.0
1894 32.0
1895 0.0
1896 0.0
1897 251.0
1898 236.0
1899 252.0
1900 191.0
1901 251.0
1902 0.0
1903 251.0
1904 185.0
1905 203.0
1906 252.0
1907 32.0
1908 18.0
1909 252.0
1910 175.0
1911 64.0
1912 251.0
1913 204.0
1914 251.0
1915 33.0
1916 203.0
1917 16.0
1918 251.0
1919 207.0
1920 235.0
1921 191.0
1922 316.0
1923 315.0
1924 315.0
1925 204.0
1926 315.0
1927 315.0
1928 315.0
1929 315.0
1930 203.0
1931 251.0
1932 251.0
1933 315.0
1934 0.0
1935 1003.0
1936 1003.0
1937 315.0
1938 1003.0
1939 134.0
1940 203.0
1941 93.0
1942 0.0
1943 251.0
1944 37.0
1945 203.0
1946 161.0
1947 44.0
1948 251.0
1949 204.0
1950 44.0
1951 186.0
1952 0.0
1953 203.0
1954 158.0
1955 315.0
1956 252.0
1957 56.0
1958 171.0
1959 40.0
1960 252.0
1961 0.0
1962 67.0
1963 203.0
1964 251.0
1965 251.0
1966 32.0
1967 203.0
1968 203.0
1969 251.0
1970 163.0
1971 202.0
1972 202.0
1973 315.0
1974 315.0
1975 315.0
1976 251.0
1977 203.0
1978 315.0
1979 315.0
1980 315.0
1981 315.0
1982 251.0
1983 251.0
1984 315.0
1985 142.0
1986 1003.0
1987 1003.0
1988 1003.0
1989 1003.0
1990 1003.0
1991 251.0
1992 33.0
1993 0.0
1994 251.0
1995 29.0
1996 32.0
1997 234.0
1998 151.0
1999 251.0
2000 169.0
2001 196.0
2002 252.0
2003 203.0
2004 0.0
2005 251.0
2006 315.0
2007 251.0
2008 56.0
2009 171.0
2010 236.0
2011 252.0
2012 189.0
2013 44.0
2014 204.0
2015 187.0
2016 251.0
2017 32.0
2018 203.0
2019 231.0
2020 251.0
2021 203.0
2022 203.0
2023 164.0
2024 251.0
2025 203.0
2026 315.0
2027 315.0
2028 190.0
2029 315.0
2030 315.0
2031 315.0
2032 315.0
2033 251.0
2034 251.0
2035 315.0
2036 203.0
2037 1003.0
2038 1003.0
2039 1003.0
2040 1003.0
2041 138.0
2042 33.0
2043 33.0
2044 66.0
2045 251.0
2046 251.0
2047 32.0
2048 0.0
2049 154.0
2050 212.0
2051 251.0
2052 38.0
2053 180.0
2054 203.0
2055 0.0
2056 252.0
2057 315.0
2058 203.0
2059 203.0
2060 252.0
2061 252.0
2062 203.0
2063 49.0
2064 60.0
2065 203.0
2066 251.0
2067 251.0
2068 32.0
2069 251.0
2070 200.0
2071 251.0
2072 207.0
2073 188.0
2074 203.0
2075 225.0
2076 251.0
2077 315.0
2078 315.0
2079 315.0
2080 315.0
2081 315.0
2082 315.0
2083 203.0
2084 251.0
2085 251.0
2086 315.0
2087 0.0
2088 1003.0
2089 1003.0
2090 1003.0
2091 1003.0
2092 251.0
2093 315.0
2094 33.0
2095 0.0
2096 315.0
2097 30.0
2098 203.0
2099 55.0
2100 44.0
2101 251.0
2102 169.0
2103 252.0
2104 180.0
2105 202.0
2106 252.0
2107 0.0
2108 251.0
2109 203.0
2110 204.0
2111 252.0
2112 29.0
2113 203.0
2114 251.0
2115 251.0
2116 251.0
2117 251.0
2118 251.0
2119 93.0
2120 203.0
2121 198.0
2122 251.0
2123 205.0
2124 202.0
2125 167.0
2126 225.0
2127 315.0
2128 315.0
2129 204.0
2130 315.0
2131 315.0
2132 315.0
2133 203.0
2134 203.0
2135 315.0
2136 315.0
2137 315.0
2138 204.0
2139 1003.0
2140 1003.0
2141 1003.0
2142 1003.0
2143 315.0
2144 251.0
2145 39.0
2146 0.0
2147 245.0
2148 33.0
2149 32.0
2150 136.0
2151 136.0
2152 212.0
2153 202.0
2154 180.0
2155 251.0
2156 203.0
2157 252.0
2158 251.0
2159 315.0
2160 203.0
2161 73.0
2162 252.0
2163 251.0
2164 251.0
2165 32.0
2166 59.0
2167 251.0
2168 203.0
2169 251.0
2170 32.0
2171 203.0
2172 23.0
2173 251.0
2174 186.0
2175 203.0
2176 167.0
2177 315.0
2178 251.0
2179 315.0
2180 203.0
2181 315.0
2182 315.0
2183 315.0
2184 315.0
2185 315.0
2186 315.0
2187 251.0
2188 315.0
2189 79.0
2190 1003.0
2191 1003.0
2192 1003.0
2193 1003.0
2194 347.0
2195 251.0
2196 114.0
2197 33.0
2198 315.0
2199 30.0
2200 38.0
2201 157.0
2202 153.0
2203 212.0
2204 109.0
2205 196.0
2206 252.0
2207 252.0
2208 0.0
2209 252.0
2210 185.0
2211 251.0
2212 73.0
2213 171.0
2214 251.0
2215 252.0
2216 84.0
2217 173.0
2218 251.0
2219 194.0
2220 251.0
2221 0.0
2222 252.0
2223 185.0
2224 251.0
2225 207.0
2226 203.0
2227 203.0
2228 223.0
2229 203.0
2230 251.0
2231 203.0
2232 202.0
2233 315.0
2234 315.0
2235 315.0
2236 315.0
2237 251.0
2238 251.0
2239 315.0
2240 79.0
2241 1003.0
2242 1003.0
2243 1003.0
2244 1003.0
2245 176.0
2246 38.0
2247 33.0
2248 0.0
2249 251.0
2250 37.0
2251 203.0
2252 203.0
2253 110.0
2254 251.0
2255 120.0
2256 38.0
2257 105.0
2258 203.0
2259 252.0
2260 34.0
2261 251.0
2262 252.0
2263 204.0
2264 251.0
2265 29.0
2266 251.0
2267 252.0
2268 203.0
2269 251.0
2270 251.0
2271 251.0
2272 38.0
2273 203.0
2274 185.0
2275 251.0
2276 180.0
2277 251.0
2278 251.0
2279 223.0
2280 311.0
2281 315.0
2282 315.0
2283 315.0
2284 315.0
2285 315.0
2286 315.0
2287 315.0
2288 251.0
2289 251.0
2290 315.0
2291 203.0
2292 1003.0
2293 1003.0
2294 523.0
2295 1003.0
2296 25.0
2297 38.0
2298 104.0
2299 69.0
2300 245.0
2301 30.0
2302 191.0
2303 0.0
2304 109.0
2305 251.0
2306 249.0
2307 180.0
2308 132.0
2309 203.0
2310 203.0
2311 251.0
2312 251.0
2313 30.0
2314 315.0
2315 251.0
2316 252.0
2317 252.0
2318 203.0
2319 160.0
2320 251.0
2321 252.0
2322 251.0
2323 158.0
2324 203.0
2325 23.0
2326 251.0
2327 203.0
2328 203.0
2329 169.0
2330 315.0
2331 311.0
2332 315.0
2333 203.0
2334 315.0
2335 315.0
2336 315.0
2337 315.0
2338 203.0
2339 347.0
2340 251.0
2341 315.0
2342 0.0
2343 1003.0
2344 1003.0
2345 1003.0
2346 1003.0
2347 315.0
2348 203.0
2349 39.0
2350 0.0
2351 229.0
2352 34.0
2353 105.0
2354 157.0
2355 158.0
2356 212.0
2357 242.0
2358 196.0
2359 132.0
2360 252.0
2361 203.0
2362 315.0
2363 163.0
2364 149.0
2365 56.0
2366 204.0
2367 251.0
2368 252.0
2369 203.0
2370 203.0
2371 251.0
2372 251.0
2373 203.0
2374 38.0
2375 203.0
2376 151.0
2377 251.0
2378 224.0
2379 188.0
2380 251.0
2381 60.0
2382 315.0
2383 203.0
2384 203.0
2385 315.0
2386 315.0
2387 315.0
2388 315.0
2389 203.0
2390 315.0
2391 251.0
2392 315.0
2393 168.0
2394 1003.0
2395 1003.0
2396 1003.0
2397 1003.0
2398 251.0
2399 315.0
2400 33.0
2401 0.0
2402 251.0
2403 37.0
2404 110.0
2405 119.0
2406 175.0
2407 212.0
2408 109.0
2409 38.0
2410 222.0
2411 203.0
2412 0.0
2413 30.0
2414 315.0
2415 204.0
2416 203.0
2417 62.0
2418 251.0
2419 252.0
2420 169.0
2421 114.0
2422 251.0
2423 251.0
2424 204.0
2425 33.0
2426 252.0
2427 117.0
2428 251.0
2429 207.0
2430 167.0
2431 251.0
2432 236.0
2433 231.0
2434 203.0
2435 251.0
2436 203.0
2437 315.0
2438 315.0
2439 203.0
2440 315.0
2441 203.0
2442 251.0
2443 315.0
2444 174.0
2445 1003.0
2446 1003.0
2447 1003.0
2448 1003.0
2449 0.0
2450 163.0
2451 33.0
2452 70.0
2453 251.0
2454 37.0
2455 203.0
2456 0.0
2457 32.0
2458 251.0
2459 146.0
2460 44.0
2461 186.0
2462 203.0
2463 203.0
2464 203.0
2465 180.0
2466 251.0
2467 252.0
2468 203.0
2469 29.0
2470 252.0
2471 251.0
2472 154.0
2473 251.0
2474 251.0
2475 120.0
2476 32.0
2477 252.0
2478 151.0
2479 251.0
2480 203.0
2481 174.0
2482 158.0
2483 204.0
2484 251.0
2485 251.0
2486 203.0
2487 251.0
2488 315.0
2489 315.0
2490 315.0
2491 315.0
2492 252.0
2493 251.0
2494 315.0
2495 104.0
2496 1003.0
2497 1003.0
2498 1003.0
2499 1003.0
2500 0.0
2501 251.0
2502 175.0
2503 33.0
2504 245.0
2505 93.0
2506 203.0
2507 30.0
2508 152.0
2509 251.0
2510 146.0
2511 38.0
2512 222.0
2513 203.0
2514 203.0
2515 127.0
2516 169.0
2517 29.0
2518 185.0
2519 251.0
2520 252.0
2521 252.0
2522 203.0
2523 161.0
2524 251.0
2525 252.0
2526 239.0
2527 158.0
2528 252.0
2529 151.0
2530 251.0
2531 203.0
2532 188.0
2533 218.0
2534 315.0
2535 61.0
2536 315.0
2537 83.0
2538 315.0
2539 315.0
2540 315.0
2541 315.0
2542 315.0
2543 203.0
2544 251.0
2545 315.0
2546 158.0
2547 1003.0
2548 1003.0
2549 1003.0
2550 1003.0
2551 315.0
2552 251.0
2553 33.0
2554 33.0
2555 315.0
2556 33.0
2557 0.0
2558 119.0
2559 110.0
2560 212.0
2561 203.0
2562 38.0
2563 126.0
2564 203.0
2565 0.0
2566 251.0
2567 123.0
2568 203.0
2569 204.0
2570 252.0
2571 29.0
2572 252.0
2573 251.0
2574 251.0
2575 252.0
2576 252.0
2577 239.0
2578 38.0
2579 251.0
2580 117.0
2581 251.0
2582 203.0
2583 203.0
2584 251.0
2585 315.0
2586 43.0
2587 203.0
2588 203.0
2589 315.0
2590 315.0
2591 315.0
2592 203.0
2593 251.0
2594 251.0
2595 315.0
2596 315.0
2597 141.0
2598 1003.0
2599 1003.0
2600 1003.0
2601 1003.0
2602 134.0
2603 251.0
2604 33.0
2605 76.0
2606 251.0
2607 315.0
2608 203.0
2609 157.0
2610 33.0
2611 251.0
2612 202.0
2613 44.0
2614 222.0
2615 203.0
2616 0.0
2617 0.0
2618 158.0
2619 236.0
2620 203.0
2621 46.0
2622 18.0
2623 252.0
2624 252.0
2625 159.0
2626 251.0
2627 251.0
2628 203.0
2629 33.0
2630 252.0
2631 151.0
2632 251.0
2633 180.0
2634 168.0
2635 251.0
2636 163.0
2637 163.0
2638 203.0
2639 203.0
2640 203.0
2641 315.0
2642 315.0
2643 315.0
2644 315.0
2645 203.0
2646 76.0
2647 315.0
2648 315.0
2649 1003.0
2650 1003.0
2651 1003.0
2652 1003.0
2653 45.0
2654 38.0
2655 164.0
2656 33.0
2657 315.0
2658 37.0
2659 0.0
2660 55.0
2661 152.0
2662 251.0
2663 186.0
2664 44.0
2665 222.0
2666 252.0
2667 192.0
2668 31.0
2669 30.0
2670 251.0
2671 181.0
2672 252.0
2673 251.0
2674 252.0
2675 251.0
2676 159.0
2677 251.0
2678 252.0
2679 203.0
2680 38.0
2681 252.0
2682 149.0
2683 251.0
2684 202.0
2685 168.0
2686 185.0
2687 315.0
2688 203.0
2689 251.0
2690 83.0
2691 315.0
2692 315.0
2693 315.0
2694 315.0
2695 315.0
2696 81.0
2697 203.0
2698 315.0
2699 0.0
2700 1003.0
2701 1003.0
2702 1003.0
2703 1003.0
2704 134.0
2705 251.0
2706 33.0
2707 33.0
2708 245.0
2709 315.0
2710 169.0
2711 0.0
2712 62.0
2713 251.0
2714 103.0
2715 38.0
2716 49.0
2717 203.0
2718 0.0
2719 127.0
2720 251.0
2721 252.0
2722 214.0
2723 252.0
2724 251.0
2725 252.0
2726 251.0
2727 251.0
2728 251.0
2729 252.0
2730 220.0
2731 32.0
2732 252.0
2733 151.0
2734 251.0
2735 203.0
2736 174.0
2737 203.0
2738 120.0
2739 49.0
2740 203.0
2741 203.0
2742 315.0
2743 315.0
2744 315.0
2745 203.0
2746 251.0
2747 251.0
2748 315.0
2749 315.0
2750 315.0
2751 1003.0
2752 1003.0
2753 1003.0
2754 1003.0
2755 347.0
2756 38.0
2757 98.0
2758 133.0
2759 245.0
2760 315.0
2761 203.0
2762 119.0
2763 110.0
2764 212.0
2765 203.0
2766 196.0
2767 251.0
2768 203.0
2769 0.0
2770 251.0
2771 186.0
2772 0.0
2773 203.0
2774 252.0
2775 29.0
2776 252.0
2777 251.0
2778 251.0
2779 251.0
2780 251.0
2781 204.0
2782 38.0
2783 252.0
2784 23.0
2785 251.0
2786 224.0
2787 164.0
2788 252.0
2789 251.0
2790 60.0
2791 203.0
2792 203.0
2793 251.0
2794 315.0
2795 315.0
2796 203.0
2797 251.0
2798 203.0
2799 203.0
2800 315.0
2801 132.0
2802 1003.0
2803 1003.0
2804 1003.0
2805 1003.0
2806 25.0
2807 163.0
2808 33.0
2809 0.0
2810 251.0
2811 88.0
2812 203.0
2813 109.0
2814 122.0
2815 251.0
2816 251.0
2817 44.0
2818 222.0
2819 203.0
2820 0.0
2821 158.0
2822 251.0
2823 48.0
2824 203.0
2825 252.0
2826 236.0
2827 252.0
2828 251.0
2829 159.0
2830 251.0
2831 251.0
2832 204.0
2833 38.0
2834 252.0
2835 151.0
2836 251.0
2837 207.0
2838 168.0
2839 176.0
2840 251.0
2841 163.0
2842 203.0
2843 83.0
2844 251.0
2845 315.0
2846 315.0
2847 315.0
2848 251.0
2849 50.0
2850 316.0
2851 315.0
2852 203.0
2853 1003.0
2854 1003.0
2855 1003.0
2856 1003.0
2857 203.0
2858 203.0
2859 72.0
2860 315.0
2861 251.0
2862 251.0
2863 203.0
2864 251.0
2865 153.0
2866 251.0
2867 109.0
2868 38.0
2869 49.0
2870 203.0
2871 203.0
2872 315.0
2873 0.0
2874 251.0
2875 185.0
2876 251.0
2877 251.0
2878 251.0
2879 203.0
2880 159.0
2881 251.0
2882 252.0
2883 203.0
2884 93.0
2885 252.0
2886 151.0
2887 251.0
2888 203.0
2889 164.0
2890 203.0
2891 203.0
2892 203.0
2893 251.0
2894 203.0
2895 315.0
2896 315.0
2897 315.0
2898 315.0
2899 315.0
2900 203.0
2901 316.0
2902 203.0
2903 104.0
2904 1003.0
2905 1003.0
2906 1003.0
2907 1003.0
2908 132.0
2909 38.0
2910 98.0
2911 53.0
2912 251.0
2913 315.0
2914 251.0
2915 109.0
2916 175.0
2917 251.0
2918 252.0
2919 38.0
2920 174.0
2921 252.0
2922 186.0
2923 252.0
2924 30.0
2925 251.0
2926 203.0
2927 251.0
2928 29.0
2929 252.0
2930 251.0
2931 251.0
2932 251.0
2933 252.0
2934 220.0
2935 33.0
2936 252.0
2937 151.0
2938 251.0
2939 203.0
2940 180.0
2941 202.0
2942 203.0
2943 61.0
2944 203.0
2945 203.0
2946 203.0
2947 315.0
2948 315.0
2949 315.0
2950 251.0
2951 251.0
2952 251.0
2953 315.0
2954 204.0
2955 1003.0
2956 1003.0
2957 1003.0
2958 1003.0
2959 43.0
2960 251.0
2961 33.0
2962 315.0
2963 251.0
2964 203.0
2965 160.0
2966 147.0
2967 110.0
2968 251.0
2969 191.0
2970 44.0
2971 252.0
2972 203.0
2973 0.0
2974 251.0
2975 251.0
2976 0.0
2977 204.0
2978 251.0
2979 251.0
2980 252.0
2981 251.0
2982 251.0
2983 251.0
2984 251.0
2985 224.0
2986 33.0
2987 252.0
2988 0.0
2989 251.0
2990 207.0
2991 180.0
2992 176.0
2993 236.0
2994 315.0
2995 315.0
2996 83.0
2997 251.0
2998 315.0
2999 315.0
3000 315.0
3001 315.0
3002 203.0
3003 315.0
3004 251.0
3005 315.0
3006 1003.0
3007 1003.0
3008 1003.0
3009 1003.0
3010 315.0
3011 251.0
3012 39.0
3013 0.0
3014 251.0
3015 195.0
3016 195.0
3017 115.0
3018 110.0
3019 174.0
3020 169.0
3021 44.0
3022 205.0
3023 203.0
3024 203.0
3025 163.0
3026 180.0
3027 34.0
3028 0.0
3029 251.0
3030 251.0
3031 252.0
3032 203.0
3033 203.0
3034 251.0
3035 251.0
3036 220.0
3037 32.0
3038 252.0
3039 151.0
3040 251.0
3041 203.0
3042 241.0
3043 252.0
3044 315.0
3045 203.0
3046 203.0
3047 203.0
3048 315.0
3049 315.0
3050 315.0
3051 315.0
3052 315.0
3053 203.0
3054 316.0
3055 315.0
3056 104.0
3057 1003.0
3058 1003.0
3059 1003.0
3060 1003.0
3061 143.0
3062 203.0
3063 98.0
3064 53.0
3065 245.0
3066 195.0
3067 251.0
3068 114.0
3069 136.0
3070 109.0
3071 180.0
3072 44.0
3073 252.0
3074 203.0
3075 203.0
3076 185.0
3077 30.0
3078 252.0
3079 185.0
3080 251.0
3081 40.0
3082 252.0
3083 252.0
3084 159.0
3085 251.0
3086 251.0
3087 204.0
3088 32.0
3089 252.0
3090 151.0
3091 251.0
3092 207.0
3093 177.0
3094 316.0
3095 315.0
3096 251.0
3097 203.0
3098 99.0
3099 315.0
3100 315.0
3101 315.0
3102 315.0
3103 251.0
3104 203.0
3105 203.0
3106 315.0
3107 251.0
3108 1003.0
3109 1003.0
3110 1003.0
3111 1003.0
3112 315.0
3113 459.0
3114 112.0
3115 204.0
3116 251.0
3117 203.0
3118 203.0
3119 109.0
3120 175.0
3121 249.0
3122 251.0
3123 44.0
3124 252.0
3125 114.0
3126 0.0
3127 180.0
3128 185.0
3129 61.0
3130 204.0
3131 252.0
3132 251.0
3133 252.0
3134 251.0
3135 160.0
3136 204.0
3137 252.0
3138 220.0
3139 38.0
3140 252.0
3141 117.0
3142 251.0
3143 207.0
3144 203.0
3145 203.0
3146 252.0
3147 311.0
3148 251.0
3149 203.0
3150 203.0
3151 315.0
3152 315.0
3153 315.0
3154 315.0
3155 203.0
3156 315.0
3157 203.0
3158 315.0
3159 1003.0
3160 1003.0
3161 1003.0
3162 1003.0
3163 0.0
3164 252.0
3165 2.0
3166 2.0
3167 315.0
3168 203.0
3169 203.0
3170 109.0
3171 110.0
3172 186.0
3173 169.0
3174 44.0
3175 222.0
3176 204.0
3177 195.0
3178 315.0
3179 127.0
3180 252.0
3181 190.0
3182 252.0
3183 251.0
3184 252.0
3185 203.0
3186 159.0
3187 251.0
3188 252.0
3189 203.0
3190 32.0
3191 252.0
3192 47.0
3193 251.0
3194 203.0
3195 169.0
3196 142.0
3197 203.0
3198 203.0
3199 251.0
3200 203.0
3201 203.0
3202 315.0
3203 315.0
3204 315.0
3205 251.0
3206 203.0
3207 251.0
3208 316.0
3209 315.0
3210 1003.0
3211 1003.0
3212 1003.0
3213 1003.0
3214 46.0
3215 315.0
3216 33.0
3217 133.0
3218 251.0
3219 315.0
3220 203.0
3221 110.0
3222 103.0
3223 203.0
3224 191.0
3225 44.0
3226 222.0
3227 203.0
3228 203.0
3229 315.0
3230 204.0
3231 251.0
3232 181.0
3233 204.0
3234 29.0
3235 252.0
3236 251.0
3237 159.0
3238 316.0
3239 251.0
3240 203.0
3241 197.0
3242 252.0
3243 117.0
3244 251.0
3245 251.0
3246 203.0
3247 116.0
3248 315.0
3249 316.0
3250 251.0
3251 203.0
3252 315.0
3253 315.0
3254 315.0
3255 315.0
3256 315.0
3257 203.0
3258 251.0
3259 315.0
3260 315.0
3261 1003.0
3262 1003.0
3263 1003.0
3264 1003.0
3265 25.0
3266 203.0
3267 33.0
3268 251.0
3269 251.0
3270 315.0
3271 160.0
3272 158.0
3273 136.0
3274 203.0
3275 251.0
3276 44.0
3277 252.0
3278 204.0
3279 0.0
3280 180.0
3281 169.0
3282 52.0
3283 203.0
3284 252.0
3285 252.0
3286 252.0
3287 251.0
3288 203.0
3289 204.0
3290 251.0
3291 251.0
3292 38.0
3293 252.0
3294 23.0
3295 251.0
3296 203.0
3297 196.0
3298 251.0
3299 231.0
3300 203.0
3301 203.0
3302 99.0
3303 315.0
3304 315.0
3305 315.0
3306 315.0
3307 315.0
3308 203.0
3309 315.0
3310 316.0
3311 315.0
3312 1003.0
3313 1003.0
3314 1003.0
3315 1003.0
3316 25.0
3317 251.0
3318 2.0
3319 0.0
3320 245.0
3321 315.0
3322 203.0
3323 109.0
3324 110.0
3325 186.0
3326 251.0
3327 44.0
3328 222.0
3329 315.0
3330 0.0
3331 251.0
3332 251.0
3333 61.0
3334 251.0
3335 252.0
3336 251.0
3337 252.0
3338 251.0
3339 159.0
3340 204.0
3341 204.0
3342 167.0
3343 251.0
3344 252.0
3345 85.0
3346 251.0
3347 230.0
3348 246.0
3349 203.0
3350 203.0
3351 316.0
3352 203.0
3353 99.0
3354 251.0
3355 315.0
3356 315.0
3357 315.0
3358 251.0
3359 203.0
3360 315.0
3361 251.0
3362 651.0
3363 1003.0
3364 1003.0
3365 1003.0
3366 1003.0
3367 315.0
3368 315.0
3369 87.0
3370 251.0
3371 315.0
3372 315.0
3373 203.0
3374 114.0
3375 109.0
3376 203.0
3377 175.0
3378 44.0
3379 203.0
3380 202.0
3381 203.0
3382 315.0
3383 180.0
3384 252.0
3385 201.0
3386 252.0
3387 251.0
3388 252.0
3389 203.0
3390 161.0
3391 251.0
3392 270.0
3393 203.0
3394 32.0
3395 252.0
3396 117.0
3397 251.0
3398 224.0
3399 203.0
3400 315.0
3401 203.0
3402 315.0
3403 203.0
3404 203.0
3405 315.0
3406 315.0
3407 315.0
3408 315.0
3409 251.0
3410 347.0
3411 251.0
3412 315.0
3413 315.0
3414 1003.0
3415 1003.0
3416 1003.0
3417 1003.0
3418 0.0
3419 315.0
3420 98.0
3421 203.0
3422 315.0
3423 195.0
3424 38.0
3425 158.0
3426 147.0
3427 109.0
3428 169.0
3429 44.0
3430 203.0
3431 204.0
3432 203.0
3433 315.0
3434 163.0
3435 252.0
3436 252.0
3437 252.0
3438 236.0
3439 252.0
3440 251.0
3441 159.0
3442 251.0
3443 251.0
3444 240.0
3445 38.0
3446 252.0
3447 23.0
3448 251.0
3449 163.0
3450 196.0
3451 203.0
3452 231.0
3453 231.0
3454 203.0
3455 99.0
3456 315.0
3457 315.0
3458 315.0
3459 251.0
3460 203.0
3461 347.0
3462 251.0
3463 61.0
3464 315.0
3465 1003.0
3466 1003.0
3467 1003.0
3468 1003.0
3469 252.0
3470 315.0
3471 40.0
3472 33.0
3473 251.0
3474 203.0
3475 347.0
3476 0.0
3477 136.0
3478 251.0
3479 251.0
3480 44.0
3481 252.0
3482 204.0
3483 161.0
3484 185.0
3485 315.0
3486 0.0
3487 203.0
3488 251.0
3489 29.0
3490 252.0
3491 252.0
3492 159.0
3493 251.0
3494 315.0
3495 162.0
3496 33.0
3497 252.0
3498 252.0
3499 251.0
3500 183.0
3501 315.0
3502 203.0
3503 251.0
3504 203.0
3505 203.0
3506 203.0
3507 203.0
3508 315.0
3509 315.0
3510 315.0
3511 315.0
3512 347.0
3513 115.0
3514 315.0
3515 619.0
3516 1003.0
3517 1003.0
3518 1003.0
3519 1003.0
3520 25.0
3521 252.0
3522 39.0
3523 315.0
3524 315.0
3525 204.0
3526 31.0
3527 175.0
3528 122.0
3529 203.0
3530 251.0
3531 38.0
3532 203.0
3533 169.0
3534 0.0
3535 251.0
3536 251.0
3537 252.0
3538 56.0
3539 252.0
3540 251.0
3541 252.0
3542 203.0
3543 157.0
3544 204.0
3545 203.0
3546 204.0
3547 32.0
3548 252.0
3549 85.0
3550 251.0
3551 0.0
3552 220.0
3553 251.0
3554 251.0
3555 316.0
3556 203.0
3557 203.0
3558 203.0
3559 315.0
3560 315.0
3561 315.0
3562 251.0
3563 347.0
3564 315.0
3565 203.0
3566 315.0
3567 1003.0
3568 1003.0
3569 1003.0
3570 1003.0
3571 315.0
3572 252.0
3573 203.0
3574 69.0
3575 315.0
3576 202.0
3577 229.0
3578 49.0
3579 212.0
3580 186.0
3581 252.0
3582 44.0
3583 252.0
3584 315.0
3585 203.0
3586 315.0
3587 127.0
3588 252.0
3589 185.0
3590 251.0
3591 252.0
3592 252.0
3593 252.0
3594 159.0
3595 204.0
3596 251.0
3597 77.0
3598 158.0
3599 252.0
3600 128.0
3601 251.0
3602 163.0
3603 246.0
3604 251.0
3605 315.0
3606 315.0
3607 203.0
3608 99.0
3609 315.0
3610 315.0
3611 315.0
3612 169.0
3613 251.0
3614 203.0
3615 316.0
3616 315.0
3617 347.0
3618 1003.0
3619 1003.0
3620 1003.0
3621 1003.0
3622 315.0
3623 38.0
3624 1.0
3625 0.0
3626 315.0
3627 195.0
3628 229.0
3629 203.0
3630 136.0
3631 186.0
3632 251.0
3633 44.0
3634 223.0
3635 251.0
3636 0.0
3637 315.0
3638 251.0
3639 0.0
3640 203.0
3641 252.0
3642 29.0
3643 252.0
3644 252.0
3645 161.0
3646 251.0
3647 316.0
3648 204.0
3649 38.0
3650 252.0
3651 203.0
3652 252.0
3653 0.0
3654 203.0
3655 169.0
3656 203.0
3657 316.0
3658 203.0
3659 83.0
3660 251.0
3661 315.0
3662 315.0
3663 203.0
3664 315.0
3665 203.0
3666 0.0
3667 316.0
3668 1227.0
3669 1003.0
3670 1003.0
3671 1003.0
3672 1227.0
3673 197.0
3674 315.0
3675 39.0
3676 203.0
3677 251.0
3678 88.0
3679 37.0
3680 0.0
3681 236.0
3682 203.0
3683 252.0
3684 44.0
3685 223.0
3686 204.0
3687 0.0
3688 185.0
3689 0.0
3690 251.0
3691 175.0
3692 0.0
3693 251.0
3694 252.0
3695 251.0
3696 161.0
3697 251.0
3698 204.0
3699 143.0
3700 5.0
3701 252.0
3702 100.0
3703 252.0
3704 163.0
3705 251.0
3706 195.0
3707 315.0
3708 231.0
3709 203.0
3710 203.0
3711 203.0
3712 315.0
3713 315.0
3714 315.0
3715 315.0
3716 203.0
3717 203.0
3718 316.0
3719 251.0
3720 523.0
3721 1003.0
3722 1003.0
3723 1227.0
3724 315.0
3725 315.0
3726 39.0
3727 53.0
3728 315.0
3729 459.0
3730 31.0
3731 49.0
3732 163.0
3733 186.0
3734 251.0
3735 44.0
3736 203.0
3737 180.0
3738 189.0
3739 251.0
3740 186.0
3741 252.0
3742 185.0
3743 149.0
3744 252.0
3745 252.0
3746 251.0
3747 61.0
3748 204.0
3749 316.0
3750 204.0
3751 32.0
3752 252.0
3753 83.0
3754 252.0
3755 93.0
3756 174.0
3757 203.0
3758 203.0
3759 316.0
3760 203.0
3761 83.0
3762 203.0
3763 315.0
3764 315.0
3765 315.0
3766 203.0
3767 203.0
3768 315.0
3769 315.0
3770 315.0
3771 523.0
3772 1003.0
3773 1003.0
3774 1227.0
3775 315.0
3776 142.0
3777 0.0
3778 0.0
3779 320.0
3780 315.0
3781 38.0
3782 77.0
3783 236.0
3784 186.0
3785 252.0
3786 44.0
3787 203.0
3788 315.0
3789 203.0
3790 251.0
3791 251.0
3792 99.0
3793 62.0
3794 203.0
3795 29.0
3796 252.0
3797 252.0
3798 159.0
3799 251.0
3800 316.0
3801 252.0
3802 177.0
3803 252.0
3804 23.0
3805 251.0
3806 33.0
3807 252.0
3808 191.0
3809 223.0
3810 251.0
3811 203.0
3812 99.0
3813 315.0
3814 315.0
3815 315.0
3816 315.0
3817 251.0
3818 347.0
3819 63.0
3820 315.0
3821 523.0
3822 315.0
3823 1003.0
3824 523.0
3825 1227.0
3826 203.0
3827 251.0
3828 33.0
3829 98.0
3830 77.0
3831 77.0
3832 229.0
3833 49.0
3834 147.0
3835 196.0
3836 252.0
3837 38.0
3838 169.0
3839 191.0
3840 0.0
3841 315.0
3842 30.0
3843 204.0
3844 252.0
3845 50.0
3846 29.0
3847 252.0
3848 252.0
3849 251.0
3850 251.0
3851 316.0
3852 172.0
3853 33.0
3854 252.0
3855 85.0
3856 252.0
3857 251.0
3858 251.0
3859 203.0
3860 315.0
3861 231.0
3862 203.0
3863 99.0
3864 251.0
3865 315.0
3866 315.0
3867 169.0
3868 251.0
3869 347.0
3870 251.0
3871 315.0
3872 315.0
3873 1227.0
3874 1003.0
3875 1003.0
3876 1227.0
3877 315.0
3878 315.0
3879 39.0
3880 33.0
3881 195.0
3882 77.0
3883 31.0
3884 203.0
3885 136.0
3886 196.0
3887 252.0
3888 180.0
3889 203.0
3890 315.0
3891 0.0
3892 315.0
3893 303.0
3894 252.0
3895 56.0
3896 73.0
3897 252.0
3898 252.0
3899 252.0
3900 204.0
3901 251.0
3902 203.0
3903 203.0
3904 32.0
3905 252.0
3906 23.0
3907 252.0
3908 163.0
3909 246.0
3910 176.0
3911 315.0
3912 231.0
3913 251.0
3914 99.0
3915 315.0
3916 315.0
3917 315.0
3918 315.0
3919 251.0
3920 347.0
3921 251.0
3922 315.0
3923 315.0
3924 1227.0
3925 1227.0
3926 1003.0
3927 1227.0
3928 1003.0
3929 251.0
3930 98.0
3931 10.0
3932 195.0
3933 169.0
3934 37.0
3935 203.0
3936 110.0
3937 196.0
3938 252.0
3939 44.0
3940 203.0
3941 202.0
3942 203.0
3943 315.0
3944 126.0
3945 252.0
3946 185.0
3947 203.0
3948 251.0
3949 252.0
3950 252.0
3951 251.0
3952 204.0
3953 316.0
3954 203.0
3955 158.0
3956 252.0
3957 23.0
3958 252.0
3959 0.0
3960 203.0
3961 203.0
3962 316.0
3963 316.0
3964 203.0
3965 83.0
3966 251.0
3967 315.0
3968 315.0
3969 315.0
3970 251.0
3971 347.0
3972 220.0
3973 315.0
3974 315.0
3975 1227.0
3976 315.0
3977 1003.0
3978 1227.0
3979 251.0
3980 523.0
3981 1.0
3982 0.0
3983 203.0
3984 229.0
3985 34.0
3986 38.0
3987 147.0
3988 200.0
3989 252.0
3990 38.0
3991 203.0
3992 203.0
3993 0.0
3994 315.0
3995 123.0
3996 252.0
3997 204.0
3998 203.0
3999 40.0
4000 252.0
4001 252.0
4002 251.0
4003 251.0
4004 316.0
4005 203.0
4006 93.0
4007 252.0
4008 251.0
4009 251.0
4010 133.0
4011 251.0
4012 203.0
4013 231.0
4014 316.0
4015 203.0
4016 203.0
4017 251.0
4018 315.0
4019 315.0
4020 315.0
4021 251.0
4022 203.0
4023 203.0
4024 315.0
4025 315.0
4026 1003.0
4027 1227.0
4028 315.0
4029 1227.0
4030 315.0
4031 251.0
4032 38.0
4033 33.0
4034 77.0
4035 37.0
4036 30.0
4037 32.0
4038 158.0
4039 202.0
4040 252.0
4041 180.0
4042 223.0
4043 315.0
4044 0.0
4045 315.0
4046 180.0
4047 251.0
4048 252.0
4049 252.0
4050 251.0
4051 252.0
4052 252.0
4053 251.0
4054 204.0
4055 203.0
4056 204.0
4057 93.0
4058 252.0
4059 83.0
4060 251.0
4061 203.0
4062 246.0
4063 176.0
4064 236.0
4065 315.0
4066 203.0
4067 83.0
4068 203.0
4069 315.0
4070 315.0
4071 203.0
4072 251.0
4073 347.0
4074 315.0
4075 315.0
4076 315.0
4077 1227.0
4078 1003.0
4079 315.0
4080 1227.0
4081 315.0
4082 251.0
4083 39.0
4084 0.0
4085 315.0
4086 37.0
4087 30.0
4088 203.0
4089 110.0
4090 174.0
4091 252.0
4092 44.0
4093 252.0
4094 315.0
4095 203.0
4096 315.0
4097 31.0
4098 252.0
4099 151.0
4100 56.0
4101 251.0
4102 252.0
4103 252.0
4104 162.0
4105 204.0
4106 316.0
4107 44.0
4108 32.0
4109 252.0
4110 83.0
4111 252.0
4112 6.0
4113 251.0
4114 203.0
4115 251.0
4116 316.0
4117 203.0
4118 83.0
4119 315.0
4120 315.0
4121 315.0
4122 315.0
4123 251.0
4124 347.0
4125 251.0
4126 315.0
4127 315.0
4128 1227.0
4129 1003.0
4130 523.0
4131 1227.0
4132 251.0
4133 251.0
4134 1.0
4135 53.0
4136 31.0
4137 199.0
4138 34.0
4139 203.0
4140 136.0
4141 203.0
4142 252.0
4143 38.0
4144 203.0
4145 203.0
4146 252.0
4147 315.0
4148 185.0
4149 251.0
4150 56.0
4151 251.0
4152 40.0
4153 252.0
4154 252.0
4155 9.0
4156 251.0
4157 251.0
4158 172.0
4159 32.0
4160 252.0
4161 145.0
4162 251.0
4163 173.0
4164 251.0
4165 191.0
4166 203.0
4167 316.0
4168 251.0
4169 203.0
4170 315.0
4171 315.0
4172 315.0
4173 315.0
4174 251.0
4175 347.0
4176 251.0
4177 315.0
4178 315.0
4179 1003.0
4180 1227.0
4181 523.0
4182 1227.0
4183 251.0
4184 251.0
4185 98.0
4186 47.0
4187 315.0
4188 0.0
4189 315.0
4190 38.0
4191 136.0
4192 203.0
4193 252.0
4194 38.0
4195 174.0
4196 202.0
4197 0.0
4198 315.0
4199 251.0
4200 251.0
4201 252.0
4202 203.0
4203 236.0
4204 252.0
4205 252.0
4206 160.0
4207 251.0
4208 315.0
4209 175.0
4210 38.0
4211 252.0
4212 144.0
4213 252.0
4214 247.0
4215 173.0
4216 204.0
4217 315.0
4218 316.0
4219 203.0
4220 315.0
4221 315.0
4222 315.0
4223 315.0
4224 315.0
4225 251.0
4226 203.0
4227 220.0
4228 315.0
4229 315.0
4230 1227.0
4231 523.0
4232 523.0
4233 1227.0
4234 315.0
4235 315.0
4236 38.0
4237 204.0
4238 202.0
4239 30.0
4240 30.0
4241 32.0
4242 110.0
4243 202.0
4244 251.0
4245 44.0
4246 204.0
4247 191.0
4248 203.0
4249 315.0
4250 30.0
4251 204.0
4252 252.0
4253 62.0
4254 251.0
4255 252.0
4256 252.0
4257 251.0
4258 204.0
4259 203.0
4260 203.0
4261 32.0
4262 252.0
4263 9.0
4264 251.0
4265 56.0
4266 203.0
4267 176.0
4268 251.0
4269 316.0
4270 203.0
4271 83.0
4272 251.0
4273 315.0
4274 315.0
4275 315.0
4276 251.0
4277 347.0
4278 220.0
4279 315.0
4280 315.0
4281 1227.0
4282 1227.0
4283 315.0
4284 1227.0
4285 315.0
4286 251.0
4287 38.0
4288 0.0
4289 77.0
4290 0.0
4291 30.0
4292 158.0
4293 236.0
4294 186.0
4295 251.0
4296 44.0
4297 223.0
4298 204.0
4299 203.0
4300 315.0
4301 163.0
4302 251.0
4303 67.0
4304 62.0
4305 29.0
4306 252.0
4307 252.0
4308 167.0
4309 251.0
4310 315.0
4311 204.0
4312 33.0
4313 252.0
4314 83.0
4315 252.0
4316 1.0
4317 174.0
4318 316.0
4319 315.0
4320 316.0
4321 203.0
4322 203.0
4323 251.0
4324 315.0
4325 315.0
4326 315.0
4327 251.0
4328 347.0
4329 251.0
4330 203.0
4331 315.0
4332 1003.0
4333 1227.0
4334 315.0
4335 1227.0
4336 251.0
4337 315.0
4338 33.0
4339 0.0
4340 459.0
4341 0.0
4342 303.0
4343 49.0
4344 136.0
4345 196.0
4346 252.0
4347 38.0
4348 175.0
4349 202.0
4350 251.0
4351 315.0
4352 252.0
4353 46.0
4354 0.0
4355 252.0
4356 236.0
4357 252.0
4358 252.0
4359 61.0
4360 251.0
4361 316.0
4362 172.0
4363 38.0
4364 252.0
4365 20.0
4366 251.0
4367 111.0
4368 99.0
4369 203.0
4370 231.0
4371 316.0
4372 203.0
4373 203.0
4374 315.0
4375 315.0
4376 315.0
4377 315.0
4378 251.0
4379 347.0
4380 251.0
4381 315.0
4382 251.0
4383 1003.0
4384 1227.0
4385 1227.0
4386 1227.0
4387 315.0
4388 315.0
4389 18.0
4390 203.0
4391 315.0
4392 88.0
4393 305.0
4394 32.0
4395 110.0
4396 203.0
4397 252.0
4398 38.0
4399 0.0
4400 175.0
4401 0.0
4402 315.0
4403 315.0
4404 252.0
4405 252.0
4406 252.0
4407 251.0
4408 252.0
4409 252.0
4410 159.0
4411 251.0
4412 316.0
4413 251.0
4414 38.0
4415 252.0
4416 203.0
4417 252.0
4418 174.0
4419 202.0
4420 203.0
4421 251.0
4422 316.0
4423 203.0
4424 83.0
4425 251.0
4426 315.0
4427 315.0
4428 315.0
4429 251.0
4430 347.0
4431 220.0
4432 315.0
4433 315.0
4434 1227.0
4435 1227.0
4436 1003.0
4437 1227.0
4438 251.0
4439 347.0
4440 33.0
4441 315.0
4442 459.0
4443 37.0
4444 33.0
4445 203.0
4446 203.0
4447 202.0
4448 251.0
4449 44.0
4450 167.0
4451 202.0
4452 0.0
4453 315.0
4454 30.0
4455 251.0
4456 252.0
4457 0.0
4458 252.0
4459 252.0
4460 252.0
4461 44.0
4462 204.0
4463 315.0
4464 175.0
4465 32.0
4466 252.0
4467 94.0
4468 252.0
4469 0.0
4470 196.0
4471 195.0
4472 251.0
4473 315.0
4474 203.0
4475 203.0
4476 251.0
4477 315.0
4478 315.0
4479 315.0
4480 315.0
4481 203.0
4482 251.0
4483 315.0
4484 315.0
4485 1227.0
4486 1227.0
4487 1003.0
4488 1227.0
4489 315.0
4490 315.0
4491 33.0
4492 0.0
4493 347.0
4494 26.0
4495 30.0
4496 0.0
4497 136.0
4498 251.0
4499 251.0
4500 44.0
4501 0.0
4502 185.0
4503 203.0
4504 315.0
4505 31.0
4506 78.0
4507 0.0
4508 18.0
4509 236.0
4510 251.0
4511 252.0
4512 0.0
4513 204.0
4514 316.0
4515 204.0
4516 32.0
4517 252.0
4518 94.0
4519 252.0
4520 0.0
4521 191.0
4522 315.0
4523 251.0
4524 251.0
4525 203.0
4526 203.0
4527 315.0
4528 315.0
4529 315.0
4530 203.0
4531 251.0
4532 347.0
4533 251.0
4534 315.0
4535 315.0
4536 1003.0
4537 1227.0
4538 315.0
4539 1227.0
4540 251.0
4541 315.0
4542 33.0
4543 204.0
4544 315.0
4545 199.0
4546 34.0
4547 58.0
4548 109.0
4549 203.0
4550 252.0
4551 196.0
4552 121.0
4553 315.0
4554 203.0
4555 315.0
4556 315.0
4557 251.0
4558 252.0
4559 203.0
4560 236.0
4561 252.0
4562 252.0
4563 61.0
4564 204.0
4565 316.0
4566 167.0
4567 251.0
4568 252.0
4569 23.0
4570 252.0
4571 174.0
4572 110.0
4573 251.0
4574 231.0
4575 231.0
4576 203.0
4577 203.0
4578 251.0
4579 315.0
4580 315.0
4581 315.0
4582 251.0
4583 347.0
4584 220.0
4585 315.0
4586 523.0
4587 1003.0
4588 1227.0
4589 315.0
4590 1227.0
4591 315.0
4592 1003.0
4593 0.0
4594 18.0
4595 195.0
4596 203.0
4597 218.0
4598 37.0
4599 110.0
4600 196.0
4601 252.0
4602 38.0
4603 162.0
4604 315.0
4605 0.0
4606 315.0
4607 126.0
4608 251.0
4609 252.0
4610 67.0
4611 252.0
4612 252.0
4613 252.0
4614 61.0
4615 204.0
4616 316.0
4617 172.0
4618 49.0
4619 252.0
4620 23.0
4621 251.0
4622 251.0
4623 194.0
4624 178.0
4625 315.0
4626 316.0
4627 203.0
4628 83.0
4629 251.0
4630 315.0
4631 315.0
4632 315.0
4633 251.0
4634 347.0
4635 220.0
4636 315.0
4637 315.0
4638 1227.0
4639 1227.0
4640 523.0
4641 1227.0
4642 291.0
4643 523.0
4644 98.0
4645 0.0
4646 203.0
4647 77.0
4648 37.0
4649 205.0
4650 136.0
4651 196.0
4652 252.0
4653 0.0
4654 0.0
4655 203.0
4656 0.0
4657 315.0
4658 180.0
4659 251.0
4660 204.0
4661 0.0
4662 236.0
4663 252.0
4664 252.0
4665 83.0
4666 204.0
4667 316.0
4668 203.0
4669 203.0
4670 252.0
4671 103.0
4672 252.0
4673 252.0
4674 194.0
4675 203.0
4676 315.0
4677 251.0
4678 203.0
4679 83.0
4680 315.0
4681 315.0
4682 315.0
4683 315.0
4684 315.0
4685 203.0
4686 251.0
4687 203.0
4688 523.0
4689 1227.0
4690 1227.0
4691 523.0
4692 1227.0
4693 251.0
4694 1003.0
4695 33.0
4696 0.0
4697 195.0
4698 315.0
4699 30.0
4700 103.0
4701 136.0
4702 203.0
4703 252.0
4704 44.0
4705 0.0
4706 315.0
4707 203.0
4708 315.0
4709 163.0
4710 252.0
4711 0.0
4712 203.0
4713 236.0
4714 252.0
4715 252.0
4716 56.0
4717 251.0
4718 315.0
4719 203.0
4720 32.0
4721 252.0
4722 128.0
4723 252.0
4724 203.0
4725 104.0
4726 176.0
4727 163.0
4728 316.0
4729 203.0
4730 203.0
4731 315.0
4732 315.0
4733 315.0
4734 315.0
4735 203.0
4736 347.0
4737 220.0
4738 316.0
4739 315.0
4740 1227.0
4741 1227.0
4742 251.0
4743 1227.0
4744 203.0
4745 347.0
4746 1.0
4747 203.0
4748 315.0
4749 245.0
4750 218.0
4751 98.0
4752 103.0
4753 186.0
4754 252.0
4755 38.0
4756 0.0
4757 185.0
4758 0.0
4759 315.0
4760 315.0
4761 203.0
4762 252.0
4763 252.0
4764 252.0
4765 252.0
4766 252.0
4767 80.0
4768 251.0
4769 316.0
4770 171.0
4771 251.0
4772 252.0
4773 128.0
4774 252.0
4775 315.0
4776 169.0
4777 191.0
4778 315.0
4779 315.0
4780 203.0
4781 99.0
4782 251.0
4783 315.0
4784 315.0
4785 315.0
4786 251.0
4787 347.0
4788 220.0
4789 315.0
4790 315.0
4791 1227.0
4792 1227.0
4793 315.0
4794 1227.0
4795 315.0
4796 523.0
4797 32.0
4798 87.0
4799 202.0
4800 243.0
4801 30.0
4802 121.0
4803 103.0
4804 109.0
4805 252.0
4806 196.0
4807 0.0
4808 315.0
4809 252.0
4810 315.0
4811 180.0
4812 142.0
4813 251.0
4814 59.0
4815 236.0
4816 252.0
4817 252.0
4818 8.0
4819 204.0
4820 316.0
4821 187.0
4822 38.0
4823 252.0
4824 100.0
4825 203.0
4826 55.0
4827 170.0
4828 202.0
4829 60.0
4830 251.0
4831 203.0
4832 99.0
4833 315.0
4834 315.0
4835 315.0
4836 315.0
4837 315.0
4838 347.0
4839 220.0
4840 315.0
4841 1227.0
4842 1227.0
4843 1227.0
4844 315.0
4845 1227.0
4846 251.0
4847 315.0
4848 38.0
4849 204.0
4850 315.0
4851 203.0
4852 30.0
4853 104.0
4854 203.0
4855 203.0
4856 252.0
4857 186.0
4858 0.0
4859 315.0
4860 252.0
4861 315.0
4862 185.0
4863 251.0
4864 0.0
4865 252.0
4866 236.0
4867 252.0
4868 252.0
4869 189.0
4870 251.0
4871 316.0
4872 251.0
4873 32.0
4874 252.0
4875 55.0
4876 203.0
4877 203.0
4878 175.0
4879 315.0
4880 204.0
4881 251.0
4882 203.0
4883 203.0
4884 315.0
4885 315.0
4886 315.0
4887 315.0
4888 315.0
4889 347.0
4890 220.0
4891 315.0
4892 315.0
4893 1227.0
4894 1227.0
4895 251.0
4896 1227.0
4897 181.0
4898 315.0
4899 33.0
4900 0.0
4901 459.0
4902 195.0
4903 218.0
4904 203.0
4905 136.0
4906 251.0
4907 252.0
4908 159.0
4909 222.0
4910 185.0
4911 0.0
4912 315.0
4913 180.0
4914 251.0
4915 0.0
4916 252.0
4917 252.0
4918 252.0
4919 252.0
4920 251.0
4921 251.0
4922 316.0
4923 172.0
4924 203.0
4925 252.0
4926 85.0
4927 48.0
4928 251.0
4929 98.0
4930 203.0
4931 251.0
4932 231.0
4933 203.0
4934 203.0
4935 251.0
4936 315.0
4937 315.0
4938 315.0
4939 251.0
4940 347.0
4941 220.0
4942 315.0
4943 523.0
4944 1227.0
4945 1227.0
4946 315.0
4947 1227.0
4948 203.0
4949 523.0
4950 0.0
4951 204.0
4952 202.0
4953 195.0
4954 218.0
4955 104.0
4956 110.0
4957 186.0
4958 252.0
4959 234.0
4960 160.0
4961 315.0
4962 203.0
4963 315.0
4964 315.0
4965 0.0
4966 251.0
4967 203.0
4968 252.0
4969 252.0
4970 252.0
4971 204.0
4972 204.0
4973 316.0
4974 148.0
4975 38.0
4976 252.0
4977 100.0
4978 203.0
4979 251.0
4980 178.0
4981 116.0
4982 203.0
4983 289.0
4984 203.0
4985 83.0
4986 315.0
4987 315.0
4988 315.0
4989 315.0
4990 251.0
4991 347.0
4992 220.0
4993 315.0
4994 347.0
4995 1227.0
4996 1227.0
4997 251.0
4998 1227.0
4999 315.0
5000 347.0
5001 0.0
5002 47.0
5003 202.0
5004 203.0
5005 30.0
5006 109.0
5007 154.0
5008 203.0
5009 252.0
5010 202.0
5011 203.0
5012 315.0
5013 252.0
5014 315.0
5015 251.0
5016 99.0
5017 251.0
5018 49.0
5019 18.0
5020 252.0
5021 252.0
5022 4.0
5023 204.0
5024 316.0
5025 252.0
5026 93.0
5027 252.0
5028 23.0
5029 251.0
5030 38.0
5031 194.0
5032 185.0
5033 315.0
5034 251.0
5035 203.0
5036 83.0
5037 315.0
5038 315.0
5039 315.0
5040 315.0
5041 251.0
5042 347.0
5043 220.0
5044 315.0
5045 1003.0
5046 1227.0
5047 1227.0
5048 1003.0
5049 1227.0
5050 315.0
5051 251.0
5052 112.0
5053 129.0
5054 459.0
5055 77.0
5056 34.0
5057 283.0
5058 154.0
5059 203.0
5060 252.0
5061 251.0
5062 315.0
5063 185.0
5064 252.0
5065 315.0
5066 180.0
5067 252.0
5068 149.0
5069 45.0
5070 236.0
5071 252.0
5072 252.0
5073 169.0
5074 204.0
5075 316.0
5076 252.0
5077 203.0
5078 252.0
5079 23.0
5080 252.0
5081 38.0
5082 98.0
5083 203.0
5084 223.0
5085 203.0
5086 203.0
5087 83.0
5088 251.0
5089 315.0
5090 315.0
5091 315.0
5092 251.0
5093 347.0
5094 220.0
5095 315.0
5096 1003.0
5097 1227.0
5098 1227.0
5099 251.0
5100 1227.0
