1 0.0
2 32.0
3 32.0
4 32.0
5 32.0
6 32.0
7 203.0
8 204.0
9 0.0
10 0.0
11 25.0
12 33.0
13 203.0
14 203.0
15 204.0
16 32.0
17 0.0
18 104.0
19 203.0
20 33.0
21 38.0
22 30.0
23 32.0
24 0.0
25 98.0
26 0.0
27 38.0
28 33.0
29 33.0
30 33.0
31 0.0
32 0.0
33 0.0
34 0.0
35 33.0
36 109.0
37 204.0
38 30.0
39 203.0
40 0.0
41 6.0
42 104.0
43 180.0
44 0.0
45 169.0
46 32.0
47 30.0
48 0.0
49 0.0
50 14.0
51 204.0
52 15.0
53 32.0
54 32.0
55 32.0
56 32.0
57 32.0
58 203.0
59 204.0
60 0.0
61 38.0
62 30.0
63 33.0
64 203.0
65 203.0
66 204.0
67 25.0
68 203.0
69 0.0
70 203.0
71 203.0
72 38.0
73 38.0
74 32.0
75 157.0
76 98.0
77 203.0
78 38.0
79 33.0
80 33.0
81 33.0
82 0.0
83 0.0
84 0.0
85 33.0
86 103.0
87 38.0
88 204.0
89 203.0
90 203.0
91 203.0
92 0.0
93 49.0
94 180.0
95 203.0
96 169.0
97 103.0
98 32.0
99 3.0
100 0.0
101 14.0
102 204.0
103 32.0
104 32.0
105 32.0
106 32.0
107 32.0
108 203.0
109 204.0
110 204.0
111 32.0
112 38.0
113 38.0
114 43.0
115 203.0
116 204.0
117 204.0
118 204.0
119 251.0
120 98.0
121 203.0
122 203.0
123 203.0
124 32.0
125 274.0
126 165.0
127 203.0
128 32.0
129 203.0
130 38.0
131 33.0
132 33.0
133 33.0
134 0.0
135 31.0
136 38.0
137 32.0
138 33.0
139 204.0
140 38.0
141 203.0
142 203.0
143 19.0
144 49.0
145 203.0
146 203.0
147 203.0
148 87.0
149 87.0
150 20.0
151 25.0
152 15.0
153 274.0
154 0.0
155 32.0
156 32.0
157 32.0
158 203.0
159 363.0
160 103.0
161 204.0
162 33.0
163 38.0
164 38.0
165 43.0
166 204.0
167 103.0
168 204.0
169 109.0
170 104.0
171 98.0
172 203.0
173 32.0
174 203.0
175 363.0
176 230.0
177 179.0
178 204.0
179 154.0
180 220.0
181 32.0
182 38.0
183 33.0
184 33.0
185 33.0
186 103.0
187 33.0
188 30.0
189 114.0
190 204.0
191 32.0
192 203.0
193 0.0
194 0.0
195 203.0
196 203.0
197 203.0
198 203.0
199 203.0
200 93.0
201 0.0
202 30.0
203 32.0
204 363.0
205 15.0
206 32.0
207 32.0
208 203.0
209 203.0
210 33.0
211 33.0
212 204.0
213 33.0
214 25.0
215 120.0
216 103.0
217 203.0
218 204.0
219 204.0
220 203.0
221 109.0
222 0.0
223 203.0
224 203.0
225 185.0
226 0.0
227 180.0
228 265.0
229 204.0
230 203.0
231 203.0
232 32.0
233 109.0
234 109.0
235 33.0
236 30.0
237 103.0
238 38.0
239 98.0
240 33.0
241 204.0
242 203.0
243 203.0
244 0.0
245 33.0
246 203.0
247 180.0
248 203.0
249 169.0
250 180.0
251 169.0
252 30.0
253 32.0
254 32.0
255 363.0
256 0.0
257 32.0
258 204.0
259 38.0
260 33.0
261 203.0
262 203.0
263 204.0
264 33.0
265 32.0
266 109.0
267 103.0
268 203.0
269 203.0
270 204.0
271 169.0
272 109.0
273 203.0
274 203.0
275 203.0
276 203.0
277 0.0
278 164.0
279 0.0
280 203.0
281 203.0
282 203.0
283 32.0
284 109.0
285 44.0
286 185.0
287 103.0
288 103.0
289 109.0
290 104.0
291 203.0
292 204.0
293 203.0
294 203.0
295 203.0
296 180.0
297 203.0
298 203.0
299 203.0
300 169.0
301 169.0
302 180.0
303 180.0
304 32.0
305 32.0
306 363.0
307 0.0
308 203.0
309 204.0
310 204.0
311 203.0
312 203.0
313 103.0
314 204.0
315 363.0
316 191.0
317 109.0
318 43.0
319 204.0
320 103.0
321 204.0
322 104.0
323 109.0
324 214.0
325 203.0
326 33.0
327 203.0
328 169.0
329 391.0
330 558.0
331 146.0
332 32.0
333 203.0
334 33.0
335 109.0
336 169.0
337 109.0
338 103.0
339 0.0
340 25.0
341 203.0
342 204.0
343 204.0
344 203.0
345 203.0
346 0.0
347 169.0
348 104.0
349 203.0
350 203.0
351 109.0
352 191.0
353 204.0
354 169.0
355 180.0
356 0.0
357 558.0
358 109.0
359 109.0
360 229.0
361 38.0
362 203.0
363 203.0
364 103.0
365 109.0
366 0.0
367 109.0
368 191.0
369 203.0
370 204.0
371 204.0
372 204.0
373 203.0
374 104.0
375 224.0
376 66.0
377 203.0
378 251.0
379 180.0
380 363.0
381 165.0
382 154.0
383 0.0
384 38.0
385 32.0
386 38.0
387 38.0
388 33.0
389 38.0
390 32.0
391 103.0
392 203.0
393 33.0
394 204.0
395 203.0
396 203.0
397 0.0
398 203.0
399 33.0
400 203.0
401 203.0
402 203.0
403 203.0
404 38.0
405 169.0
406 191.0
407 169.0
408 558.0
409 0.0
410 203.0
411 38.0
412 32.0
413 251.0
414 203.0
415 203.0
416 204.0
417 203.0
418 104.0
419 33.0
420 103.0
421 204.0
422 204.0
423 204.0
424 103.0
425 109.0
426 104.0
427 66.0
428 204.0
429 169.0
430 251.0
431 152.0
432 251.0
433 0.0
434 120.0
435 109.0
436 32.0
437 38.0
438 38.0
439 191.0
440 203.0
441 103.0
442 203.0
443 38.0
444 203.0
445 204.0
446 203.0
447 203.0
448 203.0
449 38.0
450 203.0
451 203.0
452 203.0
453 98.0
454 169.0
455 203.0
456 1.0
457 203.0
458 191.0
459 558.0
460 203.0
461 204.0
462 38.0
463 203.0
464 33.0
465 251.0
466 204.0
467 204.0
468 33.0
469 191.0
470 203.0
471 204.0
472 204.0
473 204.0
474 204.0
475 109.0
476 109.0
477 109.0
478 66.0
479 0.0
480 0.0
481 109.0
482 32.0
483 165.0
484 109.0
485 251.0
486 203.0
487 32.0
488 6.0
489 38.0
490 109.0
491 38.0
492 204.0
493 203.0
494 33.0
495 203.0
496 204.0
497 203.0
498 203.0
499 203.0
500 203.0
501 203.0
502 203.0
503 203.0
504 203.0
505 203.0
506 180.0
507 169.0
508 203.0
509 203.0
510 558.0
511 98.0
512 30.0
513 38.0
514 38.0
515 203.0
516 203.0
517 204.0
518 30.0
519 30.0
520 180.0
521 0.0
522 191.0
523 204.0
524 204.0
525 204.0
526 0.0
527 109.0
528 93.0
529 32.0
530 203.0
531 251.0
532 146.0
533 38.0
534 154.0
535 165.0
536 203.0
537 203.0
538 32.0
539 114.0
540 191.0
541 0.0
542 33.0
543 204.0
544 203.0
545 203.0
546 114.0
547 204.0
548 32.0
549 203.0
550 0.0
551 180.0
552 38.0
553 203.0
554 203.0
555 203.0
556 203.0
557 175.0
558 169.0
559 191.0
560 203.0
561 558.0
562 204.0
563 204.0
564 38.0
565 38.0
566 204.0
567 33.0
568 203.0
569 0.0
570 251.0
571 203.0
572 32.0
573 103.0
574 204.0
575 204.0
576 204.0
577 0.0
578 104.0
579 236.0
580 66.0
581 0.0
582 0.0
583 393.0
584 0.0
585 251.0
586 329.0
587 203.0
588 180.0
589 32.0
590 114.0
591 38.0
592 191.0
593 363.0
594 103.0
595 203.0
596 203.0
597 204.0
598 204.0
599 38.0
600 203.0
601 0.0
602 203.0
603 203.0
604 203.0
605 203.0
606 109.0
607 38.0
608 38.0
609 43.0
610 203.0
611 191.0
612 558.0
613 38.0
614 204.0
615 38.0
616 33.0
617 33.0
618 251.0
619 203.0
620 33.0
621 204.0
622 98.0
623 0.0
624 191.0
625 204.0
626 204.0
627 204.0
628 109.0
629 109.0
630 30.0
631 143.0
632 203.0
633 251.0
634 363.0
635 256.0
636 236.0
637 267.0
638 154.0
639 203.0
640 203.0
641 6.0
642 6.0
643 363.0
644 252.0
645 499.0
646 204.0
647 33.0
648 203.0
649 204.0
650 203.0
651 203.0
652 203.0
653 180.0
654 203.0
655 203.0
656 203.0
657 191.0
658 180.0
659 175.0
660 38.0
661 203.0
662 203.0
663 558.0
664 204.0
665 30.0
666 38.0
667 0.0
668 203.0
669 203.0
670 103.0
671 33.0
672 32.0
673 180.0
674 115.0
675 43.0
676 204.0
677 204.0
678 204.0
679 109.0
680 109.0
681 186.0
682 186.0
683 251.0
684 251.0
685 251.0
686 203.0
687 154.0
688 239.0
689 30.0
690 251.0
691 32.0
692 32.0
693 363.0
694 554.0
695 204.0
696 203.0
697 448.0
698 33.0
699 204.0
700 204.0
701 32.0
702 203.0
703 0.0
704 203.0
705 203.0
706 203.0
707 203.0
708 203.0
709 180.0
710 204.0
711 0.0
712 203.0
713 203.0
714 558.0
715 38.0
716 109.0
717 38.0
718 203.0
719 109.0
720 203.0
721 252.0
722 32.0
723 0.0
724 180.0
725 156.0
726 191.0
727 204.0
728 204.0
729 204.0
730 0.0
731 104.0
732 234.0
733 32.0
734 0.0
735 251.0
736 251.0
737 251.0
738 233.0
739 174.0
740 180.0
741 203.0
742 203.0
743 109.0
744 317.0
745 313.0
746 363.0
747 98.0
748 526.0
749 203.0
750 204.0
751 204.0
752 203.0
753 203.0
754 203.0
755 203.0
756 49.0
757 203.0
758 203.0
759 203.0
760 180.0
761 204.0
762 180.0
763 203.0
764 191.0
765 558.0
766 38.0
767 207.0
768 38.0
769 38.0
770 204.0
771 203.0
772 204.0
773 33.0
774 33.0
775 109.0
776 203.0
777 203.0
778 204.0
779 204.0
780 204.0
781 0.0
782 109.0
783 104.0
784 0.0
785 363.0
786 109.0
787 363.0
788 253.0
789 237.0
790 174.0
791 154.0
792 296.0
793 32.0
794 251.0
795 203.0
796 252.0
797 252.0
798 203.0
799 203.0
800 363.0
801 204.0
802 204.0
803 38.0
804 203.0
805 203.0
806 203.0
807 203.0
808 203.0
809 203.0
810 191.0
811 203.0
812 180.0
813 32.0
814 191.0
815 203.0
816 558.0
817 30.0
818 180.0
819 38.0
820 32.0
821 204.0
822 203.0
823 165.0
824 33.0
825 204.0
826 180.0
827 180.0
828 32.0
829 204.0
830 204.0
831 204.0
832 0.0
833 251.0
834 191.0
835 120.0
836 98.0
837 363.0
838 251.0
839 203.0
840 174.0
841 0.0
842 203.0
843 109.0
844 32.0
845 363.0
846 320.0
847 337.0
848 251.0
849 33.0
850 533.0
851 391.0
852 363.0
853 204.0
854 38.0
855 203.0
856 0.0
857 203.0
858 203.0
859 203.0
860 203.0
861 109.0
862 175.0
863 175.0
864 33.0
865 203.0
866 203.0
867 558.0
868 32.0
869 180.0
870 38.0
871 252.0
872 252.0
873 203.0
874 204.0
875 31.0
876 30.0
877 180.0
878 33.0
879 203.0
880 204.0
881 204.0
882 204.0
883 109.0
884 104.0
885 251.0
886 98.0
887 98.0
888 263.0
889 363.0
890 251.0
891 165.0
892 0.0
893 180.0
894 203.0
895 323.0
896 559.0
897 317.0
898 313.0
899 520.0
900 203.0
901 464.0
902 204.0
903 310.0
904 363.0
905 204.0
906 203.0
907 0.0
908 203.0
909 104.0
910 203.0
911 203.0
912 203.0
913 204.0
914 0.0
915 180.0
916 203.0
917 203.0
918 559.0
919 204.0
920 207.0
921 38.0
922 203.0
923 203.0
924 33.0
925 203.0
926 18.0
927 204.0
928 269.0
929 0.0
930 203.0
931 204.0
932 204.0
933 204.0
934 0.0
935 109.0
936 109.0
937 146.0
938 251.0
939 251.0
940 391.0
941 160.0
942 146.0
943 203.0
944 203.0
945 323.0
946 363.0
947 559.0
948 371.0
949 313.0
950 517.0
951 203.0
952 386.0
953 363.0
954 203.0
955 363.0
956 301.0
957 204.0
958 203.0
959 203.0
960 203.0
961 203.0
962 203.0
963 180.0
964 203.0
965 180.0
966 32.0
967 191.0
968 203.0
969 559.0
970 180.0
971 30.0
972 38.0
973 204.0
974 313.0
975 204.0
976 251.0
977 33.0
978 109.0
979 109.0
980 6.0
981 32.0
982 203.0
983 204.0
984 204.0
985 0.0
986 251.0
987 191.0
988 32.0
989 251.0
990 363.0
991 251.0
992 203.0
993 251.0
994 165.0
995 203.0
996 321.0
997 363.0
998 559.0
999 476.0
1000 363.0
1001 103.0
1002 389.0
1003 533.0
1004 203.0
1005 32.0
1006 109.0
1007 363.0
1008 456.0
1009 204.0
1010 203.0
1011 203.0
1012 203.0
1013 203.0
1014 87.0
1015 204.0
1016 175.0
1017 169.0
1018 191.0
1019 98.0
1020 559.0
1021 204.0
1022 30.0
1023 204.0
1024 32.0
1025 203.0
1026 203.0
1027 251.0
1028 0.0
1029 32.0
1030 180.0
1031 0.0
1032 32.0
1033 203.0
1034 204.0
1035 204.0
1036 109.0
1037 104.0
1038 104.0
1039 38.0
1040 363.0
1041 251.0
1042 173.0
1043 203.0
1044 165.0
1045 166.0
1046 203.0
1047 321.0
1048 252.0
1049 305.0
1050 252.0
1051 363.0
1052 251.0
1053 32.0
1054 252.0
1055 203.0
1056 33.0
1057 363.0
1058 251.0
1059 466.0
1060 252.0
1061 203.0
1062 104.0
1063 203.0
1064 203.0
1065 203.0
1066 180.0
1067 43.0
1068 169.0
1069 203.0
1070 203.0
1071 559.0
1072 38.0
1073 203.0
1074 38.0
1075 157.0
1076 252.0
1077 33.0
1078 165.0
1079 0.0
1080 204.0
1081 109.0
1082 10.0
1083 203.0
1084 204.0
1085 204.0
1086 204.0
1087 0.0
1088 251.0
1089 109.0
1090 0.0
1091 363.0
1092 169.0
1093 266.0
1094 204.0
1095 165.0
1096 32.0
1097 32.0
1098 251.0
1099 204.0
1100 363.0
1101 553.0
1102 313.0
1103 203.0
1104 1.0
1105 533.0
1106 0.0
1107 203.0
1108 363.0
1109 98.0
1110 363.0
1111 448.0
1112 32.0
1113 191.0
1114 203.0
1115 203.0
1116 180.0
1117 180.0
1118 191.0
1119 180.0
1120 203.0
1121 180.0
1122 559.0
1123 38.0
1124 229.0
1125 38.0
1126 103.0
1127 203.0
1128 33.0
1129 363.0
1130 33.0
1131 109.0
1132 109.0
1133 38.0
1134 203.0
1135 204.0
1136 204.0
1137 204.0
1138 0.0
1139 109.0
1140 191.0
1141 33.0
1142 363.0
1143 33.0
1144 363.0
1145 390.0
1146 236.0
1147 150.0
1148 203.0
1149 251.0
1150 203.0
1151 559.0
1152 363.0
1153 313.0
1154 203.0
1155 363.0
1156 533.0
1157 529.0
1158 203.0
1159 363.0
1160 461.0
1161 456.0
1162 363.0
1163 204.0
1164 203.0
1165 203.0
1166 203.0
1167 203.0
1168 204.0
1169 180.0
1170 180.0
1171 191.0
1172 203.0
1173 559.0
1174 109.0
1175 180.0
1176 38.0
1177 103.0
1178 203.0
1179 203.0
1180 203.0
1181 0.0
1182 109.0
1183 180.0
1184 38.0
1185 203.0
1186 203.0
1187 204.0
1188 204.0
1189 109.0
1190 251.0
1191 180.0
1192 32.0
1193 469.0
1194 32.0
1195 586.0
1196 203.0
1197 587.0
1198 1.0
1199 203.0
1200 363.0
1201 251.0
1202 559.0
1203 346.0
1204 363.0
1205 251.0
1206 310.0
1207 533.0
1208 391.0
1209 33.0
1210 321.0
1211 302.0
1212 466.0
1213 466.0
1214 204.0
1215 33.0
1216 203.0
1217 203.0
1218 98.0
1219 204.0
1220 180.0
1221 33.0
1222 203.0
1223 191.0
1224 587.0
1225 204.0
1226 32.0
1227 204.0
1228 33.0
1229 203.0
1230 203.0
1231 165.0
1232 30.0
1233 204.0
1234 180.0
1235 0.0
1236 32.0
1237 204.0
1238 204.0
1239 204.0
1240 109.0
1241 251.0
1242 104.0
1243 203.0
1244 251.0
1245 33.0
1246 146.0
1247 251.0
1248 251.0
1249 237.0
1250 231.0
1251 231.0
1252 33.0
1253 363.0
1254 561.0
1255 554.0
1256 251.0
1257 529.0
1258 533.0
1259 38.0
1260 363.0
1261 103.0
1262 572.0
1263 363.0
1264 449.0
1265 204.0
1266 251.0
1267 203.0
1268 203.0
1269 98.0
1270 180.0
1271 169.0
1272 180.0
1273 203.0
1274 191.0
1275 587.0
1276 180.0
1277 180.0
1278 38.0
1279 0.0
1280 109.0
1281 33.0
1282 165.0
1283 33.0
1284 30.0
1285 109.0
1286 203.0
1287 203.0
1288 204.0
1289 204.0
1290 204.0
1291 109.0
1292 251.0
1293 251.0
1294 203.0
1295 363.0
1296 33.0
1297 133.0
1298 251.0
1299 236.0
1300 165.0
1301 231.0
1302 363.0
1303 363.0
1304 550.0
1305 363.0
1306 313.0
1307 313.0
1308 252.0
1309 251.0
1310 533.0
1311 312.0
1312 251.0
1313 32.0
1314 310.0
1315 466.0
1316 400.0
1317 466.0
1318 468.0
1319 203.0
1320 203.0
1321 204.0
1322 158.0
1323 180.0
1324 191.0
1325 191.0
1326 587.0
1327 38.0
1328 180.0
1329 38.0
1330 33.0
1331 204.0
1332 203.0
1333 363.0
1334 33.0
1335 0.0
1336 109.0
1337 38.0
1338 203.0
1339 204.0
1340 204.0
1341 204.0
1342 0.0
1343 109.0
1344 191.0
1345 203.0
1346 300.0
1347 251.0
1348 251.0
1349 204.0
1350 237.0
1351 154.0
1352 229.0
1353 363.0
1354 252.0
1355 479.0
1356 363.0
1357 561.0
1358 251.0
1359 363.0
1360 252.0
1361 203.0
1362 33.0
1363 363.0
1364 363.0
1365 461.0
1366 363.0
1367 32.0
1368 466.0
1369 416.0
1370 313.0
1371 180.0
1372 203.0
1373 175.0
1374 0.0
1375 191.0
1376 191.0
1377 587.0
1378 38.0
1379 207.0
1380 169.0
1381 204.0
1382 203.0
1383 203.0
1384 203.0
1385 204.0
1386 33.0
1387 180.0
1388 204.0
1389 203.0
1390 203.0
1391 204.0
1392 204.0
1393 0.0
1394 251.0
1395 104.0
1396 312.0
1397 251.0
1398 180.0
1399 391.0
1400 0.0
1401 146.0
1402 0.0
1403 231.0
1404 521.0
1405 363.0
1406 33.0
1407 479.0
1408 561.0
1409 252.0
1410 529.0
1411 533.0
1412 38.0
1413 32.0
1414 203.0
1415 363.0
1416 204.0
1417 363.0
1418 466.0
1419 252.0
1420 468.0
1421 313.0
1422 33.0
1423 38.0
1424 180.0
1425 180.0
1426 203.0
1427 191.0
1428 587.0
1429 38.0
1430 32.0
1431 32.0
1432 32.0
1433 38.0
1434 203.0
1435 363.0
1436 30.0
1437 33.0
1438 180.0
1439 203.0
1440 203.0
1441 204.0
1442 204.0
1443 204.0
1444 109.0
1445 251.0
1446 203.0
1447 470.0
1448 474.0
1449 0.0
1450 133.0
1451 251.0
1452 175.0
1453 264.0
1454 363.0
1455 363.0
1456 477.0
1457 363.0
1458 473.0
1459 553.0
1460 521.0
1461 363.0
1462 533.0
1463 204.0
1464 203.0
1465 0.0
1466 372.0
1467 310.0
1468 400.0
1469 204.0
1470 203.0
1471 203.0
1472 448.0
1473 203.0
1474 203.0
1475 158.0
1476 32.0
1477 203.0
1478 191.0
1479 587.0
1480 38.0
1481 180.0
1482 32.0
1483 203.0
1484 204.0
1485 38.0
1486 165.0
1487 33.0
1488 32.0
1489 109.0
1490 204.0
1491 191.0
1492 204.0
1493 204.0
1494 204.0
1495 109.0
1496 251.0
1497 451.0
1498 176.0
1499 306.0
1500 578.0
1501 363.0
1502 251.0
1503 236.0
1504 165.0
1505 251.0
1506 321.0
1507 363.0
1508 554.0
1509 363.0
1510 561.0
1511 204.0
1512 363.0
1513 529.0
1514 391.0
1515 116.0
1516 363.0
1517 363.0
1518 572.0
1519 466.0
1520 444.0
1521 203.0
1522 251.0
1523 252.0
1524 203.0
1525 180.0
1526 180.0
1527 169.0
1528 203.0
1529 191.0
1530 587.0
1531 38.0
1532 169.0
1533 180.0
1534 33.0
1535 158.0
1536 203.0
1537 203.0
1538 33.0
1539 203.0
1540 109.0
1541 231.0
1542 203.0
1543 204.0
1544 203.0
1545 204.0
1546 109.0
1547 203.0
1548 38.0
1549 330.0
1550 251.0
1551 180.0
1552 251.0
1553 203.0
1554 237.0
1555 204.0
1556 363.0
1557 363.0
1558 252.0
1559 317.0
1560 474.0
1561 561.0
1562 252.0
1563 529.0
1564 538.0
1565 324.0
1566 38.0
1567 561.0
1568 363.0
1569 363.0
1570 312.0
1571 251.0
1572 33.0
1573 313.0
1574 468.0
1575 204.0
1576 204.0
1577 203.0
1578 169.0
1579 191.0
1580 203.0
1581 587.0
1582 38.0
1583 207.0
1584 49.0
1585 109.0
1586 109.0
1587 251.0
1588 363.0
1589 0.0
1590 33.0
1591 109.0
1592 30.0
1593 252.0
1594 203.0
1595 204.0
1596 204.0
1597 109.0
1598 44.0
1599 204.0
1600 451.0
1601 251.0
1602 180.0
1603 506.0
1604 266.0
1605 146.0
1606 0.0
1607 363.0
1608 363.0
1609 252.0
1610 33.0
1611 251.0
1612 363.0
1613 252.0
1614 252.0
1615 533.0
1616 203.0
1617 203.0
1618 500.0
1619 363.0
1620 363.0
1621 363.0
1622 204.0
1623 203.0
1624 448.0
1625 416.0
1626 203.0
1627 203.0
1628 204.0
1629 0.0
1630 203.0
1631 191.0
1632 587.0
1633 204.0
1634 229.0
1635 38.0
1636 204.0
1637 204.0
1638 203.0
1639 165.0
1640 33.0
1641 1.0
1642 1.0
1643 32.0
1644 204.0
1645 203.0
1646 204.0
1647 204.0
1648 109.0
1649 114.0
1650 443.0
1651 451.0
1652 363.0
1653 285.0
1654 520.0
1655 251.0
1656 237.0
1657 167.0
1658 312.0
1659 315.0
1660 363.0
1661 561.0
1662 363.0
1663 313.0
1664 252.0
1665 538.0
1666 534.0
1667 204.0
1668 363.0
1669 363.0
1670 204.0
1671 323.0
1672 310.0
1673 204.0
1674 203.0
1675 251.0
1676 251.0
1677 251.0
1678 180.0
1679 180.0
1680 0.0
1681 203.0
1682 203.0
1683 587.0
1684 38.0
1685 169.0
1686 38.0
1687 203.0
1688 203.0
1689 203.0
1690 203.0
1691 104.0
1692 33.0
1693 109.0
1694 204.0
1695 204.0
1696 203.0
1697 204.0
1698 204.0
1699 0.0
1700 456.0
1701 38.0
1702 180.0
1703 251.0
1704 581.0
1705 251.0
1706 179.0
1707 233.0
1708 173.0
1709 32.0
1710 251.0
1711 32.0
1712 363.0
1713 526.0
1714 561.0
1715 251.0
1716 363.0
1717 529.0
1718 387.0
1719 32.0
1720 363.0
1721 461.0
1722 301.0
1723 466.0
1724 444.0
1725 203.0
1726 416.0
1727 251.0
1728 251.0
1729 252.0
1730 180.0
1731 0.0
1732 203.0
1733 191.0
1734 587.0
1735 38.0
1736 180.0
1737 38.0
1738 33.0
1739 203.0
1740 203.0
1741 363.0
1742 30.0
1743 33.0
1744 363.0
1745 30.0
1746 203.0
1747 38.0
1748 204.0
1749 204.0
1750 109.0
1751 203.0
1752 311.0
1753 451.0
1754 251.0
1755 251.0
1756 270.0
1757 283.0
1758 263.0
1759 0.0
1760 321.0
1761 363.0
1762 252.0
1763 559.0
1764 561.0
1765 561.0
1766 252.0
1767 252.0
1768 533.0
1769 391.0
1770 103.0
1771 500.0
1772 572.0
1773 363.0
1774 466.0
1775 251.0
1776 203.0
1777 410.0
1778 416.0
1779 251.0
1780 317.0
1781 306.0
1782 180.0
1783 191.0
1784 203.0
1785 587.0
1786 38.0
1787 229.0
1788 180.0
1789 114.0
1790 204.0
1791 203.0
1792 165.0
1793 33.0
1794 32.0
1795 32.0
1796 204.0
1797 204.0
1798 204.0
1799 204.0
1800 204.0
1801 109.0
1802 114.0
1803 384.0
1804 331.0
1805 204.0
1806 287.0
1807 251.0
1808 493.0
1809 263.0
1810 251.0
1811 363.0
1812 363.0
1813 252.0
1814 561.0
1815 363.0
1816 561.0
1817 252.0
1818 529.0
1819 538.0
1820 322.0
1821 363.0
1822 323.0
1823 310.0
1824 363.0
1825 363.0
1826 204.0
1827 203.0
1828 252.0
1829 412.0
1830 251.0
1831 203.0
1832 521.0
1833 0.0
1834 191.0
1835 191.0
1836 587.0
1837 38.0
1838 229.0
1839 180.0
1840 203.0
1841 204.0
1842 203.0
1843 165.0
1844 33.0
1845 33.0
1846 109.0
1847 252.0
1848 114.0
1849 38.0
1850 204.0
1851 204.0
1852 109.0
1853 203.0
1854 38.0
1855 330.0
1856 251.0
1857 263.0
1858 251.0
1859 251.0
1860 175.0
1861 173.0
1862 252.0
1863 315.0
1864 324.0
1865 363.0
1866 559.0
1867 561.0
1868 252.0
1869 363.0
1870 524.0
1871 533.0
1872 307.0
1873 363.0
1874 363.0
1875 310.0
1876 572.0
1877 204.0
1878 203.0
1879 252.0
1880 251.0
1881 38.0
1882 521.0
1883 203.0
1884 1.0
1885 203.0
1886 191.0
1887 587.0
1888 38.0
1889 169.0
1890 38.0
1891 33.0
1892 203.0
1893 33.0
1894 203.0
1895 204.0
1896 251.0
1897 301.0
1898 203.0
1899 364.0
1900 203.0
1901 204.0
1902 204.0
1903 109.0
1904 114.0
1905 204.0
1906 0.0
1907 363.0
1908 251.0
1909 251.0
1910 74.0
1911 175.0
1912 204.0
1913 0.0
1914 363.0
1915 203.0
1916 33.0
1917 203.0
1918 553.0
1919 252.0
1920 499.0
1921 533.0
1922 324.0
1923 363.0
1924 500.0
1925 363.0
1926 310.0
1927 363.0
1928 391.0
1929 203.0
1930 416.0
1931 472.0
1932 203.0
1933 473.0
1934 310.0
1935 0.0
1936 203.0
1937 203.0
1938 587.0
1939 38.0
1940 229.0
1941 38.0
1942 109.0
1943 251.0
1944 203.0
1945 203.0
1946 30.0
1947 30.0
1948 0.0
1949 30.0
1950 203.0
1951 38.0
1952 204.0
1953 204.0
1954 109.0
1955 251.0
1956 319.0
1957 451.0
1958 363.0
1959 390.0
1960 251.0
1961 520.0
1962 587.0
1963 0.0
1964 363.0
1965 363.0
1966 252.0
1967 559.0
1968 363.0
1969 561.0
1970 534.0
1971 252.0
1972 538.0
1973 533.0
1974 32.0
1975 572.0
1976 310.0
1977 363.0
1978 363.0
1979 38.0
1980 203.0
1981 454.0
1982 448.0
1983 203.0
1984 203.0
1985 30.0
1986 0.0
1987 191.0
1988 191.0
1989 587.0
1990 38.0
1991 229.0
1992 38.0
1993 98.0
1994 204.0
1995 203.0
1996 165.0
1997 33.0
1998 204.0
1999 0.0
2000 33.0
2001 114.0
2002 98.0
2003 204.0
2004 204.0
2005 109.0
2006 203.0
2007 456.0
2008 203.0
2009 203.0
2010 278.0
2011 363.0
2012 266.0
2013 263.0
2014 263.0
2015 321.0
2016 321.0
2017 363.0
2018 363.0
2019 550.0
2020 561.0
2021 561.0
2022 363.0
2023 534.0
2024 512.0
2025 251.0
2026 572.0
2027 372.0
2028 310.0
2029 363.0
2030 204.0
2031 203.0
2032 251.0
2033 251.0
2034 204.0
2035 317.0
2036 252.0
2037 203.0
2038 203.0
2039 191.0
2040 587.0
2041 38.0
2042 229.0
2043 38.0
2044 33.0
2045 252.0
2046 203.0
2047 165.0
2048 33.0
2049 204.0
2050 109.0
2051 203.0
2052 204.0
2053 33.0
2054 204.0
2055 204.0
2056 109.0
2057 114.0
2058 251.0
2059 311.0
2060 170.0
2061 499.0
2062 146.0
2063 179.0
2064 237.0
2065 162.0
2066 313.0
2067 321.0
2068 33.0
2069 560.0
2070 472.0
2071 561.0
2072 561.0
2073 313.0
2074 538.0
2075 252.0
2076 527.0
2077 572.0
2078 363.0
2079 363.0
2080 363.0
2081 507.0
2082 203.0
2083 448.0
2084 448.0
2085 203.0
2086 474.0
2087 203.0
2088 203.0
2089 203.0
2090 203.0
2091 587.0
2092 38.0
2093 180.0
2094 38.0
2095 33.0
2096 109.0
2097 203.0
2098 203.0
2099 31.0
2100 0.0
2101 0.0
2102 336.0
2103 203.0
2104 98.0
2105 204.0
2106 204.0
2107 109.0
2108 203.0
2109 319.0
2110 252.0
2111 170.0
2112 391.0
2113 363.0
2114 587.0
2115 237.0
2116 317.0
2117 313.0
2118 363.0
2119 252.0
2120 559.0
2121 473.0
2122 561.0
2123 561.0
2124 561.0
2125 533.0
2126 519.0
2127 363.0
2128 572.0
2129 363.0
2130 461.0
2131 363.0
2132 298.0
2133 203.0
2134 448.0
2135 448.0
2136 203.0
2137 252.0
2138 203.0
2139 203.0
2140 203.0
2141 203.0
2142 587.0
2143 38.0
2144 169.0
2145 38.0
2146 38.0
2147 33.0
2148 204.0
2149 203.0
2150 31.0
2151 204.0
2152 364.0
2153 0.0
2154 203.0
2155 32.0
2156 204.0
2157 204.0
2158 109.0
2159 44.0
2160 203.0
2161 147.0
2162 363.0
2163 251.0
2164 554.0
2165 251.0
2166 263.0
2167 146.0
2168 363.0
2169 321.0
2170 561.0
2171 553.0
2172 474.0
2173 561.0
2174 252.0
2175 561.0
2176 313.0
2177 533.0
2178 363.0
2179 572.0
2180 572.0
2181 363.0
2182 363.0
2183 309.0
2184 203.0
2185 251.0
2186 203.0
2187 251.0
2188 317.0
2189 473.0
2190 0.0
2191 203.0
2192 312.0
2193 587.0
2194 38.0
2195 229.0
2196 38.0
2197 204.0
2198 33.0
2199 203.0
2200 363.0
2201 33.0
2202 203.0
2203 109.0
2204 252.0
2205 103.0
2206 38.0
2207 204.0
2208 204.0
2209 109.0
2210 114.0
2211 251.0
2212 251.0
2213 204.0
2214 268.0
2215 266.0
2216 251.0
2217 237.0
2218 204.0
2219 251.0
2220 559.0
2221 251.0
2222 317.0
2223 363.0
2224 561.0
2225 561.0
2226 313.0
2227 561.0
2228 533.0
2229 534.0
2230 572.0
2231 363.0
2232 389.0
2233 363.0
2234 474.0
2235 203.0
2236 448.0
2237 463.0
2238 251.0
2239 252.0
2240 474.0
2241 34.0
2242 169.0
2243 191.0
2244 587.0
2245 191.0
2246 229.0
2247 38.0
2248 33.0
2249 98.0
2250 203.0
2251 165.0
2252 33.0
2253 0.0
2254 0.0
2255 203.0
2256 114.0
2257 204.0
2258 204.0
2259 204.0
2260 109.0
2261 203.0
2262 443.0
2263 459.0
2264 204.0
2265 391.0
2266 235.0
2267 266.0
2268 237.0
2269 236.0
2270 252.0
2271 363.0
2272 550.0
2273 339.0
2274 317.0
2275 561.0
2276 561.0
2277 561.0
2278 561.0
2279 564.0
2280 251.0
2281 572.0
2282 363.0
2283 363.0
2284 572.0
2285 363.0
2286 203.0
2287 468.0
2288 454.0
2289 252.0
2290 252.0
2291 203.0
2292 33.0
2293 203.0
2294 169.0
2295 587.0
2296 38.0
2297 169.0
2298 38.0
2299 33.0
2300 38.0
2301 33.0
2302 203.0
2303 31.0
2304 0.0
2305 109.0
2306 30.0
2307 203.0
2308 203.0
2309 204.0
2310 204.0
2311 109.0
2312 203.0
2313 203.0
2314 451.0
2315 203.0
2316 391.0
2317 251.0
2318 265.0
2319 237.0
2320 278.0
2321 252.0
2322 556.0
2323 477.0
2324 363.0
2325 561.0
2326 561.0
2327 191.0
2328 561.0
2329 533.0
2330 561.0
2331 363.0
2332 572.0
2333 461.0
2334 572.0
2335 363.0
2336 363.0
2337 203.0
2338 450.0
2339 252.0
2340 413.0
2341 251.0
2342 252.0
2343 0.0
2344 203.0
2345 203.0
2346 587.0
2347 38.0
2348 207.0
2349 32.0
2350 98.0
2351 33.0
2352 203.0
2353 203.0
2354 31.0
2355 0.0
2356 109.0
2357 0.0
2358 49.0
2359 38.0
2360 204.0
2361 204.0
2362 109.0
2363 114.0
2364 251.0
2365 38.0
2366 251.0
2367 251.0
2368 554.0
2369 251.0
2370 263.0
2371 264.0
2372 363.0
2373 561.0
2374 561.0
2375 550.0
2376 559.0
2377 561.0
2378 561.0
2379 561.0
2380 251.0
2381 561.0
2382 363.0
2383 572.0
2384 363.0
2385 363.0
2386 312.0
2387 507.0
2388 203.0
2389 454.0
2390 251.0
2391 565.0
2392 251.0
2393 252.0
2394 33.0
2395 191.0
2396 191.0
2397 587.0
2398 49.0
2399 207.0
2400 38.0
2401 32.0
2402 33.0
2403 203.0
2404 165.0
2405 33.0
2406 204.0
2407 0.0
2408 281.0
2409 114.0
2410 204.0
2411 204.0
2412 204.0
2413 109.0
2414 203.0
2415 468.0
2416 464.0
2417 251.0
2418 251.0
2419 580.0
2420 251.0
2421 263.0
2422 203.0
2423 363.0
2424 561.0
2425 561.0
2426 526.0
2427 550.0
2428 561.0
2429 561.0
2430 313.0
2431 561.0
2432 564.0
2433 376.0
2434 572.0
2435 363.0
2436 363.0
2437 363.0
2438 363.0
2439 203.0
2440 472.0
2441 251.0
2442 549.0
2443 507.0
2444 305.0
2445 0.0
2446 203.0
2447 203.0
2448 587.0
2449 38.0
2450 180.0
2451 204.0
2452 33.0
2453 98.0
2454 33.0
2455 363.0
2456 31.0
2457 204.0
2458 251.0
2459 203.0
2460 203.0
2461 203.0
2462 204.0
2463 204.0
2464 109.0
2465 204.0
2466 456.0
2467 252.0
2468 180.0
2469 391.0
2470 235.0
2471 251.0
2472 237.0
2473 203.0
2474 363.0
2475 561.0
2476 477.0
2477 473.0
2478 550.0
2479 561.0
2480 313.0
2481 561.0
2482 313.0
2483 313.0
2484 534.0
2485 572.0
2486 363.0
2487 363.0
2488 363.0
2489 507.0
2490 203.0
2491 251.0
2492 403.0
2493 516.0
2494 403.0
2495 251.0
2496 0.0
2497 203.0
2498 169.0
2499 587.0
2500 180.0
2501 180.0
2502 38.0
2503 203.0
2504 33.0
2505 33.0
2506 363.0
2507 31.0
2508 0.0
2509 109.0
2510 33.0
2511 115.0
2512 98.0
2513 204.0
2514 204.0
2515 109.0
2516 204.0
2517 251.0
2518 251.0
2519 251.0
2520 499.0
2521 251.0
2522 251.0
2523 237.0
2524 203.0
2525 363.0
2526 556.0
2527 561.0
2528 363.0
2529 561.0
2530 561.0
2531 0.0
2532 363.0
2533 251.0
2534 564.0
2535 363.0
2536 572.0
2537 363.0
2538 310.0
2539 310.0
2540 363.0
2541 203.0
2542 454.0
2543 1.0
2544 413.0
2545 317.0
2546 252.0
2547 33.0
2548 191.0
2549 38.0
2550 587.0
2551 49.0
2552 203.0
2553 38.0
2554 251.0
2555 33.0
2556 33.0
2557 165.0
2558 33.0
2559 0.0
2560 109.0
2561 33.0
2562 103.0
2563 204.0
2564 204.0
2565 204.0
2566 109.0
2567 203.0
2568 468.0
2569 469.0
2570 363.0
2571 251.0
2572 251.0
2573 265.0
2574 251.0
2575 146.0
2576 363.0
2577 561.0
2578 561.0
2579 561.0
2580 561.0
2581 561.0
2582 561.0
2583 363.0
2584 561.0
2585 561.0
2586 363.0
2587 572.0
2588 363.0
2589 363.0
2590 363.0
2591 363.0
2592 203.0
2593 251.0
2594 443.0
2595 549.0
2596 251.0
2597 317.0
2598 0.0
2599 180.0
2600 203.0
2601 587.0
2602 38.0
2603 207.0
2604 38.0
2605 203.0
2606 33.0
2607 33.0
2608 363.0
2609 33.0
2610 25.0
2611 0.0
2612 252.0
2613 203.0
2614 33.0
2615 203.0
2616 204.0
2617 109.0
2618 204.0
2619 444.0
2620 472.0
2621 363.0
2622 266.0
2623 74.0
2624 587.0
2625 237.0
2626 485.0
2627 363.0
2628 561.0
2629 561.0
2630 559.0
2631 550.0
2632 561.0
2633 561.0
2634 363.0
2635 561.0
2636 313.0
2637 251.0
2638 572.0
2639 461.0
2640 363.0
2641 363.0
2642 363.0
2643 203.0
2644 472.0
2645 252.0
2646 565.0
2647 521.0
2648 473.0
2649 0.0
2650 180.0
2651 203.0
2652 587.0
2653 191.0
2654 180.0
2655 38.0
2656 33.0
2657 44.0
2658 203.0
2659 363.0
2660 31.0
2661 0.0
2662 109.0
2663 38.0
2664 203.0
2665 98.0
2666 204.0
2667 204.0
2668 109.0
2669 204.0
2670 251.0
2671 387.0
2672 391.0
2673 576.0
2674 251.0
2675 251.0
2676 237.0
2677 167.0
2678 556.0
2679 561.0
2680 477.0
2681 554.0
2682 565.0
2683 561.0
2684 251.0
2685 561.0
2686 251.0
2687 313.0
2688 529.0
2689 572.0
2690 32.0
2691 204.0
2692 572.0
2693 572.0
2694 204.0
2695 468.0
2696 251.0
2697 413.0
2698 403.0
2699 252.0
2700 1.0
2701 203.0
2702 203.0
2703 587.0
2704 38.0
2705 0.0
2706 180.0
2707 33.0
2708 44.0
2709 203.0
2710 165.0
2711 32.0
2712 204.0
2713 251.0
2714 38.0
2715 204.0
2716 203.0
2717 204.0
2718 204.0
2719 109.0
2720 204.0
2721 251.0
2722 307.0
2723 203.0
2724 576.0
2725 478.0
2726 251.0
2727 251.0
2728 269.0
2729 559.0
2730 561.0
2731 561.0
2732 559.0
2733 472.0
2734 337.0
2735 561.0
2736 313.0
2737 561.0
2738 564.0
2739 251.0
2740 572.0
2741 323.0
2742 363.0
2743 363.0
2744 363.0
2745 203.0
2746 472.0
2747 251.0
2748 549.0
2749 317.0
2750 317.0
2751 203.0
2752 169.0
2753 191.0
2754 587.0
2755 204.0
2756 203.0
2757 49.0
2758 204.0
2759 33.0
2760 203.0
2761 203.0
2762 33.0
2763 33.0
2764 0.0
2765 275.0
2766 103.0
2767 204.0
2768 203.0
2769 204.0
2770 109.0
2771 204.0
2772 468.0
2773 311.0
2774 203.0
2775 251.0
2776 270.0
2777 587.0
2778 587.0
2779 251.0
2780 559.0
2781 561.0
2782 561.0
2783 561.0
2784 561.0
2785 561.0
2786 561.0
2787 561.0
2788 252.0
2789 564.0
2790 376.0
2791 363.0
2792 461.0
2793 461.0
2794 572.0
2795 505.0
2796 204.0
2797 251.0
2798 363.0
2799 549.0
2800 252.0
2801 252.0
2802 0.0
2803 203.0
2804 169.0
2805 587.0
2806 25.0
2807 180.0
2808 38.0
2809 33.0
2810 33.0
2811 33.0
2812 363.0
2813 33.0
2814 0.0
2815 0.0
2816 270.0
2817 280.0
2818 203.0
2819 203.0
2820 204.0
2821 109.0
2822 204.0
2823 475.0
2824 252.0
2825 204.0
2826 581.0
2827 587.0
2828 520.0
2829 204.0
2830 337.0
2831 252.0
2832 561.0
2833 304.0
2834 561.0
2835 337.0
2836 561.0
2837 534.0
2838 561.0
2839 252.0
2840 564.0
2841 203.0
2842 572.0
2843 363.0
2844 32.0
2845 363.0
2846 572.0
2847 203.0
2848 472.0
2849 251.0
2850 403.0
2851 252.0
2852 252.0
2853 33.0
2854 203.0
2855 203.0
2856 587.0
2857 251.0
2858 229.0
2859 38.0
2860 33.0
2861 44.0
2862 204.0
2863 363.0
2864 30.0
2865 0.0
2866 363.0
2867 33.0
2868 49.0
2869 98.0
2870 204.0
2871 204.0
2872 104.0
2873 204.0
2874 363.0
2875 468.0
2876 311.0
2877 251.0
2878 363.0
2879 251.0
2880 175.0
2881 587.0
2882 252.0
2883 561.0
2884 477.0
2885 561.0
2886 460.0
2887 561.0
2888 561.0
2889 313.0
2890 252.0
2891 313.0
2892 203.0
2893 572.0
2894 204.0
2895 363.0
2896 363.0
2897 363.0
2898 203.0
2899 468.0
2900 251.0
2901 407.0
2902 489.0
2903 473.0
2904 33.0
2905 191.0
2906 191.0
2907 587.0
2908 203.0
2909 203.0
2910 49.0
2911 32.0
2912 114.0
2913 33.0
2914 363.0
2915 32.0
2916 32.0
2917 109.0
2918 38.0
2919 204.0
2920 203.0
2921 204.0
2922 204.0
2923 104.0
2924 204.0
2925 251.0
2926 475.0
2927 204.0
2928 586.0
2929 251.0
2930 511.0
2931 263.0
2932 236.0
2933 363.0
2934 561.0
2935 561.0
2936 561.0
2937 474.0
2938 460.0
2939 561.0
2940 561.0
2941 252.0
2942 313.0
2943 251.0
2944 363.0
2945 461.0
2946 300.0
2947 301.0
2948 572.0
2949 203.0
2950 472.0
2951 204.0
2952 549.0
2953 252.0
2954 305.0
2955 0.0
2956 191.0
2957 191.0
2958 587.0
2959 203.0
2960 32.0
2961 49.0
2962 33.0
2963 33.0
2964 33.0
2965 165.0
2966 204.0
2967 204.0
2968 288.0
2969 204.0
2970 252.0
2971 203.0
2972 204.0
2973 204.0
2974 109.0
2975 204.0
2976 381.0
2977 311.0
2978 363.0
2979 264.0
2980 511.0
2981 520.0
2982 274.0
2983 237.0
2984 363.0
2985 561.0
2986 561.0
2987 561.0
2988 561.0
2989 561.0
2990 561.0
2991 561.0
2992 252.0
2993 564.0
2994 517.0
2995 323.0
2996 363.0
2997 203.0
2998 363.0
2999 572.0
3000 203.0
3001 472.0
3002 252.0
3003 403.0
3004 252.0
3005 251.0
3006 0.0
3007 191.0
3008 203.0
3009 587.0
3010 203.0
3011 251.0
3012 38.0
3013 33.0
3014 33.0
3015 360.0
3016 165.0
3017 204.0
3018 0.0
3019 32.0
3020 38.0
3021 252.0
3022 204.0
3023 204.0
3024 204.0
3025 109.0
3026 204.0
3027 251.0
3028 475.0
3029 323.0
3030 251.0
3031 511.0
3032 251.0
3033 263.0
3034 363.0
3035 363.0
3036 561.0
3037 561.0
3038 561.0
3039 474.0
3040 561.0
3041 561.0
3042 561.0
3043 252.0
3044 564.0
3045 251.0
3046 251.0
3047 312.0
3048 310.0
3049 363.0
3050 363.0
3051 203.0
3052 472.0
3053 204.0
3054 251.0
3055 318.0
3056 521.0
3057 33.0
3058 191.0
3059 158.0
3060 587.0
3061 203.0
3062 203.0
3063 38.0
3064 33.0
3065 38.0
3066 33.0
3067 363.0
3068 104.0
3069 204.0
3070 288.0
3071 33.0
3072 204.0
3073 280.0
3074 204.0
3075 204.0
3076 109.0
3077 114.0
3078 363.0
3079 469.0
3080 203.0
3081 587.0
3082 587.0
3083 511.0
3084 236.0
3085 268.0
3086 559.0
3087 561.0
3088 561.0
3089 559.0
3090 559.0
3091 473.0
3092 561.0
3093 561.0
3094 252.0
3095 564.0
3096 204.0
3097 572.0
3098 310.0
3099 461.0
3100 572.0
3101 572.0
3102 323.0
3103 472.0
3104 203.0
3105 507.0
3106 317.0
3107 252.0
3108 0.0
3109 191.0
3110 191.0
3111 587.0
3112 203.0
3113 251.0
3114 38.0
3115 0.0
3116 33.0
3117 203.0
3118 363.0
3119 204.0
3120 38.0
3121 218.0
3122 275.0
3123 251.0
3124 204.0
3125 160.0
3126 204.0
3127 109.0
3128 204.0
3129 251.0
3130 480.0
3131 251.0
3132 390.0
3133 251.0
3134 587.0
3135 236.0
3136 237.0
3137 363.0
3138 561.0
3139 561.0
3140 559.0
3141 561.0
3142 474.0
3143 561.0
3144 561.0
3145 252.0
3146 313.0
3147 38.0
3148 323.0
3149 363.0
3150 363.0
3151 363.0
3152 572.0
3153 203.0
3154 472.0
3155 203.0
3156 252.0
3157 252.0
3158 251.0
3159 204.0
3160 203.0
3161 204.0
3162 587.0
3163 203.0
3164 32.0
3165 32.0
3166 252.0
3167 98.0
3168 204.0
3169 363.0
3170 204.0
3171 0.0
3172 104.0
3173 33.0
3174 252.0
3175 204.0
3176 204.0
3177 204.0
3178 109.0
3179 203.0
3180 363.0
3181 311.0
3182 203.0
3183 587.0
3184 511.0
3185 251.0
3186 251.0
3187 235.0
3188 561.0
3189 561.0
3190 477.0
3191 363.0
3192 363.0
3193 561.0
3194 561.0
3195 561.0
3196 251.0
3197 564.0
3198 109.0
3199 500.0
3200 363.0
3201 310.0
3202 572.0
3203 363.0
3204 203.0
3205 472.0
3206 203.0
3207 403.0
3208 251.0
3209 251.0
3210 203.0
3211 191.0
3212 203.0
3213 587.0
3214 203.0
3215 180.0
3216 203.0
3217 33.0
3218 33.0
3219 33.0
3220 363.0
3221 109.0
3222 203.0
3223 98.0
3224 269.0
3225 203.0
3226 164.0
3227 30.0
3228 204.0
3229 109.0
3230 203.0
3231 203.0
3232 475.0
3233 306.0
3234 581.0
3235 251.0
3236 251.0
3237 0.0
3238 266.0
3239 363.0
3240 561.0
3241 477.0
3242 363.0
3243 565.0
3244 473.0
3245 561.0
3246 561.0
3247 252.0
3248 313.0
3249 38.0
3250 363.0
3251 363.0
3252 572.0
3253 363.0
3254 572.0
3255 203.0
3256 472.0
3257 204.0
3258 407.0
3259 252.0
3260 521.0
3261 1.0
3262 191.0
3263 191.0
3264 587.0
3265 203.0
3266 203.0
3267 38.0
3268 251.0
3269 33.0
3270 203.0
3271 363.0
3272 109.0
3273 109.0
3274 363.0
3275 269.0
3276 109.0
3277 38.0
3278 204.0
3279 204.0
3280 109.0
3281 204.0
3282 381.0
3283 203.0
3284 363.0
3285 278.0
3286 587.0
3287 177.0
3288 165.0
3289 291.0
3290 561.0
3291 561.0
3292 561.0
3293 559.0
3294 337.0
3295 522.0
3296 561.0
3297 561.0
3298 32.0
3299 313.0
3300 38.0
3301 572.0
3302 572.0
3303 363.0
3304 572.0
3305 572.0
3306 203.0
3307 472.0
3308 471.0
3309 516.0
3310 251.0
3311 251.0
3312 0.0
3313 38.0
3314 180.0
3315 587.0
3316 203.0
3317 203.0
3318 38.0
3319 98.0
3320 33.0
3321 33.0
3322 363.0
3323 204.0
3324 0.0
3325 306.0
3326 1.0
3327 252.0
3328 314.0
3329 203.0
3330 204.0
3331 104.0
3332 204.0
3333 251.0
3334 363.0
3335 363.0
3336 363.0
3337 511.0
3338 587.0
3339 174.0
3340 266.0
3341 564.0
3342 561.0
3343 561.0
3344 559.0
3345 337.0
3346 561.0
3347 561.0
3348 561.0
3349 252.0
3350 564.0
3351 109.0
3352 572.0
3353 363.0
3354 363.0
3355 363.0
3356 363.0
3357 203.0
3358 450.0
3359 252.0
3360 413.0
3361 403.0
3362 521.0
3363 33.0
3364 191.0
3365 49.0
3366 587.0
3367 363.0
3368 32.0
3369 204.0
3370 33.0
3371 33.0
3372 203.0
3373 363.0
3374 204.0
3375 104.0
3376 104.0
3377 269.0
3378 187.0
3379 252.0
3380 204.0
3381 204.0
3382 203.0
3383 204.0
3384 204.0
3385 475.0
3386 391.0
3387 251.0
3388 511.0
3389 251.0
3390 154.0
3391 251.0
3392 225.0
3393 363.0
3394 561.0
3395 474.0
3396 337.0
3397 550.0
3398 252.0
3399 561.0
3400 561.0
3401 564.0
3402 38.0
3403 572.0
3404 572.0
3405 363.0
3406 363.0
3407 572.0
3408 203.0
3409 472.0
3410 0.0
3411 549.0
3412 318.0
3413 252.0
3414 203.0
3415 191.0
3416 203.0
3417 587.0
3418 203.0
3419 353.0
3420 204.0
3421 38.0
3422 203.0
3423 251.0
3424 363.0
3425 251.0
3426 109.0
3427 364.0
3428 280.0
3429 363.0
3430 203.0
3431 30.0
3432 204.0
3433 109.0
3434 114.0
3435 380.0
3436 469.0
3437 363.0
3438 231.0
3439 587.0
3440 511.0
3441 251.0
3442 268.0
3443 561.0
3444 313.0
3445 477.0
3446 363.0
3447 337.0
3448 561.0
3449 561.0
3450 561.0
3451 252.0
3452 313.0
3453 38.0
3454 496.0
3455 363.0
3456 363.0
3457 572.0
3458 572.0
3459 203.0
3460 472.0
3461 203.0
3462 407.0
3463 413.0
3464 251.0
3465 203.0
3466 203.0
3467 363.0
3468 587.0
3469 363.0
3470 203.0
3471 203.0
3472 32.0
3473 204.0
3474 33.0
3475 363.0
3476 109.0
3477 104.0
3478 288.0
3479 38.0
3480 203.0
3481 49.0
3482 286.0
3483 204.0
3484 104.0
3485 203.0
3486 381.0
3487 313.0
3488 204.0
3489 587.0
3490 529.0
3491 391.0
3492 236.0
3493 363.0
3494 561.0
3495 252.0
3496 477.0
3497 479.0
3498 559.0
3499 33.0
3500 561.0
3501 561.0
3502 252.0
3503 564.0
3504 109.0
3505 363.0
3506 363.0
3507 572.0
3508 572.0
3509 572.0
3510 203.0
3511 472.0
3512 0.0
3513 403.0
3514 252.0
3515 317.0
3516 203.0
3517 203.0
3518 203.0
3519 587.0
3520 203.0
3521 203.0
3522 180.0
3523 98.0
3524 203.0
3525 203.0
3526 363.0
3527 109.0
3528 0.0
3529 104.0
3530 365.0
3531 187.0
3532 38.0
3533 38.0
3534 203.0
3535 104.0
3536 204.0
3537 251.0
3538 469.0
3539 203.0
3540 363.0
3541 587.0
3542 511.0
3543 251.0
3544 237.0
3545 363.0
3546 252.0
3547 304.0
3548 553.0
3549 559.0
3550 550.0
3551 561.0
3552 561.0
3553 251.0
3554 564.0
3555 109.0
3556 500.0
3557 363.0
3558 363.0
3559 572.0
3560 572.0
3561 203.0
3562 472.0
3563 0.0
3564 251.0
3565 318.0
3566 252.0
3567 1.0
3568 180.0
3569 203.0
3570 587.0
3571 363.0
3572 191.0
3573 204.0
3574 204.0
3575 109.0
3576 204.0
3577 363.0
3578 204.0
3579 203.0
3580 152.0
3581 351.0
3582 269.0
3583 314.0
3584 33.0
3585 203.0
3586 109.0
3587 109.0
3588 204.0
3589 469.0
3590 251.0
3591 251.0
3592 391.0
3593 511.0
3594 251.0
3595 237.0
3596 554.0
3597 363.0
3598 550.0
3599 474.0
3600 565.0
3601 371.0
3602 549.0
3603 561.0
3604 252.0
3605 564.0
3606 109.0
3607 572.0
3608 301.0
3609 363.0
3610 572.0
3611 572.0
3612 203.0
3613 472.0
3614 204.0
3615 565.0
3616 454.0
3617 251.0
3618 34.0
3619 191.0
3620 203.0
3621 587.0
3622 363.0
3623 203.0
3624 203.0
3625 33.0
3626 203.0
3627 203.0
3628 363.0
3629 252.0
3630 38.0
3631 152.0
3632 364.0
3633 203.0
3634 204.0
3635 203.0
3636 32.0
3637 104.0
3638 203.0
3639 32.0
3640 453.0
3641 251.0
3642 263.0
3643 251.0
3644 587.0
3645 558.0
3646 268.0
3647 556.0
3648 363.0
3649 561.0
3650 561.0
3651 337.0
3652 252.0
3653 561.0
3654 561.0
3655 252.0
3656 313.0
3657 38.0
3658 363.0
3659 572.0
3660 363.0
3661 572.0
3662 572.0
3663 203.0
3664 472.0
3665 251.0
3666 549.0
3667 252.0
3668 317.0
3669 203.0
3670 180.0
3671 203.0
3672 587.0
3673 203.0
3674 203.0
3675 180.0
3676 32.0
3677 204.0
3678 33.0
3679 363.0
3680 109.0
3681 0.0
3682 196.0
3683 109.0
3684 109.0
3685 203.0
3686 204.0
3687 32.0
3688 109.0
3689 32.0
3690 251.0
3691 251.0
3692 203.0
3693 587.0
3694 251.0
3695 520.0
3696 263.0
3697 266.0
3698 363.0
3699 231.0
3700 477.0
3701 561.0
3702 559.0
3703 460.0
3704 561.0
3705 561.0
3706 252.0
3707 564.0
3708 109.0
3709 500.0
3710 363.0
3711 363.0
3712 572.0
3713 572.0
3714 203.0
3715 472.0
3716 204.0
3717 309.0
3718 251.0
3719 252.0
3720 203.0
3721 203.0
3722 203.0
3723 587.0
3724 203.0
3725 203.0
3726 204.0
3727 32.0
3728 251.0
3729 203.0
3730 363.0
3731 251.0
3732 0.0
3733 367.0
3734 109.0
3735 109.0
3736 200.0
3737 203.0
3738 203.0
3739 203.0
3740 204.0
3741 381.0
3742 475.0
3743 204.0
3744 251.0
3745 520.0
3746 587.0
3747 263.0
3748 237.0
3749 314.0
3750 363.0
3751 304.0
3752 561.0
3753 559.0
3754 363.0
3755 313.0
3756 313.0
3757 252.0
3758 564.0
3759 109.0
3760 500.0
3761 363.0
3762 310.0
3763 572.0
3764 572.0
3765 203.0
3766 450.0
3767 251.0
3768 445.0
3769 454.0
3770 521.0
3771 203.0
3772 32.0
3773 203.0
3774 587.0
3775 203.0
3776 352.0
3777 180.0
3778 33.0
3779 109.0
3780 203.0
3781 363.0
3782 251.0
3783 32.0
3784 364.0
3785 281.0
3786 280.0
3787 231.0
3788 33.0
3789 286.0
3790 104.0
3791 203.0
3792 475.0
3793 475.0
3794 517.0
3795 587.0
3796 251.0
3797 363.0
3798 237.0
3799 266.0
3800 561.0
3801 252.0
3802 561.0
3803 460.0
3804 565.0
3805 559.0
3806 252.0
3807 561.0
3808 252.0
3809 313.0
3810 38.0
3811 251.0
3812 572.0
3813 572.0
3814 572.0
3815 572.0
3816 203.0
3817 472.0
3818 385.0
3819 251.0
3820 251.0
3821 372.0
3822 1.0
3823 191.0
3824 203.0
3825 587.0
3826 352.0
3827 203.0
3828 180.0
3829 33.0
3830 204.0
3831 33.0
3832 363.0
3833 363.0
3834 32.0
3835 192.0
3836 38.0
3837 282.0
3838 269.0
3839 30.0
3840 203.0
3841 98.0
3842 203.0
3843 32.0
3844 251.0
3845 517.0
3846 390.0
3847 251.0
3848 391.0
3849 237.0
3850 268.0
3851 561.0
3852 363.0
3853 561.0
3854 317.0
3855 559.0
3856 203.0
3857 561.0
3858 561.0
3859 310.0
3860 313.0
3861 38.0
3862 572.0
3863 363.0
3864 363.0
3865 572.0
3866 572.0
3867 203.0
3868 472.0
3869 251.0
3870 549.0
3871 513.0
3872 473.0
3873 0.0
3874 169.0
3875 109.0
3876 587.0
3877 203.0
3878 203.0
3879 180.0
3880 38.0
3881 251.0
3882 33.0
3883 363.0
3884 363.0
3885 38.0
3886 196.0
3887 0.0
3888 109.0
3889 38.0
3890 30.0
3891 33.0
3892 98.0
3893 203.0
3894 49.0
3895 204.0
3896 499.0
3897 587.0
3898 587.0
3899 264.0
3900 263.0
3901 237.0
3902 252.0
3903 203.0
3904 561.0
3905 554.0
3906 337.0
3907 561.0
3908 561.0
3909 561.0
3910 252.0
3911 313.0
3912 33.0
3913 500.0
3914 572.0
3915 572.0
3916 572.0
3917 572.0
3918 203.0
3919 450.0
3920 252.0
3921 407.0
3922 493.0
3923 252.0
3924 0.0
3925 169.0
3926 363.0
3927 587.0
3928 363.0
3929 32.0
3930 180.0
3931 33.0
3932 203.0
3933 203.0
3934 363.0
3935 363.0
3936 0.0
3937 364.0
3938 252.0
3939 109.0
3940 204.0
3941 33.0
3942 122.0
3943 104.0
3944 203.0
3945 444.0
3946 266.0
3947 363.0
3948 251.0
3949 264.0
3950 363.0
3951 587.0
3952 237.0
3953 314.0
3954 235.0
3955 561.0
3956 251.0
3957 565.0
3958 561.0
3959 561.0
3960 561.0
3961 252.0
3962 564.0
3963 109.0
3964 363.0
3965 363.0
3966 363.0
3967 572.0
3968 572.0
3969 203.0
3970 472.0
3971 251.0
3972 252.0
3973 251.0
3974 252.0
3975 0.0
3976 32.0
3977 203.0
3978 587.0
3979 363.0
3980 203.0
3981 203.0
3982 33.0
3983 204.0
3984 203.0
3985 363.0
3986 251.0
3987 38.0
3988 364.0
3989 252.0
3990 269.0
3991 204.0
3992 252.0
3993 285.0
3994 98.0
3995 204.0
3996 468.0
3997 385.0
3998 517.0
3999 587.0
4000 520.0
4001 251.0
4002 175.0
4003 363.0
4004 556.0
4005 252.0
4006 561.0
4007 33.0
4008 337.0
4009 559.0
4010 561.0
4011 561.0
4012 252.0
4013 564.0
4014 109.0
4015 323.0
4016 363.0
4017 310.0
4018 572.0
4019 572.0
4020 203.0
4021 472.0
4022 399.0
4023 512.0
4024 489.0
4025 521.0
4026 204.0
4027 169.0
4028 363.0
4029 587.0
4030 203.0
4031 203.0
4032 180.0
4033 38.0
4034 109.0
4035 203.0
4036 363.0
4037 363.0
4038 0.0
4039 196.0
4040 109.0
4041 365.0
4042 203.0
4043 30.0
4044 33.0
4045 109.0
4046 204.0
4047 457.0
4048 363.0
4049 516.0
4050 393.0
4051 529.0
4052 391.0
4053 363.0
4054 237.0
4055 556.0
4056 204.0
4057 561.0
4058 363.0
4059 559.0
4060 560.0
4061 561.0
4062 561.0
4063 252.0
4064 313.0
4065 38.0
4066 500.0
4067 363.0
4068 572.0
4069 572.0
4070 572.0
4071 203.0
4072 472.0
4073 252.0
4074 549.0
4075 318.0
4076 473.0
4077 0.0
4078 180.0
4079 361.0
4080 587.0
4081 352.0
4082 203.0
4083 180.0
4084 32.0
4085 33.0
4086 203.0
4087 363.0
4088 363.0
4089 0.0
4090 367.0
4091 109.0
4092 109.0
4093 180.0
4094 203.0
4095 252.0
4096 109.0
4097 203.0
4098 363.0
4099 204.0
4100 517.0
4101 587.0
4102 251.0
4103 264.0
4104 237.0
4105 237.0
4106 252.0
4107 252.0
4108 561.0
4109 337.0
4110 337.0
4111 561.0
4112 561.0
4113 561.0
4114 252.0
4115 564.0
4116 109.0
4117 572.0
4118 572.0
4119 363.0
4120 572.0
4121 572.0
4122 203.0
4123 472.0
4124 317.0
4125 251.0
4126 488.0
4127 473.0
4128 0.0
4129 32.0
4130 203.0
4131 587.0
4132 203.0
4133 203.0
4134 180.0
4135 33.0
4136 33.0
4137 203.0
4138 363.0
4139 363.0
4140 203.0
4141 367.0
4142 284.0
4143 269.0
4144 283.0
4145 204.0
4146 285.0
4147 104.0
4148 203.0
4149 455.0
4150 204.0
4151 390.0
4152 587.0
4153 511.0
4154 363.0
4155 237.0
4156 268.0
4157 564.0
4158 252.0
4159 477.0
4160 44.0
4161 337.0
4162 561.0
4163 561.0
4164 561.0
4165 252.0
4166 564.0
4167 203.0
4168 323.0
4169 363.0
4170 310.0
4171 572.0
4172 572.0
4173 98.0
4174 472.0
4175 251.0
4176 251.0
4177 251.0
4178 521.0
4179 0.0
4180 203.0
4181 203.0
4182 587.0
4183 203.0
4184 363.0
4185 191.0
4186 33.0
4187 44.0
4188 203.0
4189 363.0
4190 251.0
4191 38.0
4192 196.0
4193 336.0
4194 365.0
4195 204.0
4196 204.0
4197 363.0
4198 0.0
4199 204.0
4200 480.0
4201 389.0
4202 203.0
4203 587.0
4204 587.0
4205 511.0
4206 237.0
4207 268.0
4208 556.0
4209 315.0
4210 561.0
4211 317.0
4212 559.0
4213 559.0
4214 561.0
4215 363.0
4216 252.0
4217 564.0
4218 33.0
4219 363.0
4220 363.0
4221 363.0
4222 572.0
4223 572.0
4224 203.0
4225 472.0
4226 203.0
4227 407.0
4228 251.0
4229 521.0
4230 0.0
4231 169.0
4232 361.0
4233 587.0
4234 203.0
4235 203.0
4236 363.0
4237 32.0
4238 44.0
4239 251.0
4240 363.0
4241 363.0
4242 0.0
4243 33.0
4244 38.0
4245 109.0
4246 49.0
4247 32.0
4248 38.0
4249 109.0
4250 203.0
4251 304.0
4252 389.0
4253 169.0
4254 587.0
4255 529.0
4256 520.0
4257 263.0
4258 237.0
4259 559.0
4260 231.0
4261 561.0
4262 363.0
4263 559.0
4264 561.0
4265 561.0
4266 363.0
4267 252.0
4268 313.0
4269 251.0
4270 500.0
4271 363.0
4272 301.0
4273 572.0
4274 572.0
4275 203.0
4276 472.0
4277 204.0
4278 549.0
4279 489.0
4280 521.0
4281 0.0
4282 32.0
4283 361.0
4284 587.0
4285 203.0
4286 363.0
4287 363.0
4288 203.0
4289 44.0
4290 203.0
4291 363.0
4292 363.0
4293 0.0
4294 332.0
4295 280.0
4296 281.0
4297 240.0
4298 280.0
4299 269.0
4300 98.0
4301 114.0
4302 469.0
4303 169.0
4304 169.0
4305 587.0
4306 587.0
4307 587.0
4308 263.0
4309 237.0
4310 363.0
4311 363.0
4312 477.0
4313 252.0
4314 559.0
4315 363.0
4316 561.0
4317 561.0
4318 252.0
4319 564.0
4320 109.0
4321 572.0
4322 572.0
4323 572.0
4324 572.0
4325 572.0
4326 38.0
4327 472.0
4328 203.0
4329 403.0
4330 251.0
4331 521.0
4332 0.0
4333 169.0
4334 203.0
4335 587.0
4336 363.0
4337 38.0
4338 203.0
4339 363.0
4340 38.0
4341 251.0
4342 363.0
4343 363.0
4344 38.0
4345 289.0
4346 192.0
4347 365.0
4348 204.0
4349 38.0
4350 282.0
4351 109.0
4352 203.0
4353 251.0
4354 393.0
4355 587.0
4356 587.0
4357 587.0
4358 251.0
4359 237.0
4360 268.0
4361 561.0
4362 252.0
4363 561.0
4364 252.0
4365 337.0
4366 473.0
4367 561.0
4368 561.0
4369 252.0
4370 564.0
4371 38.0
4372 323.0
4373 363.0
4374 572.0
4375 572.0
4376 572.0
4377 203.0
4378 472.0
4379 252.0
4380 549.0
4381 521.0
4382 521.0
4383 0.0
4384 169.0
4385 203.0
4386 587.0
4387 203.0
4388 38.0
4389 180.0
4390 203.0
4391 44.0
4392 251.0
4393 165.0
4394 363.0
4395 32.0
4396 33.0
4397 109.0
4398 109.0
4399 197.0
4400 38.0
4401 363.0
4402 104.0
4403 204.0
4404 311.0
4405 203.0
4406 203.0
4407 587.0
4408 251.0
4409 251.0
4410 237.0
4411 268.0
4412 363.0
4413 561.0
4414 561.0
4415 460.0
4416 559.0
4417 550.0
4418 561.0
4419 561.0
4420 252.0
4421 564.0
4422 33.0
4423 572.0
4424 363.0
4425 301.0
4426 572.0
4427 572.0
4428 203.0
4429 472.0
4430 203.0
4431 565.0
4432 474.0
4433 521.0
4434 0.0
4435 32.0
4436 203.0
4437 587.0
4438 203.0
4439 203.0
4440 363.0
4441 203.0
4442 44.0
4443 203.0
4444 363.0
4445 363.0
4446 0.0
4447 33.0
4448 275.0
4449 269.0
4450 240.0
4451 204.0
4452 203.0
4453 0.0
4454 204.0
4455 470.0
4456 180.0
4457 363.0
4458 587.0
4459 251.0
4460 391.0
4461 263.0
4462 237.0
4463 363.0
4464 363.0
4465 477.0
4466 363.0
4467 337.0
4468 561.0
4469 561.0
4470 313.0
4471 252.0
4472 564.0
4473 109.0
4474 572.0
4475 363.0
4476 567.0
4477 572.0
4478 572.0
4479 203.0
4480 450.0
4481 38.0
4482 413.0
4483 403.0
4484 521.0
4485 0.0
4486 203.0
4487 361.0
4488 587.0
4489 203.0
4490 203.0
4491 363.0
4492 180.0
4493 44.0
4494 203.0
4495 363.0
4496 363.0
4497 109.0
4498 363.0
4499 282.0
4500 269.0
4501 280.0
4502 33.0
4503 364.0
4504 203.0
4505 203.0
4506 468.0
4507 166.0
4508 516.0
4509 587.0
4510 265.0
4511 268.0
4512 263.0
4513 237.0
4514 363.0
4515 561.0
4516 477.0
4517 561.0
4518 559.0
4519 252.0
4520 561.0
4521 561.0
4522 252.0
4523 564.0
4524 251.0
4525 572.0
4526 572.0
4527 572.0
4528 572.0
4529 572.0
4530 203.0
4531 472.0
4532 203.0
4533 565.0
4534 252.0
4535 521.0
4536 0.0
4537 169.0
4538 203.0
4539 587.0
4540 203.0
4541 38.0
4542 180.0
4543 203.0
4544 44.0
4545 251.0
4546 165.0
4547 363.0
4548 174.0
4549 289.0
4550 192.0
4551 109.0
4552 203.0
4553 38.0
4554 269.0
4555 109.0
4556 204.0
4557 251.0
4558 203.0
4559 321.0
4560 587.0
4561 511.0
4562 251.0
4563 237.0
4564 266.0
4565 363.0
4566 252.0
4567 561.0
4568 252.0
4569 559.0
4570 561.0
4571 561.0
4572 363.0
4573 252.0
4574 564.0
4575 1.0
4576 572.0
4577 572.0
4578 363.0
4579 572.0
4580 572.0
4581 203.0
4582 472.0
4583 203.0
4584 516.0
4585 413.0
4586 521.0
4587 0.0
4588 32.0
4589 169.0
4590 587.0
4591 363.0
4592 203.0
4593 363.0
4594 203.0
4595 33.0
4596 363.0
4597 363.0
4598 363.0
4599 38.0
4600 196.0
4601 282.0
4602 365.0
4603 363.0
4604 38.0
4605 109.0
4606 0.0
4607 203.0
4608 251.0
4609 176.0
4610 363.0
4611 587.0
4612 251.0
4613 363.0
4614 263.0
4615 237.0
4616 252.0
4617 363.0
4618 561.0
4619 561.0
4620 559.0
4621 561.0
4622 561.0
4623 538.0
4624 252.0
4625 564.0
4626 363.0
4627 572.0
4628 363.0
4629 363.0
4630 572.0
4631 572.0
4632 203.0
4633 472.0
4634 204.0
4635 565.0
4636 489.0
4637 521.0
4638 0.0
4639 32.0
4640 32.0
4641 587.0
4642 203.0
4643 363.0
4644 363.0
4645 204.0
4646 44.0
4647 203.0
4648 363.0
4649 363.0
4650 109.0
4651 196.0
4652 282.0
4653 365.0
4654 192.0
4655 204.0
4656 363.0
4657 0.0
4658 203.0
4659 451.0
4660 534.0
4661 166.0
4662 587.0
4663 520.0
4664 251.0
4665 237.0
4666 237.0
4667 363.0
4668 561.0
4669 477.0
4670 363.0
4671 559.0
4672 363.0
4673 561.0
4674 561.0
4675 252.0
4676 564.0
4677 251.0
4678 572.0
4679 363.0
4680 572.0
4681 572.0
4682 572.0
4683 109.0
4684 472.0
4685 203.0
4686 516.0
4687 403.0
4688 521.0
4689 0.0
4690 169.0
4691 203.0
4692 587.0
4693 363.0
4694 203.0
4695 49.0
4696 203.0
4697 44.0
4698 361.0
4699 165.0
4700 363.0
4701 109.0
4702 367.0
4703 196.0
4704 364.0
4705 203.0
4706 204.0
4707 285.0
4708 109.0
4709 109.0
4710 203.0
4711 251.0
4712 517.0
4713 587.0
4714 251.0
4715 391.0
4716 237.0
4717 268.0
4718 556.0
4719 363.0
4720 363.0
4721 32.0
4722 559.0
4723 460.0
4724 561.0
4725 561.0
4726 252.0
4727 564.0
4728 109.0
4729 572.0
4730 363.0
4731 572.0
4732 572.0
4733 572.0
4734 323.0
4735 472.0
4736 251.0
4737 516.0
4738 521.0
4739 521.0
4740 0.0
4741 180.0
4742 203.0
4743 587.0
4744 203.0
4745 180.0
4746 363.0
4747 203.0
4748 44.0
4749 251.0
4750 363.0
4751 363.0
4752 6.0
4753 289.0
4754 165.0
4755 363.0
4756 364.0
4757 38.0
4758 252.0
4759 0.0
4760 468.0
4761 218.0
4762 384.0
4763 203.0
4764 587.0
4765 511.0
4766 363.0
4767 263.0
4768 587.0
4769 300.0
4770 313.0
4771 561.0
4772 252.0
4773 559.0
4774 561.0
4775 561.0
4776 313.0
4777 252.0
4778 564.0
4779 38.0
4780 572.0
4781 363.0
4782 567.0
4783 572.0
4784 572.0
4785 204.0
4786 472.0
4787 204.0
4788 549.0
4789 403.0
4790 521.0
4791 0.0
4792 180.0
4793 363.0
4794 587.0
4795 363.0
4796 203.0
4797 363.0
4798 203.0
4799 44.0
4800 360.0
4801 363.0
4802 363.0
4803 0.0
4804 288.0
4805 364.0
4806 269.0
4807 280.0
4808 38.0
4809 363.0
4810 103.0
4811 203.0
4812 203.0
4813 363.0
4814 533.0
4815 587.0
4816 520.0
4817 177.0
4818 587.0
4819 237.0
4820 564.0
4821 371.0
4822 363.0
4823 561.0
4824 337.0
4825 561.0
4826 561.0
4827 561.0
4828 252.0
4829 564.0
4830 539.0
4831 572.0
4832 572.0
4833 572.0
4834 572.0
4835 572.0
4836 180.0
4837 472.0
4838 403.0
4839 407.0
4840 407.0
4841 521.0
4842 0.0
4843 169.0
4844 361.0
4845 587.0
4846 203.0
4847 203.0
4848 191.0
4849 203.0
4850 44.0
4851 165.0
4852 363.0
4853 363.0
4854 109.0
4855 196.0
4856 364.0
4857 365.0
4858 336.0
4859 203.0
4860 282.0
4861 203.0
4862 44.0
4863 180.0
4864 203.0
4865 169.0
4866 587.0
4867 251.0
4868 251.0
4869 237.0
4870 587.0
4871 561.0
4872 252.0
4873 477.0
4874 550.0
4875 560.0
4876 561.0
4877 561.0
4878 561.0
4879 252.0
4880 564.0
4881 251.0
4882 572.0
4883 363.0
4884 572.0
4885 572.0
4886 572.0
4887 561.0
4888 472.0
4889 251.0
4890 516.0
4891 413.0
4892 521.0
4893 0.0
4894 169.0
4895 203.0
4896 587.0
4897 363.0
4898 203.0
4899 191.0
4900 203.0
4901 44.0
4902 363.0
4903 363.0
4904 363.0
4905 109.0
4906 367.0
4907 288.0
4908 109.0
4909 363.0
4910 204.0
4911 286.0
4912 109.0
4913 115.0
4914 251.0
4915 169.0
4916 203.0
4917 587.0
4918 363.0
4919 251.0
4920 263.0
4921 268.0
4922 252.0
4923 561.0
4924 561.0
4925 559.0
4926 560.0
4927 561.0
4928 561.0
4929 561.0
4930 252.0
4931 564.0
4932 203.0
4933 572.0
4934 363.0
4935 301.0
4936 572.0
4937 572.0
4938 363.0
4939 532.0
4940 252.0
4941 413.0
4942 251.0
4943 521.0
4944 0.0
4945 32.0
4946 203.0
4947 587.0
4948 203.0
4949 203.0
4950 363.0
4951 203.0
4952 44.0
4953 361.0
4954 363.0
4955 363.0
4956 0.0
4957 364.0
4958 282.0
4959 109.0
4960 280.0
4961 204.0
4962 252.0
4963 0.0
4964 44.0
4965 363.0
4966 203.0
4967 171.0
4968 587.0
4969 587.0
4970 391.0
4971 263.0
4972 269.0
4973 564.0
4974 564.0
4975 477.0
4976 561.0
4977 559.0
4978 474.0
4979 561.0
4980 313.0
4981 252.0
4982 564.0
4983 203.0
4984 572.0
4985 363.0
4986 363.0
4987 572.0
4988 572.0
4989 204.0
4990 363.0
4991 204.0
4992 413.0
4993 489.0
4994 521.0
4995 0.0
4996 32.0
4997 169.0
4998 587.0
4999 363.0
5000 203.0
5001 363.0
5002 180.0
5003 44.0
5004 363.0
5005 363.0
5006 363.0
5007 0.0
5008 364.0
5009 196.0
5010 286.0
5011 336.0
5012 286.0
5013 364.0
5014 109.0
5015 44.0
5016 149.0
5017 263.0
5018 516.0
5019 587.0
5020 391.0
5021 520.0
5022 237.0
5023 237.0
5024 392.0
5025 313.0
5026 477.0
5027 561.0
5028 337.0
5029 561.0
5030 561.0
5031 561.0
5032 252.0
5033 564.0
5034 363.0
5035 572.0
5036 572.0
5037 363.0
5038 572.0
5039 572.0
5040 204.0
5041 363.0
5042 203.0
5043 549.0
5044 489.0
5045 521.0
5046 0.0
5047 32.0
5048 203.0
5049 587.0
5050 369.0
5051 363.0
5052 203.0
5053 203.0
5054 44.0
5055 363.0
5056 363.0
5057 363.0
5058 109.0
5059 192.0
5060 161.0
5061 269.0
5062 336.0
5063 38.0
5064 282.0
5065 109.0
5066 114.0
5067 73.0
5068 363.0
5069 204.0
5070 587.0
5071 251.0
5072 251.0
5073 237.0
5074 587.0
5075 561.0
5076 561.0
5077 561.0
5078 561.0
5079 337.0
5080 561.0
5081 561.0
5082 561.0
5083 252.0
5084 564.0
5085 510.0
5086 572.0
5087 363.0
5088 363.0
5089 572.0
5090 572.0
5091 169.0
5092 363.0
5093 203.0
5094 549.0
5095 549.0
5096 521.0
5097 0.0
5098 32.0
5099 203.0
5100 587.0
