1 6.0
2 25.0
3 32.0
4 0.0
5 0.0
6 0.0
7 98.0
8 0.0
9 14.0
10 109.0
11 204.0
12 1.0
13 103.0
14 186.0
15 203.0
16 49.0
17 30.0
18 32.0
19 203.0
20 0.0
21 30.0
22 147.0
23 30.0
24 191.0
25 103.0
26 32.0
27 0.0
28 114.0
29 31.0
30 0.0
31 169.0
32 32.0
33 32.0
34 25.0
35 0.0
36 0.0
37 32.0
38 38.0
39 33.0
40 32.0
41 104.0
42 0.0
43 32.0
44 30.0
45 0.0
46 203.0
47 0.0
48 25.0
49 0.0
50 25.0
51 204.0
52 0.0
53 32.0
54 32.0
55 32.0
56 0.0
57 98.0
58 98.0
59 98.0
60 104.0
61 203.0
62 204.0
63 0.0
64 186.0
65 169.0
66 203.0
67 203.0
68 33.0
69 204.0
70 203.0
71 186.0
72 93.0
73 147.0
74 169.0
75 191.0
76 191.0
77 109.0
78 44.0
79 114.0
80 203.0
81 169.0
82 169.0
83 32.0
84 32.0
85 175.0
86 19.0
87 32.0
88 25.0
89 38.0
90 32.0
91 104.0
92 104.0
93 104.0
94 32.0
95 0.0
96 30.0
97 203.0
98 109.0
99 25.0
100 0.0
101 25.0
102 204.0
103 32.0
104 32.0
105 32.0
106 32.0
107 98.0
108 169.0
109 98.0
110 103.0
111 203.0
112 32.0
113 204.0
114 1.0
115 204.0
116 180.0
117 203.0
118 98.0
119 32.0
120 174.0
121 186.0
122 180.0
123 186.0
124 32.0
125 191.0
126 191.0
127 180.0
128 180.0
129 109.0
130 17.0
131 49.0
132 0.0
133 169.0
134 32.0
135 175.0
136 32.0
137 0.0
138 0.0
139 33.0
140 38.0
141 33.0
142 104.0
143 104.0
144 174.0
145 109.0
146 0.0
147 203.0
148 203.0
149 203.0
150 204.0
151 30.0
152 25.0
153 204.0
154 30.0
155 203.0
156 32.0
157 87.0
158 98.0
159 32.0
160 98.0
161 0.0
162 203.0
163 32.0
164 204.0
165 0.0
166 204.0
167 203.0
168 203.0
169 109.0
170 32.0
171 204.0
172 204.0
173 203.0
174 114.0
175 0.0
176 191.0
177 191.0
178 109.0
179 180.0
180 180.0
181 43.0
182 6.0
183 38.0
184 169.0
185 32.0
186 175.0
187 0.0
188 0.0
189 203.0
190 33.0
191 38.0
192 104.0
193 104.0
194 104.0
195 169.0
196 169.0
197 0.0
198 204.0
199 203.0
200 203.0
201 32.0
202 0.0
203 32.0
204 204.0
205 32.0
206 19.0
207 25.0
208 0.0
209 25.0
210 180.0
211 32.0
212 104.0
213 204.0
214 109.0
215 204.0
216 25.0
217 44.0
218 44.0
219 203.0
220 114.0
221 0.0
222 204.0
223 203.0
224 30.0
225 114.0
226 180.0
227 191.0
228 191.0
229 109.0
230 180.0
231 180.0
232 114.0
233 38.0
234 38.0
235 169.0
236 180.0
237 32.0
238 32.0
239 204.0
240 204.0
241 203.0
242 109.0
243 33.0
244 203.0
245 169.0
246 104.0
247 169.0
248 0.0
249 204.0
250 203.0
251 1.0
252 203.0
253 0.0
254 32.0
255 204.0
256 19.0
257 25.0
258 19.0
259 32.0
260 32.0
261 98.0
262 169.0
263 0.0
264 109.0
265 204.0
266 204.0
267 25.0
268 203.0
269 115.0
270 203.0
271 204.0
272 109.0
273 174.0
274 203.0
275 186.0
276 185.0
277 191.0
278 191.0
279 191.0
280 180.0
281 109.0
282 180.0
283 43.0
284 6.0
285 38.0
286 98.0
287 38.0
288 32.0
289 204.0
290 204.0
291 204.0
292 204.0
293 203.0
294 174.0
295 204.0
296 43.0
297 169.0
298 109.0
299 0.0
300 203.0
301 204.0
302 0.0
303 25.0
304 30.0
305 32.0
306 204.0
307 32.0
308 32.0
309 32.0
310 32.0
311 93.0
312 169.0
313 180.0
314 98.0
315 204.0
316 32.0
317 204.0
318 0.0
319 204.0
320 44.0
321 204.0
322 98.0
323 186.0
324 186.0
325 204.0
326 185.0
327 204.0
328 186.0
329 191.0
330 191.0
331 180.0
332 180.0
333 180.0
334 17.0
335 6.0
336 203.0
337 174.0
338 32.0
339 204.0
340 204.0
341 204.0
342 204.0
343 204.0
344 204.0
345 204.0
346 204.0
347 32.0
348 104.0
349 109.0
350 204.0
351 204.0
352 204.0
353 204.0
354 32.0
355 0.0
356 32.0
357 204.0
358 32.0
359 19.0
360 32.0
361 0.0
362 25.0
363 169.0
364 109.0
365 0.0
366 203.0
367 109.0
368 204.0
369 0.0
370 204.0
371 38.0
372 204.0
373 109.0
374 180.0
375 204.0
376 252.0
377 32.0
378 0.0
379 186.0
380 191.0
381 191.0
382 103.0
383 32.0
384 180.0
385 38.0
386 49.0
387 203.0
388 180.0
389 32.0
390 204.0
391 204.0
392 30.0
393 204.0
394 204.0
395 204.0
396 203.0
397 204.0
398 203.0
399 174.0
400 25.0
401 191.0
402 204.0
403 204.0
404 203.0
405 0.0
406 0.0
407 32.0
408 252.0
409 19.0
410 25.0
411 0.0
412 32.0
413 32.0
414 98.0
415 32.0
416 0.0
417 204.0
418 30.0
419 204.0
420 25.0
421 203.0
422 251.0
423 204.0
424 104.0
425 204.0
426 32.0
427 32.0
428 30.0
429 185.0
430 186.0
431 191.0
432 191.0
433 109.0
434 120.0
435 180.0
436 114.0
437 176.0
438 49.0
439 175.0
440 203.0
441 204.0
442 0.0
443 204.0
444 204.0
445 204.0
446 204.0
447 251.0
448 204.0
449 203.0
450 203.0
451 203.0
452 0.0
453 204.0
454 203.0
455 0.0
456 32.0
457 32.0
458 32.0
459 252.0
460 25.0
461 32.0
462 0.0
463 32.0
464 93.0
465 109.0
466 180.0
467 33.0
468 30.0
469 32.0
470 204.0
471 0.0
472 115.0
473 251.0
474 204.0
475 98.0
476 204.0
477 180.0
478 186.0
479 196.0
480 174.0
481 186.0
482 180.0
483 191.0
484 180.0
485 180.0
486 180.0
487 203.0
488 0.0
489 38.0
490 203.0
491 204.0
492 204.0
493 30.0
494 204.0
495 204.0
496 204.0
497 204.0
498 251.0
499 203.0
500 203.0
501 0.0
502 25.0
503 203.0
504 203.0
505 204.0
506 180.0
507 0.0
508 203.0
509 32.0
510 252.0
511 30.0
512 30.0
513 32.0
514 0.0
515 98.0
516 169.0
517 180.0
518 33.0
519 204.0
520 204.0
521 204.0
522 0.0
523 245.0
524 251.0
525 169.0
526 204.0
527 204.0
528 180.0
529 204.0
530 109.0
531 169.0
532 114.0
533 191.0
534 191.0
535 103.0
536 180.0
537 180.0
538 33.0
539 114.0
540 33.0
541 203.0
542 204.0
543 204.0
544 204.0
545 204.0
546 204.0
547 204.0
548 203.0
549 251.0
550 204.0
551 203.0
552 169.0
553 25.0
554 251.0
555 204.0
556 204.0
557 203.0
558 0.0
559 203.0
560 204.0
561 252.0
562 0.0
563 19.0
564 32.0
565 32.0
566 32.0
567 180.0
568 169.0
569 203.0
570 203.0
571 32.0
572 204.0
573 0.0
574 251.0
575 203.0
576 204.0
577 203.0
578 180.0
579 204.0
580 32.0
581 204.0
582 169.0
583 103.0
584 191.0
585 191.0
586 191.0
587 191.0
588 191.0
589 203.0
590 204.0
591 33.0
592 203.0
593 204.0
594 204.0
595 204.0
596 203.0
597 204.0
598 204.0
599 204.0
600 251.0
601 204.0
602 204.0
603 169.0
604 25.0
605 203.0
606 204.0
607 203.0
608 203.0
609 0.0
610 0.0
611 32.0
612 252.0
613 31.0
614 19.0
615 32.0
616 0.0
617 25.0
618 98.0
619 32.0
620 204.0
621 203.0
622 32.0
623 204.0
624 0.0
625 251.0
626 180.0
627 180.0
628 98.0
629 204.0
630 32.0
631 32.0
632 82.0
633 174.0
634 114.0
635 191.0
636 191.0
637 180.0
638 109.0
639 191.0
640 6.0
641 31.0
642 6.0
643 203.0
644 203.0
645 204.0
646 30.0
647 203.0
648 204.0
649 204.0
650 204.0
651 251.0
652 203.0
653 43.0
654 203.0
655 25.0
656 203.0
657 203.0
658 204.0
659 33.0
660 109.0
661 204.0
662 204.0
663 252.0
664 0.0
665 32.0
666 0.0
667 93.0
668 93.0
669 32.0
670 0.0
671 0.0
672 203.0
673 32.0
674 204.0
675 0.0
676 251.0
677 203.0
678 251.0
679 203.0
680 204.0
681 32.0
682 174.0
683 203.0
684 158.0
685 186.0
686 191.0
687 191.0
688 191.0
689 191.0
690 191.0
691 6.0
692 6.0
693 43.0
694 203.0
695 204.0
696 204.0
697 204.0
698 204.0
699 204.0
700 204.0
701 204.0
702 251.0
703 203.0
704 203.0
705 203.0
706 25.0
707 203.0
708 203.0
709 204.0
710 203.0
711 38.0
712 3.0
713 0.0
714 252.0
715 0.0
716 19.0
717 19.0
718 98.0
719 98.0
720 180.0
721 169.0
722 93.0
723 203.0
724 203.0
725 204.0
726 25.0
727 251.0
728 203.0
729 174.0
730 49.0
731 180.0
732 204.0
733 174.0
734 203.0
735 158.0
736 186.0
737 191.0
738 191.0
739 109.0
740 180.0
741 191.0
742 6.0
743 114.0
744 6.0
745 31.0
746 204.0
747 204.0
748 204.0
749 30.0
750 204.0
751 204.0
752 104.0
753 251.0
754 203.0
755 203.0
756 114.0
757 30.0
758 203.0
759 204.0
760 204.0
761 203.0
762 0.0
763 1.0
764 203.0
765 252.0
766 0.0
767 25.0
768 32.0
769 32.0
770 25.0
771 98.0
772 169.0
773 204.0
774 204.0
775 109.0
776 204.0
777 6.0
778 251.0
779 38.0
780 204.0
781 169.0
782 180.0
783 186.0
784 32.0
785 169.0
786 0.0
787 103.0
788 191.0
789 191.0
790 109.0
791 104.0
792 6.0
793 6.0
794 49.0
795 1.0
796 203.0
797 204.0
798 204.0
799 30.0
800 30.0
801 204.0
802 204.0
803 203.0
804 251.0
805 203.0
806 43.0
807 203.0
808 25.0
809 204.0
810 204.0
811 204.0
812 221.0
813 0.0
814 203.0
815 1.0
816 252.0
817 204.0
818 25.0
819 0.0
820 93.0
821 32.0
822 180.0
823 0.0
824 0.0
825 203.0
826 204.0
827 204.0
828 25.0
829 251.0
830 444.0
831 174.0
832 49.0
833 204.0
834 32.0
835 32.0
836 443.0
837 203.0
838 33.0
839 191.0
840 191.0
841 180.0
842 191.0
843 120.0
844 6.0
845 27.0
846 6.0
847 203.0
848 203.0
849 204.0
850 204.0
851 204.0
852 204.0
853 204.0
854 38.0
855 251.0
856 251.0
857 204.0
858 169.0
859 25.0
860 204.0
861 203.0
862 0.0
863 180.0
864 204.0
865 3.0
866 1.0
867 444.0
868 182.0
869 19.0
870 25.0
871 32.0
872 93.0
873 180.0
874 0.0
875 0.0
876 203.0
877 204.0
878 204.0
879 203.0
880 203.0
881 251.0
882 115.0
883 169.0
884 204.0
885 203.0
886 180.0
887 203.0
888 120.0
889 38.0
890 191.0
891 191.0
892 180.0
893 180.0
894 191.0
895 17.0
896 31.0
897 6.0
898 31.0
899 204.0
900 204.0
901 204.0
902 204.0
903 204.0
904 204.0
905 203.0
906 251.0
907 203.0
908 203.0
909 169.0
910 25.0
911 251.0
912 203.0
913 204.0
914 204.0
915 204.0
916 203.0
917 204.0
918 444.0
919 30.0
920 203.0
921 32.0
922 32.0
923 3.0
924 98.0
925 158.0
926 203.0
927 204.0
928 204.0
929 204.0
930 25.0
931 251.0
932 38.0
933 38.0
934 49.0
935 204.0
936 204.0
937 180.0
938 203.0
939 0.0
940 186.0
941 191.0
942 191.0
943 104.0
944 180.0
945 191.0
946 6.0
947 6.0
948 6.0
949 203.0
950 204.0
951 204.0
952 30.0
953 30.0
954 204.0
955 204.0
956 104.0
957 251.0
958 203.0
959 191.0
960 204.0
961 30.0
962 204.0
963 29.0
964 204.0
965 203.0
966 204.0
967 1.0
968 221.0
969 444.0
970 25.0
971 204.0
972 32.0
973 98.0
974 98.0
975 180.0
976 169.0
977 204.0
978 204.0
979 98.0
980 204.0
981 203.0
982 251.0
983 38.0
984 203.0
985 203.0
986 204.0
987 204.0
988 32.0
989 164.0
990 20.0
991 186.0
992 191.0
993 191.0
994 109.0
995 191.0
996 191.0
997 6.0
998 114.0
999 6.0
1000 203.0
1001 203.0
1002 204.0
1003 204.0
1004 204.0
1005 204.0
1006 204.0
1007 104.0
1008 251.0
1009 203.0
1010 30.0
1011 43.0
1012 38.0
1013 203.0
1014 203.0
1015 0.0
1016 204.0
1017 0.0
1018 179.0
1019 204.0
1020 444.0
1021 204.0
1022 251.0
1023 30.0
1024 98.0
1025 25.0
1026 180.0
1027 0.0
1028 0.0
1029 204.0
1030 203.0
1031 204.0
1032 203.0
1033 38.0
1034 203.0
1035 203.0
1036 38.0
1037 204.0
1038 203.0
1039 180.0
1040 1394.0
1041 114.0
1042 186.0
1043 191.0
1044 191.0
1045 180.0
1046 191.0
1047 191.0
1048 12.0
1049 6.0
1050 6.0
1051 30.0
1052 204.0
1053 204.0
1054 204.0
1055 204.0
1056 204.0
1057 204.0
1058 204.0
1059 251.0
1060 203.0
1061 30.0
1062 204.0
1063 25.0
1064 204.0
1065 203.0
1066 204.0
1067 203.0
1068 204.0
1069 204.0
1070 204.0
1071 1394.0
1072 203.0
1073 203.0
1074 25.0
1075 32.0
1076 25.0
1077 169.0
1078 203.0
1079 204.0
1080 204.0
1081 204.0
1082 204.0
1083 251.0
1084 33.0
1085 203.0
1086 38.0
1087 203.0
1088 204.0
1089 204.0
1090 180.0
1091 203.0
1092 158.0
1093 191.0
1094 191.0
1095 191.0
1096 109.0
1097 180.0
1098 180.0
1099 6.0
1100 38.0
1101 6.0
1102 204.0
1103 204.0
1104 204.0
1105 204.0
1106 203.0
1107 204.0
1108 204.0
1109 38.0
1110 251.0
1111 203.0
1112 203.0
1113 203.0
1114 203.0
1115 251.0
1116 20.0
1117 0.0
1118 231.0
1119 251.0
1120 204.0
1121 204.0
1122 1394.0
1123 0.0
1124 30.0
1125 32.0
1126 98.0
1127 109.0
1128 0.0
1129 169.0
1130 215.0
1131 204.0
1132 204.0
1133 251.0
1134 33.0
1135 203.0
1136 203.0
1137 0.0
1138 271.0
1139 204.0
1140 180.0
1141 32.0
1142 204.0
1143 203.0
1144 180.0
1145 191.0
1146 191.0
1147 191.0
1148 180.0
1149 180.0
1150 6.0
1151 114.0
1152 203.0
1153 203.0
1154 204.0
1155 204.0
1156 203.0
1157 204.0
1158 204.0
1159 204.0
1160 203.0
1161 203.0
1162 203.0
1163 203.0
1164 203.0
1165 25.0
1166 203.0
1167 29.0
1168 33.0
1169 203.0
1170 251.0
1171 204.0
1172 204.0
1173 1394.0
1174 25.0
1175 30.0
1176 32.0
1177 109.0
1178 93.0
1179 32.0
1180 0.0
1181 203.0
1182 204.0
1183 203.0
1184 251.0
1185 251.0
1186 32.0
1187 203.0
1188 169.0
1189 444.0
1190 235.0
1191 203.0
1192 32.0
1193 363.0
1194 114.0
1195 204.0
1196 180.0
1197 191.0
1198 180.0
1199 191.0
1200 180.0
1201 17.0
1202 6.0
1203 1.0
1204 203.0
1205 204.0
1206 204.0
1207 203.0
1208 204.0
1209 204.0
1210 204.0
1211 38.0
1212 251.0
1213 203.0
1214 32.0
1215 204.0
1216 30.0
1217 251.0
1218 203.0
1219 203.0
1220 204.0
1221 251.0
1222 203.0
1223 204.0
1224 1394.0
1225 203.0
1226 203.0
1227 25.0
1228 169.0
1229 32.0
1230 169.0
1231 203.0
1232 1.0
1233 203.0
1234 251.0
1235 251.0
1236 203.0
1237 32.0
1238 203.0
1239 262.0
1240 443.0
1241 98.0
1242 2107.0
1243 180.0
1244 444.0
1245 0.0
1246 203.0
1247 191.0
1248 191.0
1249 191.0
1250 191.0
1251 191.0
1252 6.0
1253 38.0
1254 1.0
1255 30.0
1256 38.0
1257 204.0
1258 30.0
1259 203.0
1260 204.0
1261 204.0
1262 104.0
1263 251.0
1264 251.0
1265 203.0
1266 204.0
1267 204.0
1268 203.0
1269 203.0
1270 204.0
1271 226.0
1272 251.0
1273 204.0
1274 204.0
1275 2107.0
1276 32.0
1277 203.0
1278 30.0
1279 32.0
1280 93.0
1281 202.0
1282 32.0
1283 204.0
1284 225.0
1285 251.0
1286 251.0
1287 33.0
1288 32.0
1289 203.0
1290 38.0
1291 444.0
1292 169.0
1293 98.0
1294 32.0
1295 363.0
1296 104.0
1297 204.0
1298 191.0
1299 191.0
1300 109.0
1301 191.0
1302 180.0
1303 6.0
1304 6.0
1305 203.0
1306 203.0
1307 204.0
1308 204.0
1309 204.0
1310 203.0
1311 204.0
1312 204.0
1313 109.0
1314 251.0
1315 203.0
1316 203.0
1317 204.0
1318 98.0
1319 203.0
1320 251.0
1321 203.0
1322 251.0
1323 231.0
1324 204.0
1325 204.0
1326 2107.0
1327 1.0
1328 104.0
1329 32.0
1330 32.0
1331 0.0
1332 0.0
1333 0.0
1334 225.0
1335 251.0
1336 236.0
1337 252.0
1338 229.0
1339 32.0
1340 109.0
1341 180.0
1342 444.0
1343 203.0
1344 251.0
1345 32.0
1346 204.0
1347 98.0
1348 203.0
1349 120.0
1350 191.0
1351 180.0
1352 180.0
1353 180.0
1354 31.0
1355 6.0
1356 203.0
1357 204.0
1358 103.0
1359 204.0
1360 204.0
1361 204.0
1362 204.0
1363 204.0
1364 0.0
1365 251.0
1366 203.0
1367 203.0
1368 43.0
1369 203.0
1370 251.0
1371 30.0
1372 203.0
1373 6.0
1374 251.0
1375 0.0
1376 204.0
1377 2107.0
1378 203.0
1379 203.0
1380 98.0
1381 98.0
1382 0.0
1383 0.0
1384 251.0
1385 251.0
1386 251.0
1387 251.0
1388 251.0
1389 203.0
1390 251.0
1391 252.0
1392 364.0
1393 443.0
1394 98.0
1395 203.0
1396 174.0
1397 2108.0
1398 0.0
1399 203.0
1400 191.0
1401 191.0
1402 109.0
1403 191.0
1404 180.0
1405 6.0
1406 6.0
1407 1.0
1408 204.0
1409 32.0
1410 204.0
1411 38.0
1412 204.0
1413 204.0
1414 204.0
1415 203.0
1416 251.0
1417 203.0
1418 32.0
1419 203.0
1420 38.0
1421 203.0
1422 30.0
1423 204.0
1424 251.0
1425 251.0
1426 204.0
1427 204.0
1428 2108.0
1429 32.0
1430 203.0
1431 25.0
1432 32.0
1433 93.0
1434 33.0
1435 251.0
1436 251.0
1437 231.0
1438 251.0
1439 251.0
1440 251.0
1441 32.0
1442 203.0
1443 203.0
1444 363.0
1445 180.0
1446 204.0
1447 98.0
1448 252.0
1449 191.0
1450 203.0
1451 191.0
1452 191.0
1453 103.0
1454 191.0
1455 180.0
1456 49.0
1457 204.0
1458 203.0
1459 204.0
1460 204.0
1461 204.0
1462 204.0
1463 30.0
1464 204.0
1465 204.0
1466 114.0
1467 251.0
1468 203.0
1469 32.0
1470 204.0
1471 203.0
1472 203.0
1473 203.0
1474 204.0
1475 231.0
1476 251.0
1477 204.0
1478 213.0
1479 2107.0
1480 203.0
1481 30.0
1482 32.0
1483 25.0
1484 87.0
1485 203.0
1486 251.0
1487 225.0
1488 251.0
1489 251.0
1490 251.0
1491 33.0
1492 32.0
1493 203.0
1494 38.0
1495 444.0
1496 169.0
1497 204.0
1498 32.0
1499 1394.0
1500 0.0
1501 203.0
1502 120.0
1503 191.0
1504 103.0
1505 180.0
1506 180.0
1507 203.0
1508 12.0
1509 203.0
1510 204.0
1511 204.0
1512 204.0
1513 204.0
1514 30.0
1515 204.0
1516 204.0
1517 204.0
1518 251.0
1519 251.0
1520 203.0
1521 43.0
1522 32.0
1523 203.0
1524 203.0
1525 204.0
1526 251.0
1527 231.0
1528 1.0
1529 221.0
1530 2107.0
1531 203.0
1532 363.0
1533 32.0
1534 109.0
1535 180.0
1536 251.0
1537 203.0
1538 225.0
1539 251.0
1540 204.0
1541 251.0
1542 203.0
1543 251.0
1544 203.0
1545 180.0
1546 443.0
1547 98.0
1548 443.0
1549 32.0
1550 363.0
1551 0.0
1552 203.0
1553 191.0
1554 191.0
1555 180.0
1556 191.0
1557 180.0
1558 6.0
1559 17.0
1560 203.0
1561 204.0
1562 203.0
1563 204.0
1564 204.0
1565 204.0
1566 204.0
1567 204.0
1568 0.0
1569 251.0
1570 251.0
1571 203.0
1572 204.0
1573 203.0
1574 203.0
1575 203.0
1576 32.0
1577 251.0
1578 251.0
1579 204.0
1580 204.0
1581 2108.0
1582 32.0
1583 251.0
1584 25.0
1585 109.0
1586 251.0
1587 251.0
1588 203.0
1589 251.0
1590 251.0
1591 251.0
1592 252.0
1593 32.0
1594 33.0
1595 180.0
1596 443.0
1597 443.0
1598 98.0
1599 251.0
1600 204.0
1601 251.0
1602 203.0
1603 204.0
1604 191.0
1605 191.0
1606 180.0
1607 191.0
1608 180.0
1609 204.0
1610 6.0
1611 6.0
1612 204.0
1613 204.0
1614 204.0
1615 30.0
1616 204.0
1617 204.0
1618 204.0
1619 204.0
1620 251.0
1621 203.0
1622 11.0
1623 204.0
1624 7.0
1625 203.0
1626 204.0
1627 204.0
1628 251.0
1629 251.0
1630 204.0
1631 213.0
1632 2054.0
1633 203.0
1634 30.0
1635 25.0
1636 251.0
1637 251.0
1638 251.0
1639 225.0
1640 251.0
1641 251.0
1642 251.0
1643 252.0
1644 33.0
1645 32.0
1646 203.0
1647 38.0
1648 444.0
1649 32.0
1650 203.0
1651 204.0
1652 443.0
1653 109.0
1654 204.0
1655 204.0
1656 191.0
1657 103.0
1658 180.0
1659 191.0
1660 6.0
1661 204.0
1662 204.0
1663 204.0
1664 204.0
1665 204.0
1666 204.0
1667 203.0
1668 204.0
1669 204.0
1670 204.0
1671 203.0
1672 251.0
1673 32.0
1674 204.0
1675 98.0
1676 203.0
1677 203.0
1678 203.0
1679 251.0
1680 251.0
1681 204.0
1682 204.0
1683 2107.0
1684 203.0
1685 104.0
1686 32.0
1687 251.0
1688 203.0
1689 251.0
1690 225.0
1691 251.0
1692 251.0
1693 203.0
1694 252.0
1695 203.0
1696 32.0
1697 443.0
1698 180.0
1699 364.0
1700 104.0
1701 98.0
1702 32.0
1703 1394.0
1704 204.0
1705 204.0
1706 180.0
1707 191.0
1708 104.0
1709 180.0
1710 180.0
1711 43.0
1712 12.0
1713 203.0
1714 204.0
1715 204.0
1716 204.0
1717 204.0
1718 203.0
1719 204.0
1720 204.0
1721 204.0
1722 251.0
1723 251.0
1724 203.0
1725 203.0
1726 203.0
1727 203.0
1728 204.0
1729 203.0
1730 252.0
1731 231.0
1732 203.0
1733 204.0
1734 2107.0
1735 203.0
1736 203.0
1737 32.0
1738 203.0
1739 203.0
1740 251.0
1741 225.0
1742 251.0
1743 251.0
1744 203.0
1745 252.0
1746 33.0
1747 32.0
1748 203.0
1749 363.0
1750 363.0
1751 98.0
1752 203.0
1753 32.0
1754 2107.0
1755 174.0
1756 204.0
1757 180.0
1758 204.0
1759 109.0
1760 191.0
1761 114.0
1762 6.0
1763 204.0
1764 1.0
1765 204.0
1766 33.0
1767 204.0
1768 30.0
1769 204.0
1770 204.0
1771 203.0
1772 204.0
1773 251.0
1774 251.0
1775 203.0
1776 204.0
1777 98.0
1778 203.0
1779 20.0
1780 0.0
1781 251.0
1782 251.0
1783 204.0
1784 213.0
1785 2108.0
1786 25.0
1787 203.0
1788 32.0
1789 251.0
1790 251.0
1791 251.0
1792 251.0
1793 251.0
1794 225.0
1795 251.0
1796 252.0
1797 33.0
1798 245.0
1799 252.0
1800 38.0
1801 364.0
1802 203.0
1803 251.0
1804 174.0
1805 443.0
1806 98.0
1807 203.0
1808 191.0
1809 180.0
1810 191.0
1811 191.0
1812 180.0
1813 6.0
1814 204.0
1815 203.0
1816 204.0
1817 204.0
1818 204.0
1819 204.0
1820 204.0
1821 204.0
1822 203.0
1823 203.0
1824 251.0
1825 203.0
1826 32.0
1827 203.0
1828 203.0
1829 203.0
1830 203.0
1831 204.0
1832 251.0
1833 203.0
1834 44.0
1835 213.0
1836 2107.0
1837 32.0
1838 204.0
1839 32.0
1840 251.0
1841 251.0
1842 251.0
1843 251.0
1844 251.0
1845 251.0
1846 251.0
1847 252.0
1848 32.0
1849 251.0
1850 252.0
1851 204.0
1852 443.0
1853 104.0
1854 204.0
1855 174.0
1856 1435.0
1857 204.0
1858 204.0
1859 191.0
1860 204.0
1861 180.0
1862 180.0
1863 180.0
1864 6.0
1865 12.0
1866 203.0
1867 204.0
1868 204.0
1869 204.0
1870 204.0
1871 30.0
1872 204.0
1873 204.0
1874 204.0
1875 203.0
1876 251.0
1877 32.0
1878 43.0
1879 203.0
1880 203.0
1881 203.0
1882 204.0
1883 251.0
1884 221.0
1885 203.0
1886 204.0
1887 2107.0
1888 203.0
1889 25.0
1890 32.0
1891 251.0
1892 203.0
1893 251.0
1894 251.0
1895 251.0
1896 251.0
1897 191.0
1898 252.0
1899 203.0
1900 251.0
1901 444.0
1902 180.0
1903 363.0
1904 235.0
1905 251.0
1906 32.0
1907 1394.0
1908 158.0
1909 204.0
1910 120.0
1911 191.0
1912 120.0
1913 180.0
1914 1.0
1915 43.0
1916 204.0
1917 1.0
1918 204.0
1919 204.0
1920 204.0
1921 204.0
1922 204.0
1923 204.0
1924 204.0
1925 204.0
1926 251.0
1927 251.0
1928 204.0
1929 204.0
1930 3.0
1931 251.0
1932 204.0
1933 203.0
1934 251.0
1935 252.0
1936 1.0
1937 215.0
1938 2107.0
1939 203.0
1940 204.0
1941 32.0
1942 251.0
1943 251.0
1944 251.0
1945 251.0
1946 251.0
1947 251.0
1948 204.0
1949 252.0
1950 33.0
1951 444.0
1952 444.0
1953 180.0
1954 363.0
1955 200.0
1956 251.0
1957 32.0
1958 2054.0
1959 98.0
1960 203.0
1961 120.0
1962 191.0
1963 104.0
1964 191.0
1965 180.0
1966 6.0
1967 204.0
1968 204.0
1969 204.0
1970 32.0
1971 204.0
1972 204.0
1973 203.0
1974 204.0
1975 204.0
1976 204.0
1977 251.0
1978 203.0
1979 203.0
1980 204.0
1981 25.0
1982 203.0
1983 203.0
1984 0.0
1985 251.0
1986 203.0
1987 0.0
1988 203.0
1989 2107.0
1990 203.0
1991 203.0
1992 32.0
1993 251.0
1994 251.0
1995 251.0
1996 251.0
1997 251.0
1998 251.0
1999 251.0
2000 252.0
2001 33.0
2002 203.0
2003 252.0
2004 180.0
2005 443.0
2006 203.0
2007 204.0
2008 174.0
2009 1435.0
2010 186.0
2011 203.0
2012 180.0
2013 204.0
2014 180.0
2015 191.0
2016 180.0
2017 38.0
2018 12.0
2019 203.0
2020 204.0
2021 204.0
2022 204.0
2023 204.0
2024 204.0
2025 204.0
2026 204.0
2027 204.0
2028 203.0
2029 251.0
2030 32.0
2031 203.0
2032 203.0
2033 251.0
2034 203.0
2035 0.0
2036 251.0
2037 203.0
2038 0.0
2039 213.0
2040 2108.0
2041 203.0
2042 203.0
2043 32.0
2044 109.0
2045 203.0
2046 251.0
2047 251.0
2048 225.0
2049 251.0
2050 251.0
2051 252.0
2052 32.0
2053 203.0
2054 444.0
2055 38.0
2056 444.0
2057 203.0
2058 204.0
2059 32.0
2060 1394.0
2061 204.0
2062 204.0
2063 120.0
2064 191.0
2065 32.0
2066 180.0
2067 180.0
2068 31.0
2069 204.0
2070 204.0
2071 204.0
2072 32.0
2073 204.0
2074 204.0
2075 204.0
2076 204.0
2077 204.0
2078 114.0
2079 251.0
2080 203.0
2081 30.0
2082 43.0
2083 203.0
2084 203.0
2085 203.0
2086 203.0
2087 251.0
2088 204.0
2089 0.0
2090 204.0
2091 2054.0
2092 203.0
2093 203.0
2094 32.0
2095 98.0
2096 203.0
2097 251.0
2098 251.0
2099 251.0
2100 251.0
2101 204.0
2102 252.0
2103 32.0
2104 252.0
2105 444.0
2106 38.0
2107 364.0
2108 251.0
2109 203.0
2110 32.0
2111 1394.0
2112 169.0
2113 204.0
2114 191.0
2115 191.0
2116 38.0
2117 191.0
2118 180.0
2119 6.0
2120 203.0
2121 92.0
2122 204.0
2123 32.0
2124 204.0
2125 204.0
2126 203.0
2127 204.0
2128 204.0
2129 114.0
2130 251.0
2131 203.0
2132 192.0
2133 43.0
2134 204.0
2135 203.0
2136 203.0
2137 203.0
2138 251.0
2139 251.0
2140 1.0
2141 204.0
2142 2107.0
2143 203.0
2144 25.0
2145 32.0
2146 251.0
2147 251.0
2148 251.0
2149 251.0
2150 251.0
2151 251.0
2152 251.0
2153 252.0
2154 33.0
2155 203.0
2156 252.0
2157 98.0
2158 363.0
2159 104.0
2160 204.0
2161 174.0
2162 2051.0
2163 98.0
2164 204.0
2165 191.0
2166 203.0
2167 191.0
2168 191.0
2169 180.0
2170 114.0
2171 204.0
2172 204.0
2173 204.0
2174 204.0
2175 204.0
2176 204.0
2177 204.0
2178 204.0
2179 204.0
2180 0.0
2181 251.0
2182 251.0
2183 191.0
2184 204.0
2185 32.0
2186 203.0
2187 204.0
2188 38.0
2189 251.0
2190 203.0
2191 203.0
2192 213.0
2193 2107.0
2194 203.0
2195 203.0
2196 32.0
2197 251.0
2198 251.0
2199 38.0
2200 225.0
2201 251.0
2202 251.0
2203 251.0
2204 252.0
2205 38.0
2206 203.0
2207 444.0
2208 38.0
2209 363.0
2210 199.0
2211 252.0
2212 204.0
2213 444.0
2214 204.0
2215 204.0
2216 191.0
2217 191.0
2218 191.0
2219 191.0
2220 180.0
2221 6.0
2222 203.0
2223 204.0
2224 204.0
2225 204.0
2226 204.0
2227 204.0
2228 204.0
2229 204.0
2230 204.0
2231 204.0
2232 203.0
2233 251.0
2234 204.0
2235 204.0
2236 203.0
2237 203.0
2238 251.0
2239 0.0
2240 252.0
2241 203.0
2242 0.0
2243 203.0
2244 2107.0
2245 203.0
2246 204.0
2247 32.0
2248 251.0
2249 180.0
2250 251.0
2251 251.0
2252 251.0
2253 251.0
2254 251.0
2255 252.0
2256 32.0
2257 252.0
2258 444.0
2259 363.0
2260 364.0
2261 109.0
2262 251.0
2263 32.0
2264 2107.0
2265 103.0
2266 204.0
2267 204.0
2268 204.0
2269 191.0
2270 191.0
2271 204.0
2272 6.0
2273 204.0
2274 30.0
2275 204.0
2276 32.0
2277 204.0
2278 204.0
2279 204.0
2280 204.0
2281 204.0
2282 204.0
2283 251.0
2284 251.0
2285 204.0
2286 43.0
2287 203.0
2288 251.0
2289 204.0
2290 203.0
2291 251.0
2292 221.0
2293 204.0
2294 221.0
2295 2107.0
2296 203.0
2297 204.0
2298 32.0
2299 251.0
2300 251.0
2301 251.0
2302 251.0
2303 251.0
2304 251.0
2305 251.0
2306 252.0
2307 32.0
2308 444.0
2309 444.0
2310 363.0
2311 363.0
2312 251.0
2313 204.0
2314 32.0
2315 1394.0
2316 163.0
2317 204.0
2318 191.0
2319 203.0
2320 32.0
2321 104.0
2322 180.0
2323 203.0
2324 204.0
2325 204.0
2326 204.0
2327 32.0
2328 204.0
2329 204.0
2330 204.0
2331 204.0
2332 204.0
2333 104.0
2334 251.0
2335 203.0
2336 204.0
2337 204.0
2338 204.0
2339 203.0
2340 203.0
2341 204.0
2342 251.0
2343 203.0
2344 1.0
2345 204.0
2346 2108.0
2347 204.0
2348 19.0
2349 32.0
2350 251.0
2351 251.0
2352 251.0
2353 251.0
2354 251.0
2355 251.0
2356 251.0
2357 252.0
2358 32.0
2359 203.0
2360 252.0
2361 443.0
2362 363.0
2363 104.0
2364 204.0
2365 204.0
2366 1394.0
2367 204.0
2368 203.0
2369 191.0
2370 204.0
2371 32.0
2372 203.0
2373 180.0
2374 6.0
2375 204.0
2376 203.0
2377 204.0
2378 204.0
2379 204.0
2380 204.0
2381 204.0
2382 204.0
2383 203.0
2384 204.0
2385 251.0
2386 251.0
2387 204.0
2388 203.0
2389 203.0
2390 251.0
2391 203.0
2392 0.0
2393 251.0
2394 203.0
2395 0.0
2396 221.0
2397 2107.0
2398 203.0
2399 203.0
2400 25.0
2401 251.0
2402 0.0
2403 203.0
2404 251.0
2405 251.0
2406 251.0
2407 251.0
2408 252.0
2409 33.0
2410 252.0
2411 444.0
2412 363.0
2413 364.0
2414 104.0
2415 203.0
2416 204.0
2417 2051.0
2418 204.0
2419 204.0
2420 180.0
2421 204.0
2422 38.0
2423 191.0
2424 180.0
2425 204.0
2426 204.0
2427 204.0
2428 204.0
2429 204.0
2430 204.0
2431 204.0
2432 204.0
2433 204.0
2434 204.0
2435 203.0
2436 251.0
2437 251.0
2438 204.0
2439 204.0
2440 203.0
2441 251.0
2442 203.0
2443 203.0
2444 251.0
2445 204.0
2446 0.0
2447 213.0
2448 2054.0
2449 19.0
2450 203.0
2451 32.0
2452 251.0
2453 203.0
2454 251.0
2455 251.0
2456 251.0
2457 251.0
2458 251.0
2459 252.0
2460 33.0
2461 203.0
2462 444.0
2463 364.0
2464 363.0
2465 109.0
2466 203.0
2467 32.0
2468 1435.0
2469 204.0
2470 204.0
2471 180.0
2472 203.0
2473 109.0
2474 33.0
2475 180.0
2476 6.0
2477 204.0
2478 204.0
2479 204.0
2480 32.0
2481 204.0
2482 204.0
2483 204.0
2484 204.0
2485 204.0
2486 204.0
2487 251.0
2488 203.0
2489 203.0
2490 203.0
2491 203.0
2492 203.0
2493 203.0
2494 203.0
2495 251.0
2496 251.0
2497 1.0
2498 221.0
2499 2107.0
2500 203.0
2501 19.0
2502 32.0
2503 251.0
2504 251.0
2505 251.0
2506 251.0
2507 251.0
2508 251.0
2509 251.0
2510 252.0
2511 32.0
2512 203.0
2513 444.0
2514 203.0
2515 204.0
2516 251.0
2517 252.0
2518 32.0
2519 1435.0
2520 163.0
2521 204.0
2522 191.0
2523 204.0
2524 38.0
2525 120.0
2526 180.0
2527 203.0
2528 204.0
2529 204.0
2530 204.0
2531 203.0
2532 204.0
2533 204.0
2534 204.0
2535 204.0
2536 204.0
2537 104.0
2538 203.0
2539 251.0
2540 191.0
2541 204.0
2542 204.0
2543 203.0
2544 203.0
2545 204.0
2546 251.0
2547 203.0
2548 0.0
2549 204.0
2550 2107.0
2551 203.0
2552 204.0
2553 32.0
2554 251.0
2555 203.0
2556 251.0
2557 251.0
2558 251.0
2559 251.0
2560 252.0
2561 252.0
2562 204.0
2563 252.0
2564 444.0
2565 364.0
2566 363.0
2567 199.0
2568 204.0
2569 204.0
2570 2051.0
2571 163.0
2572 204.0
2573 191.0
2574 204.0
2575 33.0
2576 191.0
2577 180.0
2578 204.0
2579 204.0
2580 203.0
2581 204.0
2582 204.0
2583 204.0
2584 204.0
2585 204.0
2586 204.0
2587 204.0
2588 38.0
2589 179.0
2590 251.0
2591 32.0
2592 203.0
2593 204.0
2594 251.0
2595 203.0
2596 0.0
2597 251.0
2598 221.0
2599 0.0
2600 221.0
2601 2107.0
2602 203.0
2603 204.0
2604 25.0
2605 251.0
2606 103.0
2607 251.0
2608 251.0
2609 251.0
2610 251.0
2611 252.0
2612 252.0
2613 252.0
2614 444.0
2615 444.0
2616 444.0
2617 363.0
2618 203.0
2619 204.0
2620 186.0
2621 2108.0
2622 98.0
2623 204.0
2624 191.0
2625 204.0
2626 38.0
2627 203.0
2628 180.0
2629 204.0
2630 204.0
2631 203.0
2632 204.0
2633 32.0
2634 204.0
2635 204.0
2636 204.0
2637 204.0
2638 204.0
2639 203.0
2640 251.0
2641 203.0
2642 32.0
2643 203.0
2644 203.0
2645 251.0
2646 203.0
2647 204.0
2648 251.0
2649 203.0
2650 1.0
2651 213.0
2652 2107.0
2653 203.0
2654 204.0
2655 25.0
2656 204.0
2657 252.0
2658 251.0
2659 251.0
2660 251.0
2661 251.0
2662 251.0
2663 252.0
2664 251.0
2665 203.0
2666 444.0
2667 444.0
2668 443.0
2669 443.0
2670 251.0
2671 32.0
2672 1435.0
2673 204.0
2674 204.0
2675 191.0
2676 203.0
2677 32.0
2678 203.0
2679 191.0
2680 203.0
2681 204.0
2682 204.0
2683 204.0
2684 32.0
2685 204.0
2686 204.0
2687 204.0
2688 204.0
2689 204.0
2690 203.0
2691 203.0
2692 203.0
2693 203.0
2694 204.0
2695 203.0
2696 251.0
2697 203.0
2698 204.0
2699 251.0
2700 6.0
2701 0.0
2702 204.0
2703 3853.0
2704 25.0
2705 204.0
2706 32.0
2707 38.0
2708 38.0
2709 251.0
2710 251.0
2711 251.0
2712 251.0
2713 251.0
2714 252.0
2715 251.0
2716 203.0
2717 444.0
2718 444.0
2719 443.0
2720 104.0
2721 203.0
2722 203.0
2723 2051.0
2724 175.0
2725 204.0
2726 204.0
2727 191.0
2728 33.0
2729 203.0
2730 180.0
2731 204.0
2732 204.0
2733 204.0
2734 204.0
2735 204.0
2736 204.0
2737 204.0
2738 204.0
2739 204.0
2740 204.0
2741 38.0
2742 203.0
2743 251.0
2744 179.0
2745 204.0
2746 180.0
2747 203.0
2748 204.0
2749 203.0
2750 252.0
2751 229.0
2752 204.0
2753 204.0
2754 2054.0
2755 203.0
2756 203.0
2757 32.0
2758 251.0
2759 252.0
2760 252.0
2761 251.0
2762 251.0
2763 251.0
2764 252.0
2765 252.0
2766 12.0
2767 444.0
2768 444.0
2769 364.0
2770 364.0
2771 104.0
2772 203.0
2773 203.0
2774 2051.0
2775 203.0
2776 204.0
2777 191.0
2778 204.0
2779 109.0
2780 203.0
2781 191.0
2782 12.0
2783 204.0
2784 92.0
2785 204.0
2786 204.0
2787 204.0
2788 204.0
2789 204.0
2790 204.0
2791 204.0
2792 38.0
2793 179.0
2794 251.0
2795 32.0
2796 204.0
2797 203.0
2798 251.0
2799 203.0
2800 203.0
2801 251.0
2802 221.0
2803 204.0
2804 204.0
2805 2107.0
2806 203.0
2807 203.0
2808 32.0
2809 251.0
2810 251.0
2811 252.0
2812 252.0
2813 251.0
2814 251.0
2815 251.0
2816 252.0
2817 252.0
2818 252.0
2819 444.0
2820 364.0
2821 363.0
2822 251.0
2823 32.0
2824 251.0
2825 3853.0
2826 204.0
2827 204.0
2828 203.0
2829 180.0
2830 109.0
2831 203.0
2832 180.0
2833 204.0
2834 204.0
2835 204.0
2836 204.0
2837 32.0
2838 204.0
2839 204.0
2840 204.0
2841 204.0
2842 204.0
2843 204.0
2844 179.0
2845 251.0
2846 204.0
2847 204.0
2848 204.0
2849 251.0
2850 203.0
2851 204.0
2852 251.0
2853 1.0
2854 225.0
2855 204.0
2856 3853.0
2857 203.0
2858 25.0
2859 32.0
2860 98.0
2861 251.0
2862 252.0
2863 252.0
2864 252.0
2865 169.0
2866 252.0
2867 252.0
2868 38.0
2869 444.0
2870 444.0
2871 444.0
2872 363.0
2873 199.0
2874 32.0
2875 204.0
2876 1394.0
2877 98.0
2878 204.0
2879 180.0
2880 204.0
2881 33.0
2882 203.0
2883 120.0
2884 204.0
2885 204.0
2886 204.0
2887 204.0
2888 204.0
2889 204.0
2890 204.0
2891 204.0
2892 204.0
2893 204.0
2894 104.0
2895 203.0
2896 203.0
2897 203.0
2898 204.0
2899 185.0
2900 251.0
2901 251.0
2902 0.0
2903 251.0
2904 231.0
2905 204.0
2906 204.0
2907 3853.0
2908 158.0
2909 19.0
2910 32.0
2911 98.0
2912 38.0
2913 252.0
2914 252.0
2915 252.0
2916 252.0
2917 251.0
2918 252.0
2919 33.0
2920 203.0
2921 444.0
2922 444.0
2923 443.0
2924 104.0
2925 204.0
2926 204.0
2927 1394.0
2928 203.0
2929 204.0
2930 204.0
2931 191.0
2932 186.0
2933 203.0
2934 191.0
2935 204.0
2936 204.0
2937 204.0
2938 204.0
2939 204.0
2940 204.0
2941 204.0
2942 204.0
2943 204.0
2944 204.0
2945 203.0
2946 251.0
2947 251.0
2948 32.0
2949 203.0
2950 204.0
2951 203.0
2952 203.0
2953 204.0
2954 251.0
2955 0.0
2956 203.0
2957 204.0
2958 3853.0
2959 203.0
2960 1.0
2961 32.0
2962 204.0
2963 251.0
2964 252.0
2965 252.0
2966 251.0
2967 251.0
2968 251.0
2969 252.0
2970 203.0
2971 444.0
2972 444.0
2973 444.0
2974 444.0
2975 104.0
2976 203.0
2977 185.0
2978 1435.0
2979 203.0
2980 204.0
2981 191.0
2982 203.0
2983 109.0
2984 203.0
2985 180.0
2986 204.0
2987 204.0
2988 204.0
2989 204.0
2990 32.0
2991 204.0
2992 204.0
2993 204.0
2994 204.0
2995 204.0
2996 204.0
2997 179.0
2998 251.0
2999 30.0
3000 204.0
3001 203.0
3002 251.0
3003 203.0
3004 203.0
3005 251.0
3006 0.0
3007 203.0
3008 203.0
3009 3853.0
3010 203.0
3011 19.0
3012 32.0
3013 0.0
3014 0.0
3015 252.0
3016 252.0
3017 252.0
3018 251.0
3019 252.0
3020 252.0
3021 6.0
3022 203.0
3023 444.0
3024 364.0
3025 364.0
3026 109.0
3027 32.0
3028 174.0
3029 3853.0
3030 203.0
3031 204.0
3032 204.0
3033 204.0
3034 203.0
3035 203.0
3036 191.0
3037 204.0
3038 204.0
3039 204.0
3040 204.0
3041 203.0
3042 204.0
3043 204.0
3044 204.0
3045 204.0
3046 204.0
3047 223.0
3048 203.0
3049 203.0
3050 203.0
3051 204.0
3052 185.0
3053 251.0
3054 203.0
3055 203.0
3056 251.0
3057 0.0
3058 204.0
3059 98.0
3060 3853.0
3061 25.0
3062 203.0
3063 32.0
3064 204.0
3065 252.0
3066 252.0
3067 252.0
3068 252.0
3069 251.0
3070 203.0
3071 252.0
3072 32.0
3073 203.0
3074 444.0
3075 444.0
3076 364.0
3077 203.0
3078 32.0
3079 203.0
3080 3853.0
3081 203.0
3082 204.0
3083 204.0
3084 204.0
3085 203.0
3086 203.0
3087 191.0
3088 204.0
3089 204.0
3090 204.0
3091 204.0
3092 204.0
3093 204.0
3094 204.0
3095 204.0
3096 204.0
3097 0.0
3098 114.0
3099 204.0
3100 251.0
3101 203.0
3102 203.0
3103 204.0
3104 203.0
3105 203.0
3106 0.0
3107 251.0
3108 0.0
3109 204.0
3110 1.0
3111 3853.0
3112 203.0
3113 203.0
3114 32.0
3115 38.0
3116 38.0
3117 252.0
3118 252.0
3119 252.0
3120 251.0
3121 251.0
3122 252.0
3123 6.0
3124 444.0
3125 444.0
3126 444.0
3127 363.0
3128 104.0
3129 204.0
3130 203.0
3131 3853.0
3132 203.0
3133 204.0
3134 191.0
3135 204.0
3136 204.0
3137 203.0
3138 203.0
3139 204.0
3140 204.0
3141 204.0
3142 203.0
3143 204.0
3144 204.0
3145 204.0
3146 204.0
3147 204.0
3148 223.0
3149 204.0
3150 251.0
3151 251.0
3152 32.0
3153 204.0
3154 204.0
3155 203.0
3156 203.0
3157 25.0
3158 251.0
3159 0.0
3160 1.0
3161 0.0
3162 3853.0
3163 1.0
3164 203.0
3165 32.0
3166 204.0
3167 252.0
3168 252.0
3169 204.0
3170 252.0
3171 251.0
3172 32.0
3173 252.0
3174 6.0
3175 444.0
3176 444.0
3177 444.0
3178 363.0
3179 104.0
3180 32.0
3181 204.0
3182 3853.0
3183 204.0
3184 204.0
3185 191.0
3186 203.0
3187 174.0
3188 203.0
3189 191.0
3190 203.0
3191 204.0
3192 203.0
3193 203.0
3194 204.0
3195 204.0
3196 204.0
3197 204.0
3198 114.0
3199 204.0
3200 204.0
3201 203.0
3202 203.0
3203 191.0
3204 204.0
3205 203.0
3206 251.0
3207 251.0
3208 203.0
3209 251.0
3210 0.0
3211 0.0
3212 1.0
3213 3853.0
3214 25.0
3215 25.0
3216 32.0
3217 0.0
3218 180.0
3219 252.0
3220 252.0
3221 252.0
3222 251.0
3223 203.0
3224 252.0
3225 32.0
3226 203.0
3227 444.0
3228 364.0
3229 444.0
3230 203.0
3231 32.0
3232 203.0
3233 3853.0
3234 204.0
3235 204.0
3236 204.0
3237 204.0
3238 203.0
3239 203.0
3240 191.0
3241 204.0
3242 204.0
3243 204.0
3244 203.0
3245 32.0
3246 204.0
3247 204.0
3248 204.0
3249 203.0
3250 223.0
3251 114.0
3252 179.0
3253 251.0
3254 191.0
3255 204.0
3256 204.0
3257 251.0
3258 203.0
3259 204.0
3260 251.0
3261 0.0
3262 0.0
3263 185.0
3264 3853.0
3265 104.0
3266 203.0
3267 32.0
3268 0.0
3269 251.0
3270 252.0
3271 252.0
3272 252.0
3273 251.0
3274 251.0
3275 252.0
3276 32.0
3277 444.0
3278 444.0
3279 444.0
3280 444.0
3281 203.0
3282 180.0
3283 204.0
3284 3853.0
3285 98.0
3286 204.0
3287 204.0
3288 204.0
3289 204.0
3290 191.0
3291 191.0
3292 17.0
3293 204.0
3294 204.0
3295 25.0
3296 204.0
3297 203.0
3298 204.0
3299 204.0
3300 204.0
3301 203.0
3302 204.0
3303 163.0
3304 251.0
3305 104.0
3306 203.0
3307 203.0
3308 203.0
3309 251.0
3310 32.0
3311 251.0
3312 224.0
3313 0.0
3314 0.0
3315 3853.0
3316 204.0
3317 203.0
3318 32.0
3319 30.0
3320 252.0
3321 252.0
3322 252.0
3323 251.0
3324 251.0
3325 191.0
3326 252.0
3327 6.0
3328 444.0
3329 444.0
3330 444.0
3331 363.0
3332 104.0
3333 180.0
3334 204.0
3335 2052.0
3336 204.0
3337 204.0
3338 204.0
3339 204.0
3340 204.0
3341 191.0
3342 114.0
3343 12.0
3344 204.0
3345 204.0
3346 204.0
3347 204.0
3348 204.0
3349 204.0
3350 204.0
3351 204.0
3352 203.0
3353 204.0
3354 251.0
3355 251.0
3356 204.0
3357 204.0
3358 203.0
3359 203.0
3360 203.0
3361 203.0
3362 251.0
3363 0.0
3364 0.0
3365 0.0
3366 3853.0
3367 203.0
3368 204.0
3369 25.0
3370 103.0
3371 252.0
3372 252.0
3373 251.0
3374 252.0
3375 251.0
3376 204.0
3377 252.0
3378 6.0
3379 444.0
3380 444.0
3381 364.0
3382 444.0
3383 203.0
3384 32.0
3385 174.0
3386 3853.0
3387 191.0
3388 204.0
3389 204.0
3390 203.0
3391 204.0
3392 104.0
3393 180.0
3394 204.0
3395 204.0
3396 204.0
3397 203.0
3398 203.0
3399 204.0
3400 204.0
3401 204.0
3402 114.0
3403 203.0
3404 104.0
3405 203.0
3406 203.0
3407 203.0
3408 203.0
3409 25.0
3410 203.0
3411 203.0
3412 0.0
3413 251.0
3414 1.0
3415 0.0
3416 109.0
3417 3853.0
3418 203.0
3419 0.0
3420 32.0
3421 30.0
3422 251.0
3423 252.0
3424 252.0
3425 252.0
3426 252.0
3427 251.0
3428 252.0
3429 32.0
3430 444.0
3431 444.0
3432 364.0
3433 444.0
3434 251.0
3435 186.0
3436 185.0
3437 3853.0
3438 203.0
3439 204.0
3440 204.0
3441 204.0
3442 204.0
3443 191.0
3444 191.0
3445 204.0
3446 204.0
3447 204.0
3448 204.0
3449 38.0
3450 204.0
3451 204.0
3452 203.0
3453 203.0
3454 203.0
3455 203.0
3456 204.0
3457 251.0
3458 38.0
3459 43.0
3460 203.0
3461 203.0
3462 203.0
3463 30.0
3464 252.0
3465 203.0
3466 0.0
3467 204.0
3468 3853.0
3469 30.0
3470 203.0
3471 25.0
3472 251.0
3473 252.0
3474 252.0
3475 252.0
3476 252.0
3477 251.0
3478 204.0
3479 252.0
3480 6.0
3481 444.0
3482 444.0
3483 364.0
3484 444.0
3485 203.0
3486 180.0
3487 32.0
3488 3853.0
3489 109.0
3490 204.0
3491 204.0
3492 204.0
3493 204.0
3494 191.0
3495 191.0
3496 204.0
3497 204.0
3498 204.0
3499 31.0
3500 204.0
3501 204.0
3502 204.0
3503 204.0
3504 109.0
3505 191.0
3506 204.0
3507 179.0
3508 251.0
3509 179.0
3510 43.0
3511 204.0
3512 203.0
3513 203.0
3514 203.0
3515 252.0
3516 204.0
3517 0.0
3518 0.0
3519 3853.0
3520 93.0
3521 203.0
3522 32.0
3523 38.0
3524 251.0
3525 252.0
3526 251.0
3527 252.0
3528 252.0
3529 252.0
3530 252.0
3531 32.0
3532 444.0
3533 444.0
3534 363.0
3535 363.0
3536 251.0
3537 32.0
3538 2108.0
3539 2052.0
3540 444.0
3541 204.0
3542 204.0
3543 203.0
3544 204.0
3545 33.0
3546 191.0
3547 204.0
3548 204.0
3549 204.0
3550 204.0
3551 203.0
3552 204.0
3553 204.0
3554 204.0
3555 204.0
3556 191.0
3557 203.0
3558 203.0
3559 251.0
3560 203.0
3561 204.0
3562 203.0
3563 251.0
3564 203.0
3565 204.0
3566 251.0
3567 251.0
3568 0.0
3569 204.0
3570 3853.0
3571 204.0
3572 30.0
3573 32.0
3574 180.0
3575 252.0
3576 252.0
3577 231.0
3578 252.0
3579 251.0
3580 251.0
3581 252.0
3582 32.0
3583 203.0
3584 444.0
3585 364.0
3586 444.0
3587 251.0
3588 180.0
3589 174.0
3590 3853.0
3591 203.0
3592 203.0
3593 204.0
3594 204.0
3595 204.0
3596 114.0
3597 203.0
3598 204.0
3599 204.0
3600 204.0
3601 203.0
3602 38.0
3603 203.0
3604 204.0
3605 204.0
3606 204.0
3607 223.0
3608 114.0
3609 251.0
3610 251.0
3611 33.0
3612 203.0
3613 203.0
3614 251.0
3615 251.0
3616 0.0
3617 251.0
3618 203.0
3619 0.0
3620 169.0
3621 3853.0
3622 203.0
3623 203.0
3624 32.0
3625 251.0
3626 252.0
3627 252.0
3628 252.0
3629 251.0
3630 251.0
3631 204.0
3632 252.0
3633 6.0
3634 203.0
3635 444.0
3636 364.0
3637 444.0
3638 443.0
3639 98.0
3640 203.0
3641 3853.0
3642 98.0
3643 204.0
3644 204.0
3645 204.0
3646 204.0
3647 180.0
3648 191.0
3649 204.0
3650 204.0
3651 204.0
3652 31.0
3653 204.0
3654 204.0
3655 204.0
3656 204.0
3657 203.0
3658 334.0
3659 0.0
3660 163.0
3661 251.0
3662 251.0
3663 43.0
3664 203.0
3665 203.0
3666 251.0
3667 203.0
3668 252.0
3669 251.0
3670 160.0
3671 0.0
3672 3853.0
3673 30.0
3674 251.0
3675 25.0
3676 231.0
3677 252.0
3678 252.0
3679 252.0
3680 252.0
3681 251.0
3682 251.0
3683 252.0
3684 12.0
3685 444.0
3686 444.0
3687 444.0
3688 444.0
3689 175.0
3690 32.0
3691 204.0
3692 2051.0
3693 443.0
3694 251.0
3695 204.0
3696 204.0
3697 204.0
3698 203.0
3699 191.0
3700 204.0
3701 204.0
3702 204.0
3703 30.0
3704 204.0
3705 204.0
3706 204.0
3707 204.0
3708 114.0
3709 203.0
3710 0.0
3711 203.0
3712 251.0
3713 191.0
3714 204.0
3715 204.0
3716 203.0
3717 203.0
3718 32.0
3719 251.0
3720 251.0
3721 252.0
3722 225.0
3723 3853.0
3724 203.0
3725 204.0
3726 32.0
3727 225.0
3728 252.0
3729 252.0
3730 252.0
3731 252.0
3732 251.0
3733 251.0
3734 252.0
3735 33.0
3736 444.0
3737 444.0
3738 444.0
3739 444.0
3740 444.0
3741 180.0
3742 185.0
3743 1435.0
3744 203.0
3745 98.0
3746 251.0
3747 204.0
3748 204.0
3749 191.0
3750 191.0
3751 204.0
3752 204.0
3753 204.0
3754 203.0
3755 204.0
3756 204.0
3757 204.0
3758 204.0
3759 109.0
3760 203.0
3761 204.0
3762 251.0
3763 251.0
3764 174.0
3765 203.0
3766 204.0
3767 251.0
3768 251.0
3769 203.0
3770 251.0
3771 203.0
3772 0.0
3773 203.0
3774 3853.0
3775 286.0
3776 203.0
3777 32.0
3778 251.0
3779 252.0
3780 252.0
3781 252.0
3782 44.0
3783 251.0
3784 204.0
3785 252.0
3786 203.0
3787 444.0
3788 444.0
3789 364.0
3790 444.0
3791 203.0
3792 203.0
3793 203.0
3794 1394.0
3795 203.0
3796 98.0
3797 33.0
3798 33.0
3799 204.0
3800 191.0
3801 204.0
3802 204.0
3803 204.0
3804 204.0
3805 30.0
3806 32.0
3807 204.0
3808 204.0
3809 204.0
3810 114.0
3811 203.0
3812 203.0
3813 251.0
3814 251.0
3815 204.0
3816 43.0
3817 203.0
3818 251.0
3819 251.0
3820 203.0
3821 252.0
3822 203.0
3823 0.0
3824 0.0
3825 3853.0
3826 98.0
3827 104.0
3828 25.0
3829 0.0
3830 252.0
3831 252.0
3832 252.0
3833 252.0
3834 252.0
3835 185.0
3836 252.0
3837 12.0
3838 203.0
3839 444.0
3840 364.0
3841 444.0
3842 203.0
3843 32.0
3844 204.0
3845 3853.0
3846 251.0
3847 204.0
3848 98.0
3849 203.0
3850 204.0
3851 180.0
3852 191.0
3853 204.0
3854 204.0
3855 92.0
3856 203.0
3857 32.0
3858 204.0
3859 204.0
3860 204.0
3861 203.0
3862 203.0
3863 203.0
3864 251.0
3865 251.0
3866 191.0
3867 114.0
3868 203.0
3869 203.0
3870 251.0
3871 32.0
3872 251.0
3873 251.0
3874 204.0
3875 203.0
3876 3853.0
3877 32.0
3878 104.0
3879 363.0
3880 0.0
3881 252.0
3882 252.0
3883 252.0
3884 252.0
3885 251.0
3886 251.0
3887 252.0
3888 32.0
3889 444.0
3890 444.0
3891 444.0
3892 444.0
3893 444.0
3894 174.0
3895 251.0
3896 1435.0
3897 251.0
3898 204.0
3899 444.0
3900 98.0
3901 204.0
3902 180.0
3903 203.0
3904 204.0
3905 204.0
3906 0.0
3907 203.0
3908 204.0
3909 204.0
3910 204.0
3911 204.0
3912 204.0
3913 334.0
3914 204.0
3915 203.0
3916 251.0
3917 203.0
3918 203.0
3919 203.0
3920 251.0
3921 203.0
3922 30.0
3923 251.0
3924 252.0
3925 204.0
3926 98.0
3927 3853.0
3928 203.0
3929 203.0
3930 32.0
3931 252.0
3932 252.0
3933 252.0
3934 252.0
3935 252.0
3936 252.0
3937 33.0
3938 252.0
3939 38.0
3940 444.0
3941 444.0
3942 364.0
3943 444.0
3944 363.0
3945 174.0
3946 203.0
3947 444.0
3948 1708.0
3949 98.0
3950 203.0
3951 204.0
3952 204.0
3953 191.0
3954 191.0
3955 204.0
3956 204.0
3957 203.0
3958 204.0
3959 204.0
3960 203.0
3961 204.0
3962 204.0
3963 204.0
3964 203.0
3965 204.0
3966 251.0
3967 251.0
3968 49.0
3969 191.0
3970 203.0
3971 251.0
3972 251.0
3973 203.0
3974 252.0
3975 203.0
3976 203.0
3977 98.0
3978 3853.0
3979 98.0
3980 203.0
3981 25.0
3982 252.0
3983 252.0
3984 252.0
3985 252.0
3986 0.0
3987 251.0
3988 204.0
3989 252.0
3990 38.0
3991 444.0
3992 444.0
3993 444.0
3994 444.0
3995 444.0
3996 204.0
3997 204.0
3998 363.0
3999 103.0
4000 164.0
4001 1707.0
4002 204.0
4003 204.0
4004 180.0
4005 203.0
4006 204.0
4007 204.0
4008 203.0
4009 203.0
4010 32.0
4011 204.0
4012 204.0
4013 204.0
4014 223.0
4015 204.0
4016 203.0
4017 251.0
4018 251.0
4019 203.0
4020 43.0
4021 203.0
4022 251.0
4023 251.0
4024 30.0
4025 252.0
4026 251.0
4027 204.0
4028 204.0
4029 3853.0
4030 203.0
4031 203.0
4032 25.0
4033 252.0
4034 252.0
4035 252.0
4036 252.0
4037 44.0
4038 251.0
4039 251.0
4040 252.0
4041 38.0
4042 444.0
4043 444.0
4044 364.0
4045 444.0
4046 443.0
4047 32.0
4048 204.0
4049 1394.0
4050 203.0
4051 98.0
4052 224.0
4053 103.0
4054 204.0
4055 180.0
4056 191.0
4057 203.0
4058 204.0
4059 204.0
4060 203.0
4061 204.0
4062 204.0
4063 204.0
4064 203.0
4065 203.0
4066 203.0
4067 203.0
4068 251.0
4069 251.0
4070 191.0
4071 43.0
4072 204.0
4073 203.0
4074 251.0
4075 0.0
4076 251.0
4077 251.0
4078 204.0
4079 203.0
4080 3853.0
4081 203.0
4082 203.0
4083 32.0
4084 252.0
4085 252.0
4086 252.0
4087 252.0
4088 252.0
4089 251.0
4090 251.0
4091 252.0
4092 203.0
4093 444.0
4094 444.0
4095 444.0
4096 444.0
4097 251.0
4098 204.0
4099 251.0
4100 443.0
4101 2107.0
4102 98.0
4103 203.0
4104 98.0
4105 204.0
4106 191.0
4107 120.0
4108 6.0
4109 204.0
4110 203.0
4111 204.0
4112 203.0
4113 203.0
4114 204.0
4115 203.0
4116 203.0
4117 203.0
4118 204.0
4119 251.0
4120 251.0
4121 204.0
4122 204.0
4123 203.0
4124 251.0
4125 251.0
4126 204.0
4127 251.0
4128 203.0
4129 252.0
4130 203.0
4131 3853.0
4132 203.0
4133 203.0
4134 32.0
4135 251.0
4136 252.0
4137 252.0
4138 169.0
4139 252.0
4140 252.0
4141 251.0
4142 252.0
4143 32.0
4144 444.0
4145 444.0
4146 444.0
4147 444.0
4148 363.0
4149 180.0
4150 203.0
4151 1394.0
4152 204.0
4153 204.0
4154 1436.0
4155 203.0
4156 204.0
4157 191.0
4158 191.0
4159 203.0
4160 204.0
4161 204.0
4162 30.0
4163 32.0
4164 30.0
4165 204.0
4166 0.0
4167 204.0
4168 203.0
4169 191.0
4170 251.0
4171 251.0
4172 203.0
4173 203.0
4174 203.0
4175 251.0
4176 251.0
4177 204.0
4178 252.0
4179 203.0
4180 203.0
4181 204.0
4182 3853.0
4183 203.0
4184 203.0
4185 32.0
4186 252.0
4187 252.0
4188 252.0
4189 252.0
4190 252.0
4191 251.0
4192 204.0
4193 252.0
4194 38.0
4195 444.0
4196 444.0
4197 444.0
4198 444.0
4199 364.0
4200 32.0
4201 363.0
4202 1394.0
4203 1435.0
4204 203.0
4205 251.0
4206 204.0
4207 204.0
4208 204.0
4209 191.0
4210 6.0
4211 204.0
4212 204.0
4213 30.0
4214 204.0
4215 204.0
4216 204.0
4217 204.0
4218 203.0
4219 335.0
4220 203.0
4221 251.0
4222 251.0
4223 191.0
4224 203.0
4225 251.0
4226 251.0
4227 251.0
4228 203.0
4229 251.0
4230 251.0
4231 203.0
4232 32.0
4233 3853.0
4234 0.0
4235 203.0
4236 25.0
4237 252.0
4238 252.0
4239 252.0
4240 252.0
4241 0.0
4242 251.0
4243 252.0
4244 252.0
4245 12.0
4246 444.0
4247 444.0
4248 364.0
4249 444.0
4250 2107.0
4251 32.0
4252 444.0
4253 3853.0
4254 203.0
4255 98.0
4256 203.0
4257 103.0
4258 204.0
4259 180.0
4260 180.0
4261 204.0
4262 204.0
4263 203.0
4264 203.0
4265 204.0
4266 204.0
4267 204.0
4268 204.0
4269 203.0
4270 203.0
4271 223.0
4272 251.0
4273 251.0
4274 33.0
4275 0.0
4276 252.0
4277 251.0
4278 203.0
4279 204.0
4280 252.0
4281 203.0
4282 252.0
4283 203.0
4284 3853.0
4285 204.0
4286 203.0
4287 32.0
4288 252.0
4289 252.0
4290 252.0
4291 251.0
4292 252.0
4293 251.0
4294 251.0
4295 252.0
4296 32.0
4297 444.0
4298 444.0
4299 444.0
4300 203.0
4301 251.0
4302 174.0
4303 251.0
4304 1435.0
4305 443.0
4306 204.0
4307 2108.0
4308 203.0
4309 204.0
4310 191.0
4311 120.0
4312 6.0
4313 204.0
4314 204.0
4315 204.0
4316 204.0
4317 30.0
4318 204.0
4319 169.0
4320 191.0
4321 334.0
4322 204.0
4323 251.0
4324 251.0
4325 204.0
4326 204.0
4327 7.0
4328 7.0
4329 251.0
4330 204.0
4331 251.0
4332 203.0
4333 252.0
4334 204.0
4335 3853.0
4336 32.0
4337 203.0
4338 25.0
4339 252.0
4340 252.0
4341 252.0
4342 252.0
4343 252.0
4344 252.0
4345 252.0
4346 252.0
4347 6.0
4348 444.0
4349 444.0
4350 444.0
4351 203.0
4352 444.0
4353 203.0
4354 204.0
4355 2051.0
4356 109.0
4357 363.0
4358 98.0
4359 103.0
4360 204.0
4361 191.0
4362 191.0
4363 204.0
4364 204.0
4365 204.0
4366 31.0
4367 204.0
4368 32.0
4369 204.0
4370 169.0
4371 204.0
4372 334.0
4373 251.0
4374 251.0
4375 251.0
4376 191.0
4377 104.0
4378 251.0
4379 251.0
4380 251.0
4381 204.0
4382 251.0
4383 203.0
4384 203.0
4385 32.0
4386 3853.0
4387 204.0
4388 25.0
4389 25.0
4390 252.0
4391 252.0
4392 252.0
4393 231.0
4394 252.0
4395 251.0
4396 204.0
4397 252.0
4398 12.0
4399 444.0
4400 444.0
4401 364.0
4402 444.0
4403 363.0
4404 32.0
4405 363.0
4406 1394.0
4407 732.0
4408 98.0
4409 1260.0
4410 204.0
4411 204.0
4412 180.0
4413 191.0
4414 204.0
4415 204.0
4416 204.0
4417 203.0
4418 203.0
4419 30.0
4420 204.0
4421 226.0
4422 203.0
4423 335.0
4424 203.0
4425 251.0
4426 203.0
4427 204.0
4428 30.0
4429 251.0
4430 251.0
4431 251.0
4432 30.0
4433 252.0
4434 252.0
4435 203.0
4436 203.0
4437 3853.0
4438 204.0
4439 25.0
4440 32.0
4441 252.0
4442 252.0
4443 252.0
4444 252.0
4445 225.0
4446 252.0
4447 251.0
4448 252.0
4449 32.0
4450 444.0
4451 444.0
4452 444.0
4453 443.0
4454 444.0
4455 174.0
4456 251.0
4457 1394.0
4458 1435.0
4459 443.0
4460 251.0
4461 203.0
4462 204.0
4463 203.0
4464 191.0
4465 203.0
4466 204.0
4467 203.0
4468 204.0
4469 204.0
4470 30.0
4471 251.0
4472 204.0
4473 203.0
4474 335.0
4475 204.0
4476 251.0
4477 251.0
4478 204.0
4479 31.0
4480 203.0
4481 251.0
4482 251.0
4483 203.0
4484 252.0
4485 203.0
4486 252.0
4487 203.0
4488 3853.0
4489 0.0
4490 203.0
4491 32.0
4492 252.0
4493 252.0
4494 252.0
4495 252.0
4496 252.0
4497 252.0
4498 251.0
4499 252.0
4500 12.0
4501 444.0
4502 444.0
4503 364.0
4504 444.0
4505 444.0
4506 174.0
4507 98.0
4508 1435.0
4509 1435.0
4510 203.0
4511 1708.0
4512 251.0
4513 204.0
4514 191.0
4515 191.0
4516 17.0
4517 204.0
4518 204.0
4519 203.0
4520 204.0
4521 204.0
4522 203.0
4523 98.0
4524 203.0
4525 334.0
4526 203.0
4527 251.0
4528 251.0
4529 191.0
4530 33.0
4531 251.0
4532 251.0
4533 251.0
4534 203.0
4535 251.0
4536 203.0
4537 252.0
4538 225.0
4539 3853.0
4540 98.0
4541 203.0
4542 98.0
4543 252.0
4544 252.0
4545 252.0
4546 252.0
4547 252.0
4548 252.0
4549 204.0
4550 252.0
4551 203.0
4552 444.0
4553 444.0
4554 444.0
4555 203.0
4556 3233.0
4557 180.0
4558 204.0
4559 1435.0
4560 203.0
4561 203.0
4562 98.0
4563 33.0
4564 98.0
4565 191.0
4566 191.0
4567 204.0
4568 204.0
4569 204.0
4570 204.0
4571 32.0
4572 204.0
4573 223.0
4574 203.0
4575 203.0
4576 335.0
4577 251.0
4578 251.0
4579 203.0
4580 204.0
4581 33.0
4582 251.0
4583 251.0
4584 251.0
4585 204.0
4586 252.0
4587 252.0
4588 252.0
4589 1.0
4590 3853.0
4591 204.0
4592 33.0
4593 25.0
4594 252.0
4595 252.0
4596 252.0
4597 251.0
4598 252.0
4599 252.0
4600 204.0
4601 252.0
4602 252.0
4603 444.0
4604 444.0
4605 444.0
4606 444.0
4607 363.0
4608 252.0
4609 203.0
4610 1394.0
4611 1708.0
4612 98.0
4613 98.0
4614 33.0
4615 443.0
4616 203.0
4617 204.0
4618 204.0
4619 204.0
4620 92.0
4621 204.0
4622 203.0
4623 169.0
4624 203.0
4625 204.0
4626 251.0
4627 335.0
4628 223.0
4629 251.0
4630 251.0
4631 204.0
4632 203.0
4633 252.0
4634 204.0
4635 251.0
4636 0.0
4637 251.0
4638 203.0
4639 203.0
4640 203.0
4641 3853.0
4642 204.0
4643 203.0
4644 32.0
4645 252.0
4646 252.0
4647 252.0
4648 252.0
4649 203.0
4650 252.0
4651 251.0
4652 252.0
4653 33.0
4654 444.0
4655 444.0
4656 444.0
4657 204.0
4658 444.0
4659 180.0
4660 203.0
4661 1394.0
4662 203.0
4663 251.0
4664 251.0
4665 204.0
4666 443.0
4667 114.0
4668 191.0
4669 204.0
4670 204.0
4671 203.0
4672 204.0
4673 204.0
4674 103.0
4675 223.0
4676 204.0
4677 203.0
4678 334.0
4679 223.0
4680 251.0
4681 251.0
4682 204.0
4683 49.0
4684 7.0
4685 252.0
4686 251.0
4687 32.0
4688 252.0
4689 203.0
4690 252.0
4691 38.0
4692 3853.0
4693 203.0
4694 203.0
4695 25.0
4696 251.0
4697 252.0
4698 252.0
4699 252.0
4700 252.0
4701 252.0
4702 251.0
4703 252.0
4704 44.0
4705 444.0
4706 444.0
4707 444.0
4708 203.0
4709 444.0
4710 180.0
4711 169.0
4712 3853.0
4713 939.0
4714 203.0
4715 444.0
4716 203.0
4717 443.0
4718 180.0
4719 191.0
4720 204.0
4721 204.0
4722 204.0
4723 204.0
4724 204.0
4725 203.0
4726 251.0
4727 169.0
4728 204.0
4729 334.0
4730 203.0
4731 251.0
4732 251.0
4733 203.0
4734 203.0
4735 7.0
4736 252.0
4737 204.0
4738 203.0
4739 252.0
4740 252.0
4741 252.0
4742 204.0
4743 3853.0
4744 203.0
4745 203.0
4746 25.0
4747 252.0
4748 252.0
4749 252.0
4750 251.0
4751 252.0
4752 252.0
4753 204.0
4754 252.0
4755 44.0
4756 444.0
4757 444.0
4758 444.0
4759 444.0
4760 444.0
4761 98.0
4762 98.0
4763 2108.0
4764 203.0
4765 443.0
4766 98.0
4767 203.0
4768 2107.0
4769 114.0
4770 203.0
4771 204.0
4772 204.0
4773 204.0
4774 204.0
4775 204.0
4776 232.0
4777 191.0
4778 204.0
4779 204.0
4780 335.0
4781 223.0
4782 251.0
4783 203.0
4784 49.0
4785 203.0
4786 251.0
4787 7.0
4788 204.0
4789 203.0
4790 251.0
4791 203.0
4792 252.0
4793 203.0
4794 3853.0
4795 286.0
4796 203.0
4797 32.0
4798 252.0
4799 252.0
4800 252.0
4801 252.0
4802 252.0
4803 251.0
4804 251.0
4805 252.0
4806 33.0
4807 444.0
4808 444.0
4809 444.0
4810 444.0
4811 2107.0
4812 180.0
4813 180.0
4814 3853.0
4815 2740.0
4816 203.0
4817 2107.0
4818 203.0
4819 364.0
4820 114.0
4821 33.0
4822 204.0
4823 204.0
4824 203.0
4825 204.0
4826 204.0
4827 103.0
4828 203.0
4829 203.0
4830 0.0
4831 335.0
4832 203.0
4833 251.0
4834 251.0
4835 204.0
4836 158.0
4837 7.0
4838 7.0
4839 251.0
4840 0.0
4841 252.0
4842 203.0
4843 252.0
4844 0.0
4845 3853.0
4846 1.0
4847 30.0
4848 87.0
4849 252.0
4850 252.0
4851 252.0
4852 252.0
4853 252.0
4854 252.0
4855 252.0
4856 252.0
4857 12.0
4858 444.0
4859 444.0
4860 444.0
4861 203.0
4862 2107.0
4863 32.0
4864 251.0
4865 1394.0
4866 203.0
4867 203.0
4868 251.0
4869 203.0
4870 443.0
4871 33.0
4872 191.0
4873 204.0
4874 204.0
4875 204.0
4876 204.0
4877 204.0
4878 203.0
4879 223.0
4880 98.0
4881 0.0
4882 335.0
4883 336.0
4884 251.0
4885 251.0
4886 191.0
4887 30.0
4888 204.0
4889 252.0
4890 252.0
4891 203.0
4892 252.0
4893 251.0
4894 252.0
4895 32.0
4896 3853.0
4897 0.0
4898 203.0
4899 25.0
4900 252.0
4901 252.0
4902 252.0
4903 252.0
4904 252.0
4905 252.0
4906 252.0
4907 252.0
4908 252.0
4909 444.0
4910 444.0
4911 444.0
4912 363.0
4913 444.0
4914 38.0
4915 169.0
4916 3853.0
4917 1707.0
4918 203.0
4919 1708.0
4920 204.0
4921 364.0
4922 191.0
4923 191.0
4924 204.0
4925 204.0
4926 204.0
4927 204.0
4928 204.0
4929 177.0
4930 223.0
4931 204.0
4932 204.0
4933 335.0
4934 336.0
4935 337.0
4936 203.0
4937 204.0
4938 1.0
4939 203.0
4940 252.0
4941 252.0
4942 203.0
4943 252.0
4944 251.0
4945 252.0
4946 204.0
4947 3853.0
4948 203.0
4949 251.0
4950 98.0
4951 252.0
4952 252.0
4953 252.0
4954 252.0
4955 252.0
4956 251.0
4957 251.0
4958 252.0
4959 33.0
4960 444.0
4961 444.0
4962 444.0
4963 444.0
4964 2107.0
4965 32.0
4966 169.0
4967 3853.0
4968 2107.0
4969 204.0
4970 98.0
4971 203.0
4972 98.0
4973 1.0
4974 204.0
4975 204.0
4976 204.0
4977 204.0
4978 204.0
4979 104.0
4980 204.0
4981 191.0
4982 204.0
4983 204.0
4984 335.0
4985 337.0
4986 203.0
4987 203.0
4988 204.0
4989 33.0
4990 251.0
4991 7.0
4992 251.0
4993 203.0
4994 251.0
4995 252.0
4996 252.0
4997 204.0
4998 3853.0
4999 203.0
5000 203.0
5001 32.0
5002 252.0
5003 252.0
5004 252.0
5005 252.0
5006 225.0
5007 252.0
5008 252.0
5009 252.0
5010 204.0
5011 444.0
5012 444.0
5013 444.0
5014 251.0
5015 3196.0
5016 174.0
5017 180.0
5018 3853.0
5019 203.0
5020 98.0
5021 203.0
5022 203.0
5023 251.0
5024 204.0
5025 191.0
5026 204.0
5027 204.0
5028 204.0
5029 204.0
5030 203.0
5031 103.0
5032 223.0
5033 204.0
5034 0.0
5035 337.0
5036 203.0
5037 204.0
5038 203.0
5039 203.0
5040 158.0
5041 203.0
5042 252.0
5043 251.0
5044 32.0
5045 251.0
5046 203.0
5047 252.0
5048 203.0
5049 3853.0
5050 203.0
5051 203.0
5052 1.0
5053 252.0
5054 252.0
5055 252.0
5056 252.0
5057 252.0
5058 252.0
5059 204.0
5060 252.0
5061 33.0
5062 444.0
5063 444.0
5064 444.0
5065 444.0
5066 2107.0
5067 32.0
5068 203.0
5069 1435.0
5070 203.0
5071 204.0
5072 203.0
5073 203.0
5074 252.0
5075 203.0
5076 1.0
5077 204.0
5078 204.0
5079 204.0
5080 204.0
5081 204.0
5082 204.0
5083 223.0
5084 103.0
5085 204.0
5086 203.0
5087 203.0
5088 251.0
5089 203.0
5090 203.0
5091 204.0
5092 204.0
5093 252.0
5094 7.0
5095 0.0
5096 252.0
5097 203.0
5098 252.0
5099 203.0
5100 3853.0
