1 83.0
2 34.0
3 29.0
4 169.0
5 0.0
6 83.0
7 143.0
8 32.0
9 191.0
10 0.0
11 45.0
12 6.0
13 49.0
14 0.0
15 73.0
16 45.0
17 80.0
18 121.0
19 98.0
20 33.0
21 126.0
22 0.0
23 169.0
24 19.0
25 78.0
26 1.0
27 0.0
28 33.0
29 178.0
30 0.0
31 81.0
32 28.0
33 38.0
34 175.0
35 0.0
36 147.0
37 33.0
38 203.0
39 203.0
40 125.0
41 6.0
42 147.0
43 15.0
44 203.0
45 0.0
46 38.0
47 83.0
48 251.0
49 45.0
50 0.0
51 251.0
52 203.0
53 17.0
54 33.0
55 191.0
56 0.0
57 38.0
58 61.0
59 169.0
60 38.0
61 38.0
62 158.0
63 47.0
64 116.0
65 66.0
66 38.0
67 30.0
68 32.0
69 251.0
70 2.0
71 203.0
72 198.0
73 158.0
74 29.0
75 99.0
76 33.0
77 203.0
78 4.0
79 0.0
80 33.0
81 35.0
82 49.0
83 0.0
84 72.0
85 17.0
86 129.0
87 165.0
88 78.0
89 191.0
90 105.0
91 38.0
92 116.0
93 0.0
94 45.0
95 203.0
96 170.0
97 180.0
98 72.0
99 38.0
100 203.0
101 175.0
102 251.0
103 175.0
104 203.0
105 180.0
106 175.0
107 0.0
108 83.0
109 203.0
110 175.0
111 203.0
112 49.0
113 131.0
114 203.0
115 204.0
116 179.0
117 252.0
118 33.0
119 203.0
120 203.0
121 25.0
122 203.0
123 251.0
124 0.0
125 180.0
126 59.0
127 0.0
128 203.0
129 33.0
130 0.0
131 203.0
132 203.0
133 49.0
134 204.0
135 203.0
136 203.0
137 109.0
138 94.0
139 0.0
140 49.0
141 251.0
142 17.0
143 30.0
144 49.0
145 185.0
146 77.0
147 0.0
148 203.0
149 4.0
150 33.0
151 204.0
152 203.0
153 347.0
154 33.0
155 56.0
156 60.0
157 191.0
158 36.0
159 30.0
160 73.0
161 169.0
162 203.0
163 203.0
164 204.0
165 38.0
166 33.0
167 38.0
168 38.0
169 32.0
170 38.0
171 38.0
172 175.0
173 38.0
174 17.0
175 33.0
176 32.0
177 60.0
178 0.0
179 180.0
180 145.0
181 0.0
182 0.0
183 203.0
184 30.0
185 13.0
186 204.0
187 38.0
188 203.0
189 38.0
190 38.0
191 0.0
192 203.0
193 95.0
194 203.0
195 38.0
196 89.0
197 33.0
198 203.0
199 204.0
200 38.0
201 204.0
202 203.0
203 203.0
204 347.0
205 1.0
206 6.0
207 32.0
208 40.0
209 0.0
210 38.0
211 203.0
212 191.0
213 22.0
214 38.0
215 39.0
216 169.0
217 97.0
218 203.0
219 203.0
220 30.0
221 38.0
222 38.0
223 203.0
224 126.0
225 127.0
226 203.0
227 203.0
228 33.0
229 372.0
230 49.0
231 33.0
232 0.0
233 169.0
234 0.0
235 30.0
236 204.0
237 251.0
238 203.0
239 317.0
240 1.0
241 38.0
242 33.0
243 110.0
244 38.0
245 32.0
246 33.0
247 203.0
248 204.0
249 38.0
250 32.0
251 32.0
252 169.0
253 203.0
254 251.0
255 372.0
256 32.0
257 1.0
258 0.0
259 203.0
260 0.0
261 34.0
262 0.0
263 32.0
264 33.0
265 141.0
266 38.0
267 203.0
268 0.0
269 0.0
270 33.0
271 33.0
272 0.0
273 203.0
274 67.0
275 203.0
276 0.0
277 1.0
278 88.0
279 25.0
280 0.0
281 32.0
282 33.0
283 33.0
284 32.0
285 0.0
286 169.0
287 26.0
288 34.0
289 32.0
290 14.0
291 34.0
292 38.0
293 0.0
294 34.0
295 38.0
296 149.0
297 39.0
298 0.0
299 204.0
300 34.0
301 33.0
302 0.0
303 38.0
304 39.0
305 15.0
306 372.0
307 0.0
308 11.0
309 38.0
310 203.0
311 0.0
312 17.0
313 427.0
314 203.0
315 180.0
316 0.0
317 0.0
318 45.0
319 2.0
320 163.0
321 169.0
322 0.0
323 17.0
324 99.0
325 185.0
326 49.0
327 2.0
328 0.0
329 2.0
330 21.0
331 34.0
332 18.0
333 33.0
334 0.0
335 0.0
336 28.0
337 169.0
338 32.0
339 43.0
340 38.0
341 217.0
342 33.0
343 0.0
344 32.0
345 204.0
346 0.0
347 34.0
348 30.0
349 45.0
350 152.0
351 0.0
352 120.0
353 14.0
354 0.0
355 33.0
356 204.0
357 427.0
358 0.0
359 6.0
360 0.0
361 33.0
362 0.0
363 106.0
364 0.0
365 0.0
366 6.0
367 203.0
368 203.0
369 45.0
370 33.0
371 38.0
372 169.0
373 0.0
374 0.0
375 0.0
376 34.0
377 26.0
378 94.0
379 38.0
380 38.0
381 25.0
382 34.0
383 158.0
384 158.0
385 24.0
386 49.0
387 99.0
388 197.0
389 32.0
390 204.0
391 14.0
392 141.0
393 0.0
394 33.0
395 32.0
396 204.0
397 45.0
398 43.0
399 38.0
400 34.0
401 0.0
402 0.0
403 33.0
404 35.0
405 34.0
406 33.0
407 30.0
408 427.0
409 48.0
410 2.0
411 38.0
412 38.0
413 0.0
414 86.0
415 0.0
416 0.0
417 33.0
418 0.0
419 25.0
420 33.0
421 203.0
422 34.0
423 61.0
424 203.0
425 0.0
426 0.0
427 38.0
428 38.0
429 74.0
430 25.0
431 203.0
432 25.0
433 0.0
434 169.0
435 0.0
436 128.0
437 31.0
438 49.0
439 0.0
440 72.0
441 34.0
442 317.0
443 72.0
444 34.0
445 180.0
446 25.0
447 25.0
448 100.0
449 25.0
450 32.0
451 0.0
452 0.0
453 14.0
454 38.0
455 32.0
456 34.0
457 0.0
458 18.0
459 427.0
460 25.0
461 0.0
462 33.0
463 203.0
464 218.0
465 0.0
466 427.0
467 32.0
468 0.0
469 60.0
470 0.0
471 106.0
472 33.0
473 0.0
474 34.0
475 34.0
476 0.0
477 30.0
478 57.0
479 34.0
480 203.0
481 18.0
482 203.0
483 25.0
484 34.0
485 18.0
486 34.0
487 33.0
488 32.0
489 34.0
490 203.0
491 163.0
492 34.0
493 45.0
494 72.0
495 0.0
496 0.0
497 32.0
498 25.0
499 192.0
500 0.0
501 34.0
502 44.0
503 30.0
504 14.0
505 38.0
506 203.0
507 0.0
508 33.0
509 34.0
510 427.0
511 14.0
512 0.0
513 34.0
514 203.0
515 218.0
516 38.0
517 0.0
518 0.0
519 33.0
520 185.0
521 18.0
522 32.0
523 38.0
524 204.0
525 203.0
526 34.0
527 38.0
528 0.0
529 38.0
530 51.0
531 97.0
532 25.0
533 0.0
534 38.0
535 61.0
536 164.0
537 25.0
538 201.0
539 41.0
540 49.0
541 169.0
542 30.0
543 43.0
544 14.0
545 84.0
546 0.0
547 189.0
548 25.0
549 0.0
550 203.0
551 0.0
552 0.0
553 38.0
554 0.0
555 14.0
556 0.0
557 0.0
558 33.0
559 180.0
560 0.0
561 427.0
562 0.0
563 203.0
564 25.0
565 0.0
566 0.0
567 25.0
568 427.0
569 0.0
570 32.0
571 0.0
572 38.0
573 38.0
574 203.0
575 34.0
576 0.0
577 0.0
578 39.0
579 0.0
580 0.0
581 34.0
582 181.0
583 38.0
584 0.0
585 163.0
586 34.0
587 0.0
588 25.0
589 203.0
590 158.0
591 18.0
592 162.0
593 0.0
594 34.0
595 45.0
596 72.0
597 0.0
598 319.0
599 34.0
600 0.0
601 203.0
602 43.0
603 83.0
604 0.0
605 25.0
606 21.0
607 38.0
608 0.0
609 203.0
610 316.0
611 21.0
612 427.0
613 0.0
614 117.0
615 0.0
616 203.0
617 0.0
618 0.0
619 0.0
620 317.0
621 0.0
622 0.0
623 251.0
624 32.0
625 347.0
626 0.0
627 43.0
628 34.0
629 32.0
630 176.0
631 427.0
632 0.0
633 203.0
634 2.0
635 25.0
636 153.0
637 0.0
638 0.0
639 158.0
640 27.0
641 0.0
642 14.0
643 427.0
644 33.0
645 191.0
646 203.0
647 203.0
648 34.0
649 38.0
650 185.0
651 25.0
652 203.0
653 30.0
654 34.0
655 55.0
656 0.0
657 30.0
658 204.0
659 45.0
660 313.0
661 203.0
662 366.0
663 427.0
664 14.0
665 0.0
666 4.0
667 203.0
668 218.0
669 0.0
670 32.0
671 317.0
672 0.0
673 0.0
674 203.0
675 159.0
676 180.0
677 38.0
678 34.0
679 34.0
680 0.0
681 0.0
682 347.0
683 38.0
684 203.0
685 25.0
686 14.0
687 25.0
688 203.0
689 0.0
690 25.0
691 34.0
692 158.0
693 49.0
694 47.0
695 61.0
696 43.0
697 34.0
698 107.0
699 0.0
700 0.0
701 0.0
702 33.0
703 0.0
704 38.0
705 0.0
706 203.0
707 37.0
708 14.0
709 0.0
710 0.0
711 0.0
712 427.0
713 38.0
714 427.0
715 0.0
716 38.0
717 25.0
718 17.0
719 223.0
720 203.0
721 0.0
722 0.0
723 0.0
724 203.0
725 38.0
726 32.0
727 0.0
728 153.0
729 38.0
730 203.0
731 38.0
732 0.0
733 25.0
734 83.0
735 177.0
736 83.0
737 0.0
738 163.0
739 38.0
740 0.0
741 32.0
742 0.0
743 203.0
744 34.0
745 34.0
746 88.0
747 34.0
748 0.0
749 33.0
750 34.0
751 203.0
752 0.0
753 0.0
754 0.0
755 0.0
756 0.0
757 251.0
758 0.0
759 0.0
760 0.0
761 25.0
762 34.0
763 34.0
764 366.0
765 427.0
766 0.0
767 34.0
768 34.0
769 0.0
770 203.0
771 32.0
772 366.0
773 427.0
774 32.0
775 0.0
776 79.0
777 38.0
778 178.0
779 203.0
780 33.0
781 0.0
782 36.0
783 0.0
784 32.0
785 47.0
786 0.0
787 31.0
788 25.0
789 158.0
790 38.0
791 30.0
792 25.0
793 0.0
794 0.0
795 14.0
796 427.0
797 33.0
798 34.0
799 366.0
800 40.0
801 34.0
802 314.0
803 0.0
804 0.0
805 81.0
806 38.0
807 38.0
808 34.0
809 0.0
810 0.0
811 66.0
812 0.0
813 0.0
814 366.0
815 34.0
816 427.0
817 203.0
818 117.0
819 7.0
820 203.0
821 0.0
822 0.0
823 0.0
824 203.0
825 0.0
826 0.0
827 30.0
828 204.0
829 132.0
830 203.0
831 38.0
832 34.0
833 32.0
834 203.0
835 25.0
836 0.0
837 62.0
838 7.0
839 32.0
840 25.0
841 34.0
842 30.0
843 0.0
844 203.0
845 0.0
846 204.0
847 0.0
848 0.0
849 88.0
850 34.0
851 116.0
852 56.0
853 34.0
854 0.0
855 38.0
856 203.0
857 153.0
858 34.0
859 38.0
860 203.0
861 14.0
862 204.0
863 0.0
864 203.0
865 203.0
866 427.0
867 427.0
868 25.0
869 2.0
870 169.0
871 33.0
872 223.0
873 0.0
874 32.0
875 0.0
876 15.0
877 0.0
878 165.0
879 174.0
880 0.0
881 57.0
882 43.0
883 34.0
884 38.0
885 0.0
886 204.0
887 38.0
888 39.0
889 0.0
890 34.0
891 25.0
892 203.0
893 0.0
894 25.0
895 20.0
896 0.0
897 43.0
898 427.0
899 0.0
900 3.0
901 0.0
902 45.0
903 34.0
904 203.0
905 158.0
906 203.0
907 180.0
908 38.0
909 34.0
910 0.0
911 0.0
912 203.0
913 33.0
914 203.0
915 38.0
916 317.0
917 203.0
918 427.0
919 0.0
920 117.0
921 21.0
922 6.0
923 30.0
924 38.0
925 33.0
926 427.0
927 25.0
928 170.0
929 38.0
930 19.0
931 0.0
932 318.0
933 180.0
934 34.0
935 0.0
936 0.0
937 32.0
938 368.0
939 103.0
940 44.0
941 38.0
942 169.0
943 203.0
944 30.0
945 32.0
946 33.0
947 25.0
948 0.0
949 34.0
950 219.0
951 34.0
952 0.0
953 34.0
954 34.0
955 38.0
956 38.0
957 30.0
958 45.0
959 34.0
960 149.0
961 25.0
962 38.0
963 0.0
964 43.0
965 203.0
966 32.0
967 34.0
968 0.0
969 427.0
970 0.0
971 0.0
972 93.0
973 203.0
974 218.0
975 163.0
976 0.0
977 322.0
978 30.0
979 0.0
980 119.0
981 38.0
982 236.0
983 0.0
984 1.0
985 33.0
986 0.0
987 0.0
988 32.0
989 34.0
990 80.0
991 17.0
992 38.0
993 203.0
994 203.0
995 30.0
996 25.0
997 0.0
998 147.0
999 203.0
1000 34.0
1001 202.0
1002 34.0
1003 0.0
1004 8.0
1005 18.0
1006 0.0
1007 0.0
1008 33.0
1009 203.0
1010 34.0
1011 0.0
1012 0.0
1013 19.0
1014 33.0
1015 0.0
1016 203.0
1017 0.0
1018 203.0
1019 34.0
1020 427.0
1021 0.0
1022 0.0
1023 49.0
1024 38.0
1025 0.0
1026 427.0
1027 32.0
1028 0.0
1029 0.0
1030 38.0
1031 38.0
1032 128.0
1033 99.0
1034 0.0
1035 49.0
1036 0.0
1037 123.0
1038 0.0
1039 427.0
1040 0.0
1041 203.0
1042 0.0
1043 366.0
1044 25.0
1045 273.0
1046 32.0
1047 25.0
1048 0.0
1049 0.0
1050 72.0
1051 427.0
1052 251.0
1053 38.0
1054 31.0
1055 203.0
1056 56.0
1057 49.0
1058 0.0
1059 0.0
1060 203.0
1061 158.0
1062 34.0
1063 25.0
1064 0.0
1065 14.0
1066 33.0
1067 0.0
1068 38.0
1069 180.0
1070 366.0
1071 427.0
1072 203.0
1073 0.0
1074 32.0
1075 172.0
1076 207.0
1077 0.0
1078 317.0
1079 203.0
1080 34.0
1081 158.0
1082 25.0
1083 32.0
1084 42.0
1085 204.0
1086 34.0
1087 0.0
1088 90.0
1089 0.0
1090 25.0
1091 6.0
1092 1.0
1093 30.0
1094 0.0
1095 25.0
1096 317.0
1097 0.0
1098 158.0
1099 33.0
1100 32.0
1101 203.0
1102 362.0
1103 34.0
1104 317.0
1105 0.0
1106 45.0
1107 0.0
1108 49.0
1109 0.0
1110 32.0
1111 99.0
1112 100.0
1113 203.0
1114 203.0
1115 0.0
1116 0.0
1117 30.0
1118 33.0
1119 0.0
1120 203.0
1121 1.0
1122 427.0
1123 6.0
1124 111.0
1125 25.0
1126 189.0
1127 218.0
1128 0.0
1129 0.0
1130 318.0
1131 0.0
1132 0.0
1133 33.0
1134 34.0
1135 0.0
1136 204.0
1137 0.0
1138 34.0
1139 0.0
1140 0.0
1141 521.0
1142 0.0
1143 33.0
1144 83.0
1145 203.0
1146 131.0
1147 203.0
1148 0.0
1149 0.0
1150 203.0
1151 0.0
1152 203.0
1153 362.0
1154 366.0
1155 0.0
1156 0.0
1157 0.0
1158 34.0
1159 17.0
1160 0.0
1161 33.0
1162 67.0
1163 0.0
1164 32.0
1165 0.0
1166 0.0
1167 0.0
1168 38.0
1169 38.0
1170 34.0
1171 203.0
1172 317.0
1173 521.0
1174 0.0
1175 1.0
1176 32.0
1177 30.0
1178 0.0
1179 203.0
1180 30.0
1181 0.0
1182 14.0
1183 203.0
1184 32.0
1185 187.0
1186 72.0
1187 203.0
1188 18.0
1189 32.0
1190 29.0
1191 0.0
1192 32.0
1193 98.0
1194 203.0
1195 187.0
1196 0.0
1197 25.0
1198 6.0
1199 187.0
1200 0.0
1201 322.0
1202 25.0
1203 32.0
1204 203.0
1205 34.0
1206 38.0
1207 317.0
1208 128.0
1209 6.0
1210 33.0
1211 0.0
1212 29.0
1213 203.0
1214 32.0
1215 30.0
1216 32.0
1217 0.0
1218 6.0
1219 193.0
1220 6.0
1221 0.0
1222 187.0
1223 203.0
1224 521.0
1225 0.0
1226 233.0
1227 205.0
1228 32.0
1229 185.0
1230 203.0
1231 51.0
1232 347.0
1233 275.0
1234 6.0
1235 32.0
1236 32.0
1237 1.0
1238 38.0
1239 32.0
1240 32.0
1241 0.0
1242 25.0
1243 0.0
1244 0.0
1245 0.0
1246 32.0
1247 203.0
1248 25.0
1249 30.0
1250 8.0
1251 0.0
1252 32.0
1253 203.0
1254 0.0
1255 23.0
1256 6.0
1257 273.0
1258 25.0
1259 25.0
1260 25.0
1261 0.0
1262 6.0
1263 203.0
1264 203.0
1265 251.0
1266 322.0
1267 29.0
1268 106.0
1269 103.0
1270 32.0
1271 6.0
1272 0.0
1273 25.0
1274 3.0
1275 521.0
1276 0.0
1277 25.0
1278 25.0
1279 203.0
1280 223.0
1281 25.0
1282 0.0
1283 6.0
1284 32.0
1285 32.0
1286 32.0
1287 25.0
1288 0.0
1289 0.0
1290 6.0
1291 25.0
1292 6.0
1293 25.0
1294 165.0
1295 0.0
1296 33.0
1297 0.0
1298 0.0
1299 25.0
1300 203.0
1301 24.0
1302 25.0
1303 32.0
1304 0.0
1305 0.0
1306 34.0
1307 86.0
1308 13.0
1309 203.0
1310 0.0
1311 38.0
1312 38.0
1313 127.0
1314 33.0
1315 203.0
1316 29.0
1317 193.0
1318 32.0
1319 34.0
1320 25.0
1321 203.0
1322 92.0
1323 203.0
1324 26.0
1325 6.0
1326 521.0
1327 29.0
1328 251.0
1329 25.0
1330 32.0
1331 0.0
1332 136.0
1333 32.0
1334 0.0
1335 0.0
1336 25.0
1337 0.0
1338 203.0
1339 6.0
1340 29.0
1341 6.0
1342 203.0
1343 0.0
1344 25.0
1345 32.0
1346 33.0
1347 32.0
1348 25.0
1349 203.0
1350 25.0
1351 6.0
1352 147.0
1353 0.0
1354 0.0
1355 203.0
1356 204.0
1357 33.0
1358 98.0
1359 38.0
1360 32.0
1361 6.0
1362 0.0
1363 203.0
1364 1.0
1365 33.0
1366 203.0
1367 6.0
1368 6.0
1369 32.0
1370 32.0
1371 30.0
1372 6.0
1373 30.0
1374 25.0
1375 32.0
1376 185.0
1377 521.0
1378 0.0
1379 135.0
1380 32.0
1381 0.0
1382 169.0
1383 203.0
1384 25.0
1385 25.0
1386 25.0
1387 25.0
1388 6.0
1389 189.0
1390 1.0
1391 0.0
1392 6.0
1393 6.0
1394 0.0
1395 25.0
1396 32.0
1397 0.0
1398 0.0
1399 0.0
1400 203.0
1401 158.0
1402 273.0
1403 29.0
1404 347.0
1405 30.0
1406 0.0
1407 32.0
1408 32.0
1409 86.0
1410 38.0
1411 317.0
1412 6.0
1413 32.0
1414 0.0
1415 0.0
1416 32.0
1417 203.0
1418 251.0
1419 38.0
1420 32.0
1421 30.0
1422 50.0
1423 32.0
1424 102.0
1425 0.0
1426 32.0
1427 82.0
1428 521.0
1429 0.0
1430 25.0
1431 32.0
1432 25.0
1433 0.0
1434 175.0
1435 203.0
1436 6.0
1437 25.0
1438 4.0
1439 30.0
1440 254.0
1441 1.0
1442 0.0
1443 251.0
1444 32.0
1445 6.0
1446 0.0
1447 25.0
1448 25.0
1449 34.0
1450 6.0
1451 25.0
1452 0.0
1453 0.0
1454 0.0
1455 0.0
1456 32.0
1457 0.0
1458 203.0
1459 25.0
1460 34.0
1461 189.0
1462 316.0
1463 189.0
1464 38.0
1465 147.0
1466 0.0
1467 203.0
1468 78.0
1469 67.0
1470 32.0
1471 32.0
1472 30.0
1473 101.0
1474 32.0
1475 32.0
1476 32.0
1477 25.0
1478 6.0
1479 521.0
1480 6.0
1481 0.0
1482 0.0
1483 25.0
1484 192.0
1485 198.0
1486 29.0
1487 347.0
1488 25.0
1489 25.0
1490 6.0
1491 347.0
1492 203.0
1493 320.0
1494 29.0
1495 34.0
1496 6.0
1497 25.0
1498 25.0
1499 33.0
1500 0.0
1501 0.0
1502 25.0
1503 25.0
1504 6.0
1505 0.0
1506 0.0
1507 204.0
1508 0.0
1509 6.0
1510 25.0
1511 6.0
1512 32.0
1513 14.0
1514 29.0
1515 0.0
1516 132.0
1517 0.0
1518 96.0
1519 203.0
1520 203.0
1521 32.0
1522 32.0
1523 30.0
1524 318.0
1525 32.0
1526 315.0
1527 32.0
1528 203.0
1529 25.0
1530 521.0
1531 0.0
1532 13.0
1533 32.0
1534 32.0
1535 163.0
1536 203.0
1537 38.0
1538 25.0
1539 25.0
1540 169.0
1541 0.0
1542 347.0
1543 25.0
1544 2.0
1545 25.0
1546 204.0
1547 6.0
1548 202.0
1549 32.0
1550 25.0
1551 0.0
1552 0.0
1553 30.0
1554 32.0
1555 34.0
1556 0.0
1557 0.0
1558 25.0
1559 6.0
1560 6.0
1561 32.0
1562 32.0
1563 25.0
1564 25.0
1565 89.0
1566 0.0
1567 169.0
1568 0.0
1569 32.0
1570 0.0
1571 203.0
1572 180.0
1573 32.0
1574 32.0
1575 361.0
1576 0.0
1577 92.0
1578 25.0
1579 32.0
1580 174.0
1581 521.0
1582 0.0
1583 25.0
1584 6.0
1585 158.0
1586 2.0
1587 361.0
1588 25.0
1589 347.0
1590 25.0
1591 28.0
1592 32.0
1593 347.0
1594 0.0
1595 33.0
1596 203.0
1597 347.0
1598 203.0
1599 0.0
1600 32.0
1601 25.0
1602 107.0
1603 0.0
1604 32.0
1605 0.0
1606 6.0
1607 25.0
1608 0.0
1609 193.0
1610 0.0
1611 203.0
1612 32.0
1613 72.0
1614 25.0
1615 25.0
1616 0.0
1617 14.0
1618 27.0
1619 6.0
1620 203.0
1621 203.0
1622 251.0
1623 32.0
1624 32.0
1625 25.0
1626 0.0
1627 53.0
1628 32.0
1629 25.0
1630 25.0
1631 6.0
1632 521.0
1633 203.0
1634 34.0
1635 30.0
1636 0.0
1637 0.0
1638 6.0
1639 25.0
1640 32.0
1641 25.0
1642 203.0
1643 33.0
1644 347.0
1645 33.0
1646 2.0
1647 251.0
1648 32.0
1649 203.0
1650 203.0
1651 32.0
1652 25.0
1653 25.0
1654 0.0
1655 6.0
1656 25.0
1657 0.0
1658 25.0
1659 0.0
1660 32.0
1661 6.0
1662 203.0
1663 25.0
1664 34.0
1665 32.0
1666 14.0
1667 0.0
1668 0.0
1669 59.0
1670 29.0
1671 50.0
1672 4.0
1673 251.0
1674 32.0
1675 32.0
1676 30.0
1677 314.0
1678 32.0
1679 32.0
1680 273.0
1681 427.0
1682 180.0
1683 521.0
1684 0.0
1685 25.0
1686 193.0
1687 32.0
1688 203.0
1689 29.0
1690 38.0
1691 0.0
1692 316.0
1693 0.0
1694 38.0
1695 203.0
1696 145.0
1697 32.0
1698 36.0
1699 347.0
1700 0.0
1701 25.0
1702 32.0
1703 25.0
1704 0.0
1705 0.0
1706 203.0
1707 25.0
1708 0.0
1709 0.0
1710 38.0
1711 275.0
1712 29.0
1713 25.0
1714 25.0
1715 25.0
1716 25.0
1717 25.0
1718 0.0
1719 123.0
1720 203.0
1721 29.0
1722 71.0
1723 0.0
1724 203.0
1725 32.0
1726 25.0
1727 32.0
1728 361.0
1729 0.0
1730 32.0
1731 6.0
1732 32.0
1733 185.0
1734 521.0
1735 0.0
1736 14.0
1737 32.0
1738 158.0
1739 180.0
1740 30.0
1741 203.0
1742 25.0
1743 32.0
1744 203.0
1745 0.0
1746 347.0
1747 50.0
1748 6.0
1749 0.0
1750 6.0
1751 203.0
1752 14.0
1753 32.0
1754 25.0
1755 29.0
1756 0.0
1757 180.0
1758 0.0
1759 347.0
1760 0.0
1761 1.0
1762 203.0
1763 251.0
1764 147.0
1765 32.0
1766 187.0
1767 32.0
1768 25.0
1769 0.0
1770 6.0
1771 18.0
1772 6.0
1773 251.0
1774 203.0
1775 72.0
1776 32.0
1777 32.0
1778 0.0
1779 0.0
1780 20.0
1781 34.0
1782 14.0
1783 32.0
1784 0.0
1785 521.0
1786 275.0
1787 25.0
1788 273.0
1789 203.0
1790 203.0
1791 32.0
1792 0.0
1793 32.0
1794 347.0
1795 0.0
1796 204.0
1797 347.0
1798 32.0
1799 6.0
1800 0.0
1801 187.0
1802 361.0
1803 25.0
1804 32.0
1805 0.0
1806 6.0
1807 0.0
1808 347.0
1809 25.0
1810 30.0
1811 0.0
1812 29.0
1813 29.0
1814 0.0
1815 0.0
1816 25.0
1817 203.0
1818 32.0
1819 25.0
1820 6.0
1821 25.0
1822 319.0
1823 37.0
1824 32.0
1825 56.0
1826 251.0
1827 32.0
1828 276.0
1829 32.0
1830 275.0
1831 14.0
1832 25.0
1833 30.0
1834 32.0
1835 38.0
1836 521.0
1837 0.0
1838 0.0
1839 13.0
1840 38.0
1841 0.0
1842 25.0
1843 38.0
1844 32.0
1845 322.0
1846 0.0
1847 204.0
1848 273.0
1849 203.0
1850 320.0
1851 0.0
1852 347.0
1853 275.0
1854 129.0
1855 32.0
1856 25.0
1857 25.0
1858 25.0
1859 32.0
1860 25.0
1861 427.0
1862 0.0
1863 0.0
1864 347.0
1865 0.0
1866 203.0
1867 203.0
1868 0.0
1869 25.0
1870 25.0
1871 143.0
1872 6.0
1873 317.0
1874 0.0
1875 0.0
1876 0.0
1877 203.0
1878 32.0
1879 6.0
1880 32.0
1881 32.0
1882 0.0
1883 187.0
1884 273.0
1885 203.0
1886 33.0
1887 521.0
1888 0.0
1889 34.0
1890 251.0
1891 49.0
1892 6.0
1893 6.0
1894 32.0
1895 25.0
1896 322.0
1897 0.0
1898 38.0
1899 6.0
1900 0.0
1901 314.0
1902 0.0
1903 34.0
1904 251.0
1905 251.0
1906 152.0
1907 25.0
1908 0.0
1909 30.0
1910 6.0
1911 25.0
1912 32.0
1913 203.0
1914 347.0
1915 347.0
1916 6.0
1917 203.0
1918 32.0
1919 38.0
1920 25.0
1921 6.0
1922 0.0
1923 32.0
1924 33.0
1925 1.0
1926 93.0
1927 6.0
1928 251.0
1929 32.0
1930 347.0
1931 33.0
1932 0.0
1933 34.0
1934 32.0
1935 203.0
1936 32.0
1937 30.0
1938 521.0
1939 0.0
1940 25.0
1941 189.0
1942 33.0
1943 163.0
1944 347.0
1945 25.0
1946 25.0
1947 32.0
1948 203.0
1949 319.0
1950 347.0
1951 203.0
1952 0.0
1953 251.0
1954 52.0
1955 427.0
1956 38.0
1957 32.0
1958 6.0
1959 0.0
1960 427.0
1961 25.0
1962 0.0
1963 203.0
1964 0.0
1965 29.0
1966 347.0
1967 251.0
1968 347.0
1969 32.0
1970 347.0
1971 32.0
1972 6.0
1973 0.0
1974 193.0
1975 0.0
1976 29.0
1977 169.0
1978 148.0
1979 0.0
1980 32.0
1981 201.0
1982 24.0
1983 347.0
1984 0.0
1985 32.0
1986 25.0
1987 25.0
1988 33.0
1989 521.0
1990 0.0
1991 25.0
1992 273.0
1993 12.0
1994 314.0
1995 25.0
1996 32.0
1997 32.0
1998 0.0
1999 203.0
2000 30.0
2001 347.0
2002 203.0
2003 203.0
2004 1.0
2005 347.0
2006 361.0
2007 0.0
2008 86.0
2009 32.0
2010 203.0
2011 0.0
2012 34.0
2013 25.0
2014 0.0
2015 0.0
2016 38.0
2017 347.0
2018 0.0
2019 0.0
2020 25.0
2021 34.0
2022 32.0
2023 203.0
2024 0.0
2025 32.0
2026 30.0
2027 6.0
2028 33.0
2029 1.0
2030 203.0
2031 32.0
2032 203.0
2033 32.0
2034 203.0
2035 0.0
2036 25.0
2037 32.0
2038 32.0
2039 204.0
2040 521.0
2041 6.0
2042 34.0
2043 273.0
2044 187.0
2045 163.0
2046 25.0
2047 32.0
2048 25.0
2049 273.0
2050 29.0
2051 6.0
2052 203.0
2053 89.0
2054 314.0
2055 0.0
2056 187.0
2057 323.0
2058 0.0
2059 32.0
2060 32.0
2061 6.0
2062 273.0
2063 29.0
2064 25.0
2065 32.0
2066 0.0
2067 273.0
2068 427.0
2069 251.0
2070 0.0
2071 32.0
2072 143.0
2073 25.0
2074 30.0
2075 45.0
2076 32.0
2077 0.0
2078 0.0
2079 32.0
2080 318.0
2081 6.0
2082 32.0
2083 6.0
2084 25.0
2085 318.0
2086 0.0
2087 32.0
2088 32.0
2089 25.0
2090 32.0
2091 521.0
2092 0.0
2093 25.0
2094 347.0
2095 24.0
2096 163.0
2097 347.0
2098 0.0
2099 203.0
2100 32.0
2101 273.0
2102 32.0
2103 273.0
2104 203.0
2105 314.0
2106 251.0
2107 187.0
2108 251.0
2109 201.0
2110 25.0
2111 32.0
2112 0.0
2113 25.0
2114 6.0
2115 25.0
2116 32.0
2117 323.0
2118 273.0
2119 6.0
2120 251.0
2121 6.0
2122 32.0
2123 203.0
2124 25.0
2125 6.0
2126 0.0
2127 32.0
2128 0.0
2129 0.0
2130 203.0
2131 17.0
2132 17.0
2133 32.0
2134 32.0
2135 32.0
2136 273.0
2137 203.0
2138 163.0
2139 32.0
2140 32.0
2141 158.0
2142 521.0
2143 0.0
2144 25.0
2145 347.0
2146 203.0
2147 163.0
2148 38.0
2149 25.0
2150 6.0
2151 32.0
2152 273.0
2153 0.0
2154 347.0
2155 0.0
2156 89.0
2157 6.0
2158 347.0
2159 427.0
2160 13.0
2161 32.0
2162 32.0
2163 201.0
2164 427.0
2165 203.0
2166 1.0
2167 32.0
2168 0.0
2169 347.0
2170 203.0
2171 251.0
2172 347.0
2173 25.0
2174 347.0
2175 32.0
2176 14.0
2177 0.0
2178 32.0
2179 24.0
2180 0.0
2181 33.0
2182 0.0
2183 30.0
2184 193.0
2185 203.0
2186 24.0
2187 273.0
2188 21.0
2189 32.0
2190 25.0
2191 25.0
2192 174.0
2193 521.0
2194 275.0
2195 14.0
2196 347.0
2197 317.0
2198 218.0
2199 25.0
2200 32.0
2201 30.0
2202 323.0
2203 427.0
2204 25.0
2205 347.0
2206 0.0
2207 2.0
2208 165.0
2209 361.0
2210 251.0
2211 38.0
2212 32.0
2213 32.0
2214 0.0
2215 0.0
2216 0.0
2217 0.0
2218 32.0
2219 0.0
2220 6.0
2221 347.0
2222 0.0
2223 318.0
2224 158.0
2225 33.0
2226 32.0
2227 203.0
2228 89.0
2229 32.0
2230 203.0
2231 29.0
2232 29.0
2233 25.0
2234 17.0
2235 32.0
2236 6.0
2237 32.0
2238 6.0
2239 0.0
2240 32.0
2241 32.0
2242 25.0
2243 204.0
2244 521.0
2245 25.0
2246 104.0
2247 273.0
2248 32.0
2249 163.0
2250 347.0
2251 32.0
2252 6.0
2253 273.0
2254 29.0
2255 6.0
2256 347.0
2257 319.0
2258 314.0
2259 347.0
2260 203.0
2261 251.0
2262 0.0
2263 32.0
2264 32.0
2265 0.0
2266 317.0
2267 34.0
2268 0.0
2269 32.0
2270 30.0
2271 6.0
2272 0.0
2273 6.0
2274 347.0
2275 32.0
2276 29.0
2277 25.0
2278 231.0
2279 0.0
2280 32.0
2281 196.0
2282 29.0
2283 0.0
2284 203.0
2285 17.0
2286 32.0
2287 347.0
2288 32.0
2289 273.0
2290 91.0
2291 32.0
2292 32.0
2293 32.0
2294 25.0
2295 521.0
2296 0.0
2297 203.0
2298 273.0
2299 33.0
2300 175.0
2301 347.0
2302 25.0
2303 204.0
2304 347.0
2305 273.0
2306 38.0
2307 251.0
2308 203.0
2309 25.0
2310 32.0
2311 427.0
2312 427.0
2313 0.0
2314 32.0
2315 38.0
2316 66.0
2317 317.0
2318 33.0
2319 0.0
2320 32.0
2321 0.0
2322 273.0
2323 203.0
2324 251.0
2325 0.0
2326 32.0
2327 6.0
2328 25.0
2329 25.0
2330 0.0
2331 6.0
2332 24.0
2333 29.0
2334 0.0
2335 0.0
2336 17.0
2337 193.0
2338 347.0
2339 32.0
2340 347.0
2341 14.0
2342 32.0
2343 32.0
2344 32.0
2345 185.0
2346 521.0
2347 39.0
2348 251.0
2349 347.0
2350 32.0
2351 163.0
2352 6.0
2353 0.0
2354 174.0
2355 0.0
2356 273.0
2357 32.0
2358 347.0
2359 29.0
2360 22.0
2361 0.0
2362 273.0
2363 427.0
2364 204.0
2365 32.0
2366 32.0
2367 0.0
2368 477.0
2369 32.0
2370 0.0
2371 25.0
2372 0.0
2373 251.0
2374 347.0
2375 0.0
2376 323.0
2377 347.0
2378 86.0
2379 32.0
2380 32.0
2381 0.0
2382 32.0
2383 38.0
2384 29.0
2385 164.0
2386 0.0
2387 0.0
2388 32.0
2389 427.0
2390 32.0
2391 318.0
2392 0.0
2393 32.0
2394 32.0
2395 30.0
2396 43.0
2397 521.0
2398 0.0
2399 233.0
2400 347.0
2401 32.0
2402 163.0
2403 25.0
2404 32.0
2405 251.0
2406 322.0
2407 29.0
2408 0.0
2409 347.0
2410 251.0
2411 314.0
2412 0.0
2413 203.0
2414 251.0
2415 203.0
2416 32.0
2417 32.0
2418 192.0
2419 0.0
2420 6.0
2421 0.0
2422 32.0
2423 361.0
2424 145.0
2425 0.0
2426 318.0
2427 361.0
2428 25.0
2429 203.0
2430 25.0
2431 29.0
2432 0.0
2433 32.0
2434 347.0
2435 36.0
2436 203.0
2437 0.0
2438 158.0
2439 32.0
2440 6.0
2441 32.0
2442 251.0
2443 21.0
2444 32.0
2445 32.0
2446 203.0
2447 6.0
2448 521.0
2449 45.0
2450 109.0
2451 323.0
2452 32.0
2453 163.0
2454 32.0
2455 32.0
2456 33.0
2457 427.0
2458 273.0
2459 32.0
2460 203.0
2461 72.0
2462 2.0
2463 251.0
2464 251.0
2465 323.0
2466 203.0
2467 25.0
2468 32.0
2469 0.0
2470 317.0
2471 25.0
2472 0.0
2473 32.0
2474 169.0
2475 273.0
2476 203.0
2477 251.0
2478 427.0
2479 30.0
2480 32.0
2481 25.0
2482 43.0
2483 0.0
2484 32.0
2485 32.0
2486 29.0
2487 6.0
2488 158.0
2489 203.0
2490 32.0
2491 347.0
2492 32.0
2493 347.0
2494 0.0
2495 32.0
2496 25.0
2497 0.0
2498 0.0
2499 521.0
2500 0.0
2501 6.0
2502 347.0
2503 29.0
2504 163.0
2505 32.0
2506 92.0
2507 25.0
2508 323.0
2509 347.0
2510 25.0
2511 347.0
2512 53.0
2513 314.0
2514 251.0
2515 273.0
2516 427.0
2517 0.0
2518 32.0
2519 32.0
2520 201.0
2521 427.0
2522 32.0
2523 0.0
2524 25.0
2525 0.0
2526 347.0
2527 347.0
2528 427.0
2529 203.0
2530 32.0
2531 203.0
2532 32.0
2533 38.0
2534 0.0
2535 32.0
2536 273.0
2537 29.0
2538 0.0
2539 0.0
2540 6.0
2541 32.0
2542 361.0
2543 32.0
2544 29.0
2545 203.0
2546 32.0
2547 25.0
2548 203.0
2549 4.0
2550 521.0
2551 0.0
2552 25.0
2553 251.0
2554 0.0
2555 163.0
2556 32.0
2557 153.0
2558 32.0
2559 323.0
2560 323.0
2561 29.0
2562 273.0
2563 0.0
2564 203.0
2565 0.0
2566 251.0
2567 251.0
2568 142.0
2569 32.0
2570 32.0
2571 0.0
2572 273.0
2573 34.0
2574 0.0
2575 32.0
2576 0.0
2577 274.0
2578 6.0
2579 0.0
2580 323.0
2581 204.0
2582 203.0
2583 25.0
2584 0.0
2585 0.0
2586 32.0
2587 30.0
2588 29.0
2589 0.0
2590 7.0
2591 6.0
2592 32.0
2593 6.0
2594 32.0
2595 427.0
2596 21.0
2597 45.0
2598 32.0
2599 32.0
2600 36.0
2601 521.0
2602 275.0
2603 251.0
2604 347.0
2605 25.0
2606 163.0
2607 203.0
2608 0.0
2609 32.0
2610 322.0
2611 29.0
2612 38.0
2613 347.0
2614 38.0
2615 320.0
2616 251.0
2617 203.0
2618 251.0
2619 6.0
2620 25.0
2621 25.0
2622 0.0
2623 317.0
2624 6.0
2625 6.0
2626 32.0
2627 273.0
2628 33.0
2629 6.0
2630 0.0
2631 427.0
2632 25.0
2633 203.0
2634 25.0
2635 199.0
2636 0.0
2637 32.0
2638 32.0
2639 29.0
2640 203.0
2641 202.0
2642 6.0
2643 32.0
2644 427.0
2645 32.0
2646 273.0
2647 0.0
2648 32.0
2649 32.0
2650 25.0
2651 25.0
2652 521.0
2653 0.0
2654 38.0
2655 347.0
2656 25.0
2657 0.0
2658 32.0
2659 72.0
2660 25.0
2661 323.0
2662 251.0
2663 32.0
2664 347.0
2665 203.0
2666 203.0
2667 32.0
2668 347.0
2669 323.0
2670 6.0
2671 6.0
2672 32.0
2673 0.0
2674 477.0
2675 30.0
2676 0.0
2677 32.0
2678 61.0
2679 323.0
2680 347.0
2681 251.0
2682 203.0
2683 6.0
2684 25.0
2685 25.0
2686 38.0
2687 0.0
2688 32.0
2689 33.0
2690 29.0
2691 0.0
2692 257.0
2693 17.0
2694 251.0
2695 347.0
2696 32.0
2697 6.0
2698 0.0
2699 6.0
2700 34.0
2701 25.0
2702 203.0
2703 521.0
2704 275.0
2705 25.0
2706 6.0
2707 159.0
2708 163.0
2709 25.0
2710 55.0
2711 25.0
2712 427.0
2713 273.0
2714 25.0
2715 273.0
2716 242.0
2717 6.0
2718 347.0
2719 322.0
2720 427.0
2721 32.0
2722 32.0
2723 32.0
2724 0.0
2725 273.0
2726 38.0
2727 0.0
2728 32.0
2729 251.0
2730 274.0
2731 347.0
2732 251.0
2733 427.0
2734 32.0
2735 273.0
2736 32.0
2737 6.0
2738 29.0
2739 32.0
2740 347.0
2741 0.0
2742 203.0
2743 203.0
2744 6.0
2745 32.0
2746 203.0
2747 347.0
2748 273.0
2749 0.0
2750 32.0
2751 25.0
2752 32.0
2753 203.0
2754 521.0
2755 0.0
2756 0.0
2757 6.0
2758 9.0
2759 163.0
2760 32.0
2761 187.0
2762 32.0
2763 427.0
2764 427.0
2765 32.0
2766 347.0
2767 0.0
2768 314.0
2769 0.0
2770 203.0
2771 251.0
2772 0.0
2773 6.0
2774 203.0
2775 0.0
2776 323.0
2777 30.0
2778 0.0
2779 32.0
2780 246.0
2781 30.0
2782 6.0
2783 0.0
2784 427.0
2785 25.0
2786 32.0
2787 32.0
2788 314.0
2789 0.0
2790 29.0
2791 32.0
2792 203.0
2793 275.0
2794 203.0
2795 33.0
2796 20.0
2797 203.0
2798 32.0
2799 361.0
2800 34.0
2801 32.0
2802 32.0
2803 32.0
2804 25.0
2805 521.0
2806 6.0
2807 0.0
2808 347.0
2809 29.0
2810 32.0
2811 25.0
2812 130.0
2813 32.0
2814 323.0
2815 251.0
2816 32.0
2817 347.0
2818 347.0
2819 314.0
2820 6.0
2821 347.0
2822 323.0
2823 77.0
2824 203.0
2825 32.0
2826 0.0
2827 427.0
2828 0.0
2829 0.0
2830 32.0
2831 323.0
2832 274.0
2833 203.0
2834 0.0
2835 323.0
2836 34.0
2837 25.0
2838 25.0
2839 7.0
2840 38.0
2841 32.0
2842 203.0
2843 29.0
2844 29.0
2845 203.0
2846 203.0
2847 32.0
2848 347.0
2849 32.0
2850 6.0
2851 0.0
2852 32.0
2853 25.0
2854 25.0
2855 86.0
2856 521.0
2857 275.0
2858 25.0
2859 347.0
2860 49.0
2861 163.0
2862 25.0
2863 0.0
2864 25.0
2865 427.0
2866 323.0
2867 87.0
2868 6.0
2869 158.0
2870 29.0
2871 6.0
2872 323.0
2873 427.0
2874 77.0
2875 347.0
2876 0.0
2877 0.0
2878 427.0
2879 32.0
2880 0.0
2881 32.0
2882 158.0
2883 273.0
2884 347.0
2885 6.0
2886 427.0
2887 32.0
2888 0.0
2889 25.0
2890 2.0
2891 0.0
2892 32.0
2893 203.0
2894 164.0
2895 6.0
2896 0.0
2897 6.0
2898 32.0
2899 203.0
2900 32.0
2901 273.0
2902 204.0
2903 32.0
2904 32.0
2905 0.0
2906 29.0
2907 521.0
2908 275.0
2909 25.0
2910 347.0
2911 25.0
2912 163.0
2913 203.0
2914 75.0
2915 25.0
2916 322.0
2917 273.0
2918 38.0
2919 203.0
2920 203.0
2921 347.0
2922 347.0
2923 203.0
2924 251.0
2925 32.0
2926 32.0
2927 38.0
2928 0.0
2929 273.0
2930 0.0
2931 0.0
2932 32.0
2933 251.0
2934 33.0
2935 361.0
2936 251.0
2937 427.0
2938 25.0
2939 32.0
2940 32.0
2941 29.0
2942 0.0
2943 193.0
2944 32.0
2945 29.0
2946 193.0
2947 347.0
2948 6.0
2949 32.0
2950 203.0
2951 32.0
2952 361.0
2953 203.0
2954 32.0
2955 32.0
2956 32.0
2957 203.0
2958 521.0
2959 275.0
2960 0.0
2961 323.0
2962 9.0
2963 163.0
2964 32.0
2965 0.0
2966 29.0
2967 427.0
2968 251.0
2969 83.0
2970 187.0
2971 319.0
2972 322.0
2973 0.0
2974 521.0
2975 273.0
2976 201.0
2977 30.0
2978 148.0
2979 0.0
2980 323.0
2981 0.0
2982 0.0
2983 32.0
2984 359.0
2985 6.0
2986 203.0
2987 0.0
2988 427.0
2989 347.0
2990 371.0
2991 25.0
2992 0.0
2993 0.0
2994 6.0
2995 32.0
2996 17.0
2997 203.0
2998 17.0
2999 17.0
3000 6.0
3001 427.0
3002 32.0
3003 6.0
3004 275.0
3005 32.0
3006 32.0
3007 427.0
3008 203.0
3009 521.0
3010 275.0
3011 1.0
3012 6.0
3013 186.0
3014 163.0
3015 32.0
3016 0.0
3017 347.0
3018 323.0
3019 323.0
3020 203.0
3021 347.0
3022 158.0
3023 29.0
3024 0.0
3025 273.0
3026 273.0
3027 182.0
3028 32.0
3029 32.0
3030 0.0
3031 317.0
3032 203.0
3033 0.0
3034 32.0
3035 273.0
3036 274.0
3037 203.0
3038 0.0
3039 323.0
3040 204.0
3041 6.0
3042 25.0
3043 25.0
3044 0.0
3045 169.0
3046 33.0
3047 29.0
3048 6.0
3049 0.0
3050 6.0
3051 32.0
3052 273.0
3053 32.0
3054 251.0
3055 0.0
3056 32.0
3057 32.0
3058 26.0
3059 251.0
3060 521.0
3061 275.0
3062 25.0
3063 347.0
3064 38.0
3065 163.0
3066 32.0
3067 0.0
3068 25.0
3069 323.0
3070 273.0
3071 38.0
3072 33.0
3073 251.0
3074 323.0
3075 29.0
3076 251.0
3077 0.0
3078 0.0
3079 32.0
3080 32.0
3081 0.0
3082 323.0
3083 32.0
3084 0.0
3085 32.0
3086 6.0
3087 347.0
3088 347.0
3089 318.0
3090 361.0
3091 203.0
3092 273.0
3093 32.0
3094 34.0
3095 0.0
3096 275.0
3097 37.0
3098 29.0
3099 251.0
3100 74.0
3101 6.0
3102 251.0
3103 323.0
3104 32.0
3105 427.0
3106 6.0
3107 32.0
3108 32.0
3109 6.0
3110 32.0
3111 521.0
3112 323.0
3113 251.0
3114 347.0
3115 38.0
3116 175.0
3117 25.0
3118 0.0
3119 6.0
3120 427.0
3121 251.0
3122 38.0
3123 187.0
3124 0.0
3125 322.0
3126 187.0
3127 203.0
3128 323.0
3129 0.0
3130 29.0
3131 25.0
3132 0.0
3133 273.0
3134 427.0
3135 0.0
3136 32.0
3137 6.0
3138 347.0
3139 427.0
3140 275.0
3141 427.0
3142 6.0
3143 30.0
3144 32.0
3145 32.0
3146 39.0
3147 193.0
3148 32.0
3149 29.0
3150 0.0
3151 347.0
3152 17.0
3153 30.0
3154 203.0
3155 32.0
3156 322.0
3157 7.0
3158 6.0
3159 32.0
3160 26.0
3161 32.0
3162 521.0
3163 251.0
3164 1.0
3165 323.0
3166 105.0
3167 163.0
3168 32.0
3169 0.0
3170 347.0
3171 427.0
3172 427.0
3173 39.0
3174 203.0
3175 158.0
3176 347.0
3177 187.0
3178 323.0
3179 323.0
3180 143.0
3181 29.0
3182 25.0
3183 0.0
3184 317.0
3185 204.0
3186 0.0
3187 32.0
3188 323.0
3189 6.0
3190 203.0
3191 276.0
3192 427.0
3193 32.0
3194 0.0
3195 32.0
3196 0.0
3197 0.0
3198 203.0
3199 6.0
3200 37.0
3201 203.0
3202 0.0
3203 6.0
3204 32.0
3205 203.0
3206 32.0
3207 29.0
3208 6.0
3209 32.0
3210 32.0
3211 25.0
3212 36.0
3213 521.0
3214 275.0
3215 30.0
3216 6.0
3217 158.0
3218 207.0
3219 32.0
3220 0.0
3221 25.0
3222 427.0
3223 273.0
3224 14.0
3225 203.0
3226 158.0
3227 32.0
3228 203.0
3229 273.0
3230 0.0
3231 6.0
3232 189.0
3233 6.0
3234 0.0
3235 477.0
3236 86.0
3237 0.0
3238 32.0
3239 323.0
3240 274.0
3241 273.0
3242 318.0
3243 427.0
3244 6.0
3245 25.0
3246 25.0
3247 25.0
3248 347.0
3249 322.0
3250 0.0
3251 29.0
3252 29.0
3253 0.0
3254 6.0
3255 32.0
3256 323.0
3257 32.0
3258 361.0
3259 0.0
3260 105.0
3261 32.0
3262 6.0
3263 36.0
3264 521.0
3265 275.0
3266 25.0
3267 273.0
3268 159.0
3269 152.0
3270 25.0
3271 0.0
3272 0.0
3273 427.0
3274 251.0
3275 38.0
3276 347.0
3277 0.0
3278 6.0
3279 6.0
3280 203.0
3281 6.0
3282 251.0
3283 427.0
3284 0.0
3285 0.0
3286 273.0
3287 32.0
3288 0.0
3289 32.0
3290 203.0
3291 347.0
3292 347.0
3293 251.0
3294 323.0
3295 25.0
3296 203.0
3297 25.0
3298 32.0
3299 0.0
3300 275.0
3301 187.0
3302 37.0
3303 6.0
3304 0.0
3305 73.0
3306 30.0
3307 323.0
3308 32.0
3309 361.0
3310 203.0
3311 322.0
3312 32.0
3313 185.0
3314 32.0
3315 521.0
3316 6.0
3317 25.0
3318 347.0
3319 38.0
3320 323.0
3321 25.0
3322 0.0
3323 32.0
3324 427.0
3325 322.0
3326 38.0
3327 347.0
3328 158.0
3329 347.0
3330 32.0
3331 521.0
3332 323.0
3333 143.0
3334 6.0
3335 0.0
3336 0.0
3337 203.0
3338 32.0
3339 0.0
3340 32.0
3341 273.0
3342 251.0
3343 203.0
3344 0.0
3345 521.0
3346 163.0
3347 347.0
3348 32.0
3349 0.0
3350 29.0
3351 427.0
3352 32.0
3353 6.0
3354 203.0
3355 203.0
3356 17.0
3357 24.0
3358 203.0
3359 32.0
3360 6.0
3361 203.0
3362 32.0
3363 133.0
3364 203.0
3365 25.0
3366 521.0
3367 275.0
3368 141.0
3369 347.0
3370 33.0
3371 265.0
3372 32.0
3373 347.0
3374 0.0
3375 427.0
3376 273.0
3377 32.0
3378 38.0
3379 158.0
3380 251.0
3381 203.0
3382 273.0
3383 6.0
3384 6.0
3385 347.0
3386 0.0
3387 0.0
3388 0.0
3389 25.0
3390 0.0
3391 32.0
3392 359.0
3393 203.0
3394 203.0
3395 318.0
3396 427.0
3397 32.0
3398 203.0
3399 25.0
3400 25.0
3401 0.0
3402 203.0
3403 6.0
3404 25.0
3405 251.0
3406 0.0
3407 17.0
3408 32.0
3409 323.0
3410 32.0
3411 361.0
3412 275.0
3413 56.0
3414 32.0
3415 347.0
3416 203.0
3417 521.0
3418 275.0
3419 69.0
3420 81.0
3421 32.0
3422 32.0
3423 25.0
3424 0.0
3425 165.0
3426 427.0
3427 251.0
3428 203.0
3429 347.0
3430 26.0
3431 427.0
3432 347.0
3433 203.0
3434 0.0
3435 38.0
3436 203.0
3437 0.0
3438 0.0
3439 0.0
3440 6.0
3441 0.0
3442 32.0
3443 323.0
3444 203.0
3445 273.0
3446 251.0
3447 521.0
3448 32.0
3449 29.0
3450 32.0
3451 347.0
3452 0.0
3453 318.0
3454 0.0
3455 37.0
3456 29.0
3457 203.0
3458 6.0
3459 251.0
3460 323.0
3461 32.0
3462 273.0
3463 275.0
3464 203.0
3465 25.0
3466 32.0
3467 203.0
3468 521.0
3469 6.0
3470 25.0
3471 189.0
3472 34.0
3473 175.0
3474 32.0
3475 92.0
3476 33.0
3477 427.0
3478 251.0
3479 203.0
3480 187.0
3481 29.0
3482 323.0
3483 187.0
3484 322.0
3485 427.0
3486 0.0
3487 203.0
3488 38.0
3489 0.0
3490 0.0
3491 32.0
3492 0.0
3493 32.0
3494 6.0
3495 273.0
3496 427.0
3497 347.0
3498 521.0
3499 0.0
3500 32.0
3501 32.0
3502 32.0
3503 29.0
3504 361.0
3505 203.0
3506 29.0
3507 203.0
3508 203.0
3509 6.0
3510 24.0
3511 427.0
3512 32.0
3513 29.0
3514 275.0
3515 361.0
3516 32.0
3517 203.0
3518 203.0
3519 521.0
3520 251.0
3521 25.0
3522 347.0
3523 31.0
3524 32.0
3525 25.0
3526 187.0
3527 273.0
3528 323.0
3529 273.0
3530 38.0
3531 0.0
3532 203.0
3533 323.0
3534 347.0
3535 273.0
3536 323.0
3537 49.0
3538 347.0
3539 0.0
3540 0.0
3541 477.0
3542 32.0
3543 18.0
3544 32.0
3545 361.0
3546 273.0
3547 203.0
3548 0.0
3549 521.0
3550 149.0
3551 25.0
3552 25.0
3553 34.0
3554 0.0
3555 361.0
3556 203.0
3557 0.0
3558 203.0
3559 0.0
3560 17.0
3561 317.0
3562 427.0
3563 32.0
3564 361.0
3565 203.0
3566 347.0
3567 32.0
3568 25.0
3569 25.0
3570 521.0
3571 275.0
3572 0.0
3573 6.0
3574 187.0
3575 265.0
3576 6.0
3577 0.0
3578 347.0
3579 322.0
3580 251.0
3581 83.0
3582 6.0
3583 32.0
3584 322.0
3585 251.0
3586 203.0
3587 251.0
3588 6.0
3589 347.0
3590 0.0
3591 0.0
3592 0.0
3593 25.0
3594 0.0
3595 32.0
3596 323.0
3597 43.0
3598 273.0
3599 318.0
3600 521.0
3601 32.0
3602 25.0
3603 25.0
3604 6.0
3605 0.0
3606 361.0
3607 0.0
3608 0.0
3609 33.0
3610 203.0
3611 17.0
3612 193.0
3613 323.0
3614 32.0
3615 361.0
3616 0.0
3617 361.0
3618 32.0
3619 32.0
3620 32.0
3621 521.0
3622 6.0
3623 1.0
3624 273.0
3625 32.0
3626 163.0
3627 6.0
3628 0.0
3629 25.0
3630 427.0
3631 251.0
3632 203.0
3633 187.0
3634 158.0
3635 427.0
3636 347.0
3637 323.0
3638 6.0
3639 77.0
3640 322.0
3641 32.0
3642 0.0
3643 0.0
3644 25.0
3645 251.0
3646 427.0
3647 6.0
3648 347.0
3649 273.0
3650 347.0
3651 521.0
3652 34.0
3653 32.0
3654 0.0
3655 29.0
3656 0.0
3657 203.0
3658 0.0
3659 10.0
3660 251.0
3661 203.0
3662 6.0
3663 193.0
3664 427.0
3665 32.0
3666 0.0
3667 6.0
3668 203.0
3669 32.0
3670 32.0
3671 32.0
3672 521.0
3673 6.0
3674 25.0
3675 347.0
3676 76.0
3677 314.0
3678 25.0
3679 323.0
3680 25.0
3681 323.0
3682 273.0
3683 38.0
3684 347.0
3685 0.0
3686 427.0
3687 347.0
3688 273.0
3689 251.0
3690 77.0
3691 6.0
3692 30.0
3693 0.0
3694 0.0
3695 32.0
3696 25.0
3697 32.0
3698 6.0
3699 274.0
3700 203.0
3701 347.0
3702 323.0
3703 25.0
3704 204.0
3705 32.0
3706 29.0
3707 88.0
3708 361.0
3709 374.0
3710 203.0
3711 203.0
3712 0.0
3713 6.0
3714 6.0
3715 203.0
3716 32.0
3717 323.0
3718 203.0
3719 347.0
3720 32.0
3721 29.0
3722 32.0
3723 521.0
3724 275.0
3725 0.0
3726 273.0
3727 251.0
3728 265.0
3729 29.0
3730 92.0
3731 347.0
3732 323.0
3733 323.0
3734 82.0
3735 6.0
3736 319.0
3737 427.0
3738 203.0
3739 203.0
3740 273.0
3741 77.0
3742 347.0
3743 0.0
3744 33.0
3745 323.0
3746 25.0
3747 25.0
3748 32.0
3749 323.0
3750 203.0
3751 203.0
3752 0.0
3753 361.0
3754 174.0
3755 25.0
3756 54.0
3757 347.0
3758 0.0
3759 203.0
3760 251.0
3761 33.0
3762 32.0
3763 347.0
3764 6.0
3765 317.0
3766 273.0
3767 32.0
3768 361.0
3769 0.0
3770 273.0
3771 32.0
3772 25.0
3773 32.0
3774 521.0
3775 275.0
3776 25.0
3777 273.0
3778 32.0
3779 175.0
3780 347.0
3781 25.0
3782 43.0
3783 427.0
3784 251.0
3785 25.0
3786 273.0
3787 203.0
3788 322.0
3789 251.0
3790 203.0
3791 427.0
3792 77.0
3793 347.0
3794 32.0
3795 0.0
3796 0.0
3797 25.0
3798 0.0
3799 32.0
3800 246.0
3801 273.0
3802 347.0
3803 275.0
3804 521.0
3805 347.0
3806 32.0
3807 25.0
3808 347.0
3809 0.0
3810 203.0
3811 273.0
3812 0.0
3813 0.0
3814 6.0
3815 6.0
3816 203.0
3817 323.0
3818 32.0
3819 0.0
3820 6.0
3821 0.0
3822 32.0
3823 32.0
3824 32.0
3825 521.0
3826 6.0
3827 1.0
3828 347.0
3829 317.0
3830 203.0
3831 347.0
3832 25.0
3833 179.0
3834 427.0
3835 251.0
3836 38.0
3837 187.0
3838 0.0
3839 323.0
3840 273.0
3841 273.0
3842 6.0
3843 29.0
3844 6.0
3845 0.0
3846 33.0
3847 322.0
3848 32.0
3849 0.0
3850 32.0
3851 6.0
3852 347.0
3853 347.0
3854 347.0
3855 323.0
3856 203.0
3857 347.0
3858 231.0
3859 25.0
3860 0.0
3861 275.0
3862 0.0
3863 203.0
3864 6.0
3865 0.0
3866 6.0
3867 322.0
3868 203.0
3869 32.0
3870 0.0
3871 203.0
3872 189.0
3873 32.0
3874 6.0
3875 32.0
3876 521.0
3877 6.0
3878 32.0
3879 273.0
3880 203.0
3881 33.0
3882 203.0
3883 203.0
3884 163.0
3885 323.0
3886 427.0
3887 38.0
3888 187.0
3889 203.0
3890 273.0
3891 347.0
3892 251.0
3893 323.0
3894 29.0
3895 347.0
3896 0.0
3897 0.0
3898 317.0
3899 32.0
3900 25.0
3901 32.0
3902 427.0
3903 32.0
3904 27.0
3905 0.0
3906 361.0
3907 6.0
3908 25.0
3909 32.0
3910 32.0
3911 0.0
3912 203.0
3913 273.0
3914 141.0
3915 203.0
3916 0.0
3917 203.0
3918 0.0
3919 427.0
3920 32.0
3921 314.0
3922 275.0
3923 0.0
3924 25.0
3925 25.0
3926 32.0
3927 521.0
3928 275.0
3929 25.0
3930 203.0
3931 32.0
3932 265.0
3933 25.0
3934 164.0
3935 203.0
3936 273.0
3937 323.0
3938 32.0
3939 33.0
3940 29.0
3941 427.0
3942 347.0
3943 251.0
3944 251.0
3945 77.0
3946 32.0
3947 0.0
3948 29.0
3949 273.0
3950 25.0
3951 25.0
3952 32.0
3953 323.0
3954 6.0
3955 273.0
3956 0.0
3957 323.0
3958 347.0
3959 25.0
3960 25.0
3961 0.0
3962 0.0
3963 427.0
3964 251.0
3965 0.0
3966 203.0
3967 0.0
3968 6.0
3969 318.0
3970 323.0
3971 32.0
3972 50.0
3973 275.0
3974 347.0
3975 32.0
3976 0.0
3977 32.0
3978 521.0
3979 6.0
3980 0.0
3981 347.0
3982 32.0
3983 331.0
3984 347.0
3985 30.0
3986 6.0
3987 427.0
3988 251.0
3989 6.0
3990 25.0
3991 29.0
3992 427.0
3993 29.0
3994 521.0
3995 251.0
3996 77.0
3997 33.0
3998 0.0
3999 33.0
4000 273.0
4001 273.0
4002 39.0
4003 32.0
4004 6.0
4005 251.0
4006 347.0
4007 273.0
4008 323.0
4009 347.0
4010 32.0
4011 25.0
4012 25.0
4013 347.0
4014 361.0
4015 30.0
4016 0.0
4017 0.0
4018 361.0
4019 6.0
4020 251.0
4021 273.0
4022 32.0
4023 29.0
4024 203.0
4025 0.0
4026 32.0
4027 32.0
4028 32.0
4029 521.0
4030 89.0
4031 14.0
4032 347.0
4033 32.0
4034 32.0
4035 38.0
4036 25.0
4037 6.0
4038 427.0
4039 251.0
4040 38.0
4041 187.0
4042 203.0
4043 427.0
4044 187.0
4045 323.0
4046 251.0
4047 77.0
4048 32.0
4049 0.0
4050 0.0
4051 273.0
4052 32.0
4053 0.0
4054 32.0
4055 323.0
4056 274.0
4057 27.0
4058 427.0
4059 427.0
4060 25.0
4061 32.0
4062 32.0
4063 32.0
4064 33.0
4065 203.0
4066 374.0
4067 0.0
4068 203.0
4069 0.0
4070 6.0
4071 30.0
4072 203.0
4073 32.0
4074 361.0
4075 203.0
4076 0.0
4077 32.0
4078 25.0
4079 32.0
4080 521.0
4081 275.0
4082 25.0
4083 273.0
4084 29.0
4085 174.0
4086 0.0
4087 203.0
4088 251.0
4089 427.0
4090 273.0
4091 14.0
4092 187.0
4093 29.0
4094 251.0
4095 6.0
4096 521.0
4097 323.0
4098 0.0
4099 32.0
4100 0.0
4101 6.0
4102 477.0
4103 32.0
4104 0.0
4105 32.0
4106 273.0
4107 6.0
4108 347.0
4109 0.0
4110 203.0
4111 32.0
4112 32.0
4113 86.0
4114 38.0
4115 0.0
4116 323.0
4117 251.0
4118 0.0
4119 193.0
4120 347.0
4121 6.0
4122 361.0
4123 273.0
4124 32.0
4125 361.0
4126 275.0
4127 0.0
4128 32.0
4129 25.0
4130 32.0
4131 521.0
4132 275.0
4133 109.0
4134 323.0
4135 32.0
4136 265.0
4137 38.0
4138 32.0
4139 25.0
4140 427.0
4141 273.0
4142 83.0
4143 187.0
4144 29.0
4145 427.0
4146 251.0
4147 251.0
4148 427.0
4149 77.0
4150 273.0
4151 0.0
4152 0.0
4153 322.0
4154 25.0
4155 251.0
4156 32.0
4157 251.0
4158 347.0
4159 347.0
4160 427.0
4161 203.0
4162 6.0
4163 347.0
4164 25.0
4165 25.0
4166 0.0
4167 361.0
4168 361.0
4169 0.0
4170 29.0
4171 203.0
4172 6.0
4173 193.0
4174 427.0
4175 32.0
4176 203.0
4177 0.0
4178 0.0
4179 32.0
4180 32.0
4181 32.0
4182 521.0
4183 6.0
4184 0.0
4185 347.0
4186 347.0
4187 265.0
4188 203.0
4189 0.0
4190 25.0
4191 427.0
4192 427.0
4193 87.0
4194 32.0
4195 251.0
4196 427.0
4197 187.0
4198 323.0
4199 251.0
4200 6.0
4201 29.0
4202 30.0
4203 0.0
4204 273.0
4205 25.0
4206 45.0
4207 32.0
4208 273.0
4209 273.0
4210 347.0
4211 427.0
4212 521.0
4213 25.0
4214 32.0
4215 25.0
4216 32.0
4217 0.0
4218 427.0
4219 273.0
4220 0.0
4221 251.0
4222 0.0
4223 6.0
4224 361.0
4225 203.0
4226 32.0
4227 323.0
4228 275.0
4229 0.0
4230 316.0
4231 32.0
4232 32.0
4233 521.0
4234 6.0
4235 25.0
4236 273.0
4237 32.0
4238 0.0
4239 165.0
4240 30.0
4241 32.0
4242 427.0
4243 251.0
4244 0.0
4245 347.0
4246 323.0
4247 427.0
4248 347.0
4249 323.0
4250 251.0
4251 251.0
4252 347.0
4253 0.0
4254 0.0
4255 273.0
4256 32.0
4257 18.0
4258 32.0
4259 323.0
4260 318.0
4261 6.0
4262 318.0
4263 318.0
4264 25.0
4265 25.0
4266 0.0
4267 32.0
4268 347.0
4269 521.0
4270 251.0
4271 25.0
4272 203.0
4273 203.0
4274 6.0
4275 6.0
4276 273.0
4277 32.0
4278 323.0
4279 6.0
4280 0.0
4281 25.0
4282 180.0
4283 32.0
4284 521.0
4285 275.0
4286 6.0
4287 273.0
4288 190.0
4289 32.0
4290 347.0
4291 155.0
4292 158.0
4293 427.0
4294 427.0
4295 38.0
4296 187.0
4297 203.0
4298 251.0
4299 29.0
4300 251.0
4301 323.0
4302 49.0
4303 427.0
4304 1.0
4305 0.0
4306 427.0
4307 32.0
4308 6.0
4309 32.0
4310 251.0
4311 251.0
4312 347.0
4313 276.0
4314 323.0
4315 32.0
4316 32.0
4317 32.0
4318 25.0
4319 0.0
4320 521.0
4321 273.0
4322 1.0
4323 251.0
4324 203.0
4325 6.0
4326 361.0
4327 273.0
4328 347.0
4329 68.0
4330 0.0
4331 0.0
4332 32.0
4333 25.0
4334 32.0
4335 521.0
4336 275.0
4337 97.0
4338 347.0
4339 32.0
4340 251.0
4341 32.0
4342 6.0
4343 25.0
4344 521.0
4345 427.0
4346 33.0
4347 25.0
4348 203.0
4349 427.0
4350 6.0
4351 251.0
4352 323.0
4353 6.0
4354 6.0
4355 0.0
4356 0.0
4357 427.0
4358 25.0
4359 33.0
4360 32.0
4361 251.0
4362 347.0
4363 203.0
4364 0.0
4365 361.0
4366 6.0
4367 32.0
4368 347.0
4369 33.0
4370 347.0
4371 521.0
4372 0.0
4373 0.0
4374 29.0
4375 273.0
4376 6.0
4377 32.0
4378 6.0
4379 32.0
4380 322.0
4381 0.0
4382 0.0
4383 32.0
4384 0.0
4385 32.0
4386 521.0
4387 6.0
4388 25.0
4389 273.0
4390 33.0
4391 203.0
4392 25.0
4393 110.0
4394 0.0
4395 323.0
4396 427.0
4397 25.0
4398 0.0
4399 0.0
4400 427.0
4401 0.0
4402 323.0
4403 251.0
4404 201.0
4405 347.0
4406 0.0
4407 427.0
4408 427.0
4409 86.0
4410 29.0
4411 32.0
4412 273.0
4413 0.0
4414 6.0
4415 427.0
4416 427.0
4417 25.0
4418 32.0
4419 33.0
4420 32.0
4421 0.0
4422 427.0
4423 251.0
4424 29.0
4425 0.0
4426 0.0
4427 6.0
4428 361.0
4429 273.0
4430 33.0
4431 316.0
4432 203.0
4433 0.0
4434 25.0
4435 32.0
4436 32.0
4437 521.0
4438 275.0
4439 25.0
4440 347.0
4441 203.0
4442 8.0
4443 25.0
4444 79.0
4445 347.0
4446 521.0
4447 427.0
4448 38.0
4449 0.0
4450 204.0
4451 427.0
4452 36.0
4453 251.0
4454 251.0
4455 121.0
4456 273.0
4457 0.0
4458 0.0
4459 523.0
4460 32.0
4461 18.0
4462 32.0
4463 273.0
4464 6.0
4465 203.0
4466 203.0
4467 323.0
4468 25.0
4469 32.0
4470 80.0
4471 25.0
4472 0.0
4473 521.0
4474 0.0
4475 0.0
4476 0.0
4477 0.0
4478 6.0
4479 6.0
4480 347.0
4481 24.0
4482 361.0
4483 120.0
4484 0.0
4485 25.0
4486 32.0
4487 25.0
4488 523.0
4489 6.0
4490 0.0
4491 6.0
4492 32.0
4493 334.0
4494 32.0
4495 203.0
4496 34.0
4497 338.0
4498 0.0
4499 30.0
4500 187.0
4501 158.0
4502 361.0
4503 203.0
4504 521.0
4505 477.0
4506 0.0
4507 203.0
4508 0.0
4509 6.0
4510 0.0
4511 32.0
4512 6.0
4513 32.0
4514 251.0
4515 32.0
4516 189.0
4517 0.0
4518 0.0
4519 32.0
4520 32.0
4521 189.0
4522 32.0
4523 0.0
4524 25.0
4525 251.0
4526 36.0
4527 30.0
4528 49.0
4529 6.0
4530 32.0
4531 347.0
4532 32.0
4533 8.0
4534 0.0
4535 100.0
4536 25.0
4537 32.0
4538 32.0
4539 523.0
4540 29.0
4541 34.0
4542 273.0
4543 68.0
4544 32.0
4545 25.0
4546 0.0
4547 25.0
4548 361.0
4549 75.0
4550 26.0
4551 32.0
4552 0.0
4553 427.0
4554 187.0
4555 323.0
4556 0.0
4557 0.0
4558 347.0
4559 0.0
4560 0.0
4561 427.0
4562 34.0
4563 0.0
4564 32.0
4565 347.0
4566 32.0
4567 323.0
4568 0.0
4569 361.0
4570 203.0
4571 32.0
4572 32.0
4573 25.0
4574 52.0
4575 427.0
4576 251.0
4577 6.0
4578 32.0
4579 0.0
4580 6.0
4581 361.0
4582 6.0
4583 347.0
4584 318.0
4585 0.0
4586 322.0
4587 25.0
4588 32.0
4589 32.0
4590 523.0
4591 0.0
4592 34.0
4593 347.0
4594 33.0
4595 32.0
4596 25.0
4597 0.0
4598 32.0
4599 477.0
4600 203.0
4601 14.0
4602 0.0
4603 521.0
4604 427.0
4605 0.0
4606 338.0
4607 0.0
4608 0.0
4609 347.0
4610 0.0
4611 0.0
4612 427.0
4613 32.0
4614 6.0
4615 32.0
4616 323.0
4617 0.0
4618 6.0
4619 0.0
4620 427.0
4621 13.0
4622 32.0
4623 347.0
4624 32.0
4625 203.0
4626 427.0
4627 32.0
4628 37.0
4629 0.0
4630 17.0
4631 6.0
4632 0.0
4633 275.0
4634 24.0
4635 361.0
4636 2.0
4637 322.0
4638 32.0
4639 25.0
4640 32.0
4641 523.0
4642 0.0
4643 34.0
4644 6.0
4645 323.0
4646 331.0
4647 18.0
4648 251.0
4649 38.0
4650 338.0
4651 75.0
4652 38.0
4653 0.0
4654 251.0
4655 86.0
4656 29.0
4657 0.0
4658 203.0
4659 6.0
4660 203.0
4661 203.0
4662 0.0
4663 75.0
4664 99.0
4665 6.0
4666 25.0
4667 427.0
4668 0.0
4669 347.0
4670 29.0
4671 25.0
4672 347.0
4673 347.0
4674 25.0
4675 32.0
4676 0.0
4677 477.0
4678 251.0
4679 25.0
4680 203.0
4681 321.0
4682 6.0
4683 347.0
4684 347.0
4685 347.0
4686 30.0
4687 0.0
4688 275.0
4689 32.0
4690 25.0
4691 32.0
4692 523.0
4693 32.0
4694 34.0
4695 8.0
4696 32.0
4697 175.0
4698 32.0
4699 92.0
4700 25.0
4701 338.0
4702 0.0
4703 25.0
4704 0.0
4705 0.0
4706 86.0
4707 347.0
4708 427.0
4709 203.0
4710 32.0
4711 6.0
4712 0.0
4713 29.0
4714 0.0
4715 6.0
4716 203.0
4717 32.0
4718 251.0
4719 25.0
4720 427.0
4721 25.0
4722 427.0
4723 25.0
4724 32.0
4725 0.0
4726 25.0
4727 0.0
4728 0.0
4729 38.0
4730 12.0
4731 6.0
4732 0.0
4733 6.0
4734 361.0
4735 0.0
4736 32.0
4737 318.0
4738 0.0
4739 347.0
4740 25.0
4741 32.0
4742 32.0
4743 523.0
4744 0.0
4745 34.0
4746 347.0
4747 33.0
4748 32.0
4749 25.0
4750 32.0
4751 203.0
4752 361.0
4753 322.0
4754 83.0
4755 0.0
4756 0.0
4757 0.0
4758 347.0
4759 361.0
4760 427.0
4761 361.0
4762 32.0
4763 0.0
4764 59.0
4765 477.0
4766 32.0
4767 25.0
4768 32.0
4769 251.0
4770 25.0
4771 203.0
4772 0.0
4773 0.0
4774 25.0
4775 32.0
4776 32.0
4777 32.0
4778 0.0
4779 0.0
4780 0.0
4781 29.0
4782 251.0
4783 0.0
4784 6.0
4785 6.0
4786 521.0
4787 55.0
4788 273.0
4789 0.0
4790 427.0
4791 25.0
4792 32.0
4793 32.0
4794 523.0
4795 0.0
4796 34.0
4797 347.0
4798 25.0
4799 6.0
4800 204.0
4801 25.0
4802 6.0
4803 523.0
4804 477.0
4805 38.0
4806 0.0
4807 29.0
4808 477.0
4809 6.0
4810 0.0
4811 75.0
4812 201.0
4813 203.0
4814 0.0
4815 0.0
4816 274.0
4817 6.0
4818 203.0
4819 32.0
4820 273.0
4821 14.0
4822 75.0
4823 477.0
4824 0.0
4825 32.0
4826 25.0
4827 477.0
4828 25.0
4829 6.0
4830 427.0
4831 0.0
4832 29.0
4833 0.0
4834 203.0
4835 6.0
4836 0.0
4837 361.0
4838 32.0
4839 29.0
4840 21.0
4841 318.0
4842 323.0
4843 347.0
4844 32.0
4845 523.0
4846 0.0
4847 34.0
4848 274.0
4849 32.0
4850 331.0
4851 32.0
4852 92.0
4853 33.0
4854 0.0
4855 0.0
4856 38.0
4857 0.0
4858 4.0
4859 30.0
4860 347.0
4861 251.0
4862 427.0
4863 322.0
4864 203.0
4865 0.0
4866 0.0
4867 0.0
4868 0.0
4869 203.0
4870 32.0
4871 251.0
4872 18.0
4873 273.0
4874 29.0
4875 427.0
4876 32.0
4877 32.0
4878 112.0
4879 204.0
4880 0.0
4881 477.0
4882 38.0
4883 6.0
4884 0.0
4885 321.0
4886 6.0
4887 361.0
4888 273.0
4889 32.0
4890 29.0
4891 7.0
4892 521.0
4893 32.0
4894 0.0
4895 32.0
4896 523.0
4897 275.0
4898 0.0
4899 347.0
4900 32.0
4901 318.0
4902 203.0
4903 39.0
4904 32.0
4905 338.0
4906 0.0
4907 98.0
4908 0.0
4909 347.0
4910 0.0
4911 347.0
4912 323.0
4913 203.0
4914 0.0
4915 347.0
4916 0.0
4917 33.0
4918 523.0
4919 347.0
4920 203.0
4921 25.0
4922 251.0
4923 32.0
4924 203.0
4925 29.0
4926 0.0
4927 32.0
4928 347.0
4929 338.0
4930 174.0
4931 0.0
4932 477.0
4933 251.0
4934 29.0
4935 29.0
4936 0.0
4937 6.0
4938 361.0
4939 251.0
4940 38.0
4941 322.0
4942 0.0
4943 523.0
4944 32.0
4945 6.0
4946 32.0
4947 523.0
4948 0.0
4949 34.0
4950 338.0
4951 33.0
4952 32.0
4953 25.0
4954 32.0
4955 25.0
4956 477.0
4957 322.0
4958 0.0
4959 0.0
4960 0.0
4961 0.0
4962 347.0
4963 273.0
4964 0.0
4965 201.0
4966 251.0
4967 0.0
4968 0.0
4969 477.0
4970 32.0
4971 203.0
4972 32.0
4973 273.0
4974 32.0
4975 203.0
4976 0.0
4977 0.0
4978 25.0
4979 25.0
4980 189.0
4981 6.0
4982 71.0
4983 477.0
4984 0.0
4985 0.0
4986 361.0
4987 322.0
4988 165.0
4989 0.0
4990 338.0
4991 347.0
4992 427.0
4993 361.0
4994 523.0
4995 6.0
4996 32.0
4997 25.0
4998 523.0
4999 0.0
5000 25.0
5001 347.0
5002 34.0
5003 32.0
5004 32.0
5005 169.0
5006 29.0
5007 477.0
5008 477.0
5009 38.0
5010 136.0
5011 29.0
5012 203.0
5013 347.0
5014 0.0
5015 477.0
5016 32.0
5017 477.0
5018 1.0
5019 33.0
5020 523.0
5021 347.0
5022 347.0
5023 347.0
5024 361.0
5025 14.0
5026 25.0
5027 0.0
5028 6.0
5029 25.0
5030 25.0
5031 0.0
5032 6.0
5033 33.0
5034 477.0
5035 320.0
5036 29.0
5037 203.0
5038 317.0
5039 6.0
5040 361.0
5041 347.0
5042 32.0
5043 25.0
5044 203.0
5045 521.0
5046 112.0
5047 25.0
5048 25.0
5049 523.0
5050 46.0
5051 34.0
5052 347.0
5053 32.0
5054 265.0
5055 13.0
5056 92.0
5057 32.0
5058 0.0
5059 338.0
5060 203.0
5061 32.0
5062 29.0
5063 203.0
5064 251.0
5065 203.0
5066 477.0
5067 32.0
5068 347.0
5069 0.0
5070 0.0
5071 0.0
5072 13.0
5073 17.0
5074 32.0
5075 251.0
5076 32.0
5077 203.0
5078 29.0
5079 0.0
5080 6.0
5081 32.0
5082 34.0
5083 6.0
5084 0.0
5085 523.0
5086 251.0
5087 6.0
5088 29.0
5089 347.0
5090 6.0
5091 361.0
5092 203.0
5093 38.0
5094 251.0
5095 0.0
5096 523.0
5097 347.0
5098 32.0
5099 32.0
5100 523.0
