1 33.0
2 32.0
3 33.0
4 38.0
5 204.0
6 0.0
7 33.0
8 203.0
9 203.0
10 0.0
11 0.0
12 33.0
13 33.0
14 33.0
15 38.0
16 38.0
17 33.0
18 33.0
19 33.0
20 0.0
21 38.0
22 203.0
23 33.0
24 103.0
25 0.0
26 203.0
27 33.0
28 32.0
29 33.0
30 38.0
31 6.0
32 32.0
33 203.0
34 33.0
35 203.0
36 203.0
37 203.0
38 33.0
39 0.0
40 33.0
41 169.0
42 203.0
43 33.0
44 0.0
45 203.0
46 33.0
47 33.0
48 33.0
49 33.0
50 203.0
51 204.0
52 204.0
53 32.0
54 203.0
55 203.0
56 204.0
57 0.0
58 203.0
59 38.0
60 203.0
61 204.0
62 203.0
63 204.0
64 203.0
65 203.0
66 33.0
67 204.0
68 203.0
69 203.0
70 32.0
71 0.0
72 204.0
73 204.0
74 203.0
75 203.0
76 32.0
77 203.0
78 33.0
79 204.0
80 32.0
81 38.0
82 203.0
83 203.0
84 203.0
85 203.0
86 203.0
87 203.0
88 203.0
89 33.0
90 204.0
91 204.0
92 32.0
93 204.0
94 203.0
95 204.0
96 204.0
97 204.0
98 33.0
99 203.0
100 32.0
101 204.0
102 204.0
103 204.0
104 0.0
105 204.0
106 203.0
107 204.0
108 0.0
109 203.0
110 33.0
111 203.0
112 203.0
113 204.0
114 204.0
115 204.0
116 204.0
117 204.0
118 204.0
119 204.0
120 203.0
121 203.0
122 204.0
123 204.0
124 204.0
125 203.0
126 203.0
127 32.0
128 32.0
129 38.0
130 204.0
131 0.0
132 1.0
133 203.0
134 204.0
135 204.0
136 204.0
137 204.0
138 204.0
139 32.0
140 32.0
141 204.0
142 204.0
143 32.0
144 204.0
145 203.0
146 32.0
147 204.0
148 204.0
149 32.0
150 203.0
151 0.0
152 204.0
153 204.0
154 204.0
155 32.0
156 204.0
157 32.0
158 204.0
159 204.0
160 203.0
161 32.0
162 204.0
163 204.0
164 204.0
165 204.0
166 204.0
167 204.0
168 33.0
169 33.0
170 204.0
171 204.0
172 0.0
173 204.0
174 204.0
175 204.0
176 204.0
177 204.0
178 0.0
179 204.0
180 0.0
181 204.0
182 30.0
183 204.0
184 204.0
185 204.0
186 19.0
187 204.0
188 32.0
189 204.0
190 0.0
191 32.0
192 204.0
193 203.0
194 203.0
195 204.0
196 203.0
197 203.0
198 204.0
199 204.0
200 0.0
201 203.0
202 33.0
203 204.0
204 204.0
205 203.0
206 32.0
207 203.0
208 203.0
209 203.0
210 204.0
211 203.0
212 203.0
213 203.0
214 33.0
215 204.0
216 32.0
217 203.0
218 204.0
219 33.0
220 33.0
221 204.0
222 32.0
223 204.0
224 204.0
225 204.0
226 204.0
227 33.0
228 38.0
229 0.0
230 203.0
231 0.0
232 30.0
233 32.0
234 109.0
235 0.0
236 32.0
237 204.0
238 203.0
239 204.0
240 203.0
241 32.0
242 33.0
243 204.0
244 204.0
245 203.0
246 33.0
247 203.0
248 204.0
249 32.0
250 203.0
251 33.0
252 30.0
253 32.0
254 204.0
255 204.0
256 204.0
257 32.0
258 204.0
259 203.0
260 204.0
261 0.0
262 203.0
263 38.0
264 25.0
265 203.0
266 203.0
267 203.0
268 204.0
269 203.0
270 33.0
271 204.0
272 204.0
273 30.0
274 204.0
275 0.0
276 204.0
277 204.0
278 33.0
279 203.0
280 32.0
281 32.0
282 33.0
283 32.0
284 203.0
285 32.0
286 203.0
287 203.0
288 204.0
289 204.0
290 203.0
291 204.0
292 32.0
293 32.0
294 204.0
295 204.0
296 204.0
297 33.0
298 204.0
299 204.0
300 203.0
301 204.0
302 204.0
303 14.0
304 32.0
305 203.0
306 204.0
307 204.0
308 30.0
309 204.0
310 203.0
311 204.0
312 0.0
313 203.0
314 204.0
315 203.0
316 204.0
317 204.0
318 204.0
319 0.0
320 204.0
321 109.0
322 204.0
323 204.0
324 203.0
325 204.0
326 0.0
327 204.0
328 204.0
329 204.0
330 203.0
331 0.0
332 203.0
333 33.0
334 32.0
335 30.0
336 0.0
337 204.0
338 204.0
339 204.0
340 204.0
341 204.0
342 204.0
343 0.0
344 1.0
345 204.0
346 204.0
347 32.0
348 204.0
349 204.0
350 204.0
351 204.0
352 204.0
353 204.0
354 0.0
355 0.0
356 203.0
357 204.0
358 33.0
359 32.0
360 204.0
361 32.0
362 203.0
363 33.0
364 203.0
365 204.0
366 203.0
367 204.0
368 204.0
369 204.0
370 203.0
371 204.0
372 31.0
373 204.0
374 204.0
375 104.0
376 203.0
377 204.0
378 203.0
379 204.0
380 204.0
381 204.0
382 0.0
383 203.0
384 204.0
385 203.0
386 32.0
387 204.0
388 25.0
389 204.0
390 204.0
391 204.0
392 204.0
393 204.0
394 32.0
395 0.0
396 32.0
397 203.0
398 203.0
399 204.0
400 203.0
401 204.0
402 204.0
403 204.0
404 33.0
405 30.0
406 32.0
407 204.0
408 204.0
409 204.0
410 32.0
411 204.0
412 203.0
413 203.0
414 33.0
415 203.0
416 204.0
417 25.0
418 204.0
419 38.0
420 203.0
421 204.0
422 204.0
423 33.0
424 38.0
425 204.0
426 203.0
427 204.0
428 204.0
429 204.0
430 204.0
431 204.0
432 204.0
433 32.0
434 32.0
435 204.0
436 203.0
437 32.0
438 34.0
439 0.0
440 33.0
441 204.0
442 204.0
443 204.0
444 204.0
445 32.0
446 33.0
447 204.0
448 204.0
449 32.0
450 33.0
451 203.0
452 204.0
453 0.0
454 204.0
455 33.0
456 30.0
457 204.0
458 204.0
459 204.0
460 204.0
461 33.0
462 0.0
463 33.0
464 204.0
465 0.0
466 204.0
467 203.0
468 203.0
469 204.0
470 203.0
471 204.0
472 203.0
473 203.0
474 33.0
475 203.0
476 204.0
477 203.0
478 204.0
479 0.0
480 204.0
481 203.0
482 33.0
483 204.0
484 33.0
485 203.0
486 204.0
487 32.0
488 32.0
489 1.0
490 203.0
491 203.0
492 204.0
493 204.0
494 203.0
495 204.0
496 32.0
497 33.0
498 204.0
499 204.0
500 204.0
501 204.0
502 204.0
503 204.0
504 32.0
505 204.0
506 0.0
507 0.0
508 204.0
509 203.0
510 204.0
511 204.0
512 33.0
513 203.0
514 203.0
515 204.0
516 0.0
517 203.0
518 33.0
519 203.0
520 204.0
521 204.0
522 204.0
523 204.0
524 204.0
525 0.0
526 204.0
527 204.0
528 203.0
529 203.0
530 204.0
531 204.0
532 204.0
533 204.0
534 204.0
535 0.0
536 204.0
537 203.0
538 32.0
539 32.0
540 204.0
541 204.0
542 204.0
543 19.0
544 203.0
545 204.0
546 204.0
547 32.0
548 0.0
549 204.0
550 203.0
551 204.0
552 204.0
553 203.0
554 204.0
555 204.0
556 204.0
557 0.0
558 30.0
559 204.0
560 203.0
561 204.0
562 204.0
563 32.0
564 203.0
565 0.0
566 203.0
567 203.0
568 203.0
569 204.0
570 32.0
571 203.0
572 204.0
573 203.0
574 204.0
575 204.0
576 204.0
577 204.0
578 204.0
579 203.0
580 204.0
581 204.0
582 204.0
583 204.0
584 203.0
585 204.0
586 32.0
587 204.0
588 203.0
589 32.0
590 204.0
591 38.0
592 32.0
593 204.0
594 203.0
595 203.0
596 204.0
597 251.0
598 30.0
599 0.0
600 204.0
601 204.0
602 204.0
603 204.0
604 25.0
605 204.0
606 204.0
607 203.0
608 32.0
609 204.0
610 33.0
611 204.0
612 251.0
613 203.0
614 33.0
615 203.0
616 204.0
617 204.0
618 32.0
619 204.0
620 204.0
621 204.0
622 203.0
623 204.0
624 33.0
625 204.0
626 203.0
627 32.0
628 203.0
629 204.0
630 203.0
631 30.0
632 25.0
633 203.0
634 204.0
635 204.0
636 0.0
637 25.0
638 204.0
639 30.0
640 33.0
641 32.0
642 30.0
643 30.0
644 204.0
645 32.0
646 32.0
647 32.0
648 32.0
649 0.0
650 0.0
651 30.0
652 30.0
653 30.0
654 204.0
655 204.0
656 203.0
657 32.0
658 203.0
659 0.0
660 0.0
661 204.0
662 203.0
663 251.0
664 204.0
665 1.0
666 204.0
667 30.0
668 204.0
669 0.0
670 204.0
671 204.0
672 204.0
673 204.0
674 204.0
675 32.0
676 103.0
677 30.0
678 33.0
679 203.0
680 203.0
681 203.0
682 204.0
683 32.0
684 204.0
685 25.0
686 38.0
687 203.0
688 204.0
689 204.0
690 204.0
691 30.0
692 204.0
693 30.0
694 0.0
695 204.0
696 204.0
697 204.0
698 32.0
699 33.0
700 33.0
701 0.0
702 203.0
703 203.0
704 204.0
705 204.0
706 204.0
707 109.0
708 32.0
709 204.0
710 0.0
711 0.0
712 33.0
713 38.0
714 251.0
715 204.0
716 1.0
717 204.0
718 203.0
719 204.0
720 32.0
721 25.0
722 32.0
723 204.0
724 203.0
725 204.0
726 32.0
727 204.0
728 109.0
729 204.0
730 203.0
731 203.0
732 203.0
733 33.0
734 204.0
735 204.0
736 32.0
737 203.0
738 204.0
739 32.0
740 204.0
741 204.0
742 204.0
743 32.0
744 11.0
745 204.0
746 204.0
747 203.0
748 203.0
749 204.0
750 204.0
751 0.0
752 25.0
753 204.0
754 203.0
755 33.0
756 204.0
757 204.0
758 203.0
759 204.0
760 203.0
761 0.0
762 30.0
763 203.0
764 204.0
765 251.0
766 30.0
767 32.0
768 204.0
769 32.0
770 32.0
771 0.0
772 203.0
773 204.0
774 32.0
775 204.0
776 32.0
777 0.0
778 204.0
779 204.0
780 33.0
781 204.0
782 204.0
783 203.0
784 204.0
785 204.0
786 204.0
787 203.0
788 203.0
789 30.0
790 204.0
791 204.0
792 32.0
793 30.0
794 32.0
795 204.0
796 0.0
797 203.0
798 33.0
799 203.0
800 204.0
801 32.0
802 204.0
803 33.0
804 204.0
805 203.0
806 11.0
807 204.0
808 30.0
809 204.0
810 204.0
811 30.0
812 0.0
813 38.0
814 204.0
815 32.0
816 251.0
817 30.0
818 204.0
819 204.0
820 32.0
821 203.0
822 32.0
823 204.0
824 204.0
825 203.0
826 32.0
827 204.0
828 25.0
829 98.0
830 204.0
831 33.0
832 38.0
833 33.0
834 203.0
835 251.0
836 204.0
837 32.0
838 204.0
839 203.0
840 204.0
841 204.0
842 204.0
843 204.0
844 30.0
845 32.0
846 30.0
847 0.0
848 33.0
849 19.0
850 203.0
851 204.0
852 204.0
853 0.0
854 33.0
855 32.0
856 204.0
857 30.0
858 109.0
859 204.0
860 33.0
861 32.0
862 204.0
863 25.0
864 30.0
865 204.0
866 32.0
867 251.0
868 204.0
869 204.0
870 25.0
871 33.0
872 204.0
873 204.0
874 32.0
875 204.0
876 30.0
877 204.0
878 204.0
879 0.0
880 204.0
881 30.0
882 204.0
883 30.0
884 203.0
885 203.0
886 30.0
887 204.0
888 203.0
889 33.0
890 204.0
891 251.0
892 204.0
893 204.0
894 204.0
895 203.0
896 32.0
897 30.0
898 3.0
899 0.0
900 0.0
901 204.0
902 204.0
903 204.0
904 0.0
905 32.0
906 204.0
907 33.0
908 203.0
909 204.0
910 204.0
911 30.0
912 32.0
913 32.0
914 30.0
915 203.0
916 32.0
917 204.0
918 251.0
919 203.0
920 33.0
921 204.0
922 204.0
923 204.0
924 32.0
925 204.0
926 30.0
927 204.0
928 32.0
929 204.0
930 32.0
931 204.0
932 203.0
933 33.0
934 203.0
935 204.0
936 30.0
937 109.0
938 32.0
939 204.0
940 25.0
941 204.0
942 30.0
943 204.0
944 204.0
945 204.0
946 203.0
947 32.0
948 203.0
949 203.0
950 204.0
951 203.0
952 203.0
953 204.0
954 32.0
955 32.0
956 38.0
957 204.0
958 30.0
959 203.0
960 204.0
961 204.0
962 203.0
963 204.0
964 32.0
965 32.0
966 30.0
967 30.0
968 204.0
969 251.0
970 25.0
971 204.0
972 204.0
973 32.0
974 32.0
975 204.0
976 204.0
977 30.0
978 32.0
979 32.0
980 204.0
981 32.0
982 203.0
983 204.0
984 204.0
985 203.0
986 204.0
987 38.0
988 203.0
989 204.0
990 204.0
991 204.0
992 204.0
993 203.0
994 204.0
995 204.0
996 30.0
997 204.0
998 32.0
999 2.0
1000 203.0
1001 204.0
1002 204.0
1003 203.0
1004 204.0
1005 204.0
1006 33.0
1007 33.0
1008 204.0
1009 203.0
1010 204.0
1011 204.0
1012 204.0
1013 204.0
1014 204.0
1015 204.0
1016 32.0
1017 0.0
1018 32.0
1019 204.0
1020 251.0
1021 204.0
1022 204.0
1023 32.0
1024 32.0
1025 204.0
1026 204.0
1027 204.0
1028 204.0
1029 203.0
1030 204.0
1031 204.0
1032 30.0
1033 30.0
1034 204.0
1035 33.0
1036 38.0
1037 203.0
1038 203.0
1039 25.0
1040 204.0
1041 32.0
1042 204.0
1043 204.0
1044 203.0
1045 203.0
1046 204.0
1047 204.0
1048 204.0
1049 32.0
1050 204.0
1051 22.0
1052 204.0
1053 203.0
1054 33.0
1055 204.0
1056 204.0
1057 30.0
1058 33.0
1059 33.0
1060 204.0
1061 33.0
1062 204.0
1063 204.0
1064 204.0
1065 204.0
1066 33.0
1067 0.0
1068 32.0
1069 32.0
1070 204.0
1071 251.0
1072 204.0
1073 204.0
1074 204.0
1075 30.0
1076 25.0
1077 38.0
1078 32.0
1079 204.0
1080 0.0
1081 204.0
1082 204.0
1083 204.0
1084 204.0
1085 32.0
1086 203.0
1087 203.0
1088 30.0
1089 203.0
1090 30.0
1091 204.0
1092 32.0
1093 32.0
1094 204.0
1095 32.0
1096 204.0
1097 204.0
1098 204.0
1099 32.0
1100 30.0
1101 203.0
1102 32.0
1103 204.0
1104 33.0
1105 33.0
1106 203.0
1107 32.0
1108 32.0
1109 38.0
1110 203.0
1111 204.0
1112 204.0
1113 204.0
1114 204.0
1115 32.0
1116 32.0
1117 109.0
1118 33.0
1119 30.0
1120 204.0
1121 204.0
1122 251.0
1123 30.0
1124 204.0
1125 32.0
1126 30.0
1127 203.0
1128 204.0
1129 30.0
1130 33.0
1131 0.0
1132 204.0
1133 204.0
1134 204.0
1135 203.0
1136 203.0
1137 30.0
1138 203.0
1139 204.0
1140 203.0
1141 33.0
1142 203.0
1143 203.0
1144 32.0
1145 204.0
1146 25.0
1147 204.0
1148 204.0
1149 204.0
1150 203.0
1151 32.0
1152 204.0
1153 29.0
1154 38.0
1155 251.0
1156 203.0
1157 203.0
1158 32.0
1159 203.0
1160 38.0
1161 203.0
1162 203.0
1163 204.0
1164 204.0
1165 204.0
1166 25.0
1167 204.0
1168 203.0
1169 32.0
1170 30.0
1171 204.0
1172 204.0
1173 251.0
1174 204.0
1175 204.0
1176 30.0
1177 32.0
1178 203.0
1179 203.0
1180 204.0
1181 33.0
1182 0.0
1183 32.0
1184 204.0
1185 32.0
1186 19.0
1187 203.0
1188 204.0
1189 203.0
1190 204.0
1191 204.0
1192 203.0
1193 203.0
1194 204.0
1195 204.0
1196 204.0
1197 203.0
1198 204.0
1199 204.0
1200 204.0
1201 204.0
1202 30.0
1203 30.0
1204 25.0
1205 33.0
1206 32.0
1207 203.0
1208 203.0
1209 204.0
1210 33.0
1211 211.0
1212 204.0
1213 38.0
1214 32.0
1215 204.0
1216 33.0
1217 204.0
1218 204.0
1219 204.0
1220 32.0
1221 32.0
1222 204.0
1223 32.0
1224 251.0
1225 203.0
1226 204.0
1227 204.0
1228 30.0
1229 204.0
1230 204.0
1231 204.0
1232 33.0
1233 0.0
1234 32.0
1235 203.0
1236 203.0
1237 251.0
1238 203.0
1239 204.0
1240 32.0
1241 204.0
1242 30.0
1243 30.0
1244 203.0
1245 32.0
1246 32.0
1247 204.0
1248 32.0
1249 204.0
1250 32.0
1251 204.0
1252 204.0
1253 32.0
1254 32.0
1255 204.0
1256 204.0
1257 2.0
1258 33.0
1259 204.0
1260 32.0
1261 33.0
1262 33.0
1263 30.0
1264 180.0
1265 204.0
1266 204.0
1267 30.0
1268 203.0
1269 30.0
1270 204.0
1271 32.0
1272 0.0
1273 204.0
1274 204.0
1275 251.0
1276 203.0
1277 204.0
1278 204.0
1279 30.0
1280 204.0
1281 204.0
1282 32.0
1283 203.0
1284 33.0
1285 204.0
1286 204.0
1287 203.0
1288 203.0
1289 204.0
1290 204.0
1291 203.0
1292 204.0
1293 30.0
1294 109.0
1295 33.0
1296 32.0
1297 32.0
1298 204.0
1299 30.0
1300 204.0
1301 204.0
1302 204.0
1303 32.0
1304 32.0
1305 204.0
1306 204.0
1307 203.0
1308 203.0
1309 33.0
1310 204.0
1311 32.0
1312 204.0
1313 32.0
1314 203.0
1315 200.0
1316 204.0
1317 204.0
1318 204.0
1319 32.0
1320 33.0
1321 33.0
1322 32.0
1323 0.0
1324 32.0
1325 204.0
1326 251.0
1327 109.0
1328 175.0
1329 32.0
1330 32.0
1331 203.0
1332 203.0
1333 33.0
1334 204.0
1335 0.0
1336 203.0
1337 204.0
1338 0.0
1339 25.0
1340 204.0
1341 204.0
1342 203.0
1343 204.0
1344 203.0
1345 203.0
1346 203.0
1347 32.0
1348 204.0
1349 204.0
1350 203.0
1351 204.0
1352 204.0
1353 204.0
1354 32.0
1355 203.0
1356 104.0
1357 203.0
1358 49.0
1359 203.0
1360 203.0
1361 203.0
1362 204.0
1363 203.0
1364 31.0
1365 33.0
1366 203.0
1367 204.0
1368 204.0
1369 204.0
1370 203.0
1371 33.0
1372 30.0
1373 32.0
1374 0.0
1375 204.0
1376 204.0
1377 251.0
1378 204.0
1379 204.0
1380 203.0
1381 30.0
1382 204.0
1383 204.0
1384 204.0
1385 203.0
1386 32.0
1387 204.0
1388 204.0
1389 0.0
1390 203.0
1391 203.0
1392 32.0
1393 203.0
1394 204.0
1395 204.0
1396 203.0
1397 203.0
1398 32.0
1399 204.0
1400 204.0
1401 30.0
1402 204.0
1403 204.0
1404 204.0
1405 203.0
1406 203.0
1407 32.0
1408 0.0
1409 204.0
1410 30.0
1411 203.0
1412 204.0
1413 25.0
1414 204.0
1415 33.0
1416 204.0
1417 204.0
1418 32.0
1419 204.0
1420 33.0
1421 204.0
1422 204.0
1423 204.0
1424 32.0
1425 0.0
1426 204.0
1427 204.0
1428 251.0
1429 204.0
1430 204.0
1431 204.0
1432 32.0
1433 25.0
1434 204.0
1435 32.0
1436 32.0
1437 164.0
1438 203.0
1439 203.0
1440 33.0
1441 204.0
1442 30.0
1443 204.0
1444 203.0
1445 204.0
1446 32.0
1447 30.0
1448 204.0
1449 33.0
1450 204.0
1451 204.0
1452 204.0
1453 33.0
1454 204.0
1455 203.0
1456 204.0
1457 33.0
1458 38.0
1459 32.0
1460 204.0
1461 203.0
1462 203.0
1463 204.0
1464 32.0
1465 32.0
1466 33.0
1467 203.0
1468 203.0
1469 204.0
1470 204.0
1471 203.0
1472 204.0
1473 25.0
1474 204.0
1475 33.0
1476 0.0
1477 204.0
1478 203.0
1479 251.0
1480 25.0
1481 204.0
1482 25.0
1483 203.0
1484 33.0
1485 204.0
1486 204.0
1487 204.0
1488 204.0
1489 203.0
1490 32.0
1491 204.0
1492 186.0
1493 204.0
1494 33.0
1495 203.0
1496 32.0
1497 203.0
1498 33.0
1499 109.0
1500 33.0
1501 204.0
1502 204.0
1503 203.0
1504 204.0
1505 204.0
1506 204.0
1507 32.0
1508 204.0
1509 203.0
1510 203.0
1511 203.0
1512 30.0
1513 32.0
1514 203.0
1515 32.0
1516 203.0
1517 236.0
1518 203.0
1519 203.0
1520 204.0
1521 204.0
1522 203.0
1523 32.0
1524 33.0
1525 204.0
1526 32.0
1527 0.0
1528 32.0
1529 204.0
1530 251.0
1531 203.0
1532 204.0
1533 212.0
1534 30.0
1535 204.0
1536 203.0
1537 204.0
1538 203.0
1539 203.0
1540 33.0
1541 204.0
1542 32.0
1543 114.0
1544 203.0
1545 33.0
1546 203.0
1547 204.0
1548 203.0
1549 203.0
1550 30.0
1551 33.0
1552 204.0
1553 204.0
1554 203.0
1555 204.0
1556 204.0
1557 204.0
1558 204.0
1559 204.0
1560 204.0
1561 33.0
1562 204.0
1563 32.0
1564 203.0
1565 203.0
1566 204.0
1567 0.0
1568 32.0
1569 204.0
1570 203.0
1571 32.0
1572 204.0
1573 203.0
1574 204.0
1575 204.0
1576 204.0
1577 32.0
1578 0.0
1579 204.0
1580 204.0
1581 251.0
1582 204.0
1583 204.0
1584 204.0
1585 32.0
1586 203.0
1587 204.0
1588 32.0
1589 25.0
1590 203.0
1591 33.0
1592 204.0
1593 33.0
1594 204.0
1595 30.0
1596 204.0
1597 203.0
1598 203.0
1599 32.0
1600 33.0
1601 203.0
1602 33.0
1603 32.0
1604 204.0
1605 204.0
1606 25.0
1607 204.0
1608 204.0
1609 204.0
1610 204.0
1611 34.0
1612 203.0
1613 204.0
1614 203.0
1615 203.0
1616 204.0
1617 204.0
1618 33.0
1619 237.0
1620 33.0
1621 204.0
1622 32.0
1623 204.0
1624 203.0
1625 204.0
1626 204.0
1627 33.0
1628 32.0
1629 14.0
1630 204.0
1631 204.0
1632 251.0
1633 204.0
1634 204.0
1635 11.0
1636 203.0
1637 0.0
1638 204.0
1639 32.0
1640 204.0
1641 204.0
1642 203.0
1643 32.0
1644 203.0
1645 203.0
1646 204.0
1647 204.0
1648 203.0
1649 204.0
1650 203.0
1651 30.0
1652 204.0
1653 33.0
1654 204.0
1655 204.0
1656 204.0
1657 204.0
1658 204.0
1659 204.0
1660 204.0
1661 204.0
1662 38.0
1663 203.0
1664 204.0
1665 32.0
1666 203.0
1667 204.0
1668 32.0
1669 204.0
1670 33.0
1671 204.0
1672 203.0
1673 204.0
1674 204.0
1675 203.0
1676 32.0
1677 33.0
1678 203.0
1679 32.0
1680 14.0
1681 204.0
1682 204.0
1683 251.0
1684 203.0
1685 204.0
1686 11.0
1687 204.0
1688 203.0
1689 203.0
1690 204.0
1691 203.0
1692 30.0
1693 203.0
1694 204.0
1695 203.0
1696 207.0
1697 203.0
1698 204.0
1699 203.0
1700 204.0
1701 203.0
1702 33.0
1703 203.0
1704 204.0
1705 204.0
1706 204.0
1707 204.0
1708 109.0
1709 204.0
1710 204.0
1711 203.0
1712 204.0
1713 38.0
1714 203.0
1715 204.0
1716 30.0
1717 203.0
1718 204.0
1719 203.0
1720 203.0
1721 204.0
1722 204.0
1723 30.0
1724 204.0
1725 204.0
1726 203.0
1727 32.0
1728 32.0
1729 203.0
1730 32.0
1731 203.0
1732 204.0
1733 204.0
1734 251.0
1735 25.0
1736 204.0
1737 203.0
1738 30.0
1739 203.0
1740 203.0
1741 32.0
1742 33.0
1743 0.0
1744 203.0
1745 30.0
1746 203.0
1747 204.0
1748 30.0
1749 204.0
1750 203.0
1751 204.0
1752 38.0
1753 33.0
1754 25.0
1755 204.0
1756 204.0
1757 204.0
1758 204.0
1759 204.0
1760 204.0
1761 204.0
1762 204.0
1763 204.0
1764 203.0
1765 204.0
1766 204.0
1767 104.0
1768 203.0
1769 204.0
1770 204.0
1771 203.0
1772 38.0
1773 33.0
1774 204.0
1775 204.0
1776 204.0
1777 204.0
1778 204.0
1779 204.0
1780 204.0
1781 32.0
1782 0.0
1783 204.0
1784 30.0
1785 251.0
1786 204.0
1787 204.0
1788 177.0
1789 204.0
1790 204.0
1791 203.0
1792 251.0
1793 203.0
1794 203.0
1795 33.0
1796 32.0
1797 33.0
1798 33.0
1799 204.0
1800 32.0
1801 203.0
1802 203.0
1803 203.0
1804 33.0
1805 204.0
1806 203.0
1807 204.0
1808 204.0
1809 204.0
1810 203.0
1811 32.0
1812 204.0
1813 204.0
1814 204.0
1815 38.0
1816 87.0
1817 204.0
1818 203.0
1819 204.0
1820 204.0
1821 32.0
1822 203.0
1823 38.0
1824 33.0
1825 204.0
1826 204.0
1827 204.0
1828 203.0
1829 204.0
1830 32.0
1831 204.0
1832 32.0
1833 14.0
1834 203.0
1835 204.0
1836 251.0
1837 204.0
1838 204.0
1839 11.0
1840 113.0
1841 204.0
1842 204.0
1843 204.0
1844 33.0
1845 25.0
1846 204.0
1847 204.0
1848 25.0
1849 203.0
1850 203.0
1851 33.0
1852 203.0
1853 30.0
1854 38.0
1855 25.0
1856 13.0
1857 30.0
1858 204.0
1859 204.0
1860 204.0
1861 32.0
1862 204.0
1863 203.0
1864 32.0
1865 203.0
1866 38.0
1867 25.0
1868 204.0
1869 30.0
1870 203.0
1871 32.0
1872 25.0
1873 0.0
1874 33.0
1875 203.0
1876 30.0
1877 204.0
1878 204.0
1879 203.0
1880 32.0
1881 32.0
1882 32.0
1883 32.0
1884 30.0
1885 32.0
1886 203.0
1887 251.0
1888 25.0
1889 204.0
1890 204.0
1891 204.0
1892 32.0
1893 204.0
1894 32.0
1895 204.0
1896 203.0
1897 203.0
1898 98.0
1899 203.0
1900 203.0
1901 204.0
1902 204.0
1903 203.0
1904 204.0
1905 203.0
1906 203.0
1907 32.0
1908 204.0
1909 204.0
1910 204.0
1911 204.0
1912 204.0
1913 30.0
1914 204.0
1915 33.0
1916 204.0
1917 2.0
1918 0.0
1919 204.0
1920 30.0
1921 203.0
1922 204.0
1923 204.0
1924 32.0
1925 33.0
1926 33.0
1927 30.0
1928 32.0
1929 204.0
1930 203.0
1931 204.0
1932 32.0
1933 204.0
1934 33.0
1935 203.0
1936 33.0
1937 203.0
1938 251.0
1939 204.0
1940 204.0
1941 203.0
1942 204.0
1943 32.0
1944 203.0
1945 32.0
1946 204.0
1947 0.0
1948 33.0
1949 32.0
1950 204.0
1951 203.0
1952 203.0
1953 203.0
1954 203.0
1955 204.0
1956 38.0
1957 251.0
1958 203.0
1959 203.0
1960 204.0
1961 204.0
1962 204.0
1963 204.0
1964 204.0
1965 204.0
1966 204.0
1967 204.0
1968 33.0
1969 98.0
1970 204.0
1971 204.0
1972 203.0
1973 204.0
1974 32.0
1975 204.0
1976 32.0
1977 204.0
1978 30.0
1979 204.0
1980 204.0
1981 204.0
1982 203.0
1983 204.0
1984 32.0
1985 32.0
1986 0.0
1987 204.0
1988 203.0
1989 251.0
1990 204.0
1991 204.0
1992 251.0
1993 203.0
1994 204.0
1995 203.0
1996 30.0
1997 32.0
1998 0.0
1999 33.0
2000 204.0
2001 204.0
2002 33.0
2003 204.0
2004 33.0
2005 203.0
2006 32.0
2007 38.0
2008 25.0
2009 204.0
2010 204.0
2011 204.0
2012 204.0
2013 204.0
2014 204.0
2015 30.0
2016 204.0
2017 203.0
2018 32.0
2019 49.0
2020 25.0
2021 204.0
2022 30.0
2023 203.0
2024 204.0
2025 32.0
2026 204.0
2027 38.0
2028 204.0
2029 204.0
2030 204.0
2031 203.0
2032 204.0
2033 11.0
2034 32.0
2035 32.0
2036 33.0
2037 32.0
2038 204.0
2039 204.0
2040 251.0
2041 204.0
2042 204.0
2043 30.0
2044 30.0
2045 204.0
2046 204.0
2047 204.0
2048 32.0
2049 25.0
2050 203.0
2051 204.0
2052 32.0
2053 251.0
2054 30.0
2055 204.0
2056 204.0
2057 204.0
2058 38.0
2059 203.0
2060 30.0
2061 203.0
2062 204.0
2063 204.0
2064 30.0
2065 204.0
2066 204.0
2067 204.0
2068 204.0
2069 204.0
2070 0.0
2071 0.0
2072 204.0
2073 32.0
2074 203.0
2075 204.0
2076 204.0
2077 203.0
2078 33.0
2079 203.0
2080 251.0
2081 204.0
2082 204.0
2083 203.0
2084 204.0
2085 32.0
2086 204.0
2087 32.0
2088 30.0
2089 203.0
2090 203.0
2091 251.0
2092 203.0
2093 32.0
2094 203.0
2095 204.0
2096 204.0
2097 204.0
2098 32.0
2099 204.0
2100 0.0
2101 203.0
2102 204.0
2103 203.0
2104 204.0
2105 204.0
2106 204.0
2107 203.0
2108 204.0
2109 30.0
2110 33.0
2111 30.0
2112 204.0
2113 204.0
2114 204.0
2115 204.0
2116 204.0
2117 204.0
2118 30.0
2119 204.0
2120 204.0
2121 2.0
2122 1.0
2123 204.0
2124 203.0
2125 203.0
2126 204.0
2127 203.0
2128 203.0
2129 33.0
2130 30.0
2131 32.0
2132 204.0
2133 204.0
2134 204.0
2135 30.0
2136 204.0
2137 204.0
2138 32.0
2139 30.0
2140 32.0
2141 33.0
2142 251.0
2143 30.0
2144 204.0
2145 11.0
2146 204.0
2147 204.0
2148 203.0
2149 32.0
2150 203.0
2151 33.0
2152 204.0
2153 204.0
2154 204.0
2155 204.0
2156 32.0
2157 204.0
2158 32.0
2159 203.0
2160 38.0
2161 26.0
2162 204.0
2163 203.0
2164 204.0
2165 204.0
2166 30.0
2167 204.0
2168 204.0
2169 204.0
2170 204.0
2171 204.0
2172 204.0
2173 25.0
2174 204.0
2175 204.0
2176 203.0
2177 204.0
2178 32.0
2179 204.0
2180 32.0
2181 204.0
2182 204.0
2183 204.0
2184 204.0
2185 204.0
2186 203.0
2187 32.0
2188 203.0
2189 33.0
2190 14.0
2191 204.0
2192 14.0
2193 251.0
2194 203.0
2195 230.0
2196 30.0
2197 203.0
2198 204.0
2199 204.0
2200 204.0
2201 32.0
2202 25.0
2203 203.0
2204 32.0
2205 203.0
2206 203.0
2207 32.0
2208 33.0
2209 204.0
2210 204.0
2211 203.0
2212 212.0
2213 30.0
2214 32.0
2215 204.0
2216 204.0
2217 204.0
2218 204.0
2219 204.0
2220 204.0
2221 204.0
2222 204.0
2223 33.0
2224 203.0
2225 204.0
2226 204.0
2227 32.0
2228 33.0
2229 203.0
2230 32.0
2231 237.0
2232 32.0
2233 30.0
2234 204.0
2235 204.0
2236 203.0
2237 204.0
2238 204.0
2239 204.0
2240 0.0
2241 25.0
2242 204.0
2243 32.0
2244 251.0
2245 204.0
2246 32.0
2247 203.0
2248 25.0
2249 204.0
2250 204.0
2251 203.0
2252 204.0
2253 25.0
2254 203.0
2255 204.0
2256 32.0
2257 177.0
2258 204.0
2259 32.0
2260 204.0
2261 25.0
2262 38.0
2263 204.0
2264 204.0
2265 204.0
2266 204.0
2267 204.0
2268 30.0
2269 30.0
2270 204.0
2271 203.0
2272 204.0
2273 204.0
2274 32.0
2275 1.0
2276 204.0
2277 30.0
2278 203.0
2279 204.0
2280 204.0
2281 204.0
2282 237.0
2283 203.0
2284 32.0
2285 204.0
2286 204.0
2287 204.0
2288 33.0
2289 204.0
2290 203.0
2291 38.0
2292 0.0
2293 204.0
2294 203.0
2295 251.0
2296 204.0
2297 203.0
2298 203.0
2299 204.0
2300 204.0
2301 203.0
2302 32.0
2303 32.0
2304 0.0
2305 203.0
2306 204.0
2307 204.0
2308 203.0
2309 204.0
2310 203.0
2311 204.0
2312 204.0
2313 203.0
2314 251.0
2315 204.0
2316 204.0
2317 32.0
2318 204.0
2319 30.0
2320 25.0
2321 204.0
2322 204.0
2323 204.0
2324 32.0
2325 177.0
2326 204.0
2327 204.0
2328 203.0
2329 203.0
2330 204.0
2331 30.0
2332 204.0
2333 231.0
2334 204.0
2335 203.0
2336 204.0
2337 30.0
2338 204.0
2339 30.0
2340 32.0
2341 30.0
2342 32.0
2343 30.0
2344 204.0
2345 203.0
2346 251.0
2347 204.0
2348 0.0
2349 33.0
2350 203.0
2351 204.0
2352 203.0
2353 32.0
2354 204.0
2355 25.0
2356 204.0
2357 204.0
2358 203.0
2359 203.0
2360 32.0
2361 203.0
2362 203.0
2363 204.0
2364 203.0
2365 251.0
2366 204.0
2367 32.0
2368 32.0
2369 204.0
2370 30.0
2371 204.0
2372 204.0
2373 204.0
2374 204.0
2375 203.0
2376 204.0
2377 25.0
2378 204.0
2379 203.0
2380 32.0
2381 203.0
2382 203.0
2383 204.0
2384 237.0
2385 103.0
2386 204.0
2387 204.0
2388 204.0
2389 203.0
2390 204.0
2391 204.0
2392 204.0
2393 32.0
2394 32.0
2395 204.0
2396 32.0
2397 251.0
2398 203.0
2399 32.0
2400 30.0
2401 204.0
2402 204.0
2403 204.0
2404 204.0
2405 25.0
2406 0.0
2407 25.0
2408 204.0
2409 33.0
2410 204.0
2411 30.0
2412 33.0
2413 204.0
2414 204.0
2415 204.0
2416 170.0
2417 204.0
2418 33.0
2419 32.0
2420 204.0
2421 204.0
2422 204.0
2423 204.0
2424 204.0
2425 204.0
2426 204.0
2427 204.0
2428 204.0
2429 30.0
2430 32.0
2431 203.0
2432 204.0
2433 203.0
2434 0.0
2435 32.0
2436 177.0
2437 30.0
2438 204.0
2439 204.0
2440 203.0
2441 203.0
2442 30.0
2443 204.0
2444 0.0
2445 32.0
2446 204.0
2447 32.0
2448 251.0
2449 30.0
2450 203.0
2451 203.0
2452 204.0
2453 204.0
2454 203.0
2455 203.0
2456 203.0
2457 0.0
2458 204.0
2459 204.0
2460 204.0
2461 33.0
2462 204.0
2463 33.0
2464 204.0
2465 204.0
2466 38.0
2467 204.0
2468 204.0
2469 204.0
2470 204.0
2471 204.0
2472 30.0
2473 204.0
2474 204.0
2475 204.0
2476 204.0
2477 32.0
2478 38.0
2479 1.0
2480 204.0
2481 32.0
2482 203.0
2483 204.0
2484 30.0
2485 0.0
2486 231.0
2487 204.0
2488 203.0
2489 204.0
2490 204.0
2491 204.0
2492 33.0
2493 32.0
2494 30.0
2495 30.0
2496 30.0
2497 204.0
2498 203.0
2499 251.0
2500 204.0
2501 33.0
2502 251.0
2503 30.0
2504 204.0
2505 203.0
2506 32.0
2507 204.0
2508 30.0
2509 204.0
2510 203.0
2511 204.0
2512 251.0
2513 32.0
2514 204.0
2515 204.0
2516 204.0
2517 38.0
2518 204.0
2519 204.0
2520 203.0
2521 204.0
2522 204.0
2523 30.0
2524 204.0
2525 204.0
2526 32.0
2527 204.0
2528 204.0
2529 204.0
2530 3.0
2531 204.0
2532 204.0
2533 32.0
2534 30.0
2535 30.0
2536 204.0
2537 33.0
2538 204.0
2539 203.0
2540 204.0
2541 204.0
2542 203.0
2543 204.0
2544 204.0
2545 203.0
2546 32.0
2547 25.0
2548 204.0
2549 203.0
2550 251.0
2551 203.0
2552 32.0
2553 11.0
2554 109.0
2555 94.0
2556 203.0
2557 32.0
2558 204.0
2559 0.0
2560 203.0
2561 204.0
2562 33.0
2563 203.0
2564 204.0
2565 204.0
2566 204.0
2567 203.0
2568 203.0
2569 0.0
2570 204.0
2571 32.0
2572 32.0
2573 204.0
2574 30.0
2575 204.0
2576 204.0
2577 30.0
2578 204.0
2579 204.0
2580 204.0
2581 203.0
2582 204.0
2583 11.0
2584 32.0
2585 32.0
2586 203.0
2587 204.0
2588 32.0
2589 203.0
2590 32.0
2591 204.0
2592 204.0
2593 204.0
2594 109.0
2595 204.0
2596 203.0
2597 0.0
2598 204.0
2599 204.0
2600 32.0
2601 251.0
2602 32.0
2603 99.0
2604 204.0
2605 204.0
2606 204.0
2607 204.0
2608 204.0
2609 38.0
2610 0.0
2611 204.0
2612 203.0
2613 203.0
2614 114.0
2615 204.0
2616 33.0
2617 204.0
2618 103.0
2619 203.0
2620 169.0
2621 204.0
2622 204.0
2623 204.0
2624 204.0
2625 204.0
2626 204.0
2627 204.0
2628 204.0
2629 204.0
2630 204.0
2631 204.0
2632 203.0
2633 204.0
2634 30.0
2635 203.0
2636 204.0
2637 203.0
2638 204.0
2639 32.0
2640 30.0
2641 204.0
2642 204.0
2643 204.0
2644 204.0
2645 251.0
2646 204.0
2647 204.0
2648 0.0
2649 32.0
2650 203.0
2651 33.0
2652 251.0
2653 204.0
2654 203.0
2655 33.0
2656 204.0
2657 204.0
2658 204.0
2659 204.0
2660 203.0
2661 204.0
2662 32.0
2663 204.0
2664 33.0
2665 204.0
2666 203.0
2667 33.0
2668 204.0
2669 204.0
2670 203.0
2671 204.0
2672 204.0
2673 30.0
2674 204.0
2675 204.0
2676 30.0
2677 204.0
2678 203.0
2679 204.0
2680 204.0
2681 32.0
2682 109.0
2683 204.0
2684 38.0
2685 204.0
2686 30.0
2687 204.0
2688 203.0
2689 204.0
2690 33.0
2691 204.0
2692 204.0
2693 204.0
2694 204.0
2695 203.0
2696 212.0
2697 32.0
2698 203.0
2699 32.0
2700 30.0
2701 204.0
2702 204.0
2703 251.0
2704 30.0
2705 32.0
2706 203.0
2707 33.0
2708 204.0
2709 203.0
2710 32.0
2711 204.0
2712 25.0
2713 204.0
2714 203.0
2715 204.0
2716 251.0
2717 203.0
2718 204.0
2719 204.0
2720 177.0
2721 203.0
2722 0.0
2723 204.0
2724 25.0
2725 204.0
2726 203.0
2727 30.0
2728 204.0
2729 204.0
2730 204.0
2731 204.0
2732 32.0
2733 109.0
2734 98.0
2735 33.0
2736 204.0
2737 32.0
2738 204.0
2739 30.0
2740 203.0
2741 236.0
2742 204.0
2743 32.0
2744 204.0
2745 204.0
2746 30.0
2747 109.0
2748 204.0
2749 203.0
2750 32.0
2751 33.0
2752 204.0
2753 203.0
2754 251.0
2755 203.0
2756 33.0
2757 204.0
2758 38.0
2759 204.0
2760 204.0
2761 204.0
2762 33.0
2763 33.0
2764 204.0
2765 204.0
2766 19.0
2767 232.0
2768 204.0
2769 25.0
2770 204.0
2771 204.0
2772 33.0
2773 204.0
2774 204.0
2775 204.0
2776 32.0
2777 204.0
2778 30.0
2779 203.0
2780 204.0
2781 204.0
2782 204.0
2783 204.0
2784 109.0
2785 25.0
2786 204.0
2787 252.0
2788 203.0
2789 203.0
2790 30.0
2791 204.0
2792 204.0
2793 32.0
2794 204.0
2795 204.0
2796 204.0
2797 204.0
2798 212.0
2799 204.0
2800 203.0
2801 32.0
2802 32.0
2803 204.0
2804 32.0
2805 252.0
2806 204.0
2807 32.0
2808 204.0
2809 204.0
2810 204.0
2811 204.0
2812 204.0
2813 32.0
2814 204.0
2815 203.0
2816 204.0
2817 204.0
2818 251.0
2819 30.0
2820 204.0
2821 204.0
2822 204.0
2823 38.0
2824 55.0
2825 204.0
2826 33.0
2827 32.0
2828 204.0
2829 30.0
2830 203.0
2831 204.0
2832 204.0
2833 204.0
2834 204.0
2835 109.0
2836 1.0
2837 204.0
2838 32.0
2839 204.0
2840 204.0
2841 203.0
2842 203.0
2843 251.0
2844 204.0
2845 32.0
2846 204.0
2847 204.0
2848 204.0
2849 125.0
2850 204.0
2851 204.0
2852 32.0
2853 30.0
2854 204.0
2855 203.0
2856 252.0
2857 32.0
2858 204.0
2859 204.0
2860 32.0
2861 32.0
2862 204.0
2863 30.0
2864 32.0
2865 25.0
2866 204.0
2867 32.0
2868 30.0
2869 203.0
2870 204.0
2871 204.0
2872 204.0
2873 251.0
2874 203.0
2875 0.0
2876 204.0
2877 32.0
2878 204.0
2879 204.0
2880 30.0
2881 204.0
2882 30.0
2883 204.0
2884 204.0
2885 32.0
2886 109.0
2887 203.0
2888 204.0
2889 204.0
2890 204.0
2891 204.0
2892 251.0
2893 203.0
2894 181.0
2895 11.0
2896 204.0
2897 204.0
2898 204.0
2899 203.0
2900 203.0
2901 32.0
2902 32.0
2903 0.0
2904 30.0
2905 204.0
2906 204.0
2907 252.0
2908 203.0
2909 203.0
2910 125.0
2911 203.0
2912 32.0
2913 203.0
2914 32.0
2915 203.0
2916 0.0
2917 204.0
2918 204.0
2919 204.0
2920 251.0
2921 204.0
2922 204.0
2923 25.0
2924 32.0
2925 200.0
2926 137.0
2927 204.0
2928 32.0
2929 204.0
2930 204.0
2931 30.0
2932 204.0
2933 203.0
2934 204.0
2935 204.0
2936 204.0
2937 109.0
2938 93.0
2939 204.0
2940 32.0
2941 204.0
2942 204.0
2943 11.0
2944 33.0
2945 38.0
2946 32.0
2947 204.0
2948 204.0
2949 204.0
2950 203.0
2951 251.0
2952 204.0
2953 204.0
2954 32.0
2955 30.0
2956 204.0
2957 203.0
2958 252.0
2959 203.0
2960 33.0
2961 203.0
2962 38.0
2963 204.0
2964 203.0
2965 203.0
2966 32.0
2967 204.0
2968 204.0
2969 204.0
2970 204.0
2971 203.0
2972 204.0
2973 204.0
2974 203.0
2975 32.0
2976 204.0
2977 38.0
2978 204.0
2979 33.0
2980 32.0
2981 204.0
2982 30.0
2983 204.0
2984 204.0
2985 204.0
2986 204.0
2987 204.0
2988 109.0
2989 25.0
2990 33.0
2991 33.0
2992 32.0
2993 32.0
2994 203.0
2995 203.0
2996 32.0
2997 32.0
2998 32.0
2999 204.0
3000 204.0
3001 204.0
3002 204.0
3003 204.0
3004 30.0
3005 0.0
3006 19.0
3007 204.0
3008 32.0
3009 252.0
3010 204.0
3011 38.0
3012 103.0
3013 32.0
3014 204.0
3015 204.0
3016 204.0
3017 203.0
3018 204.0
3019 204.0
3020 204.0
3021 204.0
3022 203.0
3023 32.0
3024 204.0
3025 204.0
3026 203.0
3027 203.0
3028 143.0
3029 204.0
3030 33.0
3031 32.0
3032 203.0
3033 204.0
3034 204.0
3035 204.0
3036 204.0
3037 204.0
3038 32.0
3039 109.0
3040 125.0
3041 204.0
3042 204.0
3043 203.0
3044 204.0
3045 204.0
3046 252.0
3047 32.0
3048 204.0
3049 204.0
3050 204.0
3051 204.0
3052 204.0
3053 203.0
3054 32.0
3055 204.0
3056 32.0
3057 30.0
3058 30.0
3059 203.0
3060 252.0
3061 32.0
3062 33.0
3063 33.0
3064 203.0
3065 204.0
3066 203.0
3067 203.0
3068 203.0
3069 38.0
3070 203.0
3071 32.0
3072 32.0
3073 1.0
3074 32.0
3075 31.0
3076 203.0
3077 204.0
3078 32.0
3079 204.0
3080 204.0
3081 33.0
3082 204.0
3083 204.0
3084 30.0
3085 204.0
3086 203.0
3087 204.0
3088 204.0
3089 204.0
3090 109.0
3091 203.0
3092 204.0
3093 32.0
3094 32.0
3095 204.0
3096 0.0
3097 0.0
3098 32.0
3099 32.0
3100 204.0
3101 204.0
3102 204.0
3103 204.0
3104 203.0
3105 204.0
3106 33.0
3107 32.0
3108 0.0
3109 32.0
3110 0.0
3111 252.0
3112 204.0
3113 33.0
3114 203.0
3115 203.0
3116 30.0
3117 203.0
3118 32.0
3119 32.0
3120 203.0
3121 204.0
3122 32.0
3123 109.0
3124 32.0
3125 204.0
3126 204.0
3127 32.0
3128 252.0
3129 36.0
3130 204.0
3131 204.0
3132 33.0
3133 30.0
3134 203.0
3135 204.0
3136 204.0
3137 203.0
3138 204.0
3139 204.0
3140 204.0
3141 109.0
3142 204.0
3143 204.0
3144 33.0
3145 30.0
3146 203.0
3147 0.0
3148 203.0
3149 204.0
3150 32.0
3151 204.0
3152 204.0
3153 32.0
3154 203.0
3155 140.0
3156 204.0
3157 19.0
3158 33.0
3159 204.0
3160 204.0
3161 204.0
3162 252.0
3163 204.0
3164 33.0
3165 203.0
3166 204.0
3167 204.0
3168 204.0
3169 203.0
3170 32.0
3171 204.0
3172 204.0
3173 30.0
3174 204.0
3175 251.0
3176 32.0
3177 33.0
3178 32.0
3179 30.0
3180 32.0
3181 203.0
3182 30.0
3183 33.0
3184 32.0
3185 204.0
3186 204.0
3187 204.0
3188 204.0
3189 204.0
3190 204.0
3191 32.0
3192 109.0
3193 204.0
3194 204.0
3195 204.0
3196 204.0
3197 203.0
3198 203.0
3199 32.0
3200 195.0
3201 204.0
3202 32.0
3203 204.0
3204 204.0
3205 204.0
3206 251.0
3207 32.0
3208 204.0
3209 0.0
3210 30.0
3211 204.0
3212 204.0
3213 252.0
3214 204.0
3215 203.0
3216 33.0
3217 32.0
3218 204.0
3219 204.0
3220 203.0
3221 203.0
3222 204.0
3223 32.0
3224 204.0
3225 204.0
3226 1.0
3227 204.0
3228 33.0
3229 203.0
3230 204.0
3231 33.0
3232 204.0
3233 30.0
3234 33.0
3235 204.0
3236 33.0
3237 30.0
3238 204.0
3239 204.0
3240 204.0
3241 204.0
3242 32.0
3243 109.0
3244 1.0
3245 204.0
3246 204.0
3247 203.0
3248 203.0
3249 251.0
3250 204.0
3251 251.0
3252 204.0
3253 32.0
3254 204.0
3255 204.0
3256 204.0
3257 251.0
3258 204.0
3259 32.0
3260 0.0
3261 0.0
3262 204.0
3263 203.0
3264 252.0
3265 32.0
3266 33.0
3267 33.0
3268 203.0
3269 32.0
3270 204.0
3271 204.0
3272 32.0
3273 204.0
3274 32.0
3275 204.0
3276 203.0
3277 32.0
3278 204.0
3279 31.0
3280 204.0
3281 203.0
3282 204.0
3283 204.0
3284 204.0
3285 33.0
3286 32.0
3287 203.0
3288 204.0
3289 204.0
3290 204.0
3291 204.0
3292 204.0
3293 204.0
3294 109.0
3295 204.0
3296 204.0
3297 32.0
3298 32.0
3299 203.0
3300 11.0
3301 203.0
3302 32.0
3303 32.0
3304 203.0
3305 204.0
3306 204.0
3307 0.0
3308 203.0
3309 204.0
3310 32.0
3311 0.0
3312 204.0
3313 204.0
3314 32.0
3315 252.0
3316 204.0
3317 33.0
3318 203.0
3319 32.0
3320 204.0
3321 203.0
3322 30.0
3323 32.0
3324 204.0
3325 204.0
3326 32.0
3327 204.0
3328 203.0
3329 203.0
3330 33.0
3331 204.0
3332 32.0
3333 32.0
3334 203.0
3335 204.0
3336 33.0
3337 32.0
3338 204.0
3339 203.0
3340 203.0
3341 203.0
3342 204.0
3343 204.0
3344 204.0
3345 109.0
3346 93.0
3347 204.0
3348 32.0
3349 204.0
3350 204.0
3351 203.0
3352 0.0
3353 38.0
3354 32.0
3355 203.0
3356 204.0
3357 204.0
3358 30.0
3359 203.0
3360 32.0
3361 204.0
3362 0.0
3363 0.0
3364 204.0
3365 32.0
3366 252.0
3367 204.0
3368 204.0
3369 203.0
3370 32.0
3371 204.0
3372 203.0
3373 204.0
3374 32.0
3375 204.0
3376 204.0
3377 204.0
3378 203.0
3379 0.0
3380 203.0
3381 119.0
3382 204.0
3383 32.0
3384 32.0
3385 203.0
3386 32.0
3387 33.0
3388 204.0
3389 204.0
3390 30.0
3391 204.0
3392 203.0
3393 204.0
3394 204.0
3395 203.0
3396 109.0
3397 1.0
3398 204.0
3399 204.0
3400 32.0
3401 204.0
3402 203.0
3403 203.0
3404 32.0
3405 204.0
3406 203.0
3407 204.0
3408 204.0
3409 204.0
3410 203.0
3411 204.0
3412 204.0
3413 0.0
3414 32.0
3415 32.0
3416 203.0
3417 252.0
3418 204.0
3419 204.0
3420 0.0
3421 32.0
3422 204.0
3423 204.0
3424 204.0
3425 32.0
3426 204.0
3427 32.0
3428 204.0
3429 204.0
3430 203.0
3431 204.0
3432 33.0
3433 204.0
3434 204.0
3435 32.0
3436 204.0
3437 204.0
3438 33.0
3439 204.0
3440 204.0
3441 30.0
3442 204.0
3443 204.0
3444 204.0
3445 203.0
3446 30.0
3447 109.0
3448 0.0
3449 204.0
3450 252.0
3451 204.0
3452 204.0
3453 251.0
3454 204.0
3455 32.0
3456 204.0
3457 30.0
3458 32.0
3459 204.0
3460 25.0
3461 33.0
3462 204.0
3463 32.0
3464 0.0
3465 19.0
3466 204.0
3467 204.0
3468 252.0
3469 32.0
3470 33.0
3471 0.0
3472 203.0
3473 32.0
3474 204.0
3475 204.0
3476 32.0
3477 33.0
3478 204.0
3479 32.0
3480 204.0
3481 33.0
3482 203.0
3483 32.0
3484 204.0
3485 32.0
3486 203.0
3487 204.0
3488 204.0
3489 33.0
3490 30.0
3491 204.0
3492 203.0
3493 32.0
3494 204.0
3495 204.0
3496 204.0
3497 203.0
3498 109.0
3499 203.0
3500 204.0
3501 32.0
3502 204.0
3503 119.0
3504 177.0
3505 203.0
3506 32.0
3507 32.0
3508 114.0
3509 32.0
3510 204.0
3511 18.0
3512 203.0
3513 204.0
3514 204.0
3515 0.0
3516 0.0
3517 204.0
3518 204.0
3519 252.0
3520 204.0
3521 204.0
3522 252.0
3523 32.0
3524 32.0
3525 203.0
3526 204.0
3527 32.0
3528 25.0
3529 204.0
3530 204.0
3531 204.0
3532 0.0
3533 204.0
3534 33.0
3535 204.0
3536 203.0
3537 103.0
3538 204.0
3539 204.0
3540 33.0
3541 32.0
3542 204.0
3543 204.0
3544 204.0
3545 55.0
3546 204.0
3547 204.0
3548 204.0
3549 109.0
3550 0.0
3551 204.0
3552 204.0
3553 204.0
3554 204.0
3555 203.0
3556 203.0
3557 32.0
3558 32.0
3559 204.0
3560 204.0
3561 204.0
3562 32.0
3563 203.0
3564 204.0
3565 204.0
3566 0.0
3567 30.0
3568 30.0
3569 203.0
3570 252.0
3571 204.0
3572 203.0
3573 203.0
3574 32.0
3575 204.0
3576 203.0
3577 204.0
3578 204.0
3579 204.0
3580 32.0
3581 204.0
3582 32.0
3583 203.0
3584 204.0
3585 32.0
3586 204.0
3587 204.0
3588 32.0
3589 204.0
3590 32.0
3591 33.0
3592 109.0
3593 204.0
3594 30.0
3595 204.0
3596 252.0
3597 203.0
3598 204.0
3599 204.0
3600 109.0
3601 203.0
3602 204.0
3603 204.0
3604 204.0
3605 204.0
3606 11.0
3607 203.0
3608 32.0
3609 204.0
3610 25.0
3611 204.0
3612 204.0
3613 204.0
3614 251.0
3615 204.0
3616 32.0
3617 0.0
3618 32.0
3619 203.0
3620 204.0
3621 252.0
3622 204.0
3623 33.0
3624 0.0
3625 203.0
3626 32.0
3627 204.0
3628 204.0
3629 32.0
3630 204.0
3631 32.0
3632 204.0
3633 32.0
3634 203.0
3635 204.0
3636 33.0
3637 204.0
3638 204.0
3639 33.0
3640 204.0
3641 204.0
3642 33.0
3643 204.0
3644 204.0
3645 204.0
3646 204.0
3647 203.0
3648 204.0
3649 204.0
3650 204.0
3651 109.0
3652 30.0
3653 204.0
3654 204.0
3655 204.0
3656 204.0
3657 0.0
3658 203.0
3659 188.0
3660 32.0
3661 25.0
3662 32.0
3663 204.0
3664 204.0
3665 204.0
3666 204.0
3667 203.0
3668 0.0
3669 204.0
3670 203.0
3671 33.0
3672 252.0
3673 32.0
3674 109.0
3675 0.0
3676 32.0
3677 204.0
3678 204.0
3679 204.0
3680 32.0
3681 204.0
3682 204.0
3683 32.0
3684 203.0
3685 203.0
3686 204.0
3687 33.0
3688 203.0
3689 32.0
3690 204.0
3691 38.0
3692 204.0
3693 32.0
3694 109.0
3695 204.0
3696 203.0
3697 32.0
3698 203.0
3699 204.0
3700 204.0
3701 203.0
3702 109.0
3703 1.0
3704 204.0
3705 32.0
3706 204.0
3707 204.0
3708 203.0
3709 203.0
3710 38.0
3711 32.0
3712 0.0
3713 204.0
3714 25.0
3715 204.0
3716 203.0
3717 204.0
3718 204.0
3719 32.0
3720 30.0
3721 204.0
3722 203.0
3723 252.0
3724 33.0
3725 204.0
3726 177.0
3727 32.0
3728 204.0
3729 203.0
3730 204.0
3731 32.0
3732 204.0
3733 32.0
3734 32.0
3735 204.0
3736 203.0
3737 203.0
3738 33.0
3739 204.0
3740 204.0
3741 32.0
3742 124.0
3743 204.0
3744 33.0
3745 25.0
3746 204.0
3747 30.0
3748 204.0
3749 53.0
3750 204.0
3751 204.0
3752 203.0
3753 109.0
3754 0.0
3755 204.0
3756 204.0
3757 204.0
3758 204.0
3759 203.0
3760 203.0
3761 32.0
3762 204.0
3763 30.0
3764 32.0
3765 203.0
3766 204.0
3767 203.0
3768 204.0
3769 204.0
3770 0.0
3771 32.0
3772 204.0
3773 204.0
3774 252.0
3775 204.0
3776 204.0
3777 203.0
3778 204.0
3779 32.0
3780 204.0
3781 204.0
3782 203.0
3783 33.0
3784 32.0
3785 204.0
3786 204.0
3787 204.0
3788 203.0
3789 33.0
3790 204.0
3791 203.0
3792 204.0
3793 204.0
3794 30.0
3795 33.0
3796 204.0
3797 203.0
3798 33.0
3799 204.0
3800 139.0
3801 204.0
3802 32.0
3803 204.0
3804 109.0
3805 0.0
3806 204.0
3807 32.0
3808 0.0
3809 204.0
3810 11.0
3811 252.0
3812 32.0
3813 204.0
3814 19.0
3815 32.0
3816 33.0
3817 203.0
3818 32.0
3819 204.0
3820 32.0
3821 0.0
3822 30.0
3823 30.0
3824 203.0
3825 252.0
3826 204.0
3827 33.0
3828 203.0
3829 38.0
3830 204.0
3831 204.0
3832 204.0
3833 32.0
3834 0.0
3835 204.0
3836 32.0
3837 33.0
3838 203.0
3839 204.0
3840 33.0
3841 204.0
3842 32.0
3843 32.0
3844 204.0
3845 30.0
3846 32.0
3847 30.0
3848 203.0
3849 204.0
3850 204.0
3851 204.0
3852 203.0
3853 204.0
3854 203.0
3855 109.0
3856 204.0
3857 204.0
3858 204.0
3859 204.0
3860 204.0
3861 0.0
3862 203.0
3863 38.0
3864 32.0
3865 0.0
3866 204.0
3867 204.0
3868 204.0
3869 203.0
3870 204.0
3871 204.0
3872 32.0
3873 30.0
3874 204.0
3875 32.0
3876 252.0
3877 30.0
3878 33.0
3879 177.0
3880 204.0
3881 32.0
3882 204.0
3883 204.0
3884 32.0
3885 25.0
3886 203.0
3887 32.0
3888 32.0
3889 203.0
3890 30.0
3891 33.0
3892 204.0
3893 204.0
3894 204.0
3895 38.0
3896 204.0
3897 32.0
3898 204.0
3899 204.0
3900 204.0
3901 30.0
3902 52.0
3903 204.0
3904 32.0
3905 30.0
3906 109.0
3907 0.0
3908 204.0
3909 204.0
3910 203.0
3911 204.0
3912 203.0
3913 203.0
3914 32.0
3915 32.0
3916 251.0
3917 204.0
3918 25.0
3919 204.0
3920 203.0
3921 32.0
3922 204.0
3923 0.0
3924 203.0
3925 204.0
3926 32.0
3927 252.0
3928 203.0
3929 201.0
3930 0.0
3931 204.0
3932 32.0
3933 203.0
3934 204.0
3935 32.0
3936 0.0
3937 32.0
3938 204.0
3939 32.0
3940 252.0
3941 32.0
3942 33.0
3943 204.0
3944 32.0
3945 203.0
3946 203.0
3947 204.0
3948 33.0
3949 204.0
3950 204.0
3951 32.0
3952 204.0
3953 32.0
3954 204.0
3955 32.0
3956 30.0
3957 44.0
3958 0.0
3959 204.0
3960 32.0
3961 204.0
3962 32.0
3963 11.0
3964 203.0
3965 203.0
3966 204.0
3967 25.0
3968 204.0
3969 203.0
3970 204.0
3971 203.0
3972 204.0
3973 204.0
3974 32.0
3975 30.0
3976 33.0
3977 203.0
3978 252.0
3979 204.0
3980 204.0
3981 203.0
3982 0.0
3983 204.0
3984 203.0
3985 204.0
3986 32.0
3987 0.0
3988 32.0
3989 32.0
3990 204.0
3991 122.0
3992 203.0
3993 33.0
3994 204.0
3995 203.0
3996 103.0
3997 203.0
3998 32.0
3999 33.0
4000 32.0
4001 32.0
4002 32.0
4003 32.0
4004 203.0
4005 30.0
4006 204.0
4007 204.0
4008 109.0
4009 204.0
4010 204.0
4011 32.0
4012 204.0
4013 204.0
4014 0.0
4015 204.0
4016 32.0
4017 204.0
4018 0.0
4019 204.0
4020 203.0
4021 204.0
4022 203.0
4023 204.0
4024 204.0
4025 32.0
4026 30.0
4027 33.0
4028 30.0
4029 252.0
4030 30.0
4031 0.0
4032 203.0
4033 203.0
4034 204.0
4035 204.0
4036 32.0
4037 32.0
4038 25.0
4039 204.0
4040 204.0
4041 33.0
4042 251.0
4043 204.0
4044 33.0
4045 204.0
4046 204.0
4047 33.0
4048 203.0
4049 204.0
4050 32.0
4051 204.0
4052 204.0
4053 204.0
4054 204.0
4055 203.0
4056 32.0
4057 204.0
4058 204.0
4059 109.0
4060 204.0
4061 204.0
4062 204.0
4063 32.0
4064 32.0
4065 204.0
4066 251.0
4067 251.0
4068 32.0
4069 11.0
4070 204.0
4071 33.0
4072 204.0
4073 251.0
4074 204.0
4075 204.0
4076 32.0
4077 32.0
4078 204.0
4079 32.0
4080 252.0
4081 32.0
4082 138.0
4083 22.0
4084 203.0
4085 32.0
4086 204.0
4087 204.0
4088 32.0
4089 33.0
4090 204.0
4091 204.0
4092 109.0
4093 203.0
4094 203.0
4095 33.0
4096 204.0
4097 203.0
4098 203.0
4099 204.0
4100 204.0
4101 204.0
4102 204.0
4103 204.0
4104 203.0
4105 204.0
4106 103.0
4107 204.0
4108 30.0
4109 204.0
4110 109.0
4111 0.0
4112 204.0
4113 204.0
4114 204.0
4115 30.0
4116 203.0
4117 32.0
4118 32.0
4119 204.0
4120 25.0
4121 204.0
4122 32.0
4123 204.0
4124 203.0
4125 204.0
4126 203.0
4127 0.0
4128 0.0
4129 204.0
4130 203.0
4131 252.0
4132 203.0
4133 19.0
4134 0.0
4135 203.0
4136 203.0
4137 204.0
4138 11.0
4139 32.0
4140 203.0
4141 204.0
4142 203.0
4143 33.0
4144 203.0
4145 203.0
4146 33.0
4147 204.0
4148 203.0
4149 203.0
4150 204.0
4151 32.0
4152 33.0
4153 204.0
4154 204.0
4155 32.0
4156 32.0
4157 52.0
4158 204.0
4159 204.0
4160 204.0
4161 204.0
4162 1.0
4163 204.0
4164 32.0
4165 204.0
4166 204.0
4167 203.0
4168 138.0
4169 32.0
4170 204.0
4171 203.0
4172 204.0
4173 33.0
4174 204.0
4175 203.0
4176 204.0
4177 204.0
4178 32.0
4179 252.0
4180 203.0
4181 203.0
4182 252.0
4183 204.0
4184 209.0
4185 203.0
4186 19.0
4187 204.0
4188 203.0
4189 204.0
4190 32.0
4191 25.0
4192 32.0
4193 30.0
4194 204.0
4195 203.0
4196 204.0
4197 33.0
4198 204.0
4199 30.0
4200 204.0
4201 252.0
4202 32.0
4203 204.0
4204 33.0
4205 204.0
4206 204.0
4207 204.0
4208 251.0
4209 30.0
4210 204.0
4211 203.0
4212 0.0
4213 204.0
4214 204.0
4215 32.0
4216 203.0
4217 32.0
4218 204.0
4219 252.0
4220 32.0
4221 32.0
4222 0.0
4223 204.0
4224 33.0
4225 204.0
4226 203.0
4227 204.0
4228 204.0
4229 0.0
4230 30.0
4231 204.0
4232 32.0
4233 252.0
4234 32.0
4235 251.0
4236 203.0
4237 204.0
4238 30.0
4239 204.0
4240 204.0
4241 32.0
4242 203.0
4243 204.0
4244 32.0
4245 204.0
4246 203.0
4247 32.0
4248 33.0
4249 204.0
4250 252.0
4251 203.0
4252 251.0
4253 204.0
4254 204.0
4255 204.0
4256 204.0
4257 203.0
4258 204.0
4259 203.0
4260 32.0
4261 204.0
4262 204.0
4263 0.0
4264 204.0
4265 204.0
4266 204.0
4267 204.0
4268 204.0
4269 3.0
4270 42.0
4271 32.0
4272 32.0
4273 19.0
4274 204.0
4275 32.0
4276 204.0
4277 204.0
4278 204.0
4279 203.0
4280 32.0
4281 203.0
4282 32.0
4283 32.0
4284 252.0
4285 203.0
4286 203.0
4287 33.0
4288 204.0
4289 33.0
4290 204.0
4291 204.0
4292 32.0
4293 0.0
4294 204.0
4295 204.0
4296 33.0
4297 203.0
4298 204.0
4299 33.0
4300 204.0
4301 203.0
4302 203.0
4303 204.0
4304 204.0
4305 32.0
4306 204.0
4307 204.0
4308 32.0
4309 32.0
4310 252.0
4311 204.0
4312 204.0
4313 203.0
4314 0.0
4315 1.0
4316 204.0
4317 204.0
4318 204.0
4319 204.0
4320 203.0
4321 360.0
4322 38.0
4323 204.0
4324 14.0
4325 204.0
4326 203.0
4327 204.0
4328 203.0
4329 32.0
4330 204.0
4331 0.0
4332 0.0
4333 204.0
4334 204.0
4335 360.0
4336 204.0
4337 203.0
4338 122.0
4339 336.0
4340 204.0
4341 204.0
4342 204.0
4343 32.0
4344 203.0
4345 32.0
4346 204.0
4347 203.0
4348 33.0
4349 204.0
4350 33.0
4351 33.0
4352 203.0
4353 204.0
4354 204.0
4355 33.0
4356 204.0
4357 204.0
4358 204.0
4359 204.0
4360 204.0
4361 204.0
4362 203.0
4363 203.0
4364 204.0
4365 114.0
4366 203.0
4367 204.0
4368 32.0
4369 203.0
4370 204.0
4371 203.0
4372 203.0
4373 38.0
4374 32.0
4375 0.0
4376 204.0
4377 32.0
4378 204.0
4379 196.0
4380 204.0
4381 203.0
4382 0.0
4383 30.0
4384 30.0
4385 203.0
4386 360.0
4387 30.0
4388 203.0
4389 204.0
4390 203.0
4391 204.0
4392 203.0
4393 204.0
4394 32.0
4395 25.0
4396 32.0
4397 204.0
4398 204.0
4399 204.0
4400 32.0
4401 33.0
4402 103.0
4403 32.0
4404 203.0
4405 203.0
4406 204.0
4407 32.0
4408 32.0
4409 74.0
4410 0.0
4411 204.0
4412 203.0
4413 32.0
4414 251.0
4415 204.0
4416 104.0
4417 204.0
4418 204.0
4419 204.0
4420 203.0
4421 204.0
4422 176.0
4423 32.0
4424 32.0
4425 32.0
4426 0.0
4427 32.0
4428 32.0
4429 204.0
4430 180.0
4431 204.0
4432 179.0
4433 0.0
4434 109.0
4435 204.0
4436 32.0
4437 360.0
4438 204.0
4439 203.0
4440 204.0
4441 204.0
4442 30.0
4443 204.0
4444 32.0
4445 32.0
4446 0.0
4447 204.0
4448 204.0
4449 204.0
4450 0.0
4451 204.0
4452 33.0
4453 204.0
4454 32.0
4455 203.0
4456 0.0
4457 203.0
4458 32.0
4459 204.0
4460 204.0
4461 204.0
4462 32.0
4463 251.0
4464 204.0
4465 203.0
4466 204.0
4467 204.0
4468 204.0
4469 204.0
4470 204.0
4471 32.0
4472 32.0
4473 13.0
4474 251.0
4475 32.0
4476 204.0
4477 203.0
4478 32.0
4479 32.0
4480 204.0
4481 0.0
4482 204.0
4483 204.0
4484 33.0
4485 0.0
4486 204.0
4487 33.0
4488 360.0
4489 204.0
4490 203.0
4491 203.0
4492 251.0
4493 203.0
4494 203.0
4495 204.0
4496 32.0
4497 204.0
4498 204.0
4499 33.0
4500 204.0
4501 204.0
4502 204.0
4503 33.0
4504 203.0
4505 203.0
4506 204.0
4507 203.0
4508 203.0
4509 32.0
4510 204.0
4511 204.0
4512 204.0
4513 204.0
4514 179.0
4515 204.0
4516 203.0
4517 204.0
4518 204.0
4519 203.0
4520 204.0
4521 30.0
4522 203.0
4523 204.0
4524 38.0
4525 203.0
4526 38.0
4527 204.0
4528 38.0
4529 32.0
4530 32.0
4531 204.0
4532 32.0
4533 32.0
4534 30.0
4535 0.0
4536 25.0
4537 33.0
4538 203.0
4539 360.0
4540 32.0
4541 203.0
4542 203.0
4543 158.0
4544 204.0
4545 203.0
4546 30.0
4547 204.0
4548 204.0
4549 32.0
4550 32.0
4551 203.0
4552 33.0
4553 203.0
4554 33.0
4555 33.0
4556 204.0
4557 204.0
4558 203.0
4559 204.0
4560 32.0
4561 204.0
4562 204.0
4563 203.0
4564 204.0
4565 179.0
4566 32.0
4567 203.0
4568 32.0
4569 0.0
4570 203.0
4571 204.0
4572 32.0
4573 203.0
4574 204.0
4575 204.0
4576 360.0
4577 251.0
4578 32.0
4579 11.0
4580 32.0
4581 32.0
4582 204.0
4583 0.0
4584 204.0
4585 204.0
4586 0.0
4587 33.0
4588 204.0
4589 32.0
4590 360.0
4591 204.0
4592 203.0
4593 203.0
4594 204.0
4595 204.0
4596 204.0
4597 30.0
4598 32.0
4599 19.0
4600 32.0
4601 32.0
4602 203.0
4603 203.0
4604 32.0
4605 33.0
4606 32.0
4607 33.0
4608 204.0
4609 203.0
4610 204.0
4611 32.0
4612 32.0
4613 204.0
4614 204.0
4615 204.0
4616 38.0
4617 204.0
4618 203.0
4619 32.0
4620 0.0
4621 203.0
4622 204.0
4623 204.0
4624 32.0
4625 32.0
4626 38.0
4627 203.0
4628 32.0
4629 204.0
4630 20.0
4631 204.0
4632 32.0
4633 204.0
4634 0.0
4635 32.0
4636 203.0
4637 0.0
4638 33.0
4639 32.0
4640 32.0
4641 360.0
4642 204.0
4643 203.0
4644 203.0
4645 33.0
4646 30.0
4647 203.0
4648 204.0
4649 32.0
4650 204.0
4651 204.0
4652 204.0
4653 204.0
4654 38.0
4655 204.0
4656 33.0
4657 204.0
4658 203.0
4659 204.0
4660 203.0
4661 204.0
4662 204.0
4663 204.0
4664 204.0
4665 203.0
4666 204.0
4667 38.0
4668 204.0
4669 203.0
4670 32.0
4671 109.0
4672 204.0
4673 204.0
4674 204.0
4675 32.0
4676 32.0
4677 177.0
4678 360.0
4679 38.0
4680 204.0
4681 14.0
4682 32.0
4683 32.0
4684 204.0
4685 32.0
4686 33.0
4687 204.0
4688 0.0
4689 43.0
4690 204.0
4691 203.0
4692 360.0
4693 32.0
4694 38.0
4695 38.0
4696 189.0
4697 204.0
4698 203.0
4699 32.0
4700 32.0
4701 204.0
4702 204.0
4703 203.0
4704 204.0
4705 203.0
4706 204.0
4707 33.0
4708 204.0
4709 204.0
4710 204.0
4711 203.0
4712 32.0
4713 32.0
4714 203.0
4715 203.0
4716 204.0
4717 204.0
4718 252.0
4719 32.0
4720 203.0
4721 32.0
4722 109.0
4723 204.0
4724 204.0
4725 30.0
4726 32.0
4727 204.0
4728 203.0
4729 251.0
4730 33.0
4731 32.0
4732 0.0
4733 103.0
4734 32.0
4735 204.0
4736 0.0
4737 204.0
4738 204.0
4739 32.0
4740 203.0
4741 204.0
4742 203.0
4743 360.0
4744 32.0
4745 203.0
4746 103.0
4747 362.0
4748 203.0
4749 203.0
4750 204.0
4751 203.0
4752 25.0
4753 32.0
4754 32.0
4755 33.0
4756 203.0
4757 204.0
4758 33.0
4759 33.0
4760 204.0
4761 204.0
4762 203.0
4763 32.0
4764 204.0
4765 204.0
4766 204.0
4767 33.0
4768 32.0
4769 252.0
4770 204.0
4771 203.0
4772 204.0
4773 114.0
4774 0.0
4775 204.0
4776 32.0
4777 32.0
4778 32.0
4779 360.0
4780 251.0
4781 251.0
4782 32.0
4783 0.0
4784 204.0
4785 32.0
4786 204.0
4787 32.0
4788 204.0
4789 32.0
4790 0.0
4791 33.0
4792 203.0
4793 32.0
4794 362.0
4795 32.0
4796 203.0
4797 103.0
4798 203.0
4799 203.0
4800 204.0
4801 203.0
4802 32.0
4803 204.0
4804 32.0
4805 32.0
4806 203.0
4807 203.0
4808 32.0
4809 33.0
4810 203.0
4811 33.0
4812 204.0
4813 0.0
4814 32.0
4815 204.0
4816 203.0
4817 204.0
4818 204.0
4819 32.0
4820 252.0
4821 203.0
4822 203.0
4823 32.0
4824 0.0
4825 29.0
4826 204.0
4827 204.0
4828 204.0
4829 32.0
4830 146.0
4831 33.0
4832 203.0
4833 204.0
4834 19.0
4835 204.0
4836 32.0
4837 204.0
4838 36.0
4839 32.0
4840 203.0
4841 32.0
4842 252.0
4843 203.0
4844 204.0
4845 362.0
4846 32.0
4847 32.0
4848 203.0
4849 203.0
4850 203.0
4851 203.0
4852 203.0
4853 32.0
4854 203.0
4855 204.0
4856 203.0
4857 204.0
4858 251.0
4859 204.0
4860 33.0
4861 203.0
4862 1.0
4863 203.0
4864 204.0
4865 204.0
4866 0.0
4867 204.0
4868 204.0
4869 30.0
4870 204.0
4871 204.0
4872 32.0
4873 32.0
4874 32.0
4875 109.0
4876 0.0
4877 204.0
4878 204.0
4879 32.0
4880 204.0
4881 336.0
4882 252.0
4883 203.0
4884 32.0
4885 0.0
4886 32.0
4887 32.0
4888 204.0
4889 203.0
4890 204.0
4891 204.0
4892 0.0
4893 33.0
4894 203.0
4895 204.0
4896 362.0
4897 32.0
4898 203.0
4899 204.0
4900 251.0
4901 203.0
4902 204.0
4903 30.0
4904 32.0
4905 204.0
4906 204.0
4907 203.0
4908 32.0
4909 204.0
4910 204.0
4911 33.0
4912 32.0
4913 0.0
4914 204.0
4915 204.0
4916 204.0
4917 204.0
4918 32.0
4919 204.0
4920 32.0
4921 32.0
4922 204.0
4923 32.0
4924 203.0
4925 204.0
4926 0.0
4927 203.0
4928 204.0
4929 32.0
4930 203.0
4931 32.0
4932 96.0
4933 251.0
4934 32.0
4935 32.0
4936 0.0
4937 204.0
4938 32.0
4939 204.0
4940 1.0
4941 204.0
4942 30.0
4943 0.0
4944 33.0
4945 204.0
4946 32.0
4947 362.0
4948 32.0
4949 203.0
4950 0.0
4951 203.0
4952 32.0
4953 204.0
4954 204.0
4955 32.0
4956 204.0
4957 32.0
4958 33.0
4959 204.0
4960 204.0
4961 32.0
4962 33.0
4963 33.0
4964 32.0
4965 203.0
4966 204.0
4967 204.0
4968 204.0
4969 32.0
4970 204.0
4971 204.0
4972 32.0
4973 0.0
4974 32.0
4975 131.0
4976 204.0
4977 204.0
4978 1.0
4979 204.0
4980 203.0
4981 32.0
4982 32.0
4983 422.0
4984 203.0
4985 0.0
4986 204.0
4987 19.0
4988 204.0
4989 204.0
4990 204.0
4991 0.0
4992 32.0
4993 204.0
4994 0.0
4995 33.0
4996 203.0
4997 32.0
4998 422.0
4999 32.0
5000 203.0
5001 119.0
5002 38.0
5003 203.0
5004 203.0
5005 25.0
5006 32.0
5007 19.0
5008 204.0
5009 32.0
5010 204.0
5011 204.0
5012 204.0
5013 33.0
5014 204.0
5015 32.0
5016 204.0
5017 204.0
5018 30.0
5019 32.0
5020 204.0
5021 204.0
5022 203.0
5023 204.0
5024 103.0
5025 32.0
5026 203.0
5027 251.0
5028 0.0
5029 203.0
5030 204.0
5031 204.0
5032 32.0
5033 30.0
5034 203.0
5035 203.0
5036 32.0
5037 204.0
5038 0.0
5039 204.0
5040 32.0
5041 204.0
5042 32.0
5043 32.0
5044 30.0
5045 32.0
5046 38.0
5047 337.0
5048 203.0
5049 422.0
5050 32.0
5051 252.0
5052 203.0
5053 252.0
5054 204.0
5055 203.0
5056 32.0
5057 203.0
5058 203.0
5059 32.0
5060 33.0
5061 32.0
5062 204.0
5063 204.0
5064 33.0
5065 203.0
5066 0.0
5067 203.0
5068 252.0
5069 203.0
5070 32.0
5071 204.0
5072 204.0
5073 0.0
5074 204.0
5075 173.0
5076 32.0
5077 203.0
5078 32.0
5079 176.0
5080 0.0
5081 204.0
5082 32.0
5083 32.0
5084 204.0
5085 204.0
5086 203.0
5087 98.0
5088 32.0
5089 0.0
5090 30.0
5091 32.0
5092 204.0
5093 203.0
5094 204.0
5095 204.0
5096 0.0
5097 38.0
5098 203.0
5099 204.0
5100 422.0
