1 0.0
2 0.0
3 0.0
4 32.0
5 0.0
6 0.0
7 0.0
8 0.0
9 0.0
10 30.0
11 0.0
12 0.0
13 0.0
14 0.0
15 0.0
16 0.0
17 0.0
18 31.0
19 0.0
20 0.0
21 0.0
22 0.0
23 0.0
24 25.0
25 30.0
26 0.0
27 32.0
28 180.0
29 25.0
30 0.0
31 0.0
32 32.0
33 0.0
34 0.0
35 0.0
36 32.0
37 0.0
38 32.0
39 0.0
40 0.0
41 0.0
42 0.0
43 25.0
44 0.0
45 32.0
46 0.0
47 0.0
48 0.0
49 0.0
50 1.0
51 180.0
52 180.0
53 38.0
54 38.0
55 33.0
56 0.0
57 38.0
58 0.0
59 30.0
60 30.0
61 30.0
62 0.0
63 43.0
64 32.0
65 32.0
66 32.0
67 180.0
68 180.0
69 169.0
70 0.0
71 0.0
72 32.0
73 38.0
74 33.0
75 158.0
76 32.0
77 32.0
78 98.0
79 104.0
80 180.0
81 1.0
82 0.0
83 0.0
84 98.0
85 38.0
86 180.0
87 38.0
88 203.0
89 32.0
90 38.0
91 38.0
92 0.0
93 0.0
94 180.0
95 32.0
96 30.0
97 0.0
98 14.0
99 32.0
100 0.0
101 93.0
102 203.0
103 32.0
104 32.0
105 32.0
106 0.0
107 0.0
108 0.0
109 32.0
110 0.0
111 0.0
112 38.0
113 0.0
114 0.0
115 32.0
116 0.0
117 32.0
118 0.0
119 32.0
120 32.0
121 203.0
122 0.0
123 32.0
124 32.0
125 32.0
126 38.0
127 32.0
128 32.0
129 196.0
130 0.0
131 32.0
132 33.0
133 32.0
134 203.0
135 32.0
136 1.0
137 6.0
138 0.0
139 6.0
140 0.0
141 32.0
142 93.0
143 38.0
144 32.0
145 32.0
146 0.0
147 30.0
148 0.0
149 14.0
150 32.0
151 38.0
152 32.0
153 203.0
154 0.0
155 203.0
156 32.0
157 44.0
158 0.0
159 0.0
160 32.0
161 49.0
162 32.0
163 6.0
164 174.0
165 0.0
166 6.0
167 0.0
168 0.0
169 32.0
170 115.0
171 0.0
172 203.0
173 203.0
174 203.0
175 38.0
176 0.0
177 6.0
178 32.0
179 49.0
180 38.0
181 32.0
182 32.0
183 32.0
184 0.0
185 0.0
186 49.0
187 0.0
188 38.0
189 0.0
190 204.0
191 203.0
192 203.0
193 203.0
194 38.0
195 0.0
196 38.0
197 203.0
198 49.0
199 6.0
200 32.0
201 0.0
202 38.0
203 0.0
204 204.0
205 32.0
206 0.0
207 32.0
208 32.0
209 0.0
210 0.0
211 33.0
212 203.0
213 32.0
214 32.0
215 204.0
216 32.0
217 0.0
218 32.0
219 32.0
220 0.0
221 38.0
222 203.0
223 204.0
224 0.0
225 32.0
226 0.0
227 29.0
228 0.0
229 32.0
230 32.0
231 203.0
232 203.0
233 6.0
234 32.0
235 0.0
236 203.0
237 32.0
238 203.0
239 38.0
240 0.0
241 32.0
242 32.0
243 0.0
244 203.0
245 32.0
246 0.0
247 0.0
248 203.0
249 38.0
250 0.0
251 203.0
252 38.0
253 0.0
254 203.0
255 204.0
256 32.0
257 0.0
258 32.0
259 203.0
260 0.0
261 38.0
262 0.0
263 32.0
264 32.0
265 6.0
266 203.0
267 0.0
268 180.0
269 32.0
270 32.0
271 0.0
272 180.0
273 0.0
274 0.0
275 204.0
276 203.0
277 98.0
278 30.0
279 180.0
280 32.0
281 49.0
282 38.0
283 0.0
284 174.0
285 38.0
286 0.0
287 0.0
288 38.0
289 0.0
290 38.0
291 203.0
292 204.0
293 32.0
294 32.0
295 30.0
296 0.0
297 0.0
298 203.0
299 203.0
300 49.0
301 203.0
302 203.0
303 32.0
304 32.0
305 204.0
306 204.0
307 32.0
308 32.0
309 32.0
310 32.0
311 0.0
312 6.0
313 32.0
314 203.0
315 0.0
316 6.0
317 203.0
318 43.0
319 169.0
320 49.0
321 0.0
322 109.0
323 32.0
324 32.0
325 203.0
326 0.0
327 32.0
328 6.0
329 30.0
330 32.0
331 203.0
332 32.0
333 180.0
334 203.0
335 32.0
336 49.0
337 0.0
338 203.0
339 6.0
340 203.0
341 32.0
342 0.0
343 0.0
344 203.0
345 32.0
346 19.0
347 38.0
348 0.0
349 203.0
350 203.0
351 203.0
352 6.0
353 203.0
354 203.0
355 38.0
356 204.0
357 204.0
358 32.0
359 0.0
360 0.0
361 203.0
362 0.0
363 44.0
364 32.0
365 203.0
366 0.0
367 0.0
368 0.0
369 32.0
370 38.0
371 49.0
372 32.0
373 203.0
374 49.0
375 0.0
376 203.0
377 203.0
378 38.0
379 169.0
380 32.0
381 180.0
382 203.0
383 60.0
384 180.0
385 0.0
386 30.0
387 38.0
388 204.0
389 203.0
390 49.0
391 0.0
392 6.0
393 0.0
394 0.0
395 32.0
396 203.0
397 32.0
398 38.0
399 0.0
400 203.0
401 32.0
402 203.0
403 204.0
404 203.0
405 6.0
406 49.0
407 203.0
408 204.0
409 32.0
410 31.0
411 0.0
412 33.0
413 0.0
414 0.0
415 204.0
416 0.0
417 203.0
418 0.0
419 169.0
420 32.0
421 32.0
422 32.0
423 32.0
424 203.0
425 191.0
426 0.0
427 0.0
428 0.0
429 203.0
430 0.0
431 169.0
432 180.0
433 203.0
434 98.0
435 180.0
436 0.0
437 169.0
438 6.0
439 0.0
440 204.0
441 49.0
442 0.0
443 203.0
444 0.0
445 204.0
446 0.0
447 0.0
448 203.0
449 0.0
450 109.0
451 32.0
452 203.0
453 49.0
454 0.0
455 203.0
456 38.0
457 204.0
458 204.0
459 204.0
460 109.0
461 32.0
462 0.0
463 203.0
464 0.0
465 0.0
466 0.0
467 203.0
468 0.0
469 6.0
470 204.0
471 32.0
472 38.0
473 32.0
474 32.0
475 104.0
476 191.0
477 1.0
478 203.0
479 0.0
480 32.0
481 38.0
482 33.0
483 32.0
484 32.0
485 203.0
486 0.0
487 0.0
488 180.0
489 49.0
490 0.0
491 38.0
492 38.0
493 203.0
494 204.0
495 203.0
496 203.0
497 0.0
498 1.0
499 30.0
500 203.0
501 0.0
502 203.0
503 203.0
504 203.0
505 204.0
506 203.0
507 32.0
508 0.0
509 203.0
510 204.0
511 0.0
512 32.0
513 0.0
514 203.0
515 0.0
516 203.0
517 32.0
518 109.0
519 0.0
520 0.0
521 49.0
522 203.0
523 169.0
524 49.0
525 203.0
526 203.0
527 203.0
528 203.0
529 203.0
530 203.0
531 32.0
532 98.0
533 33.0
534 204.0
535 0.0
536 30.0
537 38.0
538 0.0
539 38.0
540 38.0
541 0.0
542 204.0
543 98.0
544 49.0
545 0.0
546 1.0
547 203.0
548 44.0
549 203.0
550 25.0
551 38.0
552 6.0
553 203.0
554 203.0
555 204.0
556 203.0
557 203.0
558 203.0
559 204.0
560 25.0
561 204.0
562 6.0
563 203.0
564 0.0
565 32.0
566 0.0
567 17.0
568 32.0
569 203.0
570 32.0
571 32.0
572 1.0
573 203.0
574 180.0
575 49.0
576 32.0
577 203.0
578 38.0
579 0.0
580 203.0
581 203.0
582 32.0
583 169.0
584 203.0
585 49.0
586 1.0
587 32.0
588 196.0
589 203.0
590 37.0
591 6.0
592 0.0
593 204.0
594 203.0
595 0.0
596 204.0
597 0.0
598 203.0
599 32.0
600 32.0
601 203.0
602 0.0
603 32.0
604 203.0
605 0.0
606 203.0
607 203.0
608 203.0
609 6.0
610 0.0
611 31.0
612 204.0
613 0.0
614 204.0
615 6.0
616 203.0
617 0.0
618 0.0
619 0.0
620 203.0
621 38.0
622 32.0
623 204.0
624 203.0
625 32.0
626 38.0
627 0.0
628 203.0
629 49.0
630 204.0
631 203.0
632 0.0
633 203.0
634 203.0
635 32.0
636 203.0
637 32.0
638 49.0
639 180.0
640 0.0
641 169.0
642 49.0
643 32.0
644 203.0
645 49.0
646 0.0
647 203.0
648 0.0
649 204.0
650 203.0
651 0.0
652 0.0
653 0.0
654 0.0
655 0.0
656 203.0
657 44.0
658 204.0
659 203.0
660 203.0
661 0.0
662 6.0
663 204.0
664 32.0
665 38.0
666 0.0
667 0.0
668 0.0
669 203.0
670 0.0
671 203.0
672 38.0
673 32.0
674 203.0
675 32.0
676 174.0
677 38.0
678 0.0
679 0.0
680 180.0
681 0.0
682 203.0
683 203.0
684 203.0
685 38.0
686 204.0
687 0.0
688 32.0
689 30.0
690 32.0
691 32.0
692 169.0
693 38.0
694 32.0
695 204.0
696 203.0
697 203.0
698 0.0
699 203.0
700 204.0
701 203.0
702 0.0
703 33.0
704 0.0
705 0.0
706 203.0
707 203.0
708 203.0
709 204.0
710 204.0
711 32.0
712 6.0
713 6.0
714 204.0
715 6.0
716 203.0
717 6.0
718 0.0
719 0.0
720 1.0
721 203.0
722 32.0
723 32.0
724 32.0
725 0.0
726 203.0
727 0.0
728 38.0
729 0.0
730 203.0
731 203.0
732 32.0
733 203.0
734 203.0
735 203.0
736 6.0
737 0.0
738 44.0
739 203.0
740 32.0
741 38.0
742 32.0
743 49.0
744 0.0
745 203.0
746 203.0
747 0.0
748 0.0
749 204.0
750 0.0
751 0.0
752 203.0
753 32.0
754 203.0
755 33.0
756 38.0
757 32.0
758 0.0
759 203.0
760 203.0
761 203.0
762 6.0
763 6.0
764 25.0
765 204.0
766 32.0
767 204.0
768 6.0
769 1.0
770 0.0
771 204.0
772 203.0
773 203.0
774 203.0
775 32.0
776 203.0
777 203.0
778 203.0
779 38.0
780 0.0
781 49.0
782 49.0
783 1.0
784 0.0
785 203.0
786 202.0
787 32.0
788 44.0
789 49.0
790 203.0
791 32.0
792 169.0
793 32.0
794 49.0
795 0.0
796 32.0
797 203.0
798 203.0
799 0.0
800 203.0
801 203.0
802 32.0
803 49.0
804 0.0
805 204.0
806 0.0
807 0.0
808 158.0
809 203.0
810 203.0
811 203.0
812 203.0
813 0.0
814 6.0
815 203.0
816 204.0
817 32.0
818 31.0
819 6.0
820 1.0
821 0.0
822 0.0
823 0.0
824 203.0
825 203.0
826 32.0
827 0.0
828 203.0
829 203.0
830 32.0
831 204.0
832 32.0
833 203.0
834 0.0
835 203.0
836 32.0
837 203.0
838 38.0
839 38.0
840 32.0
841 0.0
842 25.0
843 191.0
844 0.0
845 158.0
846 38.0
847 25.0
848 204.0
849 203.0
850 38.0
851 203.0
852 0.0
853 203.0
854 203.0
855 204.0
856 30.0
857 38.0
858 6.0
859 203.0
860 203.0
861 203.0
862 204.0
863 203.0
864 0.0
865 0.0
866 203.0
867 204.0
868 32.0
869 31.0
870 0.0
871 0.0
872 0.0
873 203.0
874 204.0
875 203.0
876 38.0
877 6.0
878 0.0
879 32.0
880 32.0
881 32.0
882 0.0
883 0.0
884 203.0
885 0.0
886 203.0
887 203.0
888 32.0
889 203.0
890 33.0
891 44.0
892 203.0
893 32.0
894 180.0
895 32.0
896 169.0
897 0.0
898 203.0
899 204.0
900 204.0
901 32.0
902 32.0
903 203.0
904 6.0
905 204.0
906 203.0
907 203.0
908 0.0
909 0.0
910 203.0
911 203.0
912 203.0
913 0.0
914 204.0
915 203.0
916 0.0
917 203.0
918 204.0
919 0.0
920 31.0
921 1.0
922 203.0
923 0.0
924 203.0
925 203.0
926 0.0
927 6.0
928 32.0
929 203.0
930 32.0
931 203.0
932 49.0
933 0.0
934 0.0
935 203.0
936 0.0
937 0.0
938 203.0
939 32.0
940 32.0
941 44.0
942 0.0
943 203.0
944 60.0
945 251.0
946 32.0
947 191.0
948 203.0
949 203.0
950 204.0
951 203.0
952 49.0
953 0.0
954 6.0
955 203.0
956 203.0
957 203.0
958 203.0
959 203.0
960 6.0
961 0.0
962 203.0
963 203.0
964 203.0
965 203.0
966 0.0
967 6.0
968 203.0
969 251.0
970 180.0
971 203.0
972 1.0
973 185.0
974 38.0
975 180.0
976 191.0
977 203.0
978 185.0
979 203.0
980 185.0
981 169.0
982 180.0
983 38.0
984 204.0
985 203.0
986 180.0
987 109.0
988 180.0
989 180.0
990 180.0
991 251.0
992 180.0
993 0.0
994 169.0
995 180.0
996 180.0
997 49.0
998 204.0
999 251.0
1000 204.0
1001 204.0
1002 169.0
1003 180.0
1004 203.0
1005 174.0
1006 180.0
1007 180.0
1008 180.0
1009 33.0
1010 0.0
1011 0.0
1012 204.0
1013 203.0
1014 180.0
1015 169.0
1016 180.0
1017 180.0
1018 6.0
1019 251.0
1020 251.0
1021 180.0
1022 203.0
1023 6.0
1024 180.0
1025 109.0
1026 174.0
1027 251.0
1028 203.0
1029 191.0
1030 33.0
1031 191.0
1032 120.0
1033 180.0
1034 38.0
1035 180.0
1036 251.0
1037 180.0
1038 120.0
1039 0.0
1040 169.0
1041 169.0
1042 169.0
1043 0.0
1044 171.0
1045 153.0
1046 0.0
1047 196.0
1048 33.0
1049 168.0
1050 180.0
1051 204.0
1052 224.0
1053 180.0
1054 38.0
1055 180.0
1056 0.0
1057 169.0
1058 109.0
1059 204.0
1060 33.0
1061 203.0
1062 38.0
1063 180.0
1064 203.0
1065 185.0
1066 251.0
1067 180.0
1068 202.0
1069 0.0
1070 180.0
1071 251.0
1072 180.0
1073 38.0
1074 1.0
1075 38.0
1076 180.0
1077 12.0
1078 180.0
1079 49.0
1080 203.0
1081 180.0
1082 120.0
1083 32.0
1084 38.0
1085 32.0
1086 38.0
1087 180.0
1088 180.0
1089 251.0
1090 30.0
1091 38.0
1092 109.0
1093 251.0
1094 169.0
1095 180.0
1096 32.0
1097 49.0
1098 185.0
1099 169.0
1100 180.0
1101 169.0
1102 180.0
1103 180.0
1104 203.0
1105 38.0
1106 203.0
1107 38.0
1108 38.0
1109 32.0
1110 0.0
1111 203.0
1112 202.0
1113 6.0
1114 169.0
1115 0.0
1116 180.0
1117 180.0
1118 180.0
1119 204.0
1120 32.0
1121 180.0
1122 251.0
1123 191.0
1124 14.0
1125 0.0
1126 38.0
1127 204.0
1128 174.0
1129 218.0
1130 251.0
1131 38.0
1132 6.0
1133 204.0
1134 32.0
1135 180.0
1136 32.0
1137 251.0
1138 169.0
1139 180.0
1140 180.0
1141 87.0
1142 203.0
1143 203.0
1144 203.0
1145 251.0
1146 0.0
1147 180.0
1148 251.0
1149 169.0
1150 32.0
1151 180.0
1152 251.0
1153 169.0
1154 224.0
1155 218.0
1156 0.0
1157 180.0
1158 180.0
1159 180.0
1160 33.0
1161 0.0
1162 204.0
1163 180.0
1164 17.0
1165 204.0
1166 0.0
1167 203.0
1168 180.0
1169 180.0
1170 104.0
1171 0.0
1172 169.0
1173 251.0
1174 169.0
1175 203.0
1176 6.0
1177 203.0
1178 32.0
1179 169.0
1180 191.0
1181 180.0
1182 32.0
1183 203.0
1184 191.0
1185 251.0
1186 180.0
1187 49.0
1188 180.0
1189 203.0
1190 180.0
1191 32.0
1192 38.0
1193 180.0
1194 218.0
1195 251.0
1196 180.0
1197 185.0
1198 180.0
1199 180.0
1200 180.0
1201 185.0
1202 204.0
1203 251.0
1204 38.0
1205 169.0
1206 180.0
1207 115.0
1208 204.0
1209 180.0
1210 185.0
1211 191.0
1212 38.0
1213 33.0
1214 38.0
1215 0.0
1216 203.0
1217 33.0
1218 180.0
1219 180.0
1220 218.0
1221 169.0
1222 180.0
1223 169.0
1224 251.0
1225 180.0
1226 203.0
1227 6.0
1228 251.0
1229 25.0
1230 180.0
1231 251.0
1232 109.0
1233 180.0
1234 180.0
1235 191.0
1236 180.0
1237 180.0
1238 203.0
1239 180.0
1240 169.0
1241 180.0
1242 104.0
1243 203.0
1244 32.0
1245 180.0
1246 169.0
1247 218.0
1248 109.0
1249 32.0
1250 180.0
1251 251.0
1252 180.0
1253 180.0
1254 180.0
1255 204.0
1256 180.0
1257 38.0
1258 0.0
1259 180.0
1260 174.0
1261 38.0
1262 180.0
1263 169.0
1264 33.0
1265 203.0
1266 6.0
1267 38.0
1268 203.0
1269 180.0
1270 180.0
1271 185.0
1272 169.0
1273 98.0
1274 180.0
1275 251.0
1276 180.0
1277 33.0
1278 1.0
1279 180.0
1280 109.0
1281 203.0
1282 251.0
1283 169.0
1284 180.0
1285 180.0
1286 180.0
1287 185.0
1288 180.0
1289 169.0
1290 38.0
1291 251.0
1292 180.0
1293 180.0
1294 180.0
1295 203.0
1296 203.0
1297 203.0
1298 169.0
1299 204.0
1300 33.0
1301 180.0
1302 169.0
1303 204.0
1304 169.0
1305 169.0
1306 180.0
1307 180.0
1308 218.0
1309 204.0
1310 203.0
1311 204.0
1312 180.0
1313 38.0
1314 32.0
1315 203.0
1316 191.0
1317 180.0
1318 31.0
1319 32.0
1320 169.0
1321 38.0
1322 180.0
1323 0.0
1324 203.0
1325 251.0
1326 251.0
1327 180.0
1328 33.0
1329 0.0
1330 204.0
1331 180.0
1332 38.0
1333 169.0
1334 251.0
1335 180.0
1336 6.0
1337 203.0
1338 169.0
1339 180.0
1340 169.0
1341 180.0
1342 169.0
1343 32.0
1344 180.0
1345 180.0
1346 180.0
1347 251.0
1348 203.0
1349 169.0
1350 180.0
1351 169.0
1352 169.0
1353 180.0
1354 32.0
1355 0.0
1356 169.0
1357 218.0
1358 204.0
1359 180.0
1360 0.0
1361 203.0
1362 180.0
1363 180.0
1364 180.0
1365 189.0
1366 33.0
1367 191.0
1368 32.0
1369 0.0
1370 158.0
1371 180.0
1372 203.0
1373 180.0
1374 0.0
1375 169.0
1376 180.0
1377 251.0
1378 169.0
1379 187.0
1380 1.0
1381 180.0
1382 180.0
1383 169.0
1384 251.0
1385 203.0
1386 180.0
1387 0.0
1388 203.0
1389 251.0
1390 203.0
1391 32.0
1392 169.0
1393 251.0
1394 191.0
1395 32.0
1396 204.0
1397 180.0
1398 180.0
1399 251.0
1400 169.0
1401 32.0
1402 224.0
1403 180.0
1404 169.0
1405 180.0
1406 168.0
1407 251.0
1408 196.0
1409 185.0
1410 251.0
1411 204.0
1412 169.0
1413 174.0
1414 180.0
1415 191.0
1416 191.0
1417 38.0
1418 180.0
1419 169.0
1420 203.0
1421 203.0
1422 38.0
1423 180.0
1424 203.0
1425 239.0
1426 169.0
1427 180.0
1428 251.0
1429 49.0
1430 33.0
1431 6.0
1432 180.0
1433 0.0
1434 180.0
1435 251.0
1436 169.0
1437 180.0
1438 33.0
1439 203.0
1440 169.0
1441 180.0
1442 38.0
1443 38.0
1444 169.0
1445 169.0
1446 114.0
1447 204.0
1448 169.0
1449 169.0
1450 169.0
1451 180.0
1452 38.0
1453 180.0
1454 180.0
1455 169.0
1456 203.0
1457 180.0
1458 185.0
1459 180.0
1460 218.0
1461 185.0
1462 38.0
1463 204.0
1464 203.0
1465 38.0
1466 185.0
1467 180.0
1468 32.0
1469 180.0
1470 6.0
1471 38.0
1472 38.0
1473 180.0
1474 169.0
1475 169.0
1476 251.0
1477 169.0
1478 180.0
1479 251.0
1480 180.0
1481 180.0
1482 0.0
1483 196.0
1484 204.0
1485 38.0
1486 169.0
1487 98.0
1488 180.0
1489 203.0
1490 203.0
1491 203.0
1492 180.0
1493 191.0
1494 218.0
1495 180.0
1496 169.0
1497 169.0
1498 25.0
1499 180.0
1500 169.0
1501 204.0
1502 169.0
1503 169.0
1504 169.0
1505 185.0
1506 180.0
1507 32.0
1508 204.0
1509 109.0
1510 224.0
1511 180.0
1512 169.0
1513 180.0
1514 203.0
1515 180.0
1516 38.0
1517 32.0
1518 180.0
1519 203.0
1520 180.0
1521 6.0
1522 204.0
1523 0.0
1524 180.0
1525 251.0
1526 180.0
1527 251.0
1528 204.0
1529 180.0
1530 251.0
1531 180.0
1532 203.0
1533 0.0
1534 203.0
1535 180.0
1536 38.0
1537 169.0
1538 203.0
1539 180.0
1540 1.0
1541 251.0
1542 180.0
1543 180.0
1544 32.0
1545 180.0
1546 203.0
1547 185.0
1548 180.0
1549 32.0
1550 180.0
1551 180.0
1552 203.0
1553 169.0
1554 180.0
1555 169.0
1556 180.0
1557 180.0
1558 180.0
1559 204.0
1560 180.0
1561 169.0
1562 169.0
1563 180.0
1564 251.0
1565 87.0
1566 180.0
1567 180.0
1568 191.0
1569 109.0
1570 32.0
1571 180.0
1572 203.0
1573 0.0
1574 0.0
1575 38.0
1576 180.0
1577 180.0
1578 251.0
1579 180.0
1580 203.0
1581 251.0
1582 180.0
1583 32.0
1584 6.0
1585 180.0
1586 180.0
1587 224.0
1588 251.0
1589 204.0
1590 180.0
1591 1.0
1592 251.0
1593 180.0
1594 196.0
1595 49.0
1596 202.0
1597 203.0
1598 180.0
1599 180.0
1600 0.0
1601 180.0
1602 180.0
1603 158.0
1604 180.0
1605 38.0
1606 180.0
1607 180.0
1608 180.0
1609 180.0
1610 169.0
1611 180.0
1612 169.0
1613 169.0
1614 196.0
1615 251.0
1616 180.0
1617 180.0
1618 180.0
1619 251.0
1620 38.0
1621 32.0
1622 180.0
1623 204.0
1624 38.0
1625 0.0
1626 38.0
1627 169.0
1628 180.0
1629 169.0
1630 251.0
1631 203.0
1632 251.0
1633 49.0
1634 30.0
1635 6.0
1636 251.0
1637 180.0
1638 180.0
1639 251.0
1640 203.0
1641 180.0
1642 33.0
1643 204.0
1644 32.0
1645 38.0
1646 191.0
1647 196.0
1648 180.0
1649 185.0
1650 191.0
1651 125.0
1652 38.0
1653 169.0
1654 169.0
1655 180.0
1656 38.0
1657 218.0
1658 180.0
1659 115.0
1660 32.0
1661 180.0
1662 104.0
1663 180.0
1664 180.0
1665 185.0
1666 180.0
1667 204.0
1668 180.0
1669 180.0
1670 180.0
1671 203.0
1672 32.0
1673 180.0
1674 224.0
1675 38.0
1676 164.0
1677 180.0
1678 203.0
1679 169.0
1680 251.0
1681 204.0
1682 180.0
1683 251.0
1684 32.0
1685 203.0
1686 0.0
1687 38.0
1688 204.0
1689 218.0
1690 251.0
1691 203.0
1692 180.0
1693 203.0
1694 251.0
1695 180.0
1696 180.0
1697 191.0
1698 180.0
1699 187.0
1700 49.0
1701 180.0
1702 87.0
1703 180.0
1704 169.0
1705 251.0
1706 180.0
1707 180.0
1708 169.0
1709 180.0
1710 38.0
1711 218.0
1712 0.0
1713 180.0
1714 218.0
1715 180.0
1716 180.0
1717 180.0
1718 103.0
1719 180.0
1720 49.0
1721 218.0
1722 0.0
1723 33.0
1724 180.0
1725 169.0
1726 32.0
1727 0.0
1728 196.0
1729 180.0
1730 180.0
1731 218.0
1732 38.0
1733 180.0
1734 251.0
1735 32.0
1736 203.0
1737 1.0
1738 180.0
1739 180.0
1740 203.0
1741 251.0
1742 204.0
1743 180.0
1744 6.0
1745 169.0
1746 251.0
1747 180.0
1748 49.0
1749 251.0
1750 204.0
1751 180.0
1752 251.0
1753 87.0
1754 180.0
1755 218.0
1756 203.0
1757 251.0
1758 180.0
1759 169.0
1760 180.0
1761 180.0
1762 180.0
1763 169.0
1764 180.0
1765 218.0
1766 169.0
1767 180.0
1768 251.0
1769 185.0
1770 180.0
1771 180.0
1772 251.0
1773 169.0
1774 32.0
1775 180.0
1776 204.0
1777 0.0
1778 203.0
1779 204.0
1780 180.0
1781 169.0
1782 218.0
1783 180.0
1784 38.0
1785 251.0
1786 49.0
1787 203.0
1788 1.0
1789 180.0
1790 203.0
1791 169.0
1792 218.0
1793 203.0
1794 180.0
1795 203.0
1796 203.0
1797 32.0
1798 180.0
1799 32.0
1800 38.0
1801 180.0
1802 180.0
1803 180.0
1804 103.0
1805 180.0
1806 180.0
1807 169.0
1808 180.0
1809 180.0
1810 251.0
1811 169.0
1812 180.0
1813 180.0
1814 180.0
1815 180.0
1816 169.0
1817 180.0
1818 38.0
1819 251.0
1820 204.0
1821 180.0
1822 180.0
1823 180.0
1824 169.0
1825 203.0
1826 180.0
1827 203.0
1828 38.0
1829 164.0
1830 180.0
1831 0.0
1832 169.0
1833 251.0
1834 180.0
1835 180.0
1836 251.0
1837 180.0
1838 33.0
1839 6.0
1840 180.0
1841 203.0
1842 180.0
1843 218.0
1844 203.0
1845 180.0
1846 180.0
1847 251.0
1848 204.0
1849 180.0
1850 38.0
1851 196.0
1852 180.0
1853 203.0
1854 180.0
1855 238.0
1856 180.0
1857 224.0
1858 251.0
1859 169.0
1860 180.0
1861 224.0
1862 180.0
1863 32.0
1864 32.0
1865 204.0
1866 251.0
1867 251.0
1868 180.0
1869 38.0
1870 203.0
1871 0.0
1872 180.0
1873 180.0
1874 180.0
1875 38.0
1876 33.0
1877 180.0
1878 0.0
1879 180.0
1880 164.0
1881 218.0
1882 6.0
1883 180.0
1884 251.0
1885 38.0
1886 180.0
1887 251.0
1888 169.0
1889 109.0
1890 0.0
1891 180.0
1892 169.0
1893 196.0
1894 251.0
1895 204.0
1896 180.0
1897 1.0
1898 251.0
1899 180.0
1900 180.0
1901 169.0
1902 180.0
1903 203.0
1904 109.0
1905 180.0
1906 32.0
1907 180.0
1908 169.0
1909 203.0
1910 196.0
1911 169.0
1912 169.0
1913 180.0
1914 224.0
1915 32.0
1916 204.0
1917 191.0
1918 251.0
1919 180.0
1920 180.0
1921 251.0
1922 169.0
1923 180.0
1924 180.0
1925 180.0
1926 192.0
1927 38.0
1928 180.0
1929 38.0
1930 32.0
1931 203.0
1932 196.0
1933 180.0
1934 251.0
1935 251.0
1936 180.0
1937 180.0
1938 251.0
1939 180.0
1940 203.0
1941 6.0
1942 180.0
1943 203.0
1944 180.0
1945 169.0
1946 98.0
1947 180.0
1948 6.0
1949 251.0
1950 251.0
1951 180.0
1952 169.0
1953 218.0
1954 203.0
1955 169.0
1956 32.0
1957 180.0
1958 180.0
1959 218.0
1960 251.0
1961 180.0
1962 204.0
1963 218.0
1964 180.0
1965 180.0
1966 180.0
1967 204.0
1968 251.0
1969 218.0
1970 38.0
1971 180.0
1972 251.0
1973 203.0
1974 32.0
1975 203.0
1976 218.0
1977 180.0
1978 32.0
1979 180.0
1980 203.0
1981 38.0
1982 0.0
1983 180.0
1984 186.0
1985 169.0
1986 251.0
1987 180.0
1988 191.0
1989 251.0
1990 38.0
1991 203.0
1992 0.0
1993 180.0
1994 204.0
1995 180.0
1996 169.0
1997 203.0
1998 180.0
1999 33.0
2000 169.0
2001 32.0
2002 180.0
2003 38.0
2004 203.0
2005 218.0
2006 169.0
2007 104.0
2008 185.0
2009 180.0
2010 180.0
2011 251.0
2012 224.0
2013 185.0
2014 218.0
2015 169.0
2016 218.0
2017 180.0
2018 218.0
2019 180.0
2020 169.0
2021 218.0
2022 180.0
2023 191.0
2024 32.0
2025 180.0
2026 38.0
2027 180.0
2028 33.0
2029 33.0
2030 204.0
2031 203.0
2032 180.0
2033 158.0
2034 180.0
2035 251.0
2036 169.0
2037 251.0
2038 180.0
2039 169.0
2040 251.0
2041 224.0
2042 203.0
2043 1.0
2044 180.0
2045 87.0
2046 38.0
2047 0.0
2048 203.0
2049 180.0
2050 1.0
2051 251.0
2052 180.0
2053 180.0
2054 169.0
2055 251.0
2056 180.0
2057 169.0
2058 180.0
2059 0.0
2060 180.0
2061 218.0
2062 169.0
2063 251.0
2064 169.0
2065 169.0
2066 180.0
2067 180.0
2068 180.0
2069 180.0
2070 191.0
2071 169.0
2072 180.0
2073 180.0
2074 169.0
2075 32.0
2076 180.0
2077 180.0
2078 180.0
2079 0.0
2080 33.0
2081 180.0
2082 6.0
2083 204.0
2084 164.0
2085 169.0
2086 169.0
2087 224.0
2088 182.0
2089 180.0
2090 180.0
2091 251.0
2092 180.0
2093 33.0
2094 6.0
2095 180.0
2096 204.0
2097 180.0
2098 33.0
2099 203.0
2100 180.0
2101 203.0
2102 251.0
2103 32.0
2104 180.0
2105 38.0
2106 218.0
2107 169.0
2108 180.0
2109 180.0
2110 180.0
2111 180.0
2112 218.0
2113 203.0
2114 180.0
2115 204.0
2116 169.0
2117 180.0
2118 169.0
2119 32.0
2120 169.0
2121 180.0
2122 218.0
2123 180.0
2124 180.0
2125 251.0
2126 203.0
2127 203.0
2128 180.0
2129 180.0
2130 194.0
2131 33.0
2132 180.0
2133 38.0
2134 0.0
2135 180.0
2136 251.0
2137 203.0
2138 180.0
2139 251.0
2140 180.0
2141 169.0
2142 251.0
2143 32.0
2144 109.0
2145 6.0
2146 180.0
2147 204.0
2148 180.0
2149 169.0
2150 204.0
2151 180.0
2152 203.0
2153 203.0
2154 49.0
2155 180.0
2156 38.0
2157 169.0
2158 204.0
2159 180.0
2160 104.0
2161 203.0
2162 180.0
2163 218.0
2164 251.0
2165 180.0
2166 204.0
2167 251.0
2168 251.0
2169 180.0
2170 224.0
2171 204.0
2172 180.0
2173 251.0
2174 180.0
2175 180.0
2176 251.0
2177 32.0
2178 38.0
2179 180.0
2180 169.0
2181 191.0
2182 38.0
2183 180.0
2184 203.0
2185 180.0
2186 0.0
2187 218.0
2188 180.0
2189 218.0
2190 180.0
2191 180.0
2192 218.0
2193 251.0
2194 180.0
2195 180.0
2196 38.0
2197 180.0
2198 32.0
2199 169.0
2200 0.0
2201 204.0
2202 180.0
2203 169.0
2204 203.0
2205 32.0
2206 180.0
2207 191.0
2208 169.0
2209 251.0
2210 169.0
2211 180.0
2212 203.0
2213 180.0
2214 218.0
2215 180.0
2216 180.0
2217 180.0
2218 251.0
2219 169.0
2220 203.0
2221 180.0
2222 169.0
2223 251.0
2224 169.0
2225 180.0
2226 203.0
2227 44.0
2228 204.0
2229 180.0
2230 203.0
2231 251.0
2232 33.0
2233 33.0
2234 180.0
2235 38.0
2236 31.0
2237 174.0
2238 169.0
2239 180.0
2240 224.0
2241 182.0
2242 180.0
2243 251.0
2244 251.0
2245 180.0
2246 33.0
2247 0.0
2248 180.0
2249 203.0
2250 169.0
2251 32.0
2252 203.0
2253 180.0
2254 203.0
2255 251.0
2256 180.0
2257 180.0
2258 169.0
2259 180.0
2260 251.0
2261 203.0
2262 180.0
2263 0.0
2264 180.0
2265 218.0
2266 251.0
2267 169.0
2268 180.0
2269 169.0
2270 180.0
2271 180.0
2272 169.0
2273 180.0
2274 0.0
2275 251.0
2276 180.0
2277 180.0
2278 251.0
2279 203.0
2280 180.0
2281 180.0
2282 180.0
2283 196.0
2284 33.0
2285 180.0
2286 0.0
2287 203.0
2288 0.0
2289 169.0
2290 32.0
2291 169.0
2292 251.0
2293 180.0
2294 169.0
2295 251.0
2296 180.0
2297 203.0
2298 6.0
2299 180.0
2300 204.0
2301 224.0
2302 180.0
2303 203.0
2304 180.0
2305 180.0
2306 191.0
2307 180.0
2308 180.0
2309 38.0
2310 169.0
2311 180.0
2312 169.0
2313 120.0
2314 0.0
2315 180.0
2316 169.0
2317 251.0
2318 169.0
2319 180.0
2320 218.0
2321 251.0
2322 180.0
2323 0.0
2324 204.0
2325 169.0
2326 251.0
2327 251.0
2328 38.0
2329 251.0
2330 203.0
2331 196.0
2332 204.0
2333 169.0
2334 194.0
2335 32.0
2336 180.0
2337 203.0
2338 180.0
2339 0.0
2340 224.0
2341 169.0
2342 169.0
2343 239.0
2344 218.0
2345 180.0
2346 251.0
2347 0.0
2348 33.0
2349 6.0
2350 203.0
2351 204.0
2352 180.0
2353 251.0
2354 204.0
2355 180.0
2356 203.0
2357 203.0
2358 32.0
2359 180.0
2360 32.0
2361 169.0
2362 251.0
2363 38.0
2364 180.0
2365 180.0
2366 180.0
2367 180.0
2368 251.0
2369 251.0
2370 204.0
2371 251.0
2372 218.0
2373 169.0
2374 180.0
2375 204.0
2376 251.0
2377 185.0
2378 180.0
2379 38.0
2380 115.0
2381 33.0
2382 180.0
2383 38.0
2384 180.0
2385 0.0
2386 33.0
2387 180.0
2388 203.0
2389 204.0
2390 203.0
2391 169.0
2392 180.0
2393 218.0
2394 0.0
2395 180.0
2396 251.0
2397 251.0
2398 180.0
2399 180.0
2400 6.0
2401 180.0
2402 169.0
2403 169.0
2404 218.0
2405 204.0
2406 180.0
2407 185.0
2408 251.0
2409 251.0
2410 180.0
2411 180.0
2412 251.0
2413 206.0
2414 180.0
2415 0.0
2416 158.0
2417 180.0
2418 180.0
2419 169.0
2420 251.0
2421 185.0
2422 169.0
2423 169.0
2424 203.0
2425 180.0
2426 180.0
2427 185.0
2428 251.0
2429 180.0
2430 169.0
2431 180.0
2432 204.0
2433 38.0
2434 224.0
2435 169.0
2436 0.0
2437 30.0
2438 180.0
2439 169.0
2440 180.0
2441 174.0
2442 169.0
2443 0.0
2444 251.0
2445 0.0
2446 180.0
2447 251.0
2448 251.0
2449 180.0
2450 203.0
2451 0.0
2452 38.0
2453 204.0
2454 169.0
2455 98.0
2456 204.0
2457 180.0
2458 169.0
2459 251.0
2460 180.0
2461 180.0
2462 180.0
2463 169.0
2464 180.0
2465 180.0
2466 32.0
2467 169.0
2468 180.0
2469 38.0
2470 169.0
2471 218.0
2472 196.0
2473 251.0
2474 180.0
2475 180.0
2476 204.0
2477 180.0
2478 0.0
2479 251.0
2480 43.0
2481 180.0
2482 251.0
2483 203.0
2484 180.0
2485 180.0
2486 169.0
2487 194.0
2488 33.0
2489 180.0
2490 38.0
2491 180.0
2492 169.0
2493 169.0
2494 32.0
2495 169.0
2496 251.0
2497 180.0
2498 251.0
2499 251.0
2500 180.0
2501 38.0
2502 0.0
2503 38.0
2504 218.0
2505 180.0
2506 32.0
2507 204.0
2508 180.0
2509 251.0
2510 0.0
2511 169.0
2512 180.0
2513 32.0
2514 251.0
2515 251.0
2516 180.0
2517 180.0
2518 169.0
2519 180.0
2520 180.0
2521 251.0
2522 169.0
2523 180.0
2524 251.0
2525 218.0
2526 180.0
2527 32.0
2528 173.0
2529 180.0
2530 218.0
2531 180.0
2532 169.0
2533 169.0
2534 204.0
2535 180.0
2536 218.0
2537 191.0
2538 194.0
2539 33.0
2540 180.0
2541 180.0
2542 32.0
2543 0.0
2544 224.0
2545 251.0
2546 169.0
2547 239.0
2548 180.0
2549 242.0
2550 251.0
2551 204.0
2552 185.0
2553 1.0
2554 180.0
2555 180.0
2556 180.0
2557 33.0
2558 204.0
2559 180.0
2560 251.0
2561 0.0
2562 32.0
2563 180.0
2564 180.0
2565 251.0
2566 251.0
2567 180.0
2568 180.0
2569 32.0
2570 180.0
2571 218.0
2572 251.0
2573 251.0
2574 169.0
2575 169.0
2576 169.0
2577 180.0
2578 180.0
2579 251.0
2580 180.0
2581 169.0
2582 180.0
2583 32.0
2584 169.0
2585 203.0
2586 180.0
2587 185.0
2588 0.0
2589 0.0
2590 33.0
2591 180.0
2592 204.0
2593 38.0
2594 0.0
2595 218.0
2596 251.0
2597 218.0
2598 251.0
2599 0.0
2600 169.0
2601 251.0
2602 38.0
2603 191.0
2604 0.0
2605 180.0
2606 204.0
2607 169.0
2608 33.0
2609 204.0
2610 180.0
2611 169.0
2612 251.0
2613 180.0
2614 180.0
2615 169.0
2616 251.0
2617 251.0
2618 180.0
2619 114.0
2620 180.0
2621 180.0
2622 169.0
2623 203.0
2624 169.0
2625 185.0
2626 169.0
2627 180.0
2628 196.0
2629 224.0
2630 180.0
2631 104.0
2632 251.0
2633 180.0
2634 180.0
2635 251.0
2636 180.0
2637 196.0
2638 180.0
2639 25.0
2640 169.0
2641 33.0
2642 180.0
2643 169.0
2644 204.0
2645 0.0
2646 169.0
2647 169.0
2648 169.0
2649 251.0
2650 169.0
2651 251.0
2652 251.0
2653 180.0
2654 203.0
2655 0.0
2656 38.0
2657 180.0
2658 180.0
2659 0.0
2660 203.0
2661 180.0
2662 251.0
2663 251.0
2664 251.0
2665 180.0
2666 38.0
2667 169.0
2668 180.0
2669 180.0
2670 114.0
2671 180.0
2672 180.0
2673 218.0
2674 251.0
2675 169.0
2676 32.0
2677 180.0
2678 218.0
2679 218.0
2680 32.0
2681 218.0
2682 251.0
2683 251.0
2684 180.0
2685 180.0
2686 158.0
2687 32.0
2688 169.0
2689 180.0
2690 251.0
2691 169.0
2692 38.0
2693 180.0
2694 180.0
2695 0.0
2696 164.0
2697 251.0
2698 98.0
2699 169.0
2700 98.0
2701 169.0
2702 251.0
2703 251.0
2704 180.0
2705 203.0
2706 0.0
2707 204.0
2708 38.0
2709 180.0
2710 0.0
2711 204.0
2712 180.0
2713 251.0
2714 251.0
2715 32.0
2716 180.0
2717 32.0
2718 169.0
2719 204.0
2720 180.0
2721 180.0
2722 203.0
2723 180.0
2724 218.0
2725 251.0
2726 180.0
2727 203.0
2728 169.0
2729 169.0
2730 180.0
2731 180.0
2732 204.0
2733 251.0
2734 169.0
2735 251.0
2736 203.0
2737 180.0
2738 180.0
2739 204.0
2740 169.0
2741 180.0
2742 158.0
2743 33.0
2744 180.0
2745 169.0
2746 180.0
2747 0.0
2748 218.0
2749 169.0
2750 251.0
2751 33.0
2752 203.0
2753 242.0
2754 251.0
2755 180.0
2756 204.0
2757 0.0
2758 180.0
2759 204.0
2760 251.0
2761 98.0
2762 203.0
2763 180.0
2764 251.0
2765 251.0
2766 180.0
2767 38.0
2768 169.0
2769 251.0
2770 204.0
2771 180.0
2772 180.0
2773 180.0
2774 180.0
2775 218.0
2776 180.0
2777 169.0
2778 218.0
2779 169.0
2780 180.0
2781 169.0
2782 180.0
2783 169.0
2784 169.0
2785 251.0
2786 180.0
2787 203.0
2788 251.0
2789 169.0
2790 203.0
2791 169.0
2792 32.0
2793 0.0
2794 30.0
2795 180.0
2796 169.0
2797 25.0
2798 0.0
2799 169.0
2800 180.0
2801 180.0
2802 251.0
2803 0.0
2804 185.0
2805 251.0
2806 180.0
2807 203.0
2808 0.0
2809 180.0
2810 204.0
2811 180.0
2812 0.0
2813 204.0
2814 180.0
2815 169.0
2816 0.0
2817 180.0
2818 180.0
2819 203.0
2820 251.0
2821 180.0
2822 204.0
2823 114.0
2824 180.0
2825 180.0
2826 218.0
2827 251.0
2828 180.0
2829 180.0
2830 251.0
2831 251.0
2832 169.0
2833 203.0
2834 180.0
2835 251.0
2836 251.0
2837 180.0
2838 180.0
2839 180.0
2840 251.0
2841 180.0
2842 180.0
2843 169.0
2844 169.0
2845 32.0
2846 180.0
2847 180.0
2848 32.0
2849 164.0
2850 251.0
2851 251.0
2852 251.0
2853 251.0
2854 6.0
2855 251.0
2856 251.0
2857 180.0
2858 203.0
2859 32.0
2860 203.0
2861 32.0
2862 218.0
2863 0.0
2864 204.0
2865 180.0
2866 251.0
2867 109.0
2868 191.0
2869 180.0
2870 32.0
2871 169.0
2872 26.0
2873 180.0
2874 180.0
2875 203.0
2876 180.0
2877 218.0
2878 251.0
2879 169.0
2880 203.0
2881 218.0
2882 169.0
2883 180.0
2884 32.0
2885 204.0
2886 251.0
2887 169.0
2888 180.0
2889 180.0
2890 109.0
2891 98.0
2892 180.0
2893 180.0
2894 180.0
2895 194.0
2896 33.0
2897 180.0
2898 224.0
2899 175.0
2900 203.0
2901 218.0
2902 251.0
2903 251.0
2904 251.0
2905 203.0
2906 251.0
2907 251.0
2908 180.0
2909 203.0
2910 32.0
2911 251.0
2912 169.0
2913 180.0
2914 224.0
2915 204.0
2916 180.0
2917 180.0
2918 251.0
2919 0.0
2920 180.0
2921 38.0
2922 169.0
2923 204.0
2924 180.0
2925 180.0
2926 180.0
2927 180.0
2928 218.0
2929 251.0
2930 0.0
2931 204.0
2932 169.0
2933 251.0
2934 251.0
2935 169.0
2936 180.0
2937 251.0
2938 251.0
2939 180.0
2940 38.0
2941 251.0
2942 98.0
2943 203.0
2944 169.0
2945 180.0
2946 32.0
2947 33.0
2948 180.0
2949 185.0
2950 180.0
2951 0.0
2952 169.0
2953 180.0
2954 169.0
2955 251.0
2956 203.0
2957 169.0
2958 251.0
2959 32.0
2960 180.0
2961 0.0
2962 180.0
2963 204.0
2964 185.0
2965 33.0
2966 204.0
2967 180.0
2968 251.0
2969 251.0
2970 180.0
2971 180.0
2972 180.0
2973 239.0
2974 204.0
2975 180.0
2976 32.0
2977 203.0
2978 180.0
2979 218.0
2980 251.0
2981 180.0
2982 180.0
2983 169.0
2984 180.0
2985 169.0
2986 180.0
2987 180.0
2988 169.0
2989 180.0
2990 196.0
2991 180.0
2992 251.0
2993 98.0
2994 180.0
2995 251.0
2996 25.0
2997 38.0
2998 33.0
2999 180.0
3000 175.0
3001 203.0
3002 203.0
3003 169.0
3004 251.0
3005 180.0
3006 169.0
3007 180.0
3008 251.0
3009 251.0
3010 180.0
3011 169.0
3012 0.0
3013 180.0
3014 204.0
3015 218.0
3016 0.0
3017 204.0
3018 180.0
3019 251.0
3020 251.0
3021 251.0
3022 180.0
3023 180.0
3024 251.0
3025 204.0
3026 180.0
3027 114.0
3028 203.0
3029 180.0
3030 169.0
3031 251.0
3032 251.0
3033 180.0
3034 251.0
3035 169.0
3036 169.0
3037 169.0
3038 204.0
3039 169.0
3040 251.0
3041 203.0
3042 180.0
3043 109.0
3044 203.0
3045 180.0
3046 180.0
3047 180.0
3048 0.0
3049 33.0
3050 180.0
3051 180.0
3052 0.0
3053 164.0
3054 180.0
3055 180.0
3056 251.0
3057 251.0
3058 180.0
3059 0.0
3060 251.0
3061 180.0
3062 109.0
3063 25.0
3064 180.0
3065 32.0
3066 180.0
3067 0.0
3068 204.0
3069 180.0
3070 251.0
3071 251.0
3072 251.0
3073 180.0
3074 38.0
3075 169.0
3076 0.0
3077 180.0
3078 180.0
3079 180.0
3080 180.0
3081 251.0
3082 218.0
3083 251.0
3084 169.0
3085 251.0
3086 49.0
3087 180.0
3088 109.0
3089 204.0
3090 251.0
3091 251.0
3092 180.0
3093 203.0
3094 109.0
3095 98.0
3096 180.0
3097 169.0
3098 180.0
3099 0.0
3100 38.0
3101 180.0
3102 191.0
3103 0.0
3104 0.0
3105 224.0
3106 251.0
3107 251.0
3108 98.0
3109 0.0
3110 204.0
3111 251.0
3112 38.0
3113 203.0
3114 0.0
3115 180.0
3116 32.0
3117 180.0
3118 193.0
3119 203.0
3120 185.0
3121 251.0
3122 251.0
3123 169.0
3124 180.0
3125 169.0
3126 251.0
3127 204.0
3128 169.0
3129 180.0
3130 180.0
3131 180.0
3132 251.0
3133 251.0
3134 169.0
3135 251.0
3136 251.0
3137 180.0
3138 180.0
3139 180.0
3140 180.0
3141 251.0
3142 218.0
3143 180.0
3144 218.0
3145 251.0
3146 203.0
3147 180.0
3148 218.0
3149 0.0
3150 203.0
3151 33.0
3152 180.0
3153 0.0
3154 180.0
3155 169.0
3156 169.0
3157 251.0
3158 180.0
3159 251.0
3160 180.0
3161 251.0
3162 251.0
3163 180.0
3164 38.0
3165 0.0
3166 180.0
3167 180.0
3168 204.0
3169 169.0
3170 203.0
3171 218.0
3172 251.0
3173 0.0
3174 251.0
3175 180.0
3176 169.0
3177 251.0
3178 204.0
3179 38.0
3180 180.0
3181 251.0
3182 180.0
3183 169.0
3184 251.0
3185 251.0
3186 180.0
3187 251.0
3188 251.0
3189 169.0
3190 180.0
3191 180.0
3192 0.0
3193 218.0
3194 169.0
3195 180.0
3196 251.0
3197 169.0
3198 180.0
3199 180.0
3200 0.0
3201 0.0
3202 38.0
3203 180.0
3204 204.0
3205 204.0
3206 164.0
3207 169.0
3208 251.0
3209 169.0
3210 251.0
3211 180.0
3212 251.0
3213 251.0
3214 180.0
3215 191.0
3216 32.0
3217 180.0
3218 204.0
3219 169.0
3220 0.0
3221 98.0
3222 180.0
3223 251.0
3224 251.0
3225 251.0
3226 169.0
3227 169.0
3228 251.0
3229 26.0
3230 203.0
3231 32.0
3232 203.0
3233 180.0
3234 218.0
3235 251.0
3236 251.0
3237 169.0
3238 218.0
3239 0.0
3240 251.0
3241 32.0
3242 180.0
3243 251.0
3244 218.0
3245 169.0
3246 174.0
3247 38.0
3248 98.0
3249 169.0
3250 218.0
3251 180.0
3252 406.0
3253 38.0
3254 180.0
3255 180.0
3256 0.0
3257 0.0
3258 251.0
3259 169.0
3260 251.0
3261 30.0
3262 203.0
3263 0.0
3264 406.0
3265 0.0
3266 169.0
3267 0.0
3268 32.0
3269 180.0
3270 32.0
3271 32.0
3272 33.0
3273 32.0
3274 32.0
3275 0.0
3276 169.0
3277 180.0
3278 33.0
3279 169.0
3280 0.0
3281 169.0
3282 32.0
3283 32.0
3284 180.0
3285 169.0
3286 0.0
3287 180.0
3288 38.0
3289 32.0
3290 6.0
3291 0.0
3292 32.0
3293 158.0
3294 109.0
3295 169.0
3296 32.0
3297 158.0
3298 38.0
3299 169.0
3300 180.0
3301 32.0
3302 109.0
3303 158.0
3304 0.0
3305 180.0
3306 180.0
3307 32.0
3308 0.0
3309 0.0
3310 169.0
3311 169.0
3312 251.0
3313 180.0
3314 32.0
3315 406.0
3316 0.0
3317 38.0
3318 0.0
3319 180.0
3320 158.0
3321 0.0
3322 87.0
3323 0.0
3324 25.0
3325 120.0
3326 203.0
3327 180.0
3328 6.0
3329 180.0
3330 189.0
3331 32.0
3332 158.0
3333 6.0
3334 169.0
3335 180.0
3336 180.0
3337 239.0
3338 169.0
3339 0.0
3340 158.0
3341 158.0
3342 180.0
3343 180.0
3344 180.0
3345 7.0
3346 169.0
3347 180.0
3348 0.0
3349 180.0
3350 38.0
3351 0.0
3352 186.0
3353 0.0
3354 0.0
3355 30.0
3356 180.0
3357 203.0
3358 173.0
3359 202.0
3360 169.0
3361 33.0
3362 169.0
3363 203.0
3364 0.0
3365 169.0
3366 406.0
3367 196.0
3368 204.0
3369 6.0
3370 147.0
3371 158.0
3372 38.0
3373 0.0
3374 189.0
3375 49.0
3376 196.0
3377 203.0
3378 6.0
3379 32.0
3380 6.0
3381 0.0
3382 180.0
3383 32.0
3384 0.0
3385 71.0
3386 180.0
3387 173.0
3388 0.0
3389 251.0
3390 98.0
3391 0.0
3392 180.0
3393 169.0
3394 0.0
3395 180.0
3396 0.0
3397 196.0
3398 33.0
3399 203.0
3400 38.0
3401 204.0
3402 32.0
3403 169.0
3404 169.0
3405 0.0
3406 30.0
3407 180.0
3408 180.0
3409 25.0
3410 0.0
3411 192.0
3412 0.0
3413 0.0
3414 169.0
3415 32.0
3416 0.0
3417 406.0
3418 194.0
3419 180.0
3420 33.0
3421 169.0
3422 0.0
3423 169.0
3424 0.0
3425 239.0
3426 180.0
3427 158.0
3428 204.0
3429 180.0
3430 158.0
3431 169.0
3432 0.0
3433 14.0
3434 169.0
3435 25.0
3436 251.0
3437 180.0
3438 251.0
3439 158.0
3440 189.0
3441 169.0
3442 0.0
3443 169.0
3444 0.0
3445 6.0
3446 38.0
3447 251.0
3448 0.0
3449 169.0
3450 32.0
3451 49.0
3452 203.0
3453 33.0
3454 169.0
3455 180.0
3456 158.0
3457 38.0
3458 180.0
3459 190.0
3460 0.0
3461 0.0
3462 406.0
3463 251.0
3464 6.0
3465 180.0
3466 0.0
3467 32.0
3468 406.0
3469 169.0
3470 158.0
3471 169.0
3472 250.0
3473 180.0
3474 169.0
3475 0.0
3476 0.0
3477 6.0
3478 203.0
3479 203.0
3480 32.0
3481 242.0
3482 204.0
3483 203.0
3484 0.0
3485 169.0
3486 169.0
3487 324.0
3488 180.0
3489 191.0
3490 0.0
3491 32.0
3492 0.0
3493 0.0
3494 0.0
3495 109.0
3496 33.0
3497 204.0
3498 251.0
3499 169.0
3500 32.0
3501 32.0
3502 38.0
3503 38.0
3504 33.0
3505 0.0
3506 158.0
3507 158.0
3508 33.0
3509 180.0
3510 180.0
3511 38.0
3512 0.0
3513 158.0
3514 43.0
3515 158.0
3516 194.0
3517 32.0
3518 158.0
3519 406.0
3520 71.0
3521 158.0
3522 180.0
3523 180.0
3524 158.0
3525 169.0
3526 87.0
3527 251.0
3528 158.0
3529 194.0
3530 203.0
3531 169.0
3532 203.0
3533 204.0
3534 169.0
3535 32.0
3536 169.0
3537 169.0
3538 0.0
3539 180.0
3540 158.0
3541 0.0
3542 169.0
3543 191.0
3544 0.0
3545 0.0
3546 169.0
3547 104.0
3548 87.0
3549 0.0
3550 158.0
3551 0.0
3552 0.0
3553 180.0
3554 169.0
3555 203.0
3556 192.0
3557 204.0
3558 0.0
3559 38.0
3560 180.0
3561 169.0
3562 0.0
3563 0.0
3564 194.0
3565 169.0
3566 38.0
3567 0.0
3568 32.0
3569 43.0
3570 406.0
3571 0.0
3572 0.0
3573 38.0
3574 6.0
3575 0.0
3576 44.0
3577 25.0
3578 251.0
3579 194.0
3580 32.0
3581 158.0
3582 191.0
3583 158.0
3584 169.0
3585 189.0
3586 180.0
3587 25.0
3588 0.0
3589 406.0
3590 180.0
3591 158.0
3592 406.0
3593 0.0
3594 6.0
3595 33.0
3596 32.0
3597 189.0
3598 189.0
3599 204.0
3600 203.0
3601 0.0
3602 6.0
3603 32.0
3604 49.0
3605 204.0
3606 204.0
3607 158.0
3608 203.0
3609 158.0
3610 38.0
3611 180.0
3612 158.0
3613 0.0
3614 0.0
3615 158.0
3616 169.0
3617 0.0
3618 180.0
3619 32.0
3620 194.0
3621 406.0
3622 32.0
3623 173.0
3624 158.0
3625 194.0
3626 204.0
3627 169.0
3628 0.0
3629 0.0
3630 0.0
3631 169.0
3632 185.0
3633 251.0
3634 194.0
3635 158.0
3636 115.0
3637 0.0
3638 203.0
3639 169.0
3640 0.0
3641 0.0
3642 191.0
3643 0.0
3644 71.0
3645 32.0
3646 32.0
3647 120.0
3648 169.0
3649 33.0
3650 324.0
3651 251.0
3652 191.0
3653 169.0
3654 169.0
3655 38.0
3656 204.0
3657 158.0
3658 203.0
3659 6.0
3660 158.0
3661 33.0
3662 33.0
3663 180.0
3664 6.0
3665 0.0
3666 169.0
3667 251.0
3668 158.0
3669 169.0
3670 32.0
3671 158.0
3672 406.0
3673 71.0
3674 158.0
3675 169.0
3676 0.0
3677 147.0
3678 38.0
3679 169.0
3680 98.0
3681 32.0
3682 0.0
3683 0.0
3684 169.0
3685 203.0
3686 204.0
3687 0.0
3688 32.0
3689 158.0
3690 0.0
3691 32.0
3692 251.0
3693 32.0
3694 0.0
3695 71.0
3696 169.0
3697 192.0
3698 180.0
3699 203.0
3700 33.0
3701 158.0
3702 0.0
3703 180.0
3704 189.0
3705 32.0
3706 38.0
3707 38.0
3708 33.0
3709 0.0
3710 251.0
3711 147.0
3712 33.0
3713 180.0
3714 194.0
3715 180.0
3716 164.0
3717 180.0
3718 169.0
3719 158.0
3720 0.0
3721 32.0
3722 0.0
3723 406.0
3724 0.0
3725 0.0
3726 38.0
3727 158.0
3728 0.0
3729 0.0
3730 203.0
3731 239.0
3732 196.0
3733 158.0
3734 158.0
3735 324.0
3736 0.0
3737 169.0
3738 115.0
3739 238.0
3740 25.0
3741 0.0
3742 319.0
3743 251.0
3744 158.0
3745 0.0
3746 192.0
3747 6.0
3748 0.0
3749 0.0
3750 6.0
3751 180.0
3752 406.0
3753 203.0
3754 158.0
3755 169.0
3756 169.0
3757 38.0
3758 38.0
3759 25.0
3760 0.0
3761 203.0
3762 169.0
3763 38.0
3764 49.0
3765 71.0
3766 38.0
3767 0.0
3768 169.0
3769 251.0
3770 0.0
3771 209.0
3772 32.0
3773 169.0
3774 406.0
3775 0.0
3776 203.0
3777 38.0
3778 194.0
3779 158.0
3780 194.0
3781 158.0
3782 0.0
3783 0.0
3784 169.0
3785 32.0
3786 32.0
3787 0.0
3788 158.0
3789 189.0
3790 0.0
3791 33.0
3792 0.0
3793 71.0
3794 203.0
3795 0.0
3796 0.0
3797 0.0
3798 38.0
3799 158.0
3800 196.0
3801 0.0
3802 180.0
3803 38.0
3804 180.0
3805 251.0
3806 158.0
3807 32.0
3808 203.0
3809 204.0
3810 38.0
3811 6.0
3812 158.0
3813 158.0
3814 38.0
3815 180.0
3816 191.0
3817 33.0
3818 0.0
3819 169.0
3820 0.0
3821 32.0
3822 251.0
3823 32.0
3824 180.0
3825 406.0
3826 169.0
3827 158.0
3828 158.0
3829 158.0
3830 158.0
3831 158.0
3832 158.0
3833 169.0
3834 169.0
3835 0.0
3836 0.0
3837 406.0
3838 194.0
3839 203.0
3840 120.0
3841 71.0
3842 158.0
3843 169.0
3844 173.0
3845 0.0
3846 191.0
3847 406.0
3848 71.0
3849 173.0
3850 158.0
3851 98.0
3852 169.0
3853 180.0
3854 180.0
3855 251.0
3856 203.0
3857 169.0
3858 0.0
3859 49.0
3860 204.0
3861 180.0
3862 0.0
3863 0.0
3864 147.0
3865 0.0
3866 180.0
3867 194.0
3868 38.0
3869 0.0
3870 169.0
3871 251.0
3872 218.0
3873 0.0
3874 32.0
3875 203.0
3876 406.0
3877 0.0
3878 158.0
3879 0.0
3880 32.0
3881 0.0
3882 0.0
3883 158.0
3884 239.0
3885 180.0
3886 317.0
3887 0.0
3888 169.0
3889 0.0
3890 203.0
3891 0.0
3892 33.0
3893 25.0
3894 0.0
3895 169.0
3896 251.0
3897 6.0
3898 0.0
3899 71.0
3900 38.0
3901 0.0
3902 38.0
3903 324.0
3904 203.0
3905 158.0
3906 169.0
3907 158.0
3908 203.0
3909 191.0
3910 49.0
3911 0.0
3912 203.0
3913 0.0
3914 6.0
3915 158.0
3916 169.0
3917 0.0
3918 38.0
3919 203.0
3920 164.0
3921 319.0
3922 180.0
3923 189.0
3924 209.0
3925 32.0
3926 169.0
3927 406.0
3928 0.0
3929 0.0
3930 169.0
3931 33.0
3932 0.0
3933 71.0
3934 32.0
3935 109.0
3936 32.0
3937 158.0
3938 203.0
3939 320.0
3940 169.0
3941 25.0
3942 169.0
3943 0.0
3944 25.0
3945 169.0
3946 203.0
3947 251.0
3948 203.0
3949 0.0
3950 0.0
3951 191.0
3952 0.0
3953 6.0
3954 169.0
3955 203.0
3956 158.0
3957 0.0
3958 251.0
3959 251.0
3960 191.0
3961 158.0
3962 6.0
3963 32.0
3964 0.0
3965 191.0
3966 158.0
3967 38.0
3968 32.0
3969 71.0
3970 0.0
3971 180.0
3972 317.0
3973 320.0
3974 6.0
3975 0.0
3976 32.0
3977 194.0
3978 406.0
3979 0.0
3980 0.0
3981 169.0
3982 0.0
3983 158.0
3984 158.0
3985 195.0
3986 32.0
3987 0.0
3988 0.0
3989 0.0
3990 173.0
3991 194.0
3992 158.0
3993 191.0
3994 0.0
3995 38.0
3996 158.0
3997 169.0
3998 251.0
3999 0.0
4000 0.0
4001 0.0
4002 169.0
4003 0.0
4004 158.0
4005 158.0
4006 180.0
4007 225.0
4008 251.0
4009 158.0
4010 38.0
4011 169.0
4012 49.0
4013 158.0
4014 169.0
4015 173.0
4016 192.0
4017 158.0
4018 33.0
4019 180.0
4020 194.0
4021 158.0
4022 0.0
4023 169.0
4024 32.0
4025 169.0
4026 0.0
4027 32.0
4028 169.0
4029 406.0
4030 32.0
4031 204.0
4032 169.0
4033 0.0
4034 0.0
4035 0.0
4036 158.0
4037 180.0
4038 178.0
4039 0.0
4040 169.0
4041 180.0
4042 32.0
4043 203.0
4044 33.0
4045 71.0
4046 158.0
4047 158.0
4048 71.0
4049 180.0
4050 180.0
4051 71.0
4052 71.0
4053 32.0
4054 406.0
4055 169.0
4056 120.0
4057 180.0
4058 33.0
4059 0.0
4060 203.0
4061 169.0
4062 169.0
4063 203.0
4064 98.0
4065 33.0
4066 189.0
4067 0.0
4068 0.0
4069 32.0
4070 180.0
4071 169.0
4072 0.0
4073 0.0
4074 32.0
4075 6.0
4076 251.0
4077 169.0
4078 32.0
4079 180.0
4080 406.0
4081 0.0
4082 158.0
4083 158.0
4084 169.0
4085 0.0
4086 169.0
4087 180.0
4088 171.0
4089 180.0
4090 194.0
4091 0.0
4092 324.0
4093 169.0
4094 32.0
4095 324.0
4096 71.0
4097 25.0
4098 147.0
4099 169.0
4100 251.0
4101 251.0
4102 71.0
4103 324.0
4104 158.0
4105 196.0
4106 251.0
4107 324.0
4108 180.0
4109 180.0
4110 251.0
4111 0.0
4112 169.0
4113 0.0
4114 49.0
4115 6.0
4116 44.0
4117 6.0
4118 38.0
4119 158.0
4120 38.0
4121 169.0
4122 158.0
4123 169.0
4124 164.0
4125 337.0
4126 180.0
4127 194.0
4128 0.0
4129 32.0
4130 180.0
4131 406.0
4132 180.0
4133 38.0
4134 169.0
4135 0.0
4136 0.0
4137 0.0
4138 38.0
4139 6.0
4140 158.0
4141 169.0
4142 0.0
4143 180.0
4144 251.0
4145 38.0
4146 169.0
4147 0.0
4148 203.0
4149 32.0
4150 169.0
4151 180.0
4152 6.0
4153 251.0
4154 0.0
4155 203.0
4156 158.0
4157 0.0
4158 169.0
4159 203.0
4160 158.0
4161 6.0
4162 251.0
4163 251.0
4164 0.0
4165 32.0
4166 32.0
4167 169.0
4168 406.0
4169 169.0
4170 158.0
4171 25.0
4172 169.0
4173 158.0
4174 0.0
4175 0.0
4176 169.0
4177 169.0
4178 38.0
4179 251.0
4180 0.0
4181 32.0
4182 406.0
4183 71.0
4184 0.0
4185 38.0
4186 169.0
4187 6.0
4188 0.0
4189 158.0
4190 25.0
4191 180.0
4192 158.0
4193 165.0
4194 406.0
4195 169.0
4196 38.0
4197 169.0
4198 194.0
4199 38.0
4200 169.0
4201 71.0
4202 33.0
4203 169.0
4204 169.0
4205 71.0
4206 0.0
4207 38.0
4208 180.0
4209 169.0
4210 158.0
4211 158.0
4212 169.0
4213 169.0
4214 71.0
4215 169.0
4216 32.0
4217 204.0
4218 204.0
4219 169.0
4220 6.0
4221 147.0
4222 30.0
4223 251.0
4224 0.0
4225 180.0
4226 0.0
4227 169.0
4228 32.0
4229 169.0
4230 0.0
4231 169.0
4232 38.0
4233 406.0
4234 0.0
4235 158.0
4236 38.0
4237 217.0
4238 165.0
4239 71.0
4240 158.0
4241 0.0
4242 191.0
4243 406.0
4244 0.0
4245 319.0
4246 169.0
4247 204.0
4248 251.0
4249 0.0
4250 38.0
4251 147.0
4252 180.0
4253 180.0
4254 158.0
4255 169.0
4256 71.0
4257 169.0
4258 324.0
4259 209.0
4260 0.0
4261 180.0
4262 32.0
4263 251.0
4264 251.0
4265 251.0
4266 169.0
4267 32.0
4268 6.0
4269 33.0
4270 319.0
4271 189.0
4272 158.0
4273 38.0
4274 180.0
4275 194.0
4276 32.0
4277 0.0
4278 324.0
4279 158.0
4280 189.0
4281 169.0
4282 0.0
4283 169.0
4284 406.0
4285 0.0
4286 158.0
4287 169.0
4288 0.0
4289 169.0
4290 71.0
4291 191.0
4292 0.0
4293 406.0
4294 38.0
4295 0.0
4296 324.0
4297 203.0
4298 0.0
4299 169.0
4300 71.0
4301 173.0
4302 147.0
4303 169.0
4304 203.0
4305 191.0
4306 169.0
4307 71.0
4308 0.0
4309 169.0
4310 173.0
4311 169.0
4312 203.0
4313 158.0
4314 251.0
4315 32.0
4316 6.0
4317 192.0
4318 203.0
4319 32.0
4320 169.0
4321 169.0
4322 0.0
4323 158.0
4324 0.0
4325 0.0
4326 71.0
4327 0.0
4328 174.0
4329 324.0
4330 38.0
4331 32.0
4332 209.0
4333 25.0
4334 109.0
4335 406.0
4336 0.0
4337 203.0
4338 180.0
4339 173.0
4340 0.0
4341 0.0
4342 203.0
4343 169.0
4344 32.0
4345 158.0
4346 251.0
4347 169.0
4348 0.0
4349 158.0
4350 169.0
4351 169.0
4352 38.0
4353 158.0
4354 324.0
4355 0.0
4356 98.0
4357 251.0
4358 0.0
4359 169.0
4360 169.0
4361 169.0
4362 169.0
4363 203.0
4364 158.0
4365 0.0
4366 0.0
4367 158.0
4368 169.0
4369 32.0
4370 169.0
4371 169.0
4372 169.0
4373 32.0
4374 0.0
4375 0.0
4376 180.0
4377 0.0
4378 0.0
4379 174.0
4380 406.0
4381 38.0
4382 0.0
4383 239.0
4384 0.0
4385 0.0
4386 406.0
4387 0.0
4388 203.0
4389 38.0
4390 251.0
4391 169.0
4392 0.0
4393 158.0
4394 251.0
4395 169.0
4396 169.0
4397 180.0
4398 324.0
4399 32.0
4400 0.0
4401 32.0
4402 0.0
4403 38.0
4404 158.0
4405 169.0
4406 180.0
4407 0.0
4408 169.0
4409 0.0
4410 406.0
4411 317.0
4412 194.0
4413 0.0
4414 203.0
4415 38.0
4416 0.0
4417 38.0
4418 158.0
4419 32.0
4420 32.0
4421 204.0
4422 38.0
4423 180.0
4424 32.0
4425 158.0
4426 0.0
4427 180.0
4428 0.0
4429 0.0
4430 169.0
4431 406.0
4432 169.0
4433 49.0
4434 0.0
4435 32.0
4436 0.0
4437 406.0
4438 191.0
4439 158.0
4440 38.0
4441 251.0
4442 158.0
4443 158.0
4444 158.0
4445 71.0
4446 169.0
4447 120.0
4448 0.0
4449 319.0
4450 191.0
4451 0.0
4452 0.0
4453 0.0
4454 204.0
4455 158.0
4456 169.0
4457 6.0
4458 169.0
4459 0.0
4460 0.0
4461 0.0
4462 32.0
4463 158.0
4464 0.0
4465 203.0
4466 158.0
4467 0.0
4468 109.0
4469 171.0
4470 169.0
4471 0.0
4472 204.0
4473 204.0
4474 324.0
4475 194.0
4476 158.0
4477 38.0
4478 180.0
4479 0.0
4480 0.0
4481 169.0
4482 169.0
4483 169.0
4484 169.0
4485 209.0
4486 0.0
4487 98.0
4488 406.0
4489 0.0
4490 203.0
4491 180.0
4492 158.0
4493 0.0
4494 0.0
4495 203.0
4496 71.0
4497 0.0
4498 0.0
4499 191.0
4500 180.0
4501 180.0
4502 38.0
4503 169.0
4504 337.0
4505 203.0
4506 32.0
4507 32.0
4508 180.0
4509 191.0
4510 239.0
4511 251.0
4512 169.0
4513 169.0
4514 158.0
4515 32.0
4516 203.0
4517 158.0
4518 251.0
4519 38.0
4520 6.0
4521 0.0
4522 33.0
4523 32.0
4524 173.0
4525 406.0
4526 158.0
4527 0.0
4528 33.0
4529 0.0
4530 71.0
4531 0.0
4532 169.0
4533 406.0
4534 169.0
4535 204.0
4536 209.0
4537 0.0
4538 38.0
4539 406.0
4540 0.0
4541 203.0
4542 38.0
4543 158.0
4544 38.0
4545 0.0
4546 180.0
4547 169.0
4548 169.0
4549 169.0
4550 0.0
4551 406.0
4552 38.0
4553 158.0
4554 169.0
4555 0.0
4556 173.0
4557 109.0
4558 169.0
4559 169.0
4560 158.0
4561 239.0
4562 0.0
4563 169.0
4564 324.0
4565 98.0
4566 406.0
4567 203.0
4568 32.0
4569 0.0
4570 6.0
4571 169.0
4572 158.0
4573 203.0
4574 6.0
4575 169.0
4576 169.0
4577 180.0
4578 147.0
4579 0.0
4580 191.0
4581 196.0
4582 0.0
4583 169.0
4584 173.0
4585 32.0
4586 169.0
4587 0.0
4588 0.0
4589 178.0
4590 406.0
4591 0.0
4592 158.0
4593 38.0
4594 0.0
4595 158.0
4596 320.0
4597 158.0
4598 209.0
4599 324.0
4600 169.0
4601 6.0
4602 319.0
4603 169.0
4604 204.0
4605 0.0
4606 0.0
4607 38.0
4608 158.0
4609 71.0
4610 0.0
4611 169.0
4612 71.0
4613 0.0
4614 0.0
4615 169.0
4616 0.0
4617 0.0
4618 180.0
4619 158.0
4620 0.0
4621 32.0
4622 191.0
4623 158.0
4624 32.0
4625 204.0
4626 173.0
4627 324.0
4628 0.0
4629 158.0
4630 0.0
4631 6.0
4632 194.0
4633 0.0
4634 169.0
4635 173.0
4636 169.0
4637 32.0
4638 158.0
4639 0.0
4640 169.0
4641 406.0
4642 218.0
4643 38.0
4644 38.0
4645 180.0
4646 194.0
4647 158.0
4648 203.0
4649 251.0
4650 0.0
4651 32.0
4652 186.0
4653 324.0
4654 180.0
4655 0.0
4656 189.0
4657 158.0
4658 38.0
4659 158.0
4660 324.0
4661 180.0
4662 191.0
4663 169.0
4664 0.0
4665 169.0
4666 319.0
4667 158.0
4668 0.0
4669 203.0
4670 158.0
4671 194.0
4672 181.0
4673 0.0
4674 0.0
4675 203.0
4676 6.0
4677 25.0
4678 406.0
4679 0.0
4680 158.0
4681 38.0
4682 0.0
4683 169.0
4684 0.0
4685 169.0
4686 169.0
4687 158.0
4688 0.0
4689 209.0
4690 0.0
4691 6.0
4692 406.0
4693 71.0
4694 38.0
4695 169.0
4696 0.0
4697 0.0
4698 0.0
4699 169.0
4700 0.0
4701 158.0
4702 203.0
4703 218.0
4704 169.0
4705 32.0
4706 25.0
4707 324.0
4708 158.0
4709 204.0
4710 32.0
4711 169.0
4712 158.0
4713 180.0
4714 0.0
4715 0.0
4716 169.0
4717 169.0
4718 32.0
4719 32.0
4720 0.0
4721 204.0
4722 109.0
4723 158.0
4724 158.0
4725 0.0
4726 49.0
4727 0.0
4728 169.0
4729 169.0
4730 109.0
4731 0.0
4732 38.0
4733 180.0
4734 0.0
4735 0.0
4736 169.0
4737 406.0
4738 32.0
4739 0.0
4740 0.0
4741 32.0
4742 180.0
4743 406.0
4744 38.0
4745 38.0
4746 33.0
4747 0.0
4748 169.0
4749 192.0
4750 264.0
4751 209.0
4752 406.0
4753 406.0
4754 32.0
4755 203.0
4756 6.0
4757 158.0
4758 32.0
4759 169.0
4760 169.0
4761 169.0
4762 324.0
4763 158.0
4764 169.0
4765 71.0
4766 0.0
4767 189.0
4768 406.0
4769 0.0
4770 169.0
4771 203.0
4772 38.0
4773 0.0
4774 0.0
4775 251.0
4776 158.0
4777 25.0
4778 204.0
4779 169.0
4780 406.0
4781 0.0
4782 0.0
4783 0.0
4784 180.0
4785 0.0
4786 0.0
4787 0.0
4788 173.0
4789 251.0
4790 0.0
4791 0.0
4792 0.0
4793 247.0
4794 406.0
4795 196.0
4796 38.0
4797 180.0
4798 0.0
4799 406.0
4800 0.0
4801 169.0
4802 158.0
4803 0.0
4804 169.0
4805 203.0
4806 169.0
4807 406.0
4808 204.0
4809 0.0
4810 0.0
4811 25.0
4812 0.0
4813 169.0
4814 169.0
4815 191.0
4816 0.0
4817 0.0
4818 169.0
4819 203.0
4820 0.0
4821 169.0
4822 203.0
4823 158.0
4824 0.0
4825 194.0
4826 196.0
4827 0.0
4828 169.0
4829 204.0
4830 173.0
4831 319.0
4832 169.0
4833 158.0
4834 0.0
4835 0.0
4836 158.0
4837 0.0
4838 158.0
4839 169.0
4840 158.0
4841 6.0
4842 209.0
4843 0.0
4844 32.0
4845 406.0
4846 180.0
4847 38.0
4848 180.0
4849 180.0
4850 319.0
4851 0.0
4852 349.0
4853 169.0
4854 0.0
4855 406.0
4856 49.0
4857 406.0
4858 169.0
4859 203.0
4860 189.0
4861 0.0
4862 467.0
4863 109.0
4864 169.0
4865 251.0
4866 169.0
4867 32.0
4868 0.0
4869 169.0
4870 169.0
4871 71.0
4872 324.0
4873 180.0
4874 204.0
4875 251.0
4876 0.0
4877 38.0
4878 180.0
4879 203.0
4880 6.0
4881 25.0
4882 406.0
4883 180.0
4884 158.0
4885 30.0
4886 0.0
4887 158.0
4888 0.0
4889 203.0
4890 406.0
4891 158.0
4892 251.0
4893 0.0
4894 0.0
4895 169.0
4896 467.0
4897 158.0
4898 173.0
4899 467.0
4900 0.0
4901 173.0
4902 32.0
4903 173.0
4904 203.0
4905 158.0
4906 357.0
4907 203.0
4908 169.0
4909 0.0
4910 180.0
4911 32.0
4912 71.0
4913 158.0
4914 158.0
4915 169.0
4916 169.0
4917 169.0
4918 239.0
4919 0.0
4920 32.0
4921 319.0
4922 0.0
4923 169.0
4924 203.0
4925 0.0
4926 251.0
4927 203.0
4928 169.0
4929 158.0
4930 32.0
4931 169.0
4932 32.0
4933 180.0
4934 203.0
4935 147.0
4936 30.0
4937 104.0
4938 203.0
4939 0.0
4940 169.0
4941 180.0
4942 0.0
4943 158.0
4944 0.0
4945 0.0
4946 189.0
4947 467.0
4948 0.0
4949 203.0
4950 38.0
4951 71.0
4952 173.0
4953 158.0
4954 324.0
4955 239.0
4956 158.0
4957 158.0
4958 169.0
4959 203.0
4960 169.0
4961 38.0
4962 158.0
4963 0.0
4964 204.0
4965 0.0
4966 158.0
4967 32.0
4968 0.0
4969 32.0
4970 71.0
4971 169.0
4972 324.0
4973 158.0
4974 169.0
4975 203.0
4976 38.0
4977 0.0
4978 169.0
4979 251.0
4980 32.0
4981 192.0
4982 204.0
4983 158.0
4984 324.0
4985 6.0
4986 147.0
4987 38.0
4988 32.0
4989 158.0
4990 0.0
4991 203.0
4992 406.0
4993 0.0
4994 0.0
4995 0.0
4996 0.0
4997 6.0
4998 467.0
4999 191.0
5000 38.0
5001 180.0
5002 194.0
5003 406.0
5004 0.0
5005 358.0
5006 6.0
5007 173.0
5008 169.0
5009 251.0
5010 406.0
5011 169.0
5012 38.0
5013 204.0
5014 0.0
5015 467.0
5016 38.0
5017 158.0
5018 0.0
5019 38.0
5020 71.0
5021 0.0
5022 169.0
5023 324.0
5024 169.0
5025 203.0
5026 203.0
5027 204.0
5028 247.0
5029 169.0
5030 192.0
5031 173.0
5032 38.0
5033 38.0
5034 173.0
5035 406.0
5036 158.0
5037 158.0
5038 30.0
5039 32.0
5040 194.0
5041 0.0
5042 169.0
5043 324.0
5044 0.0
5045 6.0
5046 239.0
5047 0.0
5048 38.0
5049 467.0
5050 71.0
5051 38.0
5052 319.0
5053 71.0
5054 169.0
5055 189.0
5056 357.0
5057 169.0
5058 169.0
5059 169.0
5060 251.0
5061 169.0
5062 180.0
5063 203.0
5064 180.0
5065 191.0
5066 169.0
5067 38.0
5068 6.0
5069 337.0
5070 200.0
5071 71.0
5072 0.0
5073 324.0
5074 169.0
5075 0.0
5076 32.0
5077 203.0
5078 0.0
5079 209.0
5080 181.0
5081 180.0
5082 0.0
5083 191.0
5084 0.0
5085 25.0
5086 180.0
5087 32.0
5088 158.0
5089 32.0
5090 38.0
5091 32.0
5092 0.0
5093 203.0
5094 406.0
5095 0.0
5096 203.0
5097 0.0
5098 0.0
5099 38.0
5100 467.0
