1 77.0
2 30.0
3 6.0
4 0.0
5 0.0
6 32.0
7 163.0
8 38.0
9 1.0
10 6.0
11 2.0
12 0.0
13 203.0
14 0.0
15 75.0
16 105.0
17 0.0
18 203.0
19 0.0
20 33.0
21 136.0
22 25.0
23 194.0
24 53.0
25 251.0
26 135.0
27 0.0
28 24.0
29 203.0
30 158.0
31 0.0
32 1.0
33 0.0
34 181.0
35 0.0
36 29.0
37 0.0
38 33.0
39 203.0
40 0.0
41 204.0
42 30.0
43 0.0
44 203.0
45 0.0
46 203.0
47 38.0
48 130.0
49 0.0
50 48.0
51 251.0
52 77.0
53 136.0
54 38.0
55 0.0
56 0.0
57 167.0
58 163.0
59 226.0
60 154.0
61 6.0
62 6.0
63 6.0
64 203.0
65 203.0
66 182.0
67 105.0
68 186.0
69 203.0
70 126.0
71 203.0
72 136.0
73 0.0
74 194.0
75 203.0
76 251.0
77 252.0
78 50.0
79 0.0
80 203.0
81 44.0
82 0.0
83 1.0
84 1.0
85 181.0
86 1.0
87 29.0
88 32.0
89 55.0
90 203.0
91 135.0
92 204.0
93 203.0
94 30.0
95 203.0
96 1.0
97 203.0
98 104.0
99 130.0
100 130.0
101 110.0
102 252.0
103 163.0
104 5.0
105 61.0
106 61.0
107 0.0
108 0.0
109 203.0
110 203.0
111 251.0
112 203.0
113 10.0
114 203.0
115 203.0
116 93.0
117 2.0
118 129.0
119 37.0
120 203.0
121 42.0
122 203.0
123 91.0
124 120.0
125 203.0
126 203.0
127 245.0
128 173.0
129 196.0
130 5.0
131 203.0
132 203.0
133 201.0
134 1.0
135 1.0
136 181.0
137 43.0
138 180.0
139 203.0
140 155.0
141 203.0
142 204.0
143 204.0
144 25.0
145 203.0
146 203.0
147 126.0
148 203.0
149 104.0
150 130.0
151 119.0
152 169.0
153 252.0
154 169.0
155 32.0
156 32.0
157 58.0
158 0.0
159 215.0
160 226.0
161 264.0
162 203.0
163 125.0
164 158.0
165 94.0
166 203.0
167 137.0
168 68.0
169 203.0
170 0.0
171 203.0
172 0.0
173 203.0
174 161.0
175 203.0
176 203.0
177 251.0
178 252.0
179 251.0
180 272.0
181 0.0
182 203.0
183 93.0
184 203.0
185 0.0
186 1.0
187 181.0
188 43.0
189 86.0
190 203.0
191 155.0
192 203.0
193 251.0
194 204.0
195 40.0
196 203.0
197 203.0
198 203.0
199 203.0
200 203.0
201 130.0
202 169.0
203 38.0
204 272.0
205 169.0
206 169.0
207 203.0
208 30.0
209 25.0
210 213.0
211 294.0
212 184.0
213 148.0
214 70.0
215 147.0
216 203.0
217 203.0
218 0.0
219 203.0
220 67.0
221 90.0
222 203.0
223 0.0
224 91.0
225 0.0
226 4.0
227 203.0
228 251.0
229 175.0
230 236.0
231 121.0
232 46.0
233 203.0
234 203.0
235 203.0
236 0.0
237 1.0
238 181.0
239 0.0
240 30.0
241 87.0
242 0.0
243 158.0
244 184.0
245 185.0
246 138.0
247 203.0
248 203.0
249 203.0
250 203.0
251 211.0
252 3.0
253 33.0
254 180.0
255 294.0
256 55.0
257 169.0
258 0.0
259 32.0
260 0.0
261 191.0
262 265.0
263 333.0
264 264.0
265 153.0
266 203.0
267 12.0
268 203.0
269 93.0
270 62.0
271 182.0
272 203.0
273 203.0
274 68.0
275 91.0
276 189.0
277 0.0
278 158.0
279 251.0
280 252.0
281 251.0
282 163.0
283 135.0
284 203.0
285 203.0
286 0.0
287 0.0
288 1.0
289 181.0
290 0.0
291 97.0
292 203.0
293 203.0
294 55.0
295 251.0
296 251.0
297 25.0
298 82.0
299 203.0
300 203.0
301 53.0
302 32.0
303 26.0
304 169.0
305 0.0
306 333.0
307 180.0
308 203.0
309 203.0
310 20.0
311 92.0
312 265.0
313 266.0
314 66.0
315 223.0
316 170.0
317 168.0
318 94.0
319 203.0
320 203.0
321 107.0
322 132.0
323 70.0
324 203.0
325 134.0
326 203.0
327 5.0
328 186.0
329 203.0
330 203.0
331 252.0
332 251.0
333 204.0
334 149.0
335 203.0
336 153.0
337 0.0
338 0.0
339 44.0
340 181.0
341 32.0
342 65.0
343 203.0
344 203.0
345 203.0
346 203.0
347 203.0
348 169.0
349 203.0
350 203.0
351 203.0
352 92.0
353 203.0
354 38.0
355 67.0
356 169.0
357 333.0
358 203.0
359 203.0
360 32.0
361 55.0
362 282.0
363 218.0
364 190.0
365 110.0
366 130.0
367 295.0
368 193.0
369 203.0
370 203.0
371 203.0
372 62.0
373 38.0
374 64.0
375 203.0
376 87.0
377 203.0
378 0.0
379 203.0
380 203.0
381 204.0
382 252.0
383 203.0
384 163.0
385 32.0
386 203.0
387 196.0
388 111.0
389 4.0
390 187.0
391 181.0
392 43.0
393 203.0
394 203.0
395 203.0
396 204.0
397 184.0
398 185.0
399 100.0
400 203.0
401 203.0
402 203.0
403 215.0
404 203.0
405 32.0
406 169.0
407 169.0
408 333.0
409 203.0
410 203.0
411 32.0
412 196.0
413 203.0
414 152.0
415 287.0
416 109.0
417 130.0
418 168.0
419 72.0
420 0.0
421 203.0
422 203.0
423 203.0
424 203.0
425 203.0
426 203.0
427 0.0
428 203.0
429 0.0
430 203.0
431 263.0
432 77.0
433 252.0
434 251.0
435 130.0
436 251.0
437 203.0
438 49.0
439 0.0
440 159.0
441 0.0
442 33.0
443 25.0
444 25.0
445 203.0
446 142.0
447 188.0
448 204.0
449 185.0
450 203.0
451 25.0
452 203.0
453 203.0
454 203.0
455 203.0
456 32.0
457 169.0
458 203.0
459 333.0
460 203.0
461 202.0
462 103.0
463 50.0
464 159.0
465 251.0
466 263.0
467 164.0
468 41.0
469 170.0
470 202.0
471 203.0
472 203.0
473 0.0
474 203.0
475 186.0
476 186.0
477 203.0
478 0.0
479 91.0
480 86.0
481 251.0
482 203.0
483 147.0
484 252.0
485 363.0
486 218.0
487 61.0
488 251.0
489 49.0
490 203.0
491 93.0
492 204.0
493 204.0
494 32.0
495 203.0
496 203.0
497 203.0
498 203.0
499 203.0
500 185.0
501 116.0
502 203.0
503 203.0
504 203.0
505 203.0
506 231.0
507 203.0
508 98.0
509 203.0
510 363.0
511 203.0
512 144.0
513 49.0
514 55.0
515 251.0
516 153.0
517 204.0
518 217.0
519 143.0
520 170.0
521 6.0
522 94.0
523 203.0
524 203.0
525 0.0
526 74.0
527 203.0
528 203.0
529 44.0
530 203.0
531 252.0
532 126.0
533 272.0
534 32.0
535 172.0
536 163.0
537 248.0
538 251.0
539 203.0
540 126.0
541 203.0
542 93.0
543 39.0
544 170.0
545 32.0
546 86.0
547 203.0
548 182.0
549 185.0
550 153.0
551 203.0
552 32.0
553 203.0
554 203.0
555 203.0
556 32.0
557 32.0
558 122.0
559 149.0
560 202.0
561 363.0
562 203.0
563 203.0
564 32.0
565 16.0
566 203.0
567 229.0
568 245.0
569 203.0
570 121.0
571 203.0
572 176.0
573 203.0
574 203.0
575 137.0
576 0.0
577 132.0
578 203.0
579 203.0
580 36.0
581 251.0
582 203.0
583 189.0
584 203.0
585 162.0
586 252.0
587 250.0
588 124.0
589 38.0
590 175.0
591 115.0
592 0.0
593 0.0
594 0.0
595 33.0
596 0.0
597 203.0
598 203.0
599 33.0
600 124.0
601 183.0
602 203.0
603 67.0
604 203.0
605 203.0
606 203.0
607 32.0
608 203.0
609 203.0
610 203.0
611 191.0
612 363.0
613 203.0
614 203.0
615 32.0
616 2.0
617 282.0
618 1.0
619 263.0
620 301.0
621 191.0
622 169.0
623 203.0
624 203.0
625 203.0
626 93.0
627 62.0
628 0.0
629 70.0
630 203.0
631 252.0
632 252.0
633 251.0
634 203.0
635 203.0
636 25.0
637 172.0
638 252.0
639 122.0
640 116.0
641 177.0
642 87.0
643 0.0
644 158.0
645 39.0
646 33.0
647 33.0
648 0.0
649 203.0
650 204.0
651 204.0
652 0.0
653 185.0
654 185.0
655 203.0
656 203.0
657 203.0
658 126.0
659 53.0
660 88.0
661 203.0
662 203.0
663 363.0
664 203.0
665 203.0
666 49.0
667 53.0
668 251.0
669 229.0
670 263.0
671 217.0
672 143.0
673 143.0
674 386.0
675 203.0
676 203.0
677 93.0
678 0.0
679 38.0
680 146.0
681 252.0
682 403.0
683 252.0
684 84.0
685 96.0
686 173.0
687 51.0
688 204.0
689 163.0
690 191.0
691 87.0
692 203.0
693 1.0
694 203.0
695 203.0
696 33.0
697 204.0
698 32.0
699 39.0
700 82.0
701 204.0
702 203.0
703 185.0
704 251.0
705 138.0
706 203.0
707 203.0
708 203.0
709 143.0
710 53.0
711 85.0
712 149.0
713 203.0
714 403.0
715 186.0
716 203.0
717 32.0
718 147.0
719 169.0
720 310.0
721 203.0
722 203.0
723 191.0
724 185.0
725 203.0
726 285.0
727 203.0
728 46.0
729 203.0
730 79.0
731 203.0
732 303.0
733 329.0
734 158.0
735 124.0
736 99.0
737 203.0
738 32.0
739 252.0
740 163.0
741 251.0
742 179.0
743 61.0
744 77.0
745 0.0
746 147.0
747 181.0
748 181.0
749 38.0
750 72.0
751 116.0
752 204.0
753 203.0
754 184.0
755 251.0
756 30.0
757 33.0
758 203.0
759 192.0
760 203.0
761 211.0
762 163.0
763 191.0
764 169.0
765 403.0
766 203.0
767 203.0
768 37.0
769 0.0
770 220.0
771 330.0
772 191.0
773 296.0
774 207.0
775 173.0
776 101.0
777 315.0
778 363.0
779 203.0
780 62.0
781 0.0
782 253.0
783 274.0
784 297.0
785 174.0
786 203.0
787 155.0
788 363.0
789 37.0
790 172.0
791 252.0
792 105.0
793 203.0
794 203.0
795 44.0
796 133.0
797 34.0
798 203.0
799 170.0
800 33.0
801 0.0
802 152.0
803 113.0
804 204.0
805 0.0
806 181.0
807 20.0
808 158.0
809 203.0
810 203.0
811 104.0
812 212.0
813 203.0
814 203.0
815 203.0
816 403.0
817 203.0
818 203.0
819 32.0
820 0.0
821 213.0
822 163.0
823 294.0
824 191.0
825 121.0
826 169.0
827 382.0
828 315.0
829 252.0
830 1.0
831 203.0
832 363.0
833 258.0
834 309.0
835 296.0
836 363.0
837 84.0
838 251.0
839 278.0
840 203.0
841 251.0
842 163.0
843 197.0
844 251.0
845 203.0
846 38.0
847 203.0
848 147.0
849 187.0
850 181.0
851 0.0
852 97.0
853 143.0
854 44.0
855 0.0
856 0.0
857 251.0
858 184.0
859 203.0
860 203.0
861 203.0
862 53.0
863 0.0
864 203.0
865 191.0
866 203.0
867 403.0
868 203.0
869 203.0
870 32.0
871 39.0
872 185.0
873 163.0
874 294.0
875 191.0
876 143.0
877 203.0
878 251.0
879 203.0
880 310.0
881 0.0
882 0.0
883 253.0
884 487.0
885 252.0
886 307.0
887 266.0
888 363.0
889 61.0
890 363.0
891 0.0
892 252.0
893 252.0
894 178.0
895 86.0
896 203.0
897 0.0
898 115.0
899 147.0
900 203.0
901 33.0
902 43.0
903 70.0
904 131.0
905 204.0
906 70.0
907 203.0
908 251.0
909 203.0
910 203.0
911 203.0
912 203.0
913 203.0
914 111.0
915 52.0
916 191.0
917 202.0
918 487.0
919 203.0
920 203.0
921 32.0
922 191.0
923 284.0
924 218.0
925 251.0
926 349.0
927 202.0
928 203.0
929 38.0
930 203.0
931 110.0
932 203.0
933 258.0
934 384.0
935 204.0
936 372.0
937 332.0
938 158.0
939 251.0
940 73.0
941 203.0
942 158.0
943 172.0
944 251.0
945 46.0
946 111.0
947 203.0
948 38.0
949 39.0
950 203.0
951 203.0
952 39.0
953 62.0
954 0.0
955 203.0
956 204.0
957 38.0
958 0.0
959 251.0
960 0.0
961 0.0
962 203.0
963 203.0
964 143.0
965 203.0
966 32.0
967 203.0
968 203.0
969 487.0
970 203.0
971 203.0
972 0.0
973 0.0
974 0.0
975 330.0
976 294.0
977 361.0
978 121.0
979 175.0
980 382.0
981 431.0
982 251.0
983 176.0
984 323.0
985 363.0
986 258.0
987 372.0
988 298.0
989 158.0
990 203.0
991 173.0
992 251.0
993 86.0
994 172.0
995 218.0
996 183.0
997 363.0
998 251.0
999 6.0
1000 145.0
1001 153.0
1002 204.0
1003 39.0
1004 0.0
1005 0.0
1006 203.0
1007 201.0
1008 103.0
1009 0.0
1010 251.0
1011 5.0
1012 30.0
1013 203.0
1014 6.0
1015 83.0
1016 203.0
1017 102.0
1018 203.0
1019 203.0
1020 487.0
1021 203.0
1022 203.0
1023 0.0
1024 88.0
1025 251.0
1026 163.0
1027 203.0
1028 469.0
1029 130.0
1030 185.0
1031 363.0
1032 363.0
1033 252.0
1034 363.0
1035 252.0
1036 364.0
1037 203.0
1038 372.0
1039 403.0
1040 350.0
1041 363.0
1042 188.0
1043 363.0
1044 0.0
1045 172.0
1046 324.0
1047 18.0
1048 121.0
1049 251.0
1050 32.0
1051 115.0
1052 98.0
1053 203.0
1054 0.0
1055 0.0
1056 39.0
1057 203.0
1058 203.0
1059 103.0
1060 203.0
1061 251.0
1062 0.0
1063 203.0
1064 203.0
1065 203.0
1066 203.0
1067 111.0
1068 203.0
1069 191.0
1070 203.0
1071 487.0
1072 203.0
1073 203.0
1074 32.0
1075 252.0
1076 180.0
1077 158.0
1078 361.0
1079 263.0
1080 203.0
1081 203.0
1082 16.0
1083 308.0
1084 363.0
1085 203.0
1086 203.0
1087 258.0
1088 204.0
1089 363.0
1090 403.0
1091 284.0
1092 204.0
1093 191.0
1094 203.0
1095 158.0
1096 172.0
1097 250.0
1098 203.0
1099 179.0
1100 0.0
1101 121.0
1102 143.0
1103 98.0
1104 204.0
1105 44.0
1106 0.0
1107 25.0
1108 203.0
1109 204.0
1110 103.0
1111 204.0
1112 251.0
1113 144.0
1114 203.0
1115 203.0
1116 193.0
1117 203.0
1118 250.0
1119 203.0
1120 203.0
1121 203.0
1122 487.0
1123 203.0
1124 203.0
1125 251.0
1126 186.0
1127 251.0
1128 234.0
1129 263.0
1130 363.0
1131 330.0
1132 203.0
1133 382.0
1134 220.0
1135 251.0
1136 294.0
1137 258.0
1138 487.0
1139 363.0
1140 372.0
1141 332.0
1142 203.0
1143 204.0
1144 88.0
1145 363.0
1146 175.0
1147 252.0
1148 163.0
1149 149.0
1150 124.0
1151 251.0
1152 38.0
1153 136.0
1154 181.0
1155 204.0
1156 203.0
1157 43.0
1158 0.0
1159 203.0
1160 203.0
1161 103.0
1162 251.0
1163 251.0
1164 185.0
1165 0.0
1166 203.0
1167 203.0
1168 203.0
1169 203.0
1170 163.0
1171 203.0
1172 203.0
1173 487.0
1174 203.0
1175 186.0
1176 252.0
1177 134.0
1178 6.0
1179 303.0
1180 204.0
1181 363.0
1182 203.0
1183 170.0
1184 363.0
1185 363.0
1186 363.0
1187 294.0
1188 252.0
1189 364.0
1190 258.0
1191 372.0
1192 297.0
1193 625.0
1194 252.0
1195 1.0
1196 363.0
1197 182.0
1198 259.0
1199 252.0
1200 179.0
1201 38.0
1202 251.0
1203 132.0
1204 136.0
1205 147.0
1206 204.0
1207 0.0
1208 204.0
1209 39.0
1210 143.0
1211 203.0
1212 183.0
1213 185.0
1214 251.0
1215 0.0
1216 203.0
1217 203.0
1218 203.0
1219 241.0
1220 203.0
1221 251.0
1222 203.0
1223 203.0
1224 625.0
1225 203.0
1226 203.0
1227 252.0
1228 80.0
1229 194.0
1230 491.0
1231 158.0
1232 284.0
1233 263.0
1234 175.0
1235 203.0
1236 363.0
1237 252.0
1238 203.0
1239 204.0
1240 320.0
1241 204.0
1242 372.0
1243 296.0
1244 301.0
1245 305.0
1246 159.0
1247 203.0
1248 32.0
1249 251.0
1250 324.0
1251 251.0
1252 0.0
1253 203.0
1254 55.0
1255 136.0
1256 98.0
1257 203.0
1258 0.0
1259 144.0
1260 33.0
1261 143.0
1262 204.0
1263 55.0
1264 203.0
1265 251.0
1266 14.0
1267 203.0
1268 203.0
1269 0.0
1270 33.0
1271 61.0
1272 32.0
1273 196.0
1274 203.0
1275 625.0
1276 203.0
1277 191.0
1278 251.0
1279 128.0
1280 105.0
1281 389.0
1282 308.0
1283 204.0
1284 203.0
1285 94.0
1286 382.0
1287 363.0
1288 363.0
1289 203.0
1290 258.0
1291 320.0
1292 258.0
1293 252.0
1294 339.0
1295 299.0
1296 304.0
1297 52.0
1298 203.0
1299 158.0
1300 251.0
1301 252.0
1302 242.0
1303 38.0
1304 251.0
1305 0.0
1306 143.0
1307 98.0
1308 204.0
1309 1.0
1310 33.0
1311 0.0
1312 142.0
1313 203.0
1314 103.0
1315 204.0
1316 251.0
1317 9.0
1318 0.0
1319 203.0
1320 19.0
1321 203.0
1322 111.0
1323 0.0
1324 191.0
1325 203.0
1326 625.0
1327 203.0
1328 204.0
1329 251.0
1330 132.0
1331 105.0
1332 363.0
1333 294.0
1334 363.0
1335 251.0
1336 203.0
1337 363.0
1338 363.0
1339 252.0
1340 294.0
1341 203.0
1342 364.0
1343 381.0
1344 487.0
1345 252.0
1346 483.0
1347 297.0
1348 11.0
1349 263.0
1350 251.0
1351 0.0
1352 293.0
1353 124.0
1354 116.0
1355 235.0
1356 181.0
1357 203.0
1358 153.0
1359 181.0
1360 39.0
1361 43.0
1362 0.0
1363 203.0
1364 203.0
1365 103.0
1366 185.0
1367 251.0
1368 0.0
1369 203.0
1370 203.0
1371 203.0
1372 241.0
1373 251.0
1374 211.0
1375 203.0
1376 203.0
1377 625.0
1378 251.0
1379 252.0
1380 252.0
1381 103.0
1382 185.0
1383 203.0
1384 284.0
1385 360.0
1386 176.0
1387 190.0
1388 363.0
1389 363.0
1390 251.0
1391 363.0
1392 205.0
1393 364.0
1394 320.0
1395 372.0
1396 301.0
1397 331.0
1398 326.0
1399 0.0
1400 263.0
1401 180.0
1402 172.0
1403 252.0
1404 251.0
1405 104.0
1406 163.0
1407 46.0
1408 136.0
1409 153.0
1410 33.0
1411 0.0
1412 204.0
1413 0.0
1414 143.0
1415 203.0
1416 124.0
1417 185.0
1418 251.0
1419 0.0
1420 203.0
1421 203.0
1422 203.0
1423 0.0
1424 135.0
1425 32.0
1426 203.0
1427 203.0
1428 625.0
1429 252.0
1430 184.0
1431 252.0
1432 164.0
1433 148.0
1434 327.0
1435 263.0
1436 284.0
1437 263.0
1438 39.0
1439 363.0
1440 363.0
1441 363.0
1442 203.0
1443 319.0
1444 487.0
1445 487.0
1446 253.0
1447 301.0
1448 299.0
1449 324.0
1450 214.0
1451 363.0
1452 203.0
1453 251.0
1454 252.0
1455 251.0
1456 38.0
1457 125.0
1458 115.0
1459 122.0
1460 43.0
1461 33.0
1462 0.0
1463 1.0
1464 1.0
1465 127.0
1466 203.0
1467 103.0
1468 203.0
1469 251.0
1470 0.0
1471 30.0
1472 203.0
1473 61.0
1474 203.0
1475 251.0
1476 32.0
1477 191.0
1478 151.0
1479 625.0
1480 165.0
1481 252.0
1482 251.0
1483 132.0
1484 128.0
1485 466.0
1486 251.0
1487 363.0
1488 385.0
1489 108.0
1490 363.0
1491 203.0
1492 431.0
1493 203.0
1494 205.0
1495 487.0
1496 258.0
1497 253.0
1498 339.0
1499 331.0
1500 339.0
1501 191.0
1502 203.0
1503 251.0
1504 252.0
1505 172.0
1506 214.0
1507 251.0
1508 251.0
1509 203.0
1510 0.0
1511 251.0
1512 181.0
1513 44.0
1514 43.0
1515 0.0
1516 203.0
1517 203.0
1518 103.0
1519 203.0
1520 251.0
1521 20.0
1522 203.0
1523 203.0
1524 203.0
1525 203.0
1526 203.0
1527 0.0
1528 251.0
1529 165.0
1530 625.0
1531 252.0
1532 252.0
1533 252.0
1534 98.0
1535 115.0
1536 363.0
1537 327.0
1538 469.0
1539 199.0
1540 203.0
1541 308.0
1542 315.0
1543 315.0
1544 342.0
1545 75.0
1546 381.0
1547 203.0
1548 381.0
1549 360.0
1550 483.0
1551 203.0
1552 173.0
1553 263.0
1554 251.0
1555 196.0
1556 163.0
1557 251.0
1558 86.0
1559 37.0
1560 44.0
1561 0.0
1562 98.0
1563 1.0
1564 39.0
1565 0.0
1566 93.0
1567 133.0
1568 204.0
1569 55.0
1570 203.0
1571 251.0
1572 0.0
1573 203.0
1574 203.0
1575 203.0
1576 203.0
1577 211.0
1578 0.0
1579 0.0
1580 186.0
1581 625.0
1582 252.0
1583 251.0
1584 251.0
1585 137.0
1586 44.0
1587 363.0
1588 363.0
1589 284.0
1590 263.0
1591 203.0
1592 196.0
1593 363.0
1594 382.0
1595 176.0
1596 363.0
1597 487.0
1598 258.0
1599 372.0
1600 296.0
1601 252.0
1602 287.0
1603 203.0
1604 363.0
1605 203.0
1606 176.0
1607 252.0
1608 251.0
1609 38.0
1610 30.0
1611 141.0
1612 132.0
1613 251.0
1614 189.0
1615 33.0
1616 33.0
1617 39.0
1618 204.0
1619 203.0
1620 124.0
1621 184.0
1622 251.0
1623 185.0
1624 203.0
1625 203.0
1626 203.0
1627 203.0
1628 203.0
1629 251.0
1630 185.0
1631 203.0
1632 625.0
1633 252.0
1634 252.0
1635 252.0
1636 252.0
1637 105.0
1638 466.0
1639 203.0
1640 469.0
1641 301.0
1642 251.0
1643 390.0
1644 203.0
1645 363.0
1646 363.0
1647 363.0
1648 487.0
1649 203.0
1650 372.0
1651 301.0
1652 300.0
1653 350.0
1654 186.0
1655 203.0
1656 203.0
1657 222.0
1658 251.0
1659 251.0
1660 119.0
1661 203.0
1662 137.0
1663 36.0
1664 148.0
1665 34.0
1666 33.0
1667 43.0
1668 124.0
1669 143.0
1670 204.0
1671 251.0
1672 203.0
1673 251.0
1674 0.0
1675 203.0
1676 203.0
1677 6.0
1678 238.0
1679 203.0
1680 113.0
1681 196.0
1682 152.0
1683 625.0
1684 165.0
1685 252.0
1686 252.0
1687 109.0
1688 203.0
1689 316.0
1690 298.0
1691 469.0
1692 251.0
1693 46.0
1694 363.0
1695 196.0
1696 315.0
1697 363.0
1698 203.0
1699 487.0
1700 258.0
1701 253.0
1702 336.0
1703 339.0
1704 6.0
1705 191.0
1706 203.0
1707 203.0
1708 180.0
1709 163.0
1710 251.0
1711 251.0
1712 135.0
1713 251.0
1714 252.0
1715 98.0
1716 153.0
1717 181.0
1718 33.0
1719 61.0
1720 143.0
1721 120.0
1722 103.0
1723 185.0
1724 251.0
1725 125.0
1726 203.0
1727 203.0
1728 203.0
1729 241.0
1730 211.0
1731 113.0
1732 251.0
1733 251.0
1734 625.0
1735 251.0
1736 251.0
1737 251.0
1738 121.0
1739 148.0
1740 363.0
1741 363.0
1742 204.0
1743 363.0
1744 190.0
1745 363.0
1746 315.0
1747 431.0
1748 318.0
1749 86.0
1750 487.0
1751 258.0
1752 372.0
1753 332.0
1754 339.0
1755 287.0
1756 204.0
1757 263.0
1758 252.0
1759 0.0
1760 363.0
1761 264.0
1762 38.0
1763 253.0
1764 93.0
1765 251.0
1766 251.0
1767 98.0
1768 203.0
1769 0.0
1770 61.0
1771 203.0
1772 203.0
1773 103.0
1774 203.0
1775 251.0
1776 0.0
1777 203.0
1778 203.0
1779 203.0
1780 211.0
1781 203.0
1782 0.0
1783 203.0
1784 251.0
1785 625.0
1786 252.0
1787 251.0
1788 251.0
1789 98.0
1790 44.0
1791 363.0
1792 310.0
1793 204.0
1794 263.0
1795 212.0
1796 363.0
1797 363.0
1798 431.0
1799 363.0
1800 204.0
1801 487.0
1802 203.0
1803 253.0
1804 296.0
1805 252.0
1806 174.0
1807 204.0
1808 263.0
1809 251.0
1810 172.0
1811 252.0
1812 251.0
1813 38.0
1814 0.0
1815 94.0
1816 181.0
1817 158.0
1818 109.0
1819 187.0
1820 43.0
1821 203.0
1822 203.0
1823 204.0
1824 103.0
1825 203.0
1826 251.0
1827 30.0
1828 203.0
1829 203.0
1830 199.0
1831 246.0
1832 203.0
1833 251.0
1834 251.0
1835 252.0
1836 625.0
1837 252.0
1838 251.0
1839 251.0
1840 55.0
1841 105.0
1842 491.0
1843 363.0
1844 469.0
1845 284.0
1846 165.0
1847 363.0
1848 363.0
1849 363.0
1850 363.0
1851 258.0
1852 487.0
1853 204.0
1854 253.0
1855 363.0
1856 483.0
1857 0.0
1858 251.0
1859 363.0
1860 203.0
1861 172.0
1862 172.0
1863 251.0
1864 87.0
1865 251.0
1866 104.0
1867 132.0
1868 251.0
1869 197.0
1870 33.0
1871 43.0
1872 169.0
1873 143.0
1874 55.0
1875 45.0
1876 181.0
1877 251.0
1878 204.0
1879 203.0
1880 203.0
1881 6.0
1882 251.0
1883 251.0
1884 113.0
1885 252.0
1886 203.0
1887 625.0
1888 252.0
1889 252.0
1890 252.0
1891 132.0
1892 148.0
1893 466.0
1894 178.0
1895 360.0
1896 251.0
1897 65.0
1898 363.0
1899 198.0
1900 431.0
1901 505.0
1902 252.0
1903 487.0
1904 258.0
1905 372.0
1906 203.0
1907 483.0
1908 0.0
1909 297.0
1910 203.0
1911 203.0
1912 252.0
1913 218.0
1914 241.0
1915 251.0
1916 135.0
1917 115.0
1918 142.0
1919 98.0
1920 109.0
1921 170.0
1922 0.0
1923 94.0
1924 204.0
1925 169.0
1926 103.0
1927 203.0
1928 251.0
1929 181.0
1930 66.0
1931 203.0
1932 203.0
1933 217.0
1934 251.0
1935 252.0
1936 252.0
1937 204.0
1938 625.0
1939 252.0
1940 252.0
1941 251.0
1942 127.0
1943 148.0
1944 327.0
1945 466.0
1946 469.0
1947 263.0
1948 315.0
1949 363.0
1950 363.0
1951 315.0
1952 186.0
1953 166.0
1954 487.0
1955 203.0
1956 251.0
1957 298.0
1958 300.0
1959 303.0
1960 274.0
1961 263.0
1962 251.0
1963 172.0
1964 324.0
1965 251.0
1966 32.0
1967 122.0
1968 114.0
1969 252.0
1970 93.0
1971 98.0
1972 181.0
1973 32.0
1974 203.0
1975 203.0
1976 124.0
1977 103.0
1978 251.0
1979 251.0
1980 203.0
1981 203.0
1982 203.0
1983 203.0
1984 246.0
1985 252.0
1986 252.0
1987 252.0
1988 56.0
1989 625.0
1990 252.0
1991 251.0
1992 252.0
1993 251.0
1994 105.0
1995 301.0
1996 203.0
1997 204.0
1998 296.0
1999 170.0
2000 363.0
2001 363.0
2002 315.0
2003 191.0
2004 203.0
2005 487.0
2006 203.0
2007 372.0
2008 183.0
2009 625.0
2010 158.0
2011 467.0
2012 263.0
2013 251.0
2014 251.0
2015 252.0
2016 214.0
2017 77.0
2018 135.0
2019 251.0
2020 121.0
2021 251.0
2022 158.0
2023 33.0
2024 32.0
2025 169.0
2026 203.0
2027 188.0
2028 103.0
2029 185.0
2030 251.0
2031 204.0
2032 177.0
2033 203.0
2034 203.0
2035 252.0
2036 252.0
2037 252.0
2038 252.0
2039 170.0
2040 625.0
2041 252.0
2042 252.0
2043 252.0
2044 132.0
2045 105.0
2046 363.0
2047 203.0
2048 204.0
2049 191.0
2050 50.0
2051 363.0
2052 203.0
2053 315.0
2054 363.0
2055 203.0
2056 487.0
2057 258.0
2058 372.0
2059 330.0
2060 483.0
2061 0.0
2062 251.0
2063 363.0
2064 203.0
2065 0.0
2066 163.0
2067 251.0
2068 75.0
2069 135.0
2070 171.0
2071 203.0
2072 203.0
2073 152.0
2074 33.0
2075 43.0
2076 38.0
2077 203.0
2078 37.0
2079 103.0
2080 251.0
2081 251.0
2082 203.0
2083 100.0
2084 203.0
2085 252.0
2086 252.0
2087 252.0
2088 252.0
2089 252.0
2090 203.0
2091 625.0
2092 252.0
2093 252.0
2094 251.0
2095 71.0
2096 148.0
2097 327.0
2098 388.0
2099 360.0
2100 203.0
2101 385.0
2102 363.0
2103 386.0
2104 431.0
2105 191.0
2106 204.0
2107 487.0
2108 258.0
2109 253.0
2110 339.0
2111 300.0
2112 203.0
2113 464.0
2114 343.0
2115 203.0
2116 176.0
2117 218.0
2118 172.0
2119 251.0
2120 138.0
2121 203.0
2122 184.0
2123 4.0
2124 103.0
2125 41.0
2126 32.0
2127 94.0
2128 203.0
2129 55.0
2130 103.0
2131 203.0
2132 251.0
2133 251.0
2134 203.0
2135 252.0
2136 252.0
2137 252.0
2138 252.0
2139 252.0
2140 252.0
2141 204.0
2142 625.0
2143 252.0
2144 251.0
2145 252.0
2146 107.0
2147 106.0
2148 466.0
2149 203.0
2150 469.0
2151 263.0
2152 143.0
2153 363.0
2154 363.0
2155 315.0
2156 363.0
2157 204.0
2158 487.0
2159 203.0
2160 487.0
2161 307.0
2162 331.0
2163 296.0
2164 267.0
2165 355.0
2166 203.0
2167 176.0
2168 251.0
2169 251.0
2170 32.0
2171 203.0
2172 203.0
2173 251.0
2174 121.0
2175 98.0
2176 33.0
2177 32.0
2178 143.0
2179 203.0
2180 204.0
2181 103.0
2182 251.0
2183 251.0
2184 184.0
2185 252.0
2186 252.0
2187 252.0
2188 252.0
2189 252.0
2190 252.0
2191 252.0
2192 204.0
2193 625.0
2194 252.0
2195 252.0
2196 252.0
2197 30.0
2198 106.0
2199 158.0
2200 363.0
2201 204.0
2202 181.0
2203 203.0
2204 363.0
2205 363.0
2206 315.0
2207 505.0
2208 203.0
2209 487.0
2210 320.0
2211 372.0
2212 296.0
2213 625.0
2214 363.0
2215 374.0
2216 251.0
2217 251.0
2218 203.0
2219 252.0
2220 251.0
2221 124.0
2222 135.0
2223 203.0
2224 28.0
2225 251.0
2226 158.0
2227 33.0
2228 43.0
2229 143.0
2230 204.0
2231 203.0
2232 103.0
2233 181.0
2234 251.0
2235 252.0
2236 251.0
2237 252.0
2238 252.0
2239 252.0
2240 252.0
2241 252.0
2242 252.0
2243 175.0
2244 625.0
2245 252.0
2246 252.0
2247 252.0
2248 202.0
2249 106.0
2250 466.0
2251 491.0
2252 469.0
2253 203.0
2254 35.0
2255 363.0
2256 311.0
2257 363.0
2258 315.0
2259 203.0
2260 487.0
2261 258.0
2262 381.0
2263 297.0
2264 300.0
2265 0.0
2266 251.0
2267 251.0
2268 203.0
2269 134.0
2270 163.0
2271 275.0
2272 252.0
2273 165.0
2274 251.0
2275 63.0
2276 175.0
2277 43.0
2278 56.0
2279 32.0
2280 143.0
2281 203.0
2282 55.0
2283 103.0
2284 251.0
2285 252.0
2286 251.0
2287 83.0
2288 252.0
2289 252.0
2290 252.0
2291 252.0
2292 252.0
2293 251.0
2294 251.0
2295 625.0
2296 252.0
2297 252.0
2298 252.0
2299 126.0
2300 106.0
2301 294.0
2302 456.0
2303 317.0
2304 263.0
2305 363.0
2306 363.0
2307 363.0
2308 315.0
2309 315.0
2310 203.0
2311 487.0
2312 258.0
2313 253.0
2314 203.0
2315 483.0
2316 330.0
2317 267.0
2318 374.0
2319 203.0
2320 139.0
2321 172.0
2322 172.0
2323 77.0
2324 138.0
2325 251.0
2326 163.0
2327 87.0
2328 109.0
2329 0.0
2330 0.0
2331 143.0
2332 204.0
2333 116.0
2334 103.0
2335 252.0
2336 251.0
2337 72.0
2338 251.0
2339 252.0
2340 252.0
2341 252.0
2342 252.0
2343 252.0
2344 252.0
2345 203.0
2346 625.0
2347 252.0
2348 251.0
2349 252.0
2350 53.0
2351 106.0
2352 203.0
2353 466.0
2354 204.0
2355 110.0
2356 153.0
2357 363.0
2358 363.0
2359 390.0
2360 315.0
2361 153.0
2362 487.0
2363 204.0
2364 372.0
2365 203.0
2366 483.0
2367 229.0
2368 464.0
2369 363.0
2370 251.0
2371 139.0
2372 170.0
2373 251.0
2374 86.0
2375 251.0
2376 318.0
2377 0.0
2378 130.0
2379 90.0
2380 204.0
2381 32.0
2382 143.0
2383 203.0
2384 116.0
2385 251.0
2386 252.0
2387 251.0
2388 252.0
2389 252.0
2390 252.0
2391 252.0
2392 252.0
2393 252.0
2394 252.0
2395 252.0
2396 252.0
2397 625.0
2398 252.0
2399 252.0
2400 252.0
2401 186.0
2402 106.0
2403 294.0
2404 203.0
2405 203.0
2406 86.0
2407 97.0
2408 363.0
2409 251.0
2410 363.0
2411 252.0
2412 291.0
2413 487.0
2414 204.0
2415 487.0
2416 174.0
2417 338.0
2418 174.0
2419 374.0
2420 267.0
2421 251.0
2422 134.0
2423 187.0
2424 269.0
2425 252.0
2426 135.0
2427 32.0
2428 251.0
2429 251.0
2430 158.0
2431 56.0
2432 32.0
2433 203.0
2434 203.0
2435 55.0
2436 94.0
2437 252.0
2438 186.0
2439 251.0
2440 252.0
2441 252.0
2442 252.0
2443 252.0
2444 252.0
2445 252.0
2446 252.0
2447 170.0
2448 625.0
2449 252.0
2450 252.0
2451 252.0
2452 339.0
2453 106.0
2454 203.0
2455 466.0
2456 203.0
2457 251.0
2458 203.0
2459 363.0
2460 99.0
2461 315.0
2462 315.0
2463 265.0
2464 487.0
2465 258.0
2466 258.0
2467 252.0
2468 625.0
2469 34.0
2470 257.0
2471 278.0
2472 203.0
2473 78.0
2474 236.0
2475 172.0
2476 32.0
2477 124.0
2478 218.0
2479 312.0
2480 165.0
2481 98.0
2482 187.0
2483 0.0
2484 143.0
2485 203.0
2486 55.0
2487 99.0
2488 252.0
2489 251.0
2490 252.0
2491 252.0
2492 252.0
2493 252.0
2494 252.0
2495 252.0
2496 252.0
2497 251.0
2498 252.0
2499 625.0
2500 252.0
2501 251.0
2502 388.0
2503 165.0
2504 106.0
2505 203.0
2506 327.0
2507 466.0
2508 109.0
2509 175.0
2510 363.0
2511 252.0
2512 315.0
2513 363.0
2514 203.0
2515 487.0
2516 258.0
2517 381.0
2518 203.0
2519 483.0
2520 25.0
2521 251.0
2522 203.0
2523 203.0
2524 58.0
2525 251.0
2526 251.0
2527 337.0
2528 138.0
2529 251.0
2530 144.0
2531 280.0
2532 93.0
2533 33.0
2534 32.0
2535 94.0
2536 204.0
2537 204.0
2538 93.0
2539 252.0
2540 251.0
2541 252.0
2542 252.0
2543 252.0
2544 252.0
2545 252.0
2546 252.0
2547 252.0
2548 251.0
2549 204.0
2550 625.0
2551 252.0
2552 175.0
2553 148.0
2554 62.0
2555 106.0
2556 294.0
2557 466.0
2558 363.0
2559 363.0
2560 203.0
2561 363.0
2562 363.0
2563 363.0
2564 315.0
2565 203.0
2566 487.0
2567 204.0
2568 258.0
2569 252.0
2570 625.0
2571 138.0
2572 277.0
2573 203.0
2574 251.0
2575 47.0
2576 175.0
2577 272.0
2578 111.0
2579 165.0
2580 251.0
2581 173.0
2582 362.0
2583 152.0
2584 203.0
2585 32.0
2586 143.0
2587 203.0
2588 204.0
2589 93.0
2590 252.0
2591 252.0
2592 252.0
2593 252.0
2594 252.0
2595 252.0
2596 252.0
2597 252.0
2598 252.0
2599 252.0
2600 251.0
2601 625.0
2602 252.0
2603 251.0
2604 143.0
2605 61.0
2606 106.0
2607 203.0
2608 491.0
2609 363.0
2610 222.0
2611 77.0
2612 363.0
2613 363.0
2614 315.0
2615 474.0
2616 203.0
2617 487.0
2618 320.0
2619 258.0
2620 296.0
2621 338.0
2622 363.0
2623 275.0
2624 374.0
2625 166.0
2626 78.0
2627 218.0
2628 263.0
2629 251.0
2630 251.0
2631 203.0
2632 164.0
2633 358.0
2634 163.0
2635 181.0
2636 43.0
2637 203.0
2638 203.0
2639 203.0
2640 363.0
2641 252.0
2642 252.0
2643 252.0
2644 252.0
2645 251.0
2646 252.0
2647 252.0
2648 252.0
2649 252.0
2650 252.0
2651 175.0
2652 625.0
2653 252.0
2654 192.0
2655 251.0
2656 133.0
2657 106.0
2658 363.0
2659 363.0
2660 301.0
2661 121.0
2662 386.0
2663 252.0
2664 315.0
2665 186.0
2666 363.0
2667 252.0
2668 487.0
2669 258.0
2670 381.0
2671 309.0
2672 483.0
2673 0.0
2674 355.0
2675 278.0
2676 251.0
2677 47.0
2678 251.0
2679 275.0
2680 53.0
2681 135.0
2682 251.0
2683 251.0
2684 363.0
2685 362.0
2686 203.0
2687 43.0
2688 89.0
2689 204.0
2690 363.0
2691 204.0
2692 251.0
2693 251.0
2694 252.0
2695 252.0
2696 252.0
2697 252.0
2698 252.0
2699 252.0
2700 252.0
2701 252.0
2702 203.0
2703 625.0
2704 252.0
2705 363.0
2706 251.0
2707 159.0
2708 106.0
2709 327.0
2710 491.0
2711 360.0
2712 263.0
2713 203.0
2714 363.0
2715 252.0
2716 363.0
2717 315.0
2718 307.0
2719 487.0
2720 487.0
2721 381.0
2722 299.0
2723 483.0
2724 328.0
2725 464.0
2726 363.0
2727 203.0
2728 79.0
2729 163.0
2730 172.0
2731 77.0
2732 203.0
2733 251.0
2734 163.0
2735 254.0
2736 203.0
2737 360.0
2738 43.0
2739 143.0
2740 363.0
2741 363.0
2742 169.0
2743 363.0
2744 251.0
2745 252.0
2746 252.0
2747 252.0
2748 252.0
2749 252.0
2750 252.0
2751 252.0
2752 251.0
2753 251.0
2754 625.0
2755 200.0
2756 148.0
2757 148.0
2758 99.0
2759 106.0
2760 294.0
2761 466.0
2762 263.0
2763 203.0
2764 330.0
2765 363.0
2766 363.0
2767 363.0
2768 315.0
2769 363.0
2770 487.0
2771 320.0
2772 487.0
2773 301.0
2774 338.0
2775 483.0
2776 464.0
2777 203.0
2778 203.0
2779 134.0
2780 148.0
2781 298.0
2782 111.0
2783 0.0
2784 128.0
2785 187.0
2786 358.0
2787 252.0
2788 351.0
2789 203.0
2790 363.0
2791 363.0
2792 363.0
2793 93.0
2794 204.0
2795 363.0
2796 252.0
2797 252.0
2798 252.0
2799 252.0
2800 252.0
2801 252.0
2802 252.0
2803 252.0
2804 165.0
2805 625.0
2806 126.0
2807 252.0
2808 191.0
2809 175.0
2810 106.0
2811 203.0
2812 491.0
2813 161.0
2814 110.0
2815 203.0
2816 363.0
2817 203.0
2818 315.0
2819 363.0
2820 203.0
2821 487.0
2822 381.0
2823 487.0
2824 483.0
2825 338.0
2826 174.0
2827 336.0
2828 251.0
2829 252.0
2830 78.0
2831 230.0
2832 251.0
2833 203.0
2834 124.0
2835 251.0
2836 164.0
2837 363.0
2838 203.0
2839 351.0
2840 111.0
2841 363.0
2842 363.0
2843 363.0
2844 103.0
2845 203.0
2846 6.0
2847 166.0
2848 252.0
2849 252.0
2850 252.0
2851 252.0
2852 252.0
2853 252.0
2854 252.0
2855 252.0
2856 625.0
2857 283.0
2858 126.0
2859 251.0
2860 103.0
2861 106.0
2862 158.0
2863 363.0
2864 121.0
2865 263.0
2866 203.0
2867 315.0
2868 363.0
2869 252.0
2870 390.0
2871 307.0
2872 487.0
2873 381.0
2874 381.0
2875 330.0
2876 483.0
2877 309.0
2878 483.0
2879 251.0
2880 251.0
2881 172.0
2882 252.0
2883 363.0
2884 251.0
2885 124.0
2886 251.0
2887 248.0
2888 318.0
2889 363.0
2890 363.0
2891 155.0
2892 116.0
2893 178.0
2894 363.0
2895 103.0
2896 251.0
2897 251.0
2898 176.0
2899 252.0
2900 252.0
2901 252.0
2902 252.0
2903 252.0
2904 252.0
2905 251.0
2906 203.0
2907 625.0
2908 283.0
2909 251.0
2910 203.0
2911 203.0
2912 106.0
2913 294.0
2914 466.0
2915 197.0
2916 207.0
2917 89.0
2918 363.0
2919 363.0
2920 315.0
2921 315.0
2922 363.0
2923 487.0
2924 320.0
2925 487.0
2926 330.0
2927 338.0
2928 363.0
2929 341.0
2930 381.0
2931 203.0
2932 251.0
2933 175.0
2934 251.0
2935 53.0
2936 4.0
2937 203.0
2938 11.0
2939 351.0
2940 284.0
2941 322.0
2942 142.0
2943 363.0
2944 363.0
2945 363.0
2946 204.0
2947 252.0
2948 251.0
2949 283.0
2950 252.0
2951 252.0
2952 252.0
2953 252.0
2954 252.0
2955 252.0
2956 252.0
2957 251.0
2958 625.0
2959 185.0
2960 203.0
2961 174.0
2962 251.0
2963 106.0
2964 203.0
2965 466.0
2966 363.0
2967 363.0
2968 315.0
2969 363.0
2970 315.0
2971 363.0
2972 315.0
2973 39.0
2974 487.0
2975 381.0
2976 487.0
2977 252.0
2978 338.0
2979 378.0
2980 483.0
2981 336.0
2982 253.0
2983 131.0
2984 324.0
2985 234.0
2986 251.0
2987 83.0
2988 251.0
2989 163.0
2990 303.0
2991 284.0
2992 363.0
2993 204.0
2994 363.0
2995 363.0
2996 363.0
2997 93.0
2998 204.0
2999 179.0
3000 6.0
3001 200.0
3002 252.0
3003 252.0
3004 252.0
3005 252.0
3006 252.0
3007 252.0
3008 169.0
3009 625.0
3010 185.0
3011 283.0
3012 251.0
3013 126.0
3014 106.0
3015 305.0
3016 301.0
3017 203.0
3018 121.0
3019 197.0
3020 363.0
3021 251.0
3022 186.0
3023 390.0
3024 203.0
3025 487.0
3026 381.0
3027 381.0
3028 326.0
3029 483.0
3030 229.0
3031 336.0
3032 336.0
3033 336.0
3034 134.0
3035 251.0
3036 234.0
3037 251.0
3038 19.0
3039 175.0
3040 334.0
3041 280.0
3042 203.0
3043 347.0
3044 111.0
3045 363.0
3046 363.0
3047 363.0
3048 204.0
3049 180.0
3050 0.0
3051 363.0
3052 251.0
3053 252.0
3054 252.0
3055 252.0
3056 252.0
3057 252.0
3058 252.0
3059 180.0
3060 625.0
3061 204.0
3062 251.0
3063 251.0
3064 82.0
3065 106.0
3066 327.0
3067 363.0
3068 363.0
3069 301.0
3070 0.0
3071 363.0
3072 315.0
3073 390.0
3074 315.0
3075 291.0
3076 487.0
3077 381.0
3078 381.0
3079 525.0
3080 505.0
3081 363.0
3082 336.0
3083 0.0
3084 340.0
3085 176.0
3086 164.0
3087 251.0
3088 251.0
3089 124.0
3090 171.0
3091 363.0
3092 362.0
3093 306.0
3094 322.0
3095 103.0
3096 203.0
3097 363.0
3098 363.0
3099 252.0
3100 204.0
3101 251.0
3102 251.0
3103 251.0
3104 252.0
3105 252.0
3106 252.0
3107 252.0
3108 252.0
3109 252.0
3110 157.0
3111 625.0
3112 251.0
3113 4.0
3114 174.0
3115 251.0
3116 106.0
3117 294.0
3118 466.0
3119 466.0
3120 251.0
3121 203.0
3122 363.0
3123 363.0
3124 363.0
3125 315.0
3126 203.0
3127 487.0
3128 381.0
3129 29.0
3130 203.0
3131 625.0
3132 297.0
3133 341.0
3134 337.0
3135 363.0
3136 251.0
3137 163.0
3138 251.0
3139 197.0
3140 128.0
3141 251.0
3142 206.0
3143 363.0
3144 251.0
3145 322.0
3146 203.0
3147 116.0
3148 363.0
3149 363.0
3150 94.0
3151 252.0
3152 252.0
3153 252.0
3154 200.0
3155 252.0
3156 252.0
3157 252.0
3158 252.0
3159 252.0
3160 252.0
3161 166.0
3162 625.0
3163 21.0
3164 251.0
3165 174.0
3166 133.0
3167 106.0
3168 363.0
3169 301.0
3170 466.0
3171 263.0
3172 158.0
3173 363.0
3174 363.0
3175 315.0
3176 390.0
3177 363.0
3178 487.0
3179 320.0
3180 252.0
3181 525.0
3182 483.0
3183 229.0
3184 483.0
3185 336.0
3186 204.0
3187 141.0
3188 170.0
3189 251.0
3190 149.0
3191 203.0
3192 24.0
3193 334.0
3194 308.0
3195 363.0
3196 363.0
3197 251.0
3198 203.0
3199 363.0
3200 363.0
3201 204.0
3202 283.0
3203 0.0
3204 0.0
3205 66.0
3206 252.0
3207 252.0
3208 252.0
3209 252.0
3210 252.0
3211 252.0
3212 169.0
3213 625.0
3214 203.0
3215 189.0
3216 251.0
3217 133.0
3218 106.0
3219 491.0
3220 363.0
3221 203.0
3222 296.0
3223 164.0
3224 363.0
3225 251.0
3226 474.0
3227 363.0
3228 203.0
3229 487.0
3230 381.0
3231 289.0
3232 296.0
3233 338.0
3234 203.0
3235 331.0
3236 336.0
3237 350.0
3238 134.0
3239 230.0
3240 251.0
3241 273.0
3242 124.0
3243 171.0
3244 334.0
3245 363.0
3246 306.0
3247 362.0
3248 204.0
3249 363.0
3250 363.0
3251 363.0
3252 180.0
3253 185.0
3254 55.0
3255 0.0
3256 252.0
3257 252.0
3258 252.0
3259 252.0
3260 252.0
3261 252.0
3262 252.0
3263 251.0
3264 625.0
3265 203.0
3266 182.0
3267 295.0
3268 87.0
3269 106.0
3270 466.0
3271 301.0
3272 284.0
3273 185.0
3274 170.0
3275 363.0
3276 347.0
3277 186.0
3278 315.0
3279 291.0
3280 487.0
3281 487.0
3282 258.0
3283 203.0
3284 338.0
3285 203.0
3286 483.0
3287 203.0
3288 336.0
3289 251.0
3290 363.0
3291 251.0
3292 270.0
3293 100.0
3294 342.0
3295 252.0
3296 363.0
3297 306.0
3298 303.0
3299 142.0
3300 363.0
3301 363.0
3302 363.0
3303 180.0
3304 363.0
3305 15.0
3306 252.0
3307 252.0
3308 252.0
3309 252.0
3310 252.0
3311 252.0
3312 252.0
3313 252.0
3314 159.0
3315 625.0
3316 126.0
3317 20.0
3318 174.0
3319 251.0
3320 106.0
3321 466.0
3322 491.0
3323 389.0
3324 227.0
3325 203.0
3326 480.0
3327 315.0
3328 315.0
3329 390.0
3330 252.0
3331 487.0
3332 487.0
3333 333.0
3334 174.0
3335 483.0
3336 158.0
3337 483.0
3338 381.0
3339 381.0
3340 203.0
3341 176.0
3342 251.0
3343 53.0
3344 130.0
3345 254.0
3346 203.0
3347 363.0
3348 281.0
3349 322.0
3350 251.0
3351 175.0
3352 363.0
3353 363.0
3354 168.0
3355 363.0
3356 251.0
3357 251.0
3358 108.0
3359 252.0
3360 252.0
3361 252.0
3362 252.0
3363 252.0
3364 252.0
3365 203.0
3366 625.0
3367 252.0
3368 245.0
3369 251.0
3370 126.0
3371 106.0
3372 363.0
3373 491.0
3374 203.0
3375 121.0
3376 191.0
3377 363.0
3378 363.0
3379 363.0
3380 363.0
3381 204.0
3382 487.0
3383 381.0
3384 372.0
3385 174.0
3386 300.0
3387 326.0
3388 331.0
3389 350.0
3390 480.0
3391 52.0
3392 170.0
3393 251.0
3394 149.0
3395 130.0
3396 203.0
3397 334.0
3398 308.0
3399 338.0
3400 362.0
3401 251.0
3402 252.0
3403 363.0
3404 363.0
3405 0.0
3406 94.0
3407 363.0
3408 0.0
3409 169.0
3410 252.0
3411 252.0
3412 252.0
3413 252.0
3414 252.0
3415 252.0
3416 170.0
3417 625.0
3418 363.0
3419 252.0
3420 251.0
3421 143.0
3422 106.0
3423 301.0
3424 301.0
3425 263.0
3426 296.0
3427 12.0
3428 363.0
3429 203.0
3430 185.0
3431 315.0
3432 329.0
3433 487.0
3434 381.0
3435 205.0
3436 0.0
3437 331.0
3438 203.0
3439 483.0
3440 483.0
3441 296.0
3442 251.0
3443 251.0
3444 275.0
3445 111.0
3446 100.0
3447 254.0
3448 363.0
3449 308.0
3450 306.0
3451 351.0
3452 204.0
3453 363.0
3454 363.0
3455 363.0
3456 204.0
3457 363.0
3458 169.0
3459 252.0
3460 251.0
3461 252.0
3462 252.0
3463 252.0
3464 252.0
3465 252.0
3466 252.0
3467 127.0
3468 625.0
3469 66.0
3470 185.0
3471 174.0
3472 62.0
3473 106.0
3474 491.0
3475 301.0
3476 363.0
3477 239.0
3478 203.0
3479 251.0
3480 204.0
3481 186.0
3482 315.0
3483 291.0
3484 487.0
3485 320.0
3486 327.0
3487 0.0
3488 483.0
3489 298.0
3490 341.0
3491 336.0
3492 483.0
3493 203.0
3494 187.0
3495 234.0
3496 270.0
3497 130.0
3498 363.0
3499 363.0
3500 363.0
3501 284.0
3502 322.0
3503 103.0
3504 251.0
3505 363.0
3506 363.0
3507 236.0
3508 252.0
3509 251.0
3510 251.0
3511 251.0
3512 252.0
3513 252.0
3514 252.0
3515 252.0
3516 252.0
3517 252.0
3518 127.0
3519 625.0
3520 203.0
3521 126.0
3522 296.0
3523 128.0
3524 106.0
3525 491.0
3526 491.0
3527 466.0
3528 203.0
3529 203.0
3530 251.0
3531 315.0
3532 505.0
3533 390.0
3534 203.0
3535 487.0
3536 320.0
3537 203.0
3538 139.0
3539 338.0
3540 158.0
3541 331.0
3542 483.0
3543 299.0
3544 0.0
3545 251.0
3546 251.0
3547 121.0
3548 25.0
3549 363.0
3550 334.0
3551 363.0
3552 175.0
3553 322.0
3554 203.0
3555 252.0
3556 363.0
3557 363.0
3558 179.0
3559 94.0
3560 252.0
3561 204.0
3562 363.0
3563 252.0
3564 252.0
3565 252.0
3566 252.0
3567 252.0
3568 252.0
3569 103.0
3570 625.0
3571 147.0
3572 252.0
3573 295.0
3574 127.0
3575 106.0
3576 491.0
3577 301.0
3578 284.0
3579 301.0
3580 251.0
3581 363.0
3582 363.0
3583 363.0
3584 505.0
3585 291.0
3586 487.0
3587 381.0
3588 205.0
3589 0.0
3590 483.0
3591 161.0
3592 329.0
3593 329.0
3594 296.0
3595 179.0
3596 252.0
3597 163.0
3598 53.0
3599 0.0
3600 363.0
3601 363.0
3602 308.0
3603 284.0
3604 351.0
3605 149.0
3606 363.0
3607 363.0
3608 363.0
3609 203.0
3610 204.0
3611 203.0
3612 283.0
3613 6.0
3614 252.0
3615 252.0
3616 252.0
3617 252.0
3618 252.0
3619 252.0
3620 251.0
3621 625.0
3622 61.0
3623 185.0
3624 174.0
3625 251.0
3626 101.0
3627 491.0
3628 301.0
3629 459.0
3630 110.0
3631 18.0
3632 315.0
3633 363.0
3634 363.0
3635 315.0
3636 362.0
3637 487.0
3638 258.0
3639 372.0
3640 0.0
3641 483.0
3642 0.0
3643 350.0
3644 483.0
3645 299.0
3646 203.0
3647 176.0
3648 251.0
3649 251.0
3650 203.0
3651 363.0
3652 363.0
3653 363.0
3654 335.0
3655 362.0
3656 204.0
3657 287.0
3658 363.0
3659 363.0
3660 363.0
3661 363.0
3662 363.0
3663 251.0
3664 200.0
3665 283.0
3666 252.0
3667 252.0
3668 252.0
3669 252.0
3670 252.0
3671 169.0
3672 625.0
3673 109.0
3674 175.0
3675 251.0
3676 0.0
3677 106.0
3678 491.0
3679 466.0
3680 167.0
3681 301.0
3682 112.0
3683 363.0
3684 191.0
3685 203.0
3686 505.0
3687 203.0
3688 487.0
3689 320.0
3690 58.0
3691 138.0
3692 483.0
3693 427.0
3694 359.0
3695 331.0
3696 331.0
3697 251.0
3698 172.0
3699 251.0
3700 270.0
3701 203.0
3702 363.0
3703 254.0
3704 363.0
3705 345.0
3706 251.0
3707 150.0
3708 252.0
3709 363.0
3710 363.0
3711 251.0
3712 204.0
3713 251.0
3714 204.0
3715 363.0
3716 165.0
3717 94.0
3718 252.0
3719 252.0
3720 252.0
3721 252.0
3722 252.0
3723 625.0
3724 203.0
3725 185.0
3726 296.0
3727 351.0
3728 106.0
3729 491.0
3730 466.0
3731 109.0
3732 207.0
3733 382.0
3734 387.0
3735 110.0
3736 390.0
3737 505.0
3738 115.0
3739 487.0
3740 320.0
3741 363.0
3742 138.0
3743 338.0
3744 158.0
3745 336.0
3746 483.0
3747 252.0
3748 353.0
3749 251.0
3750 172.0
3751 181.0
3752 158.0
3753 363.0
3754 363.0
3755 308.0
3756 203.0
3757 322.0
3758 98.0
3759 363.0
3760 363.0
3761 363.0
3762 363.0
3763 251.0
3764 363.0
3765 204.0
3766 252.0
3767 251.0
3768 252.0
3769 252.0
3770 252.0
3771 252.0
3772 252.0
3773 103.0
3774 625.0
3775 203.0
3776 251.0
3777 295.0
3778 94.0
3779 106.0
3780 491.0
3781 301.0
3782 267.0
3783 110.0
3784 363.0
3785 363.0
3786 252.0
3787 363.0
3788 315.0
3789 291.0
3790 487.0
3791 381.0
3792 205.0
3793 174.0
3794 483.0
3795 229.0
3796 483.0
3797 625.0
3798 293.0
3799 24.0
3800 163.0
3801 251.0
3802 175.0
3803 0.0
3804 363.0
3805 363.0
3806 363.0
3807 281.0
3808 303.0
3809 204.0
3810 363.0
3811 363.0
3812 363.0
3813 363.0
3814 363.0
3815 283.0
3816 363.0
3817 186.0
3818 363.0
3819 252.0
3820 252.0
3821 252.0
3822 252.0
3823 252.0
3824 0.0
3825 625.0
3826 126.0
3827 109.0
3828 251.0
3829 155.0
3830 106.0
3831 491.0
3832 301.0
3833 203.0
3834 169.0
3835 196.0
3836 305.0
3837 363.0
3838 390.0
3839 315.0
3840 203.0
3841 487.0
3842 487.0
3843 258.0
3844 169.0
3845 483.0
3846 0.0
3847 587.0
3848 363.0
3849 252.0
3850 363.0
3851 170.0
3852 251.0
3853 0.0
3854 98.0
3855 254.0
3856 334.0
3857 363.0
3858 253.0
3859 323.0
3860 103.0
3861 110.0
3862 363.0
3863 363.0
3864 363.0
3865 251.0
3866 251.0
3867 363.0
3868 204.0
3869 204.0
3870 0.0
3871 252.0
3872 252.0
3873 252.0
3874 252.0
3875 283.0
3876 625.0
3877 363.0
3878 252.0
3879 251.0
3880 137.0
3881 106.0
3882 491.0
3883 301.0
3884 284.0
3885 203.0
3886 391.0
3887 203.0
3888 203.0
3889 315.0
3890 315.0
3891 575.0
3892 487.0
3893 487.0
3894 158.0
3895 18.0
3896 338.0
3897 203.0
3898 329.0
3899 341.0
3900 204.0
3901 363.0
3902 251.0
3903 251.0
3904 119.0
3905 131.0
3906 254.0
3907 363.0
3908 363.0
3909 344.0
3910 251.0
3911 203.0
3912 166.0
3913 363.0
3914 363.0
3915 251.0
3916 252.0
3917 251.0
3918 283.0
3919 251.0
3920 204.0
3921 252.0
3922 252.0
3923 252.0
3924 252.0
3925 165.0
3926 203.0
3927 625.0
3928 185.0
3929 103.0
3930 296.0
3931 251.0
3932 106.0
3933 491.0
3934 491.0
3935 203.0
3936 361.0
3937 203.0
3938 480.0
3939 204.0
3940 315.0
3941 203.0
3942 252.0
3943 336.0
3944 487.0
3945 199.0
3946 138.0
3947 483.0
3948 201.0
3949 341.0
3950 483.0
3951 299.0
3952 252.0
3953 252.0
3954 234.0
3955 252.0
3956 254.0
3957 315.0
3958 363.0
3959 363.0
3960 363.0
3961 303.0
3962 197.0
3963 363.0
3964 363.0
3965 363.0
3966 251.0
3967 204.0
3968 169.0
3969 204.0
3970 363.0
3971 251.0
3972 252.0
3973 252.0
3974 252.0
3975 252.0
3976 251.0
3977 0.0
3978 625.0
3979 185.0
3980 204.0
3981 251.0
3982 89.0
3983 106.0
3984 491.0
3985 491.0
3986 327.0
3987 110.0
3988 203.0
3989 363.0
3990 363.0
3991 315.0
3992 39.0
3993 203.0
3994 203.0
3995 487.0
3996 199.0
3997 169.0
3998 338.0
3999 203.0
4000 350.0
4001 483.0
4002 299.0
4003 0.0
4004 163.0
4005 298.0
4006 38.0
4007 158.0
4008 363.0
4009 254.0
4010 363.0
4011 363.0
4012 363.0
4013 251.0
4014 363.0
4015 363.0
4016 363.0
4017 363.0
4018 363.0
4019 252.0
4020 251.0
4021 204.0
4022 363.0
4023 170.0
4024 252.0
4025 252.0
4026 252.0
4027 200.0
4028 127.0
4029 625.0
4030 251.0
4031 204.0
4032 251.0
4033 89.0
4034 106.0
4035 491.0
4036 301.0
4037 203.0
4038 110.0
4039 203.0
4040 363.0
4041 363.0
4042 505.0
4043 575.0
4044 203.0
4045 203.0
4046 487.0
4047 251.0
4048 158.0
4049 338.0
4050 86.0
4051 341.0
4052 625.0
4053 337.0
4054 363.0
4055 363.0
4056 363.0
4057 251.0
4058 191.0
4059 203.0
4060 363.0
4061 363.0
4062 251.0
4063 104.0
4064 203.0
4065 94.0
4066 363.0
4067 363.0
4068 363.0
4069 363.0
4070 251.0
4071 251.0
4072 363.0
4073 283.0
4074 252.0
4075 252.0
4076 252.0
4077 252.0
4078 235.0
4079 204.0
4080 625.0
4081 126.0
4082 131.0
4083 296.0
4084 103.0
4085 106.0
4086 491.0
4087 466.0
4088 203.0
4089 30.0
4090 196.0
4091 480.0
4092 0.0
4093 322.0
4094 260.0
4095 364.0
4096 363.0
4097 487.0
4098 158.0
4099 203.0
4100 483.0
4101 251.0
4102 483.0
4103 341.0
4104 474.0
4105 252.0
4106 252.0
4107 363.0
4108 111.0
4109 25.0
4110 254.0
4111 363.0
4112 363.0
4113 358.0
4114 303.0
4115 251.0
4116 363.0
4117 363.0
4118 363.0
4119 363.0
4120 363.0
4121 204.0
4122 363.0
4123 363.0
4124 363.0
4125 252.0
4126 252.0
4127 252.0
4128 252.0
4129 203.0
4130 80.0
4131 625.0
4132 239.0
4133 252.0
4134 388.0
4135 103.0
4136 106.0
4137 491.0
4138 491.0
4139 363.0
4140 99.0
4141 315.0
4142 203.0
4143 176.0
4144 581.0
4145 203.0
4146 581.0
4147 252.0
4148 487.0
4149 199.0
4150 18.0
4151 483.0
4152 138.0
4153 359.0
4154 341.0
4155 470.0
4156 331.0
4157 218.0
4158 298.0
4159 38.0
4160 32.0
4161 315.0
4162 203.0
4163 363.0
4164 363.0
4165 203.0
4166 203.0
4167 363.0
4168 363.0
4169 363.0
4170 363.0
4171 204.0
4172 363.0
4173 363.0
4174 204.0
4175 363.0
4176 252.0
4177 252.0
4178 252.0
4179 252.0
4180 186.0
4181 105.0
4182 625.0
4183 204.0
4184 252.0
4185 203.0
4186 251.0
4187 106.0
4188 491.0
4189 363.0
4190 363.0
4191 71.0
4192 203.0
4193 301.0
4194 203.0
4195 581.0
4196 203.0
4197 581.0
4198 260.0
4199 487.0
4200 205.0
4201 18.0
4202 483.0
4203 18.0
4204 350.0
4205 483.0
4206 363.0
4207 191.0
4208 250.0
4209 363.0
4210 38.0
4211 179.0
4212 363.0
4213 334.0
4214 363.0
4215 281.0
4216 303.0
4217 204.0
4218 203.0
4219 363.0
4220 363.0
4221 363.0
4222 363.0
4223 251.0
4224 363.0
4225 204.0
4226 204.0
4227 252.0
4228 252.0
4229 252.0
4230 252.0
4231 252.0
4232 3.0
4233 625.0
4234 185.0
4235 63.0
4236 295.0
4237 351.0
4238 106.0
4239 491.0
4240 363.0
4241 284.0
4242 32.0
4243 196.0
4244 363.0
4245 203.0
4246 581.0
4247 581.0
4248 581.0
4249 364.0
4250 487.0
4251 158.0
4252 169.0
4253 338.0
4254 0.0
4255 483.0
4256 483.0
4257 483.0
4258 339.0
4259 252.0
4260 235.0
4261 119.0
4262 203.0
4263 203.0
4264 251.0
4265 363.0
4266 338.0
4267 303.0
4268 147.0
4269 363.0
4270 363.0
4271 363.0
4272 363.0
4273 283.0
4274 363.0
4275 363.0
4276 252.0
4277 204.0
4278 252.0
4279 252.0
4280 252.0
4281 252.0
4282 185.0
4283 126.0
4284 625.0
4285 121.0
4286 252.0
4287 295.0
4288 148.0
4289 106.0
4290 491.0
4291 491.0
4292 491.0
4293 175.0
4294 382.0
4295 363.0
4296 204.0
4297 363.0
4298 260.0
4299 364.0
4300 252.0
4301 487.0
4302 158.0
4303 139.0
4304 483.0
4305 138.0
4306 252.0
4307 341.0
4308 343.0
4309 456.0
4310 172.0
4311 298.0
4312 88.0
4313 25.0
4314 297.0
4315 363.0
4316 363.0
4317 360.0
4318 363.0
4319 251.0
4320 363.0
4321 363.0
4322 363.0
4323 363.0
4324 185.0
4325 251.0
4326 363.0
4327 363.0
4328 252.0
4329 252.0
4330 252.0
4331 252.0
4332 252.0
4333 252.0
4334 164.0
4335 625.0
4336 126.0
4337 251.0
4338 251.0
4339 126.0
4340 106.0
4341 491.0
4342 491.0
4343 167.0
4344 66.0
4345 203.0
4346 305.0
4347 85.0
4348 581.0
4349 581.0
4350 581.0
4351 260.0
4352 487.0
4353 295.0
4354 169.0
4355 331.0
4356 158.0
4357 483.0
4358 483.0
4359 483.0
4360 252.0
4361 330.0
4362 298.0
4363 0.0
4364 0.0
4365 363.0
4366 334.0
4367 363.0
4368 350.0
4369 251.0
4370 251.0
4371 363.0
4372 363.0
4373 363.0
4374 251.0
4375 252.0
4376 363.0
4377 363.0
4378 124.0
4379 363.0
4380 164.0
4381 252.0
4382 252.0
4383 252.0
4384 283.0
4385 251.0
4386 625.0
4387 251.0
4388 251.0
4389 251.0
4390 94.0
4391 148.0
4392 491.0
4393 491.0
4394 284.0
4395 93.0
4396 203.0
4397 305.0
4398 203.0
4399 581.0
4400 203.0
4401 581.0
4402 364.0
4403 487.0
4404 295.0
4405 0.0
4406 283.0
4407 378.0
4408 350.0
4409 483.0
4410 502.0
4411 252.0
4412 363.0
4413 363.0
4414 111.0
4415 203.0
4416 254.0
4417 363.0
4418 363.0
4419 363.0
4420 363.0
4421 363.0
4422 363.0
4423 363.0
4424 363.0
4425 363.0
4426 283.0
4427 251.0
4428 251.0
4429 186.0
4430 204.0
4431 251.0
4432 252.0
4433 252.0
4434 252.0
4435 169.0
4436 103.0
4437 625.0
4438 203.0
4439 4.0
4440 295.0
4441 93.0
4442 106.0
4443 491.0
4444 491.0
4445 491.0
4446 59.0
4447 203.0
4448 310.0
4449 252.0
4450 580.0
4451 581.0
4452 364.0
4453 252.0
4454 487.0
4455 158.0
4456 18.0
4457 331.0
4458 16.0
4459 350.0
4460 341.0
4461 363.0
4462 501.0
4463 174.0
4464 235.0
4465 75.0
4466 178.0
4467 363.0
4468 203.0
4469 363.0
4470 363.0
4471 303.0
4472 248.0
4473 363.0
4474 363.0
4475 363.0
4476 251.0
4477 180.0
4478 251.0
4479 363.0
4480 251.0
4481 363.0
4482 251.0
4483 252.0
4484 252.0
4485 94.0
4486 185.0
4487 127.0
4488 625.0
4489 185.0
4490 126.0
4491 251.0
4492 158.0
4493 106.0
4494 491.0
4495 491.0
4496 167.0
4497 109.0
4498 203.0
4499 480.0
4500 203.0
4501 581.0
4502 363.0
4503 581.0
4504 260.0
4505 487.0
4506 295.0
4507 139.0
4508 339.0
4509 18.0
4510 341.0
4511 341.0
4512 625.0
4513 501.0
4514 302.0
4515 363.0
4516 61.0
4517 32.0
4518 363.0
4519 254.0
4520 363.0
4521 251.0
4522 303.0
4523 251.0
4524 203.0
4525 363.0
4526 363.0
4527 363.0
4528 363.0
4529 363.0
4530 363.0
4531 363.0
4532 252.0
4533 252.0
4534 252.0
4535 252.0
4536 252.0
4537 252.0
4538 186.0
4539 625.0
4540 251.0
4541 203.0
4542 251.0
4543 251.0
4544 106.0
4545 491.0
4546 301.0
4547 466.0
4548 175.0
4549 315.0
4550 308.0
4551 298.0
4552 581.0
4553 581.0
4554 581.0
4555 581.0
4556 487.0
4557 205.0
4558 174.0
4559 483.0
4560 18.0
4561 483.0
4562 483.0
4563 329.0
4564 501.0
4565 0.0
4566 169.0
4567 0.0
4568 25.0
4569 363.0
4570 203.0
4571 363.0
4572 281.0
4573 238.0
4574 203.0
4575 363.0
4576 363.0
4577 363.0
4578 363.0
4579 363.0
4580 363.0
4581 363.0
4582 203.0
4583 175.0
4584 251.0
4585 252.0
4586 252.0
4587 363.0
4588 252.0
4589 39.0
4590 625.0
4591 165.0
4592 39.0
4593 251.0
4594 251.0
4595 128.0
4596 491.0
4597 301.0
4598 363.0
4599 93.0
4600 203.0
4601 480.0
4602 39.0
4603 363.0
4604 575.0
4605 581.0
4606 203.0
4607 260.0
4608 494.0
4609 174.0
4610 326.0
4611 331.0
4612 331.0
4613 483.0
4614 363.0
4615 252.0
4616 181.0
4617 363.0
4618 0.0
4619 170.0
4620 254.0
4621 203.0
4622 363.0
4623 363.0
4624 363.0
4625 203.0
4626 363.0
4627 363.0
4628 363.0
4629 252.0
4630 363.0
4631 363.0
4632 363.0
4633 251.0
4634 251.0
4635 252.0
4636 252.0
4637 252.0
4638 203.0
4639 213.0
4640 180.0
4641 625.0
4642 175.0
4643 175.0
4644 295.0
4645 180.0
4646 106.0
4647 491.0
4648 466.0
4649 178.0
4650 296.0
4651 391.0
4652 480.0
4653 204.0
4654 322.0
4655 363.0
4656 364.0
4657 320.0
4658 260.0
4659 158.0
4660 140.0
4661 625.0
4662 24.0
4663 331.0
4664 625.0
4665 363.0
4666 252.0
4667 332.0
4668 235.0
4669 0.0
4670 191.0
4671 363.0
4672 363.0
4673 363.0
4674 338.0
4675 363.0
4676 204.0
4677 363.0
4678 363.0
4679 363.0
4680 251.0
4681 204.0
4682 283.0
4683 363.0
4684 252.0
4685 251.0
4686 252.0
4687 252.0
4688 191.0
4689 203.0
4690 203.0
4691 363.0
4692 625.0
4693 191.0
4694 193.0
4695 295.0
4696 203.0
4697 101.0
4698 491.0
4699 301.0
4700 203.0
4701 175.0
4702 315.0
4703 308.0
4704 209.0
4705 575.0
4706 581.0
4707 581.0
4708 363.0
4709 203.0
4710 158.0
4711 183.0
4712 331.0
4713 158.0
4714 331.0
4715 341.0
4716 502.0
4717 501.0
4718 181.0
4719 169.0
4720 8.0
4721 32.0
4722 254.0
4723 334.0
4724 363.0
4725 363.0
4726 363.0
4727 204.0
4728 363.0
4729 363.0
4730 363.0
4731 363.0
4732 252.0
4733 297.0
4734 363.0
4735 1.0
4736 203.0
4737 252.0
4738 252.0
4739 252.0
4740 252.0
4741 251.0
4742 251.0
4743 625.0
4744 203.0
4745 175.0
4746 251.0
4747 251.0
4748 105.0
4749 491.0
4750 491.0
4751 363.0
4752 93.0
4753 391.0
4754 308.0
4755 203.0
4756 581.0
4757 581.0
4758 581.0
4759 363.0
4760 254.0
4761 381.0
4762 0.0
4763 300.0
4764 124.0
4765 350.0
4766 341.0
4767 363.0
4768 501.0
4769 203.0
4770 363.0
4771 0.0
4772 25.0
4773 254.0
4774 163.0
4775 363.0
4776 306.0
4777 363.0
4778 203.0
4779 203.0
4780 363.0
4781 363.0
4782 363.0
4783 363.0
4784 363.0
4785 363.0
4786 204.0
4787 204.0
4788 0.0
4789 252.0
4790 252.0
4791 173.0
4792 173.0
4793 203.0
4794 625.0
4795 281.0
4796 127.0
4797 388.0
4798 180.0
4799 106.0
4800 491.0
4801 491.0
4802 161.0
4803 66.0
4804 203.0
4805 363.0
4806 203.0
4807 326.0
4808 581.0
4809 581.0
4810 320.0
4811 203.0
4812 205.0
4813 204.0
4814 283.0
4815 203.0
4816 331.0
4817 483.0
4818 363.0
4819 363.0
4820 337.0
4821 235.0
4822 30.0
4823 178.0
4824 363.0
4825 251.0
4826 363.0
4827 363.0
4828 363.0
4829 363.0
4830 363.0
4831 363.0
4832 363.0
4833 363.0
4834 363.0
4835 363.0
4836 363.0
4837 251.0
4838 251.0
4839 363.0
4840 252.0
4841 251.0
4842 384.0
4843 203.0
4844 203.0
4845 625.0
4846 154.0
4847 119.0
4848 295.0
4849 180.0
4850 106.0
4851 491.0
4852 301.0
4853 317.0
4854 175.0
4855 203.0
4856 381.0
4857 346.0
4858 336.0
4859 581.0
4860 364.0
4861 363.0
4862 204.0
4863 158.0
4864 158.0
4865 339.0
4866 203.0
4867 203.0
4868 625.0
4869 502.0
4870 735.0
4871 320.0
4872 363.0
4873 30.0
4874 147.0
4875 363.0
4876 251.0
4877 363.0
4878 251.0
4879 363.0
4880 204.0
4881 363.0
4882 363.0
4883 363.0
4884 363.0
4885 283.0
4886 363.0
4887 297.0
4888 363.0
4889 251.0
4890 251.0
4891 252.0
4892 252.0
4893 363.0
4894 251.0
4895 363.0
4896 735.0
4897 154.0
4898 251.0
4899 251.0
4900 188.0
4901 106.0
4902 491.0
4903 491.0
4904 203.0
4905 71.0
4906 203.0
4907 305.0
4908 322.0
4909 203.0
4910 581.0
4911 581.0
4912 254.0
4913 203.0
4914 295.0
4915 0.0
4916 363.0
4917 229.0
4918 484.0
4919 363.0
4920 735.0
4921 735.0
4922 302.0
4923 363.0
4924 0.0
4925 25.0
4926 203.0
4927 203.0
4928 363.0
4929 363.0
4930 363.0
4931 363.0
4932 115.0
4933 363.0
4934 363.0
4935 363.0
4936 287.0
4937 251.0
4938 363.0
4939 203.0
4940 174.0
4941 251.0
4942 251.0
4943 252.0
4944 363.0
4945 286.0
4946 286.0
4947 735.0
4948 121.0
4949 26.0
4950 251.0
4951 117.0
4952 128.0
4953 491.0
4954 491.0
4955 363.0
4956 49.0
4957 456.0
4958 305.0
4959 322.0
4960 260.0
4961 581.0
4962 581.0
4963 203.0
4964 581.0
4965 205.0
4966 183.0
4967 307.0
4968 252.0
4969 336.0
4970 735.0
4971 252.0
4972 735.0
4973 295.0
4974 363.0
4975 0.0
4976 43.0
4977 363.0
4978 203.0
4979 363.0
4980 306.0
4981 363.0
4982 363.0
4983 363.0
4984 363.0
4985 363.0
4986 363.0
4987 363.0
4988 252.0
4989 363.0
4990 363.0
4991 252.0
4992 283.0
4993 251.0
4994 173.0
4995 203.0
4996 203.0
4997 203.0
4998 735.0
4999 251.0
5000 4.0
5001 251.0
5002 251.0
5003 106.0
5004 491.0
5005 301.0
5006 389.0
5007 71.0
5008 456.0
5009 363.0
5010 581.0
5011 203.0
5012 581.0
5013 364.0
5014 260.0
5015 260.0
5016 280.0
5017 330.0
5018 296.0
5019 331.0
5020 336.0
5021 299.0
5022 735.0
5023 363.0
5024 179.0
5025 235.0
5026 30.0
5027 192.0
5028 363.0
5029 254.0
5030 363.0
5031 306.0
5032 363.0
5033 204.0
5034 363.0
5035 363.0
5036 363.0
5037 252.0
5038 204.0
5039 204.0
5040 363.0
5041 363.0
5042 251.0
5043 175.0
5044 252.0
5045 203.0
5046 203.0
5047 203.0
5048 203.0
5049 735.0
5050 154.0
5051 251.0
5052 295.0
5053 180.0
5054 128.0
5055 491.0
5056 491.0
5057 466.0
5058 32.0
5059 203.0
5060 362.0
5061 581.0
5062 320.0
5063 581.0
5064 581.0
5065 260.0
5066 581.0
5067 260.0
5068 251.0
5069 278.0
5070 363.0
5071 324.0
5072 628.0
5073 735.0
5074 735.0
5075 204.0
5076 363.0
5077 0.0
5078 32.0
5079 363.0
5080 203.0
5081 363.0
5082 251.0
5083 363.0
5084 203.0
5085 363.0
5086 363.0
5087 363.0
5088 363.0
5089 363.0
5090 283.0
5091 363.0
5092 363.0
5093 204.0
5094 251.0
5095 251.0
5096 252.0
5097 203.0
5098 185.0
5099 286.0
5100 735.0
