1 6.0
2 0.0
3 38.0
4 6.0
5 38.0
6 114.0
7 6.0
8 0.0
9 32.0
10 6.0
11 1.0
12 17.0
13 11.0
14 1.0
15 6.0
16 203.0
17 6.0
18 33.0
19 6.0
20 204.0
21 38.0
22 6.0
23 98.0
24 0.0
25 0.0
26 0.0
27 0.0
28 251.0
29 1.0
30 203.0
31 1.0
32 32.0
33 33.0
34 0.0
35 30.0
36 204.0
37 0.0
38 0.0
39 38.0
40 0.0
41 25.0
42 25.0
43 38.0
44 6.0
45 38.0
46 17.0
47 12.0
48 32.0
49 6.0
50 0.0
51 251.0
52 0.0
53 251.0
54 251.0
55 203.0
56 0.0
57 204.0
58 11.0
59 203.0
60 32.0
61 49.0
62 0.0
63 1.0
64 161.0
65 203.0
66 204.0
67 203.0
68 33.0
69 0.0
70 251.0
71 0.0
72 6.0
73 44.0
74 251.0
75 32.0
76 204.0
77 165.0
78 55.0
79 251.0
80 6.0
81 32.0
82 0.0
83 32.0
84 6.0
85 203.0
86 49.0
87 204.0
88 33.0
89 44.0
90 203.0
91 204.0
92 30.0
93 25.0
94 38.0
95 194.0
96 203.0
97 12.0
98 1.0
99 33.0
100 204.0
101 0.0
102 251.0
103 251.0
104 251.0
105 203.0
106 251.0
107 6.0
108 204.0
109 251.0
110 251.0
111 32.0
112 49.0
113 0.0
114 203.0
115 192.0
116 251.0
117 204.0
118 174.0
119 33.0
120 247.0
121 251.0
122 203.0
123 0.0
124 38.0
125 251.0
126 251.0
127 204.0
128 251.0
129 251.0
130 203.0
131 1.0
132 251.0
133 30.0
134 32.0
135 251.0
136 251.0
137 203.0
138 204.0
139 30.0
140 44.0
141 203.0
142 38.0
143 49.0
144 6.0
145 38.0
146 191.0
147 203.0
148 203.0
149 6.0
150 33.0
151 204.0
152 32.0
153 251.0
154 251.0
155 251.0
156 6.0
157 30.0
158 6.0
159 30.0
160 204.0
161 30.0
162 32.0
163 49.0
164 38.0
165 204.0
166 251.0
167 251.0
168 33.0
169 0.0
170 33.0
171 220.0
172 6.0
173 204.0
174 174.0
175 203.0
176 32.0
177 251.0
178 204.0
179 204.0
180 251.0
181 32.0
182 32.0
183 203.0
184 0.0
185 6.0
186 203.0
187 213.0
188 203.0
189 6.0
190 38.0
191 44.0
192 6.0
193 0.0
194 251.0
195 6.0
196 38.0
197 38.0
198 203.0
199 32.0
200 1.0
201 33.0
202 203.0
203 32.0
204 251.0
205 0.0
206 0.0
207 204.0
208 203.0
209 30.0
210 204.0
211 251.0
212 30.0
213 33.0
214 49.0
215 32.0
216 251.0
217 109.0
218 38.0
219 251.0
220 32.0
221 32.0
222 251.0
223 6.0
224 204.0
225 203.0
226 38.0
227 251.0
228 251.0
229 251.0
230 251.0
231 251.0
232 251.0
233 203.0
234 32.0
235 33.0
236 33.0
237 6.0
238 203.0
239 17.0
240 1.0
241 32.0
242 0.0
243 203.0
244 0.0
245 0.0
246 0.0
247 203.0
248 233.0
249 38.0
250 32.0
251 1.0
252 6.0
253 204.0
254 0.0
255 251.0
256 0.0
257 251.0
258 33.0
259 49.0
260 30.0
261 38.0
262 17.0
263 203.0
264 203.0
265 203.0
266 0.0
267 0.0
268 206.0
269 0.0
270 203.0
271 203.0
272 32.0
273 204.0
274 191.0
275 6.0
276 49.0
277 38.0
278 251.0
279 32.0
280 0.0
281 251.0
282 251.0
283 251.0
284 251.0
285 251.0
286 203.0
287 251.0
288 251.0
289 251.0
290 203.0
291 32.0
292 38.0
293 33.0
294 203.0
295 109.0
296 251.0
297 224.0
298 203.0
299 0.0
300 38.0
301 12.0
302 32.0
303 33.0
304 251.0
305 32.0
306 251.0
307 251.0
308 251.0
309 251.0
310 0.0
311 0.0
312 32.0
313 204.0
314 203.0
315 251.0
316 49.0
317 38.0
318 251.0
319 38.0
320 38.0
321 0.0
322 6.0
323 38.0
324 0.0
325 251.0
326 251.0
327 38.0
328 38.0
329 189.0
330 251.0
331 0.0
332 204.0
333 32.0
334 38.0
335 32.0
336 203.0
337 192.0
338 203.0
339 203.0
340 213.0
341 203.0
342 32.0
343 32.0
344 44.0
345 251.0
346 109.0
347 251.0
348 12.0
349 0.0
350 32.0
351 203.0
352 221.0
353 32.0
354 38.0
355 0.0
356 0.0
357 251.0
358 251.0
359 30.0
360 203.0
361 203.0
362 0.0
363 44.0
364 203.0
365 228.0
366 110.0
367 203.0
368 251.0
369 251.0
370 43.0
371 1.0
372 203.0
373 1.0
374 251.0
375 251.0
376 20.0
377 30.0
378 203.0
379 38.0
380 242.0
381 251.0
382 203.0
383 251.0
384 251.0
385 251.0
386 203.0
387 32.0
388 0.0
389 32.0
390 203.0
391 251.0
392 32.0
393 32.0
394 33.0
395 0.0
396 33.0
397 0.0
398 251.0
399 12.0
400 30.0
401 0.0
402 32.0
403 32.0
404 30.0
405 203.0
406 203.0
407 0.0
408 251.0
409 0.0
410 30.0
411 32.0
412 204.0
413 0.0
414 12.0
415 251.0
416 30.0
417 110.0
418 234.0
419 251.0
420 251.0
421 195.0
422 0.0
423 251.0
424 251.0
425 32.0
426 247.0
427 6.0
428 38.0
429 203.0
430 38.0
431 242.0
432 251.0
433 0.0
434 251.0
435 251.0
436 251.0
437 38.0
438 251.0
439 33.0
440 251.0
441 251.0
442 203.0
443 17.0
444 1.0
445 0.0
446 33.0
447 203.0
448 0.0
449 0.0
450 0.0
451 203.0
452 0.0
453 32.0
454 17.0
455 1.0
456 203.0
457 251.0
458 203.0
459 251.0
460 251.0
461 251.0
462 203.0
463 87.0
464 0.0
465 30.0
466 6.0
467 251.0
468 251.0
469 251.0
470 251.0
471 33.0
472 251.0
473 251.0
474 251.0
475 251.0
476 30.0
477 251.0
478 208.0
479 251.0
480 251.0
481 38.0
482 251.0
483 251.0
484 0.0
485 30.0
486 0.0
487 203.0
488 251.0
489 251.0
490 203.0
491 203.0
492 1.0
493 213.0
494 203.0
495 0.0
496 251.0
497 33.0
498 203.0
499 203.0
500 251.0
501 203.0
502 203.0
503 6.0
504 203.0
505 12.0
506 1.0
507 203.0
508 251.0
509 43.0
510 251.0
511 251.0
512 251.0
513 203.0
514 251.0
515 30.0
516 204.0
517 204.0
518 203.0
519 251.0
520 251.0
521 32.0
522 251.0
523 203.0
524 251.0
525 251.0
526 1.0
527 251.0
528 251.0
529 251.0
530 251.0
531 203.0
532 38.0
533 87.0
534 251.0
535 0.0
536 204.0
537 0.0
538 204.0
539 49.0
540 251.0
541 33.0
542 251.0
543 251.0
544 251.0
545 203.0
546 38.0
547 33.0
548 38.0
549 251.0
550 0.0
551 251.0
552 12.0
553 55.0
554 0.0
555 203.0
556 203.0
557 32.0
558 251.0
559 251.0
560 251.0
561 251.0
562 251.0
563 30.0
564 251.0
565 204.0
566 0.0
567 32.0
568 203.0
569 30.0
570 32.0
571 203.0
572 251.0
573 251.0
574 251.0
575 251.0
576 251.0
577 1.0
578 251.0
579 235.0
580 20.0
581 251.0
582 203.0
583 38.0
584 251.0
585 251.0
586 203.0
587 251.0
588 251.0
589 204.0
590 39.0
591 49.0
592 0.0
593 251.0
594 251.0
595 203.0
596 0.0
597 32.0
598 251.0
599 251.0
600 32.0
601 0.0
602 204.0
603 194.0
604 251.0
605 17.0
606 38.0
607 251.0
608 49.0
609 32.0
610 251.0
611 0.0
612 251.0
613 32.0
614 0.0
615 0.0
616 204.0
617 0.0
618 204.0
619 192.0
620 203.0
621 110.0
622 49.0
623 203.0
624 251.0
625 0.0
626 32.0
627 251.0
628 251.0
629 30.0
630 128.0
631 251.0
632 251.0
633 203.0
634 203.0
635 251.0
636 32.0
637 6.0
638 0.0
639 251.0
640 203.0
641 251.0
642 251.0
643 30.0
644 251.0
645 251.0
646 163.0
647 0.0
648 38.0
649 251.0
650 0.0
651 191.0
652 109.0
653 49.0
654 0.0
655 0.0
656 233.0
657 38.0
658 251.0
659 6.0
660 251.0
661 251.0
662 203.0
663 251.0
664 251.0
665 251.0
666 251.0
667 87.0
668 0.0
669 44.0
670 251.0
671 203.0
672 251.0
673 49.0
674 32.0
675 251.0
676 206.0
677 251.0
678 251.0
679 7.0
680 0.0
681 251.0
682 251.0
683 251.0
684 203.0
685 38.0
686 30.0
687 32.0
688 6.0
689 0.0
690 0.0
691 32.0
692 251.0
693 203.0
694 0.0
695 247.0
696 251.0
697 163.0
698 203.0
699 0.0
700 251.0
701 0.0
702 203.0
703 0.0
704 203.0
705 195.0
706 44.0
707 0.0
708 203.0
709 30.0
710 30.0
711 17.0
712 251.0
713 32.0
714 251.0
715 251.0
716 0.0
717 203.0
718 203.0
719 30.0
720 203.0
721 251.0
722 20.0
723 32.0
724 203.0
725 32.0
726 251.0
727 38.0
728 251.0
729 38.0
730 251.0
731 33.0
732 0.0
733 33.0
734 251.0
735 203.0
736 32.0
737 251.0
738 251.0
739 203.0
740 204.0
741 0.0
742 204.0
743 251.0
744 32.0
745 0.0
746 251.0
747 203.0
748 0.0
749 203.0
750 0.0
751 251.0
752 251.0
753 0.0
754 44.0
755 49.0
756 12.0
757 38.0
758 6.0
759 203.0
760 30.0
761 30.0
762 251.0
763 251.0
764 33.0
765 251.0
766 251.0
767 0.0
768 203.0
769 204.0
770 0.0
771 33.0
772 251.0
773 251.0
774 1.0
775 234.0
776 203.0
777 30.0
778 251.0
779 251.0
780 251.0
781 251.0
782 251.0
783 32.0
784 251.0
785 6.0
786 203.0
787 251.0
788 242.0
789 251.0
790 203.0
791 204.0
792 251.0
793 251.0
794 0.0
795 203.0
796 1.0
797 251.0
798 251.0
799 0.0
800 203.0
801 251.0
802 251.0
803 203.0
804 204.0
805 109.0
806 25.0
807 193.0
808 30.0
809 251.0
810 38.0
811 251.0
812 203.0
813 251.0
814 249.0
815 0.0
816 251.0
817 251.0
818 251.0
819 203.0
820 32.0
821 49.0
822 204.0
823 1.0
824 203.0
825 251.0
826 49.0
827 32.0
828 251.0
829 0.0
830 251.0
831 203.0
832 247.0
833 6.0
834 220.0
835 251.0
836 251.0
837 203.0
838 203.0
839 251.0
840 32.0
841 0.0
842 0.0
843 204.0
844 203.0
845 251.0
846 49.0
847 0.0
848 251.0
849 1.0
850 32.0
851 49.0
852 204.0
853 251.0
854 32.0
855 204.0
856 0.0
857 251.0
858 0.0
859 251.0
860 191.0
861 204.0
862 251.0
863 1.0
864 251.0
865 251.0
866 203.0
867 251.0
868 251.0
869 251.0
870 38.0
871 204.0
872 30.0
873 203.0
874 251.0
875 203.0
876 17.0
877 251.0
878 31.0
879 251.0
880 0.0
881 251.0
882 251.0
883 247.0
884 30.0
885 220.0
886 6.0
887 32.0
888 203.0
889 240.0
890 203.0
891 48.0
892 0.0
893 251.0
894 251.0
895 203.0
896 251.0
897 32.0
898 0.0
899 251.0
900 203.0
901 1.0
902 0.0
903 0.0
904 38.0
905 0.0
906 251.0
907 44.0
908 203.0
909 44.0
910 38.0
911 43.0
912 203.0
913 221.0
914 32.0
915 251.0
916 251.0
917 203.0
918 251.0
919 251.0
920 0.0
921 251.0
922 33.0
923 30.0
924 251.0
925 203.0
926 0.0
927 251.0
928 251.0
929 203.0
930 251.0
931 38.0
932 251.0
933 38.0
934 251.0
935 251.0
936 203.0
937 251.0
938 251.0
939 203.0
940 38.0
941 242.0
942 251.0
943 203.0
944 251.0
945 251.0
946 203.0
947 30.0
948 203.0
949 0.0
950 251.0
951 203.0
952 0.0
953 203.0
954 0.0
955 43.0
956 251.0
957 251.0
958 55.0
959 25.0
960 192.0
961 38.0
962 38.0
963 203.0
964 251.0
965 1.0
966 32.0
967 251.0
968 0.0
969 251.0
970 251.0
971 49.0
972 251.0
973 204.0
974 0.0
975 204.0
976 6.0
977 30.0
978 251.0
979 49.0
980 203.0
981 251.0
982 38.0
983 32.0
984 251.0
985 251.0
986 251.0
987 220.0
988 243.0
989 251.0
990 203.0
991 251.0
992 251.0
993 251.0
994 204.0
995 0.0
996 204.0
997 203.0
998 251.0
999 203.0
1000 44.0
1001 251.0
1002 1.0
1003 0.0
1004 0.0
1005 32.0
1006 251.0
1007 251.0
1008 33.0
1009 251.0
1010 203.0
1011 195.0
1012 30.0
1013 191.0
1014 38.0
1015 192.0
1016 1.0
1017 251.0
1018 251.0
1019 235.0
1020 251.0
1021 251.0
1022 251.0
1023 251.0
1024 204.0
1025 0.0
1026 204.0
1027 251.0
1028 203.0
1029 251.0
1030 203.0
1031 32.0
1032 33.0
1033 194.0
1034 225.0
1035 251.0
1036 7.0
1037 251.0
1038 247.0
1039 6.0
1040 251.0
1041 203.0
1042 251.0
1043 251.0
1044 251.0
1045 251.0
1046 203.0
1047 0.0
1048 251.0
1049 0.0
1050 32.0
1051 0.0
1052 251.0
1053 251.0
1054 203.0
1055 0.0
1056 32.0
1057 251.0
1058 0.0
1059 33.0
1060 0.0
1061 195.0
1062 251.0
1063 32.0
1064 251.0
1065 203.0
1066 192.0
1067 30.0
1068 251.0
1069 251.0
1070 251.0
1071 251.0
1072 251.0
1073 251.0
1074 49.0
1075 25.0
1076 30.0
1077 204.0
1078 251.0
1079 251.0
1080 251.0
1081 49.0
1082 204.0
1083 203.0
1084 38.0
1085 251.0
1086 32.0
1087 251.0
1088 0.0
1089 32.0
1090 251.0
1091 251.0
1092 203.0
1093 251.0
1094 251.0
1095 251.0
1096 0.0
1097 251.0
1098 251.0
1099 204.0
1100 251.0
1101 32.0
1102 0.0
1103 251.0
1104 203.0
1105 203.0
1106 203.0
1107 32.0
1108 33.0
1109 251.0
1110 251.0
1111 251.0
1112 32.0
1113 251.0
1114 174.0
1115 251.0
1116 251.0
1117 251.0
1118 12.0
1119 32.0
1120 251.0
1121 203.0
1122 251.0
1123 251.0
1124 49.0
1125 49.0
1126 32.0
1127 0.0
1128 203.0
1129 251.0
1130 0.0
1131 251.0
1132 203.0
1133 203.0
1134 251.0
1135 38.0
1136 251.0
1137 247.0
1138 251.0
1139 1.0
1140 32.0
1141 242.0
1142 251.0
1143 203.0
1144 32.0
1145 251.0
1146 251.0
1147 0.0
1148 0.0
1149 251.0
1150 203.0
1151 251.0
1152 203.0
1153 44.0
1154 251.0
1155 203.0
1156 0.0
1157 33.0
1158 32.0
1159 251.0
1160 251.0
1161 213.0
1162 251.0
1163 203.0
1164 6.0
1165 44.0
1166 251.0
1167 203.0
1168 251.0
1169 203.0
1170 251.0
1171 251.0
1172 203.0
1173 251.0
1174 251.0
1175 251.0
1176 251.0
1177 204.0
1178 0.0
1179 204.0
1180 32.0
1181 251.0
1182 251.0
1183 0.0
1184 32.0
1185 1.0
1186 0.0
1187 251.0
1188 203.0
1189 251.0
1190 251.0
1191 251.0
1192 33.0
1193 251.0
1194 203.0
1195 203.0
1196 251.0
1197 251.0
1198 203.0
1199 251.0
1200 0.0
1201 203.0
1202 251.0
1203 49.0
1204 0.0
1205 251.0
1206 1.0
1207 251.0
1208 0.0
1209 32.0
1210 251.0
1211 251.0
1212 0.0
1213 0.0
1214 203.0
1215 192.0
1216 32.0
1217 251.0
1218 203.0
1219 192.0
1220 251.0
1221 251.0
1222 249.0
1223 235.0
1224 251.0
1225 251.0
1226 251.0
1227 251.0
1228 204.0
1229 0.0
1230 0.0
1231 251.0
1232 251.0
1233 251.0
1234 203.0
1235 251.0
1236 204.0
1237 161.0
1238 251.0
1239 203.0
1240 1.0
1241 251.0
1242 220.0
1243 43.0
1244 38.0
1245 203.0
1246 203.0
1247 25.0
1248 0.0
1249 203.0
1250 251.0
1251 204.0
1252 203.0
1253 0.0
1254 49.0
1255 0.0
1256 251.0
1257 251.0
1258 203.0
1259 203.0
1260 38.0
1261 38.0
1262 203.0
1263 33.0
1264 0.0
1265 169.0
1266 251.0
1267 32.0
1268 251.0
1269 203.0
1270 251.0
1271 30.0
1272 251.0
1273 251.0
1274 0.0
1275 251.0
1276 251.0
1277 251.0
1278 33.0
1279 32.0
1280 30.0
1281 203.0
1282 192.0
1283 251.0
1284 251.0
1285 203.0
1286 203.0
1287 204.0
1288 38.0
1289 251.0
1290 0.0
1291 251.0
1292 0.0
1293 203.0
1294 251.0
1295 12.0
1296 203.0
1297 0.0
1298 189.0
1299 44.0
1300 0.0
1301 1.0
1302 251.0
1303 204.0
1304 251.0
1305 38.0
1306 0.0
1307 251.0
1308 203.0
1309 251.0
1310 203.0
1311 251.0
1312 251.0
1313 251.0
1314 251.0
1315 251.0
1316 25.0
1317 251.0
1318 174.0
1319 251.0
1320 203.0
1321 251.0
1322 251.0
1323 251.0
1324 251.0
1325 203.0
1326 251.0
1327 251.0
1328 49.0
1329 32.0
1330 32.0
1331 33.0
1332 204.0
1333 49.0
1334 0.0
1335 251.0
1336 203.0
1337 32.0
1338 251.0
1339 195.0
1340 251.0
1341 203.0
1342 251.0
1343 251.0
1344 221.0
1345 251.0
1346 251.0
1347 203.0
1348 251.0
1349 251.0
1350 38.0
1351 0.0
1352 251.0
1353 251.0
1354 203.0
1355 204.0
1356 32.0
1357 1.0
1358 251.0
1359 1.0
1360 0.0
1361 49.0
1362 32.0
1363 43.0
1364 251.0
1365 0.0
1366 251.0
1367 203.0
1368 0.0
1369 38.0
1370 247.0
1371 203.0
1372 251.0
1373 203.0
1374 251.0
1375 251.0
1376 203.0
1377 251.0
1378 251.0
1379 251.0
1380 203.0
1381 204.0
1382 0.0
1383 203.0
1384 251.0
1385 251.0
1386 251.0
1387 49.0
1388 251.0
1389 30.0
1390 194.0
1391 204.0
1392 32.0
1393 251.0
1394 251.0
1395 247.0
1396 251.0
1397 203.0
1398 203.0
1399 203.0
1400 203.0
1401 251.0
1402 203.0
1403 251.0
1404 0.0
1405 203.0
1406 251.0
1407 224.0
1408 33.0
1409 251.0
1410 203.0
1411 213.0
1412 39.0
1413 0.0
1414 251.0
1415 0.0
1416 251.0
1417 0.0
1418 32.0
1419 251.0
1420 174.0
1421 247.0
1422 38.0
1423 251.0
1424 251.0
1425 251.0
1426 251.0
1427 0.0
1428 251.0
1429 0.0
1430 251.0
1431 32.0
1432 251.0
1433 0.0
1434 203.0
1435 251.0
1436 251.0
1437 6.0
1438 203.0
1439 1.0
1440 251.0
1441 251.0
1442 38.0
1443 6.0
1444 247.0
1445 1.0
1446 220.0
1447 251.0
1448 203.0
1449 203.0
1450 203.0
1451 251.0
1452 203.0
1453 203.0
1454 0.0
1455 251.0
1456 203.0
1457 1.0
1458 32.0
1459 0.0
1460 251.0
1461 38.0
1462 203.0
1463 203.0
1464 38.0
1465 251.0
1466 251.0
1467 33.0
1468 0.0
1469 164.0
1470 251.0
1471 38.0
1472 251.0
1473 203.0
1474 251.0
1475 30.0
1476 7.0
1477 247.0
1478 0.0
1479 251.0
1480 251.0
1481 251.0
1482 251.0
1483 32.0
1484 30.0
1485 204.0
1486 192.0
1487 30.0
1488 251.0
1489 234.0
1490 32.0
1491 251.0
1492 38.0
1493 251.0
1494 251.0
1495 247.0
1496 38.0
1497 0.0
1498 251.0
1499 6.0
1500 203.0
1501 0.0
1502 251.0
1503 38.0
1504 0.0
1505 0.0
1506 251.0
1507 203.0
1508 251.0
1509 251.0
1510 1.0
1511 251.0
1512 251.0
1513 0.0
1514 251.0
1515 32.0
1516 251.0
1517 251.0
1518 192.0
1519 251.0
1520 203.0
1521 251.0
1522 32.0
1523 38.0
1524 203.0
1525 251.0
1526 1.0
1527 32.0
1528 251.0
1529 43.0
1530 251.0
1531 251.0
1532 251.0
1533 251.0
1534 25.0
1535 0.0
1536 251.0
1537 251.0
1538 251.0
1539 251.0
1540 251.0
1541 32.0
1542 251.0
1543 0.0
1544 251.0
1545 204.0
1546 251.0
1547 251.0
1548 204.0
1549 251.0
1550 251.0
1551 203.0
1552 240.0
1553 17.0
1554 38.0
1555 203.0
1556 204.0
1557 251.0
1558 203.0
1559 204.0
1560 32.0
1561 1.0
1562 251.0
1563 203.0
1564 163.0
1565 0.0
1566 0.0
1567 38.0
1568 251.0
1569 251.0
1570 251.0
1571 203.0
1572 251.0
1573 32.0
1574 194.0
1575 203.0
1576 251.0
1577 30.0
1578 251.0
1579 251.0
1580 38.0
1581 251.0
1582 32.0
1583 251.0
1584 32.0
1585 204.0
1586 49.0
1587 203.0
1588 1.0
1589 251.0
1590 251.0
1591 234.0
1592 33.0
1593 251.0
1594 251.0
1595 251.0
1596 203.0
1597 251.0
1598 251.0
1599 247.0
1600 251.0
1601 251.0
1602 203.0
1603 38.0
1604 251.0
1605 252.0
1606 203.0
1607 204.0
1608 0.0
1609 203.0
1610 32.0
1611 251.0
1612 0.0
1613 251.0
1614 251.0
1615 213.0
1616 0.0
1617 38.0
1618 38.0
1619 251.0
1620 33.0
1621 0.0
1622 251.0
1623 203.0
1624 38.0
1625 233.0
1626 34.0
1627 251.0
1628 30.0
1629 203.0
1630 249.0
1631 0.0
1632 251.0
1633 251.0
1634 32.0
1635 38.0
1636 251.0
1637 203.0
1638 204.0
1639 251.0
1640 251.0
1641 303.0
1642 252.0
1643 203.0
1644 251.0
1645 251.0
1646 251.0
1647 203.0
1648 303.0
1649 251.0
1650 203.0
1651 19.0
1652 251.0
1653 203.0
1654 252.0
1655 252.0
1656 303.0
1657 252.0
1658 251.0
1659 299.0
1660 33.0
1661 303.0
1662 203.0
1663 0.0
1664 203.0
1665 252.0
1666 315.0
1667 25.0
1668 204.0
1669 251.0
1670 0.0
1671 251.0
1672 251.0
1673 0.0
1674 252.0
1675 251.0
1676 203.0
1677 38.0
1678 0.0
1679 204.0
1680 203.0
1681 203.0
1682 252.0
1683 315.0
1684 315.0
1685 251.0
1686 38.0
1687 6.0
1688 315.0
1689 252.0
1690 251.0
1691 251.0
1692 251.0
1693 38.0
1694 38.0
1695 203.0
1696 252.0
1697 38.0
1698 203.0
1699 251.0
1700 252.0
1701 203.0
1702 251.0
1703 251.0
1704 203.0
1705 315.0
1706 252.0
1707 252.0
1708 315.0
1709 251.0
1710 315.0
1711 203.0
1712 315.0
1713 251.0
1714 203.0
1715 316.0
1716 203.0
1717 315.0
1718 252.0
1719 203.0
1720 251.0
1721 38.0
1722 251.0
1723 315.0
1724 32.0
1725 251.0
1726 204.0
1727 38.0
1728 38.0
1729 251.0
1730 252.0
1731 252.0
1732 251.0
1733 203.0
1734 316.0
1735 315.0
1736 203.0
1737 315.0
1738 315.0
1739 38.0
1740 44.0
1741 203.0
1742 315.0
1743 203.0
1744 252.0
1745 203.0
1746 315.0
1747 251.0
1748 44.0
1749 203.0
1750 252.0
1751 203.0
1752 203.0
1753 252.0
1754 204.0
1755 203.0
1756 38.0
1757 203.0
1758 316.0
1759 315.0
1760 203.0
1761 203.0
1762 203.0
1763 38.0
1764 38.0
1765 33.0
1766 203.0
1767 252.0
1768 315.0
1769 38.0
1770 203.0
1771 251.0
1772 252.0
1773 38.0
1774 203.0
1775 203.0
1776 252.0
1777 203.0
1778 203.0
1779 203.0
1780 203.0
1781 204.0
1782 203.0
1783 252.0
1784 203.0
1785 316.0
1786 315.0
1787 315.0
1788 203.0
1789 32.0
1790 0.0
1791 252.0
1792 44.0
1793 203.0
1794 203.0
1795 203.0
1796 316.0
1797 203.0
1798 203.0
1799 252.0
1800 44.0
1801 204.0
1802 1.0
1803 251.0
1804 203.0
1805 251.0
1806 204.0
1807 38.0
1808 252.0
1809 203.0
1810 316.0
1811 38.0
1812 252.0
1813 203.0
1814 252.0
1815 38.0
1816 38.0
1817 316.0
1818 316.0
1819 252.0
1820 203.0
1821 203.0
1822 204.0
1823 252.0
1824 203.0
1825 315.0
1826 316.0
1827 203.0
1828 203.0
1829 252.0
1830 251.0
1831 252.0
1832 204.0
1833 38.0
1834 203.0
1835 252.0
1836 316.0
1837 252.0
1838 252.0
1839 38.0
1840 203.0
1841 315.0
1842 203.0
1843 44.0
1844 203.0
1845 0.0
1846 38.0
1847 38.0
1848 315.0
1849 203.0
1850 258.0
1851 203.0
1852 203.0
1853 1.0
1854 252.0
1855 203.0
1856 251.0
1857 203.0
1858 251.0
1859 315.0
1860 316.0
1861 203.0
1862 44.0
1863 252.0
1864 203.0
1865 251.0
1866 44.0
1867 204.0
1868 252.0
1869 203.0
1870 315.0
1871 315.0
1872 203.0
1873 252.0
1874 315.0
1875 203.0
1876 252.0
1877 303.0
1878 251.0
1879 204.0
1880 252.0
1881 203.0
1882 203.0
1883 252.0
1884 203.0
1885 252.0
1886 251.0
1887 316.0
1888 315.0
1889 315.0
1890 38.0
1891 204.0
1892 38.0
1893 251.0
1894 316.0
1895 251.0
1896 203.0
1897 114.0
1898 252.0
1899 252.0
1900 203.0
1901 316.0
1902 203.0
1903 38.0
1904 38.0
1905 251.0
1906 315.0
1907 203.0
1908 251.0
1909 0.0
1910 252.0
1911 316.0
1912 258.0
1913 44.0
1914 203.0
1915 203.0
1916 44.0
1917 204.0
1918 0.0
1919 203.0
1920 316.0
1921 315.0
1922 203.0
1923 203.0
1924 203.0
1925 315.0
1926 203.0
1927 315.0
1928 203.0
1929 204.0
1930 204.0
1931 252.0
1932 204.0
1933 38.0
1934 204.0
1935 203.0
1936 315.0
1937 252.0
1938 316.0
1939 316.0
1940 252.0
1941 0.0
1942 0.0
1943 30.0
1944 252.0
1945 38.0
1946 251.0
1947 203.0
1948 252.0
1949 203.0
1950 252.0
1951 315.0
1952 38.0
1953 38.0
1954 252.0
1955 315.0
1956 315.0
1957 315.0
1958 251.0
1959 204.0
1960 203.0
1961 252.0
1962 258.0
1963 316.0
1964 203.0
1965 251.0
1966 32.0
1967 38.0
1968 6.0
1969 38.0
1970 315.0
1971 252.0
1972 315.0
1973 203.0
1974 0.0
1975 204.0
1976 252.0
1977 203.0
1978 315.0
1979 203.0
1980 315.0
1981 204.0
1982 315.0
1983 204.0
1984 316.0
1985 204.0
1986 316.0
1987 316.0
1988 203.0
1989 316.0
1990 316.0
1991 251.0
1992 38.0
1993 203.0
1994 251.0
1995 316.0
1996 38.0
1997 203.0
1998 203.0
1999 38.0
2000 203.0
2001 38.0
2002 203.0
2003 38.0
2004 38.0
2005 38.0
2006 251.0
2007 203.0
2008 203.0
2009 251.0
2010 204.0
2011 38.0
2012 203.0
2013 316.0
2014 203.0
2015 251.0
2016 315.0
2017 204.0
2018 252.0
2019 316.0
2020 38.0
2021 251.0
2022 203.0
2023 252.0
2024 252.0
2025 14.0
2026 204.0
2027 252.0
2028 203.0
2029 38.0
2030 251.0
2031 38.0
2032 204.0
2033 203.0
2034 203.0
2035 252.0
2036 252.0
2037 203.0
2038 203.0
2039 251.0
2040 316.0
2041 315.0
2042 316.0
2043 38.0
2044 204.0
2045 203.0
2046 315.0
2047 252.0
2048 203.0
2049 1.0
2050 251.0
2051 315.0
2052 316.0
2053 315.0
2054 252.0
2055 203.0
2056 204.0
2057 315.0
2058 315.0
2059 203.0
2060 251.0
2061 204.0
2062 203.0
2063 203.0
2064 316.0
2065 203.0
2066 44.0
2067 203.0
2068 203.0
2069 38.0
2070 203.0
2071 315.0
2072 315.0
2073 203.0
2074 315.0
2075 316.0
2076 203.0
2077 258.0
2078 316.0
2079 251.0
2080 44.0
2081 315.0
2082 252.0
2083 204.0
2084 315.0
2085 203.0
2086 251.0
2087 204.0
2088 316.0
2089 316.0
2090 251.0
2091 316.0
2092 316.0
2093 316.0
2094 315.0
2095 315.0
2096 38.0
2097 38.0
2098 204.0
2099 251.0
2100 44.0
2101 204.0
2102 38.0
2103 251.0
2104 252.0
2105 315.0
2106 203.0
2107 38.0
2108 203.0
2109 252.0
2110 203.0
2111 251.0
2112 204.0
2113 315.0
2114 251.0
2115 316.0
2116 316.0
2117 204.0
2118 252.0
2119 32.0
2120 315.0
2121 252.0
2122 315.0
2123 203.0
2124 252.0
2125 316.0
2126 203.0
2127 252.0
2128 203.0
2129 38.0
2130 251.0
2131 44.0
2132 203.0
2133 251.0
2134 203.0
2135 251.0
2136 203.0
2137 38.0
2138 251.0
2139 252.0
2140 315.0
2141 268.0
2142 316.0
2143 316.0
2144 316.0
2145 0.0
2146 315.0
2147 38.0
2148 315.0
2149 32.0
2150 316.0
2151 316.0
2152 252.0
2153 38.0
2154 252.0
2155 316.0
2156 38.0
2157 38.0
2158 44.0
2159 203.0
2160 203.0
2161 203.0
2162 38.0
2163 204.0
2164 203.0
2165 44.0
2166 316.0
2167 315.0
2168 38.0
2169 251.0
2170 203.0
2171 315.0
2172 0.0
2173 315.0
2174 252.0
2175 203.0
2176 203.0
2177 315.0
2178 315.0
2179 315.0
2180 316.0
2181 203.0
2182 44.0
2183 203.0
2184 38.0
2185 204.0
2186 203.0
2187 204.0
2188 38.0
2189 203.0
2190 315.0
2191 203.0
2192 38.0
2193 316.0
2194 316.0
2195 316.0
2196 38.0
2197 204.0
2198 0.0
2199 315.0
2200 252.0
2201 203.0
2202 203.0
2203 251.0
2204 252.0
2205 38.0
2206 203.0
2207 44.0
2208 38.0
2209 44.0
2210 251.0
2211 251.0
2212 203.0
2213 38.0
2214 204.0
2215 203.0
2216 203.0
2217 316.0
2218 203.0
2219 44.0
2220 203.0
2221 0.0
2222 38.0
2223 203.0
2224 315.0
2225 316.0
2226 316.0
2227 203.0
2228 252.0
2229 203.0
2230 252.0
2231 251.0
2232 251.0
2233 44.0
2234 252.0
2235 251.0
2236 204.0
2237 252.0
2238 204.0
2239 252.0
2240 203.0
2241 316.0
2242 203.0
2243 252.0
2244 316.0
2245 315.0
2246 316.0
2247 38.0
2248 204.0
2249 251.0
2250 38.0
2251 252.0
2252 251.0
2253 203.0
2254 204.0
2255 315.0
2256 38.0
2257 252.0
2258 204.0
2259 38.0
2260 44.0
2261 315.0
2262 251.0
2263 303.0
2264 251.0
2265 204.0
2266 251.0
2267 315.0
2268 316.0
2269 203.0
2270 203.0
2271 316.0
2272 38.0
2273 315.0
2274 315.0
2275 316.0
2276 316.0
2277 38.0
2278 316.0
2279 203.0
2280 252.0
2281 316.0
2282 316.0
2283 251.0
2284 315.0
2285 316.0
2286 251.0
2287 204.0
2288 251.0
2289 203.0
2290 203.0
2291 252.0
2292 316.0
2293 316.0
2294 33.0
2295 316.0
2296 315.0
2297 316.0
2298 33.0
2299 315.0
2300 38.0
2301 38.0
2302 251.0
2303 315.0
2304 44.0
2305 315.0
2306 315.0
2307 44.0
2308 203.0
2309 38.0
2310 203.0
2311 44.0
2312 203.0
2313 203.0
2314 316.0
2315 38.0
2316 204.0
2317 203.0
2318 44.0
2319 258.0
2320 252.0
2321 251.0
2322 252.0
2323 38.0
2324 315.0
2325 252.0
2326 38.0
2327 315.0
2328 315.0
2329 316.0
2330 203.0
2331 203.0
2332 203.0
2333 38.0
2334 203.0
2335 38.0
2336 203.0
2337 38.0
2338 204.0
2339 316.0
2340 251.0
2341 38.0
2342 251.0
2343 316.0
2344 315.0
2345 32.0
2346 316.0
2347 315.0
2348 316.0
2349 203.0
2350 315.0
2351 203.0
2352 316.0
2353 32.0
2354 203.0
2355 203.0
2356 251.0
2357 252.0
2358 268.0
2359 203.0
2360 44.0
2361 203.0
2362 204.0
2363 315.0
2364 316.0
2365 315.0
2366 38.0
2367 204.0
2368 251.0
2369 251.0
2370 316.0
2371 252.0
2372 38.0
2373 315.0
2374 33.0
2375 38.0
2376 252.0
2377 315.0
2378 316.0
2379 252.0
2380 316.0
2381 316.0
2382 33.0
2383 315.0
2384 38.0
2385 251.0
2386 315.0
2387 316.0
2388 252.0
2389 251.0
2390 203.0
2391 44.0
2392 38.0
2393 203.0
2394 316.0
2395 203.0
2396 44.0
2397 316.0
2398 252.0
2399 316.0
2400 38.0
2401 33.0
2402 0.0
2403 316.0
2404 316.0
2405 252.0
2406 44.0
2407 316.0
2408 252.0
2409 38.0
2410 315.0
2411 251.0
2412 38.0
2413 38.0
2414 315.0
2415 315.0
2416 203.0
2417 251.0
2418 204.0
2419 204.0
2420 203.0
2421 315.0
2422 203.0
2423 38.0
2424 203.0
2425 203.0
2426 252.0
2427 203.0
2428 315.0
2429 316.0
2430 315.0
2431 316.0
2432 315.0
2433 203.0
2434 252.0
2435 316.0
2436 251.0
2437 44.0
2438 251.0
2439 316.0
2440 204.0
2441 316.0
2442 44.0
2443 38.0
2444 315.0
2445 316.0
2446 203.0
2447 44.0
2448 316.0
2449 251.0
2450 316.0
2451 38.0
2452 315.0
2453 204.0
2454 38.0
2455 252.0
2456 251.0
2457 44.0
2458 204.0
2459 252.0
2460 206.0
2461 203.0
2462 204.0
2463 38.0
2464 44.0
2465 316.0
2466 316.0
2467 316.0
2468 251.0
2469 204.0
2470 38.0
2471 44.0
2472 258.0
2473 252.0
2474 315.0
2475 252.0
2476 33.0
2477 251.0
2478 203.0
2479 315.0
2480 315.0
2481 203.0
2482 315.0
2483 316.0
2484 204.0
2485 316.0
2486 315.0
2487 252.0
2488 38.0
2489 251.0
2490 203.0
2491 251.0
2492 315.0
2493 38.0
2494 38.0
2495 315.0
2496 316.0
2497 316.0
2498 204.0
2499 316.0
2500 315.0
2501 316.0
2502 0.0
2503 6.0
2504 38.0
2505 316.0
2506 251.0
2507 252.0
2508 44.0
2509 251.0
2510 252.0
2511 315.0
2512 315.0
2513 38.0
2514 203.0
2515 44.0
2516 316.0
2517 316.0
2518 303.0
2519 220.0
2520 204.0
2521 252.0
2522 44.0
2523 258.0
2524 252.0
2525 252.0
2526 316.0
2527 203.0
2528 38.0
2529 252.0
2530 315.0
2531 315.0
2532 316.0
2533 316.0
2534 316.0
2535 38.0
2536 316.0
2537 316.0
2538 252.0
2539 38.0
2540 203.0
2541 315.0
2542 204.0
2543 203.0
2544 38.0
2545 38.0
2546 203.0
2547 316.0
2548 316.0
2549 44.0
2550 316.0
2551 252.0
2552 252.0
2553 38.0
2554 315.0
2555 38.0
2556 316.0
2557 252.0
2558 203.0
2559 44.0
2560 251.0
2561 252.0
2562 38.0
2563 203.0
2564 203.0
2565 38.0
2566 203.0
2567 316.0
2568 316.0
2569 303.0
2570 251.0
2571 204.0
2572 38.0
2573 204.0
2574 316.0
2575 203.0
2576 315.0
2577 316.0
2578 203.0
2579 38.0
2580 203.0
2581 38.0
2582 316.0
2583 251.0
2584 315.0
2585 316.0
2586 252.0
2587 252.0
2588 316.0
2589 252.0
2590 44.0
2591 203.0
2592 315.0
2593 38.0
2594 315.0
2595 38.0
2596 38.0
2597 315.0
2598 316.0
2599 316.0
2600 44.0
2601 316.0
2602 315.0
2603 316.0
2604 315.0
2605 252.0
2606 252.0
2607 315.0
2608 316.0
2609 203.0
2610 44.0
2611 315.0
2612 316.0
2613 38.0
2614 252.0
2615 315.0
2616 38.0
2617 203.0
2618 315.0
2619 316.0
2620 316.0
2621 251.0
2622 204.0
2623 38.0
2624 204.0
2625 316.0
2626 203.0
2627 38.0
2628 252.0
2629 203.0
2630 252.0
2631 315.0
2632 315.0
2633 315.0
2634 316.0
2635 316.0
2636 316.0
2637 251.0
2638 315.0
2639 316.0
2640 203.0
2641 44.0
2642 204.0
2643 251.0
2644 203.0
2645 315.0
2646 316.0
2647 203.0
2648 251.0
2649 316.0
2650 251.0
2651 258.0
2652 316.0
2653 315.0
2654 252.0
2655 347.0
2656 315.0
2657 251.0
2658 316.0
2659 251.0
2660 251.0
2661 44.0
2662 203.0
2663 252.0
2664 44.0
2665 203.0
2666 38.0
2667 38.0
2668 316.0
2669 258.0
2670 316.0
2671 203.0
2672 251.0
2673 204.0
2674 38.0
2675 32.0
2676 316.0
2677 315.0
2678 315.0
2679 315.0
2680 203.0
2681 203.0
2682 315.0
2683 315.0
2684 316.0
2685 203.0
2686 315.0
2687 316.0
2688 203.0
2689 316.0
2690 315.0
2691 251.0
2692 252.0
2693 203.0
2694 315.0
2695 203.0
2696 203.0
2697 38.0
2698 251.0
2699 251.0
2700 315.0
2701 316.0
2702 33.0
2703 347.0
2704 252.0
2705 251.0
2706 33.0
2707 33.0
2708 251.0
2709 33.0
2710 33.0
2711 0.0
2712 44.0
2713 203.0
2714 32.0
2715 459.0
2716 347.0
2717 33.0
2718 203.0
2719 315.0
2720 315.0
2721 33.0
2722 33.0
2723 203.0
2724 251.0
2725 38.0
2726 33.0
2727 316.0
2728 1.0
2729 33.0
2730 316.0
2731 38.0
2732 251.0
2733 315.0
2734 33.0
2735 315.0
2736 315.0
2737 33.0
2738 316.0
2739 203.0
2740 33.0
2741 315.0
2742 0.0
2743 243.0
2744 252.0
2745 459.0
2746 38.0
2747 315.0
2748 204.0
2749 203.0
2750 316.0
2751 33.0
2752 251.0
2753 0.0
2754 459.0
2755 315.0
2756 316.0
2757 315.0
2758 315.0
2759 251.0
2760 316.0
2761 33.0
2762 0.0
2763 44.0
2764 316.0
2765 38.0
2766 204.0
2767 0.0
2768 38.0
2769 203.0
2770 33.0
2771 252.0
2772 315.0
2773 315.0
2774 251.0
2775 204.0
2776 38.0
2777 204.0
2778 315.0
2779 1.0
2780 38.0
2781 33.0
2782 33.0
2783 38.0
2784 459.0
2785 33.0
2786 316.0
2787 315.0
2788 203.0
2789 33.0
2790 203.0
2791 459.0
2792 315.0
2793 347.0
2794 33.0
2795 38.0
2796 203.0
2797 459.0
2798 258.0
2799 315.0
2800 204.0
2801 315.0
2802 252.0
2803 315.0
2804 251.0
2805 459.0
2806 459.0
2807 38.0
2808 459.0
2809 204.0
2810 203.0
2811 315.0
2812 38.0
2813 251.0
2814 44.0
2815 203.0
2816 315.0
2817 459.0
2818 315.0
2819 315.0
2820 38.0
2821 38.0
2822 315.0
2823 316.0
2824 203.0
2825 315.0
2826 204.0
2827 38.0
2828 203.0
2829 203.0
2830 315.0
2831 0.0
2832 203.0
2833 203.0
2834 251.0
2835 251.0
2836 38.0
2837 316.0
2838 459.0
2839 347.0
2840 459.0
2841 251.0
2842 315.0
2843 315.0
2844 459.0
2845 44.0
2846 38.0
2847 251.0
2848 203.0
2849 315.0
2850 203.0
2851 203.0
2852 252.0
2853 38.0
2854 38.0
2855 251.0
2856 459.0
2857 251.0
2858 33.0
2859 33.0
2860 315.0
2861 315.0
2862 347.0
2863 316.0
2864 315.0
2865 44.0
2866 315.0
2867 33.0
2868 44.0
2869 315.0
2870 33.0
2871 251.0
2872 315.0
2873 252.0
2874 38.0
2875 203.0
2876 203.0
2877 204.0
2878 33.0
2879 0.0
2880 33.0
2881 315.0
2882 251.0
2883 315.0
2884 203.0
2885 38.0
2886 459.0
2887 0.0
2888 316.0
2889 251.0
2890 459.0
2891 315.0
2892 316.0
2893 347.0
2894 459.0
2895 459.0
2896 288.0
2897 38.0
2898 33.0
2899 203.0
2900 315.0
2901 38.0
2902 38.0
2903 251.0
2904 38.0
2905 459.0
2906 251.0
2907 459.0
2908 252.0
2909 251.0
2910 203.0
2911 316.0
2912 203.0
2913 33.0
2914 251.0
2915 204.0
2916 44.0
2917 251.0
2918 33.0
2919 203.0
2920 33.0
2921 315.0
2922 38.0
2923 303.0
2924 459.0
2925 315.0
2926 315.0
2927 203.0
2928 204.0
2929 0.0
2930 203.0
2931 38.0
2932 315.0
2933 252.0
2934 251.0
2935 251.0
2936 38.0
2937 315.0
2938 38.0
2939 459.0
2940 203.0
2941 203.0
2942 459.0
2943 38.0
2944 33.0
2945 251.0
2946 273.0
2947 288.0
2948 251.0
2949 251.0
2950 203.0
2951 315.0
2952 204.0
2953 44.0
2954 315.0
2955 32.0
2956 33.0
2957 0.0
2958 459.0
2959 251.0
2960 38.0
2961 459.0
2962 203.0
2963 252.0
2964 258.0
2965 33.0
2966 251.0
2967 204.0
2968 38.0
2969 38.0
2970 315.0
2971 33.0
2972 38.0
2973 38.0
2974 0.0
2975 251.0
2976 203.0
2977 315.0
2978 251.0
2979 204.0
2980 38.0
2981 203.0
2982 203.0
2983 0.0
2984 459.0
2985 38.0
2986 251.0
2987 252.0
2988 459.0
2989 203.0
2990 203.0
2991 251.0
2992 347.0
2993 315.0
2994 269.0
2995 33.0
2996 315.0
2997 459.0
2998 44.0
2999 316.0
3000 315.0
3001 38.0
3002 459.0
3003 315.0
3004 204.0
3005 316.0
3006 38.0
3007 347.0
3008 315.0
3009 459.0
3010 315.0
3011 38.0
3012 347.0
3013 251.0
3014 315.0
3015 203.0
3016 38.0
3017 0.0
3018 44.0
3019 33.0
3020 38.0
3021 315.0
3022 316.0
3023 33.0
3024 38.0
3025 315.0
3026 251.0
3027 315.0
3028 316.0
3029 315.0
3030 204.0
3031 38.0
3032 204.0
3033 33.0
3034 315.0
3035 33.0
3036 315.0
3037 204.0
3038 315.0
3039 459.0
3040 0.0
3041 33.0
3042 204.0
3043 38.0
3044 315.0
3045 251.0
3046 459.0
3047 315.0
3048 273.0
3049 251.0
3050 203.0
3051 315.0
3052 203.0
3053 251.0
3054 38.0
3055 204.0
3056 316.0
3057 33.0
3058 315.0
3059 204.0
3060 459.0
3061 315.0
3062 251.0
3063 459.0
3064 1.0
3065 33.0
3066 203.0
3067 315.0
3068 251.0
3069 38.0
3070 38.0
3071 0.0
3072 44.0
3073 203.0
3074 0.0
3075 38.0
3076 33.0
3077 315.0
3078 315.0
3079 203.0
3080 204.0
3081 204.0
3082 38.0
3083 0.0
3084 459.0
3085 315.0
3086 315.0
3087 251.0
3088 203.0
3089 38.0
3090 315.0
3091 459.0
3092 252.0
3093 315.0
3094 459.0
3095 315.0
3096 166.0
3097 347.0
3098 33.0
3099 459.0
3100 38.0
3101 0.0
3102 459.0
3103 38.0
3104 459.0
3105 203.0
3106 44.0
3107 315.0
3108 33.0
3109 459.0
3110 251.0
3111 459.0
3112 251.0
3113 459.0
3114 459.0
3115 33.0
3116 33.0
3117 251.0
3118 33.0
3119 315.0
3120 44.0
3121 315.0
3122 252.0
3123 44.0
3124 0.0
3125 459.0
3126 38.0
3127 252.0
3128 459.0
3129 315.0
3130 459.0
3131 315.0
3132 156.0
3133 38.0
3134 203.0
3135 316.0
3136 203.0
3137 251.0
3138 315.0
3139 203.0
3140 251.0
3141 315.0
3142 316.0
3143 459.0
3144 33.0
3145 33.0
3146 33.0
3147 38.0
3148 459.0
3149 315.0
3150 203.0
3151 38.0
3152 315.0
3153 251.0
3154 38.0
3155 315.0
3156 315.0
3157 204.0
3158 315.0
3159 38.0
3160 347.0
3161 251.0
3162 459.0
3163 251.0
3164 203.0
3165 459.0
3166 316.0
3167 38.0
3168 33.0
3169 38.0
3170 203.0
3171 38.0
3172 315.0
3173 315.0
3174 204.0
3175 459.0
3176 38.0
3177 38.0
3178 204.0
3179 459.0
3180 459.0
3181 252.0
3182 315.0
3183 204.0
3184 38.0
3185 204.0
3186 203.0
3187 203.0
3188 251.0
3189 315.0
3190 203.0
3191 273.0
3192 251.0
3193 347.0
3194 33.0
3195 204.0
3196 251.0
3197 38.0
3198 252.0
3199 459.0
3200 315.0
3201 459.0
3202 243.0
3203 38.0
3204 251.0
3205 38.0
3206 459.0
3207 44.0
3208 44.0
3209 315.0
3210 315.0
3211 459.0
3212 315.0
3213 459.0
3214 315.0
3215 315.0
3216 315.0
3217 203.0
3218 316.0
3219 33.0
3220 33.0
3221 315.0
3222 315.0
3223 315.0
3224 0.0
3225 204.0
3226 315.0
3227 315.0
3228 38.0
3229 0.0
3230 459.0
3231 459.0
3232 315.0
3233 315.0
3234 204.0
3235 38.0
3236 0.0
3237 33.0
3238 315.0
3239 33.0
3240 459.0
3241 32.0
3242 38.0
3243 315.0
3244 33.0
3245 316.0
3246 203.0
3247 316.0
3248 251.0
3249 203.0
3250 459.0
3251 251.0
3252 459.0
3253 203.0
3254 203.0
3255 251.0
3256 203.0
3257 251.0
3258 251.0
3259 204.0
3260 203.0
3261 33.0
3262 315.0
3263 315.0
3264 459.0
3265 252.0
3266 251.0
3267 459.0
3268 204.0
3269 33.0
3270 316.0
3271 33.0
3272 315.0
3273 0.0
3274 315.0
3275 38.0
3276 44.0
3277 0.0
3278 33.0
3279 38.0
3280 204.0
3281 459.0
3282 459.0
3283 459.0
3284 347.0
3285 204.0
3286 251.0
3287 175.0
3288 316.0
3289 315.0
3290 459.0
3291 251.0
3292 203.0
3293 38.0
3294 459.0
3295 33.0
3296 33.0
3297 204.0
3298 203.0
3299 0.0
3300 38.0
3301 459.0
3302 251.0
3303 459.0
3304 38.0
3305 0.0
3306 315.0
3307 203.0
3308 459.0
3309 204.0
3310 38.0
3311 33.0
3312 38.0
3313 315.0
3314 459.0
3315 459.0
3316 459.0
3317 251.0
3318 459.0
3319 203.0
3320 252.0
3321 204.0
3322 38.0
3323 315.0
3324 203.0
3325 315.0
3326 38.0
3327 44.0
3328 459.0
3329 203.0
3330 38.0
3331 38.0
3332 459.0
3333 459.0
3334 251.0
3335 251.0
3336 204.0
3337 38.0
3338 164.0
3339 315.0
3340 203.0
3341 251.0
3342 251.0
3343 33.0
3344 251.0
3345 459.0
3346 315.0
3347 459.0
3348 347.0
3349 347.0
3350 347.0
3351 38.0
3352 459.0
3353 251.0
3354 459.0
3355 203.0
3356 33.0
3357 316.0
3358 38.0
3359 459.0
3360 204.0
3361 44.0
3362 203.0
3363 38.0
3364 33.0
3365 459.0
3366 459.0
3367 251.0
3368 251.0
3369 459.0
3370 204.0
3371 251.0
3372 203.0
3373 459.0
3374 315.0
3375 251.0
3376 315.0
3377 38.0
3378 204.0
3379 203.0
3380 315.0
3381 38.0
3382 204.0
3383 459.0
3384 459.0
3385 315.0
3386 347.0
3387 204.0
3388 38.0
3389 0.0
3390 459.0
3391 315.0
3392 203.0
3393 315.0
3394 1.0
3395 38.0
3396 459.0
3397 459.0
3398 316.0
3399 33.0
3400 459.0
3401 203.0
3402 251.0
3403 203.0
3404 251.0
3405 273.0
3406 315.0
3407 38.0
3408 315.0
3409 38.0
3410 459.0
3411 316.0
3412 203.0
3413 203.0
3414 33.0
3415 33.0
3416 459.0
3417 459.0
3418 459.0
3419 459.0
3420 315.0
3421 1.0
3422 316.0
3423 459.0
3424 38.0
3425 315.0
3426 204.0
3427 347.0
3428 38.0
3429 204.0
3430 203.0
3431 316.0
3432 38.0
3433 347.0
3434 459.0
3435 459.0
3436 459.0
3437 203.0
3438 204.0
3439 38.0
3440 0.0
3441 459.0
3442 315.0
3443 347.0
3444 459.0
3445 203.0
3446 252.0
3447 459.0
3448 347.0
3449 38.0
3450 204.0
3451 459.0
3452 315.0
3453 204.0
3454 459.0
3455 33.0
3456 347.0
3457 315.0
3458 459.0
3459 347.0
3460 203.0
3461 459.0
3462 251.0
3463 203.0
3464 203.0
3465 38.0
3466 315.0
3467 459.0
3468 459.0
3469 459.0
3470 315.0
3471 459.0
3472 315.0
3473 252.0
3474 251.0
3475 316.0
3476 251.0
3477 203.0
3478 251.0
3479 251.0
3480 251.0
3481 347.0
3482 33.0
3483 38.0
3484 6.0
3485 459.0
3486 459.0
3487 347.0
3488 459.0
3489 203.0
3490 38.0
3491 175.0
3492 459.0
3493 203.0
3494 251.0
3495 251.0
3496 203.0
3497 38.0
3498 459.0
3499 316.0
3500 33.0
3501 38.0
3502 347.0
3503 459.0
3504 38.0
3505 273.0
3506 38.0
3507 459.0
3508 315.0
3509 38.0
3510 315.0
3511 203.0
3512 459.0
3513 204.0
3514 316.0
3515 315.0
3516 38.0
3517 203.0
3518 251.0
3519 459.0
3520 459.0
3521 459.0
3522 459.0
3523 203.0
3524 33.0
3525 315.0
3526 38.0
3527 38.0
3528 0.0
3529 315.0
3530 251.0
3531 44.0
3532 32.0
3533 315.0
3534 38.0
3535 315.0
3536 459.0
3537 459.0
3538 459.0
3539 252.0
3540 251.0
3541 38.0
3542 0.0
3543 316.0
3544 203.0
3545 459.0
3546 315.0
3547 203.0
3548 38.0
3549 459.0
3550 459.0
3551 33.0
3552 459.0
3553 459.0
3554 316.0
3555 252.0
3556 347.0
3557 203.0
3558 459.0
3559 459.0
3560 38.0
3561 459.0
3562 38.0
3563 459.0
3564 204.0
3565 0.0
3566 203.0
3567 33.0
3568 33.0
3569 315.0
3570 459.0
3571 459.0
3572 459.0
3573 459.0
3574 203.0
3575 251.0
3576 316.0
3577 33.0
3578 315.0
3579 315.0
3580 251.0
3581 38.0
3582 347.0
3583 203.0
3584 315.0
3585 251.0
3586 204.0
3587 203.0
3588 459.0
3589 459.0
3590 316.0
3591 203.0
3592 38.0
3593 204.0
3594 459.0
3595 203.0
3596 459.0
3597 315.0
3598 252.0
3599 38.0
3600 459.0
3601 347.0
3602 38.0
3603 204.0
3604 459.0
3605 459.0
3606 251.0
3607 459.0
3608 33.0
3609 347.0
3610 203.0
3611 315.0
3612 459.0
3613 38.0
3614 459.0
3615 251.0
3616 38.0
3617 315.0
3618 38.0
3619 347.0
3620 459.0
3621 459.0
3622 459.0
3623 315.0
3624 459.0
3625 204.0
3626 315.0
3627 459.0
3628 251.0
3629 251.0
3630 204.0
3631 203.0
3632 203.0
3633 204.0
3634 203.0
3635 316.0
3636 38.0
3637 0.0
3638 347.0
3639 459.0
3640 459.0
3641 315.0
3642 251.0
3643 38.0
3644 10.0
3645 459.0
3646 315.0
3647 347.0
3648 251.0
3649 251.0
3650 38.0
3651 459.0
3652 459.0
3653 33.0
3654 204.0
3655 315.0
3656 459.0
3657 203.0
3658 459.0
3659 251.0
3660 459.0
3661 347.0
3662 203.0
3663 315.0
3664 203.0
3665 459.0
3666 204.0
3667 252.0
3668 459.0
3669 33.0
3670 316.0
3671 251.0
3672 459.0
3673 459.0
3674 315.0
3675 459.0
3676 315.0
3677 315.0
3678 315.0
3679 316.0
3680 38.0
3681 204.0
3682 315.0
3683 38.0
3684 315.0
3685 38.0
3686 33.0
3687 38.0
3688 303.0
3689 459.0
3690 315.0
3691 459.0
3692 252.0
3693 204.0
3694 38.0
3695 10.0
3696 459.0
3697 315.0
3698 251.0
3699 459.0
3700 203.0
3701 251.0
3702 459.0
3703 273.0
3704 33.0
3705 251.0
3706 459.0
3707 315.0
3708 203.0
3709 459.0
3710 459.0
3711 459.0
3712 38.0
3713 315.0
3714 251.0
3715 203.0
3716 459.0
3717 204.0
3718 203.0
3719 459.0
3720 316.0
3721 459.0
3722 459.0
3723 459.0
3724 459.0
3725 459.0
3726 459.0
3727 38.0
3728 251.0
3729 459.0
3730 459.0
3731 33.0
3732 251.0
3733 459.0
3734 251.0
3735 44.0
3736 38.0
3737 33.0
3738 0.0
3739 315.0
3740 347.0
3741 459.0
3742 459.0
3743 251.0
3744 315.0
3745 315.0
3746 0.0
3747 315.0
3748 203.0
3749 459.0
3750 315.0
3751 251.0
3752 38.0
3753 459.0
3754 459.0
3755 38.0
3756 33.0
3757 459.0
3758 315.0
3759 252.0
3760 459.0
3761 252.0
3762 459.0
3763 33.0
3764 288.0
3765 315.0
3766 38.0
3767 459.0
3768 38.0
3769 204.0
3770 459.0
3771 38.0
3772 251.0
3773 459.0
3774 459.0
3775 459.0
3776 459.0
3777 459.0
3778 203.0
3779 38.0
3780 316.0
3781 251.0
3782 251.0
3783 203.0
3784 251.0
3785 203.0
3786 459.0
3787 38.0
3788 38.0
3789 38.0
3790 459.0
3791 315.0
3792 459.0
3793 459.0
3794 33.0
3795 203.0
3796 38.0
3797 0.0
3798 459.0
3799 459.0
3800 459.0
3801 315.0
3802 251.0
3803 38.0
3804 459.0
3805 459.0
3806 33.0
3807 459.0
3808 459.0
3809 347.0
3810 251.0
3811 459.0
3812 251.0
3813 459.0
3814 315.0
3815 33.0
3816 459.0
3817 38.0
3818 315.0
3819 251.0
3820 38.0
3821 459.0
3822 38.0
3823 315.0
3824 459.0
3825 459.0
3826 419.0
3827 459.0
3828 459.0
3829 204.0
3830 251.0
3831 315.0
3832 316.0
3833 315.0
3834 315.0
3835 347.0
3836 203.0
3837 204.0
3838 38.0
3839 347.0
3840 38.0
3841 204.0
3842 33.0
3843 459.0
3844 459.0
3845 316.0
3846 203.0
3847 203.0
3848 31.0
3849 347.0
3850 316.0
3851 459.0
3852 33.0
3853 0.0
3854 1.0
3855 459.0
3856 459.0
3857 1.0
3858 459.0
3859 459.0
3860 459.0
3861 203.0
3862 459.0
3863 251.0
3864 347.0
3865 0.0
3866 203.0
3867 315.0
3868 203.0
3869 459.0
3870 204.0
3871 316.0
3872 459.0
3873 203.0
3874 315.0
3875 347.0
3876 459.0
3877 459.0
3878 459.0
3879 459.0
3880 98.0
3881 315.0
3882 251.0
3883 459.0
3884 315.0
3885 204.0
3886 459.0
3887 38.0
3888 38.0
3889 38.0
3890 33.0
3891 38.0
3892 315.0
3893 459.0
3894 459.0
3895 459.0
3896 251.0
3897 204.0
3898 38.0
3899 0.0
3900 459.0
3901 459.0
3902 459.0
3903 203.0
3904 44.0
3905 38.0
3906 459.0
3907 459.0
3908 315.0
3909 347.0
3910 459.0
3911 315.0
3912 33.0
3913 252.0
3914 252.0
3915 347.0
3916 315.0
3917 459.0
3918 459.0
3919 38.0
3920 251.0
3921 204.0
3922 204.0
3923 459.0
3924 251.0
3925 251.0
3926 459.0
3927 459.0
3928 459.0
3929 459.0
3930 459.0
3931 98.0
3932 315.0
3933 315.0
3934 251.0
3935 203.0
3936 31.0
3937 315.0
3938 38.0
3939 44.0
3940 38.0
3941 459.0
3942 38.0
3943 315.0
3944 459.0
3945 459.0
3946 459.0
3947 203.0
3948 258.0
3949 38.0
3950 204.0
3951 315.0
3952 1.0
3953 459.0
3954 38.0
3955 203.0
3956 38.0
3957 459.0
3958 459.0
3959 38.0
3960 347.0
3961 459.0
3962 203.0
3963 252.0
3964 459.0
3965 251.0
3966 33.0
3967 33.0
3968 33.0
3969 459.0
3970 38.0
3971 459.0
3972 204.0
3973 251.0
3974 257.0
3975 38.0
3976 459.0
3977 459.0
3978 459.0
3979 459.0
3980 459.0
3981 459.0
3982 203.0
3983 315.0
3984 315.0
3985 315.0
3986 315.0
3987 251.0
3988 347.0
3989 203.0
3990 204.0
3991 38.0
3992 316.0
3993 203.0
3994 315.0
3995 347.0
3996 459.0
3997 459.0
3998 316.0
3999 203.0
4000 33.0
4001 204.0
4002 459.0
4003 316.0
4004 459.0
4005 315.0
4006 252.0
4007 315.0
4008 459.0
4009 459.0
4010 33.0
4011 459.0
4012 347.0
4013 459.0
4014 252.0
4015 459.0
4016 251.0
4017 347.0
4018 347.0
4019 459.0
4020 459.0
4021 203.0
4022 315.0
4023 204.0
4024 38.0
4025 459.0
4026 315.0
4027 315.0
4028 459.0
4029 459.0
4030 459.0
4031 459.0
4032 459.0
4033 204.0
4034 347.0
4035 459.0
4036 316.0
4037 38.0
4038 204.0
4039 459.0
4040 203.0
4041 44.0
4042 38.0
4043 315.0
4044 38.0
4045 251.0
4046 459.0
4047 459.0
4048 459.0
4049 459.0
4050 315.0
4051 252.0
4052 203.0
4053 459.0
4054 273.0
4055 459.0
4056 33.0
4057 203.0
4058 0.0
4059 459.0
4060 459.0
4061 33.0
4062 251.0
4063 459.0
4064 315.0
4065 203.0
4066 459.0
4067 252.0
4068 251.0
4069 459.0
4070 203.0
4071 459.0
4072 203.0
4073 459.0
4074 204.0
4075 38.0
4076 459.0
4077 315.0
4078 459.0
4079 459.0
4080 459.0
4081 459.0
4082 459.0
4083 459.0
4084 98.0
4085 33.0
4086 315.0
4087 251.0
4088 252.0
4089 315.0
4090 315.0
4091 203.0
4092 204.0
4093 38.0
4094 347.0
4095 38.0
4096 251.0
4097 459.0
4098 459.0
4099 459.0
4100 459.0
4101 203.0
4102 38.0
4103 204.0
4104 315.0
4105 203.0
4106 459.0
4107 38.0
4108 252.0
4109 459.0
4110 459.0
4111 459.0
4112 38.0
4113 459.0
4114 203.0
4115 459.0
4116 252.0
4117 459.0
4118 251.0
4119 38.0
4120 203.0
4121 33.0
4122 459.0
4123 203.0
4124 251.0
4125 251.0
4126 38.0
4127 257.0
4128 459.0
4129 459.0
4130 459.0
4131 459.0
4132 459.0
4133 459.0
4134 459.0
4135 1.0
4136 459.0
4137 316.0
4138 251.0
4139 315.0
4140 204.0
4141 459.0
4142 38.0
4143 204.0
4144 38.0
4145 459.0
4146 0.0
4147 315.0
4148 459.0
4149 459.0
4150 459.0
4151 316.0
4152 203.0
4153 203.0
4154 33.0
4155 315.0
4156 459.0
4157 459.0
4158 38.0
4159 251.0
4160 38.0
4161 459.0
4162 459.0
4163 251.0
4164 257.0
4165 347.0
4166 459.0
4167 252.0
4168 316.0
4169 251.0
4170 203.0
4171 315.0
4172 459.0
4173 459.0
4174 38.0
4175 316.0
4176 38.0
4177 38.0
4178 459.0
4179 203.0
4180 459.0
4181 347.0
4182 459.0
4183 315.0
4184 459.0
4185 459.0
4186 203.0
4187 251.0
4188 316.0
4189 315.0
4190 38.0
4191 252.0
4192 459.0
4193 38.0
4194 32.0
4195 203.0
4196 315.0
4197 203.0
4198 315.0
4199 459.0
4200 459.0
4201 459.0
4202 315.0
4203 203.0
4204 203.0
4205 203.0
4206 33.0
4207 316.0
4208 459.0
4209 315.0
4210 252.0
4211 251.0
4212 459.0
4213 347.0
4214 38.0
4215 257.0
4216 459.0
4217 315.0
4218 203.0
4219 33.0
4220 315.0
4221 203.0
4222 203.0
4223 203.0
4224 459.0
4225 203.0
4226 251.0
4227 204.0
4228 203.0
4229 315.0
4230 315.0
4231 459.0
4232 459.0
4233 459.0
4234 347.0
4235 459.0
4236 459.0
4237 203.0
4238 251.0
4239 459.0
4240 315.0
4241 38.0
4242 204.0
4243 315.0
4244 203.0
4245 203.0
4246 38.0
4247 459.0
4248 203.0
4249 459.0
4250 459.0
4251 347.0
4252 459.0
4253 459.0
4254 315.0
4255 38.0
4256 204.0
4257 316.0
4258 459.0
4259 459.0
4260 203.0
4261 33.0
4262 38.0
4263 459.0
4264 459.0
4265 38.0
4266 204.0
4267 459.0
4268 459.0
4269 252.0
4270 459.0
4271 315.0
4272 459.0
4273 347.0
4274 33.0
4275 459.0
4276 38.0
4277 251.0
4278 252.0
4279 38.0
4280 459.0
4281 315.0
4282 251.0
4283 459.0
4284 459.0
4285 459.0
4286 459.0
4287 459.0
4288 32.0
4289 33.0
4290 315.0
4291 459.0
4292 33.0
4293 315.0
4294 459.0
4295 38.0
4296 315.0
4297 38.0
4298 347.0
4299 0.0
4300 459.0
4301 459.0
4302 459.0
4303 459.0
4304 316.0
4305 203.0
4306 251.0
4307 204.0
4308 316.0
4309 33.0
4310 251.0
4311 315.0
4312 251.0
4313 38.0
4314 459.0
4315 459.0
4316 38.0
4317 204.0
4318 459.0
4319 459.0
4320 252.0
4321 459.0
4322 459.0
4323 33.0
4324 203.0
4325 33.0
4326 459.0
4327 32.0
4328 33.0
4329 204.0
4330 38.0
4331 347.0
4332 203.0
4333 459.0
4334 251.0
4335 459.0
4336 316.0
4337 459.0
4338 459.0
4339 1.0
4340 459.0
4341 459.0
4342 459.0
4343 0.0
4344 347.0
4345 459.0
4346 38.0
4347 315.0
4348 38.0
4349 315.0
4350 0.0
4351 315.0
4352 459.0
4353 459.0
4354 459.0
4355 459.0
4356 203.0
4357 33.0
4358 33.0
4359 33.0
4360 459.0
4361 459.0
4362 315.0
4363 252.0
4364 33.0
4365 459.0
4366 459.0
4367 203.0
4368 459.0
4369 459.0
4370 459.0
4371 203.0
4372 459.0
4373 251.0
4374 459.0
4375 315.0
4376 38.0
4377 459.0
4378 204.0
4379 251.0
4380 251.0
4381 316.0
4382 459.0
4383 288.0
4384 459.0
4385 251.0
4386 459.0
4387 315.0
4388 459.0
4389 315.0
4390 203.0
4391 252.0
4392 459.0
4393 459.0
4394 38.0
4395 203.0
4396 459.0
4397 38.0
4398 38.0
4399 33.0
4400 459.0
4401 0.0
4402 315.0
4403 459.0
4404 347.0
4405 459.0
4406 251.0
4407 204.0
4408 315.0
4409 204.0
4410 315.0
4411 315.0
4412 459.0
4413 203.0
4414 203.0
4415 33.0
4416 315.0
4417 347.0
4418 38.0
4419 203.0
4420 459.0
4421 459.0
4422 204.0
4423 459.0
4424 315.0
4425 252.0
4426 0.0
4427 203.0
4428 315.0
4429 204.0
4430 252.0
4431 315.0
4432 38.0
4433 459.0
4434 33.0
4435 251.0
4436 459.0
4437 459.0
4438 33.0
4439 459.0
4440 316.0
4441 203.0
4442 459.0
4443 459.0
4444 459.0
4445 38.0
4446 315.0
4447 315.0
4448 251.0
4449 38.0
4450 38.0
4451 203.0
4452 6.0
4453 315.0
4454 459.0
4455 459.0
4456 459.0
4457 315.0
4458 203.0
4459 459.0
4460 347.0
4461 315.0
4462 33.0
4463 459.0
4464 251.0
4465 251.0
4466 38.0
4467 315.0
4468 459.0
4469 38.0
4470 204.0
4471 459.0
4472 459.0
4473 252.0
4474 459.0
4475 316.0
4476 251.0
4477 459.0
4478 459.0
4479 459.0
4480 38.0
4481 203.0
4482 459.0
4483 252.0
4484 315.0
4485 315.0
4486 251.0
4487 459.0
4488 459.0
4489 316.0
4490 459.0
4491 251.0
4492 203.0
4493 33.0
4494 459.0
4495 459.0
4496 203.0
4497 258.0
4498 347.0
4499 38.0
4500 315.0
4501 38.0
4502 315.0
4503 0.0
4504 347.0
4505 459.0
4506 459.0
4507 459.0
4508 459.0
4509 204.0
4510 33.0
4511 203.0
4512 33.0
4513 315.0
4514 459.0
4515 252.0
4516 252.0
4517 33.0
4518 459.0
4519 459.0
4520 33.0
4521 251.0
4522 459.0
4523 459.0
4524 251.0
4525 459.0
4526 459.0
4527 459.0
4528 203.0
4529 32.0
4530 459.0
4531 315.0
4532 203.0
4533 251.0
4534 203.0
4535 347.0
4536 316.0
4537 315.0
4538 459.0
4539 459.0
4540 33.0
4541 459.0
4542 203.0
4543 1.0
4544 251.0
4545 316.0
4546 459.0
4547 203.0
4548 33.0
4549 315.0
4550 203.0
4551 204.0
4552 38.0
4553 459.0
4554 0.0
4555 315.0
4556 459.0
4557 347.0
4558 459.0
4559 459.0
4560 315.0
4561 315.0
4562 204.0
4563 33.0
4564 252.0
4565 459.0
4566 251.0
4567 252.0
4568 315.0
4569 459.0
4570 459.0
4571 33.0
4572 204.0
4573 459.0
4574 459.0
4575 204.0
4576 459.0
4577 347.0
4578 33.0
4579 459.0
4580 38.0
4581 315.0
4582 204.0
4583 252.0
4584 251.0
4585 251.0
4586 459.0
4587 251.0
4588 251.0
4589 459.0
4590 459.0
4591 38.0
4592 459.0
4593 0.0
4594 1.0
4595 459.0
4596 315.0
4597 459.0
4598 38.0
4599 33.0
4600 315.0
4601 38.0
4602 44.0
4603 38.0
4604 459.0
4605 6.0
4606 315.0
4607 459.0
4608 459.0
4609 459.0
4610 459.0
4611 203.0
4612 33.0
4613 204.0
4614 33.0
4615 33.0
4616 459.0
4617 251.0
4618 33.0
4619 252.0
4620 315.0
4621 459.0
4622 459.0
4623 38.0
4624 347.0
4625 459.0
4626 252.0
4627 459.0
4628 315.0
4629 459.0
4630 252.0
4631 203.0
4632 459.0
4633 38.0
4634 459.0
4635 315.0
4636 203.0
4637 459.0
4638 203.0
4639 251.0
4640 459.0
4641 459.0
4642 38.0
4643 459.0
4644 203.0
4645 0.0
4646 33.0
4647 315.0
4648 459.0
4649 38.0
4650 0.0
4651 459.0
4652 38.0
4653 44.0
4654 38.0
4655 459.0
4656 3.0
4657 252.0
4658 459.0
4659 459.0
4660 459.0
4661 459.0
4662 251.0
4663 203.0
4664 203.0
4665 38.0
4666 459.0
4667 459.0
4668 251.0
4669 33.0
4670 33.0
4671 459.0
4672 459.0
4673 316.0
4674 204.0
4675 203.0
4676 459.0
4677 203.0
4678 459.0
4679 315.0
4680 459.0
4681 316.0
4682 30.0
4683 459.0
4684 204.0
4685 315.0
4686 315.0
4687 204.0
4688 347.0
4689 315.0
4690 315.0
4691 459.0
4692 459.0
4693 38.0
4694 459.0
4695 459.0
4696 33.0
4697 33.0
4698 459.0
4699 459.0
4700 203.0
4701 33.0
4702 459.0
4703 203.0
4704 204.0
4705 203.0
4706 459.0
4707 0.0
4708 459.0
4709 459.0
4710 459.0
4711 459.0
4712 459.0
4713 315.0
4714 315.0
4715 203.0
4716 33.0
4717 315.0
4718 459.0
4719 252.0
4720 251.0
4721 459.0
4722 459.0
4723 459.0
4724 315.0
4725 204.0
4726 315.0
4727 459.0
4728 203.0
4729 459.0
4730 459.0
4731 459.0
4732 203.0
4733 251.0
4734 315.0
4735 203.0
4736 459.0
4737 251.0
4738 38.0
4739 315.0
4740 315.0
4741 315.0
4742 459.0
4743 459.0
4744 38.0
4745 459.0
4746 251.0
4747 1.0
4748 251.0
4749 459.0
4750 459.0
4751 38.0
4752 32.0
4753 315.0
4754 38.0
4755 204.0
4756 38.0
4757 459.0
4758 0.0
4759 315.0
4760 459.0
4761 459.0
4762 459.0
4763 459.0
4764 347.0
4765 459.0
4766 0.0
4767 459.0
4768 459.0
4769 459.0
4770 459.0
4771 251.0
4772 252.0
4773 459.0
4774 459.0
4775 203.0
4776 204.0
4777 315.0
4778 459.0
4779 252.0
4780 459.0
4781 203.0
4782 459.0
4783 459.0
4784 38.0
4785 347.0
4786 38.0
4787 252.0
4788 459.0
4789 251.0
4790 38.0
4791 459.0
4792 251.0
4793 459.0
4794 459.0
4795 0.0
4796 315.0
4797 203.0
4798 203.0
4799 251.0
4800 459.0
4801 459.0
4802 203.0
4803 203.0
4804 315.0
4805 203.0
4806 44.0
4807 203.0
4808 459.0
4809 0.0
4810 315.0
4811 459.0
4812 459.0
4813 459.0
4814 459.0
4815 204.0
4816 459.0
4817 0.0
4818 316.0
4819 33.0
4820 459.0
4821 251.0
4822 204.0
4823 203.0
4824 459.0
4825 315.0
4826 33.0
4827 204.0
4828 33.0
4829 459.0
4830 308.0
4831 347.0
4832 347.0
4833 459.0
4834 252.0
4835 251.0
4836 459.0
4837 0.0
4838 459.0
4839 315.0
4840 38.0
4841 204.0
4842 251.0
4843 251.0
4844 459.0
4845 459.0
4846 204.0
4847 459.0
4848 315.0
4849 38.0
4850 32.0
4851 459.0
4852 315.0
4853 203.0
4854 0.0
4855 459.0
4856 33.0
4857 38.0
4858 38.0
4859 459.0
4860 0.0
4861 459.0
4862 459.0
4863 459.0
4864 459.0
4865 315.0
4866 459.0
4867 251.0
4868 204.0
4869 315.0
4870 316.0
4871 459.0
4872 316.0
4873 251.0
4874 459.0
4875 459.0
4876 459.0
4877 315.0
4878 204.0
4879 459.0
4880 315.0
4881 1.0
4882 33.0
4883 315.0
4884 459.0
4885 459.0
4886 38.0
4887 315.0
4888 315.0
4889 316.0
4890 315.0
4891 38.0
4892 33.0
4893 251.0
4894 203.0
4895 459.0
4896 459.0
4897 38.0
4898 459.0
4899 251.0
4900 316.0
4901 0.0
4902 315.0
4903 315.0
4904 38.0
4905 0.0
4906 251.0
4907 38.0
4908 204.0
4909 203.0
4910 459.0
4911 0.0
4912 459.0
4913 459.0
4914 459.0
4915 459.0
4916 459.0
4917 315.0
4918 459.0
4919 0.0
4920 33.0
4921 315.0
4922 459.0
4923 459.0
4924 251.0
4925 251.0
4926 459.0
4927 459.0
4928 315.0
4929 204.0
4930 347.0
4931 459.0
4932 0.0
4933 459.0
4934 459.0
4935 459.0
4936 347.0
4937 347.0
4938 459.0
4939 204.0
4940 251.0
4941 459.0
4942 33.0
4943 347.0
4944 251.0
4945 251.0
4946 251.0
4947 459.0
4948 315.0
4949 315.0
4950 251.0
4951 1.0
4952 38.0
4953 315.0
4954 33.0
4955 38.0
4956 33.0
4957 459.0
4958 38.0
4959 204.0
4960 203.0
4961 459.0
4962 0.0
4963 315.0
4964 459.0
4965 459.0
4966 459.0
4967 459.0
4968 347.0
4969 251.0
4970 203.0
4971 316.0
4972 33.0
4973 459.0
4974 251.0
4975 204.0
4976 347.0
4977 459.0
4978 459.0
4979 203.0
4980 204.0
4981 459.0
4982 459.0
4983 251.0
4984 252.0
4985 347.0
4986 459.0
4987 252.0
4988 38.0
4989 459.0
4990 347.0
4991 251.0
4992 459.0
4993 38.0
4994 204.0
4995 251.0
4996 251.0
4997 459.0
4998 459.0
4999 203.0
5000 459.0
5001 33.0
5002 204.0
5003 38.0
5004 459.0
5005 315.0
5006 203.0
5007 0.0
5008 315.0
5009 0.0
5010 44.0
5011 459.0
5012 459.0
5013 203.0
5014 459.0
5015 459.0
5016 459.0
5017 459.0
5018 315.0
5019 272.0
5020 459.0
5021 203.0
5022 459.0
5023 315.0
5024 459.0
5025 459.0
5026 252.0
5027 347.0
5028 459.0
5029 459.0
5030 33.0
5031 459.0
5032 203.0
5033 459.0
5034 203.0
5035 459.0
5036 315.0
5037 347.0
5038 315.0
5039 32.0
5040 315.0
5041 203.0
5042 203.0
5043 315.0
5044 33.0
5045 459.0
5046 315.0
5047 203.0
5048 459.0
5049 459.0
5050 38.0
5051 459.0
5052 316.0
5053 203.0
5054 32.0
5055 315.0
5056 315.0
5057 203.0
5058 33.0
5059 459.0
5060 252.0
5061 44.0
5062 38.0
5063 459.0
5064 0.0
5065 459.0
5066 459.0
5067 459.0
5068 459.0
5069 459.0
5070 272.0
5071 347.0
5072 0.0
5073 33.0
5074 315.0
5075 459.0
5076 315.0
5077 251.0
5078 251.0
5079 459.0
5080 459.0
5081 315.0
5082 44.0
5083 347.0
5084 459.0
5085 33.0
5086 33.0
5087 459.0
5088 347.0
5089 315.0
5090 38.0
5091 459.0
5092 315.0
5093 33.0
5094 33.0
5095 251.0
5096 203.0
5097 315.0
5098 203.0
5099 459.0
5100 459.0
