1 149.0
2 181.0
3 231.0
4 171.0
5 69.0
6 258.0
7 144.0
8 0.0
9 40.0
10 56.0
11 1.0
12 255.0
13 252.0
14 0.0
15 0.0
16 74.0
17 24.0
18 252.0
19 0.0
20 43.0
21 99.0
22 0.0
23 0.0
24 237.0
25 265.0
26 83.0
27 43.0
28 117.0
29 259.0
30 255.0
31 0.0
32 147.0
33 253.0
34 32.0
35 83.0
36 149.0
37 94.0
38 291.0
39 254.0
40 69.0
41 143.0
42 170.0
43 256.0
44 251.0
45 5.0
46 18.0
47 255.0
48 0.0
49 258.0
50 0.0
51 291.0
52 267.0
53 186.0
54 238.0
55 165.0
56 261.0
57 262.0
58 324.0
59 0.0
60 264.0
61 0.0
62 34.0
63 87.0
64 114.0
65 0.0
66 0.0
67 0.0
68 255.0
69 6.0
70 0.0
71 216.0
72 196.0
73 265.0
74 25.0
75 2.0
76 251.0
77 34.0
78 235.0
79 177.0
80 282.0
81 263.0
82 0.0
83 270.0
84 285.0
85 221.0
86 50.0
87 38.0
88 263.0
89 253.0
90 262.0
91 149.0
92 71.0
93 122.0
94 191.0
95 284.0
96 84.0
97 18.0
98 94.0
99 0.0
100 89.0
101 0.0
102 324.0
103 257.0
104 337.0
105 258.0
106 250.0
107 271.0
108 235.0
109 267.0
110 165.0
111 276.0
112 262.0
113 258.0
114 213.0
115 249.0
116 93.0
117 0.0
118 266.0
119 261.0
120 277.0
121 259.0
122 258.0
123 245.0
124 240.0
125 256.0
126 263.0
127 255.0
128 266.0
129 249.0
130 254.0
131 269.0
132 260.0
133 262.0
134 263.0
135 265.0
136 268.0
137 283.0
138 256.0
139 260.0
140 259.0
141 262.0
142 245.0
143 235.0
144 1.0
145 107.0
146 261.0
147 267.0
148 271.0
149 253.0
150 245.0
151 255.0
152 25.0
153 337.0
154 271.0
155 256.0
156 266.0
157 62.0
158 257.0
159 262.0
160 273.0
161 106.0
162 262.0
163 252.0
164 265.0
165 192.0
166 0.0
167 51.0
168 0.0
169 99.0
170 154.0
171 170.0
172 175.0
173 268.0
174 49.0
175 0.0
176 271.0
177 279.0
178 340.0
179 281.0
180 111.0
181 44.0
182 208.0
183 258.0
184 129.0
185 104.0
186 331.0
187 257.0
188 111.0
189 283.0
190 273.0
191 256.0
192 43.0
193 256.0
194 109.0
195 282.0
196 38.0
197 112.0
198 258.0
199 146.0
200 154.0
201 287.0
202 61.0
203 266.0
204 340.0
205 282.0
206 269.0
207 0.0
208 117.0
209 337.0
210 43.0
211 59.0
212 0.0
213 268.0
214 225.0
215 268.0
216 267.0
217 0.0
218 36.0
219 301.0
220 223.0
221 258.0
222 43.0
223 331.0
224 181.0
225 175.0
226 0.0
227 156.0
228 279.0
229 105.0
230 285.0
231 36.0
232 271.0
233 89.0
234 150.0
235 248.0
236 50.0
237 203.0
238 90.0
239 266.0
240 99.0
241 252.0
242 33.0
243 33.0
244 257.0
245 294.0
246 32.0
247 158.0
248 321.0
249 45.0
250 18.0
251 33.0
252 49.0
253 0.0
254 209.0
255 340.0
256 394.0
257 122.0
258 0.0
259 252.0
260 190.0
261 263.0
262 260.0
263 0.0
264 11.0
265 271.0
266 196.0
267 285.0
268 93.0
269 49.0
270 0.0
271 277.0
272 191.0
273 11.0
274 289.0
275 260.0
276 246.0
277 158.0
278 260.0
279 266.0
280 278.0
281 49.0
282 261.0
283 1.0
284 169.0
285 169.0
286 0.0
287 95.0
288 340.0
289 169.0
290 41.0
291 374.0
292 127.0
293 71.0
294 132.0
295 30.0
296 39.0
297 32.0
298 266.0
299 284.0
300 2.0
301 32.0
302 224.0
303 306.0
304 159.0
305 181.0
306 394.0
307 182.0
308 391.0
309 250.0
310 182.0
311 328.0
312 251.0
313 395.0
314 274.0
315 327.0
316 339.0
317 325.0
318 285.0
319 235.0
320 49.0
321 175.0
322 187.0
323 307.0
324 181.0
325 291.0
326 276.0
327 265.0
328 250.0
329 0.0
330 256.0
331 380.0
332 49.0
333 340.0
334 6.0
335 153.0
336 235.0
337 254.0
338 192.0
339 332.0
340 395.0
341 253.0
342 100.0
343 268.0
344 95.0
345 271.0
346 181.0
347 263.0
348 185.0
349 268.0
350 181.0
351 122.0
352 56.0
353 191.0
354 0.0
355 66.0
356 32.0
357 395.0
358 340.0
359 274.0
360 33.0
361 305.0
362 0.0
363 262.0
364 203.0
365 256.0
366 317.0
367 276.0
368 348.0
369 43.0
370 275.0
371 223.0
372 265.0
373 284.0
374 390.0
375 32.0
376 269.0
377 186.0
378 203.0
379 61.0
380 259.0
381 235.0
382 274.0
383 249.0
384 296.0
385 273.0
386 285.0
387 255.0
388 258.0
389 266.0
390 333.0
391 204.0
392 230.0
393 279.0
394 0.0
395 262.0
396 203.0
397 337.0
398 299.0
399 133.0
400 268.0
401 254.0
402 277.0
403 34.0
404 185.0
405 32.0
406 393.0
407 49.0
408 395.0
409 273.0
410 270.0
411 0.0
412 268.0
413 286.0
414 33.0
415 326.0
416 38.0
417 192.0
418 284.0
419 271.0
420 323.0
421 266.0
422 262.0
423 74.0
424 37.0
425 185.0
426 43.0
427 257.0
428 270.0
429 264.0
430 62.0
431 391.0
432 294.0
433 340.0
434 287.0
435 308.0
436 395.0
437 196.0
438 272.0
439 138.0
440 33.0
441 268.0
442 289.0
443 254.0
444 207.0
445 56.0
446 261.0
447 337.0
448 269.0
449 55.0
450 282.0
451 350.0
452 50.0
453 277.0
454 0.0
455 132.0
456 34.0
457 30.0
458 274.0
459 395.0
460 272.0
461 341.0
462 170.0
463 204.0
464 294.0
465 32.0
466 43.0
467 32.0
468 260.0
469 256.0
470 0.0
471 269.0
472 338.0
473 269.0
474 0.0
475 86.0
476 255.0
477 181.0
478 251.0
479 282.0
480 212.0
481 30.0
482 168.0
483 32.0
484 38.0
485 176.0
486 275.0
487 271.0
488 267.0
489 225.0
490 170.0
491 38.0
492 395.0
493 395.0
494 2.0
495 101.0
496 186.0
497 262.0
498 207.0
499 395.0
500 265.0
501 395.0
502 32.0
503 277.0
504 273.0
505 0.0
506 249.0
507 320.0
508 260.0
509 264.0
510 395.0
511 308.0
512 285.0
513 163.0
514 264.0
515 32.0
516 331.0
517 278.0
518 203.0
519 274.0
520 333.0
521 240.0
522 395.0
523 185.0
524 269.0
525 57.0
526 187.0
527 110.0
528 32.0
529 147.0
530 114.0
531 264.0
532 347.0
533 175.0
534 253.0
535 284.0
536 137.0
537 290.0
538 272.0
539 262.0
540 395.0
541 92.0
542 44.0
543 393.0
544 49.0
545 6.0
546 121.0
547 49.0
548 268.0
549 117.0
550 43.0
551 260.0
552 269.0
553 299.0
554 280.0
555 254.0
556 0.0
557 272.0
558 43.0
559 225.0
560 49.0
561 395.0
562 345.0
563 427.0
564 279.0
565 271.0
566 192.0
567 265.0
568 395.0
569 265.0
570 379.0
571 0.0
572 196.0
573 350.0
574 289.0
575 263.0
576 197.0
577 0.0
578 185.0
579 38.0
580 385.0
581 186.0
582 271.0
583 317.0
584 258.0
585 296.0
586 170.0
587 249.0
588 395.0
589 287.0
590 298.0
591 279.0
592 279.0
593 267.0
594 395.0
595 49.0
596 204.0
597 95.0
598 0.0
599 280.0
600 395.0
601 269.0
602 270.0
603 337.0
604 300.0
605 6.0
606 268.0
607 138.0
608 218.0
609 333.0
610 182.0
611 170.0
612 427.0
613 186.0
614 185.0
615 265.0
616 192.0
617 181.0
618 43.0
619 186.0
620 32.0
621 258.0
622 348.0
623 203.0
624 281.0
625 396.0
626 351.0
627 0.0
628 266.0
629 192.0
630 49.0
631 387.0
632 269.0
633 6.0
634 107.0
635 265.0
636 284.0
637 182.0
638 305.0
639 169.0
640 305.0
641 273.0
642 335.0
643 185.0
644 43.0
645 395.0
646 427.0
647 33.0
648 175.0
649 263.0
650 274.0
651 292.0
652 182.0
653 254.0
654 249.0
655 387.0
656 186.0
657 274.0
658 0.0
659 241.0
660 265.0
661 395.0
662 182.0
663 427.0
664 186.0
665 427.0
666 170.0
667 300.0
668 425.0
669 308.0
670 186.0
671 0.0
672 353.0
673 284.0
674 304.0
675 329.0
676 182.0
677 70.0
678 235.0
679 187.0
680 228.0
681 49.0
682 391.0
683 182.0
684 204.0
685 181.0
686 38.0
687 351.0
688 38.0
689 187.0
690 284.0
691 335.0
692 287.0
693 268.0
694 43.0
695 33.0
696 285.0
697 333.0
698 11.0
699 323.0
700 45.0
701 253.0
702 426.0
703 182.0
704 427.0
705 253.0
706 411.0
707 268.0
708 170.0
709 196.0
710 50.0
711 328.0
712 186.0
713 395.0
714 427.0
715 182.0
716 329.0
717 363.0
718 266.0
719 43.0
720 391.0
721 38.0
722 0.0
723 300.0
724 394.0
725 348.0
726 33.0
727 182.0
728 308.0
729 57.0
730 326.0
731 276.0
732 32.0
733 393.0
734 0.0
735 264.0
736 255.0
737 271.0
738 186.0
739 390.0
740 182.0
741 290.0
742 344.0
743 278.0
744 170.0
745 248.0
746 1.0
747 329.0
748 348.0
749 2.0
750 265.0
751 393.0
752 44.0
753 340.0
754 317.0
755 298.0
756 271.0
757 399.0
758 33.0
759 361.0
760 0.0
761 218.0
762 384.0
763 426.0
764 32.0
765 427.0
766 186.0
767 265.0
768 182.0
769 285.0
770 181.0
771 350.0
772 186.0
773 297.0
774 192.0
775 185.0
776 255.0
777 345.0
778 185.0
779 283.0
780 0.0
781 0.0
782 255.0
783 38.0
784 336.0
785 309.0
786 1.0
787 305.0
788 182.0
789 290.0
790 266.0
791 276.0
792 32.0
793 395.0
794 285.0
795 267.0
796 192.0
797 0.0
798 350.0
799 49.0
800 43.0
801 368.0
802 93.0
803 32.0
804 300.0
805 260.0
806 427.0
807 329.0
808 186.0
809 266.0
810 340.0
811 49.0
812 181.0
813 186.0
814 427.0
815 182.0
816 427.0
817 182.0
818 426.0
819 45.0
820 192.0
821 128.0
822 308.0
823 399.0
824 60.0
825 332.0
826 425.0
827 154.0
828 0.0
829 274.0
830 105.0
831 0.0
832 181.0
833 309.0
834 49.0
835 323.0
836 175.0
837 6.0
838 258.0
839 181.0
840 351.0
841 269.0
842 258.0
843 251.0
844 394.0
845 298.0
846 214.0
847 181.0
848 257.0
849 317.0
850 310.0
851 43.0
852 262.0
853 296.0
854 263.0
855 265.0
856 181.0
857 323.0
858 395.0
859 308.0
860 270.0
861 328.0
862 0.0
863 226.0
864 395.0
865 427.0
866 182.0
867 427.0
868 3.0
869 329.0
870 66.0
871 169.0
872 181.0
873 308.0
874 323.0
875 335.0
876 313.0
877 348.0
878 329.0
879 272.0
880 274.0
881 302.0
882 155.0
883 192.0
884 38.0
885 38.0
886 427.0
887 0.0
888 43.0
889 337.0
890 186.0
891 186.0
892 38.0
893 285.0
894 351.0
895 186.0
896 278.0
897 274.0
898 347.0
899 335.0
900 323.0
901 287.0
902 38.0
903 171.0
904 273.0
905 252.0
906 340.0
907 182.0
908 427.0
909 203.0
910 188.0
911 328.0
912 274.0
913 0.0
914 94.0
915 350.0
916 427.0
917 49.0
918 427.0
919 143.0
920 274.0
921 263.0
922 350.0
923 181.0
924 427.0
925 186.0
926 251.0
927 170.0
928 427.0
929 185.0
930 185.0
931 348.0
932 273.0
933 322.0
934 271.0
935 43.0
936 38.0
937 186.0
938 0.0
939 43.0
940 317.0
941 319.0
942 182.0
943 34.0
944 280.0
945 185.0
946 186.0
947 264.0
948 269.0
949 320.0
950 31.0
951 329.0
952 263.0
953 186.0
954 263.0
955 15.0
956 174.0
957 350.0
958 317.0
959 300.0
960 182.0
961 186.0
962 294.0
963 259.0
964 0.0
965 253.0
966 265.0
967 426.0
968 38.0
969 427.0
970 262.0
971 427.0
972 278.0
973 186.0
974 67.0
975 395.0
976 274.0
977 263.0
978 263.0
979 350.0
980 148.0
981 265.0
982 427.0
983 351.0
984 272.0
985 335.0
986 0.0
987 38.0
988 182.0
989 365.0
990 1.0
991 239.0
992 341.0
993 284.0
994 140.0
995 105.0
996 263.0
997 395.0
998 344.0
999 395.0
1000 181.0
1001 267.0
1002 329.0
1003 287.0
1004 38.0
1005 286.0
1006 0.0
1007 180.0
1008 300.0
1009 49.0
1010 181.0
1011 348.0
1012 305.0
1013 303.0
1014 300.0
1015 32.0
1016 112.0
1017 0.0
1018 427.0
1019 324.0
1020 427.0
1021 186.0
1022 427.0
1023 331.0
1024 186.0
1025 0.0
1026 308.0
1027 285.0
1028 262.0
1029 239.0
1030 348.0
1031 374.0
1032 49.0
1033 329.0
1034 384.0
1035 274.0
1036 185.0
1037 0.0
1038 235.0
1039 390.0
1040 168.0
1041 209.0
1042 43.0
1043 181.0
1044 273.0
1045 32.0
1046 180.0
1047 0.0
1048 372.0
1049 182.0
1050 273.0
1051 362.0
1052 257.0
1053 395.0
1054 284.0
1055 38.0
1056 181.0
1057 110.0
1058 180.0
1059 185.0
1060 182.0
1061 334.0
1062 248.0
1063 0.0
1064 395.0
1065 274.0
1066 0.0
1067 242.0
1068 181.0
1069 274.0
1070 182.0
1071 427.0
1072 186.0
1073 427.0
1074 350.0
1075 186.0
1076 181.0
1077 308.0
1078 186.0
1079 393.0
1080 113.0
1081 427.0
1082 180.0
1083 180.0
1084 427.0
1085 103.0
1086 182.0
1087 316.0
1088 230.0
1089 32.0
1090 387.0
1091 2.0
1092 264.0
1093 297.0
1094 181.0
1095 185.0
1096 0.0
1097 181.0
1098 308.0
1099 186.0
1100 271.0
1101 348.0
1102 43.0
1103 219.0
1104 427.0
1105 56.0
1106 82.0
1107 206.0
1108 259.0
1109 168.0
1110 410.0
1111 182.0
1112 175.0
1113 358.0
1114 0.0
1115 260.0
1116 350.0
1117 0.0
1118 234.0
1119 181.0
1120 279.0
1121 49.0
1122 427.0
1123 186.0
1124 265.0
1125 186.0
1126 286.0
1127 129.0
1128 33.0
1129 186.0
1130 290.0
1131 154.0
1132 350.0
1133 391.0
1134 185.0
1135 426.0
1136 556.0
1137 256.0
1138 316.0
1139 43.0
1140 33.0
1141 182.0
1142 151.0
1143 271.0
1144 185.0
1145 186.0
1146 265.0
1147 0.0
1148 395.0
1149 252.0
1150 186.0
1151 33.0
1152 19.0
1153 181.0
1154 186.0
1155 186.0
1156 0.0
1157 33.0
1158 323.0
1159 0.0
1160 185.0
1161 427.0
1162 269.0
1163 274.0
1164 253.0
1165 272.0
1166 427.0
1167 0.0
1168 0.0
1169 191.0
1170 385.0
1171 333.0
1172 0.0
1173 556.0
1174 293.0
1175 326.0
1176 427.0
1177 180.0
1178 43.0
1179 330.0
1180 427.0
1181 180.0
1182 197.0
1183 405.0
1184 264.0
1185 49.0
1186 427.0
1187 308.0
1188 266.0
1189 405.0
1190 339.0
1191 275.0
1192 230.0
1193 98.0
1194 33.0
1195 381.0
1196 321.0
1197 286.0
1198 32.0
1199 253.0
1200 425.0
1201 0.0
1202 267.0
1203 392.0
1204 426.0
1205 196.0
1206 348.0
1207 282.0
1208 38.0
1209 313.0
1210 159.0
1211 180.0
1212 272.0
1213 154.0
1214 247.0
1215 368.0
1216 0.0
1217 328.0
1218 349.0
1219 0.0
1220 260.0
1221 261.0
1222 276.0
1223 267.0
1224 556.0
1225 393.0
1226 555.0
1227 561.0
1228 345.0
1229 181.0
1230 384.0
1231 270.0
1232 317.0
1233 0.0
1234 407.0
1235 427.0
1236 49.0
1237 345.0
1238 555.0
1239 271.0
1240 258.0
1241 220.0
1242 260.0
1243 43.0
1244 271.0
1245 33.0
1246 386.0
1247 175.0
1248 332.0
1249 38.0
1250 181.0
1251 180.0
1252 405.0
1253 276.0
1254 338.0
1255 175.0
1256 117.0
1257 292.0
1258 427.0
1259 0.0
1260 233.0
1261 43.0
1262 265.0
1263 349.0
1264 272.0
1265 325.0
1266 185.0
1267 207.0
1268 427.0
1269 192.0
1270 0.0
1271 226.0
1272 267.0
1273 266.0
1274 256.0
1275 561.0
1276 283.0
1277 306.0
1278 259.0
1279 286.0
1280 218.0
1281 337.0
1282 256.0
1283 321.0
1284 154.0
1285 336.0
1286 361.0
1287 331.0
1288 251.0
1289 274.0
1290 49.0
1291 223.0
1292 209.0
1293 279.0
1294 196.0
1295 0.0
1296 43.0
1297 459.0
1298 0.0
1299 332.0
1300 0.0
1301 223.0
1302 180.0
1303 285.0
1304 219.0
1305 243.0
1306 425.0
1307 33.0
1308 0.0
1309 307.0
1310 38.0
1311 259.0
1312 43.0
1313 185.0
1314 192.0
1315 265.0
1316 265.0
1317 301.0
1318 5.0
1319 251.0
1320 297.0
1321 160.0
1322 203.0
1323 181.0
1324 269.0
1325 393.0
1326 561.0
1327 265.0
1328 186.0
1329 427.0
1330 180.0
1331 127.0
1332 49.0
1333 203.0
1334 32.0
1335 257.0
1336 202.0
1337 337.0
1338 180.0
1339 274.0
1340 559.0
1341 12.0
1342 287.0
1343 43.0
1344 180.0
1345 388.0
1346 150.0
1347 264.0
1348 204.0
1349 253.0
1350 191.0
1351 25.0
1352 395.0
1353 256.0
1354 282.0
1355 241.0
1356 258.0
1357 331.0
1358 0.0
1359 175.0
1360 316.0
1361 241.0
1362 257.0
1363 0.0
1364 180.0
1365 427.0
1366 259.0
1367 297.0
1368 261.0
1369 317.0
1370 181.0
1371 207.0
1372 0.0
1373 260.0
1374 43.0
1375 268.0
1376 364.0
1377 561.0
1378 186.0
1379 256.0
1380 410.0
1381 180.0
1382 257.0
1383 299.0
1384 295.0
1385 186.0
1386 38.0
1387 323.0
1388 303.0
1389 49.0
1390 353.0
1391 388.0
1392 49.0
1393 326.0
1394 0.0
1395 37.0
1396 262.0
1397 259.0
1398 0.0
1399 335.0
1400 175.0
1401 215.0
1402 33.0
1403 425.0
1404 326.0
1405 12.0
1406 265.0
1407 308.0
1408 326.0
1409 0.0
1410 0.0
1411 410.0
1412 38.0
1413 6.0
1414 1.0
1415 180.0
1416 238.0
1417 126.0
1418 240.0
1419 185.0
1420 269.0
1421 427.0
1422 298.0
1423 0.0
1424 235.0
1425 267.0
1426 259.0
1427 50.0
1428 561.0
1429 136.0
1430 262.0
1431 127.0
1432 38.0
1433 207.0
1434 0.0
1435 177.0
1436 257.0
1437 320.0
1438 308.0
1439 427.0
1440 367.0
1441 337.0
1442 316.0
1443 339.0
1444 285.0
1445 0.0
1446 258.0
1447 351.0
1448 1.0
1449 264.0
1450 337.0
1451 427.0
1452 273.0
1453 272.0
1454 397.0
1455 180.0
1456 43.0
1457 0.0
1458 0.0
1459 405.0
1460 33.0
1461 6.0
1462 109.0
1463 43.0
1464 207.0
1465 268.0
1466 180.0
1467 326.0
1468 279.0
1469 254.0
1470 255.0
1471 292.0
1472 49.0
1473 297.0
1474 0.0
1475 229.0
1476 427.0
1477 105.0
1478 287.0
1479 561.0
1480 276.0
1481 337.0
1482 336.0
1483 0.0
1484 39.0
1485 30.0
1486 353.0
1487 0.0
1488 255.0
1489 344.0
1490 223.0
1491 185.0
1492 266.0
1493 274.0
1494 50.0
1495 297.0
1496 196.0
1497 266.0
1498 274.0
1499 356.0
1500 350.0
1501 181.0
1502 261.0
1503 186.0
1504 0.0
1505 424.0
1506 427.0
1507 273.0
1508 0.0
1509 185.0
1510 202.0
1511 25.0
1512 175.0
1513 309.0
1514 38.0
1515 256.0
1516 43.0
1517 180.0
1518 277.0
1519 274.0
1520 247.0
1521 32.0
1522 292.0
1523 285.0
1524 350.0
1525 0.0
1526 134.0
1527 181.0
1528 49.0
1529 405.0
1530 561.0
1531 49.0
1532 297.0
1533 425.0
1534 252.0
1535 181.0
1536 256.0
1537 283.0
1538 427.0
1539 279.0
1540 425.0
1541 326.0
1542 25.0
1543 269.0
1544 274.0
1545 257.0
1546 143.0
1547 0.0
1548 261.0
1549 278.0
1550 249.0
1551 175.0
1552 272.0
1553 175.0
1554 258.0
1555 33.0
1556 293.0
1557 258.0
1558 0.0
1559 425.0
1560 181.0
1561 260.0
1562 0.0
1563 268.0
1564 316.0
1565 38.0
1566 74.0
1567 33.0
1568 185.0
1569 285.0
1570 126.0
1571 95.0
1572 268.0
1573 28.0
1574 427.0
1575 91.0
1576 0.0
1577 240.0
1578 285.0
1579 322.0
1580 169.0
1581 561.0
1582 43.0
1583 337.0
1584 326.0
1585 43.0
1586 174.0
1587 256.0
1588 269.0
1589 395.0
1590 178.0
1591 261.0
1592 427.0
1593 55.0
1594 344.0
1595 388.0
1596 49.0
1597 181.0
1598 184.0
1599 0.0
1600 85.0
1601 257.0
1602 271.0
1603 255.0
1604 336.0
1605 293.0
1606 30.0
1607 424.0
1608 316.0
1609 269.0
1610 396.0
1611 391.0
1612 336.0
1613 176.0
1614 141.0
1615 43.0
1616 11.0
1617 330.0
1618 33.0
1619 330.0
1620 309.0
1621 126.0
1622 167.0
1623 93.0
1624 0.0
1625 57.0
1626 258.0
1627 0.0
1628 253.0
1629 32.0
1630 552.0
1631 396.0
1632 561.0
1633 0.0
1634 429.0
1635 336.0
1636 250.0
1637 207.0
1638 158.0
1639 250.0
1640 426.0
1641 336.0
1642 303.0
1643 337.0
1644 185.0
1645 245.0
1646 559.0
1647 0.0
1648 180.0
1649 43.0
1650 282.0
1651 427.0
1652 260.0
1653 254.0
1654 316.0
1655 186.0
1656 351.0
1657 0.0
1658 397.0
1659 331.0
1660 254.0
1661 261.0
1662 207.0
1663 154.0
1664 33.0
1665 182.0
1666 55.0
1667 55.0
1668 276.0
1669 33.0
1670 180.0
1671 276.0
1672 171.0
1673 344.0
1674 93.0
1675 317.0
1676 427.0
1677 350.0
1678 0.0
1679 223.0
1680 395.0
1681 286.0
1682 316.0
1683 561.0
1684 49.0
1685 429.0
1686 266.0
1687 272.0
1688 94.0
1689 32.0
1690 427.0
1691 251.0
1692 257.0
1693 268.0
1694 427.0
1695 231.0
1696 337.0
1697 384.0
1698 49.0
1699 396.0
1700 196.0
1701 282.0
1702 277.0
1703 252.0
1704 299.0
1705 459.0
1706 182.0
1707 191.0
1708 170.0
1709 255.0
1710 316.0
1711 0.0
1712 267.0
1713 395.0
1714 286.0
1715 0.0
1716 258.0
1717 256.0
1718 6.0
1719 0.0
1720 33.0
1721 180.0
1722 427.0
1723 295.0
1724 95.0
1725 32.0
1726 197.0
1727 427.0
1728 358.0
1729 0.0
1730 0.0
1731 290.0
1732 202.0
1733 258.0
1734 561.0
1735 43.0
1736 393.0
1737 408.0
1738 180.0
1739 207.0
1740 425.0
1741 347.0
1742 304.0
1743 173.0
1744 350.0
1745 202.0
1746 49.0
1747 340.0
1748 261.0
1749 49.0
1750 258.0
1751 43.0
1752 283.0
1753 388.0
1754 251.0
1755 249.0
1756 459.0
1757 313.0
1758 262.0
1759 33.0
1760 335.0
1761 202.0
1762 396.0
1763 265.0
1764 327.0
1765 426.0
1766 43.0
1767 170.0
1768 256.0
1769 2.0
1770 0.0
1771 33.0
1772 38.0
1773 345.0
1774 159.0
1775 174.0
1776 32.0
1777 184.0
1778 252.0
1779 271.0
1780 164.0
1781 219.0
1782 310.0
1783 427.0
1784 427.0
1785 561.0
1786 76.0
1787 426.0
1788 0.0
1789 180.0
1790 174.0
1791 252.0
1792 11.0
1793 425.0
1794 59.0
1795 393.0
1796 393.0
1797 255.0
1798 347.0
1799 394.0
1800 0.0
1801 393.0
1802 176.0
1803 51.0
1804 257.0
1805 275.0
1806 173.0
1807 282.0
1808 271.0
1809 283.0
1810 255.0
1811 322.0
1812 316.0
1813 278.0
1814 405.0
1815 262.0
1816 40.0
1817 172.0
1818 308.0
1819 0.0
1820 263.0
1821 263.0
1822 33.0
1823 294.0
1824 311.0
1825 181.0
1826 44.0
1827 93.0
1828 2.0
1829 308.0
1830 199.0
1831 147.0
1832 275.0
1833 256.0
1834 425.0
1835 285.0
1836 561.0
1837 32.0
1838 429.0
1839 410.0
1840 33.0
1841 0.0
1842 0.0
1843 194.0
1844 266.0
1845 263.0
1846 345.0
1847 411.0
1848 49.0
1849 326.0
1850 380.0
1851 38.0
1852 181.0
1853 211.0
1854 196.0
1855 55.0
1856 152.0
1857 281.0
1858 311.0
1859 157.0
1860 345.0
1861 307.0
1862 425.0
1863 425.0
1864 0.0
1865 28.0
1866 300.0
1867 0.0
1868 0.0
1869 181.0
1870 275.0
1871 259.0
1872 280.0
1873 33.0
1874 180.0
1875 395.0
1876 285.0
1877 0.0
1878 32.0
1879 282.0
1880 205.0
1881 144.0
1882 0.0
1883 61.0
1884 282.0
1885 259.0
1886 267.0
1887 561.0
1888 49.0
1889 429.0
1890 427.0
1891 32.0
1892 0.0
1893 344.0
1894 300.0
1895 144.0
1896 177.0
1897 338.0
1898 427.0
1899 33.0
1900 190.0
1901 403.0
1902 171.0
1903 281.0
1904 43.0
1905 281.0
1906 285.0
1907 171.0
1908 204.0
1909 311.0
1910 176.0
1911 258.0
1912 278.0
1913 188.0
1914 331.0
1915 0.0
1916 299.0
1917 181.0
1918 279.0
1919 33.0
1920 58.0
1921 265.0
1922 0.0
1923 52.0
1924 33.0
1925 25.0
1926 326.0
1927 126.0
1928 0.0
1929 32.0
1930 188.0
1931 0.0
1932 270.0
1933 0.0
1934 231.0
1935 181.0
1936 261.0
1937 325.0
1938 561.0
1939 32.0
1940 426.0
1941 163.0
1942 180.0
1943 299.0
1944 384.0
1945 185.0
1946 347.0
1947 263.0
1948 345.0
1949 393.0
1950 185.0
1951 278.0
1952 280.0
1953 310.0
1954 180.0
1955 43.0
1956 185.0
1957 308.0
1958 0.0
1959 49.0
1960 259.0
1961 339.0
1962 345.0
1963 102.0
1964 282.0
1965 266.0
1966 43.0
1967 259.0
1968 274.0
1969 32.0
1970 33.0
1971 271.0
1972 187.0
1973 247.0
1974 0.0
1975 43.0
1976 272.0
1977 411.0
1978 191.0
1979 44.0
1980 32.0
1981 191.0
1982 298.0
1983 265.0
1984 247.0
1985 411.0
1986 202.0
1987 395.0
1988 380.0
1989 561.0
1990 105.0
1991 429.0
1992 127.0
1993 180.0
1994 0.0
1995 287.0
1996 425.0
1997 185.0
1998 255.0
1999 344.0
2000 427.0
2001 181.0
2002 154.0
2003 256.0
2004 0.0
2005 303.0
2006 240.0
2007 196.0
2008 145.0
2009 262.0
2010 185.0
2011 391.0
2012 291.0
2013 298.0
2014 175.0
2015 251.0
2016 459.0
2017 0.0
2018 255.0
2019 258.0
2020 0.0
2021 33.0
2022 271.0
2023 45.0
2024 0.0
2025 202.0
2026 33.0
2027 256.0
2028 344.0
2029 268.0
2030 0.0
2031 93.0
2032 317.0
2033 427.0
2034 75.0
2035 181.0
2036 275.0
2037 427.0
2038 277.0
2039 265.0
2040 561.0
2041 33.0
2042 337.0
2043 344.0
2044 33.0
2045 229.0
2046 384.0
2047 427.0
2048 129.0
2049 259.0
2050 427.0
2051 427.0
2052 49.0
2053 293.0
2054 427.0
2055 0.0
2056 223.0
2057 0.0
2058 272.0
2059 427.0
2060 150.0
2061 300.0
2062 327.0
2063 174.0
2064 251.0
2065 279.0
2066 425.0
2067 316.0
2068 251.0
2069 79.0
2070 270.0
2071 279.0
2072 33.0
2073 55.0
2074 61.0
2075 11.0
2076 254.0
2077 33.0
2078 88.0
2079 336.0
2080 44.0
2081 44.0
2082 93.0
2083 61.0
2084 262.0
2085 176.0
2086 0.0
2087 247.0
2088 427.0
2089 261.0
2090 281.0
2091 561.0
2092 196.0
2093 297.0
2094 411.0
2095 33.0
2096 0.0
2097 43.0
2098 245.0
2099 350.0
2100 163.0
2101 427.0
2102 427.0
2103 395.0
2104 426.0
2105 252.0
2106 252.0
2107 317.0
2108 218.0
2109 185.0
2110 395.0
2111 259.0
2112 249.0
2113 326.0
2114 313.0
2115 196.0
2116 269.0
2117 322.0
2118 245.0
2119 252.0
2120 268.0
2121 185.0
2122 286.0
2123 33.0
2124 60.0
2125 43.0
2126 0.0
2127 1.0
2128 33.0
2129 288.0
2130 278.0
2131 285.0
2132 0.0
2133 32.0
2134 272.0
2135 308.0
2136 0.0
2137 262.0
2138 252.0
2139 411.0
2140 425.0
2141 427.0
2142 561.0
2143 33.0
2144 426.0
2145 0.0
2146 186.0
2147 185.0
2148 330.0
2149 100.0
2150 275.0
2151 257.0
2152 328.0
2153 256.0
2154 185.0
2155 202.0
2156 395.0
2157 258.0
2158 244.0
2159 43.0
2160 198.0
2161 427.0
2162 278.0
2163 271.0
2164 260.0
2165 319.0
2166 275.0
2167 251.0
2168 322.0
2169 313.0
2170 271.0
2171 256.0
2172 313.0
2173 0.0
2174 33.0
2175 267.0
2176 187.0
2177 279.0
2178 259.0
2179 49.0
2180 181.0
2181 345.0
2182 181.0
2183 309.0
2184 32.0
2185 197.0
2186 427.0
2187 0.0
2188 50.0
2189 61.0
2190 427.0
2191 254.0
2192 335.0
2193 561.0
2194 33.0
2195 202.0
2196 293.0
2197 180.0
2198 185.0
2199 260.0
2200 427.0
2201 153.0
2202 323.0
2203 344.0
2204 205.0
2205 55.0
2206 202.0
2207 427.0
2208 0.0
2209 248.0
2210 0.0
2211 260.0
2212 257.0
2213 249.0
2214 264.0
2215 148.0
2216 174.0
2217 280.0
2218 255.0
2219 425.0
2220 370.0
2221 264.0
2222 55.0
2223 269.0
2224 26.0
2225 33.0
2226 244.0
2227 279.0
2228 260.0
2229 202.0
2230 33.0
2231 0.0
2232 341.0
2233 266.0
2234 0.0
2235 32.0
2236 0.0
2237 388.0
2238 175.0
2239 266.0
2240 247.0
2241 270.0
2242 259.0
2243 411.0
2244 561.0
2245 126.0
2246 186.0
2247 277.0
2248 44.0
2249 159.0
2250 257.0
2251 347.0
2252 287.0
2253 152.0
2254 303.0
2255 308.0
2256 55.0
2257 303.0
2258 250.0
2259 254.0
2260 153.0
2261 33.0
2262 260.0
2263 350.0
2264 0.0
2265 273.0
2266 362.0
2267 181.0
2268 191.0
2269 313.0
2270 205.0
2271 313.0
2272 229.0
2273 248.0
2274 185.0
2275 279.0
2276 33.0
2277 259.0
2278 245.0
2279 0.0
2280 0.0
2281 250.0
2282 284.0
2283 427.0
2284 43.0
2285 0.0
2286 32.0
2287 248.0
2288 30.0
2289 86.0
2290 219.0
2291 252.0
2292 308.0
2293 459.0
2294 272.0
2295 561.0
2296 38.0
2297 202.0
2298 0.0
2299 272.0
2300 0.0
2301 345.0
2302 188.0
2303 287.0
2304 260.0
2305 427.0
2306 259.0
2307 185.0
2308 345.0
2309 427.0
2310 49.0
2311 278.0
2312 216.0
2313 211.0
2314 258.0
2315 244.0
2316 279.0
2317 330.0
2318 319.0
2319 351.0
2320 329.0
2321 334.0
2322 354.0
2323 154.0
2324 55.0
2325 205.0
2326 335.0
2327 33.0
2328 268.0
2329 0.0
2330 204.0
2331 275.0
2332 43.0
2333 295.0
2334 337.0
2335 260.0
2336 350.0
2337 32.0
2338 265.0
2339 308.0
2340 0.0
2341 333.0
2342 319.0
2343 292.0
2344 254.0
2345 313.0
2346 561.0
2347 3.0
2348 403.0
2349 185.0
2350 269.0
2351 275.0
2352 340.0
2353 250.0
2354 252.0
2355 266.0
2356 269.0
2357 181.0
2358 181.0
2359 3.0
2360 380.0
2361 0.0
2362 0.0
2363 43.0
2364 211.0
2365 251.0
2366 171.0
2367 176.0
2368 254.0
2369 268.0
2370 280.0
2371 393.0
2372 294.0
2373 459.0
2374 293.0
2375 259.0
2376 258.0
2377 72.0
2378 33.0
2379 33.0
2380 47.0
2381 201.0
2382 74.0
2383 33.0
2384 38.0
2385 427.0
2386 427.0
2387 55.0
2388 32.0
2389 427.0
2390 427.0
2391 264.0
2392 33.0
2393 270.0
2394 86.0
2395 337.0
2396 345.0
2397 561.0
2398 49.0
2399 429.0
2400 410.0
2401 32.0
2402 261.0
2403 427.0
2404 202.0
2405 276.0
2406 147.0
2407 161.0
2408 260.0
2409 181.0
2410 340.0
2411 380.0
2412 49.0
2413 84.0
2414 69.0
2415 211.0
2416 282.0
2417 3.0
2418 344.0
2419 282.0
2420 174.0
2421 257.0
2422 275.0
2423 288.0
2424 262.0
2425 273.0
2426 299.0
2427 55.0
2428 0.0
2429 33.0
2430 186.0
2431 262.0
2432 43.0
2433 53.0
2434 256.0
2435 32.0
2436 345.0
2437 250.0
2438 177.0
2439 32.0
2440 61.0
2441 331.0
2442 174.0
2443 136.0
2444 258.0
2445 427.0
2446 459.0
2447 277.0
2448 561.0
2449 49.0
2450 410.0
2451 326.0
2452 25.0
2453 256.0
2454 99.0
2455 259.0
2456 265.0
2457 158.0
2458 326.0
2459 427.0
2460 263.0
2461 278.0
2462 250.0
2463 265.0
2464 278.0
2465 98.0
2466 211.0
2467 308.0
2468 158.0
2469 271.0
2470 292.0
2471 0.0
2472 345.0
2473 325.0
2474 370.0
2475 459.0
2476 331.0
2477 260.0
2478 271.0
2479 43.0
2480 33.0
2481 271.0
2482 219.0
2483 0.0
2484 255.0
2485 43.0
2486 284.0
2487 341.0
2488 408.0
2489 264.0
2490 32.0
2491 262.0
2492 285.0
2493 176.0
2494 0.0
2495 225.0
2496 303.0
2497 261.0
2498 255.0
2499 561.0
2500 49.0
2501 297.0
2502 0.0
2503 259.0
2504 299.0
2505 269.0
2506 395.0
2507 287.0
2508 276.0
2509 345.0
2510 193.0
2511 284.0
2512 246.0
2513 331.0
2514 218.0
2515 278.0
2516 148.0
2517 211.0
2518 335.0
2519 151.0
2520 191.0
2521 311.0
2522 187.0
2523 261.0
2524 393.0
2525 188.0
2526 459.0
2527 306.0
2528 186.0
2529 368.0
2530 0.0
2531 0.0
2532 22.0
2533 47.0
2534 7.0
2535 251.0
2536 256.0
2537 256.0
2538 143.0
2539 395.0
2540 261.0
2541 32.0
2542 282.0
2543 427.0
2544 56.0
2545 47.0
2546 275.0
2547 256.0
2548 328.0
2549 271.0
2550 561.0
2551 32.0
2552 429.0
2553 265.0
2554 170.0
2555 255.0
2556 270.0
2557 269.0
2558 252.0
2559 174.0
2560 337.0
2561 260.0
2562 55.0
2563 293.0
2564 395.0
2565 49.0
2566 0.0
2567 43.0
2568 211.0
2569 411.0
2570 336.0
2571 85.0
2572 252.0
2573 319.0
2574 196.0
2575 427.0
2576 282.0
2577 305.0
2578 278.0
2579 299.0
2580 55.0
2581 426.0
2582 33.0
2583 22.0
2584 0.0
2585 112.0
2586 296.0
2587 0.0
2588 165.0
2589 178.0
2590 312.0
2591 0.0
2592 32.0
2593 280.0
2594 313.0
2595 0.0
2596 162.0
2597 0.0
2598 86.0
2599 294.0
2600 426.0
2601 561.0
2602 38.0
2603 561.0
2604 427.0
2605 0.0
2606 284.0
2607 1.0
2608 186.0
2609 276.0
2610 137.0
2611 197.0
2612 427.0
2613 256.0
2614 340.0
2615 259.0
2616 49.0
2617 171.0
2618 0.0
2619 211.0
2620 350.0
2621 324.0
2622 299.0
2623 259.0
2624 257.0
2625 280.0
2626 292.0
2627 251.0
2628 402.0
2629 262.0
2630 0.0
2631 55.0
2632 294.0
2633 33.0
2634 271.0
2635 47.0
2636 262.0
2637 24.0
2638 247.0
2639 285.0
2640 271.0
2641 272.0
2642 0.0
2643 32.0
2644 34.0
2645 335.0
2646 86.0
2647 114.0
2648 276.0
2649 427.0
2650 202.0
2651 328.0
2652 561.0
2653 49.0
2654 256.0
2655 254.0
2656 32.0
2657 175.0
2658 271.0
2659 427.0
2660 287.0
2661 266.0
2662 344.0
2663 29.0
2664 263.0
2665 165.0
2666 391.0
2667 0.0
2668 282.0
2669 326.0
2670 211.0
2671 202.0
2672 288.0
2673 349.0
2674 51.0
2675 0.0
2676 180.0
2677 393.0
2678 427.0
2679 316.0
2680 427.0
2681 261.0
2682 98.0
2683 261.0
2684 33.0
2685 427.0
2686 393.0
2687 0.0
2688 0.0
2689 395.0
2690 43.0
2691 271.0
2692 395.0
2693 249.0
2694 32.0
2695 337.0
2696 335.0
2697 176.0
2698 0.0
2699 249.0
2700 303.0
2701 425.0
2702 272.0
2703 561.0
2704 49.0
2705 337.0
2706 202.0
2707 175.0
2708 427.0
2709 278.0
2710 207.0
2711 287.0
2712 293.0
2713 427.0
2714 260.0
2715 380.0
2716 427.0
2717 300.0
2718 62.0
2719 254.0
2720 43.0
2721 198.0
2722 427.0
2723 288.0
2724 285.0
2725 245.0
2726 0.0
2727 180.0
2728 393.0
2729 319.0
2730 313.0
2731 322.0
2732 269.0
2733 243.0
2734 77.0
2735 0.0
2736 176.0
2737 45.0
2738 0.0
2739 181.0
2740 257.0
2741 265.0
2742 246.0
2743 260.0
2744 279.0
2745 32.0
2746 280.0
2747 427.0
2748 174.0
2749 25.0
2750 256.0
2751 0.0
2752 259.0
2753 266.0
2754 561.0
2755 34.0
2756 275.0
2757 202.0
2758 38.0
2759 197.0
2760 0.0
2761 297.0
2762 276.0
2763 158.0
2764 193.0
2765 395.0
2766 181.0
2767 427.0
2768 0.0
2769 5.0
2770 275.0
2771 43.0
2772 211.0
2773 351.0
2774 253.0
2775 252.0
2776 252.0
2777 269.0
2778 352.0
2779 393.0
2780 297.0
2781 313.0
2782 313.0
2783 173.0
2784 287.0
2785 286.0
2786 33.0
2787 274.0
2788 308.0
2789 0.0
2790 0.0
2791 134.0
2792 252.0
2793 341.0
2794 281.0
2795 0.0
2796 32.0
2797 323.0
2798 294.0
2799 278.0
2800 9.0
2801 164.0
2802 303.0
2803 261.0
2804 425.0
2805 561.0
2806 32.0
2807 561.0
2808 410.0
2809 78.0
2810 320.0
2811 269.0
2812 427.0
2813 287.0
2814 109.0
2815 563.0
2816 115.0
2817 0.0
2818 256.0
2819 261.0
2820 13.0
2821 35.0
2822 236.0
2823 196.0
2824 427.0
2825 324.0
2826 299.0
2827 331.0
2828 316.0
2829 258.0
2830 207.0
2831 252.0
2832 313.0
2833 340.0
2834 255.0
2835 281.0
2836 561.0
2837 33.0
2838 293.0
2839 40.0
2840 0.0
2841 427.0
2842 388.0
2843 268.0
2844 281.0
2845 49.0
2846 0.0
2847 32.0
2848 258.0
2849 259.0
2850 77.0
2851 124.0
2852 271.0
2853 427.0
2854 395.0
2855 285.0
2856 563.0
2857 49.0
2858 261.0
2859 327.0
2860 174.0
2861 275.0
2862 271.0
2863 326.0
2864 353.0
2865 262.0
2866 277.0
2867 271.0
2868 272.0
2869 427.0
2870 395.0
2871 13.0
2872 154.0
2873 33.0
2874 211.0
2875 271.0
2876 288.0
2877 285.0
2878 51.0
2879 287.0
2880 258.0
2881 395.0
2882 297.0
2883 313.0
2884 271.0
2885 351.0
2886 281.0
2887 51.0
2888 33.0
2889 306.0
2890 0.0
2891 0.0
2892 309.0
2893 285.0
2894 282.0
2895 176.0
2896 105.0
2897 262.0
2898 93.0
2899 282.0
2900 335.0
2901 337.0
2902 0.0
2903 69.0
2904 56.0
2905 202.0
2906 327.0
2907 563.0
2908 108.0
2909 327.0
2910 336.0
2911 229.0
2912 258.0
2913 176.0
2914 250.0
2915 153.0
2916 292.0
2917 561.0
2918 427.0
2919 263.0
2920 304.0
2921 255.0
2922 41.0
2923 276.0
2924 196.0
2925 251.0
2926 308.0
2927 251.0
2928 263.0
2929 311.0
2930 0.0
2931 264.0
2932 331.0
2933 335.0
2934 181.0
2935 0.0
2936 202.0
2937 151.0
2938 297.0
2939 0.0
2940 0.0
2941 279.0
2942 0.0
2943 43.0
2944 427.0
2945 256.0
2946 303.0
2947 395.0
2948 253.0
2949 93.0
2950 427.0
2951 285.0
2952 174.0
2953 223.0
2954 319.0
2955 427.0
2956 256.0
2957 328.0
2958 563.0
2959 8.0
2960 563.0
2961 337.0
2962 38.0
2963 252.0
2964 176.0
2965 351.0
2966 285.0
2967 58.0
2968 561.0
2969 84.0
2970 55.0
2971 303.0
2972 12.0
2973 244.0
2974 344.0
2975 43.0
2976 211.0
2977 202.0
2978 166.0
2979 266.0
2980 174.0
2981 331.0
2982 264.0
2983 427.0
2984 338.0
2985 326.0
2986 181.0
2987 0.0
2988 82.0
2989 327.0
2990 33.0
2991 0.0
2992 240.0
2993 83.0
2994 322.0
2995 0.0
2996 175.0
2997 293.0
2998 272.0
2999 32.0
3000 32.0
3001 0.0
3002 427.0
3003 174.0
3004 153.0
3005 258.0
3006 427.0
3007 297.0
3008 285.0
3009 563.0
3010 0.0
3011 259.0
3012 326.0
3013 174.0
3014 337.0
3015 271.0
3016 355.0
3017 257.0
3018 271.0
3019 563.0
3020 219.0
3021 181.0
3022 0.0
3023 295.0
3024 13.0
3025 252.0
3026 211.0
3027 185.0
3028 0.0
3029 166.0
3030 180.0
3031 252.0
3032 180.0
3033 282.0
3034 427.0
3035 365.0
3036 402.0
3037 208.0
3038 427.0
3039 281.0
3040 253.0
3041 33.0
3042 427.0
3043 47.0
3044 0.0
3045 365.0
3046 331.0
3047 236.0
3048 303.0
3049 49.0
3050 0.0
3051 32.0
3052 282.0
3053 335.0
3054 384.0
3055 0.0
3056 224.0
3057 326.0
3058 337.0
3059 272.0
3060 563.0
3061 49.0
3062 565.0
3063 196.0
3064 22.0
3065 279.0
3066 88.0
3067 563.0
3068 291.0
3069 143.0
3070 337.0
3071 267.0
3072 224.0
3073 340.0
3074 282.0
3075 49.0
3076 47.0
3077 43.0
3078 260.0
3079 171.0
3080 0.0
3081 258.0
3082 326.0
3083 0.0
3084 282.0
3085 427.0
3086 427.0
3087 180.0
3088 376.0
3089 425.0
3090 55.0
3091 271.0
3092 2.0
3093 271.0
3094 49.0
3095 0.0
3096 202.0
3097 198.0
3098 256.0
3099 0.0
3100 88.0
3101 256.0
3102 32.0
3103 427.0
3104 262.0
3105 75.0
3106 0.0
3107 316.0
3108 205.0
3109 213.0
3110 281.0
3111 565.0
3112 19.0
3113 337.0
3114 196.0
3115 169.0
3116 0.0
3117 338.0
3118 275.0
3119 287.0
3120 256.0
3121 565.0
3122 275.0
3123 185.0
3124 271.0
3125 12.0
3126 41.0
3127 51.0
3128 196.0
3129 211.0
3130 308.0
3131 269.0
3132 267.0
3133 51.0
3134 321.0
3135 264.0
3136 334.0
3137 427.0
3138 207.0
3139 182.0
3140 345.0
3141 71.0
3142 186.0
3143 33.0
3144 258.0
3145 49.0
3146 116.0
3147 251.0
3148 170.0
3149 165.0
3150 345.0
3151 88.0
3152 259.0
3153 32.0
3154 181.0
3155 285.0
3156 384.0
3157 20.0
3158 270.0
3159 427.0
3160 259.0
3161 323.0
3162 565.0
3163 265.0
3164 337.0
3165 326.0
3166 43.0
3167 77.0
3168 269.0
3169 194.0
3170 252.0
3171 191.0
3172 563.0
3173 219.0
3174 181.0
3175 208.0
3176 331.0
3177 13.0
3178 263.0
3179 211.0
3180 261.0
3181 313.0
3182 152.0
3183 279.0
3184 560.0
3185 162.0
3186 264.0
3187 321.0
3188 316.0
3189 313.0
3190 181.0
3191 264.0
3192 268.0
3193 393.0
3194 33.0
3195 265.0
3196 247.0
3197 175.0
3198 427.0
3199 279.0
3200 252.0
3201 281.0
3202 292.0
3203 219.0
3204 32.0
3205 186.0
3206 353.0
3207 269.0
3208 0.0
3209 224.0
3210 350.0
3211 337.0
3212 285.0
3213 565.0
3214 270.0
3215 259.0
3216 411.0
3217 169.0
3218 269.0
3219 0.0
3220 188.0
3221 287.0
3222 279.0
3223 565.0
3224 29.0
3225 265.0
3226 33.0
3227 395.0
3228 171.0
3229 11.0
3230 188.0
3231 256.0
3232 0.0
3233 0.0
3234 427.0
3235 282.0
3236 162.0
3237 275.0
3238 427.0
3239 353.0
3240 459.0
3241 243.0
3242 256.0
3243 55.0
3244 151.0
3245 33.0
3246 271.0
3247 251.0
3248 0.0
3249 337.0
3250 331.0
3251 324.0
3252 136.0
3253 262.0
3254 217.0
3255 32.0
3256 297.0
3257 427.0
3258 276.0
3259 0.0
3260 224.0
3261 427.0
3262 385.0
3263 563.0
3264 565.0
3265 82.0
3266 565.0
3267 256.0
3268 38.0
3269 269.0
3270 427.0
3271 269.0
3272 287.0
3273 291.0
3274 565.0
3275 271.0
3276 256.0
3277 276.0
3278 295.0
3279 41.0
3280 269.0
3281 196.0
3282 198.0
3283 271.0
3284 3.0
3285 204.0
3286 287.0
3287 321.0
3288 258.0
3289 663.0
3290 427.0
3291 326.0
3292 275.0
3293 259.0
3294 55.0
3295 297.0
3296 0.0
3297 1.0
3298 273.0
3299 325.0
3300 294.0
3301 48.0
3302 427.0
3303 281.0
3304 427.0
3305 225.0
3306 32.0
3307 28.0
3308 259.0
3309 284.0
3310 0.0
3311 270.0
3312 261.0
3313 316.0
3314 252.0
3315 663.0
3316 185.0
3317 663.0
3318 265.0
3319 38.0
3320 266.0
3321 271.0
3322 196.0
3323 287.0
3324 321.0
3325 331.0
3326 308.0
3327 55.0
3328 276.0
3329 257.0
3330 13.0
3331 292.0
3332 33.0
3333 260.0
3334 308.0
3335 6.0
3336 80.0
3337 360.0
3338 191.0
3339 264.0
3340 343.0
3341 145.0
3342 248.0
3343 293.0
3344 0.0
3345 50.0
3346 411.0
3347 33.0
3348 1.0
3349 46.0
3350 55.0
3351 427.0
3352 253.0
3353 266.0
3354 344.0
3355 88.0
3356 254.0
3357 32.0
3358 292.0
3359 331.0
3360 43.0
3361 20.0
3362 288.0
3363 14.0
3364 285.0
3365 284.0
3366 663.0
3367 97.0
3368 295.0
3369 331.0
3370 43.0
3371 331.0
3372 344.0
3373 427.0
3374 275.0
3375 279.0
3376 295.0
3377 260.0
3378 260.0
3379 276.0
3380 269.0
3381 244.0
3382 344.0
3383 243.0
3384 196.0
3385 1.0
3386 171.0
3387 263.0
3388 230.0
3389 167.0
3390 258.0
3391 427.0
3392 427.0
3393 268.0
3394 33.0
3395 319.0
3396 98.0
3397 75.0
3398 168.0
3399 276.0
3400 54.0
3401 255.0
3402 427.0
3403 392.0
3404 333.0
3405 266.0
3406 256.0
3407 219.0
3408 32.0
3409 260.0
3410 350.0
3411 327.0
3412 0.0
3413 219.0
3414 308.0
3415 213.0
3416 326.0
3417 663.0
3418 107.0
3419 563.0
3420 327.0
3421 174.0
3422 269.0
3423 260.0
3424 297.0
3425 147.0
3426 273.0
3427 331.0
3428 271.0
3429 339.0
3430 177.0
3431 331.0
3432 244.0
3433 256.0
3434 196.0
3435 255.0
3436 303.0
3437 0.0
3438 302.0
3439 264.0
3440 319.0
3441 258.0
3442 565.0
3443 351.0
3444 327.0
3445 297.0
3446 256.0
3447 55.0
3448 259.0
3449 43.0
3450 271.0
3451 264.0
3452 253.0
3453 256.0
3454 427.0
3455 254.0
3456 303.0
3457 49.0
3458 32.0
3459 32.0
3460 33.0
3461 326.0
3462 427.0
3463 0.0
3464 219.0
3465 395.0
3466 202.0
3467 240.0
3468 663.0
3469 270.0
3470 251.0
3471 667.0
3472 174.0
3473 281.0
3474 265.0
3475 427.0
3476 252.0
3477 321.0
3478 387.0
3479 271.0
3480 44.0
3481 337.0
3482 295.0
3483 13.0
3484 0.0
3485 218.0
3486 276.0
3487 319.0
3488 269.0
3489 258.0
3490 229.0
3491 259.0
3492 285.0
3493 343.0
3494 365.0
3495 32.0
3496 186.0
3497 268.0
3498 93.0
3499 297.0
3500 0.0
3501 153.0
3502 78.0
3503 331.0
3504 565.0
3505 261.0
3506 262.0
3507 270.0
3508 335.0
3509 225.0
3510 43.0
3511 0.0
3512 285.0
3513 331.0
3514 0.0
3515 69.0
3516 256.0
3517 343.0
3518 275.0
3519 667.0
3520 96.0
3521 666.0
3522 256.0
3523 38.0
3524 266.0
3525 292.0
3526 193.0
3527 275.0
3528 159.0
3529 259.0
3530 427.0
3531 44.0
3532 271.0
3533 27.0
3534 13.0
3535 275.0
3536 211.0
3537 196.0
3538 0.0
3539 171.0
3540 33.0
3541 143.0
3542 180.0
3543 264.0
3544 259.0
3545 319.0
3546 158.0
3547 170.0
3548 203.0
3549 255.0
3550 663.0
3551 33.0
3552 158.0
3553 0.0
3554 180.0
3555 254.0
3556 250.0
3557 0.0
3558 40.0
3559 306.0
3560 0.0
3561 32.0
3562 299.0
3563 285.0
3564 282.0
3565 0.0
3566 316.0
3567 425.0
3568 322.0
3569 327.0
3570 667.0
3571 268.0
3572 283.0
3573 667.0
3574 38.0
3575 269.0
3576 202.0
3577 252.0
3578 273.0
3579 267.0
3580 667.0
3581 246.0
3582 186.0
3583 328.0
3584 331.0
3585 0.0
3586 276.0
3587 33.0
3588 251.0
3589 350.0
3590 162.0
3591 337.0
3592 262.0
3593 277.0
3594 282.0
3595 259.0
3596 427.0
3597 257.0
3598 0.0
3599 269.0
3600 82.0
3601 275.0
3602 33.0
3603 276.0
3604 309.0
3605 241.0
3606 258.0
3607 0.0
3608 109.0
3609 60.0
3610 279.0
3611 217.0
3612 32.0
3613 6.0
3614 326.0
3615 235.0
3616 0.0
3617 224.0
3618 427.0
3619 181.0
3620 251.0
3621 667.0
3622 235.0
3623 259.0
3624 565.0
3625 174.0
3626 269.0
3627 310.0
3628 259.0
3629 253.0
3630 0.0
3631 565.0
3632 0.0
3633 180.0
3634 0.0
3635 278.0
3636 244.0
3637 264.0
3638 218.0
3639 277.0
3640 351.0
3641 277.0
3642 192.0
3643 267.0
3644 319.0
3645 285.0
3646 683.0
3647 320.0
3648 459.0
3649 181.0
3650 426.0
3651 62.0
3652 306.0
3653 0.0
3654 153.0
3655 89.0
3656 296.0
3657 202.0
3658 249.0
3659 262.0
3660 276.0
3661 427.0
3662 254.0
3663 32.0
3664 258.0
3665 353.0
3666 303.0
3667 0.0
3668 236.0
3669 259.0
3670 265.0
3671 251.0
3672 683.0
3673 374.0
3674 331.0
3675 331.0
3676 174.0
3677 20.0
3678 411.0
3679 251.0
3680 270.0
3681 327.0
3682 666.0
3683 43.0
3684 185.0
3685 0.0
3686 262.0
3687 163.0
3688 267.0
3689 211.0
3690 275.0
3691 319.0
3692 249.0
3693 395.0
3694 259.0
3695 259.0
3696 48.0
3697 318.0
3698 256.0
3699 32.0
3700 259.0
3701 0.0
3702 281.0
3703 427.0
3704 0.0
3705 1.0
3706 260.0
3707 259.0
3708 427.0
3709 250.0
3710 277.0
3711 349.0
3712 313.0
3713 259.0
3714 32.0
3715 297.0
3716 331.0
3717 254.0
3718 0.0
3719 0.0
3720 279.0
3721 265.0
3722 181.0
3723 683.0
3724 105.0
3725 283.0
3726 667.0
3727 49.0
3728 103.0
3729 303.0
3730 263.0
3731 269.0
3732 253.0
3733 667.0
3734 43.0
3735 249.0
3736 271.0
3737 319.0
3738 244.0
3739 276.0
3740 201.0
3741 276.0
3742 0.0
3743 365.0
3744 253.0
3745 262.0
3746 180.0
3747 282.0
3748 331.0
3749 351.0
3750 268.0
3751 8.0
3752 256.0
3753 281.0
3754 59.0
3755 171.0
3756 158.0
3757 252.0
3758 335.0
3759 565.0
3760 257.0
3761 282.0
3762 55.0
3763 268.0
3764 0.0
3765 32.0
3766 304.0
3767 331.0
3768 43.0
3769 0.0
3770 319.0
3771 427.0
3772 268.0
3773 337.0
3774 683.0
3775 105.0
3776 340.0
3777 667.0
3778 174.0
3779 427.0
3780 0.0
3781 194.0
3782 276.0
3783 283.0
3784 333.0
3785 256.0
3786 331.0
3787 303.0
3788 327.0
3789 161.0
3790 1.0
3791 211.0
3792 280.0
3793 308.0
3794 77.0
3795 395.0
3796 262.0
3797 403.0
3798 262.0
3799 259.0
3800 259.0
3801 32.0
3802 240.0
3803 351.0
3804 251.0
3805 257.0
3806 0.0
3807 1.0
3808 651.0
3809 258.0
3810 259.0
3811 0.0
3812 43.0
3813 276.0
3814 289.0
3815 32.0
3816 32.0
3817 32.0
3818 275.0
3819 272.0
3820 0.0
3821 219.0
3822 338.0
3823 664.0
3824 316.0
3825 683.0
3826 39.0
3827 255.0
3828 385.0
3829 174.0
3830 276.0
3831 271.0
3832 267.0
3833 285.0
3834 0.0
3835 666.0
3836 333.0
3837 278.0
3838 238.0
3839 427.0
3840 39.0
3841 147.0
3842 201.0
3843 265.0
3844 319.0
3845 171.0
3846 230.0
3847 34.0
3848 251.0
3849 264.0
3850 318.0
3851 249.0
3852 32.0
3853 169.0
3854 1.0
3855 30.0
3856 427.0
3857 0.0
3858 153.0
3859 254.0
3860 256.0
3861 327.0
3862 318.0
3863 43.0
3864 276.0
3865 395.0
3866 0.0
3867 32.0
3868 1.0
3869 287.0
3870 275.0
3871 112.0
3872 244.0
3873 259.0
3874 256.0
3875 251.0
3876 683.0
3877 273.0
3878 251.0
3879 331.0
3880 38.0
3881 0.0
3882 427.0
3883 263.0
3884 276.0
3885 283.0
3886 667.0
3887 427.0
3888 114.0
3889 271.0
3890 266.0
3891 57.0
3892 276.0
3893 218.0
3894 258.0
3895 338.0
3896 151.0
3897 255.0
3898 262.0
3899 270.0
3900 282.0
3901 683.0
3902 351.0
3903 249.0
3904 333.0
3905 1.0
3906 55.0
3907 9.0
3908 0.0
3909 158.0
3910 38.0
3911 275.0
3912 258.0
3913 331.0
3914 343.0
3915 147.0
3916 364.0
3917 256.0
3918 32.0
3919 290.0
3920 275.0
3921 301.0
3922 0.0
3923 164.0
3924 269.0
3925 275.0
3926 290.0
3927 683.0
3928 143.0
3929 251.0
3930 261.0
3931 49.0
3932 276.0
3933 173.0
3934 427.0
3935 287.0
3936 269.0
3937 259.0
3938 427.0
3939 0.0
3940 22.0
3941 327.0
3942 0.0
3943 276.0
3944 201.0
3945 82.0
3946 427.0
3947 166.0
3948 43.0
3949 249.0
3950 255.0
3951 271.0
3952 259.0
3953 355.0
3954 268.0
3955 203.0
3956 345.0
3957 93.0
3958 259.0
3959 30.0
3960 271.0
3961 302.0
3962 346.0
3963 322.0
3964 0.0
3965 343.0
3966 557.0
3967 268.0
3968 256.0
3969 93.0
3970 351.0
3971 326.0
3972 390.0
3973 0.0
3974 233.0
3975 319.0
3976 181.0
3977 240.0
3978 683.0
3979 282.0
3980 251.0
3981 372.0
3982 32.0
3983 269.0
3984 303.0
3985 202.0
3986 269.0
3987 169.0
3988 313.0
3989 427.0
3990 181.0
3991 30.0
3992 327.0
3993 49.0
3994 147.0
3995 201.0
3996 181.0
3997 427.0
3998 0.0
3999 241.0
4000 260.0
4001 285.0
4002 205.0
4003 318.0
4004 65.0
4005 43.0
4006 0.0
4007 256.0
4008 32.0
4009 259.0
4010 0.0
4011 153.0
4012 399.0
4013 259.0
4014 427.0
4015 0.0
4016 258.0
4017 276.0
4018 427.0
4019 0.0
4020 278.0
4021 153.0
4022 427.0
4023 198.0
4024 0.0
4025 270.0
4026 427.0
4027 265.0
4028 197.0
4029 683.0
4030 253.0
4031 260.0
4032 306.0
4033 174.0
4034 0.0
4035 345.0
4036 252.0
4037 269.0
4038 269.0
4039 666.0
4040 279.0
4041 204.0
4042 267.0
4043 394.0
4044 49.0
4045 264.0
4046 196.0
4047 272.0
4048 329.0
4049 45.0
4050 13.0
4051 139.0
4052 378.0
4053 268.0
4054 683.0
4055 291.0
4056 268.0
4057 38.0
4058 319.0
4059 25.0
4060 0.0
4061 0.0
4062 276.0
4063 333.0
4064 663.0
4065 565.0
4066 181.0
4067 262.0
4068 319.0
4069 427.0
4070 245.0
4071 32.0
4072 285.0
4073 353.0
4074 368.0
4075 0.0
4076 159.0
4077 427.0
4078 249.0
4079 251.0
4080 683.0
4081 192.0
4082 261.0
4083 202.0
4084 49.0
4085 244.0
4086 179.0
4087 336.0
4088 344.0
4089 317.0
4090 665.0
4091 322.0
4092 260.0
4093 229.0
4094 275.0
4095 0.0
4096 276.0
4097 211.0
4098 6.0
4099 279.0
4100 174.0
4101 43.0
4102 229.0
4103 276.0
4104 271.0
4105 259.0
4106 177.0
4107 268.0
4108 274.0
4109 284.0
4110 287.0
4111 54.0
4112 0.0
4113 276.0
4114 666.0
4115 385.0
4116 571.0
4117 257.0
4118 290.0
4119 0.0
4120 427.0
4121 268.0
4122 93.0
4123 285.0
4124 113.0
4125 327.0
4126 0.0
4127 237.0
4128 278.0
4129 170.0
4130 331.0
4131 683.0
4132 6.0
4133 186.0
4134 667.0
4135 174.0
4136 300.0
4137 427.0
4138 683.0
4139 276.0
4140 0.0
4141 683.0
4142 427.0
4143 268.0
4144 33.0
4145 327.0
4146 1.0
4147 276.0
4148 211.0
4149 283.0
4150 350.0
4151 143.0
4152 251.0
4153 0.0
4154 429.0
4155 282.0
4156 259.0
4157 0.0
4158 43.0
4159 253.0
4160 256.0
4161 87.0
4162 43.0
4163 1.0
4164 153.0
4165 399.0
4166 459.0
4167 258.0
4168 225.0
4169 262.0
4170 276.0
4171 311.0
4172 0.0
4173 32.0
4174 158.0
4175 427.0
4176 43.0
4177 0.0
4178 0.0
4179 427.0
4180 181.0
4181 279.0
4182 683.0
4183 285.0
4184 275.0
4185 385.0
4186 49.0
4187 269.0
4188 303.0
4189 359.0
4190 153.0
4191 276.0
4192 313.0
4193 427.0
4194 270.0
4195 271.0
4196 427.0
4197 171.0
4198 147.0
4199 218.0
4200 277.0
4201 319.0
4202 0.0
4203 173.0
4204 248.0
4205 196.0
4206 282.0
4207 663.0
4208 353.0
4209 268.0
4210 185.0
4211 663.0
4212 257.0
4213 306.0
4214 170.0
4215 158.0
4216 246.0
4217 459.0
4218 308.0
4219 265.0
4220 326.0
4221 55.0
4222 395.0
4223 0.0
4224 32.0
4225 285.0
4226 308.0
4227 0.0
4228 0.0
4229 186.0
4230 425.0
4231 261.0
4232 208.0
4233 683.0
4234 257.0
4235 0.0
4236 331.0
4237 174.0
4238 425.0
4239 293.0
4240 259.0
4241 269.0
4242 327.0
4243 683.0
4244 303.0
4245 290.0
4246 268.0
4247 327.0
4248 0.0
4249 147.0
4250 201.0
4251 264.0
4252 338.0
4253 143.0
4254 322.0
4255 117.0
4256 427.0
4257 268.0
4258 265.0
4259 291.0
4260 459.0
4261 43.0
4262 32.0
4263 0.0
4264 50.0
4265 0.0
4266 276.0
4267 399.0
4268 343.0
4269 276.0
4270 181.0
4271 326.0
4272 0.0
4273 297.0
4274 269.0
4275 32.0
4276 285.0
4277 427.0
4278 198.0
4279 0.0
4280 244.0
4281 265.0
4282 181.0
4283 259.0
4284 683.0
4285 144.0
4286 254.0
4287 255.0
4288 181.0
4289 121.0
4290 118.0
4291 395.0
4292 129.0
4293 62.0
4294 683.0
4295 395.0
4296 267.0
4297 226.0
4298 284.0
4299 0.0
4300 147.0
4301 205.0
4302 281.0
4303 329.0
4304 158.0
4305 249.0
4306 57.0
4307 331.0
4308 263.0
4309 318.0
4310 150.0
4311 191.0
4312 256.0
4313 255.0
4314 93.0
4315 294.0
4316 176.0
4317 153.0
4318 137.0
4319 259.0
4320 256.0
4321 331.0
4322 307.0
4323 276.0
4324 322.0
4325 0.0
4326 310.0
4327 158.0
4328 255.0
4329 43.0
4330 20.0
4331 69.0
4332 427.0
4333 276.0
4334 181.0
4335 683.0
4336 192.0
4337 351.0
4338 666.0
4339 49.0
4340 259.0
4341 190.0
4342 263.0
4343 153.0
4344 0.0
4345 683.0
4346 312.0
4347 269.0
4348 0.0
4349 254.0
4350 344.0
4351 147.0
4352 201.0
4353 322.0
4354 343.0
4355 9.0
4356 326.0
4357 88.0
4358 264.0
4359 250.0
4360 259.0
4361 257.0
4362 259.0
4363 55.0
4364 348.0
4365 55.0
4366 331.0
4367 168.0
4368 293.0
4369 0.0
4370 663.0
4371 322.0
4372 391.0
4373 266.0
4374 0.0
4375 427.0
4376 208.0
4377 32.0
4378 285.0
4379 326.0
4380 202.0
4381 0.0
4382 61.0
4383 338.0
4384 256.0
4385 260.0
4386 683.0
4387 257.0
4388 427.0
4389 563.0
4390 33.0
4391 269.0
4392 278.0
4393 667.0
4394 257.0
4395 0.0
4396 683.0
4397 427.0
4398 395.0
4399 268.0
4400 327.0
4401 258.0
4402 147.0
4403 218.0
4404 283.0
4405 255.0
4406 128.0
4407 159.0
4408 262.0
4409 260.0
4410 280.0
4411 265.0
4412 427.0
4413 326.0
4414 260.0
4415 255.0
4416 0.0
4417 172.0
4418 33.0
4419 276.0
4420 651.0
4421 343.0
4422 663.0
4423 202.0
4424 326.0
4425 0.0
4426 427.0
4427 208.0
4428 32.0
4429 285.0
4430 427.0
4431 144.0
4432 0.0
4433 163.0
4434 286.0
4435 258.0
4436 224.0
4437 683.0
4438 49.0
4439 19.0
4440 666.0
4441 169.0
4442 267.0
4443 0.0
4444 270.0
4445 260.0
4446 320.0
4447 683.0
4448 427.0
4449 185.0
4450 263.0
4451 426.0
4452 257.0
4453 147.0
4454 201.0
4455 181.0
4456 303.0
4457 158.0
4458 382.0
4459 237.0
4460 403.0
4461 273.0
4462 683.0
4463 427.0
4464 459.0
4465 348.0
4466 165.0
4467 265.0
4468 0.0
4469 0.0
4470 276.0
4471 126.0
4472 664.0
4473 343.0
4474 279.0
4475 290.0
4476 347.0
4477 427.0
4478 252.0
4479 32.0
4480 290.0
4481 282.0
4482 330.0
4483 213.0
4484 69.0
4485 272.0
4486 33.0
4487 43.0
4488 683.0
4489 395.0
4490 19.0
4491 255.0
4492 176.0
4493 282.0
4494 235.0
4495 343.0
4496 270.0
4497 318.0
4498 385.0
4499 343.0
4500 281.0
4501 117.0
4502 275.0
4503 39.0
4504 147.0
4505 211.0
4506 325.0
4507 251.0
4508 262.0
4509 127.0
4510 0.0
4511 258.0
4512 338.0
4513 565.0
4514 331.0
4515 270.0
4516 0.0
4517 214.0
4518 292.0
4519 279.0
4520 427.0
4521 0.0
4522 0.0
4523 258.0
4524 322.0
4525 330.0
4526 266.0
4527 411.0
4528 246.0
4529 257.0
4530 32.0
4531 153.0
4532 350.0
4533 43.0
4534 109.0
4535 269.0
4536 272.0
4537 380.0
4538 33.0
4539 683.0
4540 387.0
4541 17.0
4542 261.0
4543 25.0
4544 364.0
4545 328.0
4546 251.0
4547 0.0
4548 169.0
4549 313.0
4550 308.0
4551 273.0
4552 341.0
4553 346.0
4554 257.0
4555 147.0
4556 240.0
4557 287.0
4558 252.0
4559 360.0
4560 254.0
4561 262.0
4562 255.0
4563 280.0
4564 666.0
4565 427.0
4566 270.0
4567 295.0
4568 262.0
4569 265.0
4570 297.0
4571 33.0
4572 153.0
4573 252.0
4574 683.0
4575 565.0
4576 257.0
4577 262.0
4578 164.0
4579 395.0
4580 208.0
4581 32.0
4582 153.0
4583 285.0
4584 160.0
4585 148.0
4586 263.0
4587 427.0
4588 255.0
4589 173.0
4590 683.0
4591 282.0
4592 188.0
4593 261.0
4594 33.0
4595 427.0
4596 271.0
4597 667.0
4598 60.0
4599 153.0
4600 683.0
4601 280.0
4602 338.0
4603 267.0
4604 382.0
4605 251.0
4606 147.0
4607 201.0
4608 553.0
4609 271.0
4610 249.0
4611 382.0
4612 143.0
4613 429.0
4614 0.0
4615 265.0
4616 351.0
4617 268.0
4618 338.0
4619 345.0
4620 0.0
4621 26.0
4622 0.0
4623 1.0
4624 249.0
4625 267.0
4626 265.0
4627 331.0
4628 326.0
4629 245.0
4630 284.0
4631 0.0
4632 32.0
4633 285.0
4634 427.0
4635 43.0
4636 0.0
4637 69.0
4638 427.0
4639 666.0
4640 205.0
4641 683.0
4642 32.0
4643 255.0
4644 667.0
4645 0.0
4646 427.0
4647 209.0
4648 667.0
4649 402.0
4650 235.0
4651 683.0
4652 258.0
4653 336.0
4654 328.0
4655 319.0
4656 45.0
4657 147.0
4658 211.0
4659 566.0
4660 293.0
4661 126.0
4662 399.0
4663 0.0
4664 291.0
4665 60.0
4666 265.0
4667 427.0
4668 266.0
4669 316.0
4670 425.0
4671 55.0
4672 26.0
4673 33.0
4674 276.0
4675 252.0
4676 664.0
4677 667.0
4678 282.0
4679 290.0
4680 251.0
4681 204.0
4682 257.0
4683 93.0
4684 285.0
4685 427.0
4686 295.0
4687 0.0
4688 253.0
4689 425.0
4690 268.0
4691 279.0
4692 683.0
4693 336.0
4694 166.0
4695 255.0
4696 170.0
4697 267.0
4698 271.0
4699 343.0
4700 351.0
4701 325.0
4702 683.0
4703 427.0
4704 251.0
4705 304.0
4706 570.0
4707 49.0
4708 147.0
4709 196.0
4710 265.0
4711 258.0
4712 0.0
4713 240.0
4714 282.0
4715 260.0
4716 280.0
4717 259.0
4718 312.0
4719 180.0
4720 240.0
4721 313.0
4722 55.0
4723 330.0
4724 2.0
4725 258.0
4726 0.0
4727 664.0
4728 258.0
4729 327.0
4730 0.0
4731 271.0
4732 261.0
4733 191.0
4734 32.0
4735 158.0
4736 284.0
4737 256.0
4738 109.0
4739 61.0
4740 316.0
4741 249.0
4742 279.0
4743 683.0
4744 142.0
4745 427.0
4746 459.0
4747 273.0
4748 427.0
4749 344.0
4750 343.0
4751 256.0
4752 318.0
4753 313.0
4754 308.0
4755 188.0
4756 427.0
4757 327.0
4758 257.0
4759 147.0
4760 218.0
4761 663.0
4762 271.0
4763 6.0
4764 345.0
4765 249.0
4766 261.0
4767 292.0
4768 265.0
4769 427.0
4770 326.0
4771 347.0
4772 666.0
4773 257.0
4774 0.0
4775 38.0
4776 1.0
4777 417.0
4778 265.0
4779 666.0
4780 249.0
4781 326.0
4782 251.0
4783 255.0
4784 208.0
4785 32.0
4786 290.0
4787 251.0
4788 264.0
4789 0.0
4790 258.0
4791 338.0
4792 256.0
4793 234.0
4794 683.0
4795 142.0
4796 275.0
4797 331.0
4798 38.0
4799 275.0
4800 0.0
4801 343.0
4802 247.0
4803 279.0
4804 665.0
4805 48.0
4806 331.0
4807 122.0
4808 568.0
4809 34.0
4810 147.0
4811 196.0
4812 563.0
4813 271.0
4814 249.0
4815 295.0
4816 251.0
4817 427.0
4818 263.0
4819 318.0
4820 351.0
4821 427.0
4822 295.0
4823 319.0
4824 8.0
4825 61.0
4826 0.0
4827 277.0
4828 249.0
4829 269.0
4830 330.0
4831 270.0
4832 262.0
4833 262.0
4834 427.0
4835 0.0
4836 257.0
4837 284.0
4838 275.0
4839 43.0
4840 0.0
4841 244.0
4842 259.0
4843 264.0
4844 181.0
4845 683.0
4846 0.0
4847 260.0
4848 255.0
4849 38.0
4850 17.0
4851 344.0
4852 664.0
4853 288.0
4854 337.0
4855 683.0
4856 276.0
4857 268.0
4858 344.0
4859 319.0
4860 274.0
4861 147.0
4862 236.0
4863 265.0
4864 246.0
4865 365.0
4866 427.0
4867 143.0
4868 410.0
4869 0.0
4870 265.0
4871 207.0
4872 262.0
4873 40.0
4874 666.0
4875 205.0
4876 395.0
4877 258.0
4878 276.0
4879 45.0
4880 665.0
4881 259.0
4882 427.0
4883 290.0
4884 198.0
4885 110.0
4886 257.0
4887 93.0
4888 158.0
4889 353.0
4890 306.0
4891 0.0
4892 94.0
4893 305.0
4894 276.0
4895 322.0
4896 683.0
4897 252.0
4898 261.0
4899 259.0
4900 43.0
4901 1.0
4902 344.0
4903 667.0
4904 153.0
4905 331.0
4906 313.0
4907 271.0
4908 391.0
4909 278.0
4910 380.0
4911 192.0
4912 147.0
4913 0.0
4914 267.0
4915 319.0
4916 331.0
4917 351.0
4918 191.0
4919 251.0
4920 275.0
4921 207.0
4922 106.0
4923 370.0
4924 255.0
4925 340.0
4926 43.0
4927 340.0
4928 43.0
4929 276.0
4930 142.0
4931 261.0
4932 666.0
4933 208.0
4934 175.0
4935 326.0
4936 257.0
4937 208.0
4938 293.0
4939 153.0
4940 427.0
4941 254.0
4942 43.0
4943 0.0
4944 427.0
4945 257.0
4946 322.0
4947 683.0
4948 144.0
4949 259.0
4950 331.0
4951 175.0
4952 121.0
4953 166.0
4954 343.0
4955 426.0
4956 379.0
4957 683.0
4958 259.0
4959 55.0
4960 52.0
4961 570.0
4962 193.0
4963 147.0
4964 196.0
4965 202.0
4966 271.0
4967 249.0
4968 154.0
4969 203.0
4970 372.0
4971 271.0
4972 259.0
4973 255.0
4974 326.0
4975 280.0
4976 255.0
4977 212.0
4978 427.0
4979 43.0
4980 153.0
4981 258.0
4982 269.0
4983 330.0
4984 331.0
4985 326.0
4986 411.0
4987 267.0
4988 0.0
4989 32.0
4990 284.0
4991 0.0
4992 43.0
4993 0.0
4994 251.0
4995 343.0
4996 268.0
4997 0.0
4998 683.0
4999 83.0
5000 427.0
5001 372.0
5002 175.0
5003 254.0
5004 0.0
5005 667.0
5006 270.0
5007 333.0
5008 259.0
5009 252.0
5010 384.0
5011 663.0
5012 266.0
5013 41.0
5014 147.0
5015 218.0
5016 257.0
5017 427.0
5018 249.0
5019 255.0
5020 245.0
5021 403.0
5022 275.0
5023 318.0
5024 351.0
5025 202.0
5026 275.0
5027 459.0
5028 0.0
5029 0.0
5030 51.0
5031 1.0
5032 249.0
5033 269.0
5034 343.0
5035 279.0
5036 290.0
5037 245.0
5038 266.0
5039 268.0
5040 32.0
5041 153.0
5042 256.0
5043 43.0
5044 0.0
5045 224.0
5046 255.0
5047 264.0
5048 271.0
5049 683.0
5050 282.0
5051 261.0
5052 459.0
5053 32.0
5054 261.0
5055 338.0
5056 668.0
5057 147.0
5058 106.0
5059 313.0
5060 0.0
5061 259.0
5062 303.0
5063 395.0
5064 274.0
5065 147.0
5066 211.0
5067 318.0
5068 186.0
5069 0.0
5070 296.0
5071 245.0
5072 395.0
5073 275.0
5074 320.0
5075 255.0
5076 240.0
5077 1.0
5078 664.0
5079 290.0
5080 260.0
5081 186.0
5082 278.0
5083 0.0
5084 276.0
5085 683.0
5086 248.0
5087 329.0
5088 335.0
5089 111.0
5090 279.0
5091 32.0
5092 153.0
5093 427.0
5094 235.0
5095 43.0
5096 69.0
5097 308.0
5098 188.0
5099 43.0
5100 683.0
