1 0.0
2 32.0
3 0.0
4 0.0
5 38.0
6 32.0
7 85.0
8 124.0
9 0.0
10 203.0
11 38.0
12 0.0
13 0.0
14 0.0
15 0.0
16 0.0
17 15.0
18 0.0
19 0.0
20 38.0
21 39.0
22 45.0
23 97.0
24 0.0
25 0.0
26 0.0
27 86.0
28 38.0
29 119.0
30 224.0
31 32.0
32 0.0
33 0.0
34 0.0
35 33.0
36 0.0
37 30.0
38 0.0
39 0.0
40 34.0
41 0.0
42 0.0
43 185.0
44 0.0
45 0.0
46 33.0
47 25.0
48 32.0
49 0.0
50 98.0
51 224.0
52 65.0
53 110.0
54 134.0
55 204.0
56 160.0
57 203.0
58 83.0
59 203.0
60 50.0
61 203.0
62 0.0
63 204.0
64 202.0
65 0.0
66 9.0
67 203.0
68 82.0
69 164.0
70 108.0
71 158.0
72 203.0
73 179.0
74 203.0
75 39.0
76 0.0
77 0.0
78 141.0
79 203.0
80 164.0
81 203.0
82 197.0
83 203.0
84 0.0
85 0.0
86 36.0
87 50.0
88 204.0
89 124.0
90 0.0
91 49.0
92 0.0
93 203.0
94 204.0
95 109.0
96 203.0
97 25.0
98 45.0
99 140.0
100 0.0
101 204.0
102 224.0
103 203.0
104 110.0
105 36.0
106 204.0
107 10.0
108 204.0
109 0.0
110 203.0
111 204.0
112 203.0
113 203.0
114 203.0
115 0.0
116 5.0
117 1.0
118 13.0
119 203.0
120 204.0
121 203.0
122 203.0
123 154.0
124 20.0
125 203.0
126 0.0
127 0.0
128 55.0
129 339.0
130 3.0
131 203.0
132 204.0
133 0.0
134 6.0
135 108.0
136 0.0
137 43.0
138 17.0
139 204.0
140 203.0
141 25.0
142 203.0
143 0.0
144 116.0
145 15.0
146 203.0
147 0.0
148 130.0
149 203.0
150 203.0
151 0.0
152 398.0
153 398.0
154 203.0
155 17.0
156 52.0
157 252.0
158 203.0
159 203.0
160 0.0
161 158.0
162 203.0
163 193.0
164 91.0
165 203.0
166 203.0
167 25.0
168 204.0
169 203.0
170 203.0
171 203.0
172 0.0
173 16.0
174 204.0
175 204.0
176 203.0
177 203.0
178 203.0
179 203.0
180 341.0
181 6.0
182 234.0
183 203.0
184 174.0
185 7.0
186 203.0
187 0.0
188 203.0
189 203.0
190 312.0
191 203.0
192 203.0
193 0.0
194 158.0
195 203.0
196 203.0
197 1.0
198 0.0
199 203.0
200 204.0
201 204.0
202 158.0
203 203.0
204 398.0
205 203.0
206 0.0
207 0.0
208 353.0
209 203.0
210 50.0
211 0.0
212 203.0
213 203.0
214 203.0
215 327.0
216 203.0
217 203.0
218 203.0
219 203.0
220 251.0
221 203.0
222 203.0
223 204.0
224 204.0
225 203.0
226 203.0
227 170.0
228 0.0
229 447.0
230 203.0
231 186.0
232 38.0
233 203.0
234 223.0
235 0.0
236 131.0
237 203.0
238 0.0
239 203.0
240 203.0
241 203.0
242 81.0
243 204.0
244 203.0
245 108.0
246 204.0
247 393.0
248 493.0
249 108.0
250 264.0
251 203.0
252 203.0
253 165.0
254 203.0
255 493.0
256 203.0
257 191.0
258 1.0
259 141.0
260 203.0
261 104.0
262 203.0
263 203.0
264 59.0
265 401.0
266 316.0
267 203.0
268 204.0
269 8.0
270 0.0
271 192.0
272 203.0
273 144.0
274 119.0
275 203.0
276 204.0
277 204.0
278 333.0
279 203.0
280 203.0
281 203.0
282 203.0
283 32.0
284 204.0
285 203.0
286 206.0
287 23.0
288 203.0
289 0.0
290 203.0
291 203.0
292 204.0
293 0.0
294 203.0
295 203.0
296 203.0
297 203.0
298 204.0
299 203.0
300 35.0
301 203.0
302 375.0
303 203.0
304 204.0
305 203.0
306 493.0
307 0.0
308 138.0
309 158.0
310 203.0
311 203.0
312 204.0
313 8.0
314 167.0
315 142.0
316 33.0
317 65.0
318 203.0
319 366.0
320 20.0
321 0.0
322 203.0
323 16.0
324 72.0
325 203.0
326 14.0
327 204.0
328 320.0
329 344.0
330 203.0
331 203.0
332 15.0
333 203.0
334 38.0
335 26.0
336 429.0
337 4.0
338 0.0
339 0.0
340 0.0
341 203.0
342 204.0
343 204.0
344 204.0
345 204.0
346 204.0
347 14.0
348 204.0
349 203.0
350 28.0
351 23.0
352 203.0
353 204.0
354 256.0
355 0.0
356 204.0
357 493.0
358 0.0
359 203.0
360 0.0
361 0.0
362 203.0
363 0.0
364 203.0
365 203.0
366 203.0
367 398.0
368 93.0
369 203.0
370 204.0
371 203.0
372 203.0
373 203.0
374 203.0
375 449.0
376 113.0
377 23.0
378 203.0
379 203.0
380 185.0
381 203.0
382 203.0
383 203.0
384 333.0
385 136.0
386 203.0
387 203.0
388 28.0
389 203.0
390 231.0
391 0.0
392 327.0
393 204.0
394 203.0
395 203.0
396 203.0
397 0.0
398 515.0
399 204.0
400 32.0
401 23.0
402 0.0
403 115.0
404 203.0
405 203.0
406 203.0
407 203.0
408 468.0
409 0.0
410 203.0
411 203.0
412 251.0
413 203.0
414 203.0
415 158.0
416 203.0
417 204.0
418 203.0
419 204.0
420 203.0
421 203.0
422 0.0
423 203.0
424 204.0
425 203.0
426 204.0
427 203.0
428 185.0
429 412.0
430 204.0
431 196.0
432 203.0
433 0.0
434 204.0
435 48.0
436 32.0
437 203.0
438 203.0
439 0.0
440 0.0
441 203.0
442 0.0
443 203.0
444 204.0
445 203.0
446 203.0
447 203.0
448 203.0
449 191.0
450 203.0
451 32.0
452 203.0
453 108.0
454 203.0
455 204.0
456 252.0
457 203.0
458 351.0
459 468.0
460 1.0
461 0.0
462 0.0
463 204.0
464 203.0
465 0.0
466 204.0
467 203.0
468 17.0
469 203.0
470 196.0
471 169.0
472 442.0
473 13.0
474 203.0
475 0.0
476 162.0
477 203.0
478 204.0
479 203.0
480 203.0
481 203.0
482 203.0
483 198.0
484 497.0
485 203.0
486 411.0
487 49.0
488 203.0
489 203.0
490 270.0
491 0.0
492 0.0
493 4.0
494 181.0
495 57.0
496 180.0
497 204.0
498 203.0
499 203.0
500 203.0
501 203.0
502 205.0
503 185.0
504 39.0
505 203.0
506 203.0
507 502.0
508 0.0
509 464.0
510 468.0
511 13.0
512 203.0
513 158.0
514 116.0
515 0.0
516 202.0
517 0.0
518 146.0
519 203.0
520 204.0
521 81.0
522 204.0
523 203.0
524 6.0
525 204.0
526 0.0
527 204.0
528 203.0
529 0.0
530 4.0
531 465.0
532 204.0
533 203.0
534 203.0
535 252.0
536 203.0
537 203.0
538 89.0
539 203.0
540 8.0
541 203.0
542 203.0
543 33.0
544 0.0
545 407.0
546 100.0
547 204.0
548 203.0
549 204.0
550 236.0
551 203.0
552 407.0
553 32.0
554 203.0
555 0.0
556 164.0
557 203.0
558 204.0
559 203.0
560 408.0
561 468.0
562 0.0
563 136.0
564 203.0
565 32.0
566 108.0
567 204.0
568 169.0
569 204.0
570 203.0
571 34.0
572 85.0
573 10.0
574 468.0
575 203.0
576 203.0
577 203.0
578 204.0
579 177.0
580 0.0
581 1.0
582 204.0
583 203.0
584 0.0
585 399.0
586 101.0
587 204.0
588 7.0
589 187.0
590 2.0
591 203.0
592 0.0
593 0.0
594 10.0
595 4.0
596 297.0
597 203.0
598 120.0
599 203.0
600 421.0
601 0.0
602 203.0
603 4.0
604 204.0
605 1.0
606 181.0
607 203.0
608 203.0
609 204.0
610 203.0
611 203.0
612 468.0
613 394.0
614 191.0
615 9.0
616 203.0
617 203.0
618 115.0
619 203.0
620 225.0
621 0.0
622 241.0
623 203.0
624 169.0
625 203.0
626 84.0
627 403.0
628 203.0
629 42.0
630 204.0
631 7.0
632 204.0
633 384.0
634 203.0
635 204.0
636 203.0
637 203.0
638 204.0
639 442.0
640 203.0
641 203.0
642 203.0
643 252.0
644 0.0
645 148.0
646 0.0
647 203.0
648 204.0
649 203.0
650 430.0
651 470.0
652 204.0
653 203.0
654 460.0
655 207.0
656 203.0
657 203.0
658 203.0
659 203.0
660 203.0
661 204.0
662 508.0
663 468.0
664 204.0
665 0.0
666 182.0
667 203.0
668 204.0
669 202.0
670 0.0
671 480.0
672 0.0
673 202.0
674 85.0
675 174.0
676 203.0
677 203.0
678 203.0
679 0.0
680 203.0
681 1.0
682 104.0
683 185.0
684 430.0
685 203.0
686 203.0
687 204.0
688 203.0
689 203.0
690 409.0
691 0.0
692 159.0
693 204.0
694 203.0
695 0.0
696 87.0
697 4.0
698 203.0
699 203.0
700 203.0
701 203.0
702 434.0
703 203.0
704 203.0
705 476.0
706 109.0
707 203.0
708 11.0
709 203.0
710 203.0
711 203.0
712 204.0
713 203.0
714 468.0
715 203.0
716 203.0
717 203.0
718 181.0
719 203.0
720 0.0
721 0.0
722 203.0
723 203.0
724 457.0
725 81.0
726 98.0
727 203.0
728 203.0
729 203.0
730 0.0
731 204.0
732 204.0
733 203.0
734 0.0
735 203.0
736 203.0
737 6.0
738 204.0
739 203.0
740 203.0
741 2.0
742 123.0
743 0.0
744 203.0
745 0.0
746 203.0
747 93.0
748 4.0
749 203.0
750 203.0
751 203.0
752 421.0
753 467.0
754 384.0
755 203.0
756 457.0
757 76.0
758 327.0
759 343.0
760 203.0
761 203.0
762 204.0
763 203.0
764 203.0
765 468.0
766 130.0
767 114.0
768 1.0
769 65.0
770 203.0
771 0.0
772 158.0
773 251.0
774 163.0
775 156.0
776 335.0
777 174.0
778 203.0
779 203.0
780 203.0
781 203.0
782 0.0
783 204.0
784 203.0
785 17.0
786 450.0
787 203.0
788 203.0
789 203.0
790 157.0
791 203.0
792 354.0
793 203.0
794 94.0
795 405.0
796 108.0
797 107.0
798 10.0
799 4.0
800 469.0
801 204.0
802 203.0
803 203.0
804 490.0
805 204.0
806 203.0
807 468.0
808 203.0
809 24.0
810 203.0
811 469.0
812 204.0
813 204.0
814 203.0
815 489.0
816 454.0
817 204.0
818 27.0
819 0.0
820 203.0
821 204.0
822 385.0
823 149.0
824 203.0
825 144.0
826 420.0
827 203.0
828 203.0
829 203.0
830 187.0
831 508.0
832 204.0
833 204.0
834 204.0
835 203.0
836 203.0
837 332.0
838 0.0
839 251.0
840 204.0
841 204.0
842 204.0
843 204.0
844 30.0
845 95.0
846 203.0
847 203.0
848 47.0
849 103.0
850 0.0
851 306.0
852 204.0
853 203.0
854 203.0
855 452.0
856 203.0
857 203.0
858 476.0
859 203.0
860 204.0
861 36.0
862 145.0
863 203.0
864 350.0
865 389.0
866 468.0
867 468.0
868 203.0
869 138.0
870 203.0
871 204.0
872 203.0
873 92.0
874 2.0
875 203.0
876 0.0
877 204.0
878 136.0
879 42.0
880 203.0
881 204.0
882 203.0
883 0.0
884 204.0
885 403.0
886 92.0
887 203.0
888 465.0
889 204.0
890 203.0
891 204.0
892 495.0
893 203.0
894 472.0
895 203.0
896 203.0
897 26.0
898 17.0
899 204.0
900 98.0
901 0.0
902 203.0
903 203.0
904 203.0
905 467.0
906 369.0
907 203.0
908 203.0
909 468.0
910 109.0
911 203.0
912 0.0
913 203.0
914 334.0
915 382.0
916 204.0
917 454.0
918 468.0
919 203.0
920 203.0
921 93.0
922 334.0
923 204.0
924 203.0
925 25.0
926 77.0
927 17.0
928 440.0
929 199.0
930 42.0
931 203.0
932 204.0
933 204.0
934 0.0
935 203.0
936 203.0
937 203.0
938 23.0
939 504.0
940 203.0
941 203.0
942 451.0
943 203.0
944 203.0
945 0.0
946 203.0
947 204.0
948 203.0
949 0.0
950 248.0
951 98.0
952 0.0
953 203.0
954 204.0
955 203.0
956 203.0
957 473.0
958 203.0
959 204.0
960 476.0
961 203.0
962 203.0
963 13.0
964 203.0
965 203.0
966 204.0
967 203.0
968 430.0
969 468.0
970 203.0
971 114.0
972 0.0
973 32.0
974 203.0
975 203.0
976 203.0
977 203.0
978 132.0
979 203.0
980 203.0
981 174.0
982 203.0
983 204.0
984 203.0
985 170.0
986 203.0
987 203.0
988 12.0
989 203.0
990 332.0
991 407.0
992 335.0
993 409.0
994 203.0
995 203.0
996 344.0
997 203.0
998 143.0
999 203.0
1000 199.0
1001 489.0
1002 203.0
1003 4.0
1004 2.0
1005 203.0
1006 203.0
1007 468.0
1008 475.0
1009 433.0
1010 465.0
1011 413.0
1012 203.0
1013 0.0
1014 203.0
1015 203.0
1016 204.0
1017 203.0
1018 204.0
1019 203.0
1020 468.0
1021 203.0
1022 203.0
1023 0.0
1024 32.0
1025 204.0
1026 92.0
1027 0.0
1028 203.0
1029 203.0
1030 203.0
1031 203.0
1032 475.0
1033 408.0
1034 204.0
1035 203.0
1036 0.0
1037 204.0
1038 239.0
1039 0.0
1040 191.0
1041 504.0
1042 63.0
1043 204.0
1044 457.0
1045 252.0
1046 204.0
1047 486.0
1048 68.0
1049 121.0
1050 305.0
1051 0.0
1052 251.0
1053 67.0
1054 0.0
1055 203.0
1056 113.0
1057 319.0
1058 203.0
1059 468.0
1060 203.0
1061 203.0
1062 476.0
1063 204.0
1064 144.0
1065 468.0
1066 393.0
1067 203.0
1068 434.0
1069 203.0
1070 203.0
1071 468.0
1072 203.0
1073 245.0
1074 183.0
1075 468.0
1076 203.0
1077 0.0
1078 203.0
1079 204.0
1080 0.0
1081 203.0
1082 106.0
1083 52.0
1084 203.0
1085 204.0
1086 203.0
1087 0.0
1088 203.0
1089 222.0
1090 98.0
1091 0.0
1092 385.0
1093 203.0
1094 136.0
1095 204.0
1096 203.0
1097 203.0
1098 0.0
1099 251.0
1100 121.0
1101 203.0
1102 0.0
1103 203.0
1104 98.0
1105 0.0
1106 203.0
1107 33.0
1108 204.0
1109 468.0
1110 431.0
1111 203.0
1112 203.0
1113 316.0
1114 30.0
1115 204.0
1116 203.0
1117 372.0
1118 203.0
1119 465.0
1120 203.0
1121 489.0
1122 468.0
1123 203.0
1124 203.0
1125 40.0
1126 0.0
1127 444.0
1128 0.0
1129 191.0
1130 203.0
1131 175.0
1132 468.0
1133 328.0
1134 203.0
1135 251.0
1136 204.0
1137 203.0
1138 204.0
1139 130.0
1140 461.0
1141 203.0
1142 12.0
1143 430.0
1144 203.0
1145 203.0
1146 463.0
1147 203.0
1148 204.0
1149 486.0
1150 109.0
1151 154.0
1152 203.0
1153 165.0
1154 203.0
1155 93.0
1156 0.0
1157 42.0
1158 203.0
1159 203.0
1160 467.0
1161 470.0
1162 203.0
1163 463.0
1164 475.0
1165 203.0
1166 203.0
1167 203.0
1168 203.0
1169 388.0
1170 467.0
1171 431.0
1172 511.0
1173 468.0
1174 203.0
1175 251.0
1176 203.0
1177 204.0
1178 203.0
1179 203.0
1180 0.0
1181 203.0
1182 204.0
1183 157.0
1184 203.0
1185 203.0
1186 4.0
1187 204.0
1188 203.0
1189 145.0
1190 203.0
1191 203.0
1192 5.0
1193 164.0
1194 419.0
1195 204.0
1196 203.0
1197 203.0
1198 366.0
1199 203.0
1200 344.0
1201 203.0
1202 30.0
1203 203.0
1204 203.0
1205 203.0
1206 203.0
1207 0.0
1208 171.0
1209 203.0
1210 203.0
1211 467.0
1212 467.0
1213 203.0
1214 465.0
1215 316.0
1216 32.0
1217 0.0
1218 203.0
1219 203.0
1220 203.0
1221 204.0
1222 204.0
1223 468.0
1224 468.0
1225 203.0
1226 204.0
1227 0.0
1228 203.0
1229 452.0
1230 0.0
1231 11.0
1232 203.0
1233 17.0
1234 202.0
1235 413.0
1236 203.0
1237 203.0
1238 203.0
1239 203.0
1240 33.0
1241 203.0
1242 365.0
1243 152.0
1244 203.0
1245 468.0
1246 15.0
1247 203.0
1248 410.0
1249 203.0
1250 203.0
1251 203.0
1252 203.0
1253 203.0
1254 203.0
1255 0.0
1256 203.0
1257 98.0
1258 0.0
1259 320.0
1260 185.0
1261 203.0
1262 496.0
1263 467.0
1264 203.0
1265 387.0
1266 476.0
1267 32.0
1268 203.0
1269 13.0
1270 203.0
1271 468.0
1272 204.0
1273 204.0
1274 203.0
1275 468.0
1276 503.0
1277 204.0
1278 39.0
1279 203.0
1280 465.0
1281 0.0
1282 14.0
1283 391.0
1284 28.0
1285 203.0
1286 189.0
1287 203.0
1288 203.0
1289 203.0
1290 508.0
1291 186.0
1292 196.0
1293 203.0
1294 202.0
1295 0.0
1296 452.0
1297 204.0
1298 14.0
1299 204.0
1300 407.0
1301 0.0
1302 0.0
1303 200.0
1304 98.0
1305 203.0
1306 203.0
1307 438.0
1308 98.0
1309 0.0
1310 203.0
1311 164.0
1312 204.0
1313 468.0
1314 425.0
1315 204.0
1316 203.0
1317 476.0
1318 232.0
1319 191.0
1320 23.0
1321 203.0
1322 203.0
1323 468.0
1324 203.0
1325 468.0
1326 468.0
1327 203.0
1328 203.0
1329 95.0
1330 143.0
1331 468.0
1332 0.0
1333 93.0
1334 203.0
1335 204.0
1336 99.0
1337 203.0
1338 385.0
1339 204.0
1340 204.0
1341 203.0
1342 203.0
1343 203.0
1344 203.0
1345 203.0
1346 0.0
1347 385.0
1348 203.0
1349 203.0
1350 430.0
1351 203.0
1352 0.0
1353 460.0
1354 204.0
1355 203.0
1356 448.0
1357 19.0
1358 203.0
1359 98.0
1360 0.0
1361 203.0
1362 0.0
1363 203.0
1364 468.0
1365 447.0
1366 204.0
1367 452.0
1368 442.0
1369 32.0
1370 203.0
1371 203.0
1372 203.0
1373 203.0
1374 105.0
1375 203.0
1376 203.0
1377 468.0
1378 203.0
1379 204.0
1380 0.0
1381 204.0
1382 387.0
1383 153.0
1384 9.0
1385 69.0
1386 203.0
1387 147.0
1388 277.0
1389 203.0
1390 185.0
1391 203.0
1392 475.0
1393 203.0
1394 203.0
1395 2.0
1396 22.0
1397 0.0
1398 461.0
1399 203.0
1400 0.0
1401 432.0
1402 203.0
1403 204.0
1404 475.0
1405 203.0
1406 0.0
1407 204.0
1408 486.0
1409 203.0
1410 103.0
1411 0.0
1412 190.0
1413 0.0
1414 388.0
1415 468.0
1416 462.0
1417 203.0
1418 468.0
1419 476.0
1420 0.0
1421 220.0
1422 203.0
1423 289.0
1424 203.0
1425 50.0
1426 444.0
1427 203.0
1428 468.0
1429 383.0
1430 203.0
1431 197.0
1432 203.0
1433 387.0
1434 203.0
1435 0.0
1436 203.0
1437 203.0
1438 203.0
1439 177.0
1440 98.0
1441 203.0
1442 204.0
1443 203.0
1444 0.0
1445 203.0
1446 212.0
1447 35.0
1448 0.0
1449 431.0
1450 203.0
1451 203.0
1452 472.0
1453 204.0
1454 204.0
1455 203.0
1456 203.0
1457 203.0
1458 203.0
1459 203.0
1460 203.0
1461 98.0
1462 0.0
1463 203.0
1464 181.0
1465 203.0
1466 467.0
1467 337.0
1468 158.0
1469 468.0
1470 316.0
1471 325.0
1472 203.0
1473 203.0
1474 203.0
1475 203.0
1476 203.0
1477 203.0
1478 468.0
1479 468.0
1480 203.0
1481 203.0
1482 197.0
1483 203.0
1484 467.0
1485 203.0
1486 25.0
1487 203.0
1488 204.0
1489 203.0
1490 317.0
1491 169.0
1492 179.0
1493 203.0
1494 350.0
1495 192.0
1496 196.0
1497 415.0
1498 203.0
1499 203.0
1500 452.0
1501 462.0
1502 203.0
1503 204.0
1504 252.0
1505 204.0
1506 354.0
1507 204.0
1508 93.0
1509 203.0
1510 204.0
1511 331.0
1512 103.0
1513 0.0
1514 203.0
1515 185.0
1516 204.0
1517 496.0
1518 475.0
1519 203.0
1520 203.0
1521 507.0
1522 251.0
1523 203.0
1524 204.0
1525 203.0
1526 375.0
1527 203.0
1528 468.0
1529 468.0
1530 468.0
1531 203.0
1532 394.0
1533 0.0
1534 203.0
1535 204.0
1536 203.0
1537 158.0
1538 203.0
1539 203.0
1540 454.0
1541 279.0
1542 203.0
1543 203.0
1544 204.0
1545 403.0
1546 203.0
1547 203.0
1548 203.0
1549 203.0
1550 191.0
1551 472.0
1552 5.0
1553 203.0
1554 203.0
1555 203.0
1556 203.0
1557 501.0
1558 203.0
1559 98.0
1560 204.0
1561 330.0
1562 443.0
1563 103.0
1564 0.0
1565 203.0
1566 0.0
1567 203.0
1568 452.0
1569 431.0
1570 0.0
1571 452.0
1572 460.0
1573 203.0
1574 12.0
1575 203.0
1576 203.0
1577 454.0
1578 203.0
1579 204.0
1580 511.0
1581 468.0
1582 203.0
1583 25.0
1584 203.0
1585 332.0
1586 468.0
1587 204.0
1588 0.0
1589 203.0
1590 204.0
1591 204.0
1592 203.0
1593 204.0
1594 164.0
1595 203.0
1596 475.0
1597 251.0
1598 203.0
1599 0.0
1600 177.0
1601 0.0
1602 332.0
1603 203.0
1604 0.0
1605 457.0
1606 204.0
1607 203.0
1608 475.0
1609 198.0
1610 143.0
1611 483.0
1612 203.0
1613 452.0
1614 98.0
1615 0.0
1616 203.0
1617 0.0
1618 454.0
1619 444.0
1620 204.0
1621 191.0
1622 468.0
1623 468.0
1624 203.0
1625 204.0
1626 463.0
1627 203.0
1628 468.0
1629 203.0
1630 452.0
1631 452.0
1632 451.0
1633 203.0
1634 203.0
1635 175.0
1636 486.0
1637 426.0
1638 460.0
1639 0.0
1640 203.0
1641 203.0
1642 507.0
1643 280.0
1644 143.0
1645 203.0
1646 204.0
1647 203.0
1648 0.0
1649 203.0
1650 203.0
1651 202.0
1652 203.0
1653 203.0
1654 416.0
1655 204.0
1656 465.0
1657 203.0
1658 204.0
1659 513.0
1660 414.0
1661 203.0
1662 454.0
1663 203.0
1664 203.0
1665 103.0
1666 0.0
1667 204.0
1668 115.0
1669 444.0
1670 458.0
1671 490.0
1672 0.0
1673 468.0
1674 316.0
1675 251.0
1676 203.0
1677 453.0
1678 203.0
1679 415.0
1680 502.0
1681 203.0
1682 468.0
1683 468.0
1684 130.0
1685 204.0
1686 6.0
1687 203.0
1688 444.0
1689 503.0
1690 158.0
1691 203.0
1692 204.0
1693 204.0
1694 192.0
1695 203.0
1696 203.0
1697 204.0
1698 203.0
1699 203.0
1700 203.0
1701 203.0
1702 345.0
1703 191.0
1704 456.0
1705 203.0
1706 148.0
1707 420.0
1708 25.0
1709 204.0
1710 456.0
1711 235.0
1712 203.0
1713 387.0
1714 203.0
1715 203.0
1716 103.0
1717 0.0
1718 203.0
1719 0.0
1720 468.0
1721 203.0
1722 451.0
1723 153.0
1724 452.0
1725 468.0
1726 203.0
1727 203.0
1728 203.0
1729 203.0
1730 470.0
1731 203.0
1732 440.0
1733 468.0
1734 468.0
1735 203.0
1736 203.0
1737 61.0
1738 451.0
1739 387.0
1740 203.0
1741 25.0
1742 449.0
1743 204.0
1744 203.0
1745 203.0
1746 452.0
1747 191.0
1748 203.0
1749 451.0
1750 204.0
1751 203.0
1752 0.0
1753 113.0
1754 203.0
1755 385.0
1756 204.0
1757 203.0
1758 203.0
1759 345.0
1760 204.0
1761 454.0
1762 185.0
1763 171.0
1764 204.0
1765 203.0
1766 203.0
1767 98.0
1768 0.0
1769 203.0
1770 0.0
1771 468.0
1772 203.0
1773 425.0
1774 191.0
1775 452.0
1776 442.0
1777 29.0
1778 110.0
1779 351.0
1780 203.0
1781 388.0
1782 203.0
1783 509.0
1784 508.0
1785 468.0
1786 203.0
1787 204.0
1788 45.0
1789 506.0
1790 452.0
1791 468.0
1792 164.0
1793 203.0
1794 203.0
1795 203.0
1796 203.0
1797 203.0
1798 203.0
1799 203.0
1800 462.0
1801 33.0
1802 203.0
1803 0.0
1804 144.0
1805 6.0
1806 363.0
1807 204.0
1808 251.0
1809 468.0
1810 203.0
1811 203.0
1812 509.0
1813 109.0
1814 203.0
1815 203.0
1816 203.0
1817 397.0
1818 98.0
1819 0.0
1820 168.0
1821 0.0
1822 468.0
1823 468.0
1824 467.0
1825 1.0
1826 452.0
1827 402.0
1828 203.0
1829 63.0
1830 39.0
1831 203.0
1832 503.0
1833 502.0
1834 454.0
1835 447.0
1836 468.0
1837 203.0
1838 204.0
1839 175.0
1840 468.0
1841 468.0
1842 203.0
1843 0.0
1844 203.0
1845 480.0
1846 203.0
1847 203.0
1848 203.0
1849 2.0
1850 116.0
1851 203.0
1852 204.0
1853 203.0
1854 110.0
1855 203.0
1856 0.0
1857 385.0
1858 446.0
1859 203.0
1860 430.0
1861 410.0
1862 203.0
1863 475.0
1864 26.0
1865 204.0
1866 204.0
1867 465.0
1868 203.0
1869 203.0
1870 0.0
1871 204.0
1872 0.0
1873 468.0
1874 467.0
1875 490.0
1876 158.0
1877 468.0
1878 460.0
1879 203.0
1880 165.0
1881 7.0
1882 382.0
1883 204.0
1884 203.0
1885 468.0
1886 454.0
1887 468.0
1888 38.0
1889 204.0
1890 0.0
1891 468.0
1892 465.0
1893 203.0
1894 0.0
1895 203.0
1896 204.0
1897 204.0
1898 111.0
1899 204.0
1900 185.0
1901 203.0
1902 442.0
1903 203.0
1904 203.0
1905 110.0
1906 345.0
1907 0.0
1908 450.0
1909 446.0
1910 353.0
1911 472.0
1912 203.0
1913 203.0
1914 343.0
1915 203.0
1916 171.0
1917 442.0
1918 203.0
1919 203.0
1920 203.0
1921 0.0
1922 203.0
1923 0.0
1924 447.0
1925 444.0
1926 451.0
1927 191.0
1928 468.0
1929 468.0
1930 29.0
1931 175.0
1932 7.0
1933 337.0
1934 203.0
1935 203.0
1936 468.0
1937 468.0
1938 454.0
1939 203.0
1940 204.0
1941 107.0
1942 497.0
1943 387.0
1944 204.0
1945 158.0
1946 204.0
1947 204.0
1948 204.0
1949 203.0
1950 452.0
1951 203.0
1952 181.0
1953 352.0
1954 0.0
1955 203.0
1956 154.0
1957 177.0
1958 8.0
1959 385.0
1960 410.0
1961 203.0
1962 465.0
1963 204.0
1964 203.0
1965 460.0
1966 154.0
1967 93.0
1968 203.0
1969 203.0
1970 203.0
1971 98.0
1972 0.0
1973 204.0
1974 0.0
1975 468.0
1976 203.0
1977 452.0
1978 0.0
1979 452.0
1980 316.0
1981 32.0
1982 0.0
1983 185.0
1984 203.0
1985 203.0
1986 204.0
1987 509.0
1988 467.0
1989 468.0
1990 203.0
1991 203.0
1992 49.0
1993 392.0
1994 468.0
1995 203.0
1996 0.0
1997 203.0
1998 468.0
1999 468.0
2000 280.0
2001 203.0
2002 203.0
2003 203.0
2004 449.0
2005 0.0
2006 196.0
2007 0.0
2008 2.0
2009 0.0
2010 392.0
2011 203.0
2012 429.0
2013 457.0
2014 203.0
2015 203.0
2016 392.0
2017 203.0
2018 203.0
2019 204.0
2020 384.0
2021 203.0
2022 10.0
2023 0.0
2024 203.0
2025 0.0
2026 468.0
2027 468.0
2028 470.0
2029 153.0
2030 468.0
2031 203.0
2032 251.0
2033 0.0
2034 7.0
2035 203.0
2036 454.0
2037 203.0
2038 468.0
2039 203.0
2040 468.0
2041 389.0
2042 539.0
2043 1.0
2044 468.0
2045 444.0
2046 424.0
2047 203.0
2048 203.0
2049 468.0
2050 460.0
2051 203.0
2052 203.0
2053 203.0
2054 203.0
2055 203.0
2056 203.0
2057 203.0
2058 0.0
2059 203.0
2060 0.0
2061 444.0
2062 448.0
2063 203.0
2064 203.0
2065 203.0
2066 0.0
2067 460.0
2068 203.0
2069 203.0
2070 468.0
2071 204.0
2072 203.0
2073 8.0
2074 0.0
2075 204.0
2076 0.0
2077 203.0
2078 469.0
2079 473.0
2080 191.0
2081 468.0
2082 468.0
2083 203.0
2084 187.0
2085 9.0
2086 204.0
2087 415.0
2088 457.0
2089 464.0
2090 203.0
2091 452.0
2092 124.0
2093 204.0
2094 0.0
2095 203.0
2096 452.0
2097 444.0
2098 158.0
2099 444.0
2100 325.0
2101 468.0
2102 203.0
2103 475.0
2104 203.0
2105 203.0
2106 475.0
2107 191.0
2108 196.0
2109 154.0
2110 202.0
2111 0.0
2112 385.0
2113 505.0
2114 203.0
2115 204.0
2116 410.0
2117 203.0
2118 418.0
2119 393.0
2120 203.0
2121 457.0
2122 438.0
2123 204.0
2124 99.0
2125 0.0
2126 273.0
2127 0.0
2128 457.0
2129 355.0
2130 428.0
2131 14.0
2132 403.0
2133 332.0
2134 73.0
2135 0.0
2136 90.0
2137 203.0
2138 203.0
2139 203.0
2140 449.0
2141 465.0
2142 452.0
2143 203.0
2144 203.0
2145 175.0
2146 468.0
2147 387.0
2148 203.0
2149 158.0
2150 203.0
2151 475.0
2152 456.0
2153 393.0
2154 203.0
2155 203.0
2156 203.0
2157 339.0
2158 0.0
2159 203.0
2160 204.0
2161 203.0
2162 204.0
2163 363.0
2164 350.0
2165 203.0
2166 203.0
2167 204.0
2168 175.0
2169 437.0
2170 203.0
2171 143.0
2172 483.0
2173 384.0
2174 203.0
2175 93.0
2176 0.0
2177 203.0
2178 0.0
2179 203.0
2180 203.0
2181 203.0
2182 203.0
2183 468.0
2184 332.0
2185 203.0
2186 0.0
2187 203.0
2188 203.0
2189 203.0
2190 203.0
2191 204.0
2192 452.0
2193 452.0
2194 203.0
2195 203.0
2196 203.0
2197 392.0
2198 387.0
2199 311.0
2200 0.0
2201 203.0
2202 393.0
2203 309.0
2204 203.0
2205 468.0
2206 203.0
2207 203.0
2208 410.0
2209 204.0
2210 103.0
2211 0.0
2212 7.0
2213 6.0
2214 450.0
2215 422.0
2216 203.0
2217 204.0
2218 204.0
2219 203.0
2220 496.0
2221 203.0
2222 203.0
2223 483.0
2224 203.0
2225 397.0
2226 434.0
2227 0.0
2228 354.0
2229 0.0
2230 203.0
2231 203.0
2232 203.0
2233 203.0
2234 204.0
2235 204.0
2236 177.0
2237 163.0
2238 0.0
2239 463.0
2240 501.0
2241 203.0
2242 204.0
2243 468.0
2244 452.0
2245 354.0
2246 438.0
2247 6.0
2248 506.0
2249 465.0
2250 464.0
2251 92.0
2252 203.0
2253 204.0
2254 465.0
2255 186.0
2256 470.0
2257 203.0
2258 203.0
2259 203.0
2260 475.0
2261 203.0
2262 458.0
2263 203.0
2264 0.0
2265 465.0
2266 384.0
2267 203.0
2268 204.0
2269 471.0
2270 203.0
2271 417.0
2272 203.0
2273 204.0
2274 465.0
2275 203.0
2276 204.0
2277 103.0
2278 0.0
2279 312.0
2280 0.0
2281 203.0
2282 421.0
2283 462.0
2284 203.0
2285 204.0
2286 48.0
2287 32.0
2288 203.0
2289 204.0
2290 203.0
2291 493.0
2292 203.0
2293 203.0
2294 430.0
2295 452.0
2296 156.0
2297 454.0
2298 0.0
2299 203.0
2300 452.0
2301 203.0
2302 203.0
2303 203.0
2304 452.0
2305 415.0
2306 356.0
2307 203.0
2308 203.0
2309 203.0
2310 203.0
2311 410.0
2312 204.0
2313 203.0
2314 203.0
2315 203.0
2316 403.0
2317 410.0
2318 203.0
2319 432.0
2320 463.0
2321 203.0
2322 332.0
2323 203.0
2324 203.0
2325 466.0
2326 204.0
2327 406.0
2328 0.0
2329 0.0
2330 287.0
2331 0.0
2332 468.0
2333 496.0
2334 203.0
2335 137.0
2336 452.0
2337 484.0
2338 32.0
2339 0.0
2340 90.0
2341 203.0
2342 403.0
2343 441.0
2344 203.0
2345 203.0
2346 452.0
2347 124.0
2348 204.0
2349 204.0
2350 332.0
2351 452.0
2352 203.0
2353 203.0
2354 204.0
2355 393.0
2356 203.0
2357 203.0
2358 203.0
2359 203.0
2360 203.0
2361 412.0
2362 203.0
2363 203.0
2364 0.0
2365 202.0
2366 0.0
2367 403.0
2368 203.0
2369 203.0
2370 203.0
2371 204.0
2372 203.0
2373 454.0
2374 463.0
2375 203.0
2376 409.0
2377 380.0
2378 397.0
2379 38.0
2380 0.0
2381 203.0
2382 0.0
2383 452.0
2384 203.0
2385 431.0
2386 203.0
2387 468.0
2388 350.0
2389 203.0
2390 185.0
2391 39.0
2392 203.0
2393 457.0
2394 203.0
2395 203.0
2396 440.0
2397 452.0
2398 204.0
2399 447.0
2400 203.0
2401 468.0
2402 444.0
2403 203.0
2404 0.0
2405 203.0
2406 411.0
2407 311.0
2408 203.0
2409 203.0
2410 203.0
2411 204.0
2412 457.0
2413 203.0
2414 203.0
2415 0.0
2416 203.0
2417 0.0
2418 204.0
2419 445.0
2420 203.0
2421 410.0
2422 204.0
2423 130.0
2424 455.0
2425 204.0
2426 204.0
2427 483.0
2428 203.0
2429 203.0
2430 4.0
2431 0.0
2432 203.0
2433 0.0
2434 447.0
2435 203.0
2436 333.0
2437 203.0
2438 204.0
2439 203.0
2440 204.0
2441 165.0
2442 203.0
2443 473.0
2444 478.0
2445 203.0
2446 204.0
2447 203.0
2448 452.0
2449 487.0
2450 452.0
2451 344.0
2452 332.0
2453 452.0
2454 203.0
2455 0.0
2456 457.0
2457 393.0
2458 203.0
2459 180.0
2460 298.0
2461 203.0
2462 203.0
2463 457.0
2464 203.0
2465 203.0
2466 203.0
2467 203.0
2468 203.0
2469 392.0
2470 466.0
2471 444.0
2472 203.0
2473 171.0
2474 204.0
2475 460.0
2476 414.0
2477 204.0
2478 442.0
2479 203.0
2480 470.0
2481 6.0
2482 0.0
2483 203.0
2484 0.0
2485 203.0
2486 468.0
2487 332.0
2488 203.0
2489 203.0
2490 48.0
2491 203.0
2492 15.0
2493 203.0
2494 203.0
2495 466.0
2496 457.0
2497 203.0
2498 204.0
2499 452.0
2500 38.0
2501 204.0
2502 0.0
2503 332.0
2504 387.0
2505 311.0
2506 204.0
2507 203.0
2508 452.0
2509 460.0
2510 106.0
2511 174.0
2512 203.0
2513 204.0
2514 203.0
2515 111.0
2516 149.0
2517 203.0
2518 199.0
2519 0.0
2520 363.0
2521 204.0
2522 452.0
2523 203.0
2524 203.0
2525 204.0
2526 456.0
2527 203.0
2528 203.0
2529 483.0
2530 311.0
2531 489.0
2532 104.0
2533 0.0
2534 203.0
2535 0.0
2536 203.0
2537 467.0
2538 462.0
2539 203.0
2540 468.0
2541 350.0
2542 203.0
2543 0.0
2544 203.0
2545 203.0
2546 470.0
2547 203.0
2548 431.0
2549 203.0
2550 452.0
2551 203.0
2552 204.0
2553 203.0
2554 475.0
2555 465.0
2556 203.0
2557 203.0
2558 203.0
2559 204.0
2560 309.0
2561 203.0
2562 174.0
2563 203.0
2564 203.0
2565 203.0
2566 404.0
2567 203.0
2568 7.0
2569 2.0
2570 203.0
2571 203.0
2572 420.0
2573 203.0
2574 203.0
2575 203.0
2576 25.0
2577 496.0
2578 253.0
2579 203.0
2580 204.0
2581 437.0
2582 390.0
2583 103.0
2584 0.0
2585 203.0
2586 0.0
2587 204.0
2588 467.0
2589 467.0
2590 203.0
2591 452.0
2592 481.0
2593 204.0
2594 121.0
2595 451.0
2596 203.0
2597 503.0
2598 341.0
2599 468.0
2600 407.0
2601 452.0
2602 40.0
2603 412.0
2604 203.0
2605 468.0
2606 431.0
2607 203.0
2608 17.0
2609 0.0
2610 204.0
2611 203.0
2612 316.0
2613 203.0
2614 203.0
2615 203.0
2616 155.0
2617 203.0
2618 203.0
2619 4.0
2620 12.0
2621 204.0
2622 463.0
2623 465.0
2624 457.0
2625 203.0
2626 203.0
2627 452.0
2628 504.0
2629 7.0
2630 441.0
2631 204.0
2632 203.0
2633 203.0
2634 103.0
2635 0.0
2636 203.0
2637 0.0
2638 452.0
2639 204.0
2640 337.0
2641 428.0
2642 502.0
2643 203.0
2644 204.0
2645 203.0
2646 203.0
2647 332.0
2648 464.0
2649 203.0
2650 204.0
2651 204.0
2652 452.0
2653 203.0
2654 452.0
2655 203.0
2656 506.0
2657 468.0
2658 452.0
2659 0.0
2660 203.0
2661 204.0
2662 460.0
2663 203.0
2664 94.0
2665 203.0
2666 88.0
2667 422.0
2668 203.0
2669 196.0
2670 203.0
2671 198.0
2672 0.0
2673 203.0
2674 470.0
2675 251.0
2676 331.0
2677 203.0
2678 203.0
2679 455.0
2680 7.0
2681 204.0
2682 465.0
2683 417.0
2684 479.0
2685 103.0
2686 0.0
2687 402.0
2688 0.0
2689 203.0
2690 431.0
2691 332.0
2692 203.0
2693 452.0
2694 460.0
2695 101.0
2696 0.0
2697 203.0
2698 465.0
2699 386.0
2700 10.0
2701 204.0
2702 203.0
2703 452.0
2704 203.0
2705 332.0
2706 203.0
2707 357.0
2708 444.0
2709 311.0
2710 7.0
2711 203.0
2712 309.0
2713 394.0
2714 168.0
2715 472.0
2716 482.0
2717 203.0
2718 455.0
2719 203.0
2720 203.0
2721 203.0
2722 312.0
2723 191.0
2724 464.0
2725 468.0
2726 203.0
2727 331.0
2728 203.0
2729 204.0
2730 452.0
2731 7.0
2732 474.0
2733 483.0
2734 203.0
2735 203.0
2736 98.0
2737 0.0
2738 203.0
2739 0.0
2740 203.0
2741 467.0
2742 490.0
2743 204.0
2744 468.0
2745 464.0
2746 203.0
2747 203.0
2748 411.0
2749 204.0
2750 203.0
2751 203.0
2752 203.0
2753 3.0
2754 452.0
2755 446.0
2756 204.0
2757 145.0
2758 332.0
2759 464.0
2760 503.0
2761 168.0
2762 137.0
2763 475.0
2764 468.0
2765 203.0
2766 203.0
2767 472.0
2768 203.0
2769 386.0
2770 203.0
2771 203.0
2772 456.0
2773 12.0
2774 203.0
2775 203.0
2776 203.0
2777 203.0
2778 430.0
2779 163.0
2780 203.0
2781 452.0
2782 203.0
2783 203.0
2784 465.0
2785 181.0
2786 397.0
2787 148.0
2788 0.0
2789 203.0
2790 0.0
2791 204.0
2792 468.0
2793 467.0
2794 17.0
2795 452.0
2796 468.0
2797 204.0
2798 203.0
2799 506.0
2800 395.0
2801 203.0
2802 203.0
2803 204.0
2804 203.0
2805 452.0
2806 203.0
2807 452.0
2808 203.0
2809 468.0
2810 492.0
2811 203.0
2812 0.0
2813 204.0
2814 475.0
2815 447.0
2816 316.0
2817 203.0
2818 204.0
2819 203.0
2820 383.0
2821 203.0
2822 203.0
2823 390.0
2824 104.0
2825 203.0
2826 203.0
2827 445.0
2828 411.0
2829 203.0
2830 484.0
2831 203.0
2832 350.0
2833 414.0
2834 204.0
2835 442.0
2836 452.0
2837 428.0
2838 203.0
2839 0.0
2840 330.0
2841 0.0
2842 387.0
2843 203.0
2844 431.0
2845 203.0
2846 403.0
2847 460.0
2848 32.0
2849 204.0
2850 203.0
2851 204.0
2852 452.0
2853 204.0
2854 204.0
2855 511.0
2856 452.0
2857 203.0
2858 452.0
2859 203.0
2860 506.0
2861 493.0
2862 336.0
2863 169.0
2864 203.0
2865 468.0
2866 454.0
2867 220.0
2868 203.0
2869 468.0
2870 203.0
2871 203.0
2872 143.0
2873 203.0
2874 203.0
2875 198.0
2876 203.0
2877 203.0
2878 445.0
2879 238.0
2880 424.0
2881 203.0
2882 203.0
2883 437.0
2884 414.0
2885 184.0
2886 456.0
2887 265.0
2888 428.0
2889 103.0
2890 0.0
2891 203.0
2892 0.0
2893 203.0
2894 468.0
2895 337.0
2896 185.0
2897 468.0
2898 468.0
2899 76.0
2900 203.0
2901 203.0
2902 463.0
2903 385.0
2904 0.0
2905 203.0
2906 204.0
2907 452.0
2908 203.0
2909 452.0
2910 1.0
2911 203.0
2912 468.0
2913 448.0
2914 143.0
2915 454.0
2916 468.0
2917 444.0
2918 249.0
2919 174.0
2920 505.0
2921 203.0
2922 203.0
2923 204.0
2924 203.0
2925 385.0
2926 203.0
2927 191.0
2928 203.0
2929 501.0
2930 203.0
2931 203.0
2932 509.0
2933 203.0
2934 417.0
2935 7.0
2936 324.0
2937 203.0
2938 203.0
2939 444.0
2940 144.0
2941 0.0
2942 402.0
2943 203.0
2944 204.0
2945 442.0
2946 332.0
2947 0.0
2948 452.0
2949 387.0
2950 203.0
2951 203.0
2952 57.0
2953 472.0
2954 507.0
2955 466.0
2956 165.0
2957 439.0
2958 452.0
2959 203.0
2960 332.0
2961 0.0
2962 387.0
2963 452.0
2964 311.0
2965 203.0
2966 203.0
2967 452.0
2968 468.0
2969 67.0
2970 169.0
2971 431.0
2972 203.0
2973 410.0
2974 203.0
2975 203.0
2976 455.0
2977 203.0
2978 389.0
2979 204.0
2980 332.0
2981 203.0
2982 204.0
2983 203.0
2984 203.0
2985 454.0
2986 203.0
2987 2.0
2988 397.0
2989 129.0
2990 452.0
2991 104.0
2992 0.0
2993 154.0
2994 0.0
2995 203.0
2996 452.0
2997 519.0
2998 1.0
2999 452.0
3000 452.0
3001 203.0
3002 203.0
3003 540.0
3004 415.0
3005 203.0
3006 203.0
3007 203.0
3008 3.0
3009 451.0
3010 203.0
3011 468.0
3012 203.0
3013 392.0
3014 442.0
3015 203.0
3016 47.0
3017 203.0
3018 203.0
3019 204.0
3020 394.0
3021 169.0
3022 509.0
3023 203.0
3024 475.0
3025 203.0
3026 169.0
3027 203.0
3028 202.0
3029 225.0
3030 204.0
3031 203.0
3032 203.0
3033 203.0
3034 251.0
3035 203.0
3036 204.0
3037 203.0
3038 204.0
3039 203.0
3040 26.0
3041 469.0
3042 203.0
3043 0.0
3044 203.0
3045 70.0
3046 203.0
3047 203.0
3048 452.0
3049 203.0
3050 466.0
3051 203.0
3052 32.0
3053 167.0
3054 0.0
3055 469.0
3056 452.0
3057 203.0
3058 203.0
3059 6.0
3060 460.0
3061 411.0
3062 309.0
3063 47.0
3064 204.0
3065 203.0
3066 453.0
3067 204.0
3068 203.0
3069 462.0
3070 204.0
3071 204.0
3072 185.0
3073 204.0
3074 204.0
3075 203.0
3076 203.0
3077 203.0
3078 204.0
3079 203.0
3080 203.0
3081 203.0
3082 203.0
3083 203.0
3084 148.0
3085 203.0
3086 368.0
3087 203.0
3088 333.0
3089 204.0
3090 203.0
3091 16.0
3092 397.0
3093 126.0
3094 0.0
3095 203.0
3096 0.0
3097 203.0
3098 421.0
3099 392.0
3100 191.0
3101 509.0
3102 460.0
3103 93.0
3104 203.0
3105 0.0
3106 204.0
3107 332.0
3108 63.0
3109 185.0
3110 0.0
3111 460.0
3112 203.0
3113 204.0
3114 39.0
3115 203.0
3116 204.0
3117 203.0
3118 203.0
3119 447.0
3120 203.0
3121 203.0
3122 333.0
3123 191.0
3124 431.0
3125 203.0
3126 380.0
3127 251.0
3128 203.0
3129 203.0
3130 203.0
3131 203.0
3132 203.0
3133 392.0
3134 203.0
3135 203.0
3136 448.0
3137 203.0
3138 437.0
3139 203.0
3140 203.0
3141 467.0
3142 61.0
3143 203.0
3144 98.0
3145 0.0
3146 203.0
3147 204.0
3148 203.0
3149 203.0
3150 464.0
3151 1.0
3152 452.0
3153 504.0
3154 203.0
3155 203.0
3156 137.0
3157 482.0
3158 332.0
3159 203.0
3160 203.0
3161 32.0
3162 451.0
3163 203.0
3164 454.0
3165 67.0
3166 468.0
3167 203.0
3168 7.0
3169 277.0
3170 435.0
3171 203.0
3172 467.0
3173 132.0
3174 203.0
3175 204.0
3176 204.0
3177 468.0
3178 203.0
3179 203.0
3180 203.0
3181 146.0
3182 469.0
3183 238.0
3184 458.0
3185 203.0
3186 203.0
3187 106.0
3188 203.0
3189 460.0
3190 377.0
3191 203.0
3192 203.0
3193 47.0
3194 464.0
3195 98.0
3196 0.0
3197 395.0
3198 0.0
3199 381.0
3200 464.0
3201 203.0
3202 0.0
3203 387.0
3204 486.0
3205 203.0
3206 203.0
3207 7.0
3208 203.0
3209 332.0
3210 203.0
3211 204.0
3212 6.0
3213 451.0
3214 467.0
3215 204.0
3216 203.0
3217 497.0
3218 203.0
3219 203.0
3220 91.0
3221 203.0
3222 204.0
3223 455.0
3224 132.0
3225 274.0
3226 204.0
3227 204.0
3228 203.0
3229 203.0
3230 203.0
3231 464.0
3232 143.0
3233 203.0
3234 7.0
3235 203.0
3236 203.0
3237 203.0
3238 203.0
3239 203.0
3240 389.0
3241 448.0
3242 449.0
3243 468.0
3244 203.0
3245 446.0
3246 182.0
3247 0.0
3248 203.0
3249 70.0
3250 468.0
3251 203.0
3252 490.0
3253 0.0
3254 468.0
3255 203.0
3256 49.0
3257 203.0
3258 0.0
3259 203.0
3260 471.0
3261 203.0
3262 203.0
3263 203.0
3264 451.0
3265 203.0
3266 203.0
3267 0.0
3268 357.0
3269 203.0
3270 475.0
3271 59.0
3272 203.0
3273 471.0
3274 468.0
3275 50.0
3276 203.0
3277 468.0
3278 204.0
3279 509.0
3280 485.0
3281 203.0
3282 203.0
3283 47.0
3284 472.0
3285 203.0
3286 464.0
3287 203.0
3288 203.0
3289 203.0
3290 204.0
3291 400.0
3292 203.0
3293 203.0
3294 203.0
3295 160.0
3296 203.0
3297 103.0
3298 0.0
3299 203.0
3300 186.0
3301 203.0
3302 431.0
3303 369.0
3304 0.0
3305 203.0
3306 7.0
3307 203.0
3308 203.0
3309 137.0
3310 204.0
3311 437.0
3312 10.0
3313 203.0
3314 0.0
3315 451.0
3316 460.0
3317 203.0
3318 41.0
3319 450.0
3320 203.0
3321 203.0
3322 497.0
3323 453.0
3324 468.0
3325 204.0
3326 132.0
3327 203.0
3328 203.0
3329 204.0
3330 452.0
3331 203.0
3332 203.0
3333 434.0
3334 203.0
3335 203.0
3336 238.0
3337 395.0
3338 204.0
3339 203.0
3340 466.0
3341 204.0
3342 441.0
3343 203.0
3344 203.0
3345 468.0
3346 32.0
3347 503.0
3348 103.0
3349 0.0
3350 203.0
3351 0.0
3352 203.0
3353 203.0
3354 392.0
3355 203.0
3356 466.0
3357 0.0
3358 203.0
3359 204.0
3360 0.0
3361 456.0
3362 203.0
3363 203.0
3364 468.0
3365 69.0
3366 444.0
3367 204.0
3368 203.0
3369 0.0
3370 468.0
3371 203.0
3372 203.0
3373 203.0
3374 204.0
3375 203.0
3376 204.0
3377 203.0
3378 203.0
3379 203.0
3380 468.0
3381 204.0
3382 203.0
3383 203.0
3384 434.0
3385 203.0
3386 204.0
3387 203.0
3388 203.0
3389 203.0
3390 203.0
3391 203.0
3392 203.0
3393 460.0
3394 203.0
3395 175.0
3396 422.0
3397 0.0
3398 461.0
3399 98.0
3400 0.0
3401 203.0
3402 169.0
3403 451.0
3404 203.0
3405 204.0
3406 0.0
3407 443.0
3408 203.0
3409 204.0
3410 203.0
3411 0.0
3412 468.0
3413 450.0
3414 204.0
3415 204.0
3416 6.0
3417 451.0
3418 203.0
3419 204.0
3420 0.0
3421 460.0
3422 204.0
3423 203.0
3424 203.0
3425 203.0
3426 459.0
3427 203.0
3428 167.0
3429 466.0
3430 431.0
3431 203.0
3432 203.0
3433 203.0
3434 203.0
3435 204.0
3436 203.0
3437 204.0
3438 245.0
3439 203.0
3440 203.0
3441 203.0
3442 32.0
3443 142.0
3444 467.0
3445 403.0
3446 203.0
3447 468.0
3448 203.0
3449 466.0
3450 103.0
3451 0.0
3452 204.0
3453 153.0
3454 203.0
3455 499.0
3456 442.0
3457 0.0
3458 451.0
3459 1.0
3460 61.0
3461 203.0
3462 102.0
3463 203.0
3464 465.0
3465 474.0
3466 509.0
3467 144.0
3468 451.0
3469 468.0
3470 342.0
3471 0.0
3472 497.0
3473 427.0
3474 204.0
3475 0.0
3476 351.0
3477 494.0
3478 204.0
3479 189.0
3480 203.0
3481 488.0
3482 203.0
3483 352.0
3484 203.0
3485 203.0
3486 430.0
3487 343.0
3488 203.0
3489 68.0
3490 204.0
3491 238.0
3492 412.0
3493 338.0
3494 204.0
3495 486.0
3496 203.0
3497 203.0
3498 468.0
3499 424.0
3500 503.0
3501 103.0
3502 0.0
3503 203.0
3504 0.0
3505 203.0
3506 203.0
3507 0.0
3508 0.0
3509 452.0
3510 203.0
3511 32.0
3512 203.0
3513 203.0
3514 203.0
3515 203.0
3516 466.0
3517 203.0
3518 101.0
3519 460.0
3520 203.0
3521 332.0
3522 0.0
3523 412.0
3524 203.0
3525 6.0
3526 204.0
3527 204.0
3528 203.0
3529 203.0
3530 170.0
3531 203.0
3532 203.0
3533 204.0
3534 314.0
3535 204.0
3536 203.0
3537 421.0
3538 9.0
3539 204.0
3540 203.0
3541 203.0
3542 203.0
3543 203.0
3544 203.0
3545 203.0
3546 339.0
3547 203.0
3548 180.0
3549 422.0
3550 204.0
3551 494.0
3552 105.0
3553 0.0
3554 282.0
3555 1.0
3556 203.0
3557 499.0
3558 203.0
3559 13.0
3560 468.0
3561 203.0
3562 203.0
3563 203.0
3564 7.0
3565 468.0
3566 332.0
3567 203.0
3568 203.0
3569 203.0
3570 451.0
3571 203.0
3572 203.0
3573 0.0
3574 203.0
3575 471.0
3576 10.0
3577 204.0
3578 203.0
3579 400.0
3580 419.0
3581 176.0
3582 203.0
3583 468.0
3584 468.0
3585 203.0
3586 204.0
3587 203.0
3588 429.0
3589 203.0
3590 204.0
3591 203.0
3592 203.0
3593 468.0
3594 468.0
3595 25.0
3596 203.0
3597 445.0
3598 399.0
3599 169.0
3600 442.0
3601 203.0
3602 509.0
3603 0.0
3604 0.0
3605 204.0
3606 70.0
3607 203.0
3608 203.0
3609 203.0
3610 203.0
3611 468.0
3612 203.0
3613 203.0
3614 465.0
3615 7.0
3616 451.0
3617 465.0
3618 462.0
3619 204.0
3620 203.0
3621 451.0
3622 203.0
3623 452.0
3624 0.0
3625 354.0
3626 468.0
3627 0.0
3628 203.0
3629 203.0
3630 459.0
3631 203.0
3632 179.0
3633 203.0
3634 468.0
3635 203.0
3636 204.0
3637 203.0
3638 203.0
3639 203.0
3640 203.0
3641 203.0
3642 203.0
3643 395.0
3644 203.0
3645 331.0
3646 203.0
3647 203.0
3648 203.0
3649 503.0
3650 329.0
3651 203.0
3652 203.0
3653 203.0
3654 103.0
3655 0.0
3656 203.0
3657 164.0
3658 203.0
3659 499.0
3660 435.0
3661 203.0
3662 203.0
3663 460.0
3664 93.0
3665 203.0
3666 203.0
3667 418.0
3668 468.0
3669 502.0
3670 204.0
3671 0.0
3672 540.0
3673 2.0
3674 354.0
3675 0.0
3676 459.0
3677 204.0
3678 0.0
3679 498.0
3680 468.0
3681 468.0
3682 203.0
3683 176.0
3684 387.0
3685 9.0
3686 204.0
3687 204.0
3688 203.0
3689 203.0
3690 204.0
3691 146.0
3692 203.0
3693 203.0
3694 204.0
3695 204.0
3696 386.0
3697 203.0
3698 204.0
3699 332.0
3700 2.0
3701 2.0
3702 467.0
3703 157.0
3704 204.0
3705 203.0
3706 0.0
3707 203.0
3708 0.0
3709 204.0
3710 203.0
3711 198.0
3712 203.0
3713 468.0
3714 7.0
3715 203.0
3716 203.0
3717 7.0
3718 463.0
3719 203.0
3720 391.0
3721 203.0
3722 3.0
3723 451.0
3724 43.0
3725 468.0
3726 0.0
3727 204.0
3728 497.0
3729 62.0
3730 444.0
3731 204.0
3732 203.0
3733 492.0
3734 158.0
3735 204.0
3736 203.0
3737 204.0
3738 504.0
3739 204.0
3740 203.0
3741 203.0
3742 203.0
3743 203.0
3744 232.0
3745 204.0
3746 457.0
3747 203.0
3748 115.0
3749 203.0
3750 203.0
3751 503.0
3752 137.0
3753 467.0
3754 0.0
3755 494.0
3756 0.0
3757 0.0
3758 203.0
3759 115.0
3760 203.0
3761 203.0
3762 203.0
3763 204.0
3764 450.0
3765 7.0
3766 203.0
3767 203.0
3768 460.0
3769 203.0
3770 332.0
3771 203.0
3772 509.0
3773 203.0
3774 451.0
3775 33.0
3776 468.0
3777 0.0
3778 354.0
3779 203.0
3780 183.0
3781 386.0
3782 507.0
3783 463.0
3784 468.0
3785 203.0
3786 203.0
3787 203.0
3788 203.0
3789 203.0
3790 204.0
3791 203.0
3792 204.0
3793 203.0
3794 191.0
3795 0.0
3796 204.0
3797 421.0
3798 203.0
3799 203.0
3800 203.0
3801 203.0
3802 335.0
3803 372.0
3804 203.0
3805 405.0
3806 471.0
3807 203.0
3808 4.0
3809 203.0
3810 70.0
3811 203.0
3812 24.0
3813 110.0
3814 203.0
3815 203.0
3816 121.0
3817 131.0
3818 203.0
3819 137.0
3820 203.0
3821 437.0
3822 203.0
3823 204.0
3824 203.0
3825 460.0
3826 204.0
3827 431.0
3828 0.0
3829 506.0
3830 203.0
3831 0.0
3832 203.0
3833 450.0
3834 203.0
3835 203.0
3836 176.0
3837 203.0
3838 7.0
3839 203.0
3840 203.0
3841 203.0
3842 203.0
3843 204.0
3844 92.0
3845 322.0
3846 0.0
3847 203.0
3848 203.0
3849 203.0
3850 203.0
3851 203.0
3852 204.0
3853 204.0
3854 2.0
3855 203.0
3856 204.0
3857 203.0
3858 203.0
3859 0.0
3860 203.0
3861 0.0
3862 204.0
3863 466.0
3864 150.0
3865 204.0
3866 460.0
3867 7.0
3868 204.0
3869 204.0
3870 453.0
3871 204.0
3872 451.0
3873 203.0
3874 204.0
3875 0.0
3876 452.0
3877 43.0
3878 468.0
3879 0.0
3880 466.0
3881 203.0
3882 0.0
3883 204.0
3884 204.0
3885 203.0
3886 455.0
3887 203.0
3888 203.0
3889 195.0
3890 460.0
3891 350.0
3892 143.0
3893 203.0
3894 34.0
3895 343.0
3896 203.0
3897 203.0
3898 445.0
3899 203.0
3900 468.0
3901 204.0
3902 203.0
3903 203.0
3904 204.0
3905 1.0
3906 203.0
3907 204.0
3908 471.0
3909 509.0
3910 0.0
3911 163.0
3912 203.0
3913 203.0
3914 203.0
3915 203.0
3916 265.0
3917 509.0
3918 468.0
3919 204.0
3920 204.0
3921 0.0
3922 203.0
3923 203.0
3924 498.0
3925 468.0
3926 434.0
3927 451.0
3928 139.0
3929 468.0
3930 0.0
3931 460.0
3932 204.0
3933 40.0
3934 203.0
3935 507.0
3936 204.0
3937 374.0
3938 173.0
3939 203.0
3940 30.0
3941 204.0
3942 312.0
3943 126.0
3944 203.0
3945 400.0
3946 166.0
3947 203.0
3948 203.0
3949 309.0
3950 450.0
3951 203.0
3952 129.0
3953 204.0
3954 484.0
3955 309.0
3956 180.0
3957 203.0
3958 487.0
3959 503.0
3960 203.0
3961 0.0
3962 203.0
3963 203.0
3964 203.0
3965 203.0
3966 61.0
3967 203.0
3968 203.0
3969 203.0
3970 203.0
3971 309.0
3972 7.0
3973 203.0
3974 437.0
3975 457.0
3976 509.0
3977 203.0
3978 451.0
3979 204.0
3980 387.0
3981 0.0
3982 497.0
3983 203.0
3984 203.0
3985 446.0
3986 507.0
3987 204.0
3988 468.0
3989 413.0
3990 204.0
3991 70.0
3992 203.0
3993 203.0
3994 203.0
3995 203.0
3996 204.0
3997 166.0
3998 204.0
3999 181.0
4000 203.0
4001 431.0
4002 463.0
4003 203.0
4004 203.0
4005 403.0
4006 309.0
4007 180.0
4008 203.0
4009 204.0
4010 451.0
4011 204.0
4012 0.0
4013 161.0
4014 203.0
4015 468.0
4016 203.0
4017 33.0
4018 203.0
4019 203.0
4020 486.0
4021 109.0
4022 204.0
4023 203.0
4024 456.0
4025 437.0
4026 468.0
4027 509.0
4028 511.0
4029 460.0
4030 203.0
4031 452.0
4032 0.0
4033 506.0
4034 203.0
4035 0.0
4036 446.0
4037 507.0
4038 203.0
4039 465.0
4040 168.0
4041 203.0
4042 46.0
4043 203.0
4044 203.0
4045 203.0
4046 203.0
4047 57.0
4048 355.0
4049 456.0
4050 203.0
4051 395.0
4052 203.0
4053 430.0
4054 203.0
4055 203.0
4056 384.0
4057 204.0
4058 204.0
4059 6.0
4060 491.0
4061 204.0
4062 203.0
4063 4.0
4064 165.0
4065 6.0
4066 468.0
4067 451.0
4068 203.0
4069 203.0
4070 460.0
4071 7.0
4072 203.0
4073 204.0
4074 117.0
4075 203.0
4076 351.0
4077 502.0
4078 466.0
4079 65.0
4080 460.0
4081 204.0
4082 406.0
4083 0.0
4084 204.0
4085 204.0
4086 167.0
4087 203.0
4088 460.0
4089 203.0
4090 421.0
4091 229.0
4092 203.0
4093 9.0
4094 204.0
4095 137.0
4096 204.0
4097 495.0
4098 9.0
4099 510.0
4100 203.0
4101 203.0
4102 203.0
4103 204.0
4104 203.0
4105 379.0
4106 204.0
4107 414.0
4108 203.0
4109 2.0
4110 203.0
4111 204.0
4112 471.0
4113 203.0
4114 0.0
4115 203.0
4116 203.0
4117 468.0
4118 203.0
4119 436.0
4120 203.0
4121 443.0
4122 203.0
4123 203.0
4124 203.0
4125 7.0
4126 203.0
4127 469.0
4128 502.0
4129 204.0
4130 176.0
4131 451.0
4132 203.0
4133 452.0
4134 0.0
4135 204.0
4136 460.0
4137 167.0
4138 203.0
4139 204.0
4140 203.0
4141 424.0
4142 317.0
4143 203.0
4144 15.0
4145 203.0
4146 203.0
4147 203.0
4148 203.0
4149 110.0
4150 510.0
4151 203.0
4152 204.0
4153 336.0
4154 471.0
4155 203.0
4156 204.0
4157 204.0
4158 203.0
4159 463.0
4160 220.0
4161 203.0
4162 203.0
4163 511.0
4164 203.0
4165 0.0
4166 275.0
4167 185.0
4168 468.0
4169 24.0
4170 504.0
4171 185.0
4172 204.0
4173 504.0
4174 203.0
4175 203.0
4176 0.0
4177 203.0
4178 468.0
4179 203.0
4180 204.0
4181 203.0
4182 451.0
4183 203.0
4184 452.0
4185 0.0
4186 497.0
4187 203.0
4188 7.0
4189 349.0
4190 391.0
4191 203.0
4192 468.0
4193 177.0
4194 203.0
4195 203.0
4196 204.0
4197 116.0
4198 203.0
4199 203.0
4200 203.0
4201 166.0
4202 322.0
4203 251.0
4204 309.0
4205 471.0
4206 430.0
4207 391.0
4208 203.0
4209 203.0
4210 336.0
4211 203.0
4212 203.0
4213 204.0
4214 204.0
4215 204.0
4216 4.0
4217 203.0
4218 185.0
4219 468.0
4220 203.0
4221 203.0
4222 158.0
4223 203.0
4224 203.0
4225 203.0
4226 203.0
4227 187.0
4228 203.0
4229 203.0
4230 468.0
4231 468.0
4232 0.0
4233 444.0
4234 204.0
4235 452.0
4236 0.0
4237 496.0
4238 0.0
4239 0.0
4240 203.0
4241 351.0
4242 203.0
4243 460.0
4244 176.0
4245 509.0
4246 33.0
4247 204.0
4248 126.0
4249 204.0
4250 203.0
4251 0.0
4252 2.0
4253 185.0
4254 203.0
4255 204.0
4256 468.0
4257 425.0
4258 203.0
4259 203.0
4260 203.0
4261 354.0
4262 220.0
4263 13.0
4264 204.0
4265 503.0
4266 204.0
4267 0.0
4268 203.0
4269 203.0
4270 468.0
4271 25.0
4272 426.0
4273 0.0
4274 203.0
4275 203.0
4276 204.0
4277 204.0
4278 7.0
4279 204.0
4280 469.0
4281 203.0
4282 203.0
4283 0.0
4284 451.0
4285 165.0
4286 452.0
4287 76.0
4288 463.0
4289 0.0
4290 203.0
4291 203.0
4292 351.0
4293 98.0
4294 203.0
4295 229.0
4296 204.0
4297 460.0
4298 204.0
4299 0.0
4300 203.0
4301 204.0
4302 23.0
4303 510.0
4304 0.0
4305 203.0
4306 458.0
4307 471.0
4308 484.0
4309 204.0
4310 204.0
4311 437.0
4312 203.0
4313 474.0
4314 6.0
4315 496.0
4316 204.0
4317 204.0
4318 0.0
4319 203.0
4320 203.0
4321 465.0
4322 203.0
4323 176.0
4324 204.0
4325 203.0
4326 203.0
4327 203.0
4328 457.0
4329 7.0
4330 203.0
4331 203.0
4332 502.0
4333 203.0
4334 147.0
4335 460.0
4336 204.0
4337 468.0
4338 0.0
4339 203.0
4340 203.0
4341 385.0
4342 203.0
4343 460.0
4344 203.0
4345 468.0
4346 203.0
4347 507.0
4348 195.0
4349 203.0
4350 6.0
4351 203.0
4352 203.0
4353 12.0
4354 203.0
4355 203.0
4356 504.0
4357 203.0
4358 203.0
4359 203.0
4360 9.0
4361 204.0
4362 499.0
4363 466.0
4364 203.0
4365 203.0
4366 203.0
4367 471.0
4368 204.0
4369 0.0
4370 169.0
4371 392.0
4372 468.0
4373 203.0
4374 176.0
4375 158.0
4376 203.0
4377 446.0
4378 75.0
4379 204.0
4380 203.0
4381 204.0
4382 203.0
4383 203.0
4384 203.0
4385 0.0
4386 460.0
4387 175.0
4388 468.0
4389 0.0
4390 203.0
4391 449.0
4392 204.0
4393 203.0
4394 203.0
4395 171.0
4396 507.0
4397 157.0
4398 204.0
4399 49.0
4400 203.0
4401 0.0
4402 104.0
4403 203.0
4404 91.0
4405 345.0
4406 203.0
4407 203.0
4408 468.0
4409 203.0
4410 473.0
4411 203.0
4412 203.0
4413 436.0
4414 7.0
4415 204.0
4416 101.0
4417 458.0
4418 509.0
4419 204.0
4420 4.0
4421 168.0
4422 185.0
4423 203.0
4424 499.0
4425 61.0
4426 1.0
4427 203.0
4428 203.0
4429 131.0
4430 203.0
4431 137.0
4432 451.0
4433 465.0
4434 454.0
4435 448.0
4436 125.0
4437 451.0
4438 204.0
4439 452.0
4440 0.0
4441 506.0
4442 0.0
4443 204.0
4444 7.0
4445 507.0
4446 203.0
4447 404.0
4448 203.0
4449 203.0
4450 0.0
4451 203.0
4452 109.0
4453 94.0
4454 204.0
4455 32.0
4456 510.0
4457 203.0
4458 203.0
4459 505.0
4460 203.0
4461 309.0
4462 203.0
4463 204.0
4464 460.0
4465 203.0
4466 203.0
4467 0.0
4468 354.0
4469 203.0
4470 204.0
4471 4.0
4472 203.0
4473 203.0
4474 468.0
4475 203.0
4476 203.0
4477 0.0
4478 460.0
4479 203.0
4480 381.0
4481 203.0
4482 7.0
4483 451.0
4484 452.0
4485 351.0
4486 203.0
4487 252.0
4488 460.0
4489 204.0
4490 540.0
4491 203.0
4492 203.0
4493 451.0
4494 203.0
4495 203.0
4496 488.0
4497 204.0
4498 454.0
4499 203.0
4500 410.0
4501 7.0
4502 204.0
4503 0.0
4504 225.0
4505 203.0
4506 86.0
4507 350.0
4508 203.0
4509 203.0
4510 500.0
4511 203.0
4512 203.0
4513 319.0
4514 203.0
4515 203.0
4516 517.0
4517 203.0
4518 32.0
4519 204.0
4520 204.0
4521 204.0
4522 0.0
4523 414.0
4524 329.0
4525 468.0
4526 468.0
4527 150.0
4528 0.0
4529 203.0
4530 203.0
4531 203.0
4532 204.0
4533 162.0
4534 473.0
4535 203.0
4536 310.0
4537 509.0
4538 203.0
4539 460.0
4540 203.0
4541 203.0
4542 0.0
4543 203.0
4544 203.0
4545 490.0
4546 354.0
4547 488.0
4548 0.0
4549 452.0
4550 203.0
4551 204.0
4552 203.0
4553 204.0
4554 127.0
4555 203.0
4556 203.0
4557 0.0
4558 366.0
4559 203.0
4560 203.0
4561 464.0
4562 475.0
4563 203.0
4564 392.0
4565 203.0
4566 334.0
4567 203.0
4568 203.0
4569 32.0
4570 486.0
4571 503.0
4572 203.0
4573 0.0
4574 204.0
4575 204.0
4576 203.0
4577 468.0
4578 61.0
4579 0.0
4580 203.0
4581 451.0
4582 204.0
4583 204.0
4584 203.0
4585 204.0
4586 442.0
4587 468.0
4588 451.0
4589 147.0
4590 460.0
4591 204.0
4592 454.0
4593 0.0
4594 203.0
4595 427.0
4596 117.0
4597 164.0
4598 507.0
4599 106.0
4600 507.0
4601 170.0
4602 203.0
4603 33.0
4604 203.0
4605 0.0
4606 143.0
4607 203.0
4608 60.0
4609 510.0
4610 203.0
4611 203.0
4612 204.0
4613 9.0
4614 203.0
4615 491.0
4616 204.0
4617 488.0
4618 467.0
4619 203.0
4620 169.0
4621 467.0
4622 509.0
4623 204.0
4624 4.0
4625 203.0
4626 203.0
4627 457.0
4628 203.0
4629 72.0
4630 0.0
4631 454.0
4632 543.0
4633 75.0
4634 204.0
4635 17.0
4636 203.0
4637 203.0
4638 457.0
4639 204.0
4640 2.0
4641 543.0
4642 204.0
4643 203.0
4644 92.0
4645 382.0
4646 204.0
4647 7.0
4648 204.0
4649 391.0
4650 0.0
4651 203.0
4652 203.0
4653 494.0
4654 64.0
4655 204.0
4656 133.0
4657 203.0
4658 203.0
4659 51.0
4660 366.0
4661 203.0
4662 357.0
4663 385.0
4664 461.0
4665 472.0
4666 112.0
4667 204.0
4668 389.0
4669 203.0
4670 203.0
4671 82.0
4672 204.0
4673 203.0
4674 386.0
4675 4.0
4676 76.0
4677 204.0
4678 203.0
4679 203.0
4680 176.0
4681 0.0
4682 422.0
4683 543.0
4684 131.0
4685 203.0
4686 7.0
4687 203.0
4688 204.0
4689 498.0
4690 203.0
4691 203.0
4692 543.0
4693 126.0
4694 475.0
4695 0.0
4696 503.0
4697 203.0
4698 460.0
4699 203.0
4700 204.0
4701 98.0
4702 380.0
4703 203.0
4704 316.0
4705 46.0
4706 204.0
4707 6.0
4708 251.0
4709 203.0
4710 13.0
4711 366.0
4712 203.0
4713 251.0
4714 335.0
4715 203.0
4716 203.0
4717 114.0
4718 203.0
4719 203.0
4720 355.0
4721 251.0
4722 33.0
4723 487.0
4724 203.0
4725 468.0
4726 0.0
4727 203.0
4728 76.0
4729 468.0
4730 203.0
4731 203.0
4732 203.0
4733 203.0
4734 543.0
4735 203.0
4736 204.0
4737 162.0
4738 484.0
4739 480.0
4740 204.0
4741 204.0
4742 251.0
4743 543.0
4744 203.0
4745 460.0
4746 0.0
4747 450.0
4748 413.0
4749 204.0
4750 203.0
4751 488.0
4752 160.0
4753 402.0
4754 197.0
4755 204.0
4756 203.0
4757 203.0
4758 116.0
4759 204.0
4760 203.0
4761 57.0
4762 510.0
4763 204.0
4764 203.0
4765 203.0
4766 0.0
4767 203.0
4768 204.0
4769 203.0
4770 339.0
4771 473.0
4772 204.0
4773 13.0
4774 501.0
4775 503.0
4776 203.0
4777 4.0
4778 203.0
4779 204.0
4780 468.0
4781 204.0
4782 71.0
4783 0.0
4784 471.0
4785 451.0
4786 472.0
4787 204.0
4788 81.0
4789 203.0
4790 446.0
4791 505.0
4792 203.0
4793 357.0
4794 543.0
4795 204.0
4796 504.0
4797 0.0
4798 203.0
4799 204.0
4800 204.0
4801 0.0
4802 443.0
4803 160.0
4804 203.0
4805 203.0
4806 203.0
4807 0.0
4808 203.0
4809 440.0
4810 94.0
4811 203.0
4812 203.0
4813 510.0
4814 203.0
4815 203.0
4816 452.0
4817 469.0
4818 203.0
4819 50.0
4820 204.0
4821 204.0
4822 533.0
4823 7.0
4824 182.0
4825 204.0
4826 309.0
4827 314.0
4828 4.0
4829 203.0
4830 203.0
4831 468.0
4832 470.0
4833 203.0
4834 0.0
4835 203.0
4836 496.0
4837 204.0
4838 467.0
4839 17.0
4840 203.0
4841 203.0
4842 203.0
4843 203.0
4844 32.0
4845 543.0
4846 204.0
4847 460.0
4848 0.0
4849 204.0
4850 354.0
4851 204.0
4852 321.0
4853 203.0
4854 98.0
4855 385.0
4856 203.0
4857 203.0
4858 460.0
4859 203.0
4860 8.0
4861 0.0
4862 203.0
4863 203.0
4864 510.0
4865 203.0
4866 203.0
4867 494.0
4868 100.0
4869 0.0
4870 50.0
4871 203.0
4872 203.0
4873 409.0
4874 203.0
4875 33.0
4876 204.0
4877 203.0
4878 468.0
4879 0.0
4880 204.0
4881 203.0
4882 463.0
4883 203.0
4884 204.0
4885 0.0
4886 199.0
4887 543.0
4888 203.0
4889 204.0
4890 53.0
4891 203.0
4892 464.0
4893 170.0
4894 203.0
4895 203.0
4896 543.0
4897 203.0
4898 203.0
4899 0.0
4900 203.0
4901 203.0
4902 311.0
4903 203.0
4904 505.0
4905 185.0
4906 203.0
4907 189.0
4908 203.0
4909 203.0
4910 204.0
4911 203.0
4912 0.0
4913 203.0
4914 204.0
4915 366.0
4916 23.0
4917 203.0
4918 451.0
4919 203.0
4920 204.0
4921 230.0
4922 431.0
4923 203.0
4924 203.0
4925 203.0
4926 33.0
4927 465.0
4928 492.0
4929 468.0
4930 0.0
4931 486.0
4932 368.0
4933 470.0
4934 203.0
4935 0.0
4936 0.0
4937 203.0
4938 543.0
4939 492.0
4940 203.0
4941 203.0
4942 203.0
4943 203.0
4944 203.0
4945 203.0
4946 6.0
4947 543.0
4948 251.0
4949 466.0
4950 0.0
4951 203.0
4952 474.0
4953 366.0
4954 5.0
4955 203.0
4956 33.0
4957 203.0
4958 108.0
4959 468.0
4960 15.0
4961 203.0
4962 203.0
4963 203.0
4964 203.0
4965 17.0
4966 166.0
4967 204.0
4968 7.0
4969 431.0
4970 9.0
4971 141.0
4972 39.0
4973 203.0
4974 203.0
4975 203.0
4976 203.0
4977 169.0
4978 464.0
4979 309.0
4980 450.0
4981 0.0
4982 203.0
4983 203.0
4984 468.0
4985 203.0
4986 203.0
4987 0.0
4988 471.0
4989 496.0
4990 480.0
4991 491.0
4992 17.0
4993 203.0
4994 203.0
4995 203.0
4996 203.0
4997 0.0
4998 543.0
4999 204.0
5000 203.0
5001 0.0
5002 460.0
5003 451.0
5004 204.0
5005 189.0
5006 203.0
5007 98.0
5008 203.0
5009 203.0
5010 454.0
5011 425.0
5012 203.0
5013 220.0
5014 1.0
5015 39.0
5016 203.0
5017 510.0
5018 0.0
5019 204.0
5020 358.0
5021 203.0
5022 252.0
5023 50.0
5024 204.0
5025 440.0
5026 203.0
5027 203.0
5028 32.0
5029 353.0
5030 470.0
5031 468.0
5032 0.0
5033 204.0
5034 431.0
5035 543.0
5036 203.0
5037 458.0
5038 0.0
5039 203.0
5040 543.0
5041 204.0
5042 471.0
5043 162.0
5044 203.0
5045 464.0
5046 203.0
5047 203.0
5048 203.0
5049 543.0
5050 33.0
5051 203.0
5052 0.0
5053 204.0
5054 441.0
5055 311.0
5056 457.0
5057 342.0
5058 140.0
5059 203.0
5060 203.0
5061 465.0
5062 203.0
5063 204.0
5064 0.0
5065 0.0
5066 203.0
5067 203.0
5068 510.0
5069 203.0
5070 203.0
5071 203.0
5072 441.0
5073 203.0
5074 225.0
5075 204.0
5076 203.0
5077 555.0
5078 251.0
5079 400.0
5080 471.0
5081 468.0
5082 203.0
5083 0.0
5084 203.0
5085 203.0
5086 203.0
5087 203.0
5088 2.0
5089 0.0
5090 453.0
5091 543.0
5092 203.0
5093 203.0
5094 0.0
5095 252.0
5096 203.0
5097 203.0
5098 203.0
5099 203.0
5100 555.0
