1 0.0
2 32.0
3 1.0
4 32.0
5 0.0
6 6.0
7 203.0
8 251.0
9 0.0
10 0.0
11 0.0
12 34.0
13 30.0
14 29.0
15 38.0
16 0.0
17 0.0
18 0.0
19 14.0
20 0.0
21 38.0
22 25.0
23 0.0
24 0.0
25 30.0
26 0.0
27 32.0
28 0.0
29 0.0
30 0.0
31 0.0
32 30.0
33 0.0
34 0.0
35 0.0
36 0.0
37 0.0
38 0.0
39 0.0
40 18.0
41 1.0
42 0.0
43 0.0
44 0.0
45 0.0
46 0.0
47 0.0
48 30.0
49 0.0
50 1.0
51 251.0
52 251.0
53 73.0
54 49.0
55 32.0
56 1.0
57 32.0
58 203.0
59 105.0
60 197.0
61 203.0
62 0.0
63 203.0
64 251.0
65 114.0
66 204.0
67 0.0
68 180.0
69 0.0
70 203.0
71 203.0
72 6.0
73 203.0
74 1.0
75 0.0
76 203.0
77 203.0
78 202.0
79 33.0
80 67.0
81 252.0
82 0.0
83 191.0
84 0.0
85 203.0
86 33.0
87 25.0
88 18.0
89 37.0
90 33.0
91 49.0
92 43.0
93 180.0
94 1.0
95 0.0
96 0.0
97 203.0
98 50.0
99 25.0
100 39.0
101 203.0
102 252.0
103 203.0
104 71.0
105 203.0
106 204.0
107 1.0
108 204.0
109 203.0
110 203.0
111 39.0
112 65.0
113 0.0
114 204.0
115 67.0
116 204.0
117 204.0
118 203.0
119 191.0
120 19.0
121 65.0
122 180.0
123 158.0
124 196.0
125 33.0
126 177.0
127 196.0
128 67.0
129 203.0
130 33.0
131 203.0
132 34.0
133 25.0
134 191.0
135 203.0
136 196.0
137 186.0
138 316.0
139 203.0
140 191.0
141 32.0
142 203.0
143 65.0
144 252.0
145 203.0
146 29.0
147 43.0
148 203.0
149 204.0
150 58.0
151 38.0
152 144.0
153 316.0
154 204.0
155 49.0
156 203.0
157 38.0
158 1.0
159 203.0
160 204.0
161 204.0
162 67.0
163 0.0
164 0.0
165 204.0
166 203.0
167 203.0
168 203.0
169 203.0
170 2.0
171 38.0
172 25.0
173 0.0
174 38.0
175 0.0
176 203.0
177 38.0
178 203.0
179 203.0
180 65.0
181 0.0
182 203.0
183 0.0
184 203.0
185 0.0
186 0.0
187 203.0
188 43.0
189 204.0
190 203.0
191 203.0
192 32.0
193 203.0
194 203.0
195 203.0
196 204.0
197 18.0
198 65.0
199 148.0
200 251.0
201 203.0
202 0.0
203 203.0
204 316.0
205 83.0
206 34.0
207 203.0
208 99.0
209 0.0
210 203.0
211 15.0
212 148.0
213 251.0
214 0.0
215 0.0
216 0.0
217 251.0
218 0.0
219 33.0
220 0.0
221 31.0
222 65.0
223 203.0
224 191.0
225 44.0
226 203.0
227 203.0
228 0.0
229 50.0
230 6.0
231 78.0
232 49.0
233 204.0
234 33.0
235 0.0
236 109.0
237 203.0
238 7.0
239 60.0
240 61.0
241 0.0
242 204.0
243 0.0
244 32.0
245 203.0
246 0.0
247 56.0
248 203.0
249 204.0
250 251.0
251 203.0
252 203.0
253 0.0
254 25.0
255 316.0
256 252.0
257 204.0
258 203.0
259 6.0
260 0.0
261 142.0
262 204.0
263 204.0
264 203.0
265 33.0
266 0.0
267 204.0
268 203.0
269 0.0
270 252.0
271 204.0
272 2.0
273 0.0
274 158.0
275 180.0
276 23.0
277 203.0
278 203.0
279 14.0
280 203.0
281 6.0
282 215.0
283 32.0
284 6.0
285 33.0
286 25.0
287 70.0
288 204.0
289 38.0
290 0.0
291 0.0
292 0.0
293 0.0
294 0.0
295 203.0
296 198.0
297 52.0
298 67.0
299 0.0
300 6.0
301 203.0
302 99.0
303 204.0
304 34.0
305 80.0
306 316.0
307 251.0
308 47.0
309 203.0
310 1.0
311 1.0
312 251.0
313 204.0
314 204.0
315 203.0
316 196.0
317 0.0
318 204.0
319 204.0
320 65.0
321 203.0
322 164.0
323 191.0
324 29.0
325 204.0
326 203.0
327 116.0
328 203.0
329 6.0
330 6.0
331 252.0
332 33.0
333 203.0
334 0.0
335 204.0
336 0.0
337 251.0
338 25.0
339 203.0
340 65.0
341 30.0
342 315.0
343 203.0
344 191.0
345 61.0
346 203.0
347 125.0
348 251.0
349 204.0
350 45.0
351 204.0
352 203.0
353 203.0
354 67.0
355 315.0
356 94.0
357 316.0
358 252.0
359 49.0
360 203.0
361 38.0
362 0.0
363 251.0
364 204.0
365 5.0
366 203.0
367 0.0
368 204.0
369 0.0
370 204.0
371 203.0
372 38.0
373 0.0
374 174.0
375 77.0
376 17.0
377 0.0
378 38.0
379 0.0
380 0.0
381 0.0
382 49.0
383 45.0
384 203.0
385 30.0
386 203.0
387 0.0
388 0.0
389 25.0
390 251.0
391 203.0
392 73.0
393 0.0
394 203.0
395 203.0
396 38.0
397 315.0
398 72.0
399 203.0
400 203.0
401 6.0
402 65.0
403 204.0
404 203.0
405 251.0
406 35.0
407 143.0
408 316.0
409 204.0
410 78.0
411 251.0
412 38.0
413 0.0
414 203.0
415 203.0
416 154.0
417 203.0
418 204.0
419 0.0
420 204.0
421 203.0
422 13.0
423 204.0
424 203.0
425 203.0
426 77.0
427 203.0
428 204.0
429 251.0
430 94.0
431 0.0
432 0.0
433 315.0
434 1.0
435 50.0
436 32.0
437 6.0
438 203.0
439 196.0
440 76.0
441 203.0
442 32.0
443 0.0
444 54.0
445 0.0
446 2.0
447 61.0
448 0.0
449 204.0
450 0.0
451 56.0
452 0.0
453 25.0
454 315.0
455 203.0
456 203.0
457 35.0
458 72.0
459 316.0
460 203.0
461 44.0
462 192.0
463 51.0
464 1.0
465 251.0
466 204.0
467 204.0
468 203.0
469 65.0
470 204.0
471 204.0
472 252.0
473 65.0
474 204.0
475 13.0
476 2.0
477 0.0
478 158.0
479 203.0
480 6.0
481 203.0
482 6.0
483 14.0
484 204.0
485 39.0
486 199.0
487 33.0
488 203.0
489 2.0
490 103.0
491 203.0
492 203.0
493 77.0
494 0.0
495 203.0
496 12.0
497 1.0
498 0.0
499 203.0
500 169.0
501 203.0
502 56.0
503 204.0
504 55.0
505 251.0
506 203.0
507 203.0
508 24.0
509 83.0
510 316.0
511 315.0
512 0.0
513 203.0
514 33.0
515 61.0
516 203.0
517 204.0
518 203.0
519 203.0
520 50.0
521 30.0
522 6.0
523 203.0
524 57.0
525 204.0
526 203.0
527 31.0
528 77.0
529 106.0
530 204.0
531 56.0
532 203.0
533 6.0
534 14.0
535 203.0
536 67.0
537 231.0
538 6.0
539 203.0
540 2.0
541 0.0
542 0.0
543 251.0
544 191.0
545 33.0
546 71.0
547 203.0
548 180.0
549 38.0
550 203.0
551 175.0
552 0.0
553 203.0
554 88.0
555 65.0
556 229.0
557 203.0
558 203.0
559 204.0
560 203.0
561 316.0
562 203.0
563 32.0
564 251.0
565 38.0
566 0.0
567 203.0
568 203.0
569 60.0
570 203.0
571 0.0
572 0.0
573 252.0
574 203.0
575 204.0
576 0.0
577 203.0
578 251.0
579 77.0
580 203.0
581 203.0
582 56.0
583 2.0
584 0.0
585 44.0
586 203.0
587 204.0
588 203.0
589 0.0
590 204.0
591 33.0
592 1.0
593 86.0
594 203.0
595 0.0
596 30.0
597 77.0
598 0.0
599 163.0
600 204.0
601 203.0
602 203.0
603 316.0
604 203.0
605 0.0
606 204.0
607 252.0
608 204.0
609 44.0
610 40.0
611 0.0
612 316.0
613 203.0
614 33.0
615 192.0
616 38.0
617 1.0
618 203.0
619 204.0
620 204.0
621 203.0
622 61.0
623 83.0
624 204.0
625 203.0
626 65.0
627 0.0
628 315.0
629 2.0
630 65.0
631 204.0
632 203.0
633 23.0
634 203.0
635 0.0
636 204.0
637 204.0
638 0.0
639 56.0
640 32.0
641 94.0
642 33.0
643 169.0
644 33.0
645 34.0
646 204.0
647 0.0
648 77.0
649 203.0
650 0.0
651 0.0
652 0.0
653 256.0
654 315.0
655 7.0
656 62.0
657 203.0
658 203.0
659 203.0
660 26.0
661 0.0
662 24.0
663 316.0
664 204.0
665 0.0
666 251.0
667 32.0
668 0.0
669 35.0
670 22.0
671 203.0
672 203.0
673 203.0
674 30.0
675 204.0
676 203.0
677 0.0
678 203.0
679 203.0
680 180.0
681 77.0
682 204.0
683 204.0
684 43.0
685 251.0
686 6.0
687 77.0
688 204.0
689 67.0
690 203.0
691 203.0
692 204.0
693 2.0
694 251.0
695 109.0
696 251.0
697 65.0
698 29.0
699 71.0
700 203.0
701 196.0
702 0.0
703 0.0
704 196.0
705 0.0
706 203.0
707 68.0
708 204.0
709 1.0
710 203.0
711 44.0
712 18.0
713 204.0
714 316.0
715 204.0
716 33.0
717 203.0
718 38.0
719 32.0
720 35.0
721 1.0
722 203.0
723 203.0
724 0.0
725 30.0
726 0.0
727 252.0
728 18.0
729 203.0
730 204.0
731 251.0
732 68.0
733 204.0
734 0.0
735 27.0
736 61.0
737 0.0
738 71.0
739 203.0
740 77.0
741 231.0
742 31.0
743 203.0
744 38.0
745 17.0
746 203.0
747 204.0
748 57.0
749 24.0
750 61.0
751 0.0
752 315.0
753 38.0
754 203.0
755 251.0
756 251.0
757 131.0
758 67.0
759 203.0
760 203.0
761 204.0
762 251.0
763 35.0
764 203.0
765 316.0
766 315.0
767 33.0
768 251.0
769 38.0
770 1.0
771 10.0
772 50.0
773 50.0
774 203.0
775 0.0
776 191.0
777 203.0
778 51.0
779 204.0
780 203.0
781 251.0
782 50.0
783 68.0
784 204.0
785 0.0
786 23.0
787 231.0
788 29.0
789 44.0
790 55.0
791 49.0
792 204.0
793 73.0
794 67.0
795 204.0
796 203.0
797 251.0
798 0.0
799 56.0
800 17.0
801 61.0
802 0.0
803 252.0
804 38.0
805 204.0
806 143.0
807 87.0
808 203.0
809 0.0
810 204.0
811 203.0
812 203.0
813 203.0
814 251.0
815 204.0
816 316.0
817 203.0
818 33.0
819 203.0
820 32.0
821 0.0
822 203.0
823 204.0
824 203.0
825 203.0
826 203.0
827 0.0
828 203.0
829 204.0
830 65.0
831 204.0
832 203.0
833 203.0
834 0.0
835 204.0
836 204.0
837 251.0
838 175.0
839 0.0
840 203.0
841 203.0
842 39.0
843 203.0
844 49.0
845 204.0
846 56.0
847 203.0
848 190.0
849 203.0
850 203.0
851 185.0
852 25.0
853 203.0
854 1.0
855 0.0
856 203.0
857 203.0
858 0.0
859 50.0
860 203.0
861 204.0
862 0.0
863 203.0
864 141.0
865 119.0
866 204.0
867 316.0
868 204.0
869 32.0
870 203.0
871 38.0
872 0.0
873 33.0
874 251.0
875 204.0
876 163.0
877 251.0
878 191.0
879 252.0
880 252.0
881 0.0
882 252.0
883 316.0
884 203.0
885 68.0
886 204.0
887 203.0
888 27.0
889 251.0
890 203.0
891 88.0
892 204.0
893 204.0
894 202.0
895 251.0
896 203.0
897 204.0
898 0.0
899 203.0
900 203.0
901 203.0
902 158.0
903 71.0
904 12.0
905 0.0
906 315.0
907 25.0
908 196.0
909 315.0
910 204.0
911 67.0
912 204.0
913 252.0
914 204.0
915 203.0
916 251.0
917 204.0
918 316.0
919 252.0
920 38.0
921 251.0
922 50.0
923 1.0
924 203.0
925 0.0
926 203.0
927 202.0
928 6.0
929 204.0
930 32.0
931 252.0
932 1.0
933 203.0
934 204.0
935 203.0
936 68.0
937 203.0
938 203.0
939 72.0
940 25.0
941 77.0
942 203.0
943 204.0
944 0.0
945 204.0
946 251.0
947 77.0
948 174.0
949 203.0
950 251.0
951 251.0
952 252.0
953 0.0
954 204.0
955 0.0
956 164.0
957 38.0
958 203.0
959 203.0
960 315.0
961 56.0
962 62.0
963 204.0
964 203.0
965 72.0
966 74.0
967 40.0
968 204.0
969 316.0
970 203.0
971 33.0
972 203.0
973 32.0
974 17.0
975 21.0
976 204.0
977 6.0
978 203.0
979 0.0
980 50.0
981 203.0
982 279.0
983 43.0
984 252.0
985 251.0
986 203.0
987 0.0
988 204.0
989 203.0
990 66.0
991 0.0
992 203.0
993 203.0
994 49.0
995 203.0
996 204.0
997 203.0
998 251.0
999 83.0
1000 203.0
1001 315.0
1002 0.0
1003 6.0
1004 158.0
1005 77.0
1006 203.0
1007 143.0
1008 0.0
1009 203.0
1010 203.0
1011 0.0
1012 204.0
1013 203.0
1014 251.0
1015 245.0
1016 203.0
1017 203.0
1018 45.0
1019 204.0
1020 316.0
1021 106.0
1022 0.0
1023 203.0
1024 33.0
1025 0.0
1026 10.0
1027 204.0
1028 203.0
1029 203.0
1030 251.0
1031 44.0
1032 203.0
1033 251.0
1034 65.0
1035 203.0
1036 203.0
1037 203.0
1038 77.0
1039 203.0
1040 191.0
1041 47.0
1042 0.0
1043 94.0
1044 316.0
1045 204.0
1046 67.0
1047 203.0
1048 203.0
1049 204.0
1050 204.0
1051 24.0
1052 251.0
1053 203.0
1054 203.0
1055 67.0
1056 1.0
1057 0.0
1058 0.0
1059 0.0
1060 0.0
1061 65.0
1062 0.0
1063 203.0
1064 203.0
1065 203.0
1066 315.0
1067 203.0
1068 146.0
1069 24.0
1070 204.0
1071 316.0
1072 203.0
1073 43.0
1074 203.0
1075 38.0
1076 0.0
1077 39.0
1078 1.0
1079 203.0
1080 203.0
1081 203.0
1082 252.0
1083 204.0
1084 251.0
1085 169.0
1086 45.0
1087 203.0
1088 203.0
1089 68.0
1090 203.0
1091 0.0
1092 43.0
1093 203.0
1094 65.0
1095 203.0
1096 203.0
1097 0.0
1098 203.0
1099 203.0
1100 251.0
1101 204.0
1102 203.0
1103 251.0
1104 169.0
1105 204.0
1106 0.0
1107 65.0
1108 203.0
1109 20.0
1110 32.0
1111 203.0
1112 251.0
1113 315.0
1114 203.0
1115 0.0
1116 251.0
1117 251.0
1118 0.0
1119 0.0
1120 229.0
1121 32.0
1122 316.0
1123 203.0
1124 204.0
1125 0.0
1126 33.0
1127 1.0
1128 34.0
1129 204.0
1130 108.0
1131 191.0
1132 204.0
1133 203.0
1134 204.0
1135 316.0
1136 83.0
1137 204.0
1138 204.0
1139 203.0
1140 77.0
1141 204.0
1142 0.0
1143 100.0
1144 25.0
1145 203.0
1146 203.0
1147 49.0
1148 12.0
1149 251.0
1150 203.0
1151 203.0
1152 204.0
1153 203.0
1154 251.0
1155 203.0
1156 0.0
1157 0.0
1158 68.0
1159 203.0
1160 245.0
1161 74.0
1162 203.0
1163 203.0
1164 203.0
1165 203.0
1166 61.0
1167 204.0
1168 316.0
1169 213.0
1170 13.0
1171 0.0
1172 204.0
1173 316.0
1174 123.0
1175 0.0
1176 0.0
1177 38.0
1178 0.0
1179 42.0
1180 204.0
1181 50.0
1182 192.0
1183 6.0
1184 203.0
1185 148.0
1186 252.0
1187 43.0
1188 203.0
1189 204.0
1190 203.0
1191 0.0
1192 203.0
1193 180.0
1194 23.0
1195 161.0
1196 1.0
1197 203.0
1198 203.0
1199 67.0
1200 204.0
1201 203.0
1202 251.0
1203 203.0
1204 18.0
1205 315.0
1206 0.0
1207 203.0
1208 30.0
1209 77.0
1210 0.0
1211 0.0
1212 0.0
1213 20.0
1214 203.0
1215 0.0
1216 204.0
1217 0.0
1218 204.0
1219 251.0
1220 203.0
1221 146.0
1222 0.0
1223 204.0
1224 316.0
1225 203.0
1226 67.0
1227 192.0
1228 45.0
1229 315.0
1230 251.0
1231 204.0
1232 203.0
1233 251.0
1234 316.0
1235 204.0
1236 203.0
1237 252.0
1238 41.0
1239 33.0
1240 203.0
1241 203.0
1242 65.0
1243 316.0
1244 180.0
1245 55.0
1246 161.0
1247 71.0
1248 50.0
1249 203.0
1250 203.0
1251 203.0
1252 203.0
1253 204.0
1254 204.0
1255 0.0
1256 315.0
1257 11.0
1258 50.0
1259 163.0
1260 71.0
1261 0.0
1262 196.0
1263 38.0
1264 86.0
1265 203.0
1266 6.0
1267 174.0
1268 0.0
1269 251.0
1270 315.0
1271 203.0
1272 251.0
1273 251.0
1274 203.0
1275 316.0
1276 283.0
1277 72.0
1278 204.0
1279 33.0
1280 204.0
1281 35.0
1282 0.0
1283 125.0
1284 55.0
1285 247.0
1286 83.0
1287 203.0
1288 251.0
1289 23.0
1290 0.0
1291 315.0
1292 203.0
1293 68.0
1294 251.0
1295 203.0
1296 23.0
1297 78.0
1298 17.0
1299 203.0
1300 316.0
1301 0.0
1302 252.0
1303 252.0
1304 251.0
1305 251.0
1306 100.0
1307 316.0
1308 203.0
1309 49.0
1310 0.0
1311 316.0
1312 203.0
1313 144.0
1314 61.0
1315 203.0
1316 203.0
1317 0.0
1318 204.0
1319 77.0
1320 251.0
1321 251.0
1322 203.0
1323 17.0
1324 35.0
1325 204.0
1326 316.0
1327 24.0
1328 47.0
1329 203.0
1330 204.0
1331 0.0
1332 203.0
1333 204.0
1334 6.0
1335 203.0
1336 203.0
1337 203.0
1338 251.0
1339 204.0
1340 1.0
1341 251.0
1342 251.0
1343 204.0
1344 68.0
1345 203.0
1346 204.0
1347 23.0
1348 46.0
1349 0.0
1350 204.0
1351 316.0
1352 61.0
1353 251.0
1354 251.0
1355 203.0
1356 203.0
1357 24.0
1358 203.0
1359 0.0
1360 252.0
1361 185.0
1362 77.0
1363 203.0
1364 0.0
1365 0.0
1366 33.0
1367 203.0
1368 155.0
1369 204.0
1370 0.0
1371 204.0
1372 251.0
1373 203.0
1374 146.0
1375 34.0
1376 203.0
1377 316.0
1378 203.0
1379 67.0
1380 0.0
1381 203.0
1382 13.0
1383 315.0
1384 203.0
1385 203.0
1386 251.0
1387 251.0
1388 83.0
1389 16.0
1390 203.0
1391 65.0
1392 203.0
1393 203.0
1394 203.0
1395 0.0
1396 315.0
1397 180.0
1398 43.0
1399 200.0
1400 71.0
1401 50.0
1402 204.0
1403 67.0
1404 315.0
1405 203.0
1406 204.0
1407 204.0
1408 204.0
1409 251.0
1410 204.0
1411 204.0
1412 30.0
1413 77.0
1414 203.0
1415 181.0
1416 316.0
1417 0.0
1418 251.0
1419 0.0
1420 203.0
1421 17.0
1422 316.0
1423 315.0
1424 203.0
1425 203.0
1426 30.0
1427 203.0
1428 316.0
1429 203.0
1430 71.0
1431 203.0
1432 67.0
1433 204.0
1434 34.0
1435 203.0
1436 174.0
1437 7.0
1438 251.0
1439 39.0
1440 251.0
1441 0.0
1442 65.0
1443 203.0
1444 252.0
1445 203.0
1446 0.0
1447 316.0
1448 203.0
1449 38.0
1450 88.0
1451 203.0
1452 44.0
1453 251.0
1454 0.0
1455 315.0
1456 316.0
1457 204.0
1458 315.0
1459 132.0
1460 316.0
1461 11.0
1462 315.0
1463 0.0
1464 77.0
1465 0.0
1466 164.0
1467 38.0
1468 251.0
1469 316.0
1470 0.0
1471 203.0
1472 77.0
1473 99.0
1474 315.0
1475 203.0
1476 50.0
1477 30.0
1478 204.0
1479 316.0
1480 203.0
1481 0.0
1482 203.0
1483 204.0
1484 67.0
1485 103.0
1486 44.0
1487 33.0
1488 251.0
1489 251.0
1490 83.0
1491 203.0
1492 204.0
1493 38.0
1494 204.0
1495 203.0
1496 203.0
1497 68.0
1498 252.0
1499 0.0
1500 23.0
1501 203.0
1502 0.0
1503 71.0
1504 203.0
1505 93.0
1506 251.0
1507 252.0
1508 203.0
1509 203.0
1510 0.0
1511 316.0
1512 0.0
1513 203.0
1514 0.0
1515 251.0
1516 0.0
1517 2.0
1518 1.0
1519 203.0
1520 203.0
1521 203.0
1522 204.0
1523 45.0
1524 251.0
1525 316.0
1526 252.0
1527 203.0
1528 315.0
1529 251.0
1530 316.0
1531 203.0
1532 31.0
1533 34.0
1534 203.0
1535 148.0
1536 203.0
1537 0.0
1538 203.0
1539 197.0
1540 251.0
1541 203.0
1542 45.0
1543 203.0
1544 65.0
1545 252.0
1546 251.0
1547 204.0
1548 65.0
1549 251.0
1550 180.0
1551 84.0
1552 161.0
1553 203.0
1554 88.0
1555 316.0
1556 204.0
1557 315.0
1558 316.0
1559 204.0
1560 204.0
1561 0.0
1562 315.0
1563 0.0
1564 316.0
1565 30.0
1566 68.0
1567 176.0
1568 203.0
1569 203.0
1570 33.0
1571 251.0
1572 204.0
1573 203.0
1574 38.0
1575 251.0
1576 251.0
1577 83.0
1578 145.0
1579 34.0
1580 30.0
1581 316.0
1582 203.0
1583 67.0
1584 203.0
1585 203.0
1586 34.0
1587 142.0
1588 55.0
1589 203.0
1590 203.0
1591 251.0
1592 204.0
1593 148.0
1594 251.0
1595 43.0
1596 204.0
1597 204.0
1598 72.0
1599 0.0
1600 316.0
1601 180.0
1602 43.0
1603 233.0
1604 203.0
1605 204.0
1606 204.0
1607 0.0
1608 252.0
1609 203.0
1610 203.0
1611 316.0
1612 163.0
1613 316.0
1614 252.0
1615 204.0
1616 0.0
1617 50.0
1618 159.0
1619 252.0
1620 204.0
1621 251.0
1622 251.0
1623 0.0
1624 32.0
1625 38.0
1626 204.0
1627 316.0
1628 204.0
1629 251.0
1630 30.0
1631 252.0
1632 316.0
1633 151.0
1634 204.0
1635 203.0
1636 204.0
1637 0.0
1638 251.0
1639 203.0
1640 33.0
1641 202.0
1642 203.0
1643 0.0
1644 251.0
1645 203.0
1646 13.0
1647 203.0
1648 203.0
1649 204.0
1650 68.0
1651 203.0
1652 203.0
1653 100.0
1654 203.0
1655 56.0
1656 38.0
1657 316.0
1658 315.0
1659 315.0
1660 315.0
1661 203.0
1662 252.0
1663 203.0
1664 316.0
1665 144.0
1666 204.0
1667 0.0
1668 204.0
1669 203.0
1670 252.0
1671 203.0
1672 203.0
1673 203.0
1674 0.0
1675 25.0
1676 38.0
1677 204.0
1678 316.0
1679 204.0
1680 73.0
1681 51.0
1682 204.0
1683 316.0
1684 14.0
1685 164.0
1686 203.0
1687 0.0
1688 315.0
1689 252.0
1690 78.0
1691 203.0
1692 203.0
1693 203.0
1694 204.0
1695 251.0
1696 252.0
1697 0.0
1698 204.0
1699 203.0
1700 203.0
1701 42.0
1702 252.0
1703 203.0
1704 100.0
1705 203.0
1706 65.0
1707 155.0
1708 203.0
1709 67.0
1710 251.0
1711 315.0
1712 203.0
1713 252.0
1714 25.0
1715 316.0
1716 203.0
1717 83.0
1718 38.0
1719 315.0
1720 159.0
1721 1.0
1722 7.0
1723 204.0
1724 203.0
1725 203.0
1726 204.0
1727 38.0
1728 252.0
1729 316.0
1730 203.0
1731 90.0
1732 34.0
1733 204.0
1734 316.0
1735 203.0
1736 203.0
1737 0.0
1738 203.0
1739 203.0
1740 251.0
1741 252.0
1742 203.0
1743 203.0
1744 203.0
1745 203.0
1746 225.0
1747 251.0
1748 67.0
1749 203.0
1750 252.0
1751 203.0
1752 0.0
1753 251.0
1754 203.0
1755 55.0
1756 166.0
1757 203.0
1758 44.0
1759 316.0
1760 0.0
1761 315.0
1762 315.0
1763 203.0
1764 204.0
1765 203.0
1766 316.0
1767 203.0
1768 50.0
1769 30.0
1770 0.0
1771 159.0
1772 0.0
1773 315.0
1774 204.0
1775 56.0
1776 251.0
1777 169.0
1778 38.0
1779 204.0
1780 316.0
1781 203.0
1782 251.0
1783 30.0
1784 30.0
1785 316.0
1786 203.0
1787 72.0
1788 203.0
1789 0.0
1790 82.0
1791 251.0
1792 56.0
1793 111.0
1794 197.0
1795 251.0
1796 204.0
1797 203.0
1798 204.0
1799 50.0
1800 203.0
1801 252.0
1802 25.0
1803 0.0
1804 204.0
1805 180.0
1806 55.0
1807 166.0
1808 17.0
1809 0.0
1810 316.0
1811 0.0
1812 315.0
1813 315.0
1814 204.0
1815 203.0
1816 0.0
1817 316.0
1818 56.0
1819 203.0
1820 0.0
1821 204.0
1822 159.0
1823 234.0
1824 203.0
1825 315.0
1826 203.0
1827 0.0
1828 203.0
1829 38.0
1830 204.0
1831 315.0
1832 204.0
1833 251.0
1834 30.0
1835 204.0
1836 316.0
1837 154.0
1838 204.0
1839 203.0
1840 252.0
1841 99.0
1842 251.0
1843 29.0
1844 111.0
1845 204.0
1846 247.0
1847 83.0
1848 203.0
1849 204.0
1850 18.0
1851 45.0
1852 315.0
1853 34.0
1854 0.0
1855 204.0
1856 180.0
1857 100.0
1858 203.0
1859 65.0
1860 56.0
1861 251.0
1862 67.0
1863 251.0
1864 252.0
1865 6.0
1866 203.0
1867 24.0
1868 316.0
1869 203.0
1870 203.0
1871 0.0
1872 204.0
1873 159.0
1874 190.0
1875 315.0
1876 252.0
1877 203.0
1878 203.0
1879 203.0
1880 38.0
1881 251.0
1882 316.0
1883 204.0
1884 58.0
1885 34.0
1886 203.0
1887 316.0
1888 203.0
1889 203.0
1890 1.0
1891 203.0
1892 315.0
1893 204.0
1894 67.0
1895 203.0
1896 190.0
1897 251.0
1898 316.0
1899 237.0
1900 0.0
1901 315.0
1902 251.0
1903 315.0
1904 203.0
1905 203.0
1906 204.0
1907 203.0
1908 0.0
1909 203.0
1910 203.0
1911 0.0
1912 316.0
1913 204.0
1914 251.0
1915 252.0
1916 315.0
1917 315.0
1918 101.0
1919 316.0
1920 204.0
1921 204.0
1922 30.0
1923 25.0
1924 159.0
1925 0.0
1926 204.0
1927 204.0
1928 203.0
1929 251.0
1930 197.0
1931 38.0
1932 203.0
1933 316.0
1934 83.0
1935 203.0
1936 251.0
1937 30.0
1938 316.0
1939 203.0
1940 66.0
1941 1.0
1942 203.0
1943 170.0
1944 204.0
1945 56.0
1946 203.0
1947 203.0
1948 251.0
1949 203.0
1950 252.0
1951 315.0
1952 65.0
1953 204.0
1954 251.0
1955 252.0
1956 77.0
1957 203.0
1958 203.0
1959 55.0
1960 160.0
1961 0.0
1962 0.0
1963 316.0
1964 0.0
1965 316.0
1966 316.0
1967 204.0
1968 203.0
1969 29.0
1970 251.0
1971 204.0
1972 57.0
1973 30.0
1974 204.0
1975 159.0
1976 0.0
1977 94.0
1978 315.0
1979 132.0
1980 0.0
1981 198.0
1982 38.0
1983 251.0
1984 316.0
1985 83.0
1986 141.0
1987 35.0
1988 204.0
1989 316.0
1990 252.0
1991 204.0
1992 82.0
1993 0.0
1994 170.0
1995 251.0
1996 0.0
1997 2.0
1998 203.0
1999 32.0
2000 204.0
2001 203.0
2002 203.0
2003 6.0
2004 251.0
2005 316.0
2006 0.0
2007 0.0
2008 203.0
2009 180.0
2010 23.0
2011 203.0
2012 1.0
2013 315.0
2014 316.0
2015 315.0
2016 315.0
2017 315.0
2018 204.0
2019 203.0
2020 18.0
2021 251.0
2022 203.0
2023 6.0
2024 0.0
2025 251.0
2026 159.0
2027 181.0
2028 204.0
2029 203.0
2030 148.0
2031 0.0
2032 0.0
2033 38.0
2034 204.0
2035 315.0
2036 203.0
2037 203.0
2038 64.0
2039 33.0
2040 316.0
2041 151.0
2042 204.0
2043 38.0
2044 204.0
2045 315.0
2046 203.0
2047 78.0
2048 33.0
2049 203.0
2050 251.0
2051 204.0
2052 204.0
2053 315.0
2054 6.0
2055 203.0
2056 315.0
2057 316.0
2058 0.0
2059 204.0
2060 180.0
2061 38.0
2062 203.0
2063 77.0
2064 85.0
2065 316.0
2066 67.0
2067 251.0
2068 252.0
2069 316.0
2070 251.0
2071 175.0
2072 251.0
2073 315.0
2074 203.0
2075 30.0
2076 26.0
2077 0.0
2078 190.0
2079 204.0
2080 90.0
2081 0.0
2082 88.0
2083 203.0
2084 38.0
2085 316.0
2086 316.0
2087 50.0
2088 73.0
2089 29.0
2090 30.0
2091 316.0
2092 151.0
2093 60.0
2094 1.0
2095 203.0
2096 45.0
2097 316.0
2098 6.0
2099 203.0
2100 204.0
2101 251.0
2102 315.0
2103 236.0
2104 0.0
2105 204.0
2106 203.0
2107 251.0
2108 203.0
2109 68.0
2110 251.0
2111 203.0
2112 55.0
2113 203.0
2114 71.0
2115 204.0
2116 251.0
2117 0.0
2118 251.0
2119 252.0
2120 203.0
2121 316.0
2122 100.0
2123 251.0
2124 203.0
2125 203.0
2126 30.0
2127 315.0
2128 159.0
2129 0.0
2130 0.0
2131 252.0
2132 143.0
2133 203.0
2134 169.0
2135 38.0
2136 251.0
2137 316.0
2138 203.0
2139 147.0
2140 35.0
2141 204.0
2142 316.0
2143 203.0
2144 99.0
2145 0.0
2146 204.0
2147 315.0
2148 251.0
2149 203.0
2150 203.0
2151 204.0
2152 203.0
2153 315.0
2154 0.0
2155 0.0
2156 204.0
2157 252.0
2158 315.0
2159 316.0
2160 204.0
2161 203.0
2162 180.0
2163 23.0
2164 203.0
2165 204.0
2166 44.0
2167 252.0
2168 67.0
2169 315.0
2170 203.0
2171 251.0
2172 252.0
2173 100.0
2174 252.0
2175 315.0
2176 1.0
2177 0.0
2178 203.0
2179 175.0
2180 189.0
2181 203.0
2182 251.0
2183 38.0
2184 0.0
2185 169.0
2186 38.0
2187 251.0
2188 316.0
2189 204.0
2190 39.0
2191 34.0
2192 204.0
2193 316.0
2194 203.0
2195 83.0
2196 93.0
2197 316.0
2198 315.0
2199 251.0
2200 69.0
2201 203.0
2202 203.0
2203 251.0
2204 252.0
2205 203.0
2206 65.0
2207 49.0
2208 9.0
2209 315.0
2210 204.0
2211 0.0
2212 251.0
2213 203.0
2214 55.0
2215 0.0
2216 28.0
2217 71.0
2218 316.0
2219 67.0
2220 316.0
2221 252.0
2222 251.0
2223 203.0
2224 29.0
2225 203.0
2226 203.0
2227 203.0
2228 0.0
2229 30.0
2230 175.0
2231 20.0
2232 1.0
2233 251.0
2234 0.0
2235 0.0
2236 203.0
2237 38.0
2238 315.0
2239 316.0
2240 83.0
2241 39.0
2242 34.0
2243 202.0
2244 316.0
2245 203.0
2246 203.0
2247 204.0
2248 43.0
2249 167.0
2250 204.0
2251 78.0
2252 33.0
2253 203.0
2254 203.0
2255 252.0
2256 0.0
2257 0.0
2258 203.0
2259 251.0
2260 251.0
2261 203.0
2262 77.0
2263 204.0
2264 203.0
2265 47.0
2266 161.0
2267 77.0
2268 203.0
2269 204.0
2270 0.0
2271 251.0
2272 252.0
2273 203.0
2274 203.0
2275 0.0
2276 316.0
2277 204.0
2278 204.0
2279 0.0
2280 203.0
2281 0.0
2282 0.0
2283 204.0
2284 315.0
2285 0.0
2286 251.0
2287 252.0
2288 38.0
2289 315.0
2290 316.0
2291 204.0
2292 0.0
2293 30.0
2294 202.0
2295 316.0
2296 203.0
2297 204.0
2298 203.0
2299 203.0
2300 203.0
2301 203.0
2302 56.0
2303 203.0
2304 203.0
2305 251.0
2306 315.0
2307 237.0
2308 204.0
2309 251.0
2310 203.0
2311 316.0
2312 203.0
2313 77.0
2314 252.0
2315 203.0
2316 23.0
2317 203.0
2318 28.0
2319 44.0
2320 316.0
2321 0.0
2322 251.0
2323 315.0
2324 315.0
2325 251.0
2326 203.0
2327 252.0
2328 204.0
2329 50.0
2330 30.0
2331 251.0
2332 159.0
2333 0.0
2334 203.0
2335 252.0
2336 0.0
2337 0.0
2338 316.0
2339 38.0
2340 251.0
2341 315.0
2342 203.0
2343 0.0
2344 203.0
2345 204.0
2346 316.0
2347 203.0
2348 203.0
2349 93.0
2350 203.0
2351 315.0
2352 251.0
2353 49.0
2354 203.0
2355 204.0
2356 247.0
2357 229.0
2358 251.0
2359 251.0
2360 45.0
2361 9.0
2362 315.0
2363 251.0
2364 77.0
2365 203.0
2366 203.0
2367 55.0
2368 40.0
2369 37.0
2370 203.0
2371 203.0
2372 67.0
2373 316.0
2374 315.0
2375 252.0
2376 251.0
2377 99.0
2378 251.0
2379 52.0
2380 316.0
2381 0.0
2382 30.0
2383 203.0
2384 0.0
2385 203.0
2386 252.0
2387 0.0
2388 87.0
2389 252.0
2390 45.0
2391 316.0
2392 316.0
2393 6.0
2394 0.0
2395 34.0
2396 31.0
2397 316.0
2398 251.0
2399 94.0
2400 93.0
2401 0.0
2402 38.0
2403 203.0
2404 6.0
2405 30.0
2406 203.0
2407 0.0
2408 315.0
2409 251.0
2410 17.0
2411 203.0
2412 204.0
2413 315.0
2414 203.0
2415 0.0
2416 252.0
2417 203.0
2418 47.0
2419 161.0
2420 203.0
2421 88.0
2422 204.0
2423 0.0
2424 316.0
2425 252.0
2426 252.0
2427 251.0
2428 33.0
2429 203.0
2430 204.0
2431 204.0
2432 0.0
2433 251.0
2434 159.0
2435 0.0
2436 2.0
2437 251.0
2438 61.0
2439 316.0
2440 316.0
2441 45.0
2442 316.0
2443 316.0
2444 203.0
2445 18.0
2446 30.0
2447 203.0
2448 316.0
2449 203.0
2450 94.0
2451 203.0
2452 316.0
2453 38.0
2454 251.0
2455 41.0
2456 203.0
2457 197.0
2458 203.0
2459 252.0
2460 0.0
2461 0.0
2462 203.0
2463 203.0
2464 251.0
2465 203.0
2466 38.0
2467 204.0
2468 203.0
2469 100.0
2470 78.0
2471 77.0
2472 45.0
2473 203.0
2474 0.0
2475 316.0
2476 315.0
2477 203.0
2478 284.0
2479 32.0
2480 251.0
2481 203.0
2482 83.0
2483 30.0
2484 204.0
2485 9.0
2486 196.0
2487 1.0
2488 251.0
2489 0.0
2490 204.0
2491 316.0
2492 38.0
2493 251.0
2494 315.0
2495 203.0
2496 0.0
2497 68.0
2498 204.0
2499 316.0
2500 203.0
2501 203.0
2502 203.0
2503 204.0
2504 66.0
2505 315.0
2506 56.0
2507 203.0
2508 197.0
2509 247.0
2510 315.0
2511 0.0
2512 251.0
2513 251.0
2514 204.0
2515 315.0
2516 252.0
2517 77.0
2518 316.0
2519 203.0
2520 23.0
2521 40.0
2522 71.0
2523 204.0
2524 204.0
2525 93.0
2526 316.0
2527 315.0
2528 204.0
2529 251.0
2530 60.0
2531 252.0
2532 204.0
2533 99.0
2534 158.0
2535 61.0
2536 0.0
2537 0.0
2538 7.0
2539 252.0
2540 0.0
2541 0.0
2542 316.0
2543 38.0
2544 251.0
2545 316.0
2546 50.0
2547 203.0
2548 34.0
2549 204.0
2550 316.0
2551 203.0
2552 204.0
2553 93.0
2554 0.0
2555 38.0
2556 204.0
2557 56.0
2558 203.0
2559 203.0
2560 247.0
2561 315.0
2562 252.0
2563 204.0
2564 204.0
2565 204.0
2566 315.0
2567 251.0
2568 0.0
2569 203.0
2570 180.0
2571 43.0
2572 40.0
2573 37.0
2574 203.0
2575 204.0
2576 0.0
2577 316.0
2578 316.0
2579 203.0
2580 203.0
2581 98.0
2582 251.0
2583 252.0
2584 203.0
2585 0.0
2586 204.0
2587 203.0
2588 0.0
2589 61.0
2590 252.0
2591 175.0
2592 204.0
2593 203.0
2594 38.0
2595 315.0
2596 316.0
2597 7.0
2598 0.0
2599 34.0
2600 11.0
2601 316.0
2602 203.0
2603 72.0
2604 251.0
2605 204.0
2606 251.0
2607 315.0
2608 204.0
2609 0.0
2610 203.0
2611 203.0
2612 252.0
2613 252.0
2614 252.0
2615 252.0
2616 315.0
2617 251.0
2618 148.0
2619 0.0
2620 203.0
2621 180.0
2622 33.0
2623 251.0
2624 1.0
2625 315.0
2626 316.0
2627 0.0
2628 251.0
2629 315.0
2630 77.0
2631 203.0
2632 251.0
2633 203.0
2634 203.0
2635 203.0
2636 0.0
2637 204.0
2638 203.0
2639 0.0
2640 203.0
2641 252.0
2642 125.0
2643 315.0
2644 316.0
2645 38.0
2646 203.0
2647 315.0
2648 203.0
2649 33.0
2650 0.0
2651 203.0
2652 316.0
2653 151.0
2654 67.0
2655 203.0
2656 203.0
2657 66.0
2658 251.0
2659 78.0
2660 203.0
2661 197.0
2662 0.0
2663 315.0
2664 0.0
2665 251.0
2666 203.0
2667 203.0
2668 315.0
2669 203.0
2670 68.0
2671 315.0
2672 203.0
2673 38.0
2674 251.0
2675 28.0
2676 203.0
2677 203.0
2678 56.0
2679 316.0
2680 315.0
2681 315.0
2682 252.0
2683 60.0
2684 315.0
2685 316.0
2686 56.0
2687 30.0
2688 67.0
2689 0.0
2690 0.0
2691 1.0
2692 203.0
2693 0.0
2694 0.0
2695 316.0
2696 0.0
2697 315.0
2698 316.0
2699 204.0
2700 0.0
2701 34.0
2702 204.0
2703 316.0
2704 203.0
2705 203.0
2706 203.0
2707 43.0
2708 66.0
2709 251.0
2710 69.0
2711 203.0
2712 203.0
2713 251.0
2714 252.0
2715 252.0
2716 204.0
2717 316.0
2718 203.0
2719 316.0
2720 252.0
2721 0.0
2722 204.0
2723 180.0
2724 134.0
2725 251.0
2726 28.0
2727 204.0
2728 204.0
2729 67.0
2730 316.0
2731 315.0
2732 252.0
2733 315.0
2734 32.0
2735 252.0
2736 204.0
2737 203.0
2738 30.0
2739 204.0
2740 203.0
2741 142.0
2742 61.0
2743 204.0
2744 1.0
2745 0.0
2746 252.0
2747 77.0
2748 204.0
2749 316.0
2750 7.0
2751 203.0
2752 30.0
2753 252.0
2754 316.0
2755 203.0
2756 66.0
2757 203.0
2758 43.0
2759 66.0
2760 204.0
2761 56.0
2762 0.0
2763 203.0
2764 247.0
2765 252.0
2766 251.0
2767 251.0
2768 204.0
2769 203.0
2770 251.0
2771 252.0
2772 83.0
2773 203.0
2774 180.0
2775 38.0
2776 0.0
2777 37.0
2778 316.0
2779 203.0
2780 0.0
2781 316.0
2782 252.0
2783 77.0
2784 315.0
2785 93.0
2786 203.0
2787 203.0
2788 203.0
2789 0.0
2790 316.0
2791 176.0
2792 0.0
2793 204.0
2794 132.0
2795 0.0
2796 251.0
2797 203.0
2798 38.0
2799 204.0
2800 316.0
2801 83.0
2802 39.0
2803 0.0
2804 1.0
2805 316.0
2806 154.0
2807 204.0
2808 203.0
2809 203.0
2810 315.0
2811 315.0
2812 175.0
2813 32.0
2814 204.0
2815 83.0
2816 203.0
2817 0.0
2818 0.0
2819 252.0
2820 251.0
2821 251.0
2822 316.0
2823 77.0
2824 203.0
2825 203.0
2826 33.0
2827 46.0
2828 0.0
2829 204.0
2830 203.0
2831 0.0
2832 316.0
2833 252.0
2834 252.0
2835 203.0
2836 109.0
2837 251.0
2838 203.0
2839 6.0
2840 169.0
2841 203.0
2842 160.0
2843 0.0
2844 2.0
2845 49.0
2846 38.0
2847 251.0
2848 203.0
2849 38.0
2850 204.0
2851 315.0
2852 204.0
2853 143.0
2854 0.0
2855 33.0
2856 316.0
2857 203.0
2858 203.0
2859 203.0
2860 43.0
2861 105.0
2862 315.0
2863 175.0
2864 203.0
2865 186.0
2866 203.0
2867 203.0
2868 148.0
2869 316.0
2870 252.0
2871 204.0
2872 315.0
2873 203.0
2874 83.0
2875 204.0
2876 180.0
2877 203.0
2878 50.0
2879 204.0
2880 203.0
2881 204.0
2882 67.0
2883 316.0
2884 203.0
2885 315.0
2886 204.0
2887 60.0
2888 252.0
2889 251.0
2890 11.0
2891 30.0
2892 251.0
2893 159.0
2894 180.0
2895 203.0
2896 203.0
2897 0.0
2898 0.0
2899 203.0
2900 77.0
2901 50.0
2902 316.0
2903 252.0
2904 146.0
2905 0.0
2906 204.0
2907 316.0
2908 203.0
2909 31.0
2910 252.0
2911 0.0
2912 66.0
2913 204.0
2914 56.0
2915 203.0
2916 203.0
2917 203.0
2918 251.0
2919 251.0
2920 251.0
2921 252.0
2922 203.0
2923 316.0
2924 203.0
2925 0.0
2926 316.0
2927 180.0
2928 158.0
2929 0.0
2930 47.0
2931 203.0
2932 316.0
2933 315.0
2934 316.0
2935 315.0
2936 203.0
2937 251.0
2938 93.0
2939 316.0
2940 203.0
2941 203.0
2942 50.0
2943 204.0
2944 159.0
2945 0.0
2946 204.0
2947 203.0
2948 0.0
2949 0.0
2950 316.0
2951 77.0
2952 204.0
2953 316.0
2954 203.0
2955 77.0
2956 0.0
2957 204.0
2958 316.0
2959 203.0
2960 251.0
2961 203.0
2962 203.0
2963 110.0
2964 203.0
2965 57.0
2966 25.0
2967 203.0
2968 316.0
2969 203.0
2970 251.0
2971 252.0
2972 251.0
2973 316.0
2974 251.0
2975 316.0
2976 65.0
2977 203.0
2978 203.0
2979 44.0
2980 194.0
2981 28.0
2982 315.0
2983 316.0
2984 0.0
2985 316.0
2986 252.0
2987 251.0
2988 315.0
2989 60.0
2990 203.0
2991 315.0
2992 204.0
2993 0.0
2994 316.0
2995 159.0
2996 0.0
2997 204.0
2998 203.0
2999 174.0
3000 204.0
3001 203.0
3002 38.0
3003 204.0
3004 252.0
3005 99.0
3006 73.0
3007 0.0
3008 61.0
3009 316.0
3010 55.0
3011 203.0
3012 252.0
3013 203.0
3014 148.0
3015 315.0
3016 203.0
3017 33.0
3018 197.0
3019 252.0
3020 203.0
3021 22.0
3022 251.0
3023 203.0
3024 203.0
3025 316.0
3026 252.0
3027 65.0
3028 204.0
3029 203.0
3030 23.0
3031 0.0
3032 203.0
3033 203.0
3034 316.0
3035 67.0
3036 251.0
3037 252.0
3038 251.0
3039 203.0
3040 32.0
3041 315.0
3042 203.0
3043 203.0
3044 0.0
3045 251.0
3046 24.0
3047 0.0
3048 0.0
3049 18.0
3050 1.0
3051 52.0
3052 203.0
3053 38.0
3054 50.0
3055 252.0
3056 203.0
3057 316.0
3058 0.0
3059 33.0
3060 316.0
3061 203.0
3062 31.0
3063 251.0
3064 0.0
3065 105.0
3066 315.0
3067 175.0
3068 203.0
3069 197.0
3070 203.0
3071 251.0
3072 252.0
3073 252.0
3074 252.0
3075 203.0
3076 315.0
3077 316.0
3078 0.0
3079 204.0
3080 180.0
3081 203.0
3082 78.0
3083 203.0
3084 316.0
3085 316.0
3086 49.0
3087 251.0
3088 315.0
3089 252.0
3090 204.0
3091 93.0
3092 251.0
3093 252.0
3094 203.0
3095 0.0
3096 83.0
3097 159.0
3098 0.0
3099 61.0
3100 251.0
3101 174.0
3102 88.0
3103 315.0
3104 38.0
3105 251.0
3106 316.0
3107 316.0
3108 203.0
3109 0.0
3110 204.0
3111 316.0
3112 203.0
3113 203.0
3114 251.0
3115 251.0
3116 94.0
3117 251.0
3118 57.0
3119 203.0
3120 203.0
3121 203.0
3122 251.0
3123 204.0
3124 204.0
3125 315.0
3126 0.0
3127 315.0
3128 203.0
3129 0.0
3130 203.0
3131 203.0
3132 38.0
3133 78.0
3134 28.0
3135 204.0
3136 316.0
3137 12.0
3138 316.0
3139 203.0
3140 315.0
3141 204.0
3142 32.0
3143 251.0
3144 203.0
3145 204.0
3146 30.0
3147 83.0
3148 203.0
3149 0.0
3150 61.0
3151 203.0
3152 38.0
3153 0.0
3154 252.0
3155 38.0
3156 204.0
3157 316.0
3158 50.0
3159 204.0
3160 204.0
3161 204.0
3162 316.0
3163 13.0
3164 203.0
3165 203.0
3166 203.0
3167 77.0
3168 251.0
3169 57.0
3170 33.0
3171 203.0
3172 251.0
3173 204.0
3174 27.0
3175 204.0
3176 204.0
3177 203.0
3178 316.0
3179 316.0
3180 68.0
3181 252.0
3182 203.0
3183 62.0
3184 231.0
3185 50.0
3186 204.0
3187 251.0
3188 67.0
3189 316.0
3190 252.0
3191 251.0
3192 26.0
3193 98.0
3194 316.0
3195 315.0
3196 204.0
3197 30.0
3198 203.0
3199 160.0
3200 0.0
3201 61.0
3202 128.0
3203 1.0
3204 0.0
3205 252.0
3206 0.0
3207 251.0
3208 316.0
3209 252.0
3210 204.0
3211 0.0
3212 1.0
3213 316.0
3214 33.0
3215 33.0
3216 251.0
3217 6.0
3218 315.0
3219 315.0
3220 43.0
3221 25.0
3222 203.0
3223 203.0
3224 204.0
3225 251.0
3226 0.0
3227 203.0
3228 203.0
3229 315.0
3230 252.0
3231 0.0
3232 316.0
3233 180.0
3234 203.0
3235 2.0
3236 0.0
3237 315.0
3238 316.0
3239 67.0
3240 251.0
3241 252.0
3242 315.0
3243 251.0
3244 93.0
3245 316.0
3246 315.0
3247 83.0
3248 0.0
3249 203.0
3250 159.0
3251 20.0
3252 0.0
3253 38.0
3254 175.0
3255 52.0
3256 252.0
3257 77.0
3258 316.0
3259 315.0
3260 204.0
3261 203.0
3262 0.0
3263 252.0
3264 316.0
3265 204.0
3266 33.0
3267 203.0
3268 43.0
3269 38.0
3270 251.0
3271 203.0
3272 203.0
3273 197.0
3274 316.0
3275 204.0
3276 251.0
3277 251.0
3278 252.0
3279 0.0
3280 315.0
3281 315.0
3282 0.0
3283 315.0
3284 180.0
3285 158.0
3286 0.0
3287 81.0
3288 204.0
3289 203.0
3290 0.0
3291 251.0
3292 315.0
3293 315.0
3294 204.0
3295 101.0
3296 315.0
3297 203.0
3298 203.0
3299 0.0
3300 251.0
3301 159.0
3302 0.0
3303 315.0
3304 316.0
3305 61.0
3306 252.0
3307 203.0
3308 38.0
3309 316.0
3310 316.0
3311 203.0
3312 203.0
3313 0.0
3314 204.0
3315 316.0
3316 203.0
3317 31.0
3318 203.0
3319 203.0
3320 38.0
3321 203.0
3322 43.0
3323 111.0
3324 197.0
3325 251.0
3326 203.0
3327 22.0
3328 203.0
3329 203.0
3330 251.0
3331 251.0
3332 251.0
3333 77.0
3334 252.0
3335 203.0
3336 203.0
3337 78.0
3338 37.0
3339 204.0
3340 251.0
3341 12.0
3342 316.0
3343 203.0
3344 315.0
3345 284.0
3346 98.0
3347 316.0
3348 203.0
3349 316.0
3350 158.0
3351 316.0
3352 0.0
3353 185.0
3354 61.0
3355 203.0
3356 0.0
3357 0.0
3358 315.0
3359 38.0
3360 315.0
3361 316.0
3362 99.0
3363 74.0
3364 0.0
3365 33.0
3366 316.0
3367 203.0
3368 99.0
3369 203.0
3370 0.0
3371 38.0
3372 315.0
3373 57.0
3374 33.0
3375 203.0
3376 203.0
3377 83.0
3378 252.0
3379 65.0
3380 203.0
3381 204.0
3382 315.0
3383 316.0
3384 0.0
3385 316.0
3386 203.0
3387 203.0
3388 249.0
3389 203.0
3390 204.0
3391 316.0
3392 67.0
3393 251.0
3394 203.0
3395 251.0
3396 203.0
3397 33.0
3398 316.0
3399 203.0
3400 204.0
3401 0.0
3402 251.0
3403 0.0
3404 0.0
3405 38.0
3406 86.0
3407 88.0
3408 39.0
3409 252.0
3410 77.0
3411 315.0
3412 315.0
3413 316.0
3414 203.0
3415 0.0
3416 204.0
3417 316.0
3418 204.0
3419 203.0
3420 203.0
3421 0.0
3422 166.0
3423 251.0
3424 203.0
3425 203.0
3426 203.0
3427 83.0
3428 204.0
3429 315.0
3430 0.0
3431 203.0
3432 316.0
3433 316.0
3434 252.0
3435 38.0
3436 316.0
3437 180.0
3438 196.0
3439 0.0
3440 68.0
3441 204.0
3442 316.0
3443 204.0
3444 251.0
3445 252.0
3446 315.0
3447 204.0
3448 93.0
3449 316.0
3450 315.0
3451 229.0
3452 38.0
3453 316.0
3454 203.0
3455 315.0
3456 0.0
3457 77.0
3458 0.0
3459 315.0
3460 316.0
3461 77.0
3462 315.0
3463 316.0
3464 315.0
3465 203.0
3466 0.0
3467 204.0
3468 316.0
3469 252.0
3470 203.0
3471 251.0
3472 203.0
3473 176.0
3474 251.0
3475 56.0
3476 203.0
3477 203.0
3478 203.0
3479 30.0
3480 252.0
3481 251.0
3482 252.0
3483 203.0
3484 316.0
3485 251.0
3486 77.0
3487 316.0
3488 180.0
3489 203.0
3490 78.0
3491 68.0
3492 204.0
3493 251.0
3494 0.0
3495 251.0
3496 252.0
3497 316.0
3498 203.0
3499 98.0
3500 316.0
3501 203.0
3502 315.0
3503 33.0
3504 251.0
3505 203.0
3506 142.0
3507 0.0
3508 203.0
3509 0.0
3510 0.0
3511 252.0
3512 38.0
3513 316.0
3514 316.0
3515 203.0
3516 59.0
3517 0.0
3518 33.0
3519 316.0
3520 203.0
3521 203.0
3522 203.0
3523 251.0
3524 315.0
3525 315.0
3526 56.0
3527 0.0
3528 197.0
3529 251.0
3530 78.0
3531 251.0
3532 203.0
3533 203.0
3534 203.0
3535 251.0
3536 315.0
3537 39.0
3538 315.0
3539 203.0
3540 252.0
3541 315.0
3542 77.0
3543 204.0
3544 203.0
3545 67.0
3546 315.0
3547 278.0
3548 315.0
3549 27.0
3550 31.0
3551 316.0
3552 203.0
3553 315.0
3554 163.0
3555 204.0
3556 0.0
3557 143.0
3558 204.0
3559 203.0
3560 0.0
3561 39.0
3562 315.0
3563 67.0
3564 251.0
3565 316.0
3566 315.0
3567 203.0
3568 0.0
3569 252.0
3570 316.0
3571 203.0
3572 31.0
3573 203.0
3574 43.0
3575 315.0
3576 315.0
3577 17.0
3578 315.0
3579 203.0
3580 316.0
3581 78.0
3582 315.0
3583 316.0
3584 316.0
3585 252.0
3586 316.0
3587 252.0
3588 0.0
3589 203.0
3590 180.0
3591 203.0
3592 250.0
3593 37.0
3594 316.0
3595 252.0
3596 67.0
3597 251.0
3598 315.0
3599 315.0
3600 203.0
3601 93.0
3602 316.0
3603 203.0
3604 283.0
3605 0.0
3606 251.0
3607 3.0
3608 0.0
3609 61.0
3610 0.0
3611 203.0
3612 89.0
3613 315.0
3614 77.0
3615 316.0
3616 316.0
3617 252.0
3618 203.0
3619 0.0
3620 204.0
3621 316.0
3622 123.0
3623 203.0
3624 203.0
3625 204.0
3626 315.0
3627 315.0
3628 1.0
3629 203.0
3630 203.0
3631 203.0
3632 204.0
3633 315.0
3634 0.0
3635 203.0
3636 251.0
3637 315.0
3638 203.0
3639 316.0
3640 204.0
3641 180.0
3642 203.0
3643 0.0
3644 204.0
3645 203.0
3646 316.0
3647 0.0
3648 316.0
3649 203.0
3650 315.0
3651 204.0
3652 98.0
3653 316.0
3654 316.0
3655 316.0
3656 203.0
3657 204.0
3658 203.0
3659 0.0
3660 0.0
3661 203.0
3662 0.0
3663 0.0
3664 316.0
3665 68.0
3666 251.0
3667 316.0
3668 316.0
3669 203.0
3670 0.0
3671 62.0
3672 316.0
3673 252.0
3674 33.0
3675 203.0
3676 203.0
3677 203.0
3678 251.0
3679 69.0
3680 203.0
3681 197.0
3682 251.0
3683 203.0
3684 252.0
3685 203.0
3686 203.0
3687 45.0
3688 251.0
3689 251.0
3690 65.0
3691 203.0
3692 203.0
3693 251.0
3694 46.0
3695 28.0
3696 203.0
3697 203.0
3698 0.0
3699 315.0
3700 203.0
3701 316.0
3702 39.0
3703 98.0
3704 316.0
3705 203.0
3706 315.0
3707 37.0
3708 251.0
3709 0.0
3710 142.0
3711 1.0
3712 203.0
3713 0.0
3714 203.0
3715 252.0
3716 68.0
3717 316.0
3718 316.0
3719 316.0
3720 50.0
3721 34.0
3722 203.0
3723 316.0
3724 203.0
3725 203.0
3726 203.0
3727 316.0
3728 315.0
3729 315.0
3730 0.0
3731 31.0
3732 203.0
3733 203.0
3734 78.0
3735 251.0
3736 203.0
3737 203.0
3738 251.0
3739 315.0
3740 252.0
3741 38.0
3742 203.0
3743 203.0
3744 252.0
3745 203.0
3746 0.0
3747 203.0
3748 251.0
3749 93.0
3750 251.0
3751 203.0
3752 315.0
3753 203.0
3754 98.0
3755 316.0
3756 203.0
3757 251.0
3758 203.0
3759 251.0
3760 0.0
3761 2.0
3762 204.0
3763 203.0
3764 0.0
3765 251.0
3766 316.0
3767 77.0
3768 251.0
3769 316.0
3770 315.0
3771 90.0
3772 0.0
3773 204.0
3774 316.0
3775 203.0
3776 203.0
3777 252.0
3778 252.0
3779 105.0
3780 315.0
3781 0.0
3782 204.0
3783 203.0
3784 315.0
3785 203.0
3786 315.0
3787 0.0
3788 33.0
3789 204.0
3790 316.0
3791 316.0
3792 0.0
3793 315.0
3794 180.0
3795 203.0
3796 0.0
3797 47.0
3798 204.0
3799 316.0
3800 56.0
3801 316.0
3802 316.0
3803 316.0
3804 94.0
3805 93.0
3806 316.0
3807 204.0
3808 315.0
3809 77.0
3810 316.0
3811 203.0
3812 0.0
3813 316.0
3814 252.0
3815 72.0
3816 7.0
3817 203.0
3818 77.0
3819 251.0
3820 316.0
3821 252.0
3822 144.0
3823 0.0
3824 204.0
3825 316.0
3826 203.0
3827 251.0
3828 203.0
3829 203.0
3830 315.0
3831 316.0
3832 69.0
3833 203.0
3834 197.0
3835 204.0
3836 0.0
3837 252.0
3838 0.0
3839 203.0
3840 203.0
3841 316.0
3842 203.0
3843 77.0
3844 204.0
3845 204.0
3846 203.0
3847 50.0
3848 28.0
3849 204.0
3850 316.0
3851 0.0
3852 316.0
3853 315.0
3854 315.0
3855 203.0
3856 98.0
3857 316.0
3858 315.0
3859 204.0
3860 252.0
3861 251.0
3862 203.0
3863 1.0
3864 94.0
3865 103.0
3866 203.0
3867 204.0
3868 203.0
3869 0.0
3870 316.0
3871 316.0
3872 315.0
3873 251.0
3874 0.0
3875 1.0
3876 316.0
3877 251.0
3878 203.0
3879 251.0
3880 203.0
3881 32.0
3882 251.0
3883 204.0
3884 203.0
3885 203.0
3886 315.0
3887 0.0
3888 251.0
3889 106.0
3890 203.0
3891 203.0
3892 251.0
3893 252.0
3894 77.0
3895 251.0
3896 203.0
3897 251.0
3898 29.0
3899 65.0
3900 204.0
3901 316.0
3902 67.0
3903 251.0
3904 315.0
3905 316.0
3906 204.0
3907 98.0
3908 316.0
3909 203.0
3910 315.0
3911 203.0
3912 251.0
3913 0.0
3914 143.0
3915 203.0
3916 251.0
3917 0.0
3918 204.0
3919 316.0
3920 0.0
3921 316.0
3922 316.0
3923 315.0
3924 38.0
3925 30.0
3926 252.0
3927 316.0
3928 204.0
3929 203.0
3930 252.0
3931 252.0
3932 315.0
3933 316.0
3934 6.0
3935 203.0
3936 203.0
3937 315.0
3938 180.0
3939 252.0
3940 203.0
3941 203.0
3942 251.0
3943 316.0
3944 252.0
3945 83.0
3946 203.0
3947 180.0
3948 251.0
3949 0.0
3950 1.0
3951 316.0
3952 316.0
3953 93.0
3954 251.0
3955 315.0
3956 315.0
3957 203.0
3958 98.0
3959 316.0
3960 204.0
3961 203.0
3962 77.0
3963 316.0
3964 203.0
3965 0.0
3966 203.0
3967 204.0
3968 0.0
3969 204.0
3970 316.0
3971 77.0
3972 316.0
3973 316.0
3974 315.0
3975 50.0
3976 34.0
3977 204.0
3978 316.0
3979 203.0
3980 203.0
3981 252.0
3982 203.0
3983 94.0
3984 315.0
3985 251.0
3986 203.0
3987 203.0
3988 204.0
3989 77.0
3990 315.0
3991 0.0
3992 204.0
3993 316.0
3994 316.0
3995 203.0
3996 0.0
3997 316.0
3998 203.0
3999 252.0
4000 0.0
4001 1.0
4002 204.0
4003 316.0
4004 0.0
4005 316.0
4006 252.0
4007 316.0
4008 203.0
4009 98.0
4010 316.0
4011 315.0
4012 203.0
4013 251.0
4014 315.0
4015 94.0
4016 0.0
4017 94.0
4018 128.0
4019 203.0
4020 0.0
4021 203.0
4022 203.0
4023 315.0
4024 316.0
4025 315.0
4026 143.0
4027 34.0
4028 203.0
4029 316.0
4030 252.0
4031 251.0
4032 251.0
4033 252.0
4034 71.0
4035 315.0
4036 120.0
4037 252.0
4038 197.0
4039 203.0
4040 316.0
4041 251.0
4042 0.0
4043 203.0
4044 315.0
4045 316.0
4046 316.0
4047 77.0
4048 316.0
4049 204.0
4050 252.0
4051 72.0
4052 203.0
4053 68.0
4054 203.0
4055 0.0
4056 251.0
4057 203.0
4058 315.0
4059 251.0
4060 32.0
4061 316.0
4062 203.0
4063 203.0
4064 203.0
4065 316.0
4066 0.0
4067 0.0
4068 203.0
4069 252.0
4070 0.0
4071 204.0
4072 316.0
4073 0.0
4074 316.0
4075 316.0
4076 315.0
4077 204.0
4078 0.0
4079 33.0
4080 316.0
4081 204.0
4082 99.0
4083 203.0
4084 283.0
4085 315.0
4086 251.0
4087 69.0
4088 204.0
4089 203.0
4090 203.0
4091 203.0
4092 0.0
4093 203.0
4094 203.0
4095 252.0
4096 316.0
4097 252.0
4098 77.0
4099 316.0
4100 180.0
4101 252.0
4102 251.0
4103 68.0
4104 203.0
4105 316.0
4106 66.0
4107 251.0
4108 203.0
4109 315.0
4110 204.0
4111 93.0
4112 316.0
4113 203.0
4114 50.0
4115 251.0
4116 203.0
4117 12.0
4118 0.0
4119 204.0
4120 203.0
4121 32.0
4122 203.0
4123 316.0
4124 61.0
4125 252.0
4126 316.0
4127 315.0
4128 50.0
4129 30.0
4130 252.0
4131 316.0
4132 203.0
4133 203.0
4134 251.0
4135 203.0
4136 111.0
4137 251.0
4138 6.0
4139 203.0
4140 203.0
4141 315.0
4142 204.0
4143 236.0
4144 204.0
4145 252.0
4146 316.0
4147 316.0
4148 203.0
4149 0.0
4150 203.0
4151 180.0
4152 203.0
4153 251.0
4154 203.0
4155 203.0
4156 316.0
4157 67.0
4158 251.0
4159 252.0
4160 315.0
4161 83.0
4162 93.0
4163 316.0
4164 204.0
4165 203.0
4166 251.0
4167 315.0
4168 203.0
4169 0.0
4170 7.0
4171 204.0
4172 56.0
4173 35.0
4174 316.0
4175 68.0
4176 251.0
4177 316.0
4178 315.0
4179 79.0
4180 66.0
4181 204.0
4182 316.0
4183 203.0
4184 204.0
4185 251.0
4186 203.0
4187 105.0
4188 315.0
4189 204.0
4190 203.0
4191 197.0
4192 252.0
4193 315.0
4194 45.0
4195 0.0
4196 203.0
4197 315.0
4198 316.0
4199 316.0
4200 0.0
4201 315.0
4202 204.0
4203 252.0
4204 40.0
4205 71.0
4206 204.0
4207 316.0
4208 0.0
4209 316.0
4210 252.0
4211 315.0
4212 203.0
4213 32.0
4214 316.0
4215 203.0
4216 204.0
4217 252.0
4218 283.0
4219 88.0
4220 203.0
4221 0.0
4222 77.0
4223 137.0
4224 252.0
4225 252.0
4226 0.0
4227 316.0
4228 316.0
4229 315.0
4230 203.0
4231 34.0
4232 204.0
4233 316.0
4234 203.0
4235 251.0
4236 251.0
4237 315.0
4238 32.0
4239 316.0
4240 120.0
4241 204.0
4242 197.0
4243 203.0
4244 204.0
4245 203.0
4246 0.0
4247 203.0
4248 316.0
4249 316.0
4250 252.0
4251 68.0
4252 251.0
4253 203.0
4254 252.0
4255 251.0
4256 203.0
4257 203.0
4258 203.0
4259 67.0
4260 316.0
4261 203.0
4262 315.0
4263 315.0
4264 32.0
4265 316.0
4266 203.0
4267 50.0
4268 204.0
4269 316.0
4270 251.0
4271 180.0
4272 203.0
4273 251.0
4274 203.0
4275 251.0
4276 316.0
4277 66.0
4278 204.0
4279 316.0
4280 315.0
4281 203.0
4282 30.0
4283 203.0
4284 316.0
4285 203.0
4286 203.0
4287 203.0
4288 315.0
4289 174.0
4290 251.0
4291 204.0
4292 252.0
4293 203.0
4294 204.0
4295 252.0
4296 203.0
4297 252.0
4298 203.0
4299 315.0
4300 315.0
4301 251.0
4302 0.0
4303 252.0
4304 180.0
4305 252.0
4306 251.0
4307 203.0
4308 204.0
4309 203.0
4310 67.0
4311 316.0
4312 315.0
4313 316.0
4314 204.0
4315 93.0
4316 316.0
4317 204.0
4318 203.0
4319 251.0
4320 251.0
4321 203.0
4322 1.0
4323 203.0
4324 203.0
4325 25.0
4326 0.0
4327 251.0
4328 203.0
4329 315.0
4330 315.0
4331 315.0
4332 77.0
4333 40.0
4334 203.0
4335 316.0
4336 315.0
4337 204.0
4338 203.0
4339 252.0
4340 315.0
4341 315.0
4342 1.0
4343 316.0
4344 203.0
4345 251.0
4346 315.0
4347 237.0
4348 251.0
4349 251.0
4350 316.0
4351 315.0
4352 251.0
4353 0.0
4354 315.0
4355 180.0
4356 252.0
4357 203.0
4358 71.0
4359 315.0
4360 316.0
4361 0.0
4362 251.0
4363 252.0
4364 251.0
4365 204.0
4366 93.0
4367 316.0
4368 251.0
4369 204.0
4370 203.0
4371 316.0
4372 203.0
4373 181.0
4374 315.0
4375 203.0
4376 203.0
4377 204.0
4378 316.0
4379 61.0
4380 203.0
4381 316.0
4382 316.0
4383 203.0
4384 34.0
4385 252.0
4386 316.0
4387 252.0
4388 99.0
4389 251.0
4390 315.0
4391 203.0
4392 315.0
4393 17.0
4394 203.0
4395 203.0
4396 0.0
4397 315.0
4398 236.0
4399 0.0
4400 203.0
4401 316.0
4402 315.0
4403 252.0
4404 42.0
4405 316.0
4406 203.0
4407 252.0
4408 315.0
4409 68.0
4410 252.0
4411 203.0
4412 12.0
4413 251.0
4414 203.0
4415 315.0
4416 50.0
4417 32.0
4418 316.0
4419 203.0
4420 56.0
4421 315.0
4422 316.0
4423 7.0
4424 315.0
4425 13.0
4426 20.0
4427 0.0
4428 252.0
4429 316.0
4430 67.0
4431 315.0
4432 316.0
4433 315.0
4434 203.0
4435 45.0
4436 203.0
4437 316.0
4438 203.0
4439 204.0
4440 252.0
4441 315.0
4442 202.0
4443 315.0
4444 33.0
4445 316.0
4446 197.0
4447 247.0
4448 252.0
4449 203.0
4450 252.0
4451 203.0
4452 316.0
4453 315.0
4454 252.0
4455 30.0
4456 315.0
4457 203.0
4458 252.0
4459 251.0
4460 203.0
4461 316.0
4462 203.0
4463 66.0
4464 316.0
4465 315.0
4466 316.0
4467 204.0
4468 93.0
4469 316.0
4470 112.0
4471 204.0
4472 203.0
4473 251.0
4474 33.0
4475 0.0
4476 204.0
4477 251.0
4478 203.0
4479 72.0
4480 316.0
4481 66.0
4482 315.0
4483 316.0
4484 316.0
4485 96.0
4486 0.0
4487 315.0
4488 316.0
4489 252.0
4490 203.0
4491 203.0
4492 315.0
4493 203.0
4494 251.0
4495 203.0
4496 316.0
4497 203.0
4498 0.0
4499 252.0
4500 203.0
4501 251.0
4502 251.0
4503 316.0
4504 315.0
4505 251.0
4506 25.0
4507 315.0
4508 180.0
4509 315.0
4510 273.0
4511 163.0
4512 315.0
4513 204.0
4514 6.0
4515 316.0
4516 203.0
4517 315.0
4518 203.0
4519 93.0
4520 316.0
4521 203.0
4522 204.0
4523 315.0
4524 251.0
4525 203.0
4526 1.0
4527 204.0
4528 203.0
4529 0.0
4530 203.0
4531 251.0
4532 46.0
4533 315.0
4534 316.0
4535 315.0
4536 203.0
4537 204.0
4538 252.0
4539 316.0
4540 315.0
4541 204.0
4542 203.0
4543 315.0
4544 105.0
4545 316.0
4546 0.0
4547 315.0
4548 203.0
4549 315.0
4550 315.0
4551 251.0
4552 252.0
4553 203.0
4554 316.0
4555 315.0
4556 316.0
4557 42.0
4558 316.0
4559 204.0
4560 251.0
4561 251.0
4562 37.0
4563 316.0
4564 316.0
4565 0.0
4566 251.0
4567 252.0
4568 315.0
4569 252.0
4570 31.0
4571 316.0
4572 315.0
4573 203.0
4574 252.0
4575 316.0
4576 2.0
4577 315.0
4578 203.0
4579 0.0
4580 101.0
4581 278.0
4582 315.0
4583 77.0
4584 316.0
4585 316.0
4586 315.0
4587 203.0
4588 0.0
4589 252.0
4590 316.0
4591 316.0
4592 203.0
4593 203.0
4594 315.0
4595 38.0
4596 315.0
4597 69.0
4598 203.0
4599 197.0
4600 204.0
4601 203.0
4602 251.0
4603 316.0
4604 203.0
4605 315.0
4606 315.0
4607 316.0
4608 42.0
4609 204.0
4610 99.0
4611 252.0
4612 84.0
4613 65.0
4614 315.0
4615 203.0
4616 6.0
4617 316.0
4618 252.0
4619 315.0
4620 204.0
4621 32.0
4622 316.0
4623 23.0
4624 204.0
4625 251.0
4626 315.0
4627 204.0
4628 180.0
4629 61.0
4630 203.0
4631 0.0
4632 252.0
4633 316.0
4634 38.0
4635 315.0
4636 316.0
4637 315.0
4638 204.0
4639 35.0
4640 203.0
4641 316.0
4642 315.0
4643 204.0
4644 252.0
4645 316.0
4646 251.0
4647 315.0
4648 204.0
4649 251.0
4650 203.0
4651 251.0
4652 204.0
4653 203.0
4654 251.0
4655 203.0
4656 316.0
4657 315.0
4658 316.0
4659 25.0
4660 315.0
4661 180.0
4662 251.0
4663 315.0
4664 68.0
4665 316.0
4666 316.0
4667 67.0
4668 316.0
4669 315.0
4670 316.0
4671 204.0
4672 32.0
4673 316.0
4674 251.0
4675 204.0
4676 251.0
4677 251.0
4678 204.0
4679 251.0
4680 13.0
4681 203.0
4682 251.0
4683 252.0
4684 203.0
4685 56.0
4686 315.0
4687 316.0
4688 315.0
4689 204.0
4690 34.0
4691 315.0
4692 316.0
4693 316.0
4694 203.0
4695 251.0
4696 315.0
4697 315.0
4698 316.0
4699 1.0
4700 316.0
4701 203.0
4702 316.0
4703 204.0
4704 251.0
4705 203.0
4706 204.0
4707 316.0
4708 315.0
4709 316.0
4710 0.0
4711 252.0
4712 203.0
4713 251.0
4714 251.0
4715 1.0
4716 315.0
4717 251.0
4718 49.0
4719 251.0
4720 315.0
4721 315.0
4722 204.0
4723 93.0
4724 316.0
4725 203.0
4726 204.0
4727 252.0
4728 316.0
4729 0.0
4730 204.0
4731 204.0
4732 18.0
4733 56.0
4734 252.0
4735 315.0
4736 61.0
4737 315.0
4738 315.0
4739 315.0
4740 203.0
4741 34.0
4742 252.0
4743 316.0
4744 203.0
4745 203.0
4746 203.0
4747 316.0
4748 862.0
4749 316.0
4750 69.0
4751 316.0
4752 203.0
4753 251.0
4754 203.0
4755 251.0
4756 0.0
4757 203.0
4758 316.0
4759 315.0
4760 316.0
4761 68.0
4762 316.0
4763 0.0
4764 315.0
4765 252.0
4766 71.0
4767 252.0
4768 316.0
4769 0.0
4770 316.0
4771 315.0
4772 316.0
4773 203.0
4774 93.0
4775 316.0
4776 23.0
4777 83.0
4778 251.0
4779 316.0
4780 32.0
4781 189.0
4782 204.0
4783 203.0
4784 108.0
4785 315.0
4786 316.0
4787 66.0
4788 316.0
4789 316.0
4790 315.0
4791 203.0
4792 34.0
4793 203.0
4794 862.0
4795 170.0
4796 121.0
4797 203.0
4798 316.0
4799 203.0
4800 316.0
4801 6.0
4802 619.0
4803 203.0
4804 203.0
4805 203.0
4806 203.0
4807 88.0
4808 148.0
4809 315.0
4810 315.0
4811 315.0
4812 30.0
4813 315.0
4814 186.0
4815 170.0
4816 0.0
4817 39.0
4818 251.0
4819 203.0
4820 203.0
4821 315.0
4822 315.0
4823 148.0
4824 121.0
4825 60.0
4826 315.0
4827 0.0
4828 148.0
4829 315.0
4830 315.0
4831 203.0
4832 163.0
4833 251.0
4834 203.0
4835 228.0
4836 315.0
4837 315.0
4838 0.0
4839 203.0
4840 315.0
4841 315.0
4842 203.0
4843 146.0
4844 315.0
4845 862.0
4846 88.0
4847 121.0
4848 315.0
4849 315.0
4850 203.0
4851 315.0
4852 98.0
4853 315.0
4854 203.0
4855 106.0
4856 77.0
4857 203.0
4858 1.0
4859 203.0
4860 315.0
4861 316.0
4862 315.0
4863 0.0
4864 446.0
4865 174.0
4866 111.0
4867 0.0
4868 0.0
4869 203.0
4870 453.0
4871 203.0
4872 434.0
4873 315.0
4874 315.0
4875 0.0
4876 60.0
4877 315.0
4878 251.0
4879 203.0
4880 316.0
4881 251.0
4882 180.0
4883 1.0
4884 25.0
4885 203.0
4886 315.0
4887 203.0
4888 315.0
4889 61.0
4890 315.0
4891 315.0
4892 315.0
4893 77.0
4894 203.0
4895 204.0
4896 862.0
4897 167.0
4898 204.0
4899 203.0
4900 316.0
4901 315.0
4902 170.0
4903 6.0
4904 203.0
4905 203.0
4906 315.0
4907 203.0
4908 251.0
4909 251.0
4910 203.0
4911 203.0
4912 316.0
4913 315.0
4914 68.0
4915 315.0
4916 0.0
4917 315.0
4918 0.0
4919 6.0
4920 315.0
4921 315.0
4922 0.0
4923 315.0
4924 315.0
4925 136.0
4926 315.0
4927 33.0
4928 251.0
4929 169.0
4930 203.0
4931 251.0
4932 315.0
4933 0.0
4934 252.0
4935 203.0
4936 38.0
4937 251.0
4938 32.0
4939 446.0
4940 38.0
4941 315.0
4942 315.0
4943 428.0
4944 203.0
4945 34.0
4946 203.0
4947 862.0
4948 315.0
4949 204.0
4950 315.0
4951 203.0
4952 203.0
4953 99.0
4954 34.0
4955 169.0
4956 196.0
4957 203.0
4958 203.0
4959 203.0
4960 158.0
4961 170.0
4962 170.0
4963 315.0
4964 315.0
4965 68.0
4966 315.0
4967 203.0
4968 315.0
4969 0.0
4970 203.0
4971 252.0
4972 315.0
4973 203.0
4974 446.0
4975 73.0
4976 165.0
4977 154.0
4978 60.0
4979 315.0
4980 38.0
4981 203.0
4982 252.0
4983 170.0
4984 203.0
4985 88.0
4986 315.0
4987 38.0
4988 251.0
4989 315.0
4990 315.0
4991 61.0
4992 315.0
4993 316.0
4994 315.0
4995 315.0
4996 316.0
4997 315.0
4998 862.0
4999 148.0
5000 133.0
5001 439.0
5002 315.0
5003 862.0
5004 148.0
5005 0.0
5006 159.0
5007 203.0
5008 203.0
5009 203.0
5010 251.0
5011 315.0
5012 148.0
5013 251.0
5014 315.0
5015 315.0
5016 0.0
5017 315.0
5018 126.0
5019 315.0
5020 0.0
5021 316.0
5022 203.0
5023 203.0
5024 315.0
5025 315.0
5026 315.0
5027 165.0
5028 0.0
5029 60.0
5030 315.0
5031 148.0
5032 165.0
5033 315.0
5034 203.0
5035 203.0
5036 181.0
5037 315.0
5038 32.0
5039 224.0
5040 170.0
5041 251.0
5042 77.0
5043 251.0
5044 203.0
5045 315.0
5046 251.0
5047 203.0
5048 148.0
5049 862.0
5050 203.0
5051 121.0
5052 315.0
5053 316.0
5054 315.0
5055 315.0
5056 316.0
5057 180.0
5058 203.0
5059 127.0
5060 203.0
5061 32.0
5062 203.0
5063 203.0
5064 439.0
5065 251.0
5066 203.0
5067 30.0
5068 315.0
5069 17.0
5070 203.0
5071 251.0
5072 0.0
5073 315.0
5074 315.0
5075 203.0
5076 453.0
5077 316.0
5078 137.0
5079 315.0
5080 98.0
5081 315.0
5082 203.0
5083 142.0
5084 315.0
5085 251.0
5086 27.0
5087 0.0
5088 99.0
5089 38.0
5090 143.0
5091 110.0
5092 159.0
5093 28.0
5094 434.0
5095 315.0
5096 315.0
5097 316.0
5098 198.0
5099 315.0
5100 862.0
