1 0.0
2 0.0
3 7.0
4 0.0
5 25.0
6 33.0
7 32.0
8 27.0
9 411.0
10 203.0
11 131.0
12 106.0
13 93.0
14 327.0
15 0.0
16 0.0
17 101.0
18 57.0
19 171.0
20 115.0
21 38.0
22 30.0
23 0.0
24 0.0
25 0.0
26 0.0
27 0.0
28 204.0
29 80.0
30 203.0
31 7.0
32 0.0
33 0.0
34 33.0
35 169.0
36 53.0
37 203.0
38 0.0
39 0.0
40 191.0
41 203.0
42 203.0
43 191.0
44 0.0
45 398.0
46 0.0
47 100.0
48 0.0
49 32.0
50 203.0
51 411.0
52 203.0
53 0.0
54 7.0
55 0.0
56 32.0
57 33.0
58 30.0
59 203.0
60 411.0
61 203.0
62 204.0
63 159.0
64 153.0
65 327.0
66 0.0
67 101.0
68 101.0
69 73.0
70 171.0
71 203.0
72 0.0
73 0.0
74 0.0
75 0.0
76 0.0
77 0.0
78 0.0
79 204.0
80 204.0
81 203.0
82 203.0
83 154.0
84 0.0
85 93.0
86 169.0
87 203.0
88 203.0
89 0.0
90 0.0
91 0.0
92 203.0
93 203.0
94 197.0
95 154.0
96 398.0
97 270.0
98 100.0
99 0.0
100 38.0
101 203.0
102 411.0
103 203.0
104 0.0
105 7.0
106 0.0
107 32.0
108 33.0
109 158.0
110 411.0
111 411.0
112 203.0
113 109.0
114 203.0
115 158.0
116 327.0
117 203.0
118 203.0
119 101.0
120 76.0
121 175.0
122 171.0
123 0.0
124 0.0
125 198.0
126 0.0
127 0.0
128 0.0
129 203.0
130 204.0
131 326.0
132 203.0
133 203.0
134 72.0
135 121.0
136 128.0
137 93.0
138 203.0
139 203.0
140 20.0
141 0.0
142 203.0
143 203.0
144 203.0
145 187.0
146 216.0
147 398.0
148 259.0
149 203.0
150 0.0
151 203.0
152 203.0
153 411.0
154 203.0
155 169.0
156 7.0
157 0.0
158 0.0
159 158.0
160 147.0
161 400.0
162 411.0
163 268.0
164 138.0
165 203.0
166 138.0
167 327.0
168 0.0
169 203.0
170 203.0
171 203.0
172 203.0
173 40.0
174 5.0
175 0.0
176 92.0
177 0.0
178 0.0
179 203.0
180 0.0
181 207.0
182 191.0
183 203.0
184 203.0
185 116.0
186 147.0
187 93.0
188 203.0
189 32.0
190 203.0
191 33.0
192 30.0
193 202.0
194 203.0
195 203.0
196 103.0
197 203.0
198 398.0
199 411.0
200 203.0
201 40.0
202 6.0
203 203.0
204 411.0
205 32.0
206 89.0
207 0.0
208 32.0
209 110.0
210 158.0
211 164.0
212 507.0
213 411.0
214 507.0
215 476.0
216 203.0
217 158.0
218 327.0
219 316.0
220 203.0
221 103.0
222 1.0
223 40.0
224 34.0
225 44.0
226 219.0
227 33.0
228 74.0
229 182.0
230 203.0
231 204.0
232 176.0
233 204.0
234 182.0
235 0.0
236 0.0
237 191.0
238 203.0
239 137.0
240 0.0
241 203.0
242 203.0
243 167.0
244 202.0
245 203.0
246 203.0
247 411.0
248 203.0
249 400.0
250 201.0
251 203.0
252 35.0
253 25.0
254 203.0
255 507.0
256 203.0
257 203.0
258 158.0
259 33.0
260 45.0
261 164.0
262 169.0
263 203.0
264 203.0
265 203.0
266 507.0
267 87.0
268 132.0
269 327.0
270 166.0
271 170.0
272 203.0
273 0.0
274 203.0
275 170.0
276 0.0
277 165.0
278 61.0
279 198.0
280 203.0
281 203.0
282 225.0
283 204.0
284 203.0
285 204.0
286 85.0
287 0.0
288 0.0
289 204.0
290 93.0
291 203.0
292 203.0
293 203.0
294 0.0
295 0.0
296 203.0
297 235.0
298 204.0
299 195.0
300 403.0
301 411.0
302 203.0
303 203.0
304 203.0
305 203.0
306 507.0
307 203.0
308 0.0
309 86.0
310 70.0
311 164.0
312 164.0
313 152.0
314 411.0
315 203.0
316 203.0
317 507.0
318 411.0
319 138.0
320 327.0
321 143.0
322 203.0
323 203.0
324 76.0
325 192.0
326 143.0
327 0.0
328 197.0
329 33.0
330 0.0
331 204.0
332 155.0
333 185.0
334 239.0
335 204.0
336 0.0
337 13.0
338 203.0
339 203.0
340 126.0
341 204.0
342 31.0
343 203.0
344 203.0
345 3.0
346 0.0
347 257.0
348 432.0
349 33.0
350 203.0
351 350.0
352 219.0
353 203.0
354 120.0
355 0.0
356 203.0
357 507.0
358 203.0
359 0.0
360 1.0
361 147.0
362 147.0
363 30.0
364 173.0
365 507.0
366 507.0
367 507.0
368 494.0
369 203.0
370 203.0
371 327.0
372 90.0
373 203.0
374 203.0
375 55.0
376 203.0
377 169.0
378 0.0
379 0.0
380 30.0
381 0.0
382 204.0
383 80.0
384 0.0
385 178.0
386 179.0
387 201.0
388 37.0
389 203.0
390 132.0
391 33.0
392 203.0
393 102.0
394 203.0
395 77.0
396 159.0
397 203.0
398 204.0
399 262.0
400 262.0
401 203.0
402 411.0
403 411.0
404 203.0
405 35.0
406 203.0
407 203.0
408 507.0
409 0.0
410 89.0
411 158.0
412 147.0
413 164.0
414 147.0
415 203.0
416 390.0
417 203.0
418 203.0
419 203.0
420 507.0
421 507.0
422 327.0
423 203.0
424 204.0
425 98.0
426 0.0
427 203.0
428 49.0
429 0.0
430 158.0
431 0.0
432 13.0
433 204.0
434 203.0
435 204.0
436 203.0
437 326.0
438 204.0
439 202.0
440 203.0
441 0.0
442 126.0
443 203.0
444 204.0
445 203.0
446 203.0
447 0.0
448 393.0
449 204.0
450 262.0
451 203.0
452 203.0
453 387.0
454 387.0
455 203.0
456 35.0
457 38.0
458 203.0
459 507.0
460 32.0
461 169.0
462 112.0
463 164.0
464 164.0
465 147.0
466 481.0
467 411.0
468 507.0
469 203.0
470 482.0
471 71.0
472 507.0
473 203.0
474 90.0
475 174.0
476 203.0
477 34.0
478 203.0
479 115.0
480 219.0
481 146.0
482 32.0
483 32.0
484 203.0
485 182.0
486 85.0
487 199.0
488 326.0
489 0.0
490 32.0
491 203.0
492 40.0
493 126.0
494 203.0
495 204.0
496 204.0
497 403.0
498 30.0
499 203.0
500 126.0
501 203.0
502 0.0
503 202.0
504 270.0
505 219.0
506 240.0
507 35.0
508 203.0
509 203.0
510 507.0
511 0.0
512 177.0
513 0.0
514 147.0
515 142.0
516 147.0
517 389.0
518 411.0
519 411.0
520 203.0
521 411.0
522 203.0
523 203.0
524 507.0
525 142.0
526 175.0
527 203.0
528 66.0
529 203.0
530 197.0
531 197.0
532 197.0
533 0.0
534 62.0
535 204.0
536 203.0
537 204.0
538 30.0
539 326.0
540 87.0
541 0.0
542 159.0
543 203.0
544 203.0
545 204.0
546 151.0
547 203.0
548 203.0
549 24.0
550 203.0
551 204.0
552 262.0
553 203.0
554 167.0
555 393.0
556 411.0
557 121.0
558 129.0
559 6.0
560 203.0
561 507.0
562 203.0
563 177.0
564 0.0
565 168.0
566 142.0
567 147.0
568 507.0
569 411.0
570 507.0
571 203.0
572 494.0
573 203.0
574 507.0
575 507.0
576 411.0
577 169.0
578 227.0
579 66.0
580 203.0
581 109.0
582 0.0
583 173.0
584 0.0
585 0.0
586 204.0
587 80.0
588 0.0
589 227.0
590 204.0
591 203.0
592 59.0
593 203.0
594 132.0
595 203.0
596 204.0
597 114.0
598 116.0
599 203.0
600 0.0
601 203.0
602 262.0
603 262.0
604 192.0
605 135.0
606 411.0
607 387.0
608 0.0
609 35.0
610 203.0
611 203.0
612 507.0
613 0.0
614 0.0
615 0.0
616 164.0
617 0.0
618 147.0
619 203.0
620 411.0
621 507.0
622 203.0
623 203.0
624 203.0
625 507.0
626 507.0
627 507.0
628 19.0
629 204.0
630 334.0
631 203.0
632 152.0
633 197.0
634 146.0
635 0.0
636 32.0
637 59.0
638 294.0
639 204.0
640 203.0
641 326.0
642 202.0
643 272.0
644 203.0
645 93.0
646 204.0
647 204.0
648 146.0
649 390.0
650 203.0
651 24.0
652 1.0
653 128.0
654 203.0
655 267.0
656 38.0
657 270.0
658 411.0
659 203.0
660 0.0
661 187.0
662 203.0
663 507.0
664 0.0
665 7.0
666 0.0
667 168.0
668 25.0
669 153.0
670 275.0
671 411.0
672 203.0
673 203.0
674 507.0
675 203.0
676 507.0
677 507.0
678 203.0
679 19.0
680 158.0
681 171.0
682 163.0
683 171.0
684 39.0
685 158.0
686 0.0
687 30.0
688 174.0
689 170.0
690 61.0
691 226.0
692 326.0
693 239.0
694 80.0
695 203.0
696 0.0
697 126.0
698 204.0
699 383.0
700 390.0
701 204.0
702 203.0
703 203.0
704 229.0
705 262.0
706 403.0
707 0.0
708 259.0
709 403.0
710 203.0
711 0.0
712 203.0
713 203.0
714 507.0
715 203.0
716 0.0
717 192.0
718 33.0
719 147.0
720 147.0
721 399.0
722 411.0
723 411.0
724 203.0
725 411.0
726 483.0
727 507.0
728 507.0
729 507.0
730 64.0
731 158.0
732 334.0
733 377.0
734 172.0
735 146.0
736 135.0
737 33.0
738 203.0
739 0.0
740 185.0
741 0.0
742 179.0
743 204.0
744 201.0
745 48.0
746 203.0
747 132.0
748 203.0
749 396.0
750 303.0
751 203.0
752 203.0
753 14.0
754 203.0
755 192.0
756 262.0
757 203.0
758 22.0
759 411.0
760 387.0
761 204.0
762 0.0
763 203.0
764 203.0
765 507.0
766 203.0
767 174.0
768 203.0
769 25.0
770 147.0
771 147.0
772 203.0
773 411.0
774 507.0
775 203.0
776 507.0
777 126.0
778 507.0
779 507.0
780 507.0
781 158.0
782 204.0
783 170.0
784 334.0
785 171.0
786 197.0
787 173.0
788 0.0
789 84.0
790 0.0
791 203.0
792 17.0
793 326.0
794 204.0
795 201.0
796 0.0
797 180.0
798 132.0
799 298.0
800 298.0
801 203.0
802 204.0
803 20.0
804 196.0
805 203.0
806 173.0
807 203.0
808 262.0
809 38.0
810 474.0
811 384.0
812 203.0
813 203.0
814 203.0
815 203.0
816 507.0
817 0.0
818 0.0
819 203.0
820 168.0
821 147.0
822 164.0
823 203.0
824 411.0
825 507.0
826 405.0
827 494.0
828 203.0
829 507.0
830 507.0
831 203.0
832 19.0
833 204.0
834 203.0
835 163.0
836 163.0
837 38.0
838 146.0
839 0.0
840 0.0
841 223.0
842 203.0
843 100.0
844 204.0
845 199.0
846 185.0
847 0.0
848 204.0
849 204.0
850 298.0
851 303.0
852 303.0
853 392.0
854 0.0
855 203.0
856 203.0
857 204.0
858 275.0
859 203.0
860 0.0
861 389.0
862 411.0
863 121.0
864 124.0
865 203.0
866 203.0
867 507.0
868 0.0
869 113.0
870 203.0
871 0.0
872 147.0
873 147.0
874 389.0
875 411.0
876 411.0
877 507.0
878 411.0
879 203.0
880 507.0
881 507.0
882 507.0
883 44.0
884 170.0
885 125.0
886 334.0
887 163.0
888 0.0
889 146.0
890 0.0
891 0.0
892 68.0
893 170.0
894 30.0
895 260.0
896 260.0
897 326.0
898 0.0
899 112.0
900 20.0
901 298.0
902 290.0
903 402.0
904 203.0
905 203.0
906 37.0
907 203.0
908 229.0
909 192.0
910 203.0
911 0.0
912 387.0
913 411.0
914 203.0
915 0.0
916 203.0
917 203.0
918 507.0
919 203.0
920 0.0
921 203.0
922 0.0
923 147.0
924 147.0
925 187.0
926 411.0
927 411.0
928 507.0
929 492.0
930 203.0
931 507.0
932 507.0
933 507.0
934 115.0
935 56.0
936 171.0
937 377.0
938 380.0
939 197.0
940 173.0
941 0.0
942 203.0
943 203.0
944 203.0
945 203.0
946 250.0
947 204.0
948 198.0
949 21.0
950 147.0
951 310.0
952 383.0
953 303.0
954 290.0
955 203.0
956 203.0
957 19.0
958 204.0
959 173.0
960 262.0
961 262.0
962 48.0
963 387.0
964 389.0
965 121.0
966 203.0
967 203.0
968 203.0
969 507.0
970 0.0
971 0.0
972 203.0
973 0.0
974 147.0
975 147.0
976 203.0
977 203.0
978 203.0
979 203.0
980 507.0
981 126.0
982 507.0
983 507.0
984 507.0
985 203.0
986 234.0
987 125.0
988 334.0
989 171.0
990 76.0
991 146.0
992 0.0
993 203.0
994 204.0
995 203.0
996 69.0
997 176.0
998 204.0
999 326.0
1000 0.0
1001 0.0
1002 189.0
1003 104.0
1004 400.0
1005 290.0
1006 203.0
1007 103.0
1008 180.0
1009 203.0
1010 206.0
1011 175.0
1012 200.0
1013 129.0
1014 384.0
1015 219.0
1016 203.0
1017 147.0
1018 203.0
1019 203.0
1020 507.0
1021 203.0
1022 197.0
1023 203.0
1024 0.0
1025 25.0
1026 158.0
1027 203.0
1028 411.0
1029 203.0
1030 507.0
1031 494.0
1032 203.0
1033 507.0
1034 203.0
1035 203.0
1036 44.0
1037 176.0
1038 203.0
1039 380.0
1040 334.0
1041 380.0
1042 158.0
1043 0.0
1044 0.0
1045 174.0
1046 185.0
1047 152.0
1048 204.0
1049 204.0
1050 244.0
1051 0.0
1052 203.0
1053 89.0
1054 400.0
1055 402.0
1056 387.0
1057 388.0
1058 203.0
1059 0.0
1060 203.0
1061 204.0
1062 262.0
1063 398.0
1064 0.0
1065 392.0
1066 403.0
1067 204.0
1068 203.0
1069 203.0
1070 203.0
1071 507.0
1072 203.0
1073 0.0
1074 203.0
1075 45.0
1076 164.0
1077 147.0
1078 391.0
1079 411.0
1080 411.0
1081 507.0
1082 492.0
1083 203.0
1084 507.0
1085 507.0
1086 507.0
1087 204.0
1088 234.0
1089 334.0
1090 379.0
1091 380.0
1092 171.0
1093 203.0
1094 0.0
1095 203.0
1096 124.0
1097 185.0
1098 0.0
1099 204.0
1100 250.0
1101 326.0
1102 0.0
1103 203.0
1104 306.0
1105 291.0
1106 204.0
1107 383.0
1108 383.0
1109 203.0
1110 203.0
1111 203.0
1112 229.0
1113 262.0
1114 388.0
1115 0.0
1116 392.0
1117 474.0
1118 203.0
1119 96.0
1120 203.0
1121 203.0
1122 507.0
1123 30.0
1124 93.0
1125 104.0
1126 0.0
1127 147.0
1128 147.0
1129 203.0
1130 203.0
1131 203.0
1132 507.0
1133 507.0
1134 138.0
1135 507.0
1136 507.0
1137 507.0
1138 203.0
1139 9.0
1140 380.0
1141 380.0
1142 380.0
1143 203.0
1144 153.0
1145 0.0
1146 203.0
1147 0.0
1148 294.0
1149 0.0
1150 326.0
1151 204.0
1152 198.0
1153 39.0
1154 55.0
1155 204.0
1156 203.0
1157 290.0
1158 387.0
1159 116.0
1160 20.0
1161 203.0
1162 203.0
1163 203.0
1164 204.0
1165 200.0
1166 48.0
1167 387.0
1168 203.0
1169 204.0
1170 317.0
1171 203.0
1172 203.0
1173 507.0
1174 203.0
1175 93.0
1176 0.0
1177 0.0
1178 147.0
1179 20.0
1180 203.0
1181 203.0
1182 203.0
1183 507.0
1184 494.0
1185 203.0
1186 507.0
1187 203.0
1188 507.0
1189 203.0
1190 163.0
1191 28.0
1192 380.0
1193 380.0
1194 191.0
1195 202.0
1196 0.0
1197 60.0
1198 185.0
1199 187.0
1200 109.0
1201 204.0
1202 326.0
1203 244.0
1204 0.0
1205 203.0
1206 203.0
1207 280.0
1208 204.0
1209 204.0
1210 390.0
1211 204.0
1212 109.0
1213 203.0
1214 205.0
1215 201.0
1216 262.0
1217 38.0
1218 392.0
1219 403.0
1220 204.0
1221 124.0
1222 203.0
1223 203.0
1224 507.0
1225 203.0
1226 203.0
1227 203.0
1228 187.0
1229 164.0
1230 147.0
1231 388.0
1232 411.0
1233 203.0
1234 507.0
1235 411.0
1236 203.0
1237 507.0
1238 203.0
1239 203.0
1240 262.0
1241 72.0
1242 334.0
1243 334.0
1244 334.0
1245 203.0
1246 187.0
1247 61.0
1248 0.0
1249 294.0
1250 294.0
1251 97.0
1252 326.0
1253 326.0
1254 238.0
1255 0.0
1256 203.0
1257 77.0
1258 291.0
1259 400.0
1260 204.0
1261 116.0
1262 203.0
1263 203.0
1264 203.0
1265 411.0
1266 403.0
1267 388.0
1268 0.0
1269 400.0
1270 350.0
1271 203.0
1272 96.0
1273 182.0
1274 203.0
1275 507.0
1276 203.0
1277 0.0
1278 197.0
1279 25.0
1280 25.0
1281 153.0
1282 476.0
1283 507.0
1284 507.0
1285 507.0
1286 623.0
1287 203.0
1288 507.0
1289 507.0
1290 507.0
1291 300.0
1292 0.0
1293 377.0
1294 380.0
1295 334.0
1296 203.0
1297 170.0
1298 0.0
1299 203.0
1300 204.0
1301 76.0
1302 0.0
1303 204.0
1304 204.0
1305 326.0
1306 0.0
1307 202.0
1308 407.0
1309 402.0
1310 402.0
1311 383.0
1312 116.0
1313 77.0
1314 203.0
1315 203.0
1316 223.0
1317 262.0
1318 398.0
1319 3.0
1320 387.0
1321 393.0
1322 132.0
1323 0.0
1324 148.0
1325 203.0
1326 623.0
1327 37.0
1328 197.0
1329 203.0
1330 0.0
1331 47.0
1332 147.0
1333 507.0
1334 203.0
1335 507.0
1336 492.0
1337 633.0
1338 203.0
1339 507.0
1340 507.0
1341 507.0
1342 203.0
1343 30.0
1344 169.0
1345 380.0
1346 334.0
1347 334.0
1348 84.0
1349 0.0
1350 181.0
1351 71.0
1352 294.0
1353 0.0
1354 250.0
1355 284.0
1356 198.0
1357 43.0
1358 203.0
1359 132.0
1360 395.0
1361 204.0
1362 203.0
1363 203.0
1364 203.0
1365 203.0
1366 382.0
1367 411.0
1368 432.0
1369 262.0
1370 0.0
1371 467.0
1372 161.0
1373 203.0
1374 160.0
1375 88.0
1376 203.0
1377 633.0
1378 13.0
1379 203.0
1380 0.0
1381 0.0
1382 147.0
1383 0.0
1384 203.0
1385 507.0
1386 507.0
1387 492.0
1388 482.0
1389 203.0
1390 507.0
1391 507.0
1392 507.0
1393 203.0
1394 18.0
1395 163.0
1396 334.0
1397 334.0
1398 192.0
1399 181.0
1400 0.0
1401 203.0
1402 185.0
1403 294.0
1404 0.0
1405 199.0
1406 199.0
1407 238.0
1408 386.0
1409 398.0
1410 203.0
1411 411.0
1412 204.0
1413 203.0
1414 303.0
1415 203.0
1416 109.0
1417 203.0
1418 203.0
1419 200.0
1420 204.0
1421 0.0
1422 343.0
1423 387.0
1424 204.0
1425 186.0
1426 18.0
1427 203.0
1428 633.0
1429 203.0
1430 0.0
1431 0.0
1432 197.0
1433 25.0
1434 147.0
1435 400.0
1436 411.0
1437 507.0
1438 675.0
1439 487.0
1440 203.0
1441 507.0
1442 203.0
1443 507.0
1444 203.0
1445 0.0
1446 334.0
1447 334.0
1448 334.0
1449 334.0
1450 175.0
1451 32.0
1452 203.0
1453 177.0
1454 76.0
1455 152.0
1456 326.0
1457 326.0
1458 180.0
1459 204.0
1460 203.0
1461 251.0
1462 411.0
1463 411.0
1464 383.0
1465 52.0
1466 204.0
1467 245.0
1468 203.0
1469 262.0
1470 204.0
1471 204.0
1472 0.0
1473 411.0
1474 411.0
1475 203.0
1476 96.0
1477 18.0
1478 203.0
1479 675.0
1480 203.0
1481 45.0
1482 0.0
1483 20.0
1484 164.0
1485 147.0
1486 388.0
1487 203.0
1488 675.0
1489 482.0
1490 492.0
1491 182.0
1492 507.0
1493 507.0
1494 507.0
1495 203.0
1496 160.0
1497 334.0
1498 334.0
1499 380.0
1500 76.0
1501 0.0
1502 0.0
1503 203.0
1504 204.0
1505 284.0
1506 0.0
1507 260.0
1508 204.0
1509 133.0
1510 211.0
1511 203.0
1512 204.0
1513 395.0
1514 507.0
1515 203.0
1516 203.0
1517 0.0
1518 1.0
1519 203.0
1520 411.0
1521 262.0
1522 204.0
1523 0.0
1524 400.0
1525 411.0
1526 121.0
1527 35.0
1528 148.0
1529 203.0
1530 675.0
1531 0.0
1532 203.0
1533 104.0
1534 0.0
1535 164.0
1536 36.0
1537 507.0
1538 507.0
1539 203.0
1540 507.0
1541 482.0
1542 203.0
1543 507.0
1544 507.0
1545 507.0
1546 203.0
1547 175.0
1548 203.0
1549 334.0
1550 380.0
1551 203.0
1552 192.0
1553 38.0
1554 0.0
1555 278.0
1556 294.0
1557 199.0
1558 326.0
1559 326.0
1560 152.0
1561 103.0
1562 203.0
1563 142.0
1564 411.0
1565 411.0
1566 407.0
1567 395.0
1568 20.0
1569 175.0
1570 184.0
1571 203.0
1572 432.0
1573 262.0
1574 25.0
1575 392.0
1576 148.0
1577 203.0
1578 322.0
1579 0.0
1580 203.0
1581 675.0
1582 203.0
1583 0.0
1584 203.0
1585 0.0
1586 25.0
1587 30.0
1588 203.0
1589 507.0
1590 507.0
1591 507.0
1592 482.0
1593 203.0
1594 507.0
1595 203.0
1596 507.0
1597 203.0
1598 160.0
1599 334.0
1600 334.0
1601 334.0
1602 191.0
1603 507.0
1604 0.0
1605 0.0
1606 71.0
1607 284.0
1608 61.0
1609 326.0
1610 326.0
1611 0.0
1612 201.0
1613 197.0
1614 298.0
1615 401.0
1616 394.0
1617 394.0
1618 203.0
1619 204.0
1620 179.0
1621 203.0
1622 262.0
1623 204.0
1624 204.0
1625 0.0
1626 387.0
1627 148.0
1628 204.0
1629 146.0
1630 24.0
1631 203.0
1632 675.0
1633 203.0
1634 203.0
1635 203.0
1636 0.0
1637 164.0
1638 169.0
1639 203.0
1640 196.0
1641 203.0
1642 482.0
1643 675.0
1644 411.0
1645 507.0
1646 507.0
1647 507.0
1648 203.0
1649 175.0
1650 171.0
1651 334.0
1652 380.0
1653 192.0
1654 507.0
1655 203.0
1656 0.0
1657 204.0
1658 284.0
1659 0.0
1660 326.0
1661 284.0
1662 203.0
1663 203.0
1664 0.0
1665 394.0
1666 411.0
1667 411.0
1668 507.0
1669 203.0
1670 203.0
1671 1.0
1672 203.0
1673 203.0
1674 432.0
1675 408.0
1676 38.0
1677 411.0
1678 400.0
1679 121.0
1680 0.0
1681 240.0
1682 203.0
1683 675.0
1684 13.0
1685 203.0
1686 45.0
1687 165.0
1688 147.0
1689 164.0
1690 169.0
1691 203.0
1692 203.0
1693 675.0
1694 492.0
1695 177.0
1696 507.0
1697 507.0
1698 507.0
1699 203.0
1700 30.0
1701 334.0
1702 334.0
1703 334.0
1704 320.0
1705 507.0
1706 242.0
1707 203.0
1708 284.0
1709 294.0
1710 0.0
1711 326.0
1712 284.0
1713 203.0
1714 203.0
1715 399.0
1716 203.0
1717 507.0
1718 507.0
1719 394.0
1720 411.0
1721 203.0
1722 37.0
1723 196.0
1724 203.0
1725 262.0
1726 201.0
1727 58.0
1728 474.0
1729 411.0
1730 203.0
1731 0.0
1732 191.0
1733 236.0
1734 675.0
1735 318.0
1736 203.0
1737 104.0
1738 0.0
1739 25.0
1740 165.0
1741 152.0
1742 256.0
1743 482.0
1744 492.0
1745 633.0
1746 411.0
1747 507.0
1748 203.0
1749 507.0
1750 203.0
1751 163.0
1752 163.0
1753 334.0
1754 380.0
1755 507.0
1756 202.0
1757 192.0
1758 0.0
1759 71.0
1760 184.0
1761 0.0
1762 326.0
1763 326.0
1764 18.0
1765 203.0
1766 203.0
1767 306.0
1768 395.0
1769 507.0
1770 394.0
1771 409.0
1772 197.0
1773 185.0
1774 203.0
1775 262.0
1776 432.0
1777 262.0
1778 33.0
1779 392.0
1780 403.0
1781 204.0
1782 49.0
1783 282.0
1784 236.0
1785 675.0
1786 162.0
1787 167.0
1788 0.0
1789 20.0
1790 147.0
1791 400.0
1792 0.0
1793 410.0
1794 507.0
1795 675.0
1796 633.0
1797 411.0
1798 507.0
1799 507.0
1800 507.0
1801 203.0
1802 175.0
1803 380.0
1804 375.0
1805 320.0
1806 507.0
1807 507.0
1808 318.0
1809 0.0
1810 203.0
1811 185.0
1812 108.0
1813 326.0
1814 326.0
1815 388.0
1816 32.0
1817 390.0
1818 398.0
1819 507.0
1820 507.0
1821 507.0
1822 203.0
1823 197.0
1824 203.0
1825 316.0
1826 200.0
1827 432.0
1828 411.0
1829 192.0
1830 400.0
1831 219.0
1832 204.0
1833 151.0
1834 176.0
1835 192.0
1836 675.0
1837 0.0
1838 121.0
1839 197.0
1840 203.0
1841 164.0
1842 203.0
1843 164.0
1844 411.0
1845 492.0
1846 675.0
1847 492.0
1848 182.0
1849 507.0
1850 507.0
1851 507.0
1852 203.0
1853 162.0
1854 380.0
1855 163.0
1856 507.0
1857 320.0
1858 507.0
1859 386.0
1860 240.0
1861 203.0
1862 284.0
1863 0.0
1864 326.0
1865 384.0
1866 186.0
1867 54.0
1868 203.0
1869 466.0
1870 394.0
1871 394.0
1872 394.0
1873 471.0
1874 405.0
1875 1.0
1876 483.0
1877 262.0
1878 432.0
1879 262.0
1880 38.0
1881 474.0
1882 159.0
1883 203.0
1884 186.0
1885 317.0
1886 203.0
1887 675.0
1888 318.0
1889 203.0
1890 197.0
1891 37.0
1892 147.0
1893 507.0
1894 169.0
1895 402.0
1896 203.0
1897 675.0
1898 492.0
1899 203.0
1900 507.0
1901 203.0
1902 507.0
1903 203.0
1904 175.0
1905 385.0
1906 343.0
1907 507.0
1908 507.0
1909 147.0
1910 507.0
1911 383.0
1912 185.0
1913 184.0
1914 0.0
1915 191.0
1916 203.0
1917 18.0
1918 394.0
1919 204.0
1920 470.0
1921 394.0
1922 507.0
1923 507.0
1924 203.0
1925 203.0
1926 0.0
1927 409.0
1928 408.0
1929 432.0
1930 262.0
1931 0.0
1932 474.0
1933 0.0
1934 0.0
1935 96.0
1936 148.0
1937 203.0
1938 675.0
1939 240.0
1940 202.0
1941 0.0
1942 203.0
1943 33.0
1944 402.0
1945 98.0
1946 507.0
1947 633.0
1948 492.0
1949 633.0
1950 203.0
1951 507.0
1952 203.0
1953 507.0
1954 203.0
1955 75.0
1956 163.0
1957 507.0
1958 202.0
1959 507.0
1960 334.0
1961 507.0
1962 192.0
1963 377.0
1964 185.0
1965 144.0
1966 234.0
1967 147.0
1968 203.0
1969 203.0
1970 203.0
1971 470.0
1972 395.0
1973 507.0
1974 394.0
1975 203.0
1976 203.0
1977 8.0
1978 203.0
1979 408.0
1980 432.0
1981 203.0
1982 0.0
1983 400.0
1984 259.0
1985 0.0
1986 0.0
1987 203.0
1988 318.0
1989 675.0
1990 53.0
1991 110.0
1992 51.0
1993 203.0
1994 164.0
1995 203.0
1996 152.0
1997 203.0
1998 671.0
1999 675.0
2000 675.0
2001 411.0
2002 507.0
2003 507.0
2004 507.0
2005 203.0
2006 75.0
2007 507.0
2008 507.0
2009 507.0
2010 202.0
2011 202.0
2012 507.0
2013 339.0
2014 163.0
2015 218.0
2016 200.0
2017 126.0
2018 151.0
2019 203.0
2020 203.0
2021 32.0
2022 507.0
2023 507.0
2024 394.0
2025 204.0
2026 203.0
2027 398.0
2028 127.0
2029 483.0
2030 204.0
2031 403.0
2032 262.0
2033 25.0
2034 474.0
2035 259.0
2036 386.0
2037 203.0
2038 307.0
2039 323.0
2040 675.0
2041 203.0
2042 203.0
2043 0.0
2044 203.0
2045 164.0
2046 203.0
2047 164.0
2048 507.0
2049 203.0
2050 675.0
2051 675.0
2052 507.0
2053 507.0
2054 507.0
2055 507.0
2056 83.0
2057 160.0
2058 507.0
2059 320.0
2060 507.0
2061 507.0
2062 507.0
2063 398.0
2064 0.0
2065 203.0
2066 163.0
2067 0.0
2068 186.0
2069 72.0
2070 203.0
2071 203.0
2072 204.0
2073 204.0
2074 507.0
2075 507.0
2076 507.0
2077 203.0
2078 203.0
2079 0.0
2080 409.0
2081 216.0
2082 432.0
2083 262.0
2084 0.0
2085 474.0
2086 203.0
2087 203.0
2088 403.0
2089 121.0
2090 121.0
2091 675.0
2092 224.0
2093 67.0
2094 203.0
2095 203.0
2096 153.0
2097 411.0
2098 477.0
2099 170.0
2100 633.0
2101 492.0
2102 675.0
2103 203.0
2104 507.0
2105 203.0
2106 507.0
2107 203.0
2108 186.0
2109 507.0
2110 507.0
2111 507.0
2112 507.0
2113 507.0
2114 507.0
2115 397.0
2116 201.0
2117 163.0
2118 171.0
2119 193.0
2120 180.0
2121 0.0
2122 408.0
2123 203.0
2124 395.0
2125 507.0
2126 507.0
2127 204.0
2128 204.0
2129 405.0
2130 203.0
2131 409.0
2132 203.0
2133 432.0
2134 262.0
2135 0.0
2136 467.0
2137 405.0
2138 474.0
2139 391.0
2140 399.0
2141 121.0
2142 675.0
2143 53.0
2144 119.0
2145 41.0
2146 203.0
2147 162.0
2148 507.0
2149 152.0
2150 169.0
2151 640.0
2152 675.0
2153 487.0
2154 203.0
2155 507.0
2156 203.0
2157 507.0
2158 321.0
2159 351.0
2160 507.0
2161 320.0
2162 84.0
2163 507.0
2164 171.0
2165 507.0
2166 163.0
2167 163.0
2168 201.0
2169 197.0
2170 0.0
2171 186.0
2172 204.0
2173 203.0
2174 32.0
2175 507.0
2176 394.0
2177 394.0
2178 507.0
2179 204.0
2180 204.0
2181 203.0
2182 316.0
2183 203.0
2184 432.0
2185 200.0
2186 0.0
2187 400.0
2188 51.0
2189 203.0
2190 203.0
2191 205.0
2192 203.0
2193 675.0
2194 148.0
2195 203.0
2196 203.0
2197 38.0
2198 0.0
2199 203.0
2200 203.0
2201 487.0
2202 492.0
2203 675.0
2204 675.0
2205 182.0
2206 507.0
2207 203.0
2208 507.0
2209 388.0
2210 325.0
2211 507.0
2212 343.0
2213 507.0
2214 380.0
2215 507.0
2216 203.0
2217 450.0
2218 163.0
2219 137.0
2220 202.0
2221 203.0
2222 203.0
2223 203.0
2224 404.0
2225 32.0
2226 204.0
2227 507.0
2228 507.0
2229 411.0
2230 411.0
2231 203.0
2232 192.0
2233 203.0
2234 322.0
2235 403.0
2236 411.0
2237 38.0
2238 474.0
2239 410.0
2240 188.0
2241 0.0
2242 362.0
2243 0.0
2244 675.0
2245 203.0
2246 67.0
2247 158.0
2248 30.0
2249 147.0
2250 507.0
2251 203.0
2252 203.0
2253 203.0
2254 492.0
2255 675.0
2256 507.0
2257 507.0
2258 507.0
2259 507.0
2260 84.0
2261 507.0
2262 507.0
2263 507.0
2264 507.0
2265 202.0
2266 507.0
2267 339.0
2268 0.0
2269 187.0
2270 376.0
2271 204.0
2272 186.0
2273 122.0
2274 375.0
2275 203.0
2276 408.0
2277 507.0
2278 507.0
2279 507.0
2280 394.0
2281 208.0
2282 203.0
2283 30.0
2284 409.0
2285 316.0
2286 432.0
2287 262.0
2288 192.0
2289 474.0
2290 467.0
2291 203.0
2292 388.0
2293 203.0
2294 185.0
2295 675.0
2296 0.0
2297 67.0
2298 75.0
2299 20.0
2300 0.0
2301 203.0
2302 656.0
2303 295.0
2304 623.0
2305 675.0
2306 675.0
2307 411.0
2308 507.0
2309 203.0
2310 507.0
2311 218.0
2312 507.0
2313 507.0
2314 507.0
2315 507.0
2316 507.0
2317 84.0
2318 507.0
2319 228.0
2320 253.0
2321 247.0
2322 169.0
2323 0.0
2324 180.0
2325 204.0
2326 404.0
2327 203.0
2328 507.0
2329 507.0
2330 507.0
2331 394.0
2332 204.0
2333 197.0
2334 389.0
2335 409.0
2336 203.0
2337 432.0
2338 262.0
2339 0.0
2340 467.0
2341 138.0
2342 411.0
2343 355.0
2344 203.0
2345 411.0
2346 675.0
2347 176.0
2348 203.0
2349 0.0
2350 203.0
2351 164.0
2352 507.0
2353 203.0
2354 487.0
2355 633.0
2356 675.0
2357 675.0
2358 507.0
2359 507.0
2360 203.0
2361 507.0
2362 507.0
2363 507.0
2364 507.0
2365 168.0
2366 343.0
2367 320.0
2368 320.0
2369 202.0
2370 163.0
2371 163.0
2372 377.0
2373 188.0
2374 203.0
2375 203.0
2376 111.0
2377 30.0
2378 203.0
2379 204.0
2380 394.0
2381 394.0
2382 394.0
2383 204.0
2384 52.0
2385 234.0
2386 203.0
2387 203.0
2388 262.0
2389 160.0
2390 192.0
2391 467.0
2392 411.0
2393 411.0
2394 203.0
2395 205.0
2396 410.0
2397 675.0
2398 170.0
2399 203.0
2400 0.0
2401 203.0
2402 147.0
2403 402.0
2404 502.0
2405 203.0
2406 492.0
2407 492.0
2408 675.0
2409 203.0
2410 507.0
2411 203.0
2412 507.0
2413 397.0
2414 394.0
2415 507.0
2416 507.0
2417 507.0
2418 507.0
2419 507.0
2420 168.0
2421 240.0
2422 163.0
2423 163.0
2424 163.0
2425 59.0
2426 180.0
2427 203.0
2428 203.0
2429 0.0
2430 204.0
2431 507.0
2432 507.0
2433 507.0
2434 204.0
2435 203.0
2436 204.0
2437 295.0
2438 29.0
2439 204.0
2440 26.0
2441 25.0
2442 474.0
2443 411.0
2444 203.0
2445 203.0
2446 393.0
2447 410.0
2448 675.0
2449 98.0
2450 116.0
2451 0.0
2452 203.0
2453 147.0
2454 406.0
2455 411.0
2456 411.0
2457 492.0
2458 482.0
2459 675.0
2460 203.0
2461 507.0
2462 203.0
2463 507.0
2464 507.0
2465 507.0
2466 507.0
2467 507.0
2468 507.0
2469 507.0
2470 343.0
2471 242.0
2472 163.0
2473 191.0
2474 377.0
2475 177.0
2476 39.0
2477 203.0
2478 204.0
2479 204.0
2480 203.0
2481 507.0
2482 507.0
2483 507.0
2484 507.0
2485 143.0
2486 203.0
2487 203.0
2488 409.0
2489 322.0
2490 432.0
2491 209.0
2492 0.0
2493 474.0
2494 387.0
2495 392.0
2496 203.0
2497 203.0
2498 121.0
2499 675.0
2500 98.0
2501 67.0
2502 197.0
2503 203.0
2504 25.0
2505 203.0
2506 397.0
2507 474.0
2508 487.0
2509 675.0
2510 675.0
2511 683.0
2512 507.0
2513 203.0
2514 507.0
2515 320.0
2516 174.0
2517 343.0
2518 507.0
2519 343.0
2520 507.0
2521 507.0
2522 168.0
2523 163.0
2524 163.0
2525 188.0
2526 163.0
2527 0.0
2528 180.0
2529 0.0
2530 393.0
2531 86.0
2532 507.0
2533 507.0
2534 507.0
2535 507.0
2536 471.0
2537 203.0
2538 203.0
2539 409.0
2540 408.0
2541 262.0
2542 262.0
2543 32.0
2544 467.0
2545 393.0
2546 386.0
2547 204.0
2548 203.0
2549 410.0
2550 683.0
2551 160.0
2552 134.0
2553 0.0
2554 203.0
2555 142.0
2556 203.0
2557 476.0
2558 487.0
2559 487.0
2560 675.0
2561 623.0
2562 264.0
2563 411.0
2564 203.0
2565 507.0
2566 507.0
2567 507.0
2568 507.0
2569 320.0
2570 320.0
2571 507.0
2572 507.0
2573 0.0
2574 383.0
2575 163.0
2576 163.0
2577 163.0
2578 59.0
2579 186.0
2580 203.0
2581 30.0
2582 407.0
2583 204.0
2584 507.0
2585 507.0
2586 507.0
2587 203.0
2588 203.0
2589 125.0
2590 483.0
2591 203.0
2592 204.0
2593 26.0
2594 0.0
2595 467.0
2596 403.0
2597 474.0
2598 235.0
2599 411.0
2600 411.0
2601 683.0
2602 409.0
2603 86.0
2604 203.0
2605 203.0
2606 147.0
2607 203.0
2608 476.0
2609 487.0
2610 397.0
2611 492.0
2612 623.0
2613 411.0
2614 203.0
2615 203.0
2616 507.0
2617 171.0
2618 507.0
2619 507.0
2620 320.0
2621 507.0
2622 507.0
2623 507.0
2624 242.0
2625 163.0
2626 346.0
2627 383.0
2628 201.0
2629 39.0
2630 507.0
2631 203.0
2632 203.0
2633 203.0
2634 204.0
2635 507.0
2636 507.0
2637 507.0
2638 507.0
2639 203.0
2640 203.0
2641 316.0
2642 203.0
2643 262.0
2644 195.0
2645 0.0
2646 474.0
2647 411.0
2648 203.0
2649 153.0
2650 205.0
2651 203.0
2652 683.0
2653 30.0
2654 203.0
2655 104.0
2656 203.0
2657 147.0
2658 380.0
2659 411.0
2660 411.0
2661 675.0
2662 492.0
2663 623.0
2664 203.0
2665 507.0
2666 203.0
2667 507.0
2668 507.0
2669 507.0
2670 320.0
2671 507.0
2672 507.0
2673 507.0
2674 507.0
2675 398.0
2676 163.0
2677 190.0
2678 191.0
2679 275.0
2680 0.0
2681 147.0
2682 203.0
2683 204.0
2684 40.0
2685 395.0
2686 507.0
2687 507.0
2688 507.0
2689 203.0
2690 405.0
2691 137.0
2692 409.0
2693 203.0
2694 262.0
2695 262.0
2696 0.0
2697 474.0
2698 387.0
2699 392.0
2700 203.0
2701 411.0
2702 384.0
2703 683.0
2704 203.0
2705 203.0
2706 104.0
2707 203.0
2708 147.0
2709 399.0
2710 507.0
2711 104.0
2712 633.0
2713 482.0
2714 623.0
2715 203.0
2716 203.0
2717 203.0
2718 507.0
2719 507.0
2720 168.0
2721 507.0
2722 507.0
2723 202.0
2724 507.0
2725 507.0
2726 59.0
2727 163.0
2728 163.0
2729 201.0
2730 163.0
2731 0.0
2732 63.0
2733 185.0
2734 408.0
2735 0.0
2736 204.0
2737 507.0
2738 394.0
2739 507.0
2740 203.0
2741 35.0
2742 134.0
2743 409.0
2744 316.0
2745 204.0
2746 262.0
2747 38.0
2748 467.0
2749 398.0
2750 230.0
2751 226.0
2752 172.0
2753 267.0
2754 683.0
2755 127.0
2756 39.0
2757 34.0
2758 203.0
2759 147.0
2760 203.0
2761 477.0
2762 203.0
2763 492.0
2764 675.0
2765 675.0
2766 203.0
2767 203.0
2768 507.0
2769 507.0
2770 325.0
2771 507.0
2772 507.0
2773 320.0
2774 507.0
2775 507.0
2776 507.0
2777 242.0
2778 87.0
2779 201.0
2780 326.0
2781 377.0
2782 39.0
2783 47.0
2784 203.0
2785 404.0
2786 203.0
2787 507.0
2788 507.0
2789 394.0
2790 507.0
2791 203.0
2792 201.0
2793 203.0
2794 409.0
2795 311.0
2796 262.0
2797 262.0
2798 0.0
2799 474.0
2800 392.0
2801 411.0
2802 159.0
2803 411.0
2804 411.0
2805 683.0
2806 127.0
2807 359.0
2808 203.0
2809 203.0
2810 147.0
2811 203.0
2812 507.0
2813 402.0
2814 683.0
2815 492.0
2816 623.0
2817 57.0
2818 203.0
2819 203.0
2820 507.0
2821 325.0
2822 507.0
2823 507.0
2824 507.0
2825 507.0
2826 507.0
2827 507.0
2828 242.0
2829 163.0
2830 194.0
2831 326.0
2832 201.0
2833 0.0
2834 194.0
2835 203.0
2836 404.0
2837 203.0
2838 507.0
2839 507.0
2840 507.0
2841 507.0
2842 507.0
2843 203.0
2844 203.0
2845 203.0
2846 400.0
2847 262.0
2848 201.0
2849 0.0
2850 474.0
2851 411.0
2852 392.0
2853 203.0
2854 404.0
2855 399.0
2856 683.0
2857 33.0
2858 175.0
2859 38.0
2860 203.0
2861 147.0
2862 203.0
2863 400.0
2864 507.0
2865 203.0
2866 411.0
2867 623.0
2868 507.0
2869 203.0
2870 203.0
2871 507.0
2872 507.0
2873 381.0
2874 507.0
2875 507.0
2876 507.0
2877 507.0
2878 507.0
2879 41.0
2880 163.0
2881 169.0
2882 182.0
2883 377.0
2884 0.0
2885 108.0
2886 93.0
2887 204.0
2888 203.0
2889 507.0
2890 507.0
2891 507.0
2892 507.0
2893 143.0
2894 201.0
2895 159.0
2896 409.0
2897 203.0
2898 200.0
2899 204.0
2900 192.0
2901 467.0
2902 467.0
2903 392.0
2904 203.0
2905 411.0
2906 411.0
2907 683.0
2908 33.0
2909 203.0
2910 203.0
2911 203.0
2912 147.0
2913 203.0
2914 322.0
2915 487.0
2916 492.0
2917 482.0
2918 411.0
2919 507.0
2920 624.0
2921 203.0
2922 507.0
2923 171.0
2924 507.0
2925 507.0
2926 507.0
2927 320.0
2928 507.0
2929 507.0
2930 242.0
2931 163.0
2932 281.0
2933 377.0
2934 383.0
2935 39.0
2936 203.0
2937 203.0
2938 203.0
2939 0.0
2940 204.0
2941 507.0
2942 507.0
2943 507.0
2944 203.0
2945 411.0
2946 203.0
2947 409.0
2948 345.0
2949 432.0
2950 262.0
2951 38.0
2952 467.0
2953 390.0
2954 411.0
2955 203.0
2956 406.0
2957 384.0
2958 683.0
2959 98.0
2960 43.0
2961 380.0
2962 203.0
2963 25.0
2964 203.0
2965 477.0
2966 675.0
2967 492.0
2968 482.0
2969 623.0
2970 203.0
2971 507.0
2972 203.0
2973 507.0
2974 507.0
2975 507.0
2976 507.0
2977 507.0
2978 507.0
2979 507.0
2980 507.0
2981 84.0
2982 163.0
2983 163.0
2984 326.0
2985 201.0
2986 0.0
2987 186.0
2988 131.0
2989 404.0
2990 39.0
2991 394.0
2992 507.0
2993 507.0
2994 507.0
2995 203.0
2996 201.0
2997 203.0
2998 204.0
2999 316.0
3000 262.0
3001 262.0
3002 0.0
3003 474.0
3004 474.0
3005 203.0
3006 203.0
3007 404.0
3008 203.0
3009 683.0
3010 127.0
3011 203.0
3012 160.0
3013 203.0
3014 147.0
3015 507.0
3016 411.0
3017 203.0
3018 203.0
3019 203.0
3020 623.0
3021 203.0
3022 203.0
3023 203.0
3024 507.0
3025 507.0
3026 507.0
3027 507.0
3028 507.0
3029 507.0
3030 507.0
3031 507.0
3032 203.0
3033 163.0
3034 163.0
3035 326.0
3036 201.0
3037 59.0
3038 120.0
3039 203.0
3040 203.0
3041 203.0
3042 507.0
3043 507.0
3044 507.0
3045 507.0
3046 143.0
3047 201.0
3048 203.0
3049 483.0
3050 400.0
3051 432.0
3052 425.0
3053 33.0
3054 474.0
3055 411.0
3056 474.0
3057 203.0
3058 411.0
3059 411.0
3060 683.0
3061 33.0
3062 203.0
3063 229.0
3064 203.0
3065 147.0
3066 203.0
3067 672.0
3068 411.0
3069 492.0
3070 203.0
3071 675.0
3072 203.0
3073 203.0
3074 203.0
3075 507.0
3076 397.0
3077 381.0
3078 507.0
3079 507.0
3080 507.0
3081 507.0
3082 507.0
3083 168.0
3084 163.0
3085 175.0
3086 194.0
3087 377.0
3088 186.0
3089 63.0
3090 203.0
3091 204.0
3092 0.0
3093 204.0
3094 507.0
3095 507.0
3096 507.0
3097 203.0
3098 201.0
3099 125.0
3100 483.0
3101 203.0
3102 432.0
3103 453.0
3104 187.0
3105 474.0
3106 411.0
3107 411.0
3108 203.0
3109 411.0
3110 384.0
3111 683.0
3112 98.0
3113 203.0
3114 380.0
3115 0.0
3116 25.0
3117 203.0
3118 487.0
3119 487.0
3120 492.0
3121 203.0
3122 623.0
3123 203.0
3124 203.0
3125 203.0
3126 507.0
3127 160.0
3128 507.0
3129 507.0
3130 507.0
3131 507.0
3132 507.0
3133 507.0
3134 93.0
3135 163.0
3136 150.0
3137 377.0
3138 377.0
3139 0.0
3140 186.0
3141 203.0
3142 404.0
3143 4.0
3144 395.0
3145 507.0
3146 507.0
3147 507.0
3148 204.0
3149 201.0
3150 203.0
3151 203.0
3152 203.0
3153 204.0
3154 392.0
3155 203.0
3156 467.0
3157 201.0
3158 474.0
3159 204.0
3160 396.0
3161 411.0
3162 683.0
3163 33.0
3164 260.0
3165 160.0
3166 394.0
3167 0.0
3168 203.0
3169 675.0
3170 507.0
3171 397.0
3172 203.0
3173 623.0
3174 623.0
3175 633.0
3176 203.0
3177 507.0
3178 204.0
3179 507.0
3180 320.0
3181 507.0
3182 507.0
3183 507.0
3184 507.0
3185 0.0
3186 508.0
3187 163.0
3188 326.0
3189 383.0
3190 203.0
3191 151.0
3192 203.0
3193 404.0
3194 203.0
3195 394.0
3196 507.0
3197 507.0
3198 507.0
3199 203.0
3200 79.0
3201 134.0
3202 483.0
3203 408.0
3204 408.0
3205 425.0
3206 33.0
3207 474.0
3208 392.0
3209 392.0
3210 147.0
3211 404.0
3212 411.0
3213 683.0
3214 33.0
3215 404.0
3216 169.0
3217 230.0
3218 147.0
3219 203.0
3220 619.0
3221 203.0
3222 397.0
3223 507.0
3224 623.0
3225 203.0
3226 507.0
3227 203.0
3228 507.0
3229 160.0
3230 174.0
3231 163.0
3232 507.0
3233 507.0
3234 507.0
3235 507.0
3236 507.0
3237 163.0
3238 163.0
3239 269.0
3240 201.0
3241 203.0
3242 147.0
3243 203.0
3244 404.0
3245 203.0
3246 204.0
3247 507.0
3248 507.0
3249 507.0
3250 0.0
3251 411.0
3252 123.0
3253 483.0
3254 400.0
3255 204.0
3256 453.0
3257 391.0
3258 474.0
3259 411.0
3260 474.0
3261 88.0
3262 406.0
3263 203.0
3264 683.0
3265 160.0
3266 395.0
3267 203.0
3268 203.0
3269 147.0
3270 203.0
3271 675.0
3272 411.0
3273 492.0
3274 203.0
3275 675.0
3276 507.0
3277 203.0
3278 203.0
3279 507.0
3280 507.0
3281 507.0
3282 507.0
3283 507.0
3284 507.0
3285 507.0
3286 507.0
3287 84.0
3288 163.0
3289 159.0
3290 159.0
3291 377.0
3292 203.0
3293 383.0
3294 203.0
3295 203.0
3296 39.0
3297 204.0
3298 507.0
3299 507.0
3300 507.0
3301 203.0
3302 203.0
3303 134.0
3304 203.0
3305 203.0
3306 262.0
3307 392.0
3308 95.0
3309 467.0
3310 467.0
3311 474.0
3312 380.0
3313 411.0
3314 384.0
3315 683.0
3316 98.0
3317 203.0
3318 267.0
3319 33.0
3320 147.0
3321 203.0
3322 675.0
3323 507.0
3324 492.0
3325 482.0
3326 623.0
3327 203.0
3328 411.0
3329 203.0
3330 507.0
3331 203.0
3332 507.0
3333 507.0
3334 507.0
3335 507.0
3336 507.0
3337 507.0
3338 203.0
3339 507.0
3340 275.0
3341 326.0
3342 377.0
3343 204.0
3344 63.0
3345 203.0
3346 408.0
3347 0.0
3348 395.0
3349 507.0
3350 507.0
3351 507.0
3352 203.0
3353 35.0
3354 204.0
3355 483.0
3356 203.0
3357 200.0
3358 392.0
3359 40.0
3360 474.0
3361 389.0
3362 392.0
3363 0.0
3364 404.0
3365 384.0
3366 683.0
3367 33.0
3368 409.0
3369 203.0
3370 191.0
3371 164.0
3372 203.0
3373 675.0
3374 406.0
3375 397.0
3376 203.0
3377 623.0
3378 411.0
3379 264.0
3380 203.0
3381 507.0
3382 507.0
3383 168.0
3384 507.0
3385 507.0
3386 507.0
3387 507.0
3388 507.0
3389 196.0
3390 163.0
3391 163.0
3392 163.0
3393 201.0
3394 0.0
3395 151.0
3396 203.0
3397 404.0
3398 203.0
3399 204.0
3400 507.0
3401 507.0
3402 507.0
3403 204.0
3404 411.0
3405 204.0
3406 483.0
3407 403.0
3408 207.0
3409 408.0
3410 471.0
3411 474.0
3412 474.0
3413 392.0
3414 45.0
3415 411.0
3416 411.0
3417 683.0
3418 210.0
3419 378.0
3420 406.0
3421 203.0
3422 147.0
3423 203.0
3424 675.0
3425 203.0
3426 683.0
3427 203.0
3428 623.0
3429 203.0
3430 507.0
3431 203.0
3432 507.0
3433 171.0
3434 507.0
3435 507.0
3436 507.0
3437 320.0
3438 507.0
3439 507.0
3440 168.0
3441 163.0
3442 163.0
3443 169.0
3444 377.0
3445 186.0
3446 507.0
3447 203.0
3448 408.0
3449 81.0
3450 204.0
3451 507.0
3452 507.0
3453 507.0
3454 204.0
3455 411.0
3456 203.0
3457 483.0
3458 203.0
3459 200.0
3460 467.0
3461 95.0
3462 467.0
3463 387.0
3464 411.0
3465 411.0
3466 411.0
3467 411.0
3468 683.0
3469 160.0
3470 507.0
3471 402.0
3472 177.0
3473 147.0
3474 203.0
3475 675.0
3476 492.0
3477 492.0
3478 492.0
3479 675.0
3480 623.0
3481 203.0
3482 203.0
3483 507.0
3484 507.0
3485 507.0
3486 507.0
3487 507.0
3488 507.0
3489 507.0
3490 507.0
3491 84.0
3492 163.0
3493 337.0
3494 271.0
3495 377.0
3496 203.0
3497 126.0
3498 109.0
3499 405.0
3500 203.0
3501 470.0
3502 507.0
3503 507.0
3504 507.0
3505 203.0
3506 203.0
3507 134.0
3508 483.0
3509 316.0
3510 251.0
3511 203.0
3512 0.0
3513 474.0
3514 390.0
3515 474.0
3516 0.0
3517 411.0
3518 384.0
3519 683.0
3520 33.0
3521 205.0
3522 203.0
3523 399.0
3524 25.0
3525 203.0
3526 675.0
3527 411.0
3528 683.0
3529 203.0
3530 411.0
3531 411.0
3532 507.0
3533 203.0
3534 507.0
3535 320.0
3536 167.0
3537 507.0
3538 507.0
3539 507.0
3540 507.0
3541 507.0
3542 334.0
3543 163.0
3544 185.0
3545 326.0
3546 201.0
3547 182.0
3548 203.0
3549 204.0
3550 408.0
3551 203.0
3552 204.0
3553 507.0
3554 507.0
3555 507.0
3556 61.0
3557 203.0
3558 204.0
3559 483.0
3560 203.0
3561 203.0
3562 203.0
3563 0.0
3564 467.0
3565 387.0
3566 392.0
3567 0.0
3568 404.0
3569 203.0
3570 683.0
3571 33.0
3572 389.0
3573 386.0
3574 389.0
3575 0.0
3576 203.0
3577 675.0
3578 492.0
3579 492.0
3580 203.0
3581 411.0
3582 623.0
3583 507.0
3584 203.0
3585 507.0
3586 507.0
3587 507.0
3588 507.0
3589 507.0
3590 202.0
3591 507.0
3592 507.0
3593 244.0
3594 163.0
3595 163.0
3596 383.0
3597 201.0
3598 1.0
3599 386.0
3600 125.0
3601 404.0
3602 0.0
3603 203.0
3604 507.0
3605 507.0
3606 507.0
3607 470.0
3608 203.0
3609 134.0
3610 203.0
3611 203.0
3612 397.0
3613 267.0
3614 203.0
3615 400.0
3616 387.0
3617 474.0
3618 48.0
3619 411.0
3620 411.0
3621 683.0
3622 30.0
3623 355.0
3624 401.0
3625 406.0
3626 147.0
3627 203.0
3628 675.0
3629 507.0
3630 470.0
3631 492.0
3632 675.0
3633 675.0
3634 203.0
3635 203.0
3636 507.0
3637 325.0
3638 507.0
3639 507.0
3640 507.0
3641 507.0
3642 507.0
3643 507.0
3644 17.0
3645 163.0
3646 283.0
3647 122.0
3648 377.0
3649 203.0
3650 386.0
3651 203.0
3652 408.0
3653 470.0
3654 470.0
3655 507.0
3656 507.0
3657 507.0
3658 203.0
3659 411.0
3660 134.0
3661 483.0
3662 408.0
3663 262.0
3664 475.0
3665 38.0
3666 474.0
3667 392.0
3668 387.0
3669 204.0
3670 411.0
3671 384.0
3672 683.0
3673 98.0
3674 363.0
3675 401.0
3676 203.0
3677 147.0
3678 507.0
3679 675.0
3680 410.0
3681 492.0
3682 482.0
3683 507.0
3684 411.0
3685 203.0
3686 203.0
3687 507.0
3688 507.0
3689 203.0
3690 507.0
3691 507.0
3692 507.0
3693 507.0
3694 507.0
3695 159.0
3696 163.0
3697 289.0
3698 377.0
3699 377.0
3700 186.0
3701 203.0
3702 0.0
3703 0.0
3704 203.0
3705 204.0
3706 507.0
3707 507.0
3708 507.0
3709 203.0
3710 411.0
3711 0.0
3712 483.0
3713 316.0
3714 169.0
3715 411.0
3716 33.0
3717 474.0
3718 400.0
3719 392.0
3720 0.0
3721 411.0
3722 411.0
3723 683.0
3724 98.0
3725 363.0
3726 203.0
3727 406.0
3728 0.0
3729 311.0
3730 675.0
3731 492.0
3732 492.0
3733 203.0
3734 411.0
3735 411.0
3736 203.0
3737 203.0
3738 507.0
3739 507.0
3740 198.0
3741 507.0
3742 507.0
3743 507.0
3744 507.0
3745 507.0
3746 136.0
3747 163.0
3748 163.0
3749 326.0
3750 201.0
3751 144.0
3752 203.0
3753 203.0
3754 127.0
3755 203.0
3756 204.0
3757 507.0
3758 507.0
3759 507.0
3760 203.0
3761 411.0
3762 203.0
3763 483.0
3764 203.0
3765 398.0
3766 464.0
3767 0.0
3768 474.0
3769 474.0
3770 474.0
3771 29.0
3772 404.0
3773 203.0
3774 683.0
3775 33.0
3776 389.0
3777 203.0
3778 399.0
3779 0.0
3780 637.0
3781 675.0
3782 411.0
3783 683.0
3784 492.0
3785 623.0
3786 623.0
3787 203.0
3788 203.0
3789 507.0
3790 507.0
3791 507.0
3792 320.0
3793 507.0
3794 507.0
3795 507.0
3796 507.0
3797 202.0
3798 163.0
3799 283.0
3800 170.0
3801 165.0
3802 0.0
3803 203.0
3804 196.0
3805 149.0
3806 0.0
3807 470.0
3808 507.0
3809 507.0
3810 507.0
3811 395.0
3812 411.0
3813 203.0
3814 203.0
3815 203.0
3816 204.0
3817 411.0
3818 203.0
3819 467.0
3820 387.0
3821 474.0
3822 411.0
3823 411.0
3824 411.0
3825 683.0
3826 203.0
3827 359.0
3828 401.0
3829 406.0
3830 147.0
3831 203.0
3832 675.0
3833 203.0
3834 683.0
3835 482.0
3836 203.0
3837 623.0
3838 64.0
3839 203.0
3840 507.0
3841 325.0
3842 507.0
3843 507.0
3844 507.0
3845 507.0
3846 507.0
3847 507.0
3848 0.0
3849 163.0
3850 146.0
3851 377.0
3852 311.0
3853 0.0
3854 386.0
3855 196.0
3856 116.0
3857 203.0
3858 204.0
3859 507.0
3860 507.0
3861 507.0
3862 204.0
3863 411.0
3864 385.0
3865 483.0
3866 316.0
3867 199.0
3868 475.0
3869 204.0
3870 474.0
3871 474.0
3872 392.0
3873 153.0
3874 406.0
3875 411.0
3876 683.0
3877 127.0
3878 359.0
3879 401.0
3880 203.0
3881 147.0
3882 203.0
3883 675.0
3884 492.0
3885 492.0
3886 507.0
3887 411.0
3888 623.0
3889 411.0
3890 203.0
3891 507.0
3892 507.0
3893 381.0
3894 507.0
3895 507.0
3896 507.0
3897 507.0
3898 507.0
3899 192.0
3900 163.0
3901 163.0
3902 377.0
3903 377.0
3904 203.0
3905 507.0
3906 203.0
3907 325.0
3908 203.0
3909 507.0
3910 507.0
3911 507.0
3912 507.0
3913 470.0
3914 411.0
3915 125.0
3916 203.0
3917 203.0
3918 203.0
3919 464.0
3920 149.0
3921 474.0
3922 400.0
3923 392.0
3924 203.0
3925 411.0
3926 411.0
3927 683.0
3928 33.0
3929 359.0
3930 203.0
3931 406.0
3932 147.0
3933 203.0
3934 675.0
3935 492.0
3936 492.0
3937 203.0
3938 411.0
3939 411.0
3940 203.0
3941 203.0
3942 507.0
3943 507.0
3944 31.0
3945 507.0
3946 507.0
3947 507.0
3948 507.0
3949 507.0
3950 89.0
3951 163.0
3952 163.0
3953 377.0
3954 163.0
3955 0.0
3956 203.0
3957 203.0
3958 203.0
3959 203.0
3960 394.0
3961 507.0
3962 507.0
3963 507.0
3964 470.0
3965 411.0
3966 203.0
3967 203.0
3968 203.0
3969 188.0
3970 475.0
3971 387.0
3972 467.0
3973 387.0
3974 474.0
3975 110.0
3976 404.0
3977 411.0
3978 683.0
3979 33.0
3980 389.0
3981 203.0
3982 399.0
3983 147.0
3984 203.0
3985 675.0
3986 492.0
3987 683.0
3988 675.0
3989 507.0
3990 623.0
3991 251.0
3992 203.0
3993 507.0
3994 325.0
3995 507.0
3996 507.0
3997 507.0
3998 507.0
3999 507.0
4000 507.0
4001 203.0
4002 163.0
4003 192.0
4004 122.0
4005 203.0
4006 18.0
4007 507.0
4008 203.0
4009 203.0
4010 203.0
4011 395.0
4012 507.0
4013 507.0
4014 507.0
4015 204.0
4016 411.0
4017 204.0
4018 203.0
4019 316.0
4020 203.0
4021 411.0
4022 203.0
4023 467.0
4024 387.0
4025 392.0
4026 0.0
4027 411.0
4028 411.0
4029 683.0
4030 98.0
4031 359.0
4032 387.0
4033 406.0
4034 147.0
4035 203.0
4036 675.0
4037 675.0
4038 470.0
4039 492.0
4040 264.0
4041 411.0
4042 507.0
4043 203.0
4044 507.0
4045 507.0
4046 507.0
4047 507.0
4048 507.0
4049 507.0
4050 507.0
4051 507.0
4052 150.0
4053 163.0
4054 203.0
4055 326.0
4056 163.0
4057 186.0
4058 647.0
4059 203.0
4060 408.0
4061 60.0
4062 204.0
4063 507.0
4064 507.0
4065 507.0
4066 204.0
4067 411.0
4068 134.0
4069 483.0
4070 400.0
4071 203.0
4072 475.0
4073 203.0
4074 474.0
4075 390.0
4076 387.0
4077 45.0
4078 411.0
4079 411.0
4080 683.0
4081 262.0
4082 359.0
4083 387.0
4084 399.0
4085 147.0
4086 203.0
4087 675.0
4088 492.0
4089 492.0
4090 470.0
4091 675.0
4092 411.0
4093 203.0
4094 203.0
4095 507.0
4096 507.0
4097 160.0
4098 507.0
4099 507.0
4100 507.0
4101 507.0
4102 507.0
4103 242.0
4104 163.0
4105 163.0
4106 377.0
4107 163.0
4108 147.0
4109 386.0
4110 203.0
4111 197.0
4112 28.0
4113 204.0
4114 507.0
4115 507.0
4116 507.0
4117 395.0
4118 411.0
4119 392.0
4120 483.0
4121 203.0
4122 203.0
4123 464.0
4124 172.0
4125 474.0
4126 398.0
4127 474.0
4128 25.0
4129 404.0
4130 411.0
4131 683.0
4132 30.0
4133 359.0
4134 399.0
4135 399.0
4136 147.0
4137 394.0
4138 675.0
4139 492.0
4140 492.0
4141 470.0
4142 203.0
4143 623.0
4144 619.0
4145 203.0
4146 507.0
4147 507.0
4148 507.0
4149 507.0
4150 507.0
4151 507.0
4152 507.0
4153 507.0
4154 123.0
4155 163.0
4156 163.0
4157 466.0
4158 159.0
4159 0.0
4160 507.0
4161 0.0
4162 411.0
4163 203.0
4164 204.0
4165 507.0
4166 507.0
4167 507.0
4168 470.0
4169 411.0
4170 204.0
4171 203.0
4172 322.0
4173 411.0
4174 475.0
4175 203.0
4176 467.0
4177 403.0
4178 474.0
4179 0.0
4180 396.0
4181 411.0
4182 683.0
4183 33.0
4184 389.0
4185 389.0
4186 393.0
4187 164.0
4188 402.0
4189 675.0
4190 492.0
4191 683.0
4192 482.0
4193 203.0
4194 623.0
4195 507.0
4196 203.0
4197 507.0
4198 507.0
4199 168.0
4200 507.0
4201 507.0
4202 507.0
4203 507.0
4204 507.0
4205 450.0
4206 507.0
4207 157.0
4208 254.0
4209 163.0
4210 120.0
4211 386.0
4212 114.0
4213 149.0
4214 203.0
4215 394.0
4216 507.0
4217 507.0
4218 507.0
4219 204.0
4220 411.0
4221 203.0
4222 483.0
4223 316.0
4224 204.0
4225 411.0
4226 411.0
4227 400.0
4228 393.0
4229 392.0
4230 0.0
4231 406.0
4232 411.0
4233 683.0
4234 132.0
4235 359.0
4236 411.0
4237 186.0
4238 147.0
4239 203.0
4240 675.0
4241 487.0
4242 492.0
4243 683.0
4244 675.0
4245 411.0
4246 264.0
4247 203.0
4248 507.0
4249 507.0
4250 507.0
4251 507.0
4252 507.0
4253 507.0
4254 507.0
4255 507.0
4256 507.0
4257 192.0
4258 163.0
4259 201.0
4260 163.0
4261 203.0
4262 386.0
4263 203.0
4264 167.0
4265 203.0
4266 395.0
4267 507.0
4268 507.0
4269 507.0
4270 204.0
4271 411.0
4272 389.0
4273 483.0
4274 403.0
4275 354.0
4276 464.0
4277 507.0
4278 474.0
4279 400.0
4280 474.0
4281 45.0
4282 411.0
4283 411.0
4284 683.0
4285 380.0
4286 359.0
4287 399.0
4288 359.0
4289 158.0
4290 637.0
4291 675.0
4292 470.0
4293 492.0
4294 203.0
4295 411.0
4296 683.0
4297 470.0
4298 203.0
4299 507.0
4300 507.0
4301 507.0
4302 507.0
4303 507.0
4304 507.0
4305 507.0
4306 507.0
4307 508.0
4308 508.0
4309 194.0
4310 267.0
4311 163.0
4312 384.0
4313 203.0
4314 0.0
4315 203.0
4316 0.0
4317 507.0
4318 507.0
4319 507.0
4320 507.0
4321 395.0
4322 203.0
4323 159.0
4324 203.0
4325 203.0
4326 244.0
4327 475.0
4328 411.0
4329 398.0
4330 411.0
4331 474.0
4332 147.0
4333 411.0
4334 411.0
4335 683.0
4336 93.0
4337 507.0
4338 387.0
4339 398.0
4340 147.0
4341 382.0
4342 675.0
4343 397.0
4344 683.0
4345 482.0
4346 411.0
4347 683.0
4348 203.0
4349 203.0
4350 507.0
4351 507.0
4352 168.0
4353 507.0
4354 507.0
4355 507.0
4356 507.0
4357 163.0
4358 136.0
4359 507.0
4360 157.0
4361 27.0
4362 163.0
4363 108.0
4364 386.0
4365 203.0
4366 28.0
4367 203.0
4368 204.0
4369 507.0
4370 507.0
4371 507.0
4372 470.0
4373 411.0
4374 380.0
4375 203.0
4376 203.0
4377 431.0
4378 203.0
4379 411.0
4380 411.0
4381 392.0
4382 387.0
4383 204.0
4384 406.0
4385 411.0
4386 683.0
4387 30.0
4388 359.0
4389 387.0
4390 372.0
4391 169.0
4392 411.0
4393 675.0
4394 492.0
4395 683.0
4396 203.0
4397 411.0
4398 411.0
4399 203.0
4400 203.0
4401 507.0
4402 507.0
4403 174.0
4404 507.0
4405 507.0
4406 507.0
4407 507.0
4408 175.0
4409 163.0
4410 192.0
4411 290.0
4412 203.0
4413 163.0
4414 386.0
4415 386.0
4416 203.0
4417 202.0
4418 188.0
4419 204.0
4420 507.0
4421 507.0
4422 507.0
4423 204.0
4424 411.0
4425 204.0
4426 483.0
4427 203.0
4428 251.0
4429 203.0
4430 397.0
4431 400.0
4432 203.0
4433 474.0
4434 204.0
4435 404.0
4436 203.0
4437 683.0
4438 411.0
4439 507.0
4440 392.0
4441 134.0
4442 147.0
4443 203.0
4444 675.0
4445 492.0
4446 492.0
4447 203.0
4448 203.0
4449 411.0
4450 507.0
4451 203.0
4452 507.0
4453 507.0
4454 507.0
4455 507.0
4456 507.0
4457 507.0
4458 507.0
4459 507.0
4460 508.0
4461 192.0
4462 163.0
4463 383.0
4464 163.0
4465 63.0
4466 203.0
4467 135.0
4468 203.0
4469 97.0
4470 394.0
4471 507.0
4472 507.0
4473 507.0
4474 203.0
4475 203.0
4476 149.0
4477 483.0
4478 316.0
4479 188.0
4480 207.0
4481 507.0
4482 408.0
4483 393.0
4484 474.0
4485 203.0
4486 411.0
4487 411.0
4488 683.0
4489 391.0
4490 359.0
4491 399.0
4492 406.0
4493 147.0
4494 382.0
4495 675.0
4496 492.0
4497 492.0
4498 507.0
4499 623.0
4500 683.0
4501 507.0
4502 203.0
4503 507.0
4504 507.0
4505 325.0
4506 507.0
4507 507.0
4508 507.0
4509 507.0
4510 163.0
4511 203.0
4512 507.0
4513 194.0
4514 163.0
4515 163.0
4516 203.0
4517 507.0
4518 133.0
4519 203.0
4520 0.0
4521 204.0
4522 507.0
4523 507.0
4524 507.0
4525 394.0
4526 203.0
4527 240.0
4528 483.0
4529 316.0
4530 204.0
4531 273.0
4532 411.0
4533 398.0
4534 350.0
4535 387.0
4536 203.0
4537 411.0
4538 411.0
4539 683.0
4540 72.0
4541 507.0
4542 387.0
4543 406.0
4544 147.0
4545 633.0
4546 675.0
4547 675.0
4548 683.0
4549 203.0
4550 411.0
4551 683.0
4552 264.0
4553 203.0
4554 507.0
4555 507.0
4556 507.0
4557 507.0
4558 507.0
4559 507.0
4560 507.0
4561 163.0
4562 163.0
4563 507.0
4564 194.0
4565 163.0
4566 163.0
4567 141.0
4568 386.0
4569 203.0
4570 396.0
4571 9.0
4572 204.0
4573 507.0
4574 507.0
4575 507.0
4576 204.0
4577 411.0
4578 392.0
4579 483.0
4580 203.0
4581 224.0
4582 203.0
4583 411.0
4584 411.0
4585 400.0
4586 387.0
4587 204.0
4588 411.0
4589 203.0
4590 683.0
4591 164.0
4592 359.0
4593 387.0
4594 372.0
4595 169.0
4596 203.0
4597 675.0
4598 492.0
4599 683.0
4600 203.0
4601 623.0
4602 411.0
4603 492.0
4604 203.0
4605 507.0
4606 507.0
4607 507.0
4608 507.0
4609 507.0
4610 507.0
4611 507.0
4612 53.0
4613 507.0
4614 163.0
4615 192.0
4616 383.0
4617 163.0
4618 384.0
4619 203.0
4620 43.0
4621 0.0
4622 203.0
4623 204.0
4624 507.0
4625 507.0
4626 507.0
4627 204.0
4628 203.0
4629 392.0
4630 203.0
4631 203.0
4632 203.0
4633 203.0
4634 411.0
4635 205.0
4636 0.0
4637 474.0
4638 204.0
4639 411.0
4640 411.0
4641 683.0
4642 164.0
4643 359.0
4644 394.0
4645 391.0
4646 0.0
4647 203.0
4648 675.0
4649 492.0
4650 492.0
4651 675.0
4652 675.0
4653 683.0
4654 411.0
4655 203.0
4656 507.0
4657 507.0
4658 507.0
4659 507.0
4660 507.0
4661 507.0
4662 507.0
4663 163.0
4664 0.0
4665 163.0
4666 192.0
4667 311.0
4668 163.0
4669 72.0
4670 647.0
4671 203.0
4672 203.0
4673 0.0
4674 395.0
4675 507.0
4676 507.0
4677 507.0
4678 395.0
4679 203.0
4680 483.0
4681 483.0
4682 262.0
4683 204.0
4684 203.0
4685 411.0
4686 473.0
4687 350.0
4688 474.0
4689 203.0
4690 411.0
4691 147.0
4692 683.0
4693 162.0
4694 507.0
4695 399.0
4696 406.0
4697 169.0
4698 633.0
4699 675.0
4700 487.0
4701 492.0
4702 675.0
4703 411.0
4704 683.0
4705 264.0
4706 203.0
4707 507.0
4708 507.0
4709 394.0
4710 507.0
4711 507.0
4712 507.0
4713 507.0
4714 242.0
4715 163.0
4716 507.0
4717 163.0
4718 256.0
4719 163.0
4720 108.0
4721 386.0
4722 66.0
4723 203.0
4724 203.0
4725 470.0
4726 507.0
4727 507.0
4728 507.0
4729 203.0
4730 411.0
4731 385.0
4732 483.0
4733 203.0
4734 203.0
4735 294.0
4736 411.0
4737 361.0
4738 270.0
4739 474.0
4740 213.0
4741 411.0
4742 411.0
4743 683.0
4744 178.0
4745 359.0
4746 387.0
4747 406.0
4748 147.0
4749 203.0
4750 675.0
4751 492.0
4752 683.0
4753 203.0
4754 675.0
4755 683.0
4756 633.0
4757 203.0
4758 507.0
4759 507.0
4760 507.0
4761 507.0
4762 507.0
4763 507.0
4764 507.0
4765 508.0
4766 203.0
4767 507.0
4768 194.0
4769 201.0
4770 194.0
4771 203.0
4772 151.0
4773 190.0
4774 203.0
4775 85.0
4776 204.0
4777 507.0
4778 507.0
4779 507.0
4780 204.0
4781 411.0
4782 197.0
4783 483.0
4784 203.0
4785 157.0
4786 88.0
4787 397.0
4788 206.0
4789 0.0
4790 387.0
4791 204.0
4792 411.0
4793 203.0
4794 683.0
4795 391.0
4796 359.0
4797 387.0
4798 406.0
4799 158.0
4800 302.0
4801 675.0
4802 470.0
4803 683.0
4804 203.0
4805 623.0
4806 411.0
4807 619.0
4808 411.0
4809 507.0
4810 507.0
4811 507.0
4812 320.0
4813 507.0
4814 507.0
4815 52.0
4816 203.0
4817 0.0
4818 163.0
4819 201.0
4820 377.0
4821 163.0
4822 383.0
4823 151.0
4824 203.0
4825 116.0
4826 0.0
4827 470.0
4828 507.0
4829 507.0
4830 507.0
4831 394.0
4832 203.0
4833 175.0
4834 483.0
4835 203.0
4836 193.0
4837 203.0
4838 507.0
4839 411.0
4840 411.0
4841 474.0
4842 392.0
4843 411.0
4844 411.0
4845 683.0
4846 164.0
4847 363.0
4848 399.0
4849 406.0
4850 25.0
4851 203.0
4852 675.0
4853 633.0
4854 683.0
4855 683.0
4856 683.0
4857 683.0
4858 411.0
4859 203.0
4860 507.0
4861 507.0
4862 507.0
4863 507.0
4864 507.0
4865 507.0
4866 203.0
4867 253.0
4868 93.0
4869 163.0
4870 305.0
4871 174.0
4872 93.0
4873 386.0
4874 63.0
4875 116.0
4876 203.0
4877 0.0
4878 208.0
4879 507.0
4880 507.0
4881 507.0
4882 470.0
4883 411.0
4884 385.0
4885 483.0
4886 345.0
4887 203.0
4888 203.0
4889 411.0
4890 269.0
4891 270.0
4892 474.0
4893 203.0
4894 411.0
4895 411.0
4896 683.0
4897 162.0
4898 355.0
4899 392.0
4900 406.0
4901 169.0
4902 485.0
4903 675.0
4904 203.0
4905 492.0
4906 675.0
4907 411.0
4908 683.0
4909 487.0
4910 203.0
4911 507.0
4912 507.0
4913 381.0
4914 507.0
4915 507.0
4916 507.0
4917 384.0
4918 53.0
4919 163.0
4920 192.0
4921 163.0
4922 160.0
4923 163.0
4924 108.0
4925 72.0
4926 203.0
4927 142.0
4928 0.0
4929 203.0
4930 507.0
4931 507.0
4932 507.0
4933 507.0
4934 203.0
4935 204.0
4936 483.0
4937 316.0
4938 124.0
4939 203.0
4940 507.0
4941 476.0
4942 0.0
4943 387.0
4944 213.0
4945 411.0
4946 406.0
4947 683.0
4948 106.0
4949 363.0
4950 389.0
4951 406.0
4952 147.0
4953 507.0
4954 675.0
4955 675.0
4956 492.0
4957 203.0
4958 623.0
4959 683.0
4960 487.0
4961 203.0
4962 507.0
4963 507.0
4964 507.0
4965 507.0
4966 507.0
4967 507.0
4968 163.0
4969 350.0
4970 386.0
4971 507.0
4972 194.0
4973 377.0
4974 163.0
4975 203.0
4976 97.0
4977 106.0
4978 0.0
4979 387.0
4980 204.0
4981 507.0
4982 507.0
4983 507.0
4984 394.0
4985 203.0
4986 240.0
4987 483.0
4988 203.0
4989 163.0
4990 203.0
4991 397.0
4992 357.0
4993 106.0
4994 474.0
4995 204.0
4996 411.0
4997 411.0
4998 683.0
4999 133.0
5000 359.0
5001 406.0
5002 406.0
5003 169.0
5004 203.0
5005 675.0
5006 487.0
5007 470.0
5008 203.0
5009 623.0
5010 683.0
5011 619.0
5012 507.0
5013 507.0
5014 507.0
5015 507.0
5016 343.0
5017 507.0
5018 507.0
5019 507.0
5020 395.0
5021 203.0
5022 507.0
5023 279.0
5024 271.0
5025 163.0
5026 384.0
5027 108.0
5028 108.0
5029 383.0
5030 83.0
5031 207.0
5032 507.0
5033 507.0
5034 507.0
5035 453.0
5036 411.0
5037 204.0
5038 483.0
5039 203.0
5040 191.0
5041 507.0
5042 507.0
5043 397.0
5044 399.0
5045 474.0
5046 170.0
5047 411.0
5048 411.0
5049 683.0
5050 162.0
5051 359.0
5052 399.0
5053 388.0
5054 0.0
5055 297.0
5056 675.0
5057 492.0
5058 683.0
5059 120.0
5060 411.0
5061 683.0
5062 411.0
5063 203.0
5064 507.0
5065 507.0
5066 507.0
5067 507.0
5068 507.0
5069 507.0
5070 384.0
5071 384.0
5072 203.0
5073 163.0
5074 194.0
5075 192.0
5076 163.0
5077 151.0
5078 384.0
5079 125.0
5080 203.0
5081 203.0
5082 470.0
5083 507.0
5084 507.0
5085 507.0
5086 507.0
5087 203.0
5088 203.0
5089 483.0
5090 311.0
5091 411.0
5092 289.0
5093 411.0
5094 411.0
5095 404.0
5096 392.0
5097 239.0
5098 411.0
5099 411.0
5100 683.0
