1 38.0
2 38.0
3 38.0
4 38.0
5 38.0
6 38.0
7 38.0
8 38.0
9 0.0
10 38.0
11 38.0
12 38.0
13 38.0
14 38.0
15 32.0
16 38.0
17 25.0
18 38.0
19 32.0
20 180.0
21 33.0
22 32.0
23 18.0
24 38.0
25 195.0
26 32.0
27 32.0
28 38.0
29 38.0
30 249.0
31 38.0
32 0.0
33 0.0
34 249.0
35 38.0
36 236.0
37 235.0
38 0.0
39 257.0
40 38.0
41 32.0
42 32.0
43 38.0
44 33.0
45 32.0
46 0.0
47 0.0
48 38.0
49 30.0
50 185.0
51 257.0
52 33.0
53 1.0
54 32.0
55 33.0
56 25.0
57 244.0
58 32.0
59 260.0
60 256.0
61 0.0
62 32.0
63 251.0
64 103.0
65 253.0
66 262.0
67 114.0
68 264.0
69 33.0
70 254.0
71 256.0
72 248.0
73 249.0
74 254.0
75 33.0
76 103.0
77 244.0
78 32.0
79 249.0
80 268.0
81 235.0
82 38.0
83 266.0
84 267.0
85 0.0
86 271.0
87 249.0
88 235.0
89 0.0
90 38.0
91 114.0
92 252.0
93 263.0
94 240.0
95 249.0
96 38.0
97 0.0
98 0.0
99 32.0
100 103.0
101 251.0
102 271.0
103 264.0
104 271.0
105 235.0
106 271.0
107 269.0
108 104.0
109 271.0
110 271.0
111 264.0
112 38.0
113 158.0
114 326.0
115 103.0
116 269.0
117 98.0
118 267.0
119 271.0
120 271.0
121 258.0
122 252.0
123 249.0
124 33.0
125 93.0
126 263.0
127 264.0
128 33.0
129 271.0
130 271.0
131 98.0
132 235.0
133 38.0
134 269.0
135 326.0
136 271.0
137 255.0
138 269.0
139 30.0
140 103.0
141 271.0
142 260.0
143 257.0
144 271.0
145 269.0
146 271.0
147 271.0
148 30.0
149 103.0
150 271.0
151 169.0
152 235.0
153 326.0
154 250.0
155 193.0
156 233.0
157 208.0
158 32.0
159 235.0
160 276.0
161 250.0
162 323.0
163 224.0
164 32.0
165 250.0
166 267.0
167 250.0
168 93.0
169 234.0
170 250.0
171 234.0
172 257.0
173 286.0
174 251.0
175 30.0
176 278.0
177 255.0
178 250.0
179 256.0
180 273.0
181 31.0
182 98.0
183 290.0
184 266.0
185 250.0
186 326.0
187 250.0
188 250.0
189 261.0
190 0.0
191 265.0
192 267.0
193 234.0
194 249.0
195 257.0
196 258.0
197 249.0
198 249.0
199 240.0
200 109.0
201 205.0
202 323.0
203 326.0
204 326.0
205 250.0
206 326.0
207 234.0
208 234.0
209 250.0
210 224.0
211 249.0
212 271.0
213 234.0
214 249.0
215 32.0
216 267.0
217 235.0
218 180.0
219 14.0
220 234.0
221 271.0
222 234.0
223 333.0
224 290.0
225 249.0
226 235.0
227 233.0
228 247.0
229 260.0
230 252.0
231 264.0
232 256.0
233 246.0
234 271.0
235 25.0
236 234.0
237 428.0
238 250.0
239 256.0
240 326.0
241 0.0
242 181.0
243 278.0
244 234.0
245 260.0
246 326.0
247 235.0
248 245.0
249 247.0
250 278.0
251 264.0
252 326.0
253 273.0
254 263.0
255 428.0
256 428.0
257 281.0
258 32.0
259 33.0
260 30.0
261 30.0
262 263.0
263 268.0
264 259.0
265 247.0
266 0.0
267 332.0
268 252.0
269 120.0
270 14.0
271 261.0
272 273.0
273 215.0
274 0.0
275 258.0
276 250.0
277 258.0
278 252.0
279 0.0
280 260.0
281 250.0
282 259.0
283 235.0
284 0.0
285 331.0
286 271.0
287 32.0
288 284.0
289 0.0
290 249.0
291 283.0
292 30.0
293 197.0
294 246.0
295 275.0
296 258.0
297 248.0
298 32.0
299 271.0
300 0.0
301 247.0
302 267.0
303 283.0
304 327.0
305 267.0
306 428.0
307 262.0
308 327.0
309 256.0
310 30.0
311 268.0
312 244.0
313 278.0
314 274.0
315 323.0
316 241.0
317 0.0
318 337.0
319 38.0
320 255.0
321 30.0
322 250.0
323 269.0
324 30.0
325 258.0
326 299.0
327 247.0
328 33.0
329 234.0
330 271.0
331 271.0
332 252.0
333 271.0
334 31.0
335 98.0
336 263.0
337 256.0
338 269.0
339 326.0
340 271.0
341 257.0
342 235.0
343 25.0
344 267.0
345 259.0
346 262.0
347 252.0
348 320.0
349 109.0
350 269.0
351 250.0
352 233.0
353 250.0
354 205.0
355 299.0
356 247.0
357 428.0
358 249.0
359 299.0
360 235.0
361 33.0
362 260.0
363 0.0
364 283.0
365 258.0
366 256.0
367 236.0
368 32.0
369 299.0
370 255.0
371 250.0
372 92.0
373 265.0
374 428.0
375 263.0
376 234.0
377 299.0
378 267.0
379 328.0
380 234.0
381 250.0
382 428.0
383 267.0
384 271.0
385 32.0
386 250.0
387 332.0
388 271.0
389 25.0
390 327.0
391 180.0
392 273.0
393 32.0
394 31.0
395 0.0
396 163.0
397 271.0
398 271.0
399 326.0
400 258.0
401 326.0
402 383.0
403 175.0
404 272.0
405 327.0
406 278.0
407 249.0
408 428.0
409 250.0
410 428.0
411 235.0
412 30.0
413 30.0
414 98.0
415 255.0
416 249.0
417 0.0
418 249.0
419 244.0
420 428.0
421 235.0
422 0.0
423 273.0
424 114.0
425 266.0
426 289.0
427 158.0
428 322.0
429 247.0
430 326.0
431 428.0
432 250.0
433 234.0
434 267.0
435 254.0
436 0.0
437 0.0
438 271.0
439 250.0
440 269.0
441 284.0
442 271.0
443 267.0
444 321.0
445 0.0
446 273.0
447 275.0
448 234.0
449 235.0
450 235.0
451 244.0
452 284.0
453 258.0
454 278.0
455 264.0
456 291.0
457 330.0
458 328.0
459 428.0
460 332.0
461 326.0
462 256.0
463 25.0
464 272.0
465 31.0
466 283.0
467 33.0
468 319.0
469 249.0
470 38.0
471 326.0
472 275.0
473 0.0
474 256.0
475 268.0
476 269.0
477 428.0
478 337.0
479 327.0
480 103.0
481 271.0
482 248.0
483 0.0
484 326.0
485 428.0
486 326.0
487 32.0
488 98.0
489 239.0
490 428.0
491 103.0
492 428.0
493 14.0
494 268.0
495 93.0
496 0.0
497 253.0
498 260.0
499 280.0
500 271.0
501 294.0
502 254.0
503 326.0
504 338.0
505 25.0
506 253.0
507 209.0
508 289.0
509 267.0
510 428.0
511 255.0
512 428.0
513 256.0
514 20.0
515 269.0
516 0.0
517 288.0
518 428.0
519 250.0
520 316.0
521 0.0
522 299.0
523 255.0
524 38.0
525 245.0
526 273.0
527 276.0
528 219.0
529 256.0
530 330.0
531 109.0
532 253.0
533 326.0
534 0.0
535 269.0
536 299.0
537 0.0
538 32.0
539 103.0
540 30.0
541 285.0
542 327.0
543 326.0
544 20.0
545 0.0
546 38.0
547 25.0
548 427.0
549 281.0
550 38.0
551 330.0
552 259.0
553 235.0
554 327.0
555 205.0
556 234.0
557 326.0
558 295.0
559 278.0
560 327.0
561 428.0
562 263.0
563 428.0
564 256.0
565 30.0
566 284.0
567 0.0
568 273.0
569 38.0
570 264.0
571 256.0
572 38.0
573 327.0
574 0.0
575 283.0
576 98.0
577 440.0
578 269.0
579 263.0
580 271.0
581 329.0
582 180.0
583 322.0
584 234.0
585 264.0
586 428.0
587 326.0
588 264.0
589 205.0
590 0.0
591 332.0
592 327.0
593 233.0
594 428.0
595 258.0
596 327.0
597 281.0
598 0.0
599 109.0
600 163.0
601 235.0
602 343.0
603 234.0
604 257.0
605 428.0
606 338.0
607 267.0
608 267.0
609 427.0
610 286.0
611 249.0
612 440.0
613 395.0
614 428.0
615 274.0
616 32.0
617 30.0
618 0.0
619 433.0
620 440.0
621 273.0
622 274.0
623 32.0
624 250.0
625 251.0
626 0.0
627 98.0
628 30.0
629 332.0
630 266.0
631 158.0
632 271.0
633 196.0
634 322.0
635 248.0
636 265.0
637 329.0
638 333.0
639 264.0
640 196.0
641 263.0
642 255.0
643 329.0
644 277.0
645 327.0
646 251.0
647 261.0
648 235.0
649 0.0
650 440.0
651 427.0
652 98.0
653 343.0
654 271.0
655 25.0
656 294.0
657 33.0
658 288.0
659 329.0
660 208.0
661 32.0
662 329.0
663 440.0
664 428.0
665 444.0
666 261.0
667 32.0
668 427.0
669 0.0
670 235.0
671 44.0
672 273.0
673 329.0
674 0.0
675 259.0
676 251.0
677 0.0
678 252.0
679 440.0
680 262.0
681 428.0
682 158.0
683 330.0
684 251.0
685 392.0
686 32.0
687 332.0
688 271.0
689 299.0
690 0.0
691 28.0
692 271.0
693 30.0
694 275.0
695 269.0
696 327.0
697 0.0
698 285.0
699 38.0
700 254.0
701 246.0
702 32.0
703 0.0
704 345.0
705 283.0
706 260.0
707 428.0
708 31.0
709 30.0
710 158.0
711 427.0
712 277.0
713 252.0
714 444.0
715 266.0
716 255.0
717 235.0
718 325.0
719 277.0
720 0.0
721 283.0
722 265.0
723 0.0
724 323.0
725 33.0
726 275.0
727 251.0
728 319.0
729 273.0
730 319.0
731 103.0
732 207.0
733 103.0
734 319.0
735 270.0
736 326.0
737 282.0
738 30.0
739 327.0
740 251.0
741 25.0
742 192.0
743 286.0
744 260.0
745 282.0
746 250.0
747 428.0
748 233.0
749 264.0
750 98.0
751 32.0
752 255.0
753 33.0
754 234.0
755 276.0
756 257.0
757 104.0
758 319.0
759 31.0
760 294.0
761 251.0
762 287.0
763 279.0
764 337.0
765 444.0
766 265.0
767 250.0
768 382.0
769 33.0
770 427.0
771 0.0
772 427.0
773 29.0
774 322.0
775 279.0
776 25.0
777 246.0
778 267.0
779 251.0
780 223.0
781 440.0
782 260.0
783 82.0
784 271.0
785 265.0
786 248.0
787 266.0
788 235.0
789 336.0
790 234.0
791 251.0
792 284.0
793 0.0
794 25.0
795 256.0
796 250.0
797 30.0
798 265.0
799 262.0
800 249.0
801 246.0
802 254.0
803 0.0
804 158.0
805 234.0
806 276.0
807 30.0
808 32.0
809 285.0
810 428.0
811 235.0
812 267.0
813 251.0
814 0.0
815 270.0
816 444.0
817 395.0
818 440.0
819 261.0
820 280.0
821 263.0
822 30.0
823 256.0
824 269.0
825 276.0
826 234.0
827 25.0
828 428.0
829 235.0
830 0.0
831 262.0
832 268.0
833 252.0
834 30.0
835 158.0
836 329.0
837 322.0
838 252.0
839 240.0
840 38.0
841 428.0
842 253.0
843 427.0
844 3.0
845 104.0
846 263.0
847 250.0
848 266.0
849 327.0
850 104.0
851 285.0
852 93.0
853 0.0
854 268.0
855 278.0
856 0.0
857 104.0
858 30.0
859 267.0
860 327.0
861 0.0
862 252.0
863 163.0
864 273.0
865 271.0
866 337.0
867 444.0
868 265.0
869 444.0
870 444.0
871 175.0
872 284.0
873 0.0
874 256.0
875 252.0
876 256.0
877 235.0
878 0.0
879 332.0
880 251.0
881 0.0
882 251.0
883 440.0
884 264.0
885 258.0
886 326.0
887 330.0
888 251.0
889 332.0
890 32.0
891 0.0
892 33.0
893 253.0
894 250.0
895 192.0
896 271.0
897 263.0
898 262.0
899 235.0
900 326.0
901 0.0
902 273.0
903 93.0
904 263.0
905 255.0
906 0.0
907 32.0
908 263.0
909 235.0
910 262.0
911 275.0
912 233.0
913 158.0
914 440.0
915 427.0
916 270.0
917 252.0
918 444.0
919 268.0
920 255.0
921 256.0
922 1.0
923 271.0
924 0.0
925 282.0
926 31.0
927 255.0
928 276.0
929 0.0
930 332.0
931 307.0
932 256.0
933 98.0
934 440.0
935 267.0
936 230.0
937 275.0
938 271.0
939 249.0
940 326.0
941 38.0
942 263.0
943 25.0
944 251.0
945 275.0
946 32.0
947 0.0
948 258.0
949 274.0
950 246.0
951 427.0
952 232.0
953 428.0
954 235.0
955 32.0
956 255.0
957 0.0
958 33.0
959 276.0
960 235.0
961 269.0
962 283.0
963 204.0
964 25.0
965 251.0
966 296.0
967 30.0
968 252.0
969 444.0
970 232.0
971 427.0
972 261.0
973 33.0
974 232.0
975 30.0
976 428.0
977 261.0
978 240.0
979 264.0
980 2.0
981 304.0
982 331.0
983 251.0
984 98.0
985 440.0
986 319.0
987 169.0
988 326.0
989 329.0
990 0.0
991 252.0
992 326.0
993 32.0
994 248.0
995 251.0
996 427.0
997 2.0
998 0.0
999 6.0
1000 245.0
1001 32.0
1002 255.0
1003 25.0
1004 285.0
1005 98.0
1006 0.0
1007 297.0
1008 25.0
1009 33.0
1010 104.0
1011 235.0
1012 252.0
1013 274.0
1014 0.0
1015 33.0
1016 271.0
1017 251.0
1018 98.0
1019 337.0
1020 444.0
1021 274.0
1022 440.0
1023 235.0
1024 427.0
1025 428.0
1026 0.0
1027 246.0
1028 261.0
1029 278.0
1030 329.0
1031 25.0
1032 337.0
1033 251.0
1034 0.0
1035 14.0
1036 444.0
1037 444.0
1038 326.0
1039 158.0
1040 330.0
1041 234.0
1042 327.0
1043 32.0
1044 0.0
1045 265.0
1046 299.0
1047 263.0
1048 32.0
1049 427.0
1050 265.0
1051 255.0
1052 103.0
1053 440.0
1054 286.0
1055 444.0
1056 259.0
1057 32.0
1058 255.0
1059 278.0
1060 32.0
1061 44.0
1062 0.0
1063 339.0
1064 275.0
1065 282.0
1066 252.0
1067 444.0
1068 213.0
1069 280.0
1070 444.0
1071 444.0
1072 267.0
1073 245.0
1074 261.0
1075 291.0
1076 427.0
1077 0.0
1078 235.0
1079 287.0
1080 261.0
1081 323.0
1082 0.0
1083 281.0
1084 265.0
1085 428.0
1086 251.0
1087 265.0
1088 256.0
1089 235.0
1090 256.0
1091 329.0
1092 251.0
1093 278.0
1094 241.0
1095 0.0
1096 0.0
1097 250.0
1098 427.0
1099 192.0
1100 0.0
1101 258.0
1102 299.0
1103 164.0
1104 440.0
1105 315.0
1106 251.0
1107 93.0
1108 249.0
1109 246.0
1110 260.0
1111 32.0
1112 251.0
1113 278.0
1114 246.0
1115 263.0
1116 234.0
1117 25.0
1118 251.0
1119 326.0
1120 0.0
1121 252.0
1122 444.0
1123 280.0
1124 257.0
1125 335.0
1126 325.0
1127 265.0
1128 257.0
1129 272.0
1130 233.0
1131 254.0
1132 274.0
1133 1.0
1134 30.0
1135 336.0
1136 256.0
1137 92.0
1138 427.0
1139 263.0
1140 163.0
1141 269.0
1142 320.0
1143 0.0
1144 103.0
1145 282.0
1146 38.0
1147 248.0
1148 428.0
1149 275.0
1150 0.0
1151 427.0
1152 234.0
1153 0.0
1154 109.0
1155 255.0
1156 271.0
1157 444.0
1158 256.0
1159 249.0
1160 0.0
1161 427.0
1162 32.0
1163 234.0
1164 259.0
1165 444.0
1166 25.0
1167 0.0
1168 274.0
1169 294.0
1170 427.0
1171 98.0
1172 444.0
1173 444.0
1174 250.0
1175 428.0
1176 33.0
1177 325.0
1178 428.0
1179 0.0
1180 327.0
1181 274.0
1182 253.0
1183 440.0
1184 0.0
1185 30.0
1186 307.0
1187 0.0
1188 92.0
1189 444.0
1190 427.0
1191 235.0
1192 158.0
1193 327.0
1194 0.0
1195 340.0
1196 240.0
1197 0.0
1198 255.0
1199 428.0
1200 265.0
1201 0.0
1202 192.0
1203 260.0
1204 25.0
1205 164.0
1206 327.0
1207 25.0
1208 437.0
1209 98.0
1210 32.0
1211 38.0
1212 251.0
1213 33.0
1214 104.0
1215 326.0
1216 252.0
1217 284.0
1218 1.0
1219 192.0
1220 294.0
1221 250.0
1222 109.0
1223 444.0
1224 444.0
1225 232.0
1226 440.0
1227 280.0
1228 262.0
1229 332.0
1230 257.0
1231 224.0
1232 233.0
1233 322.0
1234 263.0
1235 33.0
1236 103.0
1237 251.0
1238 38.0
1239 256.0
1240 263.0
1241 252.0
1242 0.0
1243 98.0
1244 329.0
1245 234.0
1246 235.0
1247 246.0
1248 0.0
1249 0.0
1250 428.0
1251 262.0
1252 32.0
1253 0.0
1254 271.0
1255 253.0
1256 260.0
1257 427.0
1258 25.0
1259 444.0
1260 30.0
1261 32.0
1262 252.0
1263 284.0
1264 32.0
1265 235.0
1266 30.0
1267 271.0
1268 326.0
1269 204.0
1270 25.0
1271 267.0
1272 250.0
1273 282.0
1274 263.0
1275 444.0
1276 428.0
1277 0.0
1278 261.0
1279 291.0
1280 263.0
1281 0.0
1282 285.0
1283 30.0
1284 234.0
1285 274.0
1286 0.0
1287 103.0
1288 265.0
1289 0.0
1290 256.0
1291 444.0
1292 263.0
1293 234.0
1294 93.0
1295 330.0
1296 234.0
1297 326.0
1298 252.0
1299 32.0
1300 234.0
1301 250.0
1302 284.0
1303 256.0
1304 0.0
1305 261.0
1306 265.0
1307 103.0
1308 427.0
1309 30.0
1310 265.0
1311 235.0
1312 256.0
1313 233.0
1314 257.0
1315 0.0
1316 234.0
1317 25.0
1318 278.0
1319 25.0
1320 234.0
1321 235.0
1322 440.0
1323 275.0
1324 235.0
1325 444.0
1326 444.0
1327 427.0
1328 255.0
1329 33.0
1330 344.0
1331 323.0
1332 0.0
1333 273.0
1334 271.0
1335 322.0
1336 263.0
1337 0.0
1338 269.0
1339 251.0
1340 6.0
1341 223.0
1342 427.0
1343 427.0
1344 278.0
1345 0.0
1346 251.0
1347 0.0
1348 278.0
1349 235.0
1350 30.0
1351 251.0
1352 444.0
1353 271.0
1354 30.0
1355 0.0
1356 234.0
1357 265.0
1358 30.0
1359 427.0
1360 271.0
1361 444.0
1362 256.0
1363 252.0
1364 0.0
1365 251.0
1366 271.0
1367 104.0
1368 267.0
1369 246.0
1370 299.0
1371 0.0
1372 0.0
1373 287.0
1374 427.0
1375 98.0
1376 444.0
1377 444.0
1378 433.0
1379 428.0
1380 32.0
1381 379.0
1382 428.0
1383 207.0
1384 235.0
1385 337.0
1386 322.0
1387 440.0
1388 0.0
1389 264.0
1390 251.0
1391 38.0
1392 233.0
1393 265.0
1394 427.0
1395 207.0
1396 22.0
1397 329.0
1398 0.0
1399 323.0
1400 299.0
1401 30.0
1402 332.0
1403 444.0
1404 249.0
1405 253.0
1406 192.0
1407 256.0
1408 251.0
1409 164.0
1410 427.0
1411 271.0
1412 444.0
1413 30.0
1414 32.0
1415 329.0
1416 251.0
1417 271.0
1418 229.0
1419 235.0
1420 252.0
1421 279.0
1422 1.0
1423 251.0
1424 319.0
1425 250.0
1426 282.0
1427 444.0
1428 444.0
1429 274.0
1430 428.0
1431 278.0
1432 444.0
1433 428.0
1434 0.0
1435 444.0
1436 30.0
1437 319.0
1438 444.0
1439 0.0
1440 98.0
1441 252.0
1442 38.0
1443 327.0
1444 263.0
1445 444.0
1446 266.0
1447 103.0
1448 251.0
1449 257.0
1450 235.0
1451 33.0
1452 336.0
1453 319.0
1454 265.0
1455 428.0
1456 98.0
1457 0.0
1458 32.0
1459 245.0
1460 267.0
1461 427.0
1462 326.0
1463 263.0
1464 25.0
1465 31.0
1466 255.0
1467 253.0
1468 25.0
1469 251.0
1470 25.0
1471 252.0
1472 25.0
1473 204.0
1474 158.0
1475 444.0
1476 427.0
1477 282.0
1478 263.0
1479 444.0
1480 440.0
1481 0.0
1482 261.0
1483 263.0
1484 250.0
1485 0.0
1486 373.0
1487 252.0
1488 323.0
1489 444.0
1490 0.0
1491 33.0
1492 32.0
1493 260.0
1494 251.0
1495 444.0
1496 271.0
1497 30.0
1498 30.0
1499 330.0
1500 247.0
1501 103.0
1502 30.0
1503 38.0
1504 265.0
1505 332.0
1506 275.0
1507 271.0
1508 0.0
1509 234.0
1510 244.0
1511 266.0
1512 440.0
1513 284.0
1514 444.0
1515 103.0
1516 0.0
1517 299.0
1518 251.0
1519 98.0
1520 104.0
1521 0.0
1522 444.0
1523 299.0
1524 31.0
1525 283.0
1526 280.0
1527 269.0
1528 98.0
1529 263.0
1530 444.0
1531 427.0
1532 255.0
1533 25.0
1534 274.0
1535 279.0
1536 30.0
1537 235.0
1538 274.0
1539 322.0
1540 444.0
1541 0.0
1542 255.0
1543 252.0
1544 212.0
1545 251.0
1546 444.0
1547 444.0
1548 0.0
1549 164.0
1550 327.0
1551 13.0
1552 278.0
1553 235.0
1554 30.0
1555 428.0
1556 440.0
1557 249.0
1558 25.0
1559 92.0
1560 440.0
1561 263.0
1562 164.0
1563 444.0
1564 284.0
1565 444.0
1566 30.0
1567 323.0
1568 290.0
1569 251.0
1570 277.0
1571 254.0
1572 235.0
1573 246.0
1574 279.0
1575 6.0
1576 33.0
1577 444.0
1578 25.0
1579 427.0
1580 444.0
1581 444.0
1582 246.0
1583 428.0
1584 252.0
1585 444.0
1586 245.0
1587 0.0
1588 240.0
1589 233.0
1590 271.0
1591 444.0
1592 0.0
1593 98.0
1594 251.0
1595 205.0
1596 257.0
1597 263.0
1598 427.0
1599 261.0
1600 258.0
1601 258.0
1602 0.0
1603 252.0
1604 252.0
1605 0.0
1606 263.0
1607 440.0
1608 263.0
1609 25.0
1610 0.0
1611 252.0
1612 251.0
1613 260.0
1614 265.0
1615 25.0
1616 444.0
1617 427.0
1618 30.0
1619 429.0
1620 288.0
1621 197.0
1622 250.0
1623 326.0
1624 246.0
1625 250.0
1626 33.0
1627 158.0
1628 440.0
1629 275.0
1630 282.0
1631 263.0
1632 444.0
1633 326.0
1634 255.0
1635 49.0
1636 263.0
1637 299.0
1638 244.0
1639 427.0
1640 444.0
1641 234.0
1642 444.0
1643 0.0
1644 104.0
1645 307.0
1646 263.0
1647 288.0
1648 263.0
1649 444.0
1650 266.0
1651 93.0
1652 259.0
1653 247.0
1654 251.0
1655 32.0
1656 333.0
1657 268.0
1658 265.0
1659 33.0
1660 93.0
1661 0.0
1662 256.0
1663 245.0
1664 260.0
1665 427.0
1666 0.0
1667 444.0
1668 326.0
1669 0.0
1670 265.0
1671 0.0
1672 98.0
1673 104.0
1674 25.0
1675 252.0
1676 0.0
1677 31.0
1678 191.0
1679 444.0
1680 271.0
1681 286.0
1682 246.0
1683 444.0
1684 280.0
1685 265.0
1686 278.0
1687 444.0
1688 0.0
1689 0.0
1690 180.0
1691 271.0
1692 250.0
1693 444.0
1694 0.0
1695 304.0
1696 251.0
1697 0.0
1698 256.0
1699 444.0
1700 280.0
1701 256.0
1702 164.0
1703 263.0
1704 7.0
1705 278.0
1706 395.0
1707 32.0
1708 247.0
1709 428.0
1710 250.0
1711 98.0
1712 0.0
1713 255.0
1714 444.0
1715 255.0
1716 444.0
1717 324.0
1718 444.0
1719 31.0
1720 0.0
1721 444.0
1722 251.0
1723 270.0
1724 104.0
1725 25.0
1726 235.0
1727 280.0
1728 31.0
1729 274.0
1730 263.0
1731 25.0
1732 98.0
1733 246.0
1734 444.0
1735 0.0
1736 440.0
1737 261.0
1738 274.0
1739 245.0
1740 244.0
1741 240.0
1742 263.0
1743 322.0
1744 444.0
1745 0.0
1746 103.0
1747 444.0
1748 6.0
1749 327.0
1750 444.0
1751 332.0
1752 261.0
1753 164.0
1754 271.0
1755 234.0
1756 235.0
1757 264.0
1758 0.0
1759 247.0
1760 428.0
1761 249.0
1762 0.0
1763 0.0
1764 261.0
1765 250.0
1766 280.0
1767 265.0
1768 32.0
1769 444.0
1770 427.0
1771 32.0
1772 299.0
1773 251.0
1774 263.0
1775 234.0
1776 250.0
1777 25.0
1778 428.0
1779 1.0
1780 158.0
1781 435.0
1782 0.0
1783 260.0
1784 337.0
1785 444.0
1786 427.0
1787 444.0
1788 25.0
1789 263.0
1790 427.0
1791 0.0
1792 240.0
1793 30.0
1794 25.0
1795 444.0
1796 0.0
1797 103.0
1798 299.0
1799 38.0
1800 273.0
1801 263.0
1802 332.0
1803 258.0
1804 93.0
1805 328.0
1806 234.0
1807 428.0
1808 32.0
1809 263.0
1810 427.0
1811 250.0
1812 33.0
1813 0.0
1814 271.0
1815 263.0
1816 428.0
1817 260.0
1818 263.0
1819 25.0
1820 267.0
1821 440.0
1822 263.0
1823 274.0
1824 287.0
1825 0.0
1826 273.0
1827 235.0
1828 246.0
1829 25.0
1830 204.0
1831 275.0
1832 444.0
1833 269.0
1834 30.0
1835 263.0
1836 444.0
1837 109.0
1838 265.0
1839 261.0
1840 444.0
1841 326.0
1842 32.0
1843 104.0
1844 283.0
1845 249.0
1846 444.0
1847 0.0
1848 49.0
1849 263.0
1850 38.0
1851 251.0
1852 444.0
1853 274.0
1854 252.0
1855 267.0
1856 250.0
1857 0.0
1858 388.0
1859 33.0
1860 32.0
1861 444.0
1862 247.0
1863 249.0
1864 98.0
1865 0.0
1866 262.0
1867 299.0
1868 260.0
1869 427.0
1870 25.0
1871 444.0
1872 427.0
1873 249.0
1874 268.0
1875 0.0
1876 266.0
1877 104.0
1878 0.0
1879 252.0
1880 428.0
1881 38.0
1882 33.0
1883 444.0
1884 427.0
1885 0.0
1886 252.0
1887 444.0
1888 265.0
1889 265.0
1890 278.0
1891 444.0
1892 250.0
1893 0.0
1894 104.0
1895 271.0
1896 250.0
1897 444.0
1898 0.0
1899 103.0
1900 265.0
1901 212.0
1902 251.0
1903 437.0
1904 444.0
1905 218.0
1906 158.0
1907 244.0
1908 233.0
1909 326.0
1910 0.0
1911 0.0
1912 427.0
1913 98.0
1914 265.0
1915 0.0
1916 0.0
1917 428.0
1918 0.0
1919 30.0
1920 263.0
1921 32.0
1922 444.0
1923 427.0
1924 265.0
1925 432.0
1926 0.0
1927 283.0
1928 32.0
1929 270.0
1930 252.0
1931 428.0
1932 204.0
1933 274.0
1934 444.0
1935 25.0
1936 282.0
1937 444.0
1938 444.0
1939 250.0
1940 428.0
1941 30.0
1942 444.0
1943 444.0
1944 30.0
1945 287.0
1946 233.0
1947 0.0
1948 444.0
1949 29.0
1950 267.0
1951 299.0
1952 212.0
1953 233.0
1954 437.0
1955 444.0
1956 169.0
1957 275.0
1958 259.0
1959 233.0
1960 252.0
1961 0.0
1962 0.0
1963 444.0
1964 267.0
1965 284.0
1966 0.0
1967 25.0
1968 258.0
1969 444.0
1970 252.0
1971 263.0
1972 30.0
1973 263.0
1974 427.0
1975 254.0
1976 427.0
1977 274.0
1978 25.0
1979 234.0
1980 235.0
1981 246.0
1982 263.0
1983 1.0
1984 158.0
1985 444.0
1986 275.0
1987 427.0
1988 332.0
1989 444.0
1990 274.0
1991 255.0
1992 235.0
1993 444.0
1994 444.0
1995 251.0
1996 240.0
1997 274.0
1998 269.0
1999 444.0
2000 0.0
2001 246.0
2002 251.0
2003 184.0
2004 326.0
2005 444.0
2006 274.0
2007 253.0
2008 256.0
2009 281.0
2010 30.0
2011 235.0
2012 0.0
2013 0.0
2014 444.0
2015 0.0
2016 427.0
2017 92.0
2018 0.0
2019 258.0
2020 253.0
2021 267.0
2022 427.0
2023 271.0
2024 263.0
2025 444.0
2026 251.0
2027 427.0
2028 0.0
2029 319.0
2030 234.0
2031 326.0
2032 235.0
2033 440.0
2034 32.0
2035 33.0
2036 444.0
2037 427.0
2038 261.0
2039 252.0
2040 444.0
2041 332.0
2042 255.0
2043 258.0
2044 444.0
2045 255.0
2046 30.0
2047 235.0
2048 265.0
2049 323.0
2050 274.0
2051 0.0
2052 267.0
2053 265.0
2054 212.0
2055 251.0
2056 263.0
2057 444.0
2058 188.0
2059 158.0
2060 330.0
2061 7.0
2062 103.0
2063 158.0
2064 0.0
2065 268.0
2066 93.0
2067 250.0
2068 98.0
2069 98.0
2070 6.0
2071 0.0
2072 30.0
2073 265.0
2074 32.0
2075 444.0
2076 246.0
2077 252.0
2078 444.0
2079 0.0
2080 269.0
2081 322.0
2082 0.0
2083 25.0
2084 427.0
2085 31.0
2086 252.0
2087 444.0
2088 265.0
2089 250.0
2090 252.0
2091 444.0
2092 428.0
2093 428.0
2094 444.0
2095 444.0
2096 265.0
2097 274.0
2098 98.0
2099 130.0
2100 323.0
2101 274.0
2102 25.0
2103 32.0
2104 299.0
2105 213.0
2106 253.0
2107 444.0
2108 444.0
2109 207.0
2110 25.0
2111 428.0
2112 233.0
2113 440.0
2114 44.0
2115 0.0
2116 428.0
2117 267.0
2118 271.0
2119 25.0
2120 271.0
2121 252.0
2122 0.0
2123 93.0
2124 265.0
2125 25.0
2126 444.0
2127 427.0
2128 246.0
2129 329.0
2130 340.0
2131 270.0
2132 104.0
2133 326.0
2134 246.0
2135 263.0
2136 32.0
2137 158.0
2138 444.0
2139 321.0
2140 270.0
2141 254.0
2142 444.0
2143 232.0
2144 444.0
2145 33.0
2146 444.0
2147 427.0
2148 244.0
2149 109.0
2150 320.0
2151 25.0
2152 263.0
2153 25.0
2154 1.0
2155 444.0
2156 184.0
2157 444.0
2158 444.0
2159 263.0
2160 30.0
2161 271.0
2162 265.0
2163 251.0
2164 0.0
2165 268.0
2166 312.0
2167 444.0
2168 0.0
2169 249.0
2170 0.0
2171 0.0
2172 261.0
2173 253.0
2174 103.0
2175 444.0
2176 271.0
2177 444.0
2178 427.0
2179 278.0
2180 435.0
2181 251.0
2182 250.0
2183 328.0
2184 326.0
2185 322.0
2186 444.0
2187 321.0
2188 444.0
2189 444.0
2190 376.0
2191 279.0
2192 337.0
2193 444.0
2194 427.0
2195 255.0
2196 335.0
2197 444.0
2198 255.0
2199 271.0
2200 240.0
2201 274.0
2202 293.0
2203 444.0
2204 0.0
2205 257.0
2206 265.0
2207 213.0
2208 274.0
2209 444.0
2210 427.0
2211 249.0
2212 163.0
2213 329.0
2214 336.0
2215 436.0
2216 32.0
2217 0.0
2218 263.0
2219 440.0
2220 25.0
2221 92.0
2222 444.0
2223 254.0
2224 251.0
2225 164.0
2226 427.0
2227 325.0
2228 444.0
2229 427.0
2230 323.0
2231 330.0
2232 444.0
2233 326.0
2234 234.0
2235 444.0
2236 25.0
2237 427.0
2238 234.0
2239 235.0
2240 444.0
2241 427.0
2242 0.0
2243 252.0
2244 444.0
2245 428.0
2246 265.0
2247 261.0
2248 263.0
2249 265.0
2250 30.0
2251 235.0
2252 0.0
2253 0.0
2254 274.0
2255 0.0
2256 273.0
2257 275.0
2258 213.0
2259 259.0
2260 263.0
2261 444.0
2262 25.0
2263 336.0
2264 331.0
2265 248.0
2266 103.0
2267 382.0
2268 255.0
2269 265.0
2270 257.0
2271 0.0
2272 0.0
2273 98.0
2274 233.0
2275 0.0
2276 319.0
2277 263.0
2278 261.0
2279 444.0
2280 444.0
2281 327.0
2282 444.0
2283 267.0
2284 427.0
2285 265.0
2286 25.0
2287 0.0
2288 263.0
2289 234.0
2290 25.0
2291 444.0
2292 246.0
2293 25.0
2294 337.0
2295 444.0
2296 428.0
2297 428.0
2298 235.0
2299 274.0
2300 427.0
2301 257.0
2302 109.0
2303 0.0
2304 25.0
2305 274.0
2306 25.0
2307 240.0
2308 251.0
2309 184.0
2310 233.0
2311 437.0
2312 263.0
2313 25.0
2314 281.0
2315 428.0
2316 280.0
2317 440.0
2318 240.0
2319 32.0
2320 428.0
2321 428.0
2322 33.0
2323 98.0
2324 0.0
2325 32.0
2326 0.0
2327 266.0
2328 265.0
2329 252.0
2330 444.0
2331 263.0
2332 252.0
2333 329.0
2334 274.0
2335 232.0
2336 343.0
2337 270.0
2338 0.0
2339 444.0
2340 264.0
2341 294.0
2342 444.0
2343 427.0
2344 98.0
2345 337.0
2346 444.0
2347 250.0
2348 245.0
2349 246.0
2350 274.0
2351 250.0
2352 257.0
2353 235.0
2354 444.0
2355 247.0
2356 263.0
2357 0.0
2358 259.0
2359 327.0
2360 213.0
2361 319.0
2362 444.0
2363 427.0
2364 265.0
2365 284.0
2366 265.0
2367 427.0
2368 235.0
2369 247.0
2370 0.0
2371 326.0
2372 30.0
2373 250.0
2374 274.0
2375 0.0
2376 6.0
2377 30.0
2378 32.0
2379 265.0
2380 25.0
2381 444.0
2382 444.0
2383 444.0
2384 444.0
2385 233.0
2386 263.0
2387 276.0
2388 326.0
2389 25.0
2390 440.0
2391 266.0
2392 32.0
2393 444.0
2394 264.0
2395 98.0
2396 263.0
2397 444.0
2398 299.0
2399 440.0
2400 261.0
2401 444.0
2402 427.0
2403 30.0
2404 235.0
2405 321.0
2406 247.0
2407 440.0
2408 0.0
2409 277.0
2410 340.0
2411 184.0
2412 268.0
2413 263.0
2414 440.0
2415 0.0
2416 158.0
2417 444.0
2418 274.0
2419 103.0
2420 279.0
2421 0.0
2422 440.0
2423 265.0
2424 243.0
2425 0.0
2426 92.0
2427 258.0
2428 245.0
2429 25.0
2430 444.0
2431 25.0
2432 427.0
2433 444.0
2434 285.0
2435 337.0
2436 274.0
2437 326.0
2438 344.0
2439 444.0
2440 0.0
2441 444.0
2442 234.0
2443 252.0
2444 444.0
2445 427.0
2446 427.0
2447 252.0
2448 444.0
2449 440.0
2450 444.0
2451 261.0
2452 444.0
2453 427.0
2454 274.0
2455 109.0
2456 263.0
2457 0.0
2458 329.0
2459 25.0
2460 267.0
2461 265.0
2462 184.0
2463 260.0
2464 294.0
2465 262.0
2466 32.0
2467 252.0
2468 329.0
2469 263.0
2470 0.0
2471 285.0
2472 263.0
2473 444.0
2474 299.0
2475 0.0
2476 0.0
2477 0.0
2478 32.0
2479 0.0
2480 260.0
2481 444.0
2482 25.0
2483 444.0
2484 263.0
2485 285.0
2486 435.0
2487 271.0
2488 25.0
2489 338.0
2490 25.0
2491 0.0
2492 265.0
2493 444.0
2494 158.0
2495 440.0
2496 30.0
2497 0.0
2498 444.0
2499 444.0
2500 265.0
2501 265.0
2502 252.0
2503 444.0
2504 255.0
2505 273.0
2506 109.0
2507 274.0
2508 0.0
2509 269.0
2510 0.0
2511 274.0
2512 299.0
2513 213.0
2514 263.0
2515 444.0
2516 271.0
2517 25.0
2518 323.0
2519 324.0
2520 427.0
2521 338.0
2522 278.0
2523 32.0
2524 427.0
2525 267.0
2526 275.0
2527 92.0
2528 0.0
2529 32.0
2530 0.0
2531 319.0
2532 25.0
2533 25.0
2534 444.0
2535 427.0
2536 444.0
2537 437.0
2538 251.0
2539 250.0
2540 234.0
2541 444.0
2542 322.0
2543 428.0
2544 253.0
2545 252.0
2546 263.0
2547 260.0
2548 98.0
2549 444.0
2550 444.0
2551 265.0
2552 444.0
2553 263.0
2554 444.0
2555 263.0
2556 267.0
2557 235.0
2558 281.0
2559 323.0
2560 274.0
2561 0.0
2562 240.0
2563 265.0
2564 213.0
2565 244.0
2566 263.0
2567 427.0
2568 1.0
2569 158.0
2570 265.0
2571 427.0
2572 440.0
2573 252.0
2574 336.0
2575 427.0
2576 1.0
2577 25.0
2578 267.0
2579 92.0
2580 6.0
2581 428.0
2582 261.0
2583 250.0
2584 25.0
2585 444.0
2586 427.0
2587 274.0
2588 444.0
2589 251.0
2590 326.0
2591 251.0
2592 326.0
2593 44.0
2594 440.0
2595 274.0
2596 257.0
2597 444.0
2598 30.0
2599 98.0
2600 252.0
2601 444.0
2602 299.0
2603 427.0
2604 335.0
2605 444.0
2606 427.0
2607 250.0
2608 109.0
2609 326.0
2610 273.0
2611 329.0
2612 25.0
2613 332.0
2614 265.0
2615 184.0
2616 223.0
2617 437.0
2618 271.0
2619 1.0
2620 288.0
2621 265.0
2622 274.0
2623 235.0
2624 258.0
2625 0.0
2626 444.0
2627 1.0
2628 284.0
2629 0.0
2630 245.0
2631 6.0
2632 444.0
2633 285.0
2634 279.0
2635 382.0
2636 444.0
2637 246.0
2638 325.0
2639 444.0
2640 325.0
2641 444.0
2642 186.0
2643 326.0
2644 0.0
2645 265.0
2646 274.0
2647 25.0
2648 432.0
2649 232.0
2650 288.0
2651 263.0
2652 444.0
2653 299.0
2654 427.0
2655 261.0
2656 444.0
2657 255.0
2658 274.0
2659 235.0
2660 263.0
2661 0.0
2662 274.0
2663 0.0
2664 251.0
2665 299.0
2666 186.0
2667 433.0
2668 444.0
2669 263.0
2670 25.0
2671 261.0
2672 330.0
2673 265.0
2674 428.0
2675 267.0
2676 0.0
2677 444.0
2678 93.0
2679 284.0
2680 98.0
2681 0.0
2682 0.0
2683 265.0
2684 267.0
2685 250.0
2686 259.0
2687 444.0
2688 246.0
2689 274.0
2690 437.0
2691 275.0
2692 245.0
2693 234.0
2694 25.0
2695 0.0
2696 444.0
2697 444.0
2698 256.0
2699 444.0
2700 271.0
2701 30.0
2702 337.0
2703 444.0
2704 265.0
2705 263.0
2706 235.0
2707 444.0
2708 250.0
2709 332.0
2710 327.0
2711 326.0
2712 323.0
2713 274.0
2714 2.0
2715 327.0
2716 265.0
2717 213.0
2718 244.0
2719 263.0
2720 444.0
2721 32.0
2722 374.0
2723 444.0
2724 427.0
2725 335.0
2726 444.0
2727 32.0
2728 263.0
2729 0.0
2730 250.0
2731 93.0
2732 98.0
2733 6.0
2734 444.0
2735 427.0
2736 25.0
2737 382.0
2738 444.0
2739 427.0
2740 263.0
2741 263.0
2742 251.0
2743 427.0
2744 255.0
2745 25.0
2746 0.0
2747 428.0
2748 332.0
2749 32.0
2750 444.0
2751 280.0
2752 294.0
2753 252.0
2754 444.0
2755 265.0
2756 444.0
2757 252.0
2758 444.0
2759 444.0
2760 297.0
2761 98.0
2762 444.0
2763 251.0
2764 329.0
2765 0.0
2766 240.0
2767 265.0
2768 205.0
2769 249.0
2770 265.0
2771 427.0
2772 263.0
2773 158.0
2774 265.0
2775 427.0
2776 428.0
2777 257.0
2778 32.0
2779 428.0
2780 0.0
2781 284.0
2782 0.0
2783 250.0
2784 262.0
2785 428.0
2786 25.0
2787 326.0
2788 25.0
2789 444.0
2790 427.0
2791 325.0
2792 263.0
2793 251.0
2794 444.0
2795 343.0
2796 256.0
2797 25.0
2798 265.0
2799 323.0
2800 274.0
2801 444.0
2802 0.0
2803 30.0
2804 263.0
2805 444.0
2806 444.0
2807 444.0
2808 325.0
2809 444.0
2810 427.0
2811 444.0
2812 240.0
2813 274.0
2814 322.0
2815 274.0
2816 0.0
2817 273.0
2818 263.0
2819 196.0
2820 268.0
2821 294.0
2822 274.0
2823 6.0
2824 252.0
2825 444.0
2826 427.0
2827 235.0
2828 285.0
2829 30.0
2830 299.0
2831 98.0
2832 265.0
2833 25.0
2834 0.0
2835 32.0
2836 428.0
2837 319.0
2838 326.0
2839 254.0
2840 444.0
2841 444.0
2842 263.0
2843 329.0
2844 0.0
2845 246.0
2846 342.0
2847 263.0
2848 0.0
2849 265.0
2850 323.0
2851 158.0
2852 444.0
2853 232.0
2854 30.0
2855 337.0
2856 444.0
2857 427.0
2858 444.0
2859 385.0
2860 444.0
2861 427.0
2862 263.0
2863 240.0
2864 444.0
2865 0.0
2866 274.0
2867 25.0
2868 273.0
2869 336.0
2870 256.0
2871 249.0
2872 437.0
2873 444.0
2874 25.0
2875 346.0
2876 329.0
2877 25.0
2878 235.0
2879 382.0
2880 0.0
2881 0.0
2882 98.0
2883 255.0
2884 98.0
2885 330.0
2886 255.0
2887 25.0
2888 267.0
2889 25.0
2890 267.0
2891 444.0
2892 263.0
2893 274.0
2894 260.0
2895 327.0
2896 428.0
2897 234.0
2898 0.0
2899 0.0
2900 440.0
2901 444.0
2902 274.0
2903 444.0
2904 98.0
2905 294.0
2906 252.0
2907 444.0
2908 265.0
2909 444.0
2910 264.0
2911 444.0
2912 255.0
2913 270.0
2914 287.0
2915 444.0
2916 0.0
2917 329.0
2918 32.0
2919 1.0
2920 444.0
2921 212.0
2922 433.0
2923 251.0
2924 444.0
2925 1.0
2926 339.0
2927 265.0
2928 259.0
2929 103.0
2930 258.0
2931 32.0
2932 444.0
2933 92.0
2934 271.0
2935 25.0
2936 4.0
2937 262.0
2938 30.0
2939 30.0
2940 25.0
2941 271.0
2942 444.0
2943 444.0
2944 285.0
2945 544.0
2946 25.0
2947 427.0
2948 104.0
2949 261.0
2950 253.0
2951 428.0
2952 427.0
2953 259.0
2954 444.0
2955 271.0
2956 0.0
2957 444.0
2958 544.0
2959 234.0
2960 329.0
2961 234.0
2962 329.0
2963 275.0
2964 536.0
2965 93.0
2966 234.0
2967 247.0
2968 234.0
2969 0.0
2970 234.0
2971 234.0
2972 289.0
2973 262.0
2974 432.0
2975 323.0
2976 265.0
2977 275.0
2978 326.0
2979 253.0
2980 98.0
2981 234.0
2982 38.0
2983 246.0
2984 98.0
2985 329.0
2986 30.0
2987 30.0
2988 233.0
2989 44.0
2990 323.0
2991 265.0
2992 261.0
2993 440.0
2994 234.0
2995 329.0
2996 234.0
2997 280.0
2998 427.0
2999 104.0
3000 246.0
3001 0.0
3002 440.0
3003 544.0
3004 283.0
3005 544.0
3006 25.0
3007 281.0
3008 234.0
3009 544.0
3010 251.0
3011 444.0
3012 323.0
3013 440.0
3014 260.0
3015 234.0
3016 180.0
3017 263.0
3018 273.0
3019 263.0
3020 0.0
3021 249.0
3022 323.0
3023 206.0
3024 234.0
3025 294.0
3026 263.0
3027 30.0
3028 334.0
3029 325.0
3030 30.0
3031 235.0
3032 333.0
3033 0.0
3034 247.0
3035 92.0
3036 262.0
3037 98.0
3038 273.0
3039 266.0
3040 251.0
3041 375.0
3042 327.0
3043 323.0
3044 544.0
3045 251.0
3046 233.0
3047 234.0
3048 287.0
3049 325.0
3050 251.0
3051 326.0
3052 0.0
3053 329.0
3054 234.0
3055 279.0
3056 234.0
3057 25.0
3058 104.0
3059 327.0
3060 544.0
3061 0.0
3062 329.0
3063 252.0
3064 251.0
3065 246.0
3066 444.0
3067 235.0
3068 32.0
3069 0.0
3070 329.0
3071 28.0
3072 234.0
3073 427.0
3074 251.0
3075 103.0
3076 234.0
3077 234.0
3078 33.0
3079 334.0
3080 255.0
3081 246.0
3082 33.0
3083 285.0
3084 30.0
3085 428.0
3086 0.0
3087 255.0
3088 30.0
3089 295.0
3090 258.0
3091 277.0
3092 327.0
3093 250.0
3094 271.0
3095 544.0
3096 444.0
3097 329.0
3098 544.0
3099 278.0
3100 329.0
3101 104.0
3102 0.0
3103 0.0
3104 544.0
3105 440.0
3106 252.0
3107 234.0
3108 275.0
3109 103.0
3110 265.0
3111 544.0
3112 234.0
3113 544.0
3114 251.0
3115 435.0
3116 325.0
3117 447.0
3118 256.0
3119 234.0
3120 30.0
3121 234.0
3122 0.0
3123 245.0
3124 103.0
3125 6.0
3126 427.0
3127 249.0
3128 327.0
3129 258.0
3130 329.0
3131 252.0
3132 103.0
3133 278.0
3134 234.0
3135 32.0
3136 275.0
3137 98.0
3138 251.0
3139 325.0
3140 282.0
3141 234.0
3142 257.0
3143 25.0
3144 263.0
3145 261.0
3146 544.0
3147 234.0
3148 329.0
3149 260.0
3150 285.0
3151 271.0
3152 234.0
3153 0.0
3154 0.0
3155 327.0
3156 327.0
3157 256.0
3158 263.0
3159 174.0
3160 0.0
3161 437.0
3162 544.0
3163 235.0
3164 544.0
3165 323.0
3166 234.0
3167 269.0
3168 234.0
3169 180.0
3170 329.0
3171 25.0
3172 327.0
3173 0.0
3174 428.0
3175 281.0
3176 38.0
3177 234.0
3178 235.0
3179 444.0
3180 269.0
3181 234.0
3182 280.0
3183 275.0
3184 234.0
3185 279.0
3186 0.0
3187 32.0
3188 98.0
3189 266.0
3190 255.0
3191 265.0
3192 326.0
3193 428.0
3194 25.0
3195 544.0
3196 332.0
3197 437.0
3198 329.0
3199 323.0
3200 234.0
3201 266.0
3202 319.0
3203 240.0
3204 327.0
3205 278.0
3206 329.0
3207 544.0
3208 274.0
3209 263.0
3210 158.0
3211 0.0
3212 544.0
3213 544.0
3214 32.0
3215 329.0
3216 261.0
3217 251.0
3218 246.0
3219 329.0
3220 255.0
3221 256.0
3222 247.0
3223 324.0
3224 32.0
3225 244.0
3226 323.0
3227 203.0
3228 234.0
3229 235.0
3230 329.0
3231 252.0
3232 544.0
3233 32.0
3234 30.0
3235 252.0
3236 267.0
3237 32.0
3238 234.0
3239 330.0
3240 232.0
3241 329.0
3242 0.0
3243 234.0
3244 428.0
3245 267.0
3246 234.0
3247 273.0
3248 440.0
3249 251.0
3250 252.0
3251 234.0
3252 246.0
3253 440.0
3254 104.0
3255 196.0
3256 0.0
3257 544.0
3258 544.0
3259 325.0
3260 544.0
3261 158.0
3262 98.0
3263 327.0
3264 544.0
3265 252.0
3266 437.0
3267 274.0
3268 32.0
3269 329.0
3270 544.0
3271 260.0
3272 261.0
3273 247.0
3274 234.0
3275 0.0
3276 275.0
3277 332.0
3278 254.0
3279 174.0
3280 0.0
3281 234.0
3282 32.0
3283 323.0
3284 329.0
3285 103.0
3286 0.0
3287 287.0
3288 30.0
3289 322.0
3290 0.0
3291 38.0
3292 30.0
3293 0.0
3294 428.0
3295 270.0
3296 322.0
3297 234.0
3298 261.0
3299 544.0
3300 437.0
3301 282.0
3302 544.0
3303 246.0
3304 265.0
3305 104.0
3306 0.0
3307 252.0
3308 327.0
3309 440.0
3310 427.0
3311 234.0
3312 271.0
3313 0.0
3314 327.0
3315 544.0
3316 251.0
3317 234.0
3318 323.0
3319 275.0
3320 428.0
3321 544.0
3322 300.0
3323 544.0
3324 30.0
3325 234.0
3326 29.0
3327 255.0
3328 38.0
3329 212.0
3330 234.0
3331 0.0
3332 329.0
3333 247.0
3334 544.0
3335 390.0
3336 103.0
3337 267.0
3338 234.0
3339 0.0
3340 271.0
3341 0.0
3342 244.0
3343 25.0
3344 246.0
3345 256.0
3346 299.0
3347 25.0
3348 263.0
3349 325.0
3350 327.0
3351 234.0
3352 269.0
3353 332.0
3354 284.0
3355 427.0
3356 234.0
3357 0.0
3358 44.0
3359 329.0
3360 323.0
3361 252.0
3362 437.0
3363 327.0
3364 0.0
3365 544.0
3366 544.0
3367 43.0
3368 544.0
3369 280.0
3370 275.0
3371 440.0
3372 437.0
3373 256.0
3374 234.0
3375 251.0
3376 32.0
3377 0.0
3378 253.0
3379 544.0
3380 305.0
3381 234.0
3382 29.0
3383 251.0
3384 30.0
3385 544.0
3386 0.0
3387 327.0
3388 428.0
3389 279.0
3390 30.0
3391 163.0
3392 98.0
3393 259.0
3394 322.0
3395 246.0
3396 325.0
3397 98.0
3398 25.0
3399 544.0
3400 427.0
3401 444.0
3402 32.0
3403 274.0
3404 544.0
3405 0.0
3406 234.0
3407 276.0
3408 0.0
3409 0.0
3410 329.0
3411 323.0
3412 252.0
3413 437.0
3414 327.0
3415 224.0
3416 544.0
3417 544.0
3418 251.0
3419 329.0
3420 269.0
3421 43.0
3422 265.0
3423 544.0
3424 263.0
3425 234.0
3426 437.0
3427 267.0
3428 33.0
3429 1.0
3430 285.0
3431 260.0
3432 267.0
3433 251.0
3434 234.0
3435 33.0
3436 329.0
3437 269.0
3438 30.0
3439 234.0
3440 273.0
3441 32.0
3442 428.0
3443 98.0
3444 259.0
3445 295.0
3446 6.0
3447 271.0
3448 25.0
3449 322.0
3450 234.0
3451 327.0
3452 234.0
3453 544.0
3454 323.0
3455 234.0
3456 25.0
3457 325.0
3458 104.0
3459 256.0
3460 0.0
3461 327.0
3462 428.0
3463 437.0
3464 234.0
3465 427.0
3466 0.0
3467 327.0
3468 544.0
3469 246.0
3470 544.0
3471 263.0
3472 32.0
3473 234.0
3474 544.0
3475 344.0
3476 440.0
3477 0.0
3478 234.0
3479 192.0
3480 255.0
3481 234.0
3482 0.0
3483 103.0
3484 0.0
3485 275.0
3486 214.0
3487 329.0
3488 320.0
3489 103.0
3490 325.0
3491 323.0
3492 25.0
3493 281.0
3494 0.0
3495 25.0
3496 30.0
3497 246.0
3498 325.0
3499 25.0
3500 322.0
3501 234.0
3502 440.0
3503 437.0
3504 275.0
3505 323.0
3506 32.0
3507 428.0
3508 274.0
3509 104.0
3510 0.0
3511 0.0
3512 329.0
3513 323.0
3514 329.0
3515 234.0
3516 428.0
3517 297.0
3518 544.0
3519 544.0
3520 43.0
3521 544.0
3522 329.0
3523 251.0
3524 275.0
3525 544.0
3526 349.0
3527 544.0
3528 251.0
3529 32.0
3530 0.0
3531 232.0
3532 98.0
3533 0.0
3534 325.0
3535 257.0
3536 437.0
3537 109.0
3538 234.0
3539 0.0
3540 103.0
3541 269.0
3542 234.0
3543 0.0
3544 325.0
3545 557.0
3546 261.0
3547 295.0
3548 295.0
3549 158.0
3550 259.0
3551 323.0
3552 323.0
3553 323.0
3554 332.0
3555 275.0
3556 248.0
3557 544.0
3558 33.0
3559 440.0
3560 234.0
3561 0.0
3562 287.0
3563 329.0
3564 544.0
3565 274.0
3566 257.0
3567 234.0
3568 247.0
3569 437.0
3570 557.0
3571 49.0
3572 557.0
3573 440.0
3574 273.0
3575 251.0
3576 428.0
3577 327.0
3578 234.0
3579 251.0
3580 428.0
3581 32.0
3582 245.0
3583 440.0
3584 260.0
3585 247.0
3586 264.0
3587 434.0
3588 256.0
3589 428.0
3590 0.0
3591 260.0
3592 328.0
3593 340.0
3594 30.0
3595 325.0
3596 98.0
3597 0.0
3598 211.0
3599 32.0
3600 93.0
3601 158.0
3602 294.0
3603 544.0
3604 440.0
3605 544.0
3606 260.0
3607 264.0
3608 234.0
3609 25.0
3610 428.0
3611 104.0
3612 309.0
3613 0.0
3614 428.0
3615 428.0
3616 320.0
3617 275.0
3618 428.0
3619 442.0
3620 440.0
3621 557.0
3622 251.0
3623 428.0
3624 264.0
3625 32.0
3626 251.0
3627 428.0
3628 235.0
3629 428.0
3630 251.0
3631 234.0
3632 25.0
3633 251.0
3634 275.0
3635 243.0
3636 273.0
3637 6.0
3638 275.0
3639 234.0
3640 329.0
3641 244.0
3642 30.0
3643 325.0
3644 320.0
3645 0.0
3646 235.0
3647 270.0
3648 259.0
3649 211.0
3650 0.0
3651 158.0
3652 281.0
3653 277.0
3654 544.0
3655 440.0
3656 234.0
3657 33.0
3658 235.0
3659 32.0
3660 25.0
3661 246.0
3662 104.0
3663 309.0
3664 0.0
3665 544.0
3666 544.0
3667 440.0
3668 234.0
3669 271.0
3670 30.0
3671 327.0
3672 557.0
3673 263.0
3674 428.0
3675 234.0
3676 251.0
3677 275.0
3678 323.0
3679 327.0
3680 329.0
3681 31.0
3682 277.0
3683 33.0
3684 251.0
3685 327.0
3686 0.0
3687 265.0
3688 6.0
3689 273.0
3690 219.0
3691 323.0
3692 234.0
3693 25.0
3694 268.0
3695 275.0
3696 0.0
3697 103.0
3698 1.0
3699 25.0
3700 0.0
3701 295.0
3702 103.0
3703 259.0
3704 267.0
3705 327.0
3706 440.0
3707 234.0
3708 251.0
3709 235.0
3710 32.0
3711 0.0
3712 327.0
3713 270.0
3714 201.0
3715 0.0
3716 323.0
3717 544.0
3718 428.0
3719 437.0
3720 427.0
3721 327.0
3722 544.0
3723 557.0
3724 38.0
3725 544.0
3726 544.0
3727 440.0
3728 440.0
3729 544.0
3730 327.0
3731 234.0
3732 30.0
3733 234.0
3734 32.0
3735 0.0
3736 255.0
3737 327.0
3738 262.0
3739 251.0
3740 32.0
3741 263.0
3742 234.0
3743 25.0
3744 428.0
3745 109.0
3746 253.0
3747 30.0
3748 164.0
3749 217.0
3750 0.0
3751 30.0
3752 440.0
3753 93.0
3754 158.0
3755 320.0
3756 437.0
3757 544.0
3758 274.0
3759 275.0
3760 444.0
3761 275.0
3762 0.0
3763 440.0
3764 104.0
3765 258.0
3766 437.0
3767 428.0
3768 428.0
3769 437.0
3770 440.0
3771 325.0
3772 322.0
3773 323.0
3774 557.0
3775 32.0
3776 544.0
3777 333.0
3778 43.0
3779 252.0
3780 557.0
3781 333.0
3782 234.0
3783 233.0
3784 437.0
3785 32.0
3786 327.0
3787 234.0
3788 251.0
3789 247.0
3790 264.0
3791 440.0
3792 234.0
3793 428.0
3794 326.0
3795 246.0
3796 262.0
3797 557.0
3798 32.0
3799 263.0
3800 217.0
3801 0.0
3802 202.0
3803 25.0
3804 158.0
3805 25.0
3806 327.0
3807 437.0
3808 428.0
3809 323.0
3810 256.0
3811 256.0
3812 275.0
3813 25.0
3814 536.0
3815 104.0
3816 309.0
3817 0.0
3818 544.0
3819 428.0
3820 320.0
3821 428.0
3822 323.0
3823 325.0
3824 544.0
3825 557.0
3826 234.0
3827 428.0
3828 234.0
3829 544.0
3830 440.0
3831 428.0
3832 428.0
3833 234.0
3834 247.0
3835 267.0
3836 440.0
3837 1.0
3838 275.0
3839 252.0
3840 192.0
3841 251.0
3842 234.0
3843 275.0
3844 300.0
3845 271.0
3846 25.0
3847 192.0
3848 251.0
3849 365.0
3850 87.0
3851 557.0
3852 25.0
3853 30.0
3854 234.0
3855 98.0
3856 281.0
3857 267.0
3858 437.0
3859 440.0
3860 234.0
3861 32.0
3862 235.0
3863 440.0
3864 299.0
3865 539.0
3866 104.0
3867 196.0
3868 0.0
3869 544.0
3870 325.0
3871 234.0
3872 544.0
3873 330.0
3874 440.0
3875 428.0
3876 557.0
3877 323.0
3878 544.0
3879 333.0
3880 251.0
3881 234.0
3882 557.0
3883 263.0
3884 437.0
3885 31.0
3886 428.0
3887 33.0
3888 321.0
3889 277.0
3890 109.0
3891 0.0
3892 0.0
3893 274.0
3894 254.0
3895 234.0
3896 30.0
3897 440.0
3898 262.0
3899 251.0
3900 0.0
3901 164.0
3902 25.0
3903 25.0
3904 0.0
3905 332.0
3906 109.0
3907 236.0
3908 557.0
3909 234.0
3910 544.0
3911 440.0
3912 428.0
3913 329.0
3914 33.0
3915 0.0
3916 327.0
3917 240.0
3918 198.0
3919 32.0
3920 544.0
3921 325.0
3922 428.0
3923 329.0
3924 544.0
3925 322.0
3926 428.0
3927 557.0
3928 32.0
3929 544.0
3930 329.0
3931 557.0
3932 440.0
3933 557.0
3934 333.0
3935 323.0
3936 31.0
3937 437.0
3938 29.0
3939 250.0
3940 440.0
3941 251.0
3942 286.0
3943 264.0
3944 428.0
3945 428.0
3946 295.0
3947 271.0
3948 244.0
3949 428.0
3950 314.0
3951 255.0
3952 440.0
3953 289.0
3954 0.0
3955 255.0
3956 323.0
3957 158.0
3958 218.0
3959 234.0
3960 234.0
3961 544.0
3962 277.0
3963 275.0
3964 256.0
3965 234.0
3966 25.0
3967 325.0
3968 98.0
3969 279.0
3970 32.0
3971 428.0
3972 544.0
3973 329.0
3974 428.0
3975 325.0
3976 325.0
3977 325.0
3978 557.0
3979 440.0
3980 428.0
3981 428.0
3982 32.0
3983 252.0
3984 428.0
3985 440.0
3986 234.0
3987 258.0
3988 251.0
3989 32.0
3990 233.0
3991 234.0
3992 258.0
3993 193.0
3994 235.0
3995 440.0
3996 258.0
3997 428.0
3998 544.0
3999 428.0
4000 325.0
4001 251.0
4002 235.0
4003 103.0
4004 239.0
4005 33.0
4006 31.0
4007 329.0
4008 158.0
4009 174.0
4010 428.0
4011 440.0
4012 544.0
4013 428.0
4014 428.0
4015 255.0
4016 285.0
4017 25.0
4018 234.0
4019 109.0
4020 279.0
4021 103.0
4022 323.0
4023 428.0
4024 320.0
4025 234.0
4026 327.0
4027 270.0
4028 325.0
4029 557.0
4030 234.0
4031 440.0
4032 428.0
4033 234.0
4034 440.0
4035 557.0
4036 439.0
4037 428.0
4038 38.0
4039 444.0
4040 104.0
4041 240.0
4042 234.0
4043 322.0
4044 0.0
4045 11.0
4046 323.0
4047 234.0
4048 329.0
4049 234.0
4050 25.0
4051 277.0
4052 251.0
4053 437.0
4054 103.0
4055 321.0
4056 244.0
4057 0.0
4058 234.0
4059 169.0
4060 428.0
4061 440.0
4062 323.0
4063 557.0
4064 428.0
4065 251.0
4066 331.0
4067 43.0
4068 0.0
4069 234.0
4070 240.0
4071 197.0
4072 30.0
4073 544.0
4074 428.0
4075 440.0
4076 304.0
4077 427.0
4078 103.0
4079 428.0
4080 557.0
4081 544.0
4082 557.0
4083 333.0
4084 234.0
4085 557.0
4086 557.0
4087 440.0
4088 329.0
4089 38.0
4090 234.0
4091 440.0
4092 256.0
4093 323.0
4094 0.0
4095 0.0
4096 275.0
4097 436.0
4098 275.0
4099 323.0
4100 234.0
4101 25.0
4102 275.0
4103 428.0
4104 30.0
4105 164.0
4106 317.0
4107 265.0
4108 544.0
4109 440.0
4110 164.0
4111 163.0
4112 320.0
4113 327.0
4114 557.0
4115 260.0
4116 234.0
4117 197.0
4118 327.0
4119 0.0
4120 428.0
4121 248.0
4122 31.0
4123 261.0
4124 428.0
4125 327.0
4126 437.0
4127 544.0
4128 158.0
4129 427.0
4130 428.0
4131 557.0
4132 440.0
4133 428.0
4134 428.0
4135 440.0
4136 428.0
4137 428.0
4138 544.0
4139 323.0
4140 233.0
4141 255.0
4142 33.0
4143 440.0
4144 428.0
4145 279.0
4146 249.0
4147 234.0
4148 440.0
4149 287.0
4150 544.0
4151 265.0
4152 194.0
4153 323.0
4154 327.0
4155 311.0
4156 158.0
4157 200.0
4158 259.0
4159 217.0
4160 252.0
4161 158.0
4162 234.0
4163 234.0
4164 557.0
4165 557.0
4166 428.0
4167 234.0
4168 32.0
4169 274.0
4170 557.0
4171 234.0
4172 104.0
4173 198.0
4174 38.0
4175 428.0
4176 544.0
4177 252.0
4178 234.0
4179 104.0
4180 164.0
4181 327.0
4182 557.0
4183 544.0
4184 557.0
4185 544.0
4186 234.0
4187 557.0
4188 428.0
4189 234.0
4190 234.0
4191 251.0
4192 251.0
4193 252.0
4194 273.0
4195 234.0
4196 251.0
4197 200.0
4198 0.0
4199 274.0
4200 234.0
4201 428.0
4202 234.0
4203 199.0
4204 109.0
4205 275.0
4206 434.0
4207 93.0
4208 295.0
4209 244.0
4210 31.0
4211 329.0
4212 104.0
4213 281.0
4214 428.0
4215 428.0
4216 557.0
4217 428.0
4218 428.0
4219 235.0
4220 440.0
4221 233.0
4222 327.0
4223 240.0
4224 279.0
4225 296.0
4226 544.0
4227 428.0
4228 234.0
4229 428.0
4230 544.0
4231 158.0
4232 323.0
4233 557.0
4234 234.0
4235 428.0
4236 440.0
4237 234.0
4238 440.0
4239 557.0
4240 433.0
4241 234.0
4242 31.0
4243 275.0
4244 33.0
4245 428.0
4246 323.0
4247 250.0
4248 25.0
4249 275.0
4250 329.0
4251 234.0
4252 428.0
4253 234.0
4254 30.0
4255 234.0
4256 251.0
4257 25.0
4258 164.0
4259 25.0
4260 428.0
4261 25.0
4262 440.0
4263 109.0
4264 278.0
4265 557.0
4266 428.0
4267 557.0
4268 260.0
4269 300.0
4270 428.0
4271 278.0
4272 323.0
4273 327.0
4274 221.0
4275 196.0
4276 255.0
4277 323.0
4278 289.0
4279 234.0
4280 300.0
4281 158.0
4282 327.0
4283 544.0
4284 557.0
4285 440.0
4286 428.0
4287 544.0
4288 440.0
4289 428.0
4290 557.0
4291 440.0
4292 323.0
4293 247.0
4294 275.0
4295 428.0
4296 235.0
4297 323.0
4298 332.0
4299 298.0
4300 428.0
4301 428.0
4302 299.0
4303 544.0
4304 544.0
4305 544.0
4306 325.0
4307 440.0
4308 305.0
4309 30.0
4310 247.0
4311 250.0
4312 0.0
4313 440.0
4314 158.0
4315 234.0
4316 234.0
4317 544.0
4318 557.0
4319 428.0
4320 428.0
4321 32.0
4322 440.0
4323 284.0
4324 234.0
4325 104.0
4326 198.0
4327 278.0
4328 428.0
4329 278.0
4330 263.0
4331 557.0
4332 427.0
4333 271.0
4334 428.0
4335 557.0
4336 437.0
4337 557.0
4338 437.0
4339 440.0
4340 428.0
4341 557.0
4342 440.0
4343 323.0
4344 247.0
4345 0.0
4346 33.0
4347 428.0
4348 544.0
4349 328.0
4350 249.0
4351 252.0
4352 263.0
4353 428.0
4354 544.0
4355 329.0
4356 196.0
4357 322.0
4358 440.0
4359 428.0
4360 257.0
4361 217.0
4362 262.0
4363 325.0
4364 323.0
4365 163.0
4366 281.0
4367 428.0
4368 428.0
4369 557.0
4370 428.0
4371 234.0
4372 32.0
4373 234.0
4374 244.0
4375 294.0
4376 240.0
4377 279.0
4378 241.0
4379 544.0
4380 428.0
4381 252.0
4382 284.0
4383 104.0
4384 164.0
4385 544.0
4386 557.0
4387 234.0
4388 557.0
4389 557.0
4390 234.0
4391 440.0
4392 428.0
4393 234.0
4394 234.0
4395 30.0
4396 246.0
4397 33.0
4398 276.0
4399 234.0
4400 428.0
4401 300.0
4402 275.0
4403 234.0
4404 234.0
4405 544.0
4406 544.0
4407 25.0
4408 428.0
4409 440.0
4410 30.0
4411 103.0
4412 295.0
4413 329.0
4414 224.0
4415 428.0
4416 104.0
4417 260.0
4418 428.0
4419 428.0
4420 428.0
4421 260.0
4422 544.0
4423 235.0
4424 33.0
4425 428.0
4426 283.0
4427 221.0
4428 196.0
4429 275.0
4430 544.0
4431 428.0
4432 234.0
4433 284.0
4434 158.0
4435 294.0
4436 323.0
4437 557.0
4438 234.0
4439 557.0
4440 428.0
4441 440.0
4442 557.0
4443 557.0
4444 428.0
4445 428.0
4446 30.0
4447 275.0
4448 104.0
4449 428.0
4450 329.0
4451 322.0
4452 247.0
4453 251.0
4454 557.0
4455 234.0
4456 544.0
4457 327.0
4458 25.0
4459 327.0
4460 251.0
4461 326.0
4462 164.0
4463 298.0
4464 259.0
4465 32.0
4466 440.0
4467 271.0
4468 234.0
4469 557.0
4470 557.0
4471 440.0
4472 428.0
4473 329.0
4474 267.0
4475 428.0
4476 308.0
4477 427.0
4478 104.0
4479 31.0
4480 234.0
4481 428.0
4482 234.0
4483 275.0
4484 557.0
4485 152.0
4486 103.0
4487 428.0
4488 557.0
4489 444.0
4490 557.0
4491 428.0
4492 440.0
4493 428.0
4494 557.0
4495 440.0
4496 323.0
4497 428.0
4498 0.0
4499 428.0
4500 428.0
4501 298.0
4502 328.0
4503 93.0
4504 440.0
4505 428.0
4506 259.0
4507 428.0
4508 258.0
4509 544.0
4510 428.0
4511 327.0
4512 289.0
4513 87.0
4514 317.0
4515 337.0
4516 255.0
4517 274.0
4518 158.0
4519 234.0
4520 544.0
4521 544.0
4522 557.0
4523 329.0
4524 428.0
4525 255.0
4526 234.0
4527 329.0
4528 234.0
4529 235.0
4530 279.0
4531 280.0
4532 557.0
4533 557.0
4534 329.0
4535 329.0
4536 271.0
4537 164.0
4538 428.0
4539 557.0
4540 252.0
4541 440.0
4542 333.0
4543 234.0
4544 428.0
4545 428.0
4546 234.0
4547 234.0
4548 251.0
4549 246.0
4550 32.0
4551 440.0
4552 234.0
4553 44.0
4554 444.0
4555 0.0
4556 544.0
4557 234.0
4558 437.0
4559 246.0
4560 428.0
4561 324.0
4562 320.0
4563 305.0
4564 163.0
4565 428.0
4566 322.0
4567 225.0
4568 329.0
4569 327.0
4570 557.0
4571 557.0
4572 544.0
4573 428.0
4574 260.0
4575 323.0
4576 32.0
4577 271.0
4578 322.0
4579 327.0
4580 104.0
4581 309.0
4582 249.0
4583 544.0
4584 428.0
4585 263.0
4586 557.0
4587 158.0
4588 164.0
4589 325.0
4590 557.0
4591 275.0
4592 440.0
4593 329.0
4594 234.0
4595 557.0
4596 557.0
4597 234.0
4598 323.0
4599 247.0
4600 246.0
4601 104.0
4602 432.0
4603 234.0
4604 251.0
4605 298.0
4606 557.0
4607 557.0
4608 234.0
4609 437.0
4610 320.0
4611 557.0
4612 234.0
4613 326.0
4614 0.0
4615 164.0
4616 428.0
4617 98.0
4618 30.0
4619 327.0
4620 104.0
4621 440.0
4622 557.0
4623 428.0
4624 440.0
4625 234.0
4626 557.0
4627 248.0
4628 440.0
4629 428.0
4630 535.0
4631 210.0
4632 203.0
4633 427.0
4634 428.0
4635 327.0
4636 440.0
4637 234.0
4638 0.0
4639 98.0
4640 325.0
4641 557.0
4642 234.0
4643 557.0
4644 428.0
4645 332.0
4646 557.0
4647 557.0
4648 557.0
4649 277.0
4650 30.0
4651 275.0
4652 104.0
4653 234.0
4654 323.0
4655 428.0
4656 325.0
4657 251.0
4658 440.0
4659 109.0
4660 544.0
4661 428.0
4662 325.0
4663 320.0
4664 440.0
4665 0.0
4666 103.0
4667 557.0
4668 98.0
4669 0.0
4670 268.0
4671 319.0
4672 234.0
4673 544.0
4674 557.0
4675 440.0
4676 544.0
4677 428.0
4678 255.0
4679 234.0
4680 327.0
4681 294.0
4682 235.0
4683 1.0
4684 255.0
4685 557.0
4686 327.0
4687 440.0
4688 329.0
4689 158.0
4690 103.0
4691 544.0
4692 557.0
4693 440.0
4694 428.0
4695 234.0
4696 544.0
4697 428.0
4698 557.0
4699 440.0
4700 234.0
4701 251.0
4702 0.0
4703 32.0
4704 251.0
4705 329.0
4706 0.0
4707 327.0
4708 440.0
4709 234.0
4710 234.0
4711 428.0
4712 258.0
4713 428.0
4714 234.0
4715 428.0
4716 395.0
4717 255.0
4718 323.0
4719 322.0
4720 0.0
4721 557.0
4722 234.0
4723 234.0
4724 544.0
4725 544.0
4726 557.0
4727 260.0
4728 323.0
4729 235.0
4730 234.0
4731 323.0
4732 327.0
4733 104.0
4734 309.0
4735 252.0
4736 544.0
4737 428.0
4738 440.0
4739 544.0
4740 163.0
4741 158.0
4742 428.0
4743 557.0
4744 440.0
4745 428.0
4746 234.0
4747 234.0
4748 557.0
4749 428.0
4750 428.0
4751 234.0
4752 247.0
4753 6.0
4754 253.0
4755 251.0
4756 234.0
4757 251.0
4758 103.0
4759 444.0
4760 544.0
4761 218.0
4762 544.0
4763 258.0
4764 428.0
4765 440.0
4766 428.0
4767 289.0
4768 164.0
4769 557.0
4770 0.0
4771 197.0
4772 282.0
4773 234.0
4774 281.0
4775 428.0
4776 428.0
4777 557.0
4778 544.0
4779 428.0
4780 32.0
4781 114.0
4782 323.0
4783 234.0
4784 104.0
4785 0.0
4786 235.0
4787 428.0
4788 428.0
4789 440.0
4790 428.0
4791 158.0
4792 428.0
4793 325.0
4794 557.0
4795 234.0
4796 440.0
4797 333.0
4798 332.0
4799 557.0
4800 428.0
4801 234.0
4802 277.0
4803 31.0
4804 196.0
4805 32.0
4806 440.0
4807 323.0
4808 251.0
4809 234.0
4810 275.0
4811 557.0
4812 109.0
4813 557.0
4814 301.0
4815 277.0
4816 323.0
4817 428.0
4818 326.0
4819 158.0
4820 428.0
4821 428.0
4822 0.0
4823 557.0
4824 0.0
4825 440.0
4826 557.0
4827 557.0
4828 557.0
4829 428.0
4830 428.0
4831 256.0
4832 218.0
4833 327.0
4834 234.0
4835 104.0
4836 207.0
4837 255.0
4838 428.0
4839 428.0
4840 557.0
4841 557.0
4842 0.0
4843 271.0
4844 544.0
4845 557.0
4846 327.0
4847 428.0
4848 329.0
4849 32.0
4850 428.0
4851 557.0
4852 428.0
4853 428.0
4854 30.0
4855 6.0
4856 104.0
4857 234.0
4858 323.0
4859 332.0
4860 93.0
4861 428.0
4862 440.0
4863 428.0
4864 428.0
4865 234.0
4866 325.0
4867 428.0
4868 322.0
4869 434.0
4870 428.0
4871 428.0
4872 322.0
4873 255.0
4874 326.0
4875 218.0
4876 275.0
4877 234.0
4878 437.0
4879 440.0
4880 300.0
4881 544.0
4882 267.0
4883 274.0
4884 234.0
4885 326.0
4886 235.0
4887 1.0
4888 233.0
4889 428.0
4890 327.0
4891 234.0
4892 544.0
4893 152.0
4894 442.0
4895 428.0
4896 557.0
4897 440.0
4898 440.0
4899 234.0
4900 251.0
4901 557.0
4902 557.0
4903 440.0
4904 234.0
4905 169.0
4906 6.0
4907 32.0
4908 234.0
4909 234.0
4910 0.0
4911 103.0
4912 440.0
4913 544.0
4914 234.0
4915 428.0
4916 25.0
4917 428.0
4918 234.0
4919 544.0
4920 30.0
4921 271.0
4922 544.0
4923 544.0
4924 0.0
4925 329.0
4926 169.0
4927 275.0
4928 557.0
4929 557.0
4930 428.0
4931 293.0
4932 544.0
4933 255.0
4934 0.0
4935 250.0
4936 327.0
4937 235.0
4938 212.0
4939 285.0
4940 544.0
4941 428.0
4942 263.0
4943 428.0
4944 158.0
4945 325.0
4946 323.0
4947 557.0
4948 234.0
4949 557.0
4950 234.0
4951 43.0
4952 557.0
4953 557.0
4954 234.0
4955 303.0
4956 251.0
4957 0.0
4958 32.0
4959 440.0
4960 544.0
4961 251.0
4962 329.0
4963 275.0
4964 557.0
4965 274.0
4966 557.0
4967 25.0
4968 544.0
4969 278.0
4970 428.0
4971 395.0
4972 163.0
4973 428.0
4974 428.0
4975 295.0
4976 234.0
4977 0.0
4978 440.0
4979 428.0
4980 557.0
4981 428.0
4982 234.0
4983 428.0
4984 248.0
4985 174.0
4986 284.0
4987 234.0
4988 104.0
4989 204.0
4990 246.0
4991 544.0
4992 428.0
4993 275.0
4994 428.0
4995 158.0
4996 326.0
4997 428.0
4998 557.0
4999 329.0
5000 557.0
5001 271.0
5002 277.0
5003 428.0
5004 557.0
5005 234.0
5006 234.0
5007 247.0
5008 246.0
5009 33.0
5010 251.0
5011 323.0
5012 303.0
5013 295.0
5014 428.0
5015 557.0
5016 259.0
5017 544.0
5018 247.0
5019 544.0
5020 278.0
5021 322.0
5022 428.0
5023 271.0
5024 428.0
5025 557.0
5026 0.0
5027 234.0
5028 0.0
5029 281.0
5030 428.0
5031 557.0
5032 428.0
5033 544.0
5034 544.0
5035 248.0
5036 175.0
5037 329.0
5038 327.0
5039 104.0
5040 210.0
5041 428.0
5042 428.0
5043 544.0
5044 251.0
5045 437.0
5046 158.0
5047 271.0
5048 323.0
5049 557.0
5050 428.0
5051 440.0
5052 284.0
5053 251.0
5054 428.0
5055 557.0
5056 440.0
5057 234.0
5058 0.0
5059 0.0
5060 104.0
5061 440.0
5062 440.0
5063 265.0
5064 444.0
5065 440.0
5066 557.0
5067 234.0
5068 428.0
5069 234.0
5070 428.0
5071 318.0
5072 322.0
5073 30.0
5074 428.0
5075 277.0
5076 275.0
5077 255.0
5078 305.0
5079 218.0
5080 275.0
5081 234.0
5082 557.0
5083 440.0
5084 293.0
5085 428.0
5086 263.0
5087 0.0
5088 246.0
5089 327.0
5090 221.0
5091 1.0
5092 285.0
5093 544.0
5094 557.0
5095 252.0
5096 329.0
5097 158.0
5098 544.0
5099 544.0
5100 557.0
