1 186.0
2 203.0
3 0.0
4 120.0
5 204.0
6 180.0
7 203.0
8 0.0
9 204.0
10 175.0
11 204.0
12 114.0
13 203.0
14 175.0
15 180.0
16 203.0
17 203.0
18 186.0
19 175.0
20 204.0
21 186.0
22 186.0
23 186.0
24 203.0
25 6.0
26 180.0
27 180.0
28 203.0
29 114.0
30 114.0
31 203.0
32 38.0
33 203.0
34 203.0
35 186.0
36 114.0
37 203.0
38 114.0
39 203.0
40 204.0
41 175.0
42 204.0
43 0.0
44 203.0
45 103.0
46 203.0
47 19.0
48 169.0
49 203.0
50 169.0
51 204.0
52 204.0
53 204.0
54 0.0
55 114.0
56 204.0
57 203.0
58 186.0
59 114.0
60 114.0
61 203.0
62 114.0
63 114.0
64 203.0
65 33.0
66 180.0
67 186.0
68 203.0
69 203.0
70 203.0
71 103.0
72 204.0
73 203.0
74 186.0
75 33.0
76 203.0
77 180.0
78 180.0
79 203.0
80 114.0
81 109.0
82 204.0
83 204.0
84 204.0
85 169.0
86 38.0
87 114.0
88 204.0
89 203.0
90 203.0
91 204.0
92 175.0
93 203.0
94 204.0
95 203.0
96 169.0
97 203.0
98 203.0
99 203.0
100 204.0
101 103.0
102 204.0
103 204.0
104 204.0
105 204.0
106 114.0
107 204.0
108 103.0
109 203.0
110 103.0
111 203.0
112 204.0
113 204.0
114 38.0
115 204.0
116 38.0
117 114.0
118 203.0
119 32.0
120 204.0
121 203.0
122 203.0
123 204.0
124 169.0
125 186.0
126 204.0
127 203.0
128 0.0
129 252.0
130 204.0
131 114.0
132 180.0
133 203.0
134 204.0
135 203.0
136 204.0
137 0.0
138 180.0
139 33.0
140 204.0
141 203.0
142 203.0
143 203.0
144 204.0
145 203.0
146 203.0
147 32.0
148 203.0
149 203.0
150 204.0
151 204.0
152 185.0
153 252.0
154 204.0
155 32.0
156 185.0
157 1.0
158 203.0
159 169.0
160 114.0
161 103.0
162 103.0
163 203.0
164 203.0
165 114.0
166 203.0
167 203.0
168 169.0
169 204.0
170 180.0
171 203.0
172 203.0
173 180.0
174 204.0
175 203.0
176 203.0
177 203.0
178 204.0
179 175.0
180 121.0
181 43.0
182 180.0
183 180.0
184 185.0
185 109.0
186 180.0
187 0.0
188 180.0
189 0.0
190 203.0
191 169.0
192 32.0
193 0.0
194 38.0
195 0.0
196 169.0
197 203.0
198 0.0
199 180.0
200 169.0
201 104.0
202 225.0
203 203.0
204 252.0
205 175.0
206 203.0
207 203.0
208 185.0
209 203.0
210 169.0
211 114.0
212 203.0
213 114.0
214 164.0
215 114.0
216 186.0
217 204.0
218 38.0
219 203.0
220 203.0
221 169.0
222 204.0
223 169.0
224 203.0
225 204.0
226 175.0
227 224.0
228 175.0
229 252.0
230 43.0
231 180.0
232 203.0
233 203.0
234 180.0
235 120.0
236 175.0
237 204.0
238 203.0
239 180.0
240 1.0
241 169.0
242 169.0
243 180.0
244 175.0
245 203.0
246 114.0
247 169.0
248 203.0
249 0.0
250 203.0
251 203.0
252 103.0
253 251.0
254 42.0
255 252.0
256 204.0
257 204.0
258 6.0
259 185.0
260 185.0
261 203.0
262 186.0
263 32.0
264 203.0
265 203.0
266 203.0
267 2.0
268 204.0
269 204.0
270 204.0
271 203.0
272 169.0
273 203.0
274 203.0
275 114.0
276 185.0
277 180.0
278 169.0
279 203.0
280 174.0
281 180.0
282 203.0
283 203.0
284 203.0
285 33.0
286 114.0
287 204.0
288 204.0
289 114.0
290 32.0
291 114.0
292 32.0
293 203.0
294 203.0
295 180.0
296 204.0
297 203.0
298 204.0
299 38.0
300 0.0
301 180.0
302 204.0
303 169.0
304 169.0
305 204.0
306 252.0
307 203.0
308 204.0
309 185.0
310 204.0
311 203.0
312 203.0
313 203.0
314 175.0
315 0.0
316 203.0
317 43.0
318 175.0
319 204.0
320 204.0
321 114.0
322 185.0
323 120.0
324 114.0
325 204.0
326 204.0
327 0.0
328 180.0
329 169.0
330 204.0
331 204.0
332 109.0
333 77.0
334 43.0
335 114.0
336 185.0
337 169.0
338 203.0
339 203.0
340 38.0
341 180.0
342 180.0
343 203.0
344 204.0
345 235.0
346 0.0
347 38.0
348 204.0
349 203.0
350 252.0
351 0.0
352 180.0
353 204.0
354 169.0
355 204.0
356 114.0
357 252.0
358 204.0
359 204.0
360 6.0
361 11.0
362 203.0
363 169.0
364 204.0
365 32.0
366 32.0
367 203.0
368 180.0
369 114.0
370 203.0
371 169.0
372 169.0
373 203.0
374 169.0
375 169.0
376 169.0
377 204.0
378 185.0
379 175.0
380 169.0
381 203.0
382 204.0
383 43.0
384 180.0
385 203.0
386 114.0
387 204.0
388 114.0
389 204.0
390 169.0
391 71.0
392 180.0
393 0.0
394 203.0
395 169.0
396 229.0
397 180.0
398 203.0
399 169.0
400 32.0
401 203.0
402 0.0
403 169.0
404 251.0
405 32.0
406 225.0
407 175.0
408 252.0
409 204.0
410 180.0
411 0.0
412 203.0
413 185.0
414 203.0
415 204.0
416 203.0
417 114.0
418 203.0
419 114.0
420 43.0
421 204.0
422 204.0
423 103.0
424 169.0
425 169.0
426 180.0
427 252.0
428 203.0
429 185.0
430 175.0
431 175.0
432 252.0
433 252.0
434 43.0
435 180.0
436 203.0
437 203.0
438 32.0
439 204.0
440 175.0
441 180.0
442 38.0
443 186.0
444 203.0
445 175.0
446 203.0
447 203.0
448 204.0
449 103.0
450 203.0
451 204.0
452 203.0
453 0.0
454 191.0
455 30.0
456 104.0
457 169.0
458 204.0
459 252.0
460 203.0
461 169.0
462 204.0
463 185.0
464 251.0
465 169.0
466 186.0
467 169.0
468 203.0
469 203.0
470 180.0
471 43.0
472 204.0
473 204.0
474 204.0
475 203.0
476 203.0
477 185.0
478 204.0
479 204.0
480 204.0
481 0.0
482 203.0
483 33.0
484 169.0
485 175.0
486 99.0
487 185.0
488 114.0
489 204.0
490 185.0
491 169.0
492 180.0
493 114.0
494 32.0
495 203.0
496 203.0
497 203.0
498 204.0
499 180.0
500 203.0
501 203.0
502 204.0
503 38.0
504 0.0
505 203.0
506 203.0
507 180.0
508 251.0
509 185.0
510 252.0
511 203.0
512 204.0
513 185.0
514 11.0
515 205.0
516 30.0
517 204.0
518 169.0
519 204.0
520 175.0
521 203.0
522 203.0
523 180.0
524 175.0
525 204.0
526 203.0
527 203.0
528 114.0
529 203.0
530 203.0
531 204.0
532 0.0
533 175.0
534 38.0
535 252.0
536 0.0
537 203.0
538 203.0
539 203.0
540 114.0
541 180.0
542 109.0
543 204.0
544 30.0
545 38.0
546 30.0
547 204.0
548 169.0
549 32.0
550 25.0
551 32.0
552 203.0
553 204.0
554 203.0
555 0.0
556 203.0
557 204.0
558 104.0
559 251.0
560 114.0
561 252.0
562 204.0
563 180.0
564 175.0
565 185.0
566 38.0
567 203.0
568 180.0
569 32.0
570 204.0
571 205.0
572 203.0
573 175.0
574 203.0
575 252.0
576 169.0
577 169.0
578 169.0
579 0.0
580 175.0
581 204.0
582 185.0
583 204.0
584 169.0
585 203.0
586 204.0
587 114.0
588 180.0
589 203.0
590 203.0
591 33.0
592 120.0
593 203.0
594 218.0
595 30.0
596 32.0
597 203.0
598 33.0
599 213.0
600 33.0
601 169.0
602 203.0
603 203.0
604 169.0
605 203.0
606 0.0
607 32.0
608 32.0
609 104.0
610 169.0
611 18.0
612 252.0
613 204.0
614 203.0
615 203.0
616 11.0
617 204.0
618 203.0
619 180.0
620 203.0
621 103.0
622 205.0
623 103.0
624 6.0
625 169.0
626 203.0
627 203.0
628 185.0
629 169.0
630 180.0
631 169.0
632 204.0
633 32.0
634 203.0
635 164.0
636 203.0
637 175.0
638 43.0
639 180.0
640 185.0
641 114.0
642 103.0
643 186.0
644 204.0
645 169.0
646 33.0
647 32.0
648 203.0
649 109.0
650 203.0
651 203.0
652 185.0
653 103.0
654 203.0
655 169.0
656 38.0
657 0.0
658 315.0
659 204.0
660 104.0
661 169.0
662 9.0
663 315.0
664 169.0
665 33.0
666 315.0
667 0.0
668 251.0
669 315.0
670 109.0
671 251.0
672 204.0
673 315.0
674 203.0
675 169.0
676 203.0
677 315.0
678 251.0
679 203.0
680 203.0
681 251.0
682 180.0
683 120.0
684 185.0
685 251.0
686 251.0
687 180.0
688 315.0
689 169.0
690 169.0
691 43.0
692 186.0
693 186.0
694 169.0
695 315.0
696 169.0
697 203.0
698 203.0
699 180.0
700 191.0
701 191.0
702 180.0
703 180.0
704 185.0
705 186.0
706 203.0
707 251.0
708 0.0
709 180.0
710 180.0
711 180.0
712 225.0
713 191.0
714 315.0
715 315.0
716 180.0
717 315.0
718 191.0
719 169.0
720 180.0
721 114.0
722 315.0
723 180.0
724 315.0
725 185.0
726 103.0
727 185.0
728 180.0
729 251.0
730 180.0
731 203.0
732 180.0
733 315.0
734 203.0
735 0.0
736 180.0
737 203.0
738 180.0
739 315.0
740 169.0
741 180.0
742 203.0
743 6.0
744 315.0
745 169.0
746 203.0
747 315.0
748 169.0
749 203.0
750 180.0
751 32.0
752 169.0
753 203.0
754 180.0
755 33.0
756 204.0
757 180.0
758 169.0
759 0.0
760 180.0
761 169.0
762 203.0
763 315.0
764 180.0
765 315.0
766 180.0
767 180.0
768 203.0
769 203.0
770 203.0
771 180.0
772 175.0
773 315.0
774 32.0
775 38.0
776 185.0
777 103.0
778 203.0
779 180.0
780 251.0
781 180.0
782 251.0
783 169.0
784 315.0
785 203.0
786 38.0
787 203.0
788 203.0
789 49.0
790 180.0
791 204.0
792 203.0
793 203.0
794 204.0
795 180.0
796 175.0
797 180.0
798 251.0
799 38.0
800 169.0
801 103.0
802 204.0
803 203.0
804 203.0
805 203.0
806 411.0
807 203.0
808 169.0
809 251.0
810 0.0
811 204.0
812 169.0
813 180.0
814 315.0
815 180.0
816 411.0
817 185.0
818 38.0
819 251.0
820 43.0
821 203.0
822 204.0
823 204.0
824 180.0
825 180.0
826 185.0
827 252.0
828 203.0
829 185.0
830 203.0
831 169.0
832 203.0
833 251.0
834 203.0
835 315.0
836 204.0
837 185.0
838 203.0
839 203.0
840 49.0
841 203.0
842 0.0
843 203.0
844 203.0
845 186.0
846 180.0
847 175.0
848 191.0
849 180.0
850 38.0
851 38.0
852 185.0
853 109.0
854 245.0
855 180.0
856 180.0
857 185.0
858 203.0
859 203.0
860 32.0
861 32.0
862 185.0
863 203.0
864 38.0
865 180.0
866 38.0
867 411.0
868 315.0
869 32.0
870 315.0
871 315.0
872 245.0
873 204.0
874 204.0
875 251.0
876 180.0
877 191.0
878 204.0
879 203.0
880 251.0
881 185.0
882 251.0
883 180.0
884 203.0
885 315.0
886 185.0
887 204.0
888 1.0
889 203.0
890 203.0
891 175.0
892 251.0
893 204.0
894 203.0
895 203.0
896 185.0
897 180.0
898 204.0
899 43.0
900 180.0
901 38.0
902 203.0
903 315.0
904 203.0
905 185.0
906 180.0
907 204.0
908 33.0
909 186.0
910 32.0
911 38.0
912 0.0
913 180.0
914 331.0
915 251.0
916 203.0
917 203.0
918 411.0
919 315.0
920 180.0
921 315.0
922 315.0
923 180.0
924 315.0
925 180.0
926 315.0
927 203.0
928 185.0
929 185.0
930 203.0
931 251.0
932 245.0
933 203.0
934 180.0
935 251.0
936 174.0
937 316.0
938 204.0
939 33.0
940 225.0
941 203.0
942 33.0
943 315.0
944 203.0
945 251.0
946 203.0
947 203.0
948 203.0
949 175.0
950 185.0
951 251.0
952 180.0
953 203.0
954 180.0
955 185.0
956 315.0
957 180.0
958 204.0
959 33.0
960 203.0
961 180.0
962 38.0
963 0.0
964 203.0
965 251.0
966 180.0
967 315.0
968 203.0
969 411.0
970 185.0
971 38.0
972 251.0
973 185.0
974 203.0
975 180.0
976 203.0
977 315.0
978 32.0
979 203.0
980 185.0
981 331.0
982 251.0
983 203.0
984 32.0
985 0.0
986 203.0
987 180.0
988 316.0
989 203.0
990 203.0
991 251.0
992 203.0
993 203.0
994 175.0
995 185.0
996 251.0
997 203.0
998 203.0
999 180.0
1000 180.0
1001 180.0
1002 316.0
1003 169.0
1004 32.0
1005 185.0
1006 32.0
1007 315.0
1008 203.0
1009 185.0
1010 411.0
1011 204.0
1012 175.0
1013 38.0
1014 0.0
1015 185.0
1016 411.0
1017 32.0
1018 315.0
1019 203.0
1020 411.0
1021 185.0
1022 38.0
1023 175.0
1024 185.0
1025 175.0
1026 185.0
1027 114.0
1028 251.0
1029 185.0
1030 315.0
1031 204.0
1032 38.0
1033 251.0
1034 203.0
1035 251.0
1036 169.0
1037 203.0
1038 203.0
1039 185.0
1040 204.0
1041 0.0
1042 185.0
1043 203.0
1044 175.0
1045 180.0
1046 0.0
1047 242.0
1048 203.0
1049 203.0
1050 240.0
1051 175.0
1052 185.0
1053 180.0
1054 185.0
1055 331.0
1056 185.0
1057 203.0
1058 180.0
1059 203.0
1060 180.0
1061 185.0
1062 203.0
1063 203.0
1064 38.0
1065 0.0
1066 180.0
1067 169.0
1068 32.0
1069 180.0
1070 180.0
1071 411.0
1072 315.0
1073 180.0
1074 315.0
1075 315.0
1076 203.0
1077 109.0
1078 204.0
1079 315.0
1080 180.0
1081 191.0
1082 203.0
1083 251.0
1084 185.0
1085 203.0
1086 251.0
1087 169.0
1088 203.0
1089 191.0
1090 204.0
1091 175.0
1092 203.0
1093 180.0
1094 203.0
1095 175.0
1096 251.0
1097 0.0
1098 251.0
1099 203.0
1100 203.0
1101 175.0
1102 204.0
1103 185.0
1104 180.0
1105 38.0
1106 203.0
1107 203.0
1108 203.0
1109 180.0
1110 180.0
1111 204.0
1112 33.0
1113 203.0
1114 180.0
1115 38.0
1116 0.0
1117 180.0
1118 185.0
1119 38.0
1120 185.0
1121 203.0
1122 411.0
1123 180.0
1124 180.0
1125 315.0
1126 315.0
1127 180.0
1128 252.0
1129 180.0
1130 315.0
1131 38.0
1132 315.0
1133 185.0
1134 203.0
1135 251.0
1136 240.0
1137 251.0
1138 221.0
1139 251.0
1140 38.0
1141 240.0
1142 180.0
1143 38.0
1144 203.0
1145 203.0
1146 203.0
1147 251.0
1148 0.0
1149 203.0
1150 203.0
1151 180.0
1152 185.0
1153 175.0
1154 180.0
1155 251.0
1156 205.0
1157 203.0
1158 180.0
1159 114.0
1160 185.0
1161 251.0
1162 186.0
1163 33.0
1164 203.0
1165 180.0
1166 38.0
1167 0.0
1168 185.0
1169 185.0
1170 180.0
1171 315.0
1172 114.0
1173 411.0
1174 180.0
1175 33.0
1176 185.0
1177 185.0
1178 169.0
1179 180.0
1180 203.0
1181 251.0
1182 185.0
1183 203.0
1184 185.0
1185 315.0
1186 315.0
1187 315.0
1188 180.0
1189 218.0
1190 251.0
1191 191.0
1192 203.0
1193 180.0
1194 0.0
1195 185.0
1196 203.0
1197 203.0
1198 315.0
1199 204.0
1200 203.0
1201 203.0
1202 203.0
1203 251.0
1204 175.0
1205 315.0
1206 315.0
1207 245.0
1208 38.0
1209 185.0
1210 203.0
1211 191.0
1212 251.0
1213 315.0
1214 185.0
1215 204.0
1216 175.0
1217 38.0
1218 0.0
1219 315.0
1220 169.0
1221 213.0
1222 315.0
1223 185.0
1224 411.0
1225 185.0
1226 180.0
1227 240.0
1228 25.0
1229 203.0
1230 185.0
1231 185.0
1232 251.0
1233 180.0
1234 191.0
1235 411.0
1236 33.0
1237 180.0
1238 175.0
1239 203.0
1240 169.0
1241 251.0
1242 203.0
1243 251.0
1244 204.0
1245 33.0
1246 203.0
1247 203.0
1248 33.0
1249 204.0
1250 0.0
1251 251.0
1252 203.0
1253 203.0
1254 191.0
1255 175.0
1256 185.0
1257 180.0
1258 164.0
1259 32.0
1260 174.0
1261 180.0
1262 331.0
1263 185.0
1264 185.0
1265 185.0
1266 203.0
1267 203.0
1268 38.0
1269 0.0
1270 203.0
1271 203.0
1272 203.0
1273 203.0
1274 203.0
1275 411.0
1276 185.0
1277 180.0
1278 30.0
1279 185.0
1280 33.0
1281 180.0
1282 180.0
1283 315.0
1284 204.0
1285 203.0
1286 98.0
1287 203.0
1288 185.0
1289 315.0
1290 251.0
1291 0.0
1292 251.0
1293 315.0
1294 240.0
1295 180.0
1296 0.0
1297 251.0
1298 203.0
1299 175.0
1300 315.0
1301 0.0
1302 203.0
1303 203.0
1304 203.0
1305 203.0
1306 203.0
1307 185.0
1308 251.0
1309 251.0
1310 203.0
1311 203.0
1312 32.0
1313 185.0
1314 175.0
1315 315.0
1316 203.0
1317 203.0
1318 180.0
1319 180.0
1320 0.0
1321 411.0
1322 251.0
1323 203.0
1324 203.0
1325 180.0
1326 411.0
1327 175.0
1328 38.0
1329 240.0
1330 251.0
1331 180.0
1332 180.0
1333 180.0
1334 315.0
1335 204.0
1336 315.0
1337 203.0
1338 203.0
1339 251.0
1340 203.0
1341 251.0
1342 169.0
1343 203.0
1344 180.0
1345 246.0
1346 180.0
1347 204.0
1348 203.0
1349 203.0
1350 203.0
1351 251.0
1352 32.0
1353 315.0
1354 203.0
1355 251.0
1356 180.0
1357 203.0
1358 315.0
1359 251.0
1360 38.0
1361 38.0
1362 185.0
1363 203.0
1364 185.0
1365 251.0
1366 315.0
1367 33.0
1368 203.0
1369 38.0
1370 180.0
1371 169.0
1372 185.0
1373 251.0
1374 180.0
1375 315.0
1376 169.0
1377 411.0
1378 180.0
1379 38.0
1380 240.0
1381 315.0
1382 180.0
1383 180.0
1384 191.0
1385 251.0
1386 204.0
1387 203.0
1388 185.0
1389 331.0
1390 251.0
1391 180.0
1392 251.0
1393 180.0
1394 251.0
1395 191.0
1396 203.0
1397 180.0
1398 0.0
1399 185.0
1400 203.0
1401 185.0
1402 251.0
1403 191.0
1404 251.0
1405 203.0
1406 185.0
1407 251.0
1408 175.0
1409 315.0
1410 169.0
1411 203.0
1412 32.0
1413 203.0
1414 203.0
1415 203.0
1416 251.0
1417 185.0
1418 185.0
1419 203.0
1420 38.0
1421 38.0
1422 0.0
1423 185.0
1424 169.0
1425 180.0
1426 191.0
1427 109.0
1428 411.0
1429 185.0
1430 38.0
1431 315.0
1432 185.0
1433 203.0
1434 185.0
1435 203.0
1436 185.0
1437 204.0
1438 203.0
1439 203.0
1440 38.0
1441 203.0
1442 180.0
1443 203.0
1444 0.0
1445 251.0
1446 191.0
1447 234.0
1448 180.0
1449 1.0
1450 251.0
1451 203.0
1452 33.0
1453 32.0
1454 0.0
1455 251.0
1456 203.0
1457 180.0
1458 191.0
1459 203.0
1460 185.0
1461 195.0
1462 169.0
1463 203.0
1464 180.0
1465 32.0
1466 185.0
1467 169.0
1468 185.0
1469 185.0
1470 203.0
1471 203.0
1472 38.0
1473 0.0
1474 203.0
1475 251.0
1476 180.0
1477 203.0
1478 411.0
1479 411.0
1480 32.0
1481 180.0
1482 0.0
1483 185.0
1484 251.0
1485 169.0
1486 203.0
1487 315.0
1488 203.0
1489 191.0
1490 411.0
1491 203.0
1492 251.0
1493 203.0
1494 251.0
1495 204.0
1496 251.0
1497 191.0
1498 251.0
1499 180.0
1500 1.0
1501 203.0
1502 203.0
1503 38.0
1504 180.0
1505 0.0
1506 180.0
1507 180.0
1508 203.0
1509 203.0
1510 175.0
1511 180.0
1512 251.0
1513 185.0
1514 32.0
1515 203.0
1516 114.0
1517 411.0
1518 203.0
1519 109.0
1520 203.0
1521 203.0
1522 180.0
1523 38.0
1524 0.0
1525 185.0
1526 251.0
1527 169.0
1528 315.0
1529 180.0
1530 411.0
1531 0.0
1532 38.0
1533 251.0
1534 315.0
1535 180.0
1536 180.0
1537 203.0
1538 251.0
1539 203.0
1540 203.0
1541 185.0
1542 191.0
1543 185.0
1544 245.0
1545 203.0
1546 169.0
1547 251.0
1548 180.0
1549 251.0
1550 180.0
1551 204.0
1552 185.0
1553 203.0
1554 203.0
1555 251.0
1556 0.0
1557 203.0
1558 203.0
1559 180.0
1560 315.0
1561 175.0
1562 315.0
1563 251.0
1564 169.0
1565 32.0
1566 174.0
1567 114.0
1568 331.0
1569 251.0
1570 203.0
1571 33.0
1572 203.0
1573 180.0
1574 203.0
1575 0.0
1576 185.0
1577 251.0
1578 231.0
1579 203.0
1580 180.0
1581 411.0
1582 185.0
1583 33.0
1584 316.0
1585 185.0
1586 180.0
1587 203.0
1588 203.0
1589 251.0
1590 33.0
1591 203.0
1592 411.0
1593 203.0
1594 185.0
1595 225.0
1596 203.0
1597 0.0
1598 251.0
1599 180.0
1600 234.0
1601 180.0
1602 33.0
1603 251.0
1604 203.0
1605 38.0
1606 180.0
1607 175.0
1608 203.0
1609 203.0
1610 38.0
1611 251.0
1612 0.0
1613 185.0
1614 180.0
1615 411.0
1616 203.0
1617 315.0
1618 33.0
1619 185.0
1620 251.0
1621 180.0
1622 185.0
1623 203.0
1624 33.0
1625 38.0
1626 0.0
1627 204.0
1628 251.0
1629 185.0
1630 203.0
1631 180.0
1632 411.0
1633 185.0
1634 38.0
1635 203.0
1636 185.0
1637 203.0
1638 203.0
1639 203.0
1640 315.0
1641 186.0
1642 203.0
1643 203.0
1644 315.0
1645 251.0
1646 213.0
1647 251.0
1648 180.0
1649 251.0
1650 191.0
1651 185.0
1652 180.0
1653 174.0
1654 252.0
1655 203.0
1656 38.0
1657 203.0
1658 0.0
1659 251.0
1660 203.0
1661 180.0
1662 331.0
1663 175.0
1664 185.0
1665 316.0
1666 251.0
1667 38.0
1668 203.0
1669 33.0
1670 251.0
1671 185.0
1672 180.0
1673 114.0
1674 203.0
1675 203.0
1676 38.0
1677 0.0
1678 185.0
1679 251.0
1680 180.0
1681 315.0
1682 191.0
1683 411.0
1684 33.0
1685 203.0
1686 316.0
1687 411.0
1688 203.0
1689 169.0
1690 203.0
1691 315.0
1692 203.0
1693 203.0
1694 203.0
1695 203.0
1696 315.0
1697 104.0
1698 240.0
1699 225.0
1700 251.0
1701 315.0
1702 204.0
1703 180.0
1704 38.0
1705 203.0
1706 203.0
1707 203.0
1708 315.0
1709 185.0
1710 203.0
1711 203.0
1712 180.0
1713 203.0
1714 175.0
1715 315.0
1716 251.0
1717 185.0
1718 32.0
1719 315.0
1720 180.0
1721 191.0
1722 203.0
1723 203.0
1724 33.0
1725 204.0
1726 203.0
1727 38.0
1728 0.0
1729 203.0
1730 251.0
1731 180.0
1732 191.0
1733 180.0
1734 411.0
1735 180.0
1736 33.0
1737 240.0
1738 315.0
1739 251.0
1740 0.0
1741 203.0
1742 315.0
1743 38.0
1744 315.0
1745 411.0
1746 180.0
1747 180.0
1748 245.0
1749 203.0
1750 235.0
1751 251.0
1752 315.0
1753 240.0
1754 175.0
1755 38.0
1756 185.0
1757 203.0
1758 38.0
1759 315.0
1760 203.0
1761 203.0
1762 203.0
1763 203.0
1764 315.0
1765 175.0
1766 185.0
1767 180.0
1768 203.0
1769 38.0
1770 185.0
1771 204.0
1772 169.0
1773 251.0
1774 203.0
1775 185.0
1776 204.0
1777 185.0
1778 38.0
1779 0.0
1780 186.0
1781 251.0
1782 315.0
1783 203.0
1784 203.0
1785 411.0
1786 180.0
1787 6.0
1788 240.0
1789 315.0
1790 203.0
1791 0.0
1792 203.0
1793 251.0
1794 203.0
1795 203.0
1796 185.0
1797 332.0
1798 251.0
1799 251.0
1800 203.0
1801 234.0
1802 251.0
1803 240.0
1804 234.0
1805 180.0
1806 33.0
1807 203.0
1808 251.0
1809 203.0
1810 203.0
1811 180.0
1812 251.0
1813 38.0
1814 411.0
1815 185.0
1816 175.0
1817 185.0
1818 169.0
1819 203.0
1820 191.0
1821 459.0
1822 203.0
1823 191.0
1824 251.0
1825 185.0
1826 411.0
1827 203.0
1828 185.0
1829 38.0
1830 203.0
1831 203.0
1832 251.0
1833 251.0
1834 315.0
1835 109.0
1836 459.0
1837 203.0
1838 38.0
1839 38.0
1840 185.0
1841 203.0
1842 169.0
1843 203.0
1844 180.0
1845 203.0
1846 191.0
1847 203.0
1848 203.0
1849 229.0
1850 180.0
1851 251.0
1852 180.0
1853 251.0
1854 203.0
1855 203.0
1856 180.0
1857 203.0
1858 30.0
1859 203.0
1860 203.0
1861 203.0
1862 0.0
1863 203.0
1864 203.0
1865 191.0
1866 203.0
1867 175.0
1868 315.0
1869 251.0
1870 251.0
1871 0.0
1872 315.0
1873 32.0
1874 185.0
1875 251.0
1876 180.0
1877 33.0
1878 203.0
1879 203.0
1880 32.0
1881 0.0
1882 185.0
1883 251.0
1884 180.0
1885 315.0
1886 180.0
1887 459.0
1888 203.0
1889 38.0
1890 251.0
1891 185.0
1892 203.0
1893 0.0
1894 203.0
1895 203.0
1896 185.0
1897 191.0
1898 411.0
1899 203.0
1900 315.0
1901 180.0
1902 185.0
1903 180.0
1904 203.0
1905 191.0
1906 109.0
1907 180.0
1908 38.0
1909 169.0
1910 203.0
1911 203.0
1912 251.0
1913 204.0
1914 191.0
1915 203.0
1916 203.0
1917 315.0
1918 175.0
1919 315.0
1920 315.0
1921 411.0
1922 38.0
1923 315.0
1924 32.0
1925 180.0
1926 251.0
1927 185.0
1928 33.0
1929 203.0
1930 180.0
1931 38.0
1932 0.0
1933 315.0
1934 251.0
1935 38.0
1936 43.0
1937 185.0
1938 459.0
1939 185.0
1940 38.0
1941 240.0
1942 315.0
1943 180.0
1944 0.0
1945 251.0
1946 251.0
1947 180.0
1948 203.0
1949 185.0
1950 203.0
1951 180.0
1952 180.0
1953 213.0
1954 0.0
1955 251.0
1956 240.0
1957 240.0
1958 180.0
1959 203.0
1960 0.0
1961 203.0
1962 203.0
1963 251.0
1964 203.0
1965 251.0
1966 203.0
1967 411.0
1968 185.0
1969 180.0
1970 185.0
1971 180.0
1972 203.0
1973 203.0
1974 185.0
1975 204.0
1976 191.0
1977 185.0
1978 191.0
1979 185.0
1980 203.0
1981 33.0
1982 38.0
1983 0.0
1984 203.0
1985 235.0
1986 38.0
1987 203.0
1988 109.0
1989 459.0
1990 203.0
1991 38.0
1992 203.0
1993 185.0
1994 251.0
1995 169.0
1996 203.0
1997 180.0
1998 204.0
1999 203.0
2000 203.0
2001 315.0
2002 203.0
2003 251.0
2004 251.0
2005 169.0
2006 251.0
2007 315.0
2008 251.0
2009 180.0
2010 174.0
2011 0.0
2012 251.0
2013 203.0
2014 203.0
2015 33.0
2016 203.0
2017 203.0
2018 191.0
2019 185.0
2020 175.0
2021 315.0
2022 185.0
2023 203.0
2024 180.0
2025 315.0
2026 252.0
2027 185.0
2028 203.0
2029 411.0
2030 180.0
2031 203.0
2032 203.0
2033 32.0
2034 0.0
2035 315.0
2036 185.0
2037 169.0
2038 315.0
2039 185.0
2040 459.0
2041 203.0
2042 38.0
2043 315.0
2044 185.0
2045 203.0
2046 203.0
2047 203.0
2048 203.0
2049 203.0
2050 180.0
2051 203.0
2052 185.0
2053 251.0
2054 316.0
2055 251.0
2056 0.0
2057 203.0
2058 185.0
2059 203.0
2060 180.0
2061 204.0
2062 169.0
2063 203.0
2064 203.0
2065 203.0
2066 0.0
2067 203.0
2068 203.0
2069 331.0
2070 203.0
2071 175.0
2072 315.0
2073 331.0
2074 185.0
2075 185.0
2076 315.0
2077 33.0
2078 180.0
2079 203.0
2080 185.0
2081 43.0
2082 203.0
2083 180.0
2084 203.0
2085 0.0
2086 315.0
2087 251.0
2088 169.0
2089 315.0
2090 180.0
2091 459.0
2092 203.0
2093 38.0
2094 251.0
2095 315.0
2096 203.0
2097 0.0
2098 251.0
2099 203.0
2100 203.0
2101 203.0
2102 185.0
2103 331.0
2104 315.0
2105 203.0
2106 251.0
2107 251.0
2108 251.0
2109 191.0
2110 203.0
2111 204.0
2112 204.0
2113 0.0
2114 203.0
2115 203.0
2116 251.0
2117 203.0
2118 203.0
2119 203.0
2120 180.0
2121 185.0
2122 175.0
2123 185.0
2124 251.0
2125 331.0
2126 203.0
2127 185.0
2128 203.0
2129 191.0
2130 251.0
2131 185.0
2132 33.0
2133 203.0
2134 191.0
2135 180.0
2136 0.0
2137 203.0
2138 169.0
2139 180.0
2140 120.0
2141 203.0
2142 459.0
2143 203.0
2144 38.0
2145 315.0
2146 185.0
2147 240.0
2148 169.0
2149 203.0
2150 203.0
2151 185.0
2152 203.0
2153 185.0
2154 180.0
2155 315.0
2156 185.0
2157 251.0
2158 169.0
2159 191.0
2160 180.0
2161 251.0
2162 180.0
2163 174.0
2164 0.0
2165 203.0
2166 203.0
2167 203.0
2168 203.0
2169 185.0
2170 203.0
2171 180.0
2172 203.0
2173 175.0
2174 315.0
2175 185.0
2176 203.0
2177 169.0
2178 411.0
2179 203.0
2180 180.0
2181 251.0
2182 203.0
2183 185.0
2184 203.0
2185 203.0
2186 180.0
2187 0.0
2188 203.0
2189 315.0
2190 203.0
2191 315.0
2192 470.0
2193 470.0
2194 175.0
2195 38.0
2196 0.0
2197 185.0
2198 180.0
2199 152.0
2200 180.0
2201 203.0
2202 180.0
2203 203.0
2204 315.0
2205 315.0
2206 203.0
2207 245.0
2208 251.0
2209 251.0
2210 203.0
2211 203.0
2212 251.0
2213 180.0
2214 33.0
2215 0.0
2216 203.0
2217 203.0
2218 203.0
2219 204.0
2220 251.0
2221 203.0
2222 315.0
2223 203.0
2224 175.0
2225 315.0
2226 315.0
2227 411.0
2228 180.0
2229 315.0
2230 1.0
2231 315.0
2232 186.0
2233 315.0
2234 175.0
2235 203.0
2236 180.0
2237 33.0
2238 0.0
2239 315.0
2240 251.0
2241 203.0
2242 203.0
2243 185.0
2244 470.0
2245 315.0
2246 38.0
2247 191.0
2248 315.0
2249 203.0
2250 0.0
2251 203.0
2252 203.0
2253 186.0
2254 185.0
2255 185.0
2256 32.0
2257 315.0
2258 203.0
2259 251.0
2260 2.0
2261 203.0
2262 191.0
2263 204.0
2264 252.0
2265 204.0
2266 0.0
2267 203.0
2268 203.0
2269 315.0
2270 0.0
2271 204.0
2272 203.0
2273 315.0
2274 203.0
2275 175.0
2276 169.0
2277 191.0
2278 315.0
2279 180.0
2280 332.0
2281 12.0
2282 191.0
2283 251.0
2284 185.0
2285 33.0
2286 203.0
2287 185.0
2288 25.0
2289 0.0
2290 185.0
2291 203.0
2292 203.0
2293 185.0
2294 411.0
2295 470.0
2296 169.0
2297 38.0
2298 252.0
2299 315.0
2300 203.0
2301 158.0
2302 203.0
2303 251.0
2304 204.0
2305 169.0
2306 186.0
2307 180.0
2308 185.0
2309 203.0
2310 251.0
2311 169.0
2312 251.0
2313 203.0
2314 203.0
2315 252.0
2316 204.0
2317 0.0
2318 203.0
2319 203.0
2320 251.0
2321 203.0
2322 251.0
2323 203.0
2324 411.0
2325 185.0
2326 175.0
2327 315.0
2328 411.0
2329 470.0
2330 411.0
2331 185.0
2332 0.0
2333 411.0
2334 251.0
2335 191.0
2336 33.0
2337 203.0
2338 204.0
2339 180.0
2340 0.0
2341 185.0
2342 251.0
2343 180.0
2344 331.0
2345 191.0
2346 470.0
2347 30.0
2348 38.0
2349 252.0
2350 185.0
2351 180.0
2352 158.0
2353 203.0
2354 203.0
2355 186.0
2356 203.0
2357 33.0
2358 191.0
2359 203.0
2360 245.0
2361 251.0
2362 2.0
2363 251.0
2364 411.0
2365 251.0
2366 252.0
2367 174.0
2368 0.0
2369 203.0
2370 203.0
2371 251.0
2372 0.0
2373 203.0
2374 203.0
2375 180.0
2376 186.0
2377 175.0
2378 315.0
2379 180.0
2380 203.0
2381 169.0
2382 315.0
2383 1.0
2384 185.0
2385 251.0
2386 191.0
2387 180.0
2388 203.0
2389 203.0
2390 180.0
2391 0.0
2392 191.0
2393 251.0
2394 203.0
2395 315.0
2396 185.0
2397 470.0
2398 315.0
2399 38.0
2400 203.0
2401 411.0
2402 251.0
2403 0.0
2404 203.0
2405 315.0
2406 203.0
2407 180.0
2408 315.0
2409 32.0
2410 315.0
2411 245.0
2412 251.0
2413 2.0
2414 251.0
2415 203.0
2416 316.0
2417 180.0
2418 203.0
2419 0.0
2420 203.0
2421 203.0
2422 203.0
2423 204.0
2424 251.0
2425 203.0
2426 203.0
2427 203.0
2428 175.0
2429 185.0
2430 315.0
2431 315.0
2432 180.0
2433 315.0
2434 1.0
2435 185.0
2436 203.0
2437 185.0
2438 185.0
2439 203.0
2440 185.0
2441 38.0
2442 0.0
2443 203.0
2444 251.0
2445 180.0
2446 185.0
2447 185.0
2448 470.0
2449 203.0
2450 180.0
2451 203.0
2452 315.0
2453 191.0
2454 152.0
2455 203.0
2456 203.0
2457 204.0
2458 203.0
2459 185.0
2460 191.0
2461 185.0
2462 203.0
2463 251.0
2464 180.0
2465 251.0
2466 180.0
2467 180.0
2468 180.0
2469 204.0
2470 0.0
2471 203.0
2472 203.0
2473 315.0
2474 204.0
2475 251.0
2476 203.0
2477 411.0
2478 185.0
2479 175.0
2480 315.0
2481 191.0
2482 315.0
2483 203.0
2484 185.0
2485 0.0
2486 203.0
2487 315.0
2488 185.0
2489 33.0
2490 203.0
2491 204.0
2492 20.0
2493 0.0
2494 185.0
2495 315.0
2496 180.0
2497 203.0
2498 332.0
2499 470.0
2500 203.0
2501 38.0
2502 225.0
2503 411.0
2504 251.0
2505 180.0
2506 203.0
2507 315.0
2508 315.0
2509 169.0
2510 203.0
2511 411.0
2512 204.0
2513 203.0
2514 251.0
2515 203.0
2516 251.0
2517 38.0
2518 316.0
2519 252.0
2520 203.0
2521 0.0
2522 203.0
2523 203.0
2524 251.0
2525 180.0
2526 203.0
2527 203.0
2528 472.0
2529 332.0
2530 175.0
2531 315.0
2532 203.0
2533 203.0
2534 175.0
2535 185.0
2536 0.0
2537 203.0
2538 251.0
2539 203.0
2540 185.0
2541 203.0
2542 204.0
2543 38.0
2544 0.0
2545 25.0
2546 251.0
2547 203.0
2548 191.0
2549 203.0
2550 472.0
2551 315.0
2552 180.0
2553 235.0
2554 185.0
2555 191.0
2556 169.0
2557 180.0
2558 32.0
2559 185.0
2560 185.0
2561 411.0
2562 411.0
2563 175.0
2564 245.0
2565 251.0
2566 315.0
2567 251.0
2568 191.0
2569 251.0
2570 180.0
2571 185.0
2572 203.0
2573 203.0
2574 203.0
2575 203.0
2576 411.0
2577 251.0
2578 203.0
2579 203.0
2580 203.0
2581 175.0
2582 30.0
2583 411.0
2584 203.0
2585 38.0
2586 411.0
2587 1.0
2588 185.0
2589 251.0
2590 185.0
2591 185.0
2592 203.0
2593 180.0
2594 32.0
2595 0.0
2596 316.0
2597 251.0
2598 203.0
2599 180.0
2600 411.0
2601 472.0
2602 315.0
2603 38.0
2604 225.0
2605 472.0
2606 203.0
2607 0.0
2608 203.0
2609 203.0
2610 332.0
2611 191.0
2612 185.0
2613 472.0
2614 411.0
2615 203.0
2616 251.0
2617 203.0
2618 251.0
2619 251.0
2620 315.0
2621 252.0
2622 470.0
2623 174.0
2624 251.0
2625 203.0
2626 203.0
2627 175.0
2628 332.0
2629 203.0
2630 411.0
2631 411.0
2632 175.0
2633 315.0
2634 315.0
2635 411.0
2636 38.0
2637 411.0
2638 1.0
2639 185.0
2640 204.0
2641 185.0
2642 315.0
2643 203.0
2644 470.0
2645 33.0
2646 0.0
2647 316.0
2648 203.0
2649 251.0
2650 185.0
2651 185.0
2652 472.0
2653 0.0
2654 203.0
2655 225.0
2656 332.0
2657 203.0
2658 19.0
2659 203.0
2660 315.0
2661 203.0
2662 169.0
2663 411.0
2664 191.0
2665 185.0
2666 203.0
2667 251.0
2668 169.0
2669 251.0
2670 203.0
2671 316.0
2672 185.0
2673 411.0
2674 203.0
2675 203.0
2676 203.0
2677 315.0
2678 251.0
2679 203.0
2680 203.0
2681 411.0
2682 185.0
2683 175.0
2684 315.0
2685 203.0
2686 470.0
2687 32.0
2688 185.0
2689 0.0
2690 315.0
2691 251.0
2692 470.0
2693 33.0
2694 203.0
2695 203.0
2696 38.0
2697 0.0
2698 315.0
2699 251.0
2700 180.0
2701 315.0
2702 332.0
2703 472.0
2704 315.0
2705 38.0
2706 251.0
2707 185.0
2708 180.0
2709 169.0
2710 203.0
2711 203.0
2712 315.0
2713 30.0
2714 315.0
2715 472.0
2716 332.0
2717 203.0
2718 251.0
2719 204.0
2720 251.0
2721 315.0
2722 315.0
2723 252.0
2724 191.0
2725 0.0
2726 203.0
2727 203.0
2728 315.0
2729 203.0
2730 180.0
2731 203.0
2732 203.0
2733 332.0
2734 175.0
2735 185.0
2736 185.0
2737 203.0
2738 169.0
2739 185.0
2740 0.0
2741 315.0
2742 203.0
2743 315.0
2744 203.0
2745 203.0
2746 185.0
2747 175.0
2748 0.0
2749 185.0
2750 251.0
2751 191.0
2752 331.0
2753 203.0
2754 472.0
2755 315.0
2756 6.0
2757 251.0
2758 185.0
2759 203.0
2760 169.0
2761 203.0
2762 203.0
2763 411.0
2764 180.0
2765 472.0
2766 411.0
2767 411.0
2768 245.0
2769 251.0
2770 191.0
2771 251.0
2772 191.0
2773 316.0
2774 252.0
2775 185.0
2776 0.0
2777 203.0
2778 203.0
2779 185.0
2780 185.0
2781 203.0
2782 185.0
2783 411.0
2784 203.0
2785 175.0
2786 169.0
2787 191.0
2788 411.0
2789 169.0
2790 411.0
2791 12.0
2792 185.0
2793 32.0
2794 185.0
2795 185.0
2796 203.0
2797 185.0
2798 32.0
2799 0.0
2800 185.0
2801 251.0
2802 180.0
2803 203.0
2804 185.0
2805 472.0
2806 203.0
2807 38.0
2808 251.0
2809 332.0
2810 472.0
2811 203.0
2812 203.0
2813 315.0
2814 185.0
2815 180.0
2816 185.0
2817 191.0
2818 472.0
2819 203.0
2820 251.0
2821 203.0
2822 251.0
2823 38.0
2824 332.0
2825 252.0
2826 459.0
2827 0.0
2828 203.0
2829 203.0
2830 185.0
2831 175.0
2832 251.0
2833 203.0
2834 411.0
2835 331.0
2836 175.0
2837 315.0
2838 185.0
2839 411.0
2840 30.0
2841 472.0
2842 1.0
2843 185.0
2844 185.0
2845 332.0
2846 33.0
2847 203.0
2848 472.0
2849 180.0
2850 0.0
2851 191.0
2852 251.0
2853 185.0
2854 203.0
2855 411.0
2856 472.0
2857 315.0
2858 38.0
2859 235.0
2860 315.0
2861 38.0
2862 0.0
2863 180.0
2864 315.0
2865 315.0
2866 38.0
2867 411.0
2868 472.0
2869 315.0
2870 175.0
2871 251.0
2872 203.0
2873 251.0
2874 411.0
2875 185.0
2876 180.0
2877 203.0
2878 0.0
2879 316.0
2880 203.0
2881 315.0
2882 411.0
2883 203.0
2884 203.0
2885 411.0
2886 411.0
2887 175.0
2888 185.0
2889 185.0
2890 203.0
2891 32.0
2892 472.0
2893 12.0
2894 203.0
2895 185.0
2896 332.0
2897 33.0
2898 203.0
2899 315.0
2900 180.0
2901 0.0
2902 315.0
2903 251.0
2904 180.0
2905 191.0
2906 191.0
2907 472.0
2908 315.0
2909 33.0
2910 252.0
2911 472.0
2912 203.0
2913 169.0
2914 33.0
2915 175.0
2916 203.0
2917 25.0
2918 331.0
2919 411.0
2920 472.0
2921 245.0
2922 251.0
2923 332.0
2924 251.0
2925 191.0
2926 411.0
2927 204.0
2928 203.0
2929 0.0
2930 203.0
2931 203.0
2932 315.0
2933 203.0
2934 180.0
2935 203.0
2936 472.0
2937 411.0
2938 203.0
2939 316.0
2940 180.0
2941 472.0
2942 169.0
2943 411.0
2944 0.0
2945 180.0
2946 315.0
2947 411.0
2948 180.0
2949 203.0
2950 185.0
2951 185.0
2952 0.0
2953 185.0
2954 251.0
2955 180.0
2956 203.0
2957 191.0
2958 472.0
2959 185.0
2960 33.0
2961 316.0
2962 411.0
2963 203.0
2964 169.0
2965 203.0
2966 411.0
2967 185.0
2968 180.0
2969 411.0
2970 191.0
2971 411.0
2972 180.0
2973 251.0
2974 204.0
2975 251.0
2976 315.0
2977 315.0
2978 180.0
2979 251.0
2980 0.0
2981 203.0
2982 203.0
2983 109.0
2984 185.0
2985 251.0
2986 191.0
2987 411.0
2988 331.0
2989 175.0
2990 169.0
2991 185.0
2992 185.0
2993 180.0
2994 315.0
2995 1.0
2996 180.0
2997 38.0
2998 332.0
2999 180.0
3000 203.0
3001 332.0
3002 203.0
3003 0.0
3004 315.0
3005 251.0
3006 191.0
3007 185.0
3008 185.0
3009 472.0
3010 315.0
3011 180.0
3012 204.0
3013 411.0
3014 203.0
3015 32.0
3016 203.0
3017 315.0
3018 185.0
3019 185.0
3020 185.0
3021 191.0
3022 411.0
3023 32.0
3024 203.0
3025 251.0
3026 251.0
3027 180.0
3028 185.0
3029 204.0
3030 332.0
3031 0.0
3032 203.0
3033 203.0
3034 109.0
3035 185.0
3036 185.0
3037 203.0
3038 472.0
3039 411.0
3040 175.0
3041 32.0
3042 185.0
3043 203.0
3044 38.0
3045 472.0
3046 252.0
3047 180.0
3048 38.0
3049 315.0
3050 33.0
3051 203.0
3052 411.0
3053 169.0
3054 0.0
3055 315.0
3056 203.0
3057 203.0
3058 315.0
3059 411.0
3060 472.0
3061 315.0
3062 180.0
3063 229.0
3064 332.0
3065 203.0
3066 19.0
3067 180.0
3068 315.0
3069 332.0
3070 203.0
3071 185.0
3072 472.0
3073 315.0
3074 245.0
3075 251.0
3076 251.0
3077 251.0
3078 459.0
3079 411.0
3080 252.0
3081 203.0
3082 0.0
3083 203.0
3084 203.0
3085 315.0
3086 191.0
3087 203.0
3088 203.0
3089 472.0
3090 411.0
3091 175.0
3092 169.0
3093 109.0
3094 203.0
3095 175.0
3096 411.0
3097 203.0
3098 6.0
3099 38.0
3100 332.0
3101 203.0
3102 203.0
3103 472.0
3104 175.0
3105 0.0
3106 411.0
3107 251.0
3108 315.0
3109 315.0
3110 203.0
3111 472.0
3112 32.0
3113 180.0
3114 229.0
3115 411.0
3116 180.0
3117 158.0
3118 203.0
3119 32.0
3120 315.0
3121 185.0
3122 411.0
3123 411.0
3124 315.0
3125 180.0
3126 203.0
3127 180.0
3128 251.0
3129 191.0
3130 316.0
3131 203.0
3132 332.0
3133 0.0
3134 203.0
3135 203.0
3136 315.0
3137 411.0
3138 411.0
3139 203.0
3140 411.0
3141 411.0
3142 203.0
3143 169.0
3144 185.0
3145 185.0
3146 180.0
3147 411.0
3148 114.0
3149 175.0
3150 38.0
3151 470.0
3152 180.0
3153 203.0
3154 472.0
3155 203.0
3156 0.0
3157 180.0
3158 251.0
3159 180.0
3160 185.0
3161 203.0
3162 472.0
3163 185.0
3164 33.0
3165 33.0
3166 411.0
3167 203.0
3168 0.0
3169 203.0
3170 315.0
3171 472.0
3172 315.0
3173 332.0
3174 332.0
3175 411.0
3176 32.0
3177 203.0
3178 411.0
3179 251.0
3180 185.0
3181 315.0
3182 252.0
3183 332.0
3184 0.0
3185 315.0
3186 203.0
3187 0.0
3188 185.0
3189 251.0
3190 109.0
3191 472.0
3192 472.0
3193 175.0
3194 0.0
3195 185.0
3196 472.0
3197 180.0
3198 315.0
3199 33.0
3200 38.0
3201 185.0
3202 411.0
3203 180.0
3204 203.0
3205 472.0
3206 204.0
3207 0.0
3208 191.0
3209 251.0
3210 180.0
3211 315.0
3212 472.0
3213 472.0
3214 180.0
3215 203.0
3216 33.0
3217 411.0
3218 191.0
3219 169.0
3220 203.0
3221 315.0
3222 185.0
3223 315.0
3224 411.0
3225 332.0
3226 411.0
3227 204.0
3228 251.0
3229 203.0
3230 251.0
3231 180.0
3232 185.0
3233 180.0
3234 203.0
3235 0.0
3236 203.0
3237 203.0
3238 0.0
3239 185.0
3240 411.0
3241 203.0
3242 472.0
3243 316.0
3244 203.0
3245 315.0
3246 185.0
3247 470.0
3248 175.0
3249 472.0
3250 203.0
3251 0.0
3252 251.0
3253 411.0
3254 203.0
3255 203.0
3256 411.0
3257 252.0
3258 0.0
3259 180.0
3260 251.0
3261 185.0
3262 315.0
3263 185.0
3264 472.0
3265 0.0
3266 180.0
3267 38.0
3268 332.0
3269 203.0
3270 203.0
3271 203.0
3272 169.0
3273 185.0
3274 32.0
3275 185.0
3276 472.0
3277 411.0
3278 245.0
3279 251.0
3280 180.0
3281 251.0
3282 185.0
3283 185.0
3284 114.0
3285 332.0
3286 0.0
3287 203.0
3288 203.0
3289 315.0
3290 315.0
3291 180.0
3292 38.0
3293 472.0
3294 472.0
3295 175.0
3296 169.0
3297 185.0
3298 185.0
3299 191.0
3300 411.0
3301 203.0
3302 180.0
3303 32.0
3304 315.0
3305 203.0
3306 203.0
3307 472.0
3308 175.0
3309 0.0
3310 180.0
3311 251.0
3312 315.0
3313 180.0
3314 185.0
3315 472.0
3316 169.0
3317 32.0
3318 38.0
3319 411.0
3320 203.0
3321 19.0
3322 203.0
3323 185.0
3324 470.0
3325 180.0
3326 185.0
3327 472.0
3328 411.0
3329 411.0
3330 203.0
3331 204.0
3332 251.0
3333 315.0
3334 316.0
3335 180.0
3336 315.0
3337 0.0
3338 180.0
3339 203.0
3340 315.0
3341 315.0
3342 251.0
3343 43.0
3344 411.0
3345 411.0
3346 180.0
3347 315.0
3348 185.0
3349 203.0
3350 191.0
3351 316.0
3352 33.0
3353 180.0
3354 185.0
3355 332.0
3356 175.0
3357 203.0
3358 472.0
3359 253.0
3360 0.0
3361 203.0
3362 251.0
3363 175.0
3364 203.0
3365 203.0
3366 472.0
3367 203.0
3368 33.0
3369 33.0
3370 411.0
3371 32.0
3372 19.0
3373 203.0
3374 315.0
3375 472.0
3376 315.0
3377 411.0
3378 472.0
3379 411.0
3380 175.0
3381 251.0
3382 203.0
3383 251.0
3384 315.0
3385 411.0
3386 252.0
3387 203.0
3388 0.0
3389 203.0
3390 203.0
3391 203.0
3392 185.0
3393 411.0
3394 203.0
3395 411.0
3396 411.0
3397 175.0
3398 185.0
3399 203.0
3400 203.0
3401 169.0
3402 315.0
3403 1.0
3404 191.0
3405 251.0
3406 185.0
3407 33.0
3408 203.0
3409 472.0
3410 251.0
3411 0.0
3412 411.0
3413 251.0
3414 180.0
3415 175.0
3416 185.0
3417 472.0
3418 180.0
3419 180.0
3420 251.0
3421 411.0
3422 203.0
3423 169.0
3424 203.0
3425 331.0
3426 472.0
3427 185.0
3428 411.0
3429 332.0
3430 332.0
3431 411.0
3432 251.0
3433 203.0
3434 251.0
3435 185.0
3436 185.0
3437 180.0
3438 180.0
3439 0.0
3440 203.0
3441 203.0
3442 32.0
3443 469.0
3444 180.0
3445 203.0
3446 315.0
3447 411.0
3448 175.0
3449 185.0
3450 203.0
3451 185.0
3452 411.0
3453 185.0
3454 12.0
3455 203.0
3456 204.0
3457 191.0
3458 114.0
3459 203.0
3460 411.0
3461 332.0
3462 0.0
3463 180.0
3464 251.0
3465 411.0
3466 331.0
3467 185.0
3468 472.0
3469 169.0
3470 38.0
3471 0.0
3472 472.0
3473 180.0
3474 203.0
3475 203.0
3476 203.0
3477 472.0
3478 315.0
3479 472.0
3480 472.0
3481 411.0
3482 240.0
3483 251.0
3484 204.0
3485 251.0
3486 315.0
3487 185.0
3488 252.0
3489 251.0
3490 0.0
3491 203.0
3492 203.0
3493 315.0
3494 472.0
3495 251.0
3496 191.0
3497 411.0
3498 315.0
3499 175.0
3500 315.0
3501 203.0
3502 185.0
3503 191.0
3504 185.0
3505 114.0
3506 185.0
3507 411.0
3508 191.0
3509 180.0
3510 203.0
3511 472.0
3512 203.0
3513 0.0
3514 203.0
3515 251.0
3516 191.0
3517 203.0
3518 191.0
3519 472.0
3520 180.0
3521 32.0
3522 0.0
3523 411.0
3524 32.0
3525 19.0
3526 203.0
3527 251.0
3528 472.0
3529 315.0
3530 411.0
3531 472.0
3532 411.0
3533 245.0
3534 251.0
3535 315.0
3536 203.0
3537 472.0
3538 411.0
3539 180.0
3540 203.0
3541 0.0
3542 203.0
3543 203.0
3544 185.0
3545 411.0
3546 411.0
3547 203.0
3548 411.0
3549 411.0
3550 175.0
3551 315.0
3552 185.0
3553 203.0
3554 169.0
3555 315.0
3556 203.0
3557 185.0
3558 251.0
3559 185.0
3560 180.0
3561 203.0
3562 472.0
3563 289.0
3564 0.0
3565 174.0
3566 251.0
3567 411.0
3568 191.0
3569 185.0
3570 472.0
3571 180.0
3572 180.0
3573 316.0
3574 472.0
3575 203.0
3576 0.0
3577 203.0
3578 315.0
3579 472.0
3580 185.0
3581 472.0
3582 472.0
3583 472.0
3584 98.0
3585 186.0
3586 251.0
3587 251.0
3588 472.0
3589 315.0
3590 203.0
3591 203.0
3592 0.0
3593 203.0
3594 203.0
3595 203.0
3596 472.0
3597 180.0
3598 204.0
3599 472.0
3600 411.0
3601 175.0
3602 180.0
3603 185.0
3604 411.0
3605 411.0
3606 411.0
3607 180.0
3608 191.0
3609 185.0
3610 191.0
3611 114.0
3612 203.0
3613 472.0
3614 191.0
3615 0.0
3616 203.0
3617 251.0
3618 411.0
3619 175.0
3620 472.0
3621 472.0
3622 169.0
3623 180.0
3624 251.0
3625 472.0
3626 191.0
3627 180.0
3628 203.0
3629 315.0
3630 472.0
3631 315.0
3632 411.0
3633 472.0
3634 411.0
3635 180.0
3636 251.0
3637 180.0
3638 203.0
3639 411.0
3640 185.0
3641 252.0
3642 203.0
3643 0.0
3644 203.0
3645 203.0
3646 185.0
3647 411.0
3648 331.0
3649 38.0
3650 472.0
3651 411.0
3652 175.0
3653 315.0
3654 180.0
3655 185.0
3656 315.0
3657 185.0
3658 185.0
3659 331.0
3660 203.0
3661 411.0
3662 185.0
3663 203.0
3664 472.0
3665 315.0
3666 0.0
3667 180.0
3668 251.0
3669 315.0
3670 203.0
3671 315.0
3672 472.0
3673 0.0
3674 180.0
3675 204.0
3676 472.0
3677 38.0
3678 180.0
3679 203.0
3680 169.0
3681 472.0
3682 315.0
3683 472.0
3684 472.0
3685 411.0
3686 245.0
3687 251.0
3688 411.0
3689 251.0
3690 411.0
3691 332.0
3692 252.0
3693 315.0
3694 0.0
3695 180.0
3696 203.0
3697 315.0
3698 411.0
3699 251.0
3700 203.0
3701 411.0
3702 315.0
3703 203.0
3704 169.0
3705 185.0
3706 203.0
3707 472.0
3708 315.0
3709 12.0
3710 185.0
3711 32.0
3712 185.0
3713 180.0
3714 203.0
3715 411.0
3716 331.0
3717 0.0
3718 180.0
3719 251.0
3720 332.0
3721 203.0
3722 332.0
3723 472.0
3724 180.0
3725 32.0
3726 316.0
3727 472.0
3728 180.0
3729 19.0
3730 203.0
3731 203.0
3732 472.0
3733 332.0
3734 411.0
3735 472.0
3736 411.0
3737 240.0
3738 203.0
3739 251.0
3740 185.0
3741 472.0
3742 315.0
3743 252.0
3744 411.0
3745 0.0
3746 203.0
3747 203.0
3748 315.0
3749 332.0
3750 203.0
3751 203.0
3752 411.0
3753 411.0
3754 175.0
3755 203.0
3756 185.0
3757 203.0
3758 203.0
3759 315.0
3760 109.0
3761 185.0
3762 175.0
3763 203.0
3764 33.0
3765 203.0
3766 472.0
3767 203.0
3768 0.0
3769 203.0
3770 251.0
3771 472.0
3772 180.0
3773 185.0
3774 472.0
3775 0.0
3776 32.0
3777 185.0
3778 472.0
3779 203.0
3780 0.0
3781 203.0
3782 315.0
3783 472.0
3784 185.0
3785 411.0
3786 472.0
3787 472.0
3788 203.0
3789 315.0
3790 315.0
3791 251.0
3792 472.0
3793 411.0
3794 252.0
3795 180.0
3796 0.0
3797 203.0
3798 203.0
3799 203.0
3800 472.0
3801 203.0
3802 38.0
3803 472.0
3804 411.0
3805 175.0
3806 169.0
3807 180.0
3808 185.0
3809 411.0
3810 185.0
3811 33.0
3812 191.0
3813 411.0
3814 411.0
3815 43.0
3816 203.0
3817 472.0
3818 191.0
3819 0.0
3820 180.0
3821 251.0
3822 470.0
3823 180.0
3824 315.0
3825 472.0
3826 204.0
3827 180.0
3828 180.0
3829 472.0
3830 203.0
3831 203.0
3832 203.0
3833 251.0
3834 472.0
3835 185.0
3836 185.0
3837 472.0
3838 472.0
3839 203.0
3840 185.0
3841 315.0
3842 251.0
3843 472.0
3844 411.0
3845 180.0
3846 472.0
3847 0.0
3848 203.0
3849 203.0
3850 315.0
3851 411.0
3852 411.0
3853 38.0
3854 411.0
3855 315.0
3856 175.0
3857 185.0
3858 185.0
3859 185.0
3860 332.0
3861 185.0
3862 0.0
3863 315.0
3864 185.0
3865 185.0
3866 43.0
3867 203.0
3868 472.0
3869 180.0
3870 0.0
3871 180.0
3872 185.0
3873 411.0
3874 30.0
3875 472.0
3876 472.0
3877 180.0
3878 203.0
3879 215.0
3880 472.0
3881 169.0
3882 0.0
3883 203.0
3884 203.0
3885 472.0
3886 411.0
3887 185.0
3888 411.0
3889 411.0
3890 245.0
3891 203.0
3892 315.0
3893 411.0
3894 411.0
3895 315.0
3896 180.0
3897 315.0
3898 0.0
3899 203.0
3900 203.0
3901 315.0
3902 472.0
3903 331.0
3904 43.0
3905 411.0
3906 332.0
3907 175.0
3908 411.0
3909 185.0
3910 203.0
3911 203.0
3912 315.0
3913 33.0
3914 185.0
3915 185.0
3916 185.0
3917 185.0
3918 203.0
3919 472.0
3920 175.0
3921 0.0
3922 203.0
3923 251.0
3924 472.0
3925 185.0
3926 411.0
3927 472.0
3928 180.0
3929 33.0
3930 180.0
3931 472.0
3932 185.0
3933 0.0
3934 203.0
3935 331.0
3936 472.0
3937 315.0
3938 332.0
3939 472.0
3940 411.0
3941 203.0
3942 203.0
3943 331.0
3944 251.0
3945 472.0
3946 472.0
3947 252.0
3948 411.0
3949 0.0
3950 203.0
3951 203.0
3952 315.0
3953 470.0
3954 331.0
3955 38.0
3956 411.0
3957 411.0
3958 175.0
3959 316.0
3960 332.0
3961 203.0
3962 169.0
3963 315.0
3964 109.0
3965 185.0
3966 32.0
3967 203.0
3968 180.0
3969 203.0
3970 472.0
3971 185.0
3972 0.0
3973 180.0
3974 251.0
3975 411.0
3976 175.0
3977 411.0
3978 472.0
3979 169.0
3980 33.0
3981 0.0
3982 472.0
3983 191.0
3984 169.0
3985 203.0
3986 315.0
3987 411.0
3988 411.0
3989 411.0
3990 472.0
3991 411.0
3992 203.0
3993 185.0
3994 331.0
3995 203.0
3996 411.0
3997 411.0
3998 185.0
3999 185.0
4000 0.0
4001 180.0
4002 203.0
4003 0.0
4004 472.0
4005 472.0
4006 114.0
4007 411.0
4008 411.0
4009 175.0
4010 411.0
4011 203.0
4012 472.0
4013 203.0
4014 185.0
4015 252.0
4016 203.0
4017 32.0
4018 203.0
4019 180.0
4020 203.0
4021 472.0
4022 169.0
4023 0.0
4024 180.0
4025 251.0
4026 411.0
4027 180.0
4028 315.0
4029 472.0
4030 185.0
4031 38.0
4032 169.0
4033 411.0
4034 38.0
4035 0.0
4036 203.0
4037 180.0
4038 411.0
4039 411.0
4040 185.0
4041 472.0
4042 472.0
4043 315.0
4044 315.0
4045 180.0
4046 251.0
4047 411.0
4048 411.0
4049 180.0
4050 332.0
4051 0.0
4052 251.0
4053 203.0
4054 185.0
4055 411.0
4056 203.0
4057 204.0
4058 411.0
4059 315.0
4060 175.0
4061 411.0
4062 185.0
4063 185.0
4064 203.0
4065 185.0
4066 12.0
4067 315.0
4068 411.0
4069 203.0
4070 33.0
4071 203.0
4072 411.0
4073 164.0
4074 0.0
4075 411.0
4076 251.0
4077 411.0
4078 191.0
4079 185.0
4080 472.0
4081 180.0
4082 38.0
4083 316.0
4084 472.0
4085 191.0
4086 0.0
4087 203.0
4088 175.0
4089 472.0
4090 411.0
4091 411.0
4092 472.0
4093 411.0
4094 251.0
4095 203.0
4096 315.0
4097 251.0
4098 411.0
4099 411.0
4100 252.0
4101 332.0
4102 0.0
4103 251.0
4104 203.0
4105 316.0
4106 472.0
4107 251.0
4108 180.0
4109 203.0
4110 472.0
4111 203.0
4112 411.0
4113 225.0
4114 185.0
4115 169.0
4116 315.0
4117 203.0
4118 185.0
4119 251.0
4120 185.0
4121 180.0
4122 203.0
4123 472.0
4124 169.0
4125 0.0
4126 191.0
4127 251.0
4128 472.0
4129 185.0
4130 185.0
4131 472.0
4132 315.0
4133 203.0
4134 180.0
4135 472.0
4136 203.0
4137 169.0
4138 203.0
4139 251.0
4140 472.0
4141 315.0
4142 411.0
4143 472.0
4144 411.0
4145 203.0
4146 185.0
4147 251.0
4148 251.0
4149 411.0
4150 411.0
4151 252.0
4152 411.0
4153 0.0
4154 203.0
4155 203.0
4156 315.0
4157 472.0
4158 315.0
4159 109.0
4160 472.0
4161 411.0
4162 180.0
4163 411.0
4164 203.0
4165 203.0
4166 175.0
4167 411.0
4168 33.0
4169 315.0
4170 204.0
4171 185.0
4172 180.0
4173 203.0
4174 472.0
4175 180.0
4176 0.0
4177 180.0
4178 251.0
4179 411.0
4180 331.0
4181 411.0
4182 472.0
4183 152.0
4184 33.0
4185 316.0
4186 472.0
4187 169.0
4188 25.0
4189 203.0
4190 203.0
4191 472.0
4192 411.0
4193 185.0
4194 472.0
4195 411.0
4196 411.0
4197 203.0
4198 315.0
4199 251.0
4200 411.0
4201 411.0
4202 252.0
4203 411.0
4204 0.0
4205 251.0
4206 203.0
4207 315.0
4208 472.0
4209 203.0
4210 180.0
4211 411.0
4212 316.0
4213 175.0
4214 411.0
4215 180.0
4216 203.0
4217 191.0
4218 185.0
4219 33.0
4220 191.0
4221 315.0
4222 180.0
4223 185.0
4224 203.0
4225 472.0
4226 0.0
4227 0.0
4228 180.0
4229 251.0
4230 472.0
4231 191.0
4232 332.0
4233 472.0
4234 203.0
4235 203.0
4236 0.0
4237 411.0
4238 180.0
4239 0.0
4240 203.0
4241 472.0
4242 332.0
4243 185.0
4244 411.0
4245 472.0
4246 411.0
4247 411.0
4248 203.0
4249 315.0
4250 251.0
4251 411.0
4252 411.0
4253 180.0
4254 332.0
4255 0.0
4256 203.0
4257 203.0
4258 472.0
4259 411.0
4260 411.0
4261 180.0
4262 472.0
4263 316.0
4264 175.0
4265 411.0
4266 225.0
4267 185.0
4268 332.0
4269 315.0
4270 0.0
4271 185.0
4272 185.0
4273 185.0
4274 203.0
4275 203.0
4276 411.0
4277 175.0
4278 0.0
4279 180.0
4280 251.0
4281 411.0
4282 185.0
4283 472.0
4284 472.0
4285 180.0
4286 6.0
4287 215.0
4288 472.0
4289 203.0
4290 203.0
4291 203.0
4292 251.0
4293 472.0
4294 411.0
4295 411.0
4296 411.0
4297 315.0
4298 411.0
4299 204.0
4300 315.0
4301 203.0
4302 472.0
4303 411.0
4304 180.0
4305 472.0
4306 0.0
4307 203.0
4308 203.0
4309 0.0
4310 472.0
4311 251.0
4312 315.0
4313 470.0
4314 203.0
4315 203.0
4316 315.0
4317 411.0
4318 203.0
4319 169.0
4320 185.0
4321 1.0
4322 411.0
4323 472.0
4324 185.0
4325 185.0
4326 203.0
4327 472.0
4328 203.0
4329 0.0
4330 203.0
4331 251.0
4332 411.0
4333 203.0
4334 411.0
4335 472.0
4336 203.0
4337 32.0
4338 316.0
4339 472.0
4340 315.0
4341 185.0
4342 203.0
4343 641.0
4344 469.0
4345 315.0
4346 472.0
4347 472.0
4348 315.0
4349 411.0
4350 203.0
4351 411.0
4352 469.0
4353 411.0
4354 411.0
4355 252.0
4356 411.0
4357 0.0
4358 203.0
4359 203.0
4360 315.0
4361 411.0
4362 472.0
4363 38.0
4364 472.0
4365 315.0
4366 175.0
4367 315.0
4368 38.0
4369 185.0
4370 191.0
4371 472.0
4372 109.0
4373 315.0
4374 191.0
4375 33.0
4376 203.0
4377 203.0
4378 472.0
4379 315.0
4380 0.0
4381 180.0
4382 203.0
4383 411.0
4384 332.0
4385 315.0
4386 641.0
4387 203.0
4388 180.0
4389 203.0
4390 331.0
4391 169.0
4392 0.0
4393 203.0
4394 411.0
4395 411.0
4396 315.0
4397 251.0
4398 332.0
4399 411.0
4400 472.0
4401 103.0
4402 315.0
4403 251.0
4404 251.0
4405 638.0
4406 252.0
4407 472.0
4408 0.0
4409 180.0
4410 203.0
4411 33.0
4412 472.0
4413 203.0
4414 185.0
4415 251.0
4416 316.0
4417 175.0
4418 411.0
4419 203.0
4420 253.0
4421 203.0
4422 315.0
4423 251.0
4424 315.0
4425 191.0
4426 411.0
4427 175.0
4428 203.0
4429 472.0
4430 164.0
4431 0.0
4432 203.0
4433 251.0
4434 641.0
4435 191.0
4436 411.0
4437 641.0
4438 251.0
4439 180.0
4440 203.0
4441 411.0
4442 203.0
4443 203.0
4444 203.0
4445 670.0
4446 315.0
4447 332.0
4448 332.0
4449 472.0
4450 332.0
4451 332.0
4452 33.0
4453 331.0
4454 203.0
4455 411.0
4456 315.0
4457 252.0
4458 315.0
4459 0.0
4460 203.0
4461 203.0
4462 0.0
4463 332.0
4464 251.0
4465 175.0
4466 641.0
4467 203.0
4468 175.0
4469 635.0
4470 253.0
4471 253.0
4472 180.0
4473 411.0
4474 251.0
4475 331.0
4476 251.0
4477 185.0
4478 203.0
4479 203.0
4480 411.0
4481 185.0
4482 180.0
4483 180.0
4484 251.0
4485 251.0
4486 251.0
4487 411.0
4488 670.0
4489 315.0
4490 180.0
4491 229.0
4492 641.0
4493 180.0
4494 180.0
4495 203.0
4496 251.0
4497 472.0
4498 620.0
4499 472.0
4500 251.0
4501 251.0
4502 332.0
4503 33.0
4504 315.0
4505 32.0
4506 315.0
4507 315.0
4508 252.0
4509 411.0
4510 251.0
4511 203.0
4512 203.0
4513 316.0
4514 641.0
4515 251.0
4516 203.0
4517 627.0
4518 332.0
4519 175.0
4520 315.0
4521 185.0
4522 315.0
4523 251.0
4524 331.0
4525 1.0
4526 191.0
4527 470.0
4528 204.0
4529 185.0
4530 203.0
4531 251.0
4532 38.0
4533 0.0
4534 175.0
4535 203.0
4536 641.0
4537 331.0
4538 315.0
4539 670.0
4540 315.0
4541 203.0
4542 251.0
4543 315.0
4544 169.0
4545 203.0
4546 180.0
4547 641.0
4548 411.0
4549 315.0
4550 251.0
4551 332.0
4552 670.0
4553 641.0
4554 175.0
4555 641.0
4556 251.0
4557 251.0
4558 620.0
4559 252.0
4560 185.0
4561 0.0
4562 315.0
4563 203.0
4564 411.0
4565 251.0
4566 641.0
4567 109.0
4568 251.0
4569 251.0
4570 175.0
4571 251.0
4572 203.0
4573 180.0
4574 191.0
4575 315.0
4576 109.0
4577 411.0
4578 315.0
4579 185.0
4580 411.0
4581 203.0
4582 251.0
4583 3.0
4584 0.0
4585 203.0
4586 251.0
4587 670.0
4588 315.0
4589 641.0
4590 670.0
4591 203.0
4592 32.0
4593 0.0
4594 628.0
4595 203.0
4596 331.0
4597 203.0
4598 620.0
4599 315.0
4600 315.0
4601 251.0
4602 472.0
4603 608.0
4604 251.0
4605 175.0
4606 251.0
4607 175.0
4608 411.0
4609 331.0
4610 252.0
4611 315.0
4612 252.0
4613 203.0
4614 203.0
4615 0.0
4616 251.0
4617 472.0
4618 185.0
4619 251.0
4620 332.0
4621 203.0
4622 251.0
4623 203.0
4624 411.0
4625 169.0
4626 315.0
4627 0.0
4628 315.0
4629 251.0
4630 315.0
4631 203.0
4632 203.0
4633 411.0
4634 203.0
4635 0.0
4636 180.0
4637 251.0
4638 315.0
4639 411.0
4640 315.0
4641 670.0
4642 315.0
4643 204.0
4644 215.0
4645 411.0
4646 315.0
4647 315.0
4648 203.0
4649 251.0
4650 332.0
4651 251.0
4652 315.0
4653 641.0
4654 670.0
4655 251.0
4656 203.0
4657 251.0
4658 203.0
4659 185.0
4660 638.0
4661 252.0
4662 315.0
4663 0.0
4664 180.0
4665 203.0
4666 185.0
4667 332.0
4668 332.0
4669 203.0
4670 332.0
4671 203.0
4672 175.0
4673 203.0
4674 251.0
4675 251.0
4676 472.0
4677 331.0
4678 180.0
4679 185.0
4680 251.0
4681 191.0
4682 473.0
4683 203.0
4684 641.0
4685 251.0
4686 0.0
4687 180.0
4688 251.0
4689 674.0
4690 332.0
4691 251.0
4692 674.0
4693 180.0
4694 203.0
4695 229.0
4696 641.0
4697 175.0
4698 0.0
4699 251.0
4700 674.0
4701 411.0
4702 620.0
4703 315.0
4704 251.0
4705 251.0
4706 332.0
4707 203.0
4708 251.0
4709 251.0
4710 251.0
4711 670.0
4712 252.0
4713 315.0
4714 0.0
4715 203.0
4716 203.0
4717 315.0
4718 411.0
4719 251.0
4720 180.0
4721 674.0
4722 251.0
4723 175.0
4724 315.0
4725 180.0
4726 203.0
4727 203.0
4728 472.0
4729 411.0
4730 185.0
4731 315.0
4732 185.0
4733 185.0
4734 203.0
4735 251.0
4736 472.0
4737 0.0
4738 175.0
4739 251.0
4740 331.0
4741 332.0
4742 674.0
4743 674.0
4744 180.0
4745 203.0
4746 251.0
4747 251.0
4748 180.0
4749 0.0
4750 203.0
4751 331.0
4752 315.0
4753 315.0
4754 180.0
4755 674.0
4756 674.0
4757 251.0
4758 103.0
4759 315.0
4760 185.0
4761 331.0
4762 251.0
4763 252.0
4764 411.0
4765 0.0
4766 251.0
4767 203.0
4768 185.0
4769 641.0
4770 472.0
4771 180.0
4772 251.0
4773 641.0
4774 175.0
4775 251.0
4776 315.0
4777 185.0
4778 191.0
4779 251.0
4780 203.0
4781 180.0
4782 411.0
4783 251.0
4784 203.0
4785 203.0
4786 670.0
4787 203.0
4788 0.0
4789 203.0
4790 251.0
4791 315.0
4792 315.0
4793 315.0
4794 674.0
4795 191.0
4796 169.0
4797 169.0
4798 641.0
4799 180.0
4800 315.0
4801 203.0
4802 315.0
4803 315.0
4804 315.0
4805 185.0
4806 331.0
4807 635.0
4808 251.0
4809 180.0
4810 251.0
4811 203.0
4812 185.0
4813 620.0
4814 180.0
4815 411.0
4816 0.0
4817 169.0
4818 251.0
4819 185.0
4820 251.0
4821 641.0
4822 203.0
4823 251.0
4824 332.0
4825 175.0
4826 670.0
4827 251.0
4828 251.0
4829 169.0
4830 315.0
4831 169.0
4832 185.0
4833 411.0
4834 315.0
4835 315.0
4836 203.0
4837 641.0
4838 252.0
4839 0.0
4840 175.0
4841 251.0
4842 315.0
4843 331.0
4844 251.0
4845 674.0
4846 315.0
4847 38.0
4848 229.0
4849 332.0
4850 164.0
4851 25.0
4852 203.0
4853 251.0
4854 411.0
4855 620.0
4856 191.0
4857 251.0
4858 674.0
4859 411.0
4860 315.0
4861 251.0
4862 185.0
4863 331.0
4864 638.0
4865 180.0
4866 251.0
4867 0.0
4868 251.0
4869 38.0
4870 315.0
4871 670.0
4872 251.0
4873 180.0
4874 472.0
4875 411.0
4876 175.0
4877 638.0
4878 411.0
4879 315.0
4880 315.0
4881 641.0
4882 203.0
4883 185.0
4884 411.0
4885 0.0
4886 315.0
4887 203.0
4888 674.0
4889 203.0
4890 0.0
4891 180.0
4892 251.0
4893 670.0
4894 331.0
4895 674.0
4896 674.0
4897 180.0
4898 204.0
4899 225.0
4900 674.0
4901 169.0
4902 204.0
4903 203.0
4904 411.0
4905 641.0
4906 620.0
4907 185.0
4908 641.0
4909 251.0
4910 251.0
4911 175.0
4912 674.0
4913 175.0
4914 315.0
4915 251.0
4916 252.0
4917 331.0
4918 0.0
4919 251.0
4920 38.0
4921 315.0
4922 331.0
4923 332.0
4924 251.0
4925 472.0
4926 251.0
4927 251.0
4928 627.0
4929 203.0
4930 411.0
4931 154.0
4932 251.0
4933 203.0
4934 32.0
4935 251.0
4936 411.0
4937 251.0
4938 203.0
4939 251.0
4940 203.0
4941 203.0
4942 203.0
4943 251.0
4944 331.0
4945 315.0
4946 331.0
4947 674.0
4948 191.0
4949 203.0
4950 185.0
4951 251.0
4952 213.0
4953 180.0
4954 203.0
4955 251.0
4956 315.0
4957 627.0
4958 185.0
4959 331.0
4960 251.0
4961 251.0
4962 180.0
4963 641.0
4964 609.0
4965 251.0
4966 251.0
4967 252.0
4968 185.0
4969 0.0
4970 169.0
4971 38.0
4972 315.0
4973 251.0
4974 472.0
4975 315.0
4976 628.0
4977 203.0
4978 175.0
4979 641.0
4980 642.0
4981 411.0
4982 411.0
4983 674.0
4984 180.0
4985 32.0
4986 315.0
4987 251.0
4988 315.0
4989 203.0
4990 628.0
4991 38.0
4992 203.0
4993 180.0
4994 251.0
4995 670.0
4996 411.0
4997 641.0
4998 674.0
4999 203.0
5000 251.0
5001 180.0
5002 331.0
5003 191.0
5004 203.0
5005 203.0
5006 251.0
5007 331.0
5008 641.0
5009 315.0
5010 251.0
5011 641.0
5012 251.0
5013 180.0
5014 670.0
5015 315.0
5016 641.0
5017 638.0
5018 180.0
5019 251.0
5020 0.0
5021 251.0
5022 38.0
5023 315.0
5024 251.0
5025 641.0
5026 203.0
5027 251.0
5028 203.0
5029 175.0
5030 620.0
5031 251.0
5032 203.0
5033 315.0
5034 331.0
5035 169.0
5036 185.0
5037 472.0
5038 203.0
5039 315.0
5040 203.0
5041 641.0
5042 203.0
5043 180.0
5044 180.0
5045 251.0
5046 315.0
5047 315.0
5048 251.0
5049 674.0
5050 315.0
5051 175.0
5052 180.0
5053 674.0
5054 169.0
5055 203.0
5056 203.0
5057 641.0
5058 331.0
5059 471.0
5060 185.0
5061 641.0
5062 674.0
5063 411.0
5064 175.0
5065 251.0
5066 185.0
5067 331.0
5068 251.0
5069 252.0
5070 472.0
5071 0.0
5072 315.0
5073 251.0
5074 185.0
5075 332.0
5076 251.0
5077 251.0
5078 332.0
5079 627.0
5080 175.0
5081 620.0
5082 472.0
5083 203.0
5084 203.0
5085 251.0
5086 203.0
5087 180.0
5088 251.0
5089 251.0
5090 251.0
5091 203.0
5092 641.0
5093 203.0
5094 180.0
5095 203.0
5096 251.0
5097 674.0
5098 315.0
5099 331.0
5100 674.0
