1 203.0
2 0.0
3 38.0
4 204.0
5 32.0
6 32.0
7 204.0
8 203.0
9 203.0
10 204.0
11 204.0
12 203.0
13 0.0
14 203.0
15 203.0
16 203.0
17 204.0
18 25.0
19 204.0
20 0.0
21 33.0
22 204.0
23 204.0
24 203.0
25 0.0
26 32.0
27 203.0
28 204.0
29 203.0
30 204.0
31 30.0
32 3.0
33 32.0
34 32.0
35 203.0
36 203.0
37 204.0
38 0.0
39 203.0
40 203.0
41 203.0
42 203.0
43 32.0
44 33.0
45 0.0
46 6.0
47 204.0
48 30.0
49 204.0
50 25.0
51 204.0
52 204.0
53 25.0
54 203.0
55 204.0
56 204.0
57 203.0
58 30.0
59 203.0
60 204.0
61 203.0
62 203.0
63 204.0
64 203.0
65 1.0
66 203.0
67 203.0
68 203.0
69 204.0
70 203.0
71 0.0
72 204.0
73 203.0
74 1.0
75 203.0
76 204.0
77 32.0
78 203.0
79 203.0
80 204.0
81 203.0
82 203.0
83 203.0
84 0.0
85 204.0
86 203.0
87 32.0
88 203.0
89 204.0
90 204.0
91 203.0
92 203.0
93 203.0
94 203.0
95 203.0
96 204.0
97 30.0
98 203.0
99 204.0
100 1.0
101 203.0
102 204.0
103 204.0
104 25.0
105 203.0
106 203.0
107 203.0
108 204.0
109 204.0
110 204.0
111 203.0
112 0.0
113 203.0
114 204.0
115 203.0
116 0.0
117 1.0
118 204.0
119 203.0
120 25.0
121 204.0
122 204.0
123 203.0
124 203.0
125 204.0
126 204.0
127 0.0
128 1.0
129 204.0
130 148.0
131 203.0
132 109.0
133 203.0
134 3.0
135 0.0
136 204.0
137 0.0
138 25.0
139 203.0
140 204.0
141 203.0
142 43.0
143 204.0
144 203.0
145 203.0
146 203.0
147 203.0
148 30.0
149 203.0
150 204.0
151 203.0
152 203.0
153 204.0
154 204.0
155 203.0
156 204.0
157 25.0
158 203.0
159 6.0
160 32.0
161 204.0
162 204.0
163 0.0
164 43.0
165 204.0
166 1.0
167 0.0
168 104.0
169 203.0
170 0.0
171 0.0
172 203.0
173 203.0
174 1.0
175 203.0
176 25.0
177 203.0
178 204.0
179 0.0
180 0.0
181 25.0
182 204.0
183 203.0
184 204.0
185 203.0
186 204.0
187 203.0
188 203.0
189 203.0
190 32.0
191 204.0
192 203.0
193 25.0
194 0.0
195 204.0
196 6.0
197 203.0
198 0.0
199 6.0
200 0.0
201 0.0
202 38.0
203 204.0
204 204.0
205 204.0
206 0.0
207 104.0
208 204.0
209 0.0
210 98.0
211 204.0
212 204.0
213 203.0
214 203.0
215 203.0
216 204.0
217 0.0
218 203.0
219 203.0
220 203.0
221 1.0
222 33.0
223 204.0
224 203.0
225 0.0
226 203.0
227 1.0
228 204.0
229 25.0
230 159.0
231 0.0
232 204.0
233 203.0
234 203.0
235 0.0
236 30.0
237 0.0
238 30.0
239 204.0
240 203.0
241 203.0
242 203.0
243 203.0
244 203.0
245 204.0
246 203.0
247 203.0
248 0.0
249 204.0
250 203.0
251 204.0
252 25.0
253 0.0
254 203.0
255 204.0
256 204.0
257 0.0
258 203.0
259 203.0
260 203.0
261 203.0
262 204.0
263 204.0
264 203.0
265 203.0
266 203.0
267 204.0
268 203.0
269 203.0
270 204.0
271 204.0
272 203.0
273 30.0
274 203.0
275 0.0
276 204.0
277 203.0
278 203.0
279 203.0
280 0.0
281 0.0
282 203.0
283 203.0
284 204.0
285 204.0
286 204.0
287 0.0
288 0.0
289 204.0
290 204.0
291 203.0
292 203.0
293 204.0
294 203.0
295 203.0
296 203.0
297 25.0
298 203.0
299 1.0
300 203.0
301 1.0
302 203.0
303 204.0
304 203.0
305 204.0
306 204.0
307 204.0
308 25.0
309 203.0
310 204.0
311 203.0
312 203.0
313 0.0
314 203.0
315 203.0
316 0.0
317 203.0
318 204.0
319 203.0
320 204.0
321 33.0
322 204.0
323 28.0
324 203.0
325 204.0
326 0.0
327 203.0
328 203.0
329 204.0
330 204.0
331 0.0
332 0.0
333 203.0
334 25.0
335 203.0
336 0.0
337 203.0
338 203.0
339 204.0
340 204.0
341 204.0
342 32.0
343 32.0
344 203.0
345 203.0
346 203.0
347 204.0
348 203.0
349 203.0
350 25.0
351 0.0
352 204.0
353 203.0
354 204.0
355 203.0
356 33.0
357 204.0
358 204.0
359 0.0
360 204.0
361 204.0
362 204.0
363 204.0
364 0.0
365 204.0
366 203.0
367 203.0
368 203.0
369 203.0
370 204.0
371 204.0
372 204.0
373 204.0
374 204.0
375 33.0
376 203.0
377 0.0
378 203.0
379 203.0
380 204.0
381 204.0
382 204.0
383 0.0
384 0.0
385 203.0
386 203.0
387 203.0
388 203.0
389 30.0
390 0.0
391 38.0
392 203.0
393 203.0
394 204.0
395 204.0
396 203.0
397 203.0
398 204.0
399 204.0
400 203.0
401 203.0
402 203.0
403 204.0
404 204.0
405 0.0
406 30.0
407 33.0
408 204.0
409 204.0
410 25.0
411 104.0
412 204.0
413 204.0
414 204.0
415 204.0
416 204.0
417 204.0
418 204.0
419 203.0
420 0.0
421 204.0
422 38.0
423 204.0
424 204.0
425 204.0
426 30.0
427 203.0
428 203.0
429 0.0
430 204.0
431 204.0
432 203.0
433 0.0
434 35.0
435 0.0
436 204.0
437 203.0
438 203.0
439 0.0
440 32.0
441 204.0
442 204.0
443 0.0
444 32.0
445 204.0
446 204.0
447 204.0
448 203.0
449 204.0
450 203.0
451 203.0
452 0.0
453 203.0
454 203.0
455 203.0
456 25.0
457 204.0
458 203.0
459 204.0
460 203.0
461 25.0
462 203.0
463 203.0
464 203.0
465 203.0
466 204.0
467 203.0
468 204.0
469 204.0
470 204.0
471 203.0
472 204.0
473 29.0
474 11.0
475 204.0
476 203.0
477 30.0
478 204.0
479 203.0
480 203.0
481 203.0
482 204.0
483 204.0
484 204.0
485 0.0
486 203.0
487 0.0
488 203.0
489 204.0
490 204.0
491 30.0
492 204.0
493 204.0
494 204.0
495 203.0
496 0.0
497 204.0
498 203.0
499 33.0
500 203.0
501 30.0
502 203.0
503 25.0
504 204.0
505 203.0
506 204.0
507 204.0
508 203.0
509 204.0
510 204.0
511 204.0
512 0.0
513 203.0
514 203.0
515 203.0
516 204.0
517 203.0
518 204.0
519 203.0
520 158.0
521 204.0
522 203.0
523 203.0
524 29.0
525 38.0
526 203.0
527 203.0
528 38.0
529 203.0
530 0.0
531 204.0
532 203.0
533 204.0
534 204.0
535 0.0
536 0.0
537 25.0
538 203.0
539 204.0
540 109.0
541 203.0
542 205.0
543 204.0
544 32.0
545 204.0
546 203.0
547 32.0
548 204.0
549 203.0
550 25.0
551 204.0
552 204.0
553 203.0
554 25.0
555 204.0
556 203.0
557 203.0
558 204.0
559 30.0
560 204.0
561 205.0
562 204.0
563 0.0
564 32.0
565 204.0
566 203.0
567 203.0
568 0.0
569 204.0
570 203.0
571 204.0
572 18.0
573 32.0
574 204.0
575 203.0
576 204.0
577 203.0
578 31.0
579 0.0
580 203.0
581 204.0
582 204.0
583 204.0
584 31.0
585 204.0
586 160.0
587 149.0
588 204.0
589 204.0
590 203.0
591 204.0
592 203.0
593 204.0
594 203.0
595 38.0
596 25.0
597 204.0
598 6.0
599 203.0
600 203.0
601 203.0
602 203.0
603 204.0
604 204.0
605 0.0
606 204.0
607 204.0
608 204.0
609 195.0
610 203.0
611 25.0
612 205.0
613 203.0
614 30.0
615 390.0
616 203.0
617 0.0
618 204.0
619 0.0
620 203.0
621 203.0
622 204.0
623 388.0
624 203.0
625 203.0
626 204.0
627 32.0
628 204.0
629 392.0
630 203.0
631 32.0
632 0.0
633 204.0
634 204.0
635 204.0
636 204.0
637 204.0
638 25.0
639 203.0
640 204.0
641 203.0
642 204.0
643 204.0
644 203.0
645 203.0
646 204.0
647 204.0
648 5.0
649 203.0
650 204.0
651 204.0
652 203.0
653 205.0
654 204.0
655 204.0
656 32.0
657 204.0
658 203.0
659 204.0
660 204.0
661 204.0
662 382.0
663 392.0
664 203.0
665 204.0
666 203.0
667 203.0
668 0.0
669 204.0
670 32.0
671 203.0
672 204.0
673 180.0
674 203.0
675 203.0
676 203.0
677 204.0
678 203.0
679 203.0
680 203.0
681 25.0
682 32.0
683 204.0
684 203.0
685 203.0
686 204.0
687 191.0
688 0.0
689 160.0
690 203.0
691 203.0
692 204.0
693 1.0
694 203.0
695 203.0
696 0.0
697 38.0
698 0.0
699 203.0
700 0.0
701 204.0
702 203.0
703 203.0
704 203.0
705 203.0
706 182.0
707 25.0
708 204.0
709 203.0
710 204.0
711 204.0
712 204.0
713 277.0
714 392.0
715 204.0
716 0.0
717 0.0
718 18.0
719 0.0
720 199.0
721 0.0
722 6.0
723 203.0
724 201.0
725 203.0
726 0.0
727 204.0
728 29.0
729 92.0
730 203.0
731 204.0
732 204.0
733 203.0
734 25.0
735 0.0
736 203.0
737 392.0
738 204.0
739 0.0
740 0.0
741 389.0
742 203.0
743 492.0
744 203.0
745 204.0
746 15.0
747 0.0
748 38.0
749 0.0
750 203.0
751 204.0
752 0.0
753 152.0
754 25.0
755 315.0
756 203.0
757 203.0
758 25.0
759 204.0
760 0.0
761 203.0
762 204.0
763 44.0
764 188.0
765 492.0
766 4.0
767 0.0
768 203.0
769 204.0
770 0.0
771 204.0
772 204.0
773 203.0
774 203.0
775 180.0
776 204.0
777 0.0
778 203.0
779 160.0
780 204.0
781 203.0
782 204.0
783 204.0
784 203.0
785 32.0
786 204.0
787 203.0
788 203.0
789 204.0
790 203.0
791 486.0
792 203.0
793 203.0
794 25.0
795 204.0
796 498.0
797 204.0
798 203.0
799 0.0
800 203.0
801 0.0
802 204.0
803 203.0
804 203.0
805 43.0
806 204.0
807 30.0
808 204.0
809 25.0
810 204.0
811 32.0
812 49.0
813 255.0
814 29.0
815 203.0
816 498.0
817 203.0
818 0.0
819 482.0
820 203.0
821 0.0
822 0.0
823 25.0
824 203.0
825 468.0
826 180.0
827 262.0
828 0.0
829 1.0
830 204.0
831 204.0
832 185.0
833 204.0
834 32.0
835 204.0
836 204.0
837 204.0
838 204.0
839 204.0
840 204.0
841 204.0
842 203.0
843 0.0
844 0.0
845 203.0
846 204.0
847 204.0
848 406.0
849 203.0
850 0.0
851 204.0
852 203.0
853 0.0
854 1.0
855 202.0
856 6.0
857 203.0
858 203.0
859 203.0
860 25.0
861 204.0
862 0.0
863 0.0
864 507.0
865 38.0
866 203.0
867 507.0
868 157.0
869 0.0
870 203.0
871 0.0
872 204.0
873 204.0
874 204.0
875 408.0
876 204.0
877 32.0
878 30.0
879 203.0
880 203.0
881 0.0
882 0.0
883 507.0
884 253.0
885 32.0
886 203.0
887 203.0
888 203.0
889 203.0
890 203.0
891 203.0
892 203.0
893 403.0
894 191.0
895 204.0
896 203.0
897 203.0
898 411.0
899 398.0
900 20.0
901 203.0
902 203.0
903 478.0
904 31.0
905 20.0
906 203.0
907 38.0
908 386.0
909 0.0
910 204.0
911 25.0
912 204.0
913 203.0
914 398.0
915 203.0
916 204.0
917 203.0
918 507.0
919 204.0
920 216.0
921 204.0
922 391.0
923 400.0
924 491.0
925 204.0
926 384.0
927 392.0
928 486.0
929 204.0
930 25.0
931 203.0
932 199.0
933 203.0
934 411.0
935 398.0
936 204.0
937 269.0
938 498.0
939 30.0
940 203.0
941 204.0
942 203.0
943 203.0
944 396.0
945 204.0
946 204.0
947 203.0
948 203.0
949 507.0
950 409.0
951 204.0
952 0.0
953 203.0
954 399.0
955 204.0
956 0.0
957 202.0
958 404.0
959 267.0
960 204.0
961 0.0
962 32.0
963 24.0
964 0.0
965 204.0
966 409.0
967 93.0
968 471.0
969 507.0
970 204.0
971 203.0
972 507.0
973 397.0
974 203.0
975 245.0
976 203.0
977 411.0
978 470.0
979 468.0
980 203.0
981 203.0
982 203.0
983 159.0
984 0.0
985 389.0
986 204.0
987 204.0
988 392.0
989 0.0
990 25.0
991 203.0
992 204.0
993 203.0
994 203.0
995 49.0
996 33.0
997 698.0
998 393.0
999 185.0
1000 402.0
1001 380.0
1002 203.0
1003 0.0
1004 204.0
1005 474.0
1006 204.0
1007 203.0
1008 204.0
1009 203.0
1010 203.0
1011 0.0
1012 204.0
1013 32.0
1014 393.0
1015 32.0
1016 204.0
1017 391.0
1018 98.0
1019 204.0
1020 698.0
1021 1.0
1022 204.0
1023 277.0
1024 491.0
1025 203.0
1026 33.0
1027 203.0
1028 203.0
1029 203.0
1030 267.0
1031 262.0
1032 395.0
1033 204.0
1034 155.0
1035 203.0
1036 204.0
1037 203.0
1038 204.0
1039 411.0
1040 0.0
1041 191.0
1042 203.0
1043 251.0
1044 204.0
1045 203.0
1046 0.0
1047 204.0
1048 203.0
1049 30.0
1050 204.0
1051 204.0
1052 273.0
1053 204.0
1054 11.0
1055 203.0
1056 203.0
1057 204.0
1058 0.0
1059 203.0
1060 203.0
1061 225.0
1062 0.0
1063 377.0
1064 0.0
1065 203.0
1066 478.0
1067 0.0
1068 203.0
1069 38.0
1070 204.0
1071 698.0
1072 0.0
1073 203.0
1074 204.0
1075 253.0
1076 203.0
1077 39.0
1078 203.0
1079 382.0
1080 408.0
1081 400.0
1082 203.0
1083 203.0
1084 159.0
1085 0.0
1086 203.0
1087 0.0
1088 267.0
1089 204.0
1090 508.0
1091 32.0
1092 204.0
1093 204.0
1094 267.0
1095 203.0
1096 183.0
1097 400.0
1098 203.0
1099 204.0
1100 475.0
1101 203.0
1102 263.0
1103 387.0
1104 203.0
1105 203.0
1106 0.0
1107 507.0
1108 204.0
1109 0.0
1110 203.0
1111 208.0
1112 253.0
1113 0.0
1114 204.0
1115 32.0
1116 507.0
1117 187.0
1118 203.0
1119 411.0
1120 1.0
1121 204.0
1122 698.0
1123 204.0
1124 411.0
1125 204.0
1126 507.0
1127 672.0
1128 256.0
1129 203.0
1130 665.0
1131 411.0
1132 253.0
1133 203.0
1134 0.0
1135 203.0
1136 201.0
1137 204.0
1138 210.0
1139 399.0
1140 203.0
1141 508.0
1142 0.0
1143 191.0
1144 203.0
1145 258.0
1146 204.0
1147 395.0
1148 204.0
1149 203.0
1150 204.0
1151 204.0
1152 403.0
1153 395.0
1154 507.0
1155 203.0
1156 203.0
1157 6.0
1158 411.0
1159 204.0
1160 0.0
1161 204.0
1162 493.0
1163 256.0
1164 203.0
1165 158.0
1166 32.0
1167 0.0
1168 203.0
1169 203.0
1170 391.0
1171 204.0
1172 44.0
1173 698.0
1174 0.0
1175 383.0
1176 160.0
1177 392.0
1178 204.0
1179 256.0
1180 203.0
1181 395.0
1182 203.0
1183 411.0
1184 30.0
1185 193.0
1186 203.0
1187 159.0
1188 204.0
1189 409.0
1190 204.0
1191 158.0
1192 274.0
1193 0.0
1194 256.0
1195 203.0
1196 258.0
1197 203.0
1198 494.0
1199 0.0
1200 203.0
1201 203.0
1202 203.0
1203 203.0
1204 275.0
1205 271.0
1206 204.0
1207 186.0
1208 204.0
1209 651.0
1210 204.0
1211 0.0
1212 204.0
1213 204.0
1214 383.0
1215 0.0
1216 152.0
1217 32.0
1218 204.0
1219 41.0
1220 203.0
1221 393.0
1222 203.0
1223 241.0
1224 698.0
1225 1.0
1226 0.0
1227 185.0
1228 507.0
1229 203.0
1230 201.0
1231 98.0
1232 204.0
1233 0.0
1234 204.0
1235 203.0
1236 257.0
1237 400.0
1238 202.0
1239 203.0
1240 507.0
1241 393.0
1242 203.0
1243 402.0
1244 32.0
1245 203.0
1246 242.0
1247 273.0
1248 203.0
1249 204.0
1250 0.0
1251 203.0
1252 204.0
1253 203.0
1254 203.0
1255 385.0
1256 247.0
1257 33.0
1258 32.0
1259 203.0
1260 203.0
1261 204.0
1262 0.0
1263 203.0
1264 411.0
1265 204.0
1266 0.0
1267 204.0
1268 32.0
1269 203.0
1270 32.0
1271 6.0
1272 204.0
1273 204.0
1274 203.0
1275 698.0
1276 0.0
1277 0.0
1278 390.0
1279 203.0
1280 203.0
1281 203.0
1282 203.0
1283 204.0
1284 406.0
1285 0.0
1286 203.0
1287 384.0
1288 203.0
1289 199.0
1290 203.0
1291 32.0
1292 203.0
1293 204.0
1294 402.0
1295 0.0
1296 6.0
1297 203.0
1298 273.0
1299 203.0
1300 400.0
1301 386.0
1302 203.0
1303 203.0
1304 204.0
1305 203.0
1306 393.0
1307 380.0
1308 204.0
1309 182.0
1310 204.0
1311 203.0
1312 204.0
1313 0.0
1314 402.0
1315 411.0
1316 0.0
1317 203.0
1318 377.0
1319 25.0
1320 203.0
1321 38.0
1322 203.0
1323 411.0
1324 1.0
1325 388.0
1326 698.0
1327 204.0
1328 383.0
1329 204.0
1330 466.0
1331 480.0
1332 245.0
1333 204.0
1334 203.0
1335 406.0
1336 204.0
1337 0.0
1338 203.0
1339 203.0
1340 159.0
1341 204.0
1342 631.0
1343 203.0
1344 203.0
1345 392.0
1346 0.0
1347 378.0
1348 203.0
1349 203.0
1350 203.0
1351 403.0
1352 204.0
1353 0.0
1354 203.0
1355 203.0
1356 203.0
1357 203.0
1358 204.0
1359 43.0
1360 203.0
1361 203.0
1362 639.0
1363 204.0
1364 203.0
1365 204.0
1366 204.0
1367 203.0
1368 203.0
1369 399.0
1370 32.0
1371 203.0
1372 32.0
1373 203.0
1374 224.0
1375 204.0
1376 32.0
1377 698.0
1378 0.0
1379 203.0
1380 204.0
1381 497.0
1382 204.0
1383 210.0
1384 204.0
1385 387.0
1386 203.0
1387 32.0
1388 204.0
1389 0.0
1390 203.0
1391 159.0
1392 160.0
1393 203.0
1394 396.0
1395 204.0
1396 402.0
1397 0.0
1398 203.0
1399 203.0
1400 204.0
1401 203.0
1402 204.0
1403 203.0
1404 203.0
1405 203.0
1406 0.0
1407 203.0
1408 388.0
1409 203.0
1410 30.0
1411 186.0
1412 203.0
1413 203.0
1414 204.0
1415 0.0
1416 203.0
1417 203.0
1418 203.0
1419 0.0
1420 253.0
1421 32.0
1422 216.0
1423 32.0
1424 6.0
1425 670.0
1426 203.0
1427 203.0
1428 698.0
1429 0.0
1430 204.0
1431 204.0
1432 0.0
1433 203.0
1434 200.0
1435 204.0
1436 387.0
1437 204.0
1438 169.0
1439 203.0
1440 203.0
1441 203.0
1442 199.0
1443 159.0
1444 654.0
1445 403.0
1446 204.0
1447 402.0
1448 32.0
1449 204.0
1450 403.0
1451 204.0
1452 204.0
1453 493.0
1454 0.0
1455 398.0
1456 204.0
1457 204.0
1458 203.0
1459 395.0
1460 377.0
1461 43.0
1462 0.0
1463 204.0
1464 402.0
1465 204.0
1466 0.0
1467 396.0
1468 411.0
1469 204.0
1470 204.0
1471 407.0
1472 25.0
1473 203.0
1474 683.0
1475 203.0
1476 203.0
1477 187.0
1478 204.0
1479 698.0
1480 204.0
1481 3.0
1482 204.0
1483 203.0
1484 203.0
1485 204.0
1486 203.0
1487 392.0
1488 203.0
1489 32.0
1490 203.0
1491 203.0
1492 203.0
1493 203.0
1494 159.0
1495 203.0
1496 467.0
1497 469.0
1498 392.0
1499 32.0
1500 203.0
1501 203.0
1502 204.0
1503 203.0
1504 507.0
1505 204.0
1506 203.0
1507 204.0
1508 204.0
1509 203.0
1510 203.0
1511 507.0
1512 32.0
1513 399.0
1514 204.0
1515 204.0
1516 204.0
1517 0.0
1518 204.0
1519 411.0
1520 203.0
1521 203.0
1522 203.0
1523 25.0
1524 203.0
1525 33.0
1526 203.0
1527 386.0
1528 203.0
1529 409.0
1530 698.0
1531 204.0
1532 203.0
1533 203.0
1534 405.0
1535 204.0
1536 377.0
1537 204.0
1538 203.0
1539 388.0
1540 32.0
1541 204.0
1542 203.0
1543 203.0
1544 159.0
1545 160.0
1546 661.0
1547 507.0
1548 192.0
1549 392.0
1550 0.0
1551 203.0
1552 203.0
1553 203.0
1554 203.0
1555 406.0
1556 203.0
1557 204.0
1558 203.0
1559 30.0
1560 203.0
1561 242.0
1562 247.0
1563 203.0
1564 203.0
1565 203.0
1566 203.0
1567 204.0
1568 0.0
1569 203.0
1570 203.0
1571 253.0
1572 204.0
1573 477.0
1574 32.0
1575 0.0
1576 204.0
1577 203.0
1578 391.0
1579 204.0
1580 203.0
1581 698.0
1582 0.0
1583 204.0
1584 203.0
1585 411.0
1586 204.0
1587 203.0
1588 203.0
1589 392.0
1590 204.0
1591 169.0
1592 204.0
1593 0.0
1594 203.0
1595 393.0
1596 160.0
1597 203.0
1598 203.0
1599 204.0
1600 402.0
1601 0.0
1602 204.0
1603 507.0
1604 203.0
1605 203.0
1606 203.0
1607 204.0
1608 204.0
1609 203.0
1610 0.0
1611 203.0
1612 395.0
1613 265.0
1614 169.0
1615 204.0
1616 203.0
1617 187.0
1618 204.0
1619 0.0
1620 203.0
1621 665.0
1622 203.0
1623 0.0
1624 402.0
1625 32.0
1626 203.0
1627 411.0
1628 17.0
1629 204.0
1630 0.0
1631 204.0
1632 698.0
1633 204.0
1634 204.0
1635 203.0
1636 411.0
1637 203.0
1638 200.0
1639 25.0
1640 387.0
1641 203.0
1642 203.0
1643 203.0
1644 203.0
1645 203.0
1646 159.0
1647 159.0
1648 507.0
1649 409.0
1650 671.0
1651 402.0
1652 32.0
1653 204.0
1654 38.0
1655 204.0
1656 203.0
1657 203.0
1658 204.0
1659 204.0
1660 204.0
1661 475.0
1662 203.0
1663 385.0
1664 257.0
1665 43.0
1666 204.0
1667 204.0
1668 187.0
1669 204.0
1670 0.0
1671 204.0
1672 256.0
1673 203.0
1674 204.0
1675 507.0
1676 25.0
1677 216.0
1678 185.0
1679 38.0
1680 694.0
1681 187.0
1682 204.0
1683 698.0
1684 204.0
1685 204.0
1686 204.0
1687 411.0
1688 203.0
1689 389.0
1690 204.0
1691 203.0
1692 406.0
1693 204.0
1694 203.0
1695 203.0
1696 203.0
1697 159.0
1698 160.0
1699 491.0
1700 507.0
1701 203.0
1702 390.0
1703 683.0
1704 203.0
1705 507.0
1706 203.0
1707 203.0
1708 637.0
1709 203.0
1710 500.0
1711 203.0
1712 204.0
1713 203.0
1714 273.0
1715 253.0
1716 203.0
1717 187.0
1718 0.0
1719 651.0
1720 204.0
1721 0.0
1722 204.0
1723 6.0
1724 203.0
1725 203.0
1726 776.0
1727 203.0
1728 203.0
1729 203.0
1730 203.0
1731 409.0
1732 0.0
1733 254.0
1734 776.0
1735 0.0
1736 204.0
1737 203.0
1738 411.0
1739 203.0
1740 389.0
1741 25.0
1742 203.0
1743 397.0
1744 375.0
1745 204.0
1746 203.0
1747 203.0
1748 159.0
1749 158.0
1750 507.0
1751 204.0
1752 203.0
1753 402.0
1754 0.0
1755 203.0
1756 204.0
1757 204.0
1758 204.0
1759 399.0
1760 204.0
1761 203.0
1762 203.0
1763 0.0
1764 203.0
1765 275.0
1766 411.0
1767 203.0
1768 203.0
1769 203.0
1770 0.0
1771 204.0
1772 0.0
1773 204.0
1774 203.0
1775 378.0
1776 0.0
1777 0.0
1778 163.0
1779 390.0
1780 467.0
1781 203.0
1782 6.0
1783 0.0
1784 203.0
1785 776.0
1786 204.0
1787 0.0
1788 204.0
1789 489.0
1790 203.0
1791 203.0
1792 203.0
1793 203.0
1794 204.0
1795 203.0
1796 203.0
1797 262.0
1798 203.0
1799 159.0
1800 159.0
1801 5.0
1802 204.0
1803 231.0
1804 402.0
1805 38.0
1806 204.0
1807 203.0
1808 204.0
1809 203.0
1810 203.0
1811 0.0
1812 203.0
1813 203.0
1814 0.0
1815 383.0
1816 392.0
1817 256.0
1818 0.0
1819 0.0
1820 204.0
1821 6.0
1822 204.0
1823 203.0
1824 203.0
1825 30.0
1826 38.0
1827 204.0
1828 404.0
1829 0.0
1830 204.0
1831 203.0
1832 38.0
1833 204.0
1834 507.0
1835 507.0
1836 776.0
1837 204.0
1838 13.0
1839 203.0
1840 507.0
1841 203.0
1842 203.0
1843 203.0
1844 376.0
1845 6.0
1846 392.0
1847 203.0
1848 203.0
1849 203.0
1850 157.0
1851 160.0
1852 639.0
1853 410.0
1854 203.0
1855 411.0
1856 32.0
1857 203.0
1858 204.0
1859 487.0
1860 6.0
1861 388.0
1862 6.0
1863 0.0
1864 204.0
1865 38.0
1866 203.0
1867 273.0
1868 247.0
1869 203.0
1870 203.0
1871 204.0
1872 507.0
1873 204.0
1874 0.0
1875 203.0
1876 204.0
1877 204.0
1878 203.0
1879 204.0
1880 203.0
1881 494.0
1882 305.0
1883 203.0
1884 690.0
1885 411.0
1886 204.0
1887 776.0
1888 204.0
1889 203.0
1890 203.0
1891 187.0
1892 482.0
1893 242.0
1894 32.0
1895 387.0
1896 6.0
1897 204.0
1898 204.0
1899 204.0
1900 203.0
1901 203.0
1902 159.0
1903 507.0
1904 411.0
1905 187.0
1906 386.0
1907 187.0
1908 203.0
1909 388.0
1910 507.0
1911 402.0
1912 411.0
1913 204.0
1914 0.0
1915 203.0
1916 38.0
1917 203.0
1918 273.0
1919 273.0
1920 33.0
1921 0.0
1922 203.0
1923 187.0
1924 204.0
1925 0.0
1926 204.0
1927 411.0
1928 25.0
1929 0.0
1930 204.0
1931 0.0
1932 187.0
1933 204.0
1934 203.0
1935 402.0
1936 0.0
1937 203.0
1938 776.0
1939 0.0
1940 204.0
1941 158.0
1942 507.0
1943 203.0
1944 389.0
1945 204.0
1946 203.0
1947 393.0
1948 204.0
1949 203.0
1950 391.0
1951 203.0
1952 159.0
1953 159.0
1954 203.0
1955 203.0
1956 406.0
1957 385.0
1958 0.0
1959 280.0
1960 406.0
1961 397.0
1962 0.0
1963 204.0
1964 32.0
1965 203.0
1966 203.0
1967 0.0
1968 411.0
1969 273.0
1970 391.0
1971 203.0
1972 0.0
1973 1.0
1974 203.0
1975 204.0
1976 0.0
1977 203.0
1978 203.0
1979 204.0
1980 0.0
1981 204.0
1982 0.0
1983 0.0
1984 411.0
1985 203.0
1986 203.0
1987 38.0
1988 203.0
1989 776.0
1990 0.0
1991 2.0
1992 203.0
1993 203.0
1994 98.0
1995 411.0
1996 204.0
1997 203.0
1998 386.0
1999 485.0
2000 203.0
2001 204.0
2002 203.0
2003 203.0
2004 203.0
2005 384.0
2006 204.0
2007 38.0
2008 402.0
2009 203.0
2010 204.0
2011 203.0
2012 204.0
2013 203.0
2014 388.0
2015 0.0
2016 33.0
2017 203.0
2018 0.0
2019 203.0
2020 385.0
2021 262.0
2022 33.0
2023 38.0
2024 204.0
2025 187.0
2026 203.0
2027 0.0
2028 204.0
2029 496.0
2030 0.0
2031 0.0
2032 204.0
2033 203.0
2034 491.0
2035 203.0
2036 203.0
2037 203.0
2038 203.0
2039 203.0
2040 776.0
2041 204.0
2042 203.0
2043 203.0
2044 203.0
2045 203.0
2046 200.0
2047 203.0
2048 273.0
2049 624.0
2050 0.0
2051 204.0
2052 203.0
2053 203.0
2054 160.0
2055 162.0
2056 188.0
2057 409.0
2058 639.0
2059 508.0
2060 33.0
2061 203.0
2062 411.0
2063 404.0
2064 203.0
2065 388.0
2066 0.0
2067 203.0
2068 203.0
2069 38.0
2070 411.0
2071 273.0
2072 262.0
2073 32.0
2074 185.0
2075 204.0
2076 493.0
2077 203.0
2078 0.0
2079 203.0
2080 204.0
2081 204.0
2082 0.0
2083 204.0
2084 25.0
2085 507.0
2086 468.0
2087 203.0
2088 491.0
2089 495.0
2090 204.0
2091 776.0
2092 204.0
2093 204.0
2094 507.0
2095 204.0
2096 203.0
2097 203.0
2098 204.0
2099 382.0
2100 203.0
2101 411.0
2102 203.0
2103 204.0
2104 493.0
2105 195.0
2106 159.0
2107 203.0
2108 204.0
2109 507.0
2110 388.0
2111 188.0
2112 203.0
2113 411.0
2114 204.0
2115 203.0
2116 411.0
2117 38.0
2118 203.0
2119 204.0
2120 25.0
2121 204.0
2122 273.0
2123 273.0
2124 25.0
2125 204.0
2126 204.0
2127 204.0
2128 203.0
2129 0.0
2130 203.0
2131 411.0
2132 203.0
2133 0.0
2134 204.0
2135 25.0
2136 188.0
2137 508.0
2138 203.0
2139 411.0
2140 1.0
2141 203.0
2142 776.0
2143 0.0
2144 204.0
2145 276.0
2146 490.0
2147 203.0
2148 375.0
2149 203.0
2150 275.0
2151 390.0
2152 273.0
2153 203.0
2154 204.0
2155 203.0
2156 201.0
2157 160.0
2158 410.0
2159 203.0
2160 675.0
2161 387.0
2162 0.0
2163 203.0
2164 399.0
2165 488.0
2166 3.0
2167 203.0
2168 38.0
2169 203.0
2170 204.0
2171 0.0
2172 203.0
2173 388.0
2174 262.0
2175 0.0
2176 203.0
2177 6.0
2178 49.0
2179 203.0
2180 0.0
2181 204.0
2182 25.0
2183 204.0
2184 203.0
2185 399.0
2186 25.0
2187 159.0
2188 203.0
2189 203.0
2190 203.0
2191 397.0
2192 203.0
2193 776.0
2194 204.0
2195 203.0
2196 204.0
2197 204.0
2198 32.0
2199 278.0
2200 203.0
2201 387.0
2202 204.0
2203 180.0
2204 204.0
2205 204.0
2206 204.0
2207 201.0
2208 160.0
2209 38.0
2210 405.0
2211 39.0
2212 411.0
2213 411.0
2214 204.0
2215 411.0
2216 6.0
2217 203.0
2218 403.0
2219 479.0
2220 204.0
2221 204.0
2222 399.0
2223 204.0
2224 273.0
2225 257.0
2226 32.0
2227 203.0
2228 204.0
2229 400.0
2230 204.0
2231 203.0
2232 204.0
2233 411.0
2234 204.0
2235 0.0
2236 203.0
2237 25.0
2238 507.0
2239 394.0
2240 203.0
2241 204.0
2242 203.0
2243 203.0
2244 776.0
2245 204.0
2246 203.0
2247 204.0
2248 411.0
2249 204.0
2250 203.0
2251 204.0
2252 382.0
2253 203.0
2254 204.0
2255 203.0
2256 0.0
2257 203.0
2258 203.0
2259 159.0
2260 38.0
2261 507.0
2262 203.0
2263 404.0
2264 38.0
2265 378.0
2266 411.0
2267 378.0
2268 402.0
2269 411.0
2270 6.0
2271 204.0
2272 203.0
2273 32.0
2274 411.0
2275 273.0
2276 267.0
2277 33.0
2278 38.0
2279 204.0
2280 204.0
2281 204.0
2282 203.0
2283 397.0
2284 507.0
2285 0.0
2286 0.0
2287 247.0
2288 25.0
2289 177.0
2290 204.0
2291 203.0
2292 251.0
2293 6.0
2294 204.0
2295 776.0
2296 1.0
2297 203.0
2298 203.0
2299 411.0
2300 204.0
2301 375.0
2302 33.0
2303 203.0
2304 394.0
2305 204.0
2306 203.0
2307 203.0
2308 203.0
2309 160.0
2310 159.0
2311 411.0
2312 204.0
2313 470.0
2314 390.0
2315 410.0
2316 378.0
2317 507.0
2318 507.0
2319 203.0
2320 0.0
2321 203.0
2322 203.0
2323 204.0
2324 0.0
2325 411.0
2326 385.0
2327 267.0
2328 32.0
2329 388.0
2330 203.0
2331 6.0
2332 25.0
2333 38.0
2334 204.0
2335 507.0
2336 203.0
2337 0.0
2338 246.0
2339 25.0
2340 25.0
2341 247.0
2342 203.0
2343 0.0
2344 507.0
2345 204.0
2346 776.0
2347 204.0
2348 204.0
2349 203.0
2350 624.0
2351 203.0
2352 375.0
2353 203.0
2354 507.0
2355 204.0
2356 169.0
2357 204.0
2358 204.0
2359 203.0
2360 159.0
2361 158.0
2362 203.0
2363 411.0
2364 25.0
2365 402.0
2366 5.0
2367 275.0
2368 507.0
2369 204.0
2370 132.0
2371 490.0
2372 203.0
2373 203.0
2374 203.0
2375 25.0
2376 411.0
2377 388.0
2378 267.0
2379 185.0
2380 203.0
2381 204.0
2382 187.0
2383 498.0
2384 204.0
2385 204.0
2386 470.0
2387 411.0
2388 29.0
2389 395.0
2390 25.0
2391 203.0
2392 396.0
2393 203.0
2394 203.0
2395 507.0
2396 204.0
2397 776.0
2398 204.0
2399 203.0
2400 204.0
2401 411.0
2402 204.0
2403 203.0
2404 203.0
2405 387.0
2406 386.0
2407 169.0
2408 203.0
2409 203.0
2410 203.0
2411 195.0
2412 204.0
2413 38.0
2414 203.0
2415 701.0
2416 508.0
2417 60.0
2418 203.0
2419 485.0
2420 507.0
2421 486.0
2422 38.0
2423 203.0
2424 204.0
2425 203.0
2426 38.0
2427 507.0
2428 273.0
2429 267.0
2430 204.0
2431 202.0
2432 204.0
2433 187.0
2434 32.0
2435 30.0
2436 204.0
2437 654.0
2438 203.0
2439 0.0
2440 226.0
2441 0.0
2442 507.0
2443 247.0
2444 203.0
2445 404.0
2446 6.0
2447 204.0
2448 776.0
2449 43.0
2450 203.0
2451 203.0
2452 411.0
2453 479.0
2454 204.0
2455 204.0
2456 204.0
2457 204.0
2458 204.0
2459 386.0
2460 203.0
2461 203.0
2462 203.0
2463 204.0
2464 683.0
2465 204.0
2466 639.0
2467 390.0
2468 203.0
2469 411.0
2470 507.0
2471 402.0
2472 507.0
2473 411.0
2474 0.0
2475 203.0
2476 203.0
2477 204.0
2478 203.0
2479 273.0
2480 273.0
2481 203.0
2482 392.0
2483 203.0
2484 203.0
2485 0.0
2486 203.0
2487 203.0
2488 411.0
2489 204.0
2490 204.0
2491 203.0
2492 25.0
2493 0.0
2494 385.0
2495 203.0
2496 399.0
2497 397.0
2498 203.0
2499 776.0
2500 0.0
2501 203.0
2502 203.0
2503 0.0
2504 386.0
2505 375.0
2506 203.0
2507 486.0
2508 204.0
2509 204.0
2510 390.0
2511 203.0
2512 203.0
2513 201.0
2514 203.0
2515 411.0
2516 394.0
2517 30.0
2518 390.0
2519 204.0
2520 204.0
2521 203.0
2522 38.0
2523 411.0
2524 508.0
2525 487.0
2526 203.0
2527 404.0
2528 0.0
2529 507.0
2530 388.0
2531 387.0
2532 204.0
2533 203.0
2534 204.0
2535 674.0
2536 203.0
2537 25.0
2538 204.0
2539 498.0
2540 204.0
2541 0.0
2542 203.0
2543 203.0
2544 25.0
2545 402.0
2546 203.0
2547 402.0
2548 507.0
2549 203.0
2550 776.0
2551 180.0
2552 204.0
2553 203.0
2554 507.0
2555 204.0
2556 203.0
2557 204.0
2558 388.0
2559 397.0
2560 204.0
2561 204.0
2562 0.0
2563 203.0
2564 204.0
2565 204.0
2566 38.0
2567 507.0
2568 411.0
2569 389.0
2570 204.0
2571 403.0
2572 507.0
2573 49.0
2574 399.0
2575 204.0
2576 0.0
2577 204.0
2578 203.0
2579 203.0
2580 492.0
2581 388.0
2582 257.0
2583 204.0
2584 203.0
2585 204.0
2586 189.0
2587 203.0
2588 204.0
2589 203.0
2590 411.0
2591 204.0
2592 0.0
2593 507.0
2594 203.0
2595 203.0
2596 407.0
2597 203.0
2598 204.0
2599 411.0
2600 204.0
2601 776.0
2602 204.0
2603 203.0
2604 203.0
2605 411.0
2606 6.0
2607 203.0
2608 203.0
2609 488.0
2610 400.0
2611 169.0
2612 203.0
2613 204.0
2614 203.0
2615 201.0
2616 203.0
2617 411.0
2618 203.0
2619 204.0
2620 411.0
2621 30.0
2622 203.0
2623 639.0
2624 204.0
2625 486.0
2626 487.0
2627 32.0
2628 204.0
2629 203.0
2630 203.0
2631 0.0
2632 385.0
2633 258.0
2634 204.0
2635 202.0
2636 203.0
2637 38.0
2638 25.0
2639 203.0
2640 204.0
2641 411.0
2642 204.0
2643 0.0
2644 204.0
2645 25.0
2646 143.0
2647 683.0
2648 203.0
2649 204.0
2650 6.0
2651 399.0
2652 776.0
2653 204.0
2654 203.0
2655 203.0
2656 0.0
2657 204.0
2658 201.0
2659 411.0
2660 480.0
2661 204.0
2662 204.0
2663 258.0
2664 204.0
2665 203.0
2666 194.0
2667 162.0
2668 507.0
2669 203.0
2670 25.0
2671 507.0
2672 30.0
2673 203.0
2674 204.0
2675 508.0
2676 203.0
2677 204.0
2678 204.0
2679 203.0
2680 204.0
2681 0.0
2682 203.0
2683 273.0
2684 267.0
2685 0.0
2686 392.0
2687 203.0
2688 0.0
2689 470.0
2690 0.0
2691 204.0
2692 507.0
2693 203.0
2694 31.0
2695 203.0
2696 25.0
2697 382.0
2698 204.0
2699 203.0
2700 507.0
2701 411.0
2702 203.0
2703 776.0
2704 203.0
2705 204.0
2706 203.0
2707 507.0
2708 242.0
2709 375.0
2710 203.0
2711 385.0
2712 407.0
2713 411.0
2714 388.0
2715 204.0
2716 203.0
2717 204.0
2718 160.0
2719 38.0
2720 411.0
2721 701.0
2722 204.0
2723 203.0
2724 203.0
2725 507.0
2726 402.0
2727 507.0
2728 0.0
2729 411.0
2730 203.0
2731 204.0
2732 30.0
2733 402.0
2734 273.0
2735 257.0
2736 203.0
2737 203.0
2738 204.0
2739 400.0
2740 187.0
2741 0.0
2742 204.0
2743 204.0
2744 203.0
2745 0.0
2746 404.0
2747 203.0
2748 507.0
2749 507.0
2750 203.0
2751 395.0
2752 203.0
2753 204.0
2754 776.0
2755 43.0
2756 189.0
2757 203.0
2758 507.0
2759 203.0
2760 266.0
2761 204.0
2762 204.0
2763 411.0
2764 169.0
2765 388.0
2766 204.0
2767 203.0
2768 204.0
2769 203.0
2770 38.0
2771 203.0
2772 695.0
2773 411.0
2774 203.0
2775 204.0
2776 411.0
2777 507.0
2778 132.0
2779 507.0
2780 32.0
2781 203.0
2782 672.0
2783 203.0
2784 507.0
2785 388.0
2786 267.0
2787 203.0
2788 382.0
2789 203.0
2790 187.0
2791 203.0
2792 25.0
2793 204.0
2794 25.0
2795 225.0
2796 0.0
2797 402.0
2798 203.0
2799 507.0
2800 203.0
2801 203.0
2802 204.0
2803 204.0
2804 204.0
2805 776.0
2806 203.0
2807 203.0
2808 203.0
2809 411.0
2810 203.0
2811 376.0
2812 203.0
2813 204.0
2814 493.0
2815 203.0
2816 389.0
2817 0.0
2818 203.0
2819 13.0
2820 162.0
2821 507.0
2822 507.0
2823 49.0
2824 507.0
2825 38.0
2826 204.0
2827 203.0
2828 507.0
2829 203.0
2830 490.0
2831 507.0
2832 203.0
2833 203.0
2834 203.0
2835 0.0
2836 388.0
2837 267.0
2838 203.0
2839 388.0
2840 203.0
2841 6.0
2842 488.0
2843 204.0
2844 203.0
2845 0.0
2846 203.0
2847 204.0
2848 507.0
2849 32.0
2850 128.0
2851 204.0
2852 203.0
2853 0.0
2854 507.0
2855 203.0
2856 776.0
2857 204.0
2858 391.0
2859 203.0
2860 507.0
2861 203.0
2862 36.0
2863 203.0
2864 382.0
2865 698.0
2866 203.0
2867 5.0
2868 203.0
2869 203.0
2870 204.0
2871 204.0
2872 411.0
2873 403.0
2874 38.0
2875 388.0
2876 25.0
2877 204.0
2878 204.0
2879 507.0
2880 176.0
2881 498.0
2882 203.0
2883 203.0
2884 203.0
2885 0.0
2886 204.0
2887 388.0
2888 204.0
2889 203.0
2890 203.0
2891 204.0
2892 411.0
2893 507.0
2894 0.0
2895 0.0
2896 665.0
2897 253.0
2898 30.0
2899 204.0
2900 25.0
2901 395.0
2902 204.0
2903 203.0
2904 401.0
2905 203.0
2906 203.0
2907 776.0
2908 0.0
2909 204.0
2910 203.0
2911 498.0
2912 204.0
2913 256.0
2914 1.0
2915 387.0
2916 49.0
2917 169.0
2918 201.0
2919 391.0
2920 204.0
2921 204.0
2922 204.0
2923 38.0
2924 383.0
2925 411.0
2926 411.0
2927 204.0
2928 38.0
2929 6.0
2930 507.0
2931 507.0
2932 38.0
2933 32.0
2934 203.0
2935 204.0
2936 30.0
2937 204.0
2938 273.0
2939 257.0
2940 203.0
2941 392.0
2942 204.0
2943 187.0
2944 30.0
2945 0.0
2946 203.0
2947 411.0
2948 402.0
2949 0.0
2950 411.0
2951 25.0
2952 175.0
2953 204.0
2954 203.0
2955 204.0
2956 203.0
2957 204.0
2958 776.0
2959 204.0
2960 204.0
2961 203.0
2962 507.0
2963 411.0
2964 245.0
2965 175.0
2966 203.0
2967 639.0
2968 169.0
2969 204.0
2970 204.0
2971 203.0
2972 204.0
2973 203.0
2974 678.0
2975 507.0
2976 204.0
2977 411.0
2978 204.0
2979 203.0
2980 203.0
2981 189.0
2982 507.0
2983 490.0
2984 507.0
2985 203.0
2986 204.0
2987 38.0
2988 204.0
2989 396.0
2990 257.0
2991 203.0
2992 180.0
2993 203.0
2994 6.0
2995 507.0
2996 1.0
2997 507.0
2998 411.0
2999 400.0
3000 0.0
3001 402.0
3002 203.0
3003 30.0
3004 203.0
3005 203.0
3006 204.0
3007 203.0
3008 6.0
3009 776.0
3010 203.0
3011 203.0
3012 203.0
3013 507.0
3014 6.0
3015 204.0
3016 642.0
3017 381.0
3018 639.0
3019 204.0
3020 203.0
3021 267.0
3022 203.0
3023 187.0
3024 204.0
3025 411.0
3026 507.0
3027 30.0
3028 388.0
3029 30.0
3030 203.0
3031 30.0
3032 507.0
3033 250.0
3034 38.0
3035 203.0
3036 204.0
3037 204.0
3038 38.0
3039 204.0
3040 273.0
3041 383.0
3042 203.0
3043 203.0
3044 203.0
3045 6.0
3046 411.0
3047 0.0
3048 203.0
3049 204.0
3050 203.0
3051 0.0
3052 204.0
3053 0.0
3054 36.0
3055 204.0
3056 203.0
3057 391.0
3058 203.0
3059 203.0
3060 776.0
3061 257.0
3062 507.0
3063 203.0
3064 411.0
3065 204.0
3066 204.0
3067 203.0
3068 381.0
3069 32.0
3070 187.0
3071 379.0
3072 204.0
3073 203.0
3074 204.0
3075 507.0
3076 411.0
3077 204.0
3078 30.0
3079 387.0
3080 508.0
3081 204.0
3082 203.0
3083 0.0
3084 203.0
3085 507.0
3086 49.0
3087 203.0
3088 204.0
3089 30.0
3090 204.0
3091 507.0
3092 258.0
3093 204.0
3094 376.0
3095 204.0
3096 507.0
3097 485.0
3098 0.0
3099 204.0
3100 204.0
3101 411.0
3102 204.0
3103 388.0
3104 203.0
3105 204.0
3106 204.0
3107 203.0
3108 204.0
3109 1.0
3110 204.0
3111 776.0
3112 31.0
3113 204.0
3114 203.0
3115 507.0
3116 203.0
3117 203.0
3118 180.0
3119 204.0
3120 203.0
3121 169.0
3122 204.0
3123 203.0
3124 203.0
3125 204.0
3126 203.0
3127 38.0
3128 204.0
3129 507.0
3130 402.0
3131 467.0
3132 204.0
3133 203.0
3134 411.0
3135 182.0
3136 635.0
3137 0.0
3138 203.0
3139 203.0
3140 203.0
3141 204.0
3142 273.0
3143 257.0
3144 203.0
3145 392.0
3146 203.0
3147 694.0
3148 203.0
3149 0.0
3150 203.0
3151 38.0
3152 392.0
3153 204.0
3154 204.0
3155 203.0
3156 203.0
3157 203.0
3158 203.0
3159 204.0
3160 203.0
3161 204.0
3162 776.0
3163 204.0
3164 204.0
3165 204.0
3166 411.0
3167 411.0
3168 204.0
3169 631.0
3170 275.0
3171 699.0
3172 180.0
3173 507.0
3174 220.0
3175 203.0
3176 203.0
3177 507.0
3178 507.0
3179 411.0
3180 204.0
3181 411.0
3182 203.0
3183 203.0
3184 507.0
3185 507.0
3186 183.0
3187 411.0
3188 655.0
3189 507.0
3190 203.0
3191 203.0
3192 204.0
3193 388.0
3194 267.0
3195 203.0
3196 203.0
3197 507.0
3198 38.0
3199 403.0
3200 0.0
3201 204.0
3202 204.0
3203 203.0
3204 203.0
3205 399.0
3206 203.0
3207 193.0
3208 204.0
3209 203.0
3210 38.0
3211 203.0
3212 204.0
3213 776.0
3214 204.0
3215 203.0
3216 487.0
3217 507.0
3218 203.0
3219 203.0
3220 1.0
3221 382.0
3222 38.0
3223 204.0
3224 203.0
3225 262.0
3226 203.0
3227 203.0
3228 1.0
3229 411.0
3230 409.0
3231 203.0
3232 508.0
3233 411.0
3234 203.0
3235 490.0
3236 203.0
3237 203.0
3238 493.0
3239 203.0
3240 203.0
3241 203.0
3242 38.0
3243 204.0
3244 493.0
3245 262.0
3246 185.0
3247 399.0
3248 203.0
3249 30.0
3250 411.0
3251 0.0
3252 204.0
3253 665.0
3254 388.0
3255 204.0
3256 203.0
3257 31.0
3258 499.0
3259 204.0
3260 203.0
3261 395.0
3262 203.0
3263 204.0
3264 776.0
3265 204.0
3266 393.0
3267 204.0
3268 411.0
3269 204.0
3270 204.0
3271 180.0
3272 0.0
3273 639.0
3274 32.0
3275 204.0
3276 262.0
3277 203.0
3278 507.0
3279 187.0
3280 406.0
3281 204.0
3282 30.0
3283 401.0
3284 692.0
3285 204.0
3286 204.0
3287 507.0
3288 203.0
3289 507.0
3290 411.0
3291 203.0
3292 204.0
3293 0.0
3294 507.0
3295 409.0
3296 203.0
3297 203.0
3298 382.0
3299 203.0
3300 683.0
3301 219.0
3302 0.0
3303 6.0
3304 411.0
3305 384.0
3306 203.0
3307 204.0
3308 204.0
3309 204.0
3310 203.0
3311 203.0
3312 639.0
3313 203.0
3314 204.0
3315 776.0
3316 235.0
3317 507.0
3318 203.0
3319 203.0
3320 409.0
3321 204.0
3322 186.0
3323 203.0
3324 639.0
3325 187.0
3326 405.0
3327 217.0
3328 203.0
3329 203.0
3330 203.0
3331 191.0
3332 507.0
3333 204.0
3334 399.0
3335 25.0
3336 204.0
3337 38.0
3338 507.0
3339 507.0
3340 0.0
3341 38.0
3342 203.0
3343 204.0
3344 38.0
3345 204.0
3346 275.0
3347 262.0
3348 185.0
3349 385.0
3350 203.0
3351 204.0
3352 3.0
3353 0.0
3354 203.0
3355 203.0
3356 203.0
3357 30.0
3358 204.0
3359 25.0
3360 204.0
3361 204.0
3362 203.0
3363 204.0
3364 204.0
3365 203.0
3366 776.0
3367 203.0
3368 204.0
3369 204.0
3370 0.0
3371 203.0
3372 32.0
3373 378.0
3374 275.0
3375 507.0
3376 203.0
3377 204.0
3378 253.0
3379 203.0
3380 203.0
3381 0.0
3382 411.0
3383 401.0
3384 203.0
3385 399.0
3386 25.0
3387 6.0
3388 507.0
3389 507.0
3390 411.0
3391 508.0
3392 203.0
3393 203.0
3394 203.0
3395 33.0
3396 204.0
3397 388.0
3398 386.0
3399 203.0
3400 393.0
3401 203.0
3402 203.0
3403 32.0
3404 0.0
3405 507.0
3406 411.0
3407 267.0
3408 204.0
3409 204.0
3410 33.0
3411 203.0
3412 204.0
3413 203.0
3414 397.0
3415 203.0
3416 204.0
3417 776.0
3418 204.0
3419 204.0
3420 204.0
3421 507.0
3422 672.0
3423 204.0
3424 1.0
3425 203.0
3426 38.0
3427 180.0
3428 189.0
3429 262.0
3430 203.0
3431 204.0
3432 507.0
3433 381.0
3434 204.0
3435 203.0
3436 508.0
3437 203.0
3438 203.0
3439 507.0
3440 38.0
3441 507.0
3442 490.0
3443 507.0
3444 203.0
3445 204.0
3446 0.0
3447 507.0
3448 388.0
3449 383.0
3450 203.0
3451 32.0
3452 203.0
3453 0.0
3454 203.0
3455 0.0
3456 204.0
3457 25.0
3458 247.0
3459 49.0
3460 782.0
3461 0.0
3462 411.0
3463 507.0
3464 203.0
3465 411.0
3466 203.0
3467 204.0
3468 782.0
3469 32.0
3470 253.0
3471 203.0
3472 507.0
3473 203.0
3474 639.0
3475 408.0
3476 507.0
3477 203.0
3478 180.0
3479 399.0
3480 242.0
3481 203.0
3482 203.0
3483 397.0
3484 223.0
3485 409.0
3486 25.0
3487 385.0
3488 32.0
3489 203.0
3490 507.0
3491 507.0
3492 203.0
3493 25.0
3494 38.0
3495 203.0
3496 204.0
3497 0.0
3498 204.0
3499 396.0
3500 267.0
3501 185.0
3502 404.0
3503 203.0
3504 25.0
3505 6.0
3506 0.0
3507 406.0
3508 204.0
3509 246.0
3510 204.0
3511 411.0
3512 2.0
3513 38.0
3514 203.0
3515 203.0
3516 203.0
3517 496.0
3518 204.0
3519 782.0
3520 0.0
3521 203.0
3522 203.0
3523 204.0
3524 411.0
3525 204.0
3526 186.0
3527 387.0
3528 203.0
3529 493.0
3530 38.0
3531 242.0
3532 203.0
3533 203.0
3534 49.0
3535 389.0
3536 507.0
3537 204.0
3538 411.0
3539 411.0
3540 394.0
3541 6.0
3542 470.0
3543 507.0
3544 204.0
3545 683.0
3546 203.0
3547 204.0
3548 204.0
3549 507.0
3550 393.0
3551 253.0
3552 203.0
3553 405.0
3554 399.0
3555 507.0
3556 32.0
3557 1.0
3558 507.0
3559 798.0
3560 388.0
3561 204.0
3562 0.0
3563 203.0
3564 177.0
3565 25.0
3566 203.0
3567 0.0
3568 203.0
3569 203.0
3570 798.0
3571 204.0
3572 204.0
3573 203.0
3574 492.0
3575 507.0
3576 33.0
3577 203.0
3578 490.0
3579 660.0
3580 14.0
3581 204.0
3582 260.0
3583 203.0
3584 204.0
3585 204.0
3586 507.0
3587 203.0
3588 204.0
3589 507.0
3590 204.0
3591 204.0
3592 411.0
3593 244.0
3594 629.0
3595 203.0
3596 203.0
3597 204.0
3598 203.0
3599 203.0
3600 204.0
3601 0.0
3602 267.0
3603 203.0
3604 507.0
3605 395.0
3606 490.0
3607 411.0
3608 0.0
3609 203.0
3610 203.0
3611 267.0
3612 204.0
3613 406.0
3614 203.0
3615 203.0
3616 204.0
3617 204.0
3618 507.0
3619 409.0
3620 203.0
3621 798.0
3622 203.0
3623 6.0
3624 204.0
3625 204.0
3626 411.0
3627 203.0
3628 409.0
3629 411.0
3630 0.0
3631 204.0
3632 25.0
3633 253.0
3634 203.0
3635 204.0
3636 204.0
3637 399.0
3638 406.0
3639 203.0
3640 389.0
3641 692.0
3642 478.0
3643 507.0
3644 411.0
3645 407.0
3646 203.0
3647 673.0
3648 204.0
3649 203.0
3650 398.0
3651 203.0
3652 263.0
3653 262.0
3654 185.0
3655 407.0
3656 204.0
3657 411.0
3658 411.0
3659 203.0
3660 507.0
3661 38.0
3662 384.0
3663 30.0
3664 203.0
3665 10.0
3666 204.0
3667 204.0
3668 203.0
3669 183.0
3670 204.0
3671 203.0
3672 798.0
3673 203.0
3674 395.0
3675 203.0
3676 203.0
3677 204.0
3678 203.0
3679 203.0
3680 384.0
3681 411.0
3682 188.0
3683 203.0
3684 242.0
3685 203.0
3686 205.0
3687 203.0
3688 411.0
3689 411.0
3690 204.0
3691 393.0
3692 203.0
3693 203.0
3694 494.0
3695 204.0
3696 25.0
3697 25.0
3698 399.0
3699 203.0
3700 203.0
3701 0.0
3702 204.0
3703 275.0
3704 267.0
3705 204.0
3706 411.0
3707 203.0
3708 507.0
3709 33.0
3710 0.0
3711 406.0
3712 204.0
3713 411.0
3714 204.0
3715 411.0
3716 203.0
3717 175.0
3718 203.0
3719 203.0
3720 0.0
3721 25.0
3722 204.0
3723 798.0
3724 204.0
3725 398.0
3726 203.0
3727 203.0
3728 203.0
3729 0.0
3730 30.0
3731 203.0
3732 203.0
3733 411.0
3734 203.0
3735 242.0
3736 203.0
3737 204.0
3738 203.0
3739 203.0
3740 204.0
3741 204.0
3742 508.0
3743 965.0
3744 204.0
3745 0.0
3746 507.0
3747 204.0
3748 411.0
3749 508.0
3750 203.0
3751 204.0
3752 203.0
3753 507.0
3754 263.0
3755 267.0
3756 203.0
3757 481.0
3758 25.0
3759 792.0
3760 204.0
3761 0.0
3762 203.0
3763 203.0
3764 256.0
3765 30.0
3766 204.0
3767 203.0
3768 193.0
3769 204.0
3770 203.0
3771 507.0
3772 411.0
3773 203.0
3774 965.0
3775 0.0
3776 6.0
3777 204.0
3778 411.0
3779 204.0
3780 0.0
3781 411.0
3782 204.0
3783 402.0
3784 204.0
3785 204.0
3786 260.0
3787 203.0
3788 207.0
3789 203.0
3790 507.0
3791 203.0
3792 203.0
3793 204.0
3794 507.0
3795 965.0
3796 204.0
3797 204.0
3798 203.0
3799 508.0
3800 203.0
3801 203.0
3802 470.0
3803 204.0
3804 0.0
3805 204.0
3806 273.0
3807 203.0
3808 407.0
3809 673.0
3810 490.0
3811 203.0
3812 0.0
3813 406.0
3814 203.0
3815 388.0
3816 38.0
3817 204.0
3818 203.0
3819 508.0
3820 204.0
3821 203.0
3822 671.0
3823 204.0
3824 204.0
3825 965.0
3826 203.0
3827 1.0
3828 400.0
3829 204.0
3830 0.0
3831 203.0
3832 801.0
3833 387.0
3834 393.0
3835 442.0
3836 204.0
3837 242.0
3838 204.0
3839 204.0
3840 203.0
3841 203.0
3842 404.0
3843 204.0
3844 393.0
3845 507.0
3846 38.0
3847 507.0
3848 204.0
3849 204.0
3850 484.0
3851 408.0
3852 203.0
3853 203.0
3854 204.0
3855 204.0
3856 400.0
3857 262.0
3858 203.0
3859 203.0
3860 411.0
3861 491.0
3862 38.0
3863 0.0
3864 406.0
3865 204.0
3866 236.0
3867 30.0
3868 507.0
3869 203.0
3870 203.0
3871 203.0
3872 203.0
3873 747.0
3874 507.0
3875 203.0
3876 965.0
3877 38.0
3878 203.0
3879 203.0
3880 204.0
3881 203.0
3882 203.0
3883 203.0
3884 203.0
3885 0.0
3886 25.0
3887 203.0
3888 242.0
3889 203.0
3890 204.0
3891 204.0
3892 25.0
3893 507.0
3894 204.0
3895 411.0
3896 482.0
3897 204.0
3898 204.0
3899 203.0
3900 411.0
3901 0.0
3902 0.0
3903 203.0
3904 204.0
3905 203.0
3906 488.0
3907 507.0
3908 267.0
3909 203.0
3910 483.0
3911 204.0
3912 411.0
3913 203.0
3914 0.0
3915 403.0
3916 204.0
3917 273.0
3918 0.0
3919 204.0
3920 10.0
3921 0.0
3922 204.0
3923 203.0
3924 411.0
3925 203.0
3926 203.0
3927 965.0
3928 203.0
3929 0.0
3930 203.0
3931 204.0
3932 204.0
3933 203.0
3934 470.0
3935 203.0
3936 203.0
3937 411.0
3938 203.0
3939 242.0
3940 203.0
3941 203.0
3942 203.0
3943 25.0
3944 404.0
3945 803.0
3946 411.0
3947 30.0
3948 204.0
3949 654.0
3950 508.0
3951 204.0
3952 204.0
3953 203.0
3954 203.0
3955 466.0
3956 30.0
3957 204.0
3958 203.0
3959 267.0
3960 191.0
3961 411.0
3962 204.0
3963 470.0
3964 492.0
3965 0.0
3966 204.0
3967 203.0
3968 388.0
3969 38.0
3970 203.0
3971 203.0
3972 683.0
3973 204.0
3974 203.0
3975 491.0
3976 203.0
3977 203.0
3978 965.0
3979 204.0
3980 203.0
3981 203.0
3982 203.0
3983 411.0
3984 203.0
3985 203.0
3986 387.0
3987 393.0
3988 501.0
3989 203.0
3990 242.0
3991 203.0
3992 204.0
3993 203.0
3994 203.0
3995 204.0
3996 203.0
3997 387.0
3998 203.0
3999 188.0
4000 204.0
4001 203.0
4002 204.0
4003 32.0
4004 203.0
4005 204.0
4006 204.0
4007 30.0
4008 0.0
4009 467.0
4010 267.0
4011 203.0
4012 406.0
4013 507.0
4014 789.0
4015 649.0
4016 0.0
4017 507.0
4018 203.0
4019 388.0
4020 203.0
4021 203.0
4022 203.0
4023 204.0
4024 507.0
4025 203.0
4026 507.0
4027 507.0
4028 204.0
4029 965.0
4030 203.0
4031 203.0
4032 203.0
4033 203.0
4034 5.0
4035 203.0
4036 204.0
4037 665.0
4038 405.0
4039 496.0
4040 204.0
4041 242.0
4042 203.0
4043 634.0
4044 203.0
4045 788.0
4046 411.0
4047 508.0
4048 404.0
4049 507.0
4050 204.0
4051 203.0
4052 0.0
4053 498.0
4054 411.0
4055 402.0
4056 203.0
4057 258.0
4058 204.0
4059 507.0
4060 396.0
4061 257.0
4062 203.0
4063 187.0
4064 187.0
4065 496.0
4066 203.0
4067 1.0
4068 398.0
4069 6.0
4070 273.0
4071 204.0
4072 204.0
4073 203.0
4074 507.0
4075 203.0
4076 203.0
4077 188.0
4078 25.0
4079 203.0
4080 965.0
4081 203.0
4082 203.0
4083 203.0
4084 507.0
4085 411.0
4086 203.0
4087 697.0
4088 204.0
4089 203.0
4090 411.0
4091 204.0
4092 242.0
4093 203.0
4094 201.0
4095 203.0
4096 507.0
4097 388.0
4098 204.0
4099 402.0
4100 31.0
4101 508.0
4102 204.0
4103 18.0
4104 204.0
4105 204.0
4106 403.0
4107 203.0
4108 694.0
4109 203.0
4110 507.0
4111 204.0
4112 257.0
4113 203.0
4114 664.0
4115 203.0
4116 411.0
4117 409.0
4118 0.0
4119 632.0
4120 204.0
4121 273.0
4122 204.0
4123 204.0
4124 10.0
4125 204.0
4126 410.0
4127 411.0
4128 507.0
4129 411.0
4130 203.0
4131 965.0
4132 204.0
4133 203.0
4134 203.0
4135 203.0
4136 204.0
4137 203.0
4138 203.0
4139 203.0
4140 6.0
4141 411.0
4142 204.0
4143 242.0
4144 203.0
4145 204.0
4146 203.0
4147 469.0
4148 204.0
4149 60.0
4150 391.0
4151 203.0
4152 411.0
4153 659.0
4154 487.0
4155 203.0
4156 411.0
4157 203.0
4158 204.0
4159 204.0
4160 203.0
4161 962.0
4162 403.0
4163 262.0
4164 185.0
4165 411.0
4166 203.0
4167 493.0
4168 49.0
4169 0.0
4170 507.0
4171 204.0
4172 385.0
4173 204.0
4174 203.0
4175 203.0
4176 507.0
4177 203.0
4178 204.0
4179 203.0
4180 491.0
4181 203.0
4182 965.0
4183 157.0
4184 204.0
4185 394.0
4186 203.0
4187 411.0
4188 44.0
4189 204.0
4190 384.0
4191 401.0
4192 704.0
4193 204.0
4194 242.0
4195 203.0
4196 204.0
4197 203.0
4198 204.0
4199 383.0
4200 203.0
4201 392.0
4202 204.0
4203 203.0
4204 204.0
4205 193.0
4206 411.0
4207 507.0
4208 204.0
4209 203.0
4210 507.0
4211 204.0
4212 489.0
4213 400.0
4214 267.0
4215 203.0
4216 189.0
4217 203.0
4218 411.0
4219 491.0
4220 1.0
4221 508.0
4222 204.0
4223 409.0
4224 203.0
4225 203.0
4226 203.0
4227 257.0
4228 204.0
4229 203.0
4230 203.0
4231 507.0
4232 204.0
4233 965.0
4234 204.0
4235 411.0
4236 203.0
4237 411.0
4238 0.0
4239 203.0
4240 797.0
4241 491.0
4242 507.0
4243 411.0
4244 204.0
4245 242.0
4246 204.0
4247 204.0
4248 203.0
4249 203.0
4250 251.0
4251 204.0
4252 391.0
4253 1.0
4254 204.0
4255 204.0
4256 191.0
4257 407.0
4258 635.0
4259 508.0
4260 203.0
4261 203.0
4262 204.0
4263 488.0
4264 508.0
4265 253.0
4266 204.0
4267 797.0
4268 203.0
4269 469.0
4270 407.0
4271 0.0
4272 470.0
4273 6.0
4274 273.0
4275 204.0
4276 204.0
4277 203.0
4278 797.0
4279 204.0
4280 203.0
4281 203.0
4282 203.0
4283 204.0
4284 965.0
4285 204.0
4286 0.0
4287 203.0
4288 507.0
4289 204.0
4290 203.0
4291 631.0
4292 203.0
4293 204.0
4294 507.0
4295 203.0
4296 242.0
4297 203.0
4298 201.0
4299 203.0
4300 204.0
4301 258.0
4302 411.0
4303 392.0
4304 507.0
4305 507.0
4306 6.0
4307 18.0
4308 203.0
4309 486.0
4310 409.0
4311 203.0
4312 204.0
4313 411.0
4314 411.0
4315 201.0
4316 262.0
4317 204.0
4318 411.0
4319 203.0
4320 792.0
4321 411.0
4322 1.0
4323 490.0
4324 507.0
4325 393.0
4326 204.0
4327 204.0
4328 203.0
4329 204.0
4330 204.0
4331 203.0
4332 507.0
4333 204.0
4334 204.0
4335 965.0
4336 204.0
4337 0.0
4338 203.0
4339 38.0
4340 491.0
4341 507.0
4342 793.0
4343 669.0
4344 397.0
4345 704.0
4346 203.0
4347 242.0
4348 1.0
4349 409.0
4350 203.0
4351 411.0
4352 203.0
4353 203.0
4354 391.0
4355 204.0
4356 203.0
4357 203.0
4358 203.0
4359 203.0
4360 683.0
4361 203.0
4362 203.0
4363 204.0
4364 203.0
4365 480.0
4366 406.0
4367 257.0
4368 204.0
4369 659.0
4370 411.0
4371 507.0
4372 32.0
4373 0.0
4374 631.0
4375 493.0
4376 385.0
4377 204.0
4378 203.0
4379 203.0
4380 469.0
4381 203.0
4382 49.0
4383 507.0
4384 411.0
4385 402.0
4386 965.0
4387 204.0
4388 0.0
4389 202.0
4390 667.0
4391 0.0
4392 9.0
4393 965.0
4394 384.0
4395 399.0
4396 507.0
4397 663.0
4398 242.0
4399 204.0
4400 0.0
4401 203.0
4402 507.0
4403 411.0
4404 408.0
4405 392.0
4406 1.0
4407 507.0
4408 203.0
4409 203.0
4410 30.0
4411 411.0
4412 411.0
4413 203.0
4414 204.0
4415 386.0
4416 410.0
4417 410.0
4418 267.0
4419 229.0
4420 492.0
4421 203.0
4422 492.0
4423 491.0
4424 0.0
4425 409.0
4426 411.0
4427 273.0
4428 204.0
4429 204.0
4430 203.0
4431 965.0
4432 507.0
4433 203.0
4434 203.0
4435 182.0
4436 389.0
4437 965.0
4438 204.0
4439 204.0
4440 204.0
4441 204.0
4442 204.0
4443 404.0
4444 797.0
4445 387.0
4446 477.0
4447 507.0
4448 0.0
4449 262.0
4450 1.0
4451 203.0
4452 203.0
4453 203.0
4454 410.0
4455 204.0
4456 392.0
4457 203.0
4458 478.0
4459 204.0
4460 204.0
4461 204.0
4462 411.0
4463 404.0
4464 203.0
4465 204.0
4466 204.0
4467 480.0
4468 202.0
4469 267.0
4470 203.0
4471 411.0
4472 203.0
4473 204.0
4474 469.0
4475 1.0
4476 507.0
4477 798.0
4478 388.0
4479 204.0
4480 204.0
4481 203.0
4482 507.0
4483 204.0
4484 203.0
4485 507.0
4486 25.0
4487 204.0
4488 965.0
4489 203.0
4490 203.0
4491 203.0
4492 0.0
4493 203.0
4494 203.0
4495 793.0
4496 203.0
4497 3.0
4498 623.0
4499 965.0
4500 242.0
4501 203.0
4502 195.0
4503 203.0
4504 204.0
4505 258.0
4506 204.0
4507 392.0
4508 203.0
4509 203.0
4510 203.0
4511 18.0
4512 411.0
4513 491.0
4514 203.0
4515 203.0
4516 203.0
4517 30.0
4518 219.0
4519 201.0
4520 262.0
4521 490.0
4522 628.0
4523 204.0
4524 672.0
4525 182.0
4526 1.0
4527 507.0
4528 665.0
4529 388.0
4530 204.0
4531 411.0
4532 10.0
4533 411.0
4534 507.0
4535 203.0
4536 203.0
4537 204.0
4538 470.0
4539 965.0
4540 204.0
4541 203.0
4542 202.0
4543 203.0
4544 0.0
4545 44.0
4546 411.0
4547 969.0
4548 507.0
4549 494.0
4550 204.0
4551 379.0
4552 204.0
4553 195.0
4554 203.0
4555 180.0
4556 204.0
4557 60.0
4558 392.0
4559 1.0
4560 204.0
4561 203.0
4562 203.0
4563 203.0
4564 499.0
4565 4.0
4566 203.0
4567 203.0
4568 0.0
4569 965.0
4570 387.0
4571 273.0
4572 203.0
4573 969.0
4574 203.0
4575 409.0
4576 411.0
4577 1.0
4578 508.0
4579 798.0
4580 388.0
4581 204.0
4582 203.0
4583 203.0
4584 659.0
4585 507.0
4586 203.0
4587 204.0
4588 30.0
4589 701.0
4590 969.0
4591 204.0
4592 203.0
4593 698.0
4594 507.0
4595 204.0
4596 32.0
4597 797.0
4598 388.0
4599 411.0
4600 704.0
4601 411.0
4602 242.0
4603 203.0
4604 204.0
4605 203.0
4606 180.0
4607 203.0
4608 203.0
4609 392.0
4610 30.0
4611 204.0
4612 204.0
4613 193.0
4614 203.0
4615 469.0
4616 203.0
4617 204.0
4618 269.0
4619 244.0
4620 805.0
4621 285.0
4622 262.0
4623 203.0
4624 469.0
4625 203.0
4626 659.0
4627 659.0
4628 1.0
4629 666.0
4630 469.0
4631 273.0
4632 204.0
4633 25.0
4634 203.0
4635 411.0
4636 411.0
4637 203.0
4638 203.0
4639 965.0
4640 404.0
4641 969.0
4642 204.0
4643 204.0
4644 203.0
4645 204.0
4646 411.0
4647 203.0
4648 659.0
4649 203.0
4650 411.0
4651 500.0
4652 0.0
4653 253.0
4654 203.0
4655 204.0
4656 203.0
4657 203.0
4658 258.0
4659 204.0
4660 391.0
4661 186.0
4662 411.0
4663 203.0
4664 203.0
4665 965.0
4666 965.0
4667 203.0
4668 204.0
4669 467.0
4670 204.0
4671 659.0
4672 380.0
4673 257.0
4674 203.0
4675 411.0
4676 203.0
4677 639.0
4678 469.0
4679 1.0
4680 411.0
4681 491.0
4682 273.0
4683 204.0
4684 204.0
4685 203.0
4686 411.0
4687 1.0
4688 203.0
4689 203.0
4690 204.0
4691 696.0
4692 969.0
4693 204.0
4694 803.0
4695 202.0
4696 507.0
4697 486.0
4698 203.0
4699 965.0
4700 203.0
4701 507.0
4702 411.0
4703 0.0
4704 242.0
4705 204.0
4706 194.0
4707 203.0
4708 25.0
4709 411.0
4710 204.0
4711 391.0
4712 203.0
4713 411.0
4714 204.0
4715 193.0
4716 203.0
4717 659.0
4718 203.0
4719 204.0
4720 203.0
4721 386.0
4722 659.0
4723 253.0
4724 262.0
4725 242.0
4726 969.0
4727 203.0
4728 491.0
4729 803.0
4730 0.0
4731 469.0
4732 470.0
4733 388.0
4734 411.0
4735 411.0
4736 203.0
4737 489.0
4738 965.0
4739 203.0
4740 411.0
4741 411.0
4742 488.0
4743 969.0
4744 204.0
4745 0.0
4746 202.0
4747 203.0
4748 0.0
4749 507.0
4750 411.0
4751 384.0
4752 490.0
4753 411.0
4754 204.0
4755 242.0
4756 204.0
4757 204.0
4758 203.0
4759 25.0
4760 386.0
4761 6.0
4762 392.0
4763 701.0
4764 407.0
4765 204.0
4766 203.0
4767 204.0
4768 659.0
4769 204.0
4770 203.0
4771 204.0
4772 0.0
4773 965.0
4774 242.0
4775 262.0
4776 203.0
4777 469.0
4778 203.0
4779 656.0
4780 694.0
4781 1.0
4782 411.0
4783 470.0
4784 388.0
4785 203.0
4786 203.0
4787 203.0
4788 411.0
4789 406.0
4790 204.0
4791 204.0
4792 408.0
4793 507.0
4794 969.0
4795 204.0
4796 203.0
4797 699.0
4798 203.0
4799 491.0
4800 38.0
4801 411.0
4802 381.0
4803 408.0
4804 411.0
4805 656.0
4806 204.0
4807 204.0
4808 389.0
4809 410.0
4810 203.0
4811 258.0
4812 203.0
4813 392.0
4814 28.0
4815 487.0
4816 204.0
4817 2.0
4818 203.0
4819 965.0
4820 204.0
4821 204.0
4822 242.0
4823 0.0
4824 965.0
4825 242.0
4826 267.0
4827 203.0
4828 965.0
4829 203.0
4830 411.0
4831 469.0
4832 1.0
4833 681.0
4834 507.0
4835 388.0
4836 204.0
4837 38.0
4838 203.0
4839 411.0
4840 204.0
4841 203.0
4842 203.0
4843 411.0
4844 701.0
4845 969.0
4846 204.0
4847 490.0
4848 203.0
4849 203.0
4850 204.0
4851 203.0
4852 965.0
4853 203.0
4854 695.0
4855 508.0
4856 411.0
4857 242.0
4858 204.0
4859 195.0
4860 203.0
4861 203.0
4862 265.0
4863 204.0
4864 392.0
4865 507.0
4866 411.0
4867 203.0
4868 203.0
4869 204.0
4870 965.0
4871 203.0
4872 33.0
4873 203.0
4874 203.0
4875 695.0
4876 485.0
4877 264.0
4878 803.0
4879 496.0
4880 203.0
4881 507.0
4882 623.0
4883 1.0
4884 699.0
4885 965.0
4886 388.0
4887 30.0
4888 25.0
4889 204.0
4890 965.0
4891 204.0
4892 203.0
4893 203.0
4894 411.0
4895 508.0
4896 969.0
4897 204.0
4898 376.0
4899 669.0
4900 204.0
4901 469.0
4902 797.0
4903 965.0
4904 203.0
4905 656.0
4906 507.0
4907 204.0
4908 411.0
4909 406.0
4910 496.0
4911 203.0
4912 507.0
4913 411.0
4914 203.0
4915 391.0
4916 203.0
4917 203.0
4918 203.0
4919 203.0
4920 407.0
4921 659.0
4922 204.0
4923 203.0
4924 204.0
4925 204.0
4926 469.0
4927 253.0
4928 267.0
4929 386.0
4930 490.0
4931 203.0
4932 411.0
4933 204.0
4934 1.0
4935 965.0
4936 411.0
4937 388.0
4938 204.0
4939 411.0
4940 203.0
4941 469.0
4942 203.0
4943 203.0
4944 203.0
4945 507.0
4946 204.0
4947 969.0
4948 204.0
4949 398.0
4950 395.0
4951 203.0
4952 203.0
4953 203.0
4954 965.0
4955 387.0
4956 639.0
4957 698.0
4958 204.0
4959 411.0
4960 1.0
4961 203.0
4962 203.0
4963 411.0
4964 411.0
4965 203.0
4966 392.0
4967 187.0
4968 508.0
4969 204.0
4970 2.0
4971 203.0
4972 469.0
4973 203.0
4974 33.0
4975 242.0
4976 0.0
4977 797.0
4978 242.0
4979 262.0
4980 203.0
4981 487.0
4982 203.0
4983 496.0
4984 969.0
4985 1.0
4986 779.0
4987 411.0
4988 388.0
4989 30.0
4990 965.0
4991 203.0
4992 965.0
4993 204.0
4994 203.0
4995 204.0
4996 411.0
4997 507.0
4998 969.0
4999 204.0
5000 398.0
5001 484.0
5002 203.0
5003 203.0
5004 469.0
5005 965.0
5006 203.0
5007 639.0
5008 411.0
5009 6.0
5010 242.0
5011 411.0
5012 0.0
5013 203.0
5014 204.0
5015 473.0
5016 60.0
5017 391.0
5018 187.0
5019 203.0
5020 203.0
5021 204.0
5022 204.0
5023 659.0
5024 203.0
5025 203.0
5026 242.0
5027 204.0
5028 797.0
5029 253.0
5030 262.0
5031 203.0
5032 487.0
5033 203.0
5034 491.0
5035 632.0
5036 1.0
5037 965.0
5038 411.0
5039 273.0
5040 204.0
5041 411.0
5042 10.0
5043 965.0
5044 411.0
5045 203.0
5046 203.0
5047 701.0
5048 404.0
5049 969.0
5050 204.0
5051 0.0
5052 393.0
5053 0.0
5054 803.0
5055 203.0
5056 469.0
5057 203.0
5058 469.0
5059 487.0
5060 411.0
5061 32.0
5062 204.0
5063 203.0
5064 203.0
5065 491.0
5066 265.0
5067 204.0
5068 392.0
5069 203.0
5070 0.0
5071 204.0
5072 289.0
5073 204.0
5074 496.0
5075 203.0
5076 203.0
5077 203.0
5078 384.0
5079 965.0
5080 253.0
5081 267.0
5082 203.0
5083 411.0
5084 203.0
5085 498.0
5086 488.0
5087 1.0
5088 469.0
5089 411.0
5090 388.0
5091 25.0
5092 965.0
5093 203.0
5094 965.0
5095 204.0
5096 204.0
5097 203.0
5098 965.0
5099 507.0
5100 969.0
