1 0.0
2 0.0
3 0.0
4 0.0
5 0.0
6 0.0
7 0.0
8 0.0
9 0.0
10 203.0
11 12.0
12 0.0
13 0.0
14 32.0
15 203.0
16 1.0
17 0.0
18 38.0
19 0.0
20 0.0
21 6.0
22 0.0
23 0.0
24 0.0
25 0.0
26 0.0
27 0.0
28 0.0
29 0.0
30 0.0
31 0.0
32 32.0
33 0.0
34 30.0
35 0.0
36 12.0
37 0.0
38 0.0
39 0.0
40 0.0
41 32.0
42 0.0
43 0.0
44 0.0
45 0.0
46 0.0
47 104.0
48 0.0
49 0.0
50 0.0
51 203.0
52 203.0
53 0.0
54 33.0
55 32.0
56 203.0
57 32.0
58 0.0
59 32.0
60 32.0
61 203.0
62 44.0
63 0.0
64 32.0
65 204.0
66 33.0
67 32.0
68 0.0
69 0.0
70 0.0
71 0.0
72 32.0
73 32.0
74 203.0
75 32.0
76 32.0
77 203.0
78 203.0
79 33.0
80 203.0
81 32.0
82 203.0
83 32.0
84 0.0
85 32.0
86 33.0
87 0.0
88 33.0
89 32.0
90 204.0
91 203.0
92 203.0
93 203.0
94 0.0
95 213.0
96 203.0
97 203.0
98 204.0
99 0.0
100 32.0
101 203.0
102 213.0
103 251.0
104 0.0
105 32.0
106 251.0
107 33.0
108 32.0
109 0.0
110 32.0
111 33.0
112 32.0
113 38.0
114 0.0
115 32.0
116 33.0
117 204.0
118 32.0
119 0.0
120 203.0
121 0.0
122 0.0
123 33.0
124 9.0
125 203.0
126 32.0
127 33.0
128 0.0
129 251.0
130 0.0
131 33.0
132 1.0
133 84.0
134 203.0
135 0.0
136 32.0
137 203.0
138 32.0
139 33.0
140 204.0
141 0.0
142 6.0
143 33.0
144 32.0
145 6.0
146 251.0
147 204.0
148 33.0
149 32.0
150 0.0
151 33.0
152 6.0
153 251.0
154 1.0
155 0.0
156 22.0
157 1.0
158 32.0
159 32.0
160 0.0
161 204.0
162 33.0
163 32.0
164 204.0
165 0.0
166 251.0
167 33.0
168 0.0
169 32.0
170 6.0
171 33.0
172 0.0
173 0.0
174 1.0
175 9.0
176 32.0
177 204.0
178 233.0
179 0.0
180 0.0
181 251.0
182 166.0
183 0.0
184 203.0
185 0.0
186 0.0
187 32.0
188 1.0
189 251.0
190 0.0
191 206.0
192 32.0
193 0.0
194 0.0
195 206.0
196 0.0
197 178.0
198 32.0
199 33.0
200 191.0
201 0.0
202 1.0
203 9.0
204 251.0
205 32.0
206 0.0
207 32.0
208 1.0
209 32.0
210 32.0
211 0.0
212 230.0
213 204.0
214 218.0
215 0.0
216 0.0
217 9.0
218 203.0
219 46.0
220 204.0
221 1.0
222 33.0
223 251.0
224 1.0
225 32.0
226 30.0
227 203.0
228 1.0
229 176.0
230 32.0
231 32.0
232 203.0
233 204.0
234 0.0
235 0.0
236 0.0
237 0.0
238 32.0
239 226.0
240 225.0
241 32.0
242 204.0
243 32.0
244 203.0
245 33.0
246 17.0
247 30.0
248 33.0
249 251.0
250 0.0
251 187.0
252 204.0
253 33.0
254 0.0
255 251.0
256 32.0
257 32.0
258 32.0
259 204.0
260 204.0
261 251.0
262 0.0
263 225.0
264 32.0
265 0.0
266 204.0
267 234.0
268 0.0
269 203.0
270 32.0
271 8.0
272 32.0
273 0.0
274 0.0
275 0.0
276 32.0
277 32.0
278 87.0
279 32.0
280 33.0
281 0.0
282 203.0
283 33.0
284 33.0
285 0.0
286 251.0
287 0.0
288 0.0
289 32.0
290 32.0
291 251.0
292 32.0
293 200.0
294 204.0
295 203.0
296 204.0
297 32.0
298 0.0
299 30.0
300 181.0
301 203.0
302 32.0
303 32.0
304 32.0
305 6.0
306 251.0
307 205.0
308 103.0
309 154.0
310 1.0
311 32.0
312 203.0
313 205.0
314 0.0
315 224.0
316 222.0
317 204.0
318 80.0
319 32.0
320 32.0
321 154.0
322 32.0
323 0.0
324 0.0
325 0.0
326 1.0
327 192.0
328 1.0
329 0.0
330 32.0
331 33.0
332 0.0
333 0.0
334 0.0
335 204.0
336 0.0
337 203.0
338 219.0
339 0.0
340 203.0
341 205.0
342 32.0
343 92.0
344 224.0
345 32.0
346 98.0
347 33.0
348 32.0
349 222.0
350 0.0
351 209.0
352 33.0
353 32.0
354 251.0
355 33.0
356 32.0
357 251.0
358 205.0
359 33.0
360 117.0
361 0.0
362 32.0
363 240.0
364 0.0
365 162.0
366 209.0
367 32.0
368 0.0
369 176.0
370 0.0
371 30.0
372 162.0
373 32.0
374 0.0
375 33.0
376 33.0
377 32.0
378 3.0
379 9.0
380 203.0
381 0.0
382 25.0
383 200.0
384 0.0
385 251.0
386 204.0
387 0.0
388 32.0
389 1.0
390 0.0
391 203.0
392 1.0
393 251.0
394 32.0
395 204.0
396 0.0
397 204.0
398 0.0
399 32.0
400 0.0
401 204.0
402 30.0
403 55.0
404 252.0
405 203.0
406 283.0
407 0.0
408 283.0
409 182.0
410 25.0
411 96.0
412 0.0
413 107.0
414 174.0
415 182.0
416 169.0
417 1.0
418 169.0
419 204.0
420 251.0
421 174.0
422 20.0
423 0.0
424 1.0
425 1.0
426 33.0
427 178.0
428 0.0
429 0.0
430 1.0
431 32.0
432 32.0
433 25.0
434 203.0
435 33.0
436 98.0
437 204.0
438 0.0
439 0.0
440 1.0
441 0.0
442 182.0
443 32.0
444 88.0
445 32.0
446 172.0
447 204.0
448 203.0
449 0.0
450 117.0
451 179.0
452 1.0
453 172.0
454 32.0
455 183.0
456 251.0
457 0.0
458 0.0
459 283.0
460 251.0
461 0.0
462 33.0
463 30.0
464 185.0
465 179.0
466 88.0
467 207.0
468 176.0
469 0.0
470 92.0
471 176.0
472 30.0
473 176.0
474 21.0
475 0.0
476 0.0
477 203.0
478 182.0
479 1.0
480 203.0
481 0.0
482 203.0
483 204.0
484 33.0
485 32.0
486 33.0
487 195.0
488 2.0
489 0.0
490 169.0
491 203.0
492 0.0
493 191.0
494 171.0
495 254.0
496 204.0
497 33.0
498 98.0
499 1.0
500 32.0
501 251.0
502 194.0
503 174.0
504 222.0
505 182.0
506 32.0
507 226.0
508 184.0
509 55.0
510 283.0
511 184.0
512 0.0
513 33.0
514 171.0
515 38.0
516 166.0
517 0.0
518 33.0
519 207.0
520 171.0
521 1.0
522 187.0
523 32.0
524 204.0
525 203.0
526 32.0
527 0.0
528 0.0
529 173.0
530 33.0
531 6.0
532 0.0
533 1.0
534 0.0
535 33.0
536 204.0
537 0.0
538 0.0
539 204.0
540 171.0
541 1.0
542 186.0
543 25.0
544 32.0
545 195.0
546 191.0
547 183.0
548 183.0
549 162.0
550 0.0
551 25.0
552 32.0
553 0.0
554 179.0
555 30.0
556 178.0
557 0.0
558 176.0
559 251.0
560 32.0
561 283.0
562 198.0
563 0.0
564 27.0
565 32.0
566 251.0
567 180.0
568 219.0
569 173.0
570 231.0
571 184.0
572 0.0
573 134.0
574 0.0
575 204.0
576 188.0
577 30.0
578 0.0
579 33.0
580 205.0
581 75.0
582 0.0
583 281.0
584 203.0
585 204.0
586 25.0
587 185.0
588 203.0
589 214.0
590 203.0
591 0.0
592 236.0
593 1.0
594 46.0
595 203.0
596 251.0
597 182.0
598 210.0
599 177.0
600 30.0
601 203.0
602 0.0
603 151.0
604 17.0
605 1.0
606 6.0
607 32.0
608 171.0
609 6.0
610 0.0
611 0.0
612 283.0
613 227.0
614 176.0
615 182.0
616 147.0
617 177.0
618 32.0
619 32.0
620 178.0
621 196.0
622 33.0
623 253.0
624 197.0
625 171.0
626 204.0
627 33.0
628 0.0
629 0.0
630 0.0
631 1.0
632 30.0
633 12.0
634 32.0
635 203.0
636 32.0
637 14.0
638 175.0
639 203.0
640 227.0
641 170.0
642 0.0
643 0.0
644 185.0
645 200.0
646 165.0
647 182.0
648 174.0
649 252.0
650 0.0
651 0.0
652 0.0
653 0.0
654 17.0
655 0.0
656 176.0
657 172.0
658 203.0
659 174.0
660 177.0
661 221.0
662 88.0
663 283.0
664 218.0
665 0.0
666 203.0
667 175.0
668 204.0
669 172.0
670 219.0
671 33.0
672 1.0
673 9.0
674 204.0
675 25.0
676 183.0
677 189.0
678 33.0
679 1.0
680 0.0
681 36.0
682 32.0
683 198.0
684 38.0
685 180.0
686 2.0
687 204.0
688 33.0
689 204.0
690 251.0
691 33.0
692 32.0
693 1.0
694 74.0
695 192.0
696 204.0
697 203.0
698 179.0
699 193.0
700 188.0
701 204.0
702 0.0
703 93.0
704 0.0
705 2.0
706 0.0
707 1.0
708 174.0
709 189.0
710 227.0
711 150.0
712 222.0
713 38.0
714 283.0
715 176.0
716 0.0
717 32.0
718 0.0
719 230.0
720 178.0
721 26.0
722 212.0
723 0.0
724 140.0
725 203.0
726 176.0
727 225.0
728 32.0
729 1.0
730 0.0
731 32.0
732 1.0
733 179.0
734 209.0
735 0.0
736 0.0
737 32.0
738 32.0
739 33.0
740 204.0
741 0.0
742 32.0
743 204.0
744 0.0
745 182.0
746 221.0
747 204.0
748 251.0
749 197.0
750 171.0
751 0.0
752 209.0
753 30.0
754 203.0
755 0.0
756 32.0
757 236.0
758 166.0
759 184.0
760 2.0
761 18.0
762 219.0
763 182.0
764 23.0
765 283.0
766 165.0
767 28.0
768 266.0
769 32.0
770 180.0
771 184.0
772 0.0
773 0.0
774 132.0
775 33.0
776 0.0
777 0.0
778 215.0
779 204.0
780 1.0
781 0.0
782 0.0
783 33.0
784 176.0
785 77.0
786 178.0
787 396.0
788 38.0
789 33.0
790 179.0
791 203.0
792 0.0
793 35.0
794 203.0
795 0.0
796 179.0
797 1.0
798 200.0
799 173.0
800 101.0
801 176.0
802 160.0
803 28.0
804 204.0
805 203.0
806 0.0
807 0.0
808 192.0
809 209.0
810 1.0
811 280.0
812 188.0
813 185.0
814 178.0
815 88.0
816 396.0
817 32.0
818 210.0
819 176.0
820 32.0
821 233.0
822 204.0
823 209.0
824 0.0
825 334.0
826 38.0
827 52.0
828 203.0
829 33.0
830 32.0
831 208.0
832 0.0
833 275.0
834 30.0
835 406.0
836 0.0
837 213.0
838 64.0
839 32.0
840 32.0
841 164.0
842 33.0
843 251.0
844 33.0
845 203.0
846 38.0
847 0.0
848 93.0
849 350.0
850 31.0
851 2.0
852 0.0
853 286.0
854 0.0
855 197.0
856 6.0
857 0.0
858 33.0
859 203.0
860 38.0
861 32.0
862 33.0
863 32.0
864 98.0
865 287.0
866 33.0
867 406.0
868 199.0
869 33.0
870 204.0
871 33.0
872 327.0
873 276.0
874 276.0
875 164.0
876 32.0
877 45.0
878 52.0
879 203.0
880 6.0
881 204.0
882 1.0
883 209.0
884 204.0
885 350.0
886 457.0
887 324.0
888 33.0
889 32.0
890 32.0
891 32.0
892 209.0
893 341.0
894 30.0
895 0.0
896 38.0
897 0.0
898 0.0
899 272.0
900 32.0
901 88.0
902 252.0
903 415.0
904 341.0
905 33.0
906 30.0
907 204.0
908 0.0
909 33.0
910 251.0
911 77.0
912 436.0
913 32.0
914 361.0
915 0.0
916 276.0
917 329.0
918 457.0
919 1.0
920 251.0
921 0.0
922 32.0
923 33.0
924 338.0
925 88.0
926 0.0
927 327.0
928 0.0
929 1.0
930 275.0
931 384.0
932 32.0
933 209.0
934 33.0
935 164.0
936 203.0
937 38.0
938 33.0
939 32.0
940 251.0
941 357.0
942 32.0
943 38.0
944 54.0
945 203.0
946 0.0
947 203.0
948 5.0
949 32.0
950 147.0
951 287.0
952 385.0
953 33.0
954 352.0
955 33.0
956 33.0
957 203.0
958 6.0
959 0.0
960 174.0
961 33.0
962 30.0
963 337.0
964 0.0
965 177.0
966 30.0
967 447.0
968 32.0
969 457.0
970 214.0
971 204.0
972 43.0
973 107.0
974 33.0
975 341.0
976 297.0
977 283.0
978 257.0
979 32.0
980 30.0
981 203.0
982 334.0
983 59.0
984 209.0
985 0.0
986 6.0
987 286.0
988 214.0
989 33.0
990 203.0
991 33.0
992 32.0
993 49.0
994 1.0
995 287.0
996 58.0
997 33.0
998 204.0
999 203.0
1000 132.0
1001 147.0
1002 152.0
1003 339.0
1004 1.0
1005 252.0
1006 287.0
1007 21.0
1008 0.0
1009 100.0
1010 0.0
1011 354.0
1012 251.0
1013 33.0
1014 32.0
1015 204.0
1016 361.0
1017 33.0
1018 286.0
1019 33.0
1020 457.0
1021 33.0
1022 341.0
1023 251.0
1024 226.0
1025 33.0
1026 347.0
1027 193.0
1028 203.0
1029 330.0
1030 333.0
1031 142.0
1032 281.0
1033 33.0
1034 203.0
1035 274.0
1036 0.0
1037 338.0
1038 0.0
1039 342.0
1040 0.0
1041 1.0
1042 32.0
1043 0.0
1044 6.0
1045 72.0
1046 226.0
1047 87.0
1048 203.0
1049 423.0
1050 33.0
1051 30.0
1052 449.0
1053 203.0
1054 204.0
1055 33.0
1056 125.0
1057 33.0
1058 32.0
1059 0.0
1060 1.0
1061 203.0
1062 204.0
1063 388.0
1064 32.0
1065 338.0
1066 33.0
1067 32.0
1068 149.0
1069 33.0
1070 32.0
1071 457.0
1072 31.0
1073 33.0
1074 0.0
1075 0.0
1076 287.0
1077 32.0
1078 13.0
1079 394.0
1080 336.0
1081 203.0
1082 1.0
1083 203.0
1084 33.0
1085 204.0
1086 1.0
1087 33.0
1088 0.0
1089 378.0
1090 435.0
1091 287.0
1092 33.0
1093 203.0
1094 251.0
1095 33.0
1096 170.0
1097 200.0
1098 57.0
1099 9.0
1100 32.0
1101 0.0
1102 209.0
1103 331.0
1104 286.0
1105 429.0
1106 33.0
1107 33.0
1108 337.0
1109 32.0
1110 327.0
1111 30.0
1112 0.0
1113 226.0
1114 426.0
1115 20.0
1116 286.0
1117 33.0
1118 252.0
1119 43.0
1120 337.0
1121 38.0
1122 457.0
1123 33.0
1124 297.0
1125 32.0
1126 157.0
1127 414.0
1128 435.0
1129 297.0
1130 188.0
1131 33.0
1132 149.0
1133 1.0
1134 203.0
1135 0.0
1136 204.0
1137 251.0
1138 413.0
1139 1.0
1140 277.0
1141 214.0
1142 33.0
1143 0.0
1144 1.0
1145 32.0
1146 208.0
1147 38.0
1148 101.0
1149 98.0
1150 213.0
1151 204.0
1152 0.0
1153 32.0
1154 214.0
1155 109.0
1156 204.0
1157 31.0
1158 352.0
1159 0.0
1160 333.0
1161 38.0
1162 121.0
1163 0.0
1164 110.0
1165 109.0
1166 87.0
1167 286.0
1168 34.0
1169 361.0
1170 25.0
1171 286.0
1172 214.0
1173 457.0
1174 270.0
1175 205.0
1176 203.0
1177 203.0
1178 203.0
1179 341.0
1180 243.0
1181 38.0
1182 125.0
1183 0.0
1184 6.0
1185 202.0
1186 33.0
1187 104.0
1188 266.0
1189 121.0
1190 33.0
1191 341.0
1192 342.0
1193 0.0
1194 333.0
1195 0.0
1196 5.0
1197 6.0
1198 1.0
1199 338.0
1200 0.0
1201 203.0
1202 38.0
1203 38.0
1204 30.0
1205 94.0
1206 350.0
1207 361.0
1208 33.0
1209 161.0
1210 32.0
1211 226.0
1212 209.0
1213 1.0
1214 0.0
1215 110.0
1216 342.0
1217 24.0
1218 412.0
1219 0.0
1220 361.0
1221 24.0
1222 38.0
1223 33.0
1224 457.0
1225 203.0
1226 33.0
1227 86.0
1228 203.0
1229 352.0
1230 341.0
1231 287.0
1232 32.0
1233 252.0
1234 0.0
1235 38.0
1236 203.0
1237 30.0
1238 160.0
1239 421.0
1240 33.0
1241 0.0
1242 0.0
1243 333.0
1244 0.0
1245 33.0
1246 335.0
1247 251.0
1248 32.0
1249 32.0
1250 287.0
1251 203.0
1252 32.0
1253 32.0
1254 38.0
1255 33.0
1256 33.0
1257 397.0
1258 32.0
1259 31.0
1260 125.0
1261 33.0
1262 279.0
1263 32.0
1264 204.0
1265 0.0
1266 341.0
1267 209.0
1268 82.0
1269 32.0
1270 38.0
1271 267.0
1272 148.0
1273 251.0
1274 341.0
1275 457.0
1276 341.0
1277 339.0
1278 32.0
1279 0.0
1280 352.0
1281 287.0
1282 368.0
1283 415.0
1284 328.0
1285 30.0
1286 1.0
1287 330.0
1288 0.0
1289 209.0
1290 38.0
1291 33.0
1292 0.0
1293 401.0
1294 214.0
1295 33.0
1296 203.0
1297 204.0
1298 32.0
1299 32.0
1300 339.0
1301 214.0
1302 32.0
1303 33.0
1304 203.0
1305 0.0
1306 33.0
1307 411.0
1308 352.0
1309 32.0
1310 287.0
1311 32.0
1312 287.0
1313 252.0
1314 32.0
1315 125.0
1316 0.0
1317 32.0
1318 63.0
1319 20.0
1320 251.0
1321 1.0
1322 33.0
1323 25.0
1324 415.0
1325 0.0
1326 457.0
1327 33.0
1328 249.0
1329 235.0
1330 204.0
1331 252.0
1332 457.0
1333 331.0
1334 33.0
1335 252.0
1336 32.0
1337 1.0
1338 169.0
1339 252.0
1340 341.0
1341 334.0
1342 33.0
1343 6.0
1344 329.0
1345 457.0
1346 33.0
1347 233.0
1348 209.0
1349 344.0
1350 32.0
1351 411.0
1352 449.0
1353 30.0
1354 32.0
1355 38.0
1356 0.0
1357 32.0
1358 421.0
1359 287.0
1360 210.0
1361 33.0
1362 352.0
1363 411.0
1364 232.0
1365 0.0
1366 0.0
1367 33.0
1368 333.0
1369 128.0
1370 87.0
1371 442.0
1372 0.0
1373 311.0
1374 251.0
1375 338.0
1376 252.0
1377 457.0
1378 450.0
1379 339.0
1380 32.0
1381 395.0
1382 232.0
1383 341.0
1384 331.0
1385 333.0
1386 252.0
1387 226.0
1388 204.0
1389 252.0
1390 214.0
1391 32.0
1392 274.0
1393 30.0
1394 26.0
1395 331.0
1396 333.0
1397 214.0
1398 33.0
1399 33.0
1400 247.0
1401 32.0
1402 334.0
1403 33.0
1404 32.0
1405 32.0
1406 38.0
1407 38.0
1408 251.0
1409 113.0
1410 362.0
1411 210.0
1412 33.0
1413 449.0
1414 334.0
1415 332.0
1416 287.0
1417 203.0
1418 0.0
1419 204.0
1420 200.0
1421 203.0
1422 401.0
1423 0.0
1424 0.0
1425 204.0
1426 338.0
1427 450.0
1428 457.0
1429 0.0
1430 336.0
1431 32.0
1432 0.0
1433 342.0
1434 341.0
1435 374.0
1436 32.0
1437 318.0
1438 203.0
1439 0.0
1440 204.0
1441 0.0
1442 386.0
1443 19.0
1444 30.0
1445 276.0
1446 33.0
1447 457.0
1448 33.0
1449 203.0
1450 33.0
1451 32.0
1452 216.0
1453 32.0
1454 450.0
1455 32.0
1456 38.0
1457 32.0
1458 0.0
1459 204.0
1460 33.0
1461 287.0
1462 0.0
1463 128.0
1464 125.0
1465 341.0
1466 203.0
1467 32.0
1468 6.0
1469 217.0
1470 32.0
1471 109.0
1472 217.0
1473 442.0
1474 0.0
1475 203.0
1476 117.0
1477 337.0
1478 286.0
1479 457.0
1480 245.0
1481 352.0
1482 333.0
1483 204.0
1484 252.0
1485 287.0
1486 203.0
1487 203.0
1488 316.0
1489 204.0
1490 1.0
1491 252.0
1492 333.0
1493 401.0
1494 421.0
1495 0.0
1496 33.0
1497 423.0
1498 214.0
1499 33.0
1500 11.0
1501 56.0
1502 182.0
1503 33.0
1504 33.0
1505 149.0
1506 75.0
1507 218.0
1508 238.0
1509 203.0
1510 32.0
1511 1.0
1512 287.0
1513 338.0
1514 30.0
1515 352.0
1516 216.0
1517 260.0
1518 162.0
1519 123.0
1520 0.0
1521 38.0
1522 104.0
1523 203.0
1524 276.0
1525 0.0
1526 203.0
1527 184.0
1528 445.0
1529 33.0
1530 457.0
1531 32.0
1532 295.0
1533 32.0
1534 32.0
1535 416.0
1536 457.0
1537 32.0
1538 33.0
1539 341.0
1540 0.0
1541 33.0
1542 128.0
1543 214.0
1544 252.0
1545 209.0
1546 1.0
1547 334.0
1548 393.0
1549 214.0
1550 33.0
1551 32.0
1552 86.0
1553 278.0
1554 32.0
1555 61.0
1556 339.0
1557 1.0
1558 365.0
1559 33.0
1560 104.0
1561 32.0
1562 24.0
1563 379.0
1564 268.0
1565 203.0
1566 352.0
1567 33.0
1568 332.0
1569 447.0
1570 6.0
1571 0.0
1572 341.0
1573 204.0
1574 203.0
1575 286.0
1576 187.0
1577 287.0
1578 204.0
1579 38.0
1580 449.0
1581 457.0
1582 32.0
1583 341.0
1584 32.0
1585 32.0
1586 414.0
1587 341.0
1588 98.0
1589 203.0
1590 339.0
1591 336.0
1592 32.0
1593 0.0
1594 0.0
1595 252.0
1596 334.0
1597 1.0
1598 32.0
1599 342.0
1600 342.0
1601 209.0
1602 415.0
1603 33.0
1604 33.0
1605 0.0
1606 251.0
1607 251.0
1608 30.0
1609 21.0
1610 331.0
1611 0.0
1612 200.0
1613 113.0
1614 372.0
1615 203.0
1616 33.0
1617 0.0
1618 232.0
1619 338.0
1620 32.0
1621 30.0
1622 0.0
1623 204.0
1624 63.0
1625 32.0
1626 286.0
1627 0.0
1628 32.0
1629 215.0
1630 415.0
1631 450.0
1632 457.0
1633 0.0
1634 33.0
1635 337.0
1636 30.0
1637 457.0
1638 446.0
1639 0.0
1640 32.0
1641 339.0
1642 204.0
1643 174.0
1644 0.0
1645 38.0
1646 254.0
1647 393.0
1648 0.0
1649 203.0
1650 38.0
1651 214.0
1652 0.0
1653 221.0
1654 33.0
1655 0.0
1656 8.0
1657 409.0
1658 33.0
1659 33.0
1660 128.0
1661 1.0
1662 189.0
1663 407.0
1664 432.0
1665 98.0
1666 204.0
1667 0.0
1668 359.0
1669 32.0
1670 203.0
1671 38.0
1672 203.0
1673 0.0
1674 287.0
1675 109.0
1676 24.0
1677 445.0
1678 33.0
1679 270.0
1680 80.0
1681 415.0
1682 33.0
1683 457.0
1684 33.0
1685 30.0
1686 280.0
1687 32.0
1688 251.0
1689 251.0
1690 32.0
1691 6.0
1692 341.0
1693 87.0
1694 384.0
1695 367.0
1696 33.0
1697 254.0
1698 279.0
1699 209.0
1700 203.0
1701 351.0
1702 457.0
1703 33.0
1704 32.0
1705 111.0
1706 268.0
1707 8.0
1708 0.0
1709 160.0
1710 1.0
1711 335.0
1712 75.0
1713 0.0
1714 32.0
1715 348.0
1716 38.0
1717 210.0
1718 33.0
1719 352.0
1720 32.0
1721 203.0
1722 203.0
1723 427.0
1724 33.0
1725 33.0
1726 0.0
1727 217.0
1728 274.0
1729 33.0
1730 182.0
1731 266.0
1732 0.0
1733 32.0
1734 457.0
1735 32.0
1736 0.0
1737 267.0
1738 38.0
1739 457.0
1740 252.0
1741 287.0
1742 0.0
1743 341.0
1744 233.0
1745 33.0
1746 33.0
1747 1.0
1748 33.0
1749 333.0
1750 33.0
1751 359.0
1752 393.0
1753 333.0
1754 33.0
1755 32.0
1756 206.0
1757 261.0
1758 72.0
1759 252.0
1760 33.0
1761 30.0
1762 38.0
1763 204.0
1764 0.0
1765 171.0
1766 96.0
1767 139.0
1768 429.0
1769 33.0
1770 0.0
1771 33.0
1772 214.0
1773 287.0
1774 123.0
1775 19.0
1776 354.0
1777 203.0
1778 24.0
1779 367.0
1780 33.0
1781 251.0
1782 215.0
1783 0.0
1784 450.0
1785 457.0
1786 32.0
1787 33.0
1788 32.0
1789 32.0
1790 367.0
1791 457.0
1792 110.0
1793 33.0
1794 338.0
1795 0.0
1796 125.0
1797 0.0
1798 0.0
1799 33.0
1800 33.0
1801 0.0
1802 156.0
1803 33.0
1804 287.0
1805 0.0
1806 401.0
1807 33.0
1808 344.0
1809 72.0
1810 232.0
1811 33.0
1812 33.0
1813 287.0
1814 0.0
1815 281.0
1816 32.0
1817 188.0
1818 204.0
1819 204.0
1820 33.0
1821 288.0
1822 30.0
1823 203.0
1824 276.0
1825 204.0
1826 0.0
1827 267.0
1828 32.0
1829 24.0
1830 286.0
1831 33.0
1832 1.0
1833 184.0
1834 177.0
1835 33.0
1836 457.0
1837 32.0
1838 33.0
1839 32.0
1840 33.0
1841 367.0
1842 435.0
1843 32.0
1844 38.0
1845 341.0
1846 203.0
1847 170.0
1848 278.0
1849 38.0
1850 258.0
1851 333.0
1852 33.0
1853 33.0
1854 341.0
1855 457.0
1856 33.0
1857 203.0
1858 56.0
1859 203.0
1860 52.0
1861 352.0
1862 0.0
1863 33.0
1864 266.0
1865 64.0
1866 33.0
1867 0.0
1868 432.0
1869 98.0
1870 200.0
1871 333.0
1872 352.0
1873 209.0
1874 401.0
1875 342.0
1876 1.0
1877 0.0
1878 32.0
1879 0.0
1880 60.0
1881 445.0
1882 348.0
1883 352.0
1884 220.0
1885 32.0
1886 450.0
1887 457.0
1888 32.0
1889 77.0
1890 337.0
1891 203.0
1892 457.0
1893 457.0
1894 269.0
1895 38.0
1896 251.0
1897 30.0
1898 33.0
1899 38.0
1900 33.0
1901 251.0
1902 333.0
1903 33.0
1904 94.0
1905 348.0
1906 342.0
1907 33.0
1908 401.0
1909 56.0
1910 203.0
1911 172.0
1912 209.0
1913 278.0
1914 32.0
1915 38.0
1916 204.0
1917 209.0
1918 206.0
1919 33.0
1920 38.0
1921 219.0
1922 287.0
1923 352.0
1924 32.0
1925 332.0
1926 287.0
1927 123.0
1928 0.0
1929 33.0
1930 33.0
1931 24.0
1932 276.0
1933 33.0
1934 381.0
1935 204.0
1936 204.0
1937 136.0
1938 457.0
1939 281.0
1940 295.0
1941 318.0
1942 203.0
1943 457.0
1944 457.0
1945 435.0
1946 1.0
1947 251.0
1948 30.0
1949 337.0
1950 173.0
1951 38.0
1952 32.0
1953 393.0
1954 30.0
1955 33.0
1956 391.0
1957 287.0
1958 159.0
1959 33.0
1960 33.0
1961 350.0
1962 8.0
1963 204.0
1964 33.0
1965 87.0
1966 38.0
1967 228.0
1968 209.0
1969 32.0
1970 412.0
1971 280.0
1972 204.0
1973 33.0
1974 0.0
1975 400.0
1976 33.0
1977 276.0
1978 269.0
1979 38.0
1980 204.0
1981 32.0
1982 24.0
1983 286.0
1984 1.0
1985 338.0
1986 32.0
1987 265.0
1988 449.0
1989 457.0
1990 252.0
1991 336.0
1992 33.0
1993 33.0
1994 457.0
1995 435.0
1996 32.0
1997 260.0
1998 398.0
1999 0.0
2000 25.0
2001 203.0
2002 0.0
2003 203.0
2004 279.0
2005 30.0
2006 256.0
2007 352.0
2008 287.0
2009 324.0
2010 33.0
2011 251.0
2012 268.0
2013 72.0
2014 1.0
2015 341.0
2016 1.0
2017 0.0
2018 0.0
2019 38.0
2020 32.0
2021 203.0
2022 106.0
2023 297.0
2024 33.0
2025 210.0
2026 32.0
2027 32.0
2028 9.0
2029 1.0
2030 32.0
2031 33.0
2032 98.0
2033 20.0
2034 251.0
2035 448.0
2036 32.0
2037 25.0
2038 276.0
2039 33.0
2040 457.0
2041 32.0
2042 352.0
2043 109.0
2044 32.0
2045 367.0
2046 341.0
2047 32.0
2048 253.0
2049 352.0
2050 0.0
2051 33.0
2052 173.0
2053 9.0
2054 203.0
2055 434.0
2056 0.0
2057 128.0
2058 107.0
2059 287.0
2060 33.0
2061 203.0
2062 112.0
2063 406.0
2064 23.0
2065 33.0
2066 341.0
2067 30.0
2068 218.0
2069 0.0
2070 38.0
2071 32.0
2072 401.0
2073 32.0
2074 385.0
2075 333.0
2076 449.0
2077 414.0
2078 32.0
2079 368.0
2080 1.0
2081 0.0
2082 33.0
2083 0.0
2084 17.0
2085 336.0
2086 32.0
2087 381.0
2088 149.0
2089 341.0
2090 33.0
2091 457.0
2092 457.0
2093 204.0
2094 9.0
2095 30.0
2096 457.0
2097 287.0
2098 203.0
2099 349.0
2100 426.0
2101 19.0
2102 33.0
2103 367.0
2104 33.0
2105 33.0
2106 333.0
2107 33.0
2108 94.0
2109 375.0
2110 251.0
2111 359.0
2112 269.0
2113 0.0
2114 33.0
2115 8.0
2116 33.0
2117 341.0
2118 0.0
2119 33.0
2120 32.0
2121 446.0
2122 234.0
2123 412.0
2124 98.0
2125 385.0
2126 287.0
2127 352.0
2128 32.0
2129 203.0
2130 421.0
2131 346.0
2132 0.0
2133 204.0
2134 32.0
2135 24.0
2136 251.0
2137 1.0
2138 377.0
2139 80.0
2140 382.0
2141 198.0
2142 457.0
2143 297.0
2144 204.0
2145 0.0
2146 0.0
2147 457.0
2148 251.0
2149 346.0
2150 263.0
2151 107.0
2152 32.0
2153 252.0
2154 330.0
2155 209.0
2156 32.0
2157 287.0
2158 33.0
2159 341.0
2160 38.0
2161 33.0
2162 333.0
2163 33.0
2164 276.0
2165 199.0
2166 8.0
2167 33.0
2168 33.0
2169 109.0
2170 338.0
2171 209.0
2172 353.0
2173 32.0
2174 367.0
2175 106.0
2176 286.0
2177 287.0
2178 446.0
2179 32.0
2180 204.0
2181 252.0
2182 125.0
2183 0.0
2184 33.0
2185 0.0
2186 82.0
2187 363.0
2188 1.0
2189 32.0
2190 32.0
2191 63.0
2192 450.0
2193 457.0
2194 32.0
2195 339.0
2196 33.0
2197 204.0
2198 367.0
2199 341.0
2200 98.0
2201 280.0
2202 367.0
2203 0.0
2204 221.0
2205 281.0
2206 0.0
2207 339.0
2208 421.0
2209 33.0
2210 390.0
2211 449.0
2212 287.0
2213 252.0
2214 33.0
2215 32.0
2216 340.0
2217 54.0
2218 1.0
2219 0.0
2220 209.0
2221 0.0
2222 0.0
2223 33.0
2224 32.0
2225 33.0
2226 28.0
2227 204.0
2228 214.0
2229 0.0
2230 234.0
2231 32.0
2232 435.0
2233 128.0
2234 0.0
2235 203.0
2236 33.0
2237 215.0
2238 333.0
2239 287.0
2240 204.0
2241 161.0
2242 32.0
2243 33.0
2244 457.0
2245 32.0
2246 336.0
2247 33.0
2248 38.0
2249 457.0
2250 287.0
2251 32.0
2252 340.0
2253 252.0
2254 25.0
2255 446.0
2256 167.0
2257 113.0
2258 204.0
2259 252.0
2260 35.0
2261 94.0
2262 33.0
2263 365.0
2264 252.0
2265 203.0
2266 203.0
2267 360.0
2268 391.0
2269 59.0
2270 341.0
2271 1.0
2272 33.0
2273 0.0
2274 38.0
2275 268.0
2276 333.0
2277 203.0
2278 429.0
2279 252.0
2280 352.0
2281 32.0
2282 30.0
2283 447.0
2284 2.0
2285 32.0
2286 293.0
2287 32.0
2288 88.0
2289 251.0
2290 0.0
2291 204.0
2292 287.0
2293 157.0
2294 446.0
2295 457.0
2296 33.0
2297 352.0
2298 0.0
2299 0.0
2300 457.0
2301 435.0
2302 110.0
2303 203.0
2304 341.0
2305 0.0
2306 32.0
2307 209.0
2308 24.0
2309 254.0
2310 372.0
2311 33.0
2312 97.0
2313 457.0
2314 214.0
2315 352.0
2316 203.0
2317 327.0
2318 0.0
2319 78.0
2320 84.0
2321 33.0
2322 32.0
2323 38.0
2324 220.0
2325 128.0
2326 420.0
2327 287.0
2328 203.0
2329 286.0
2330 287.0
2331 457.0
2332 32.0
2333 19.0
2334 333.0
2335 125.0
2336 82.0
2337 283.0
2338 32.0
2339 24.0
2340 446.0
2341 33.0
2342 32.0
2343 198.0
2344 0.0
2345 252.0
2346 457.0
2347 32.0
2348 371.0
2349 38.0
2350 0.0
2351 367.0
2352 435.0
2353 110.0
2354 251.0
2355 107.0
2356 204.0
2357 128.0
2358 281.0
2359 0.0
2360 33.0
2361 335.0
2362 1.0
2363 256.0
2364 251.0
2365 342.0
2366 352.0
2367 33.0
2368 252.0
2369 182.0
2370 221.0
2371 33.0
2372 0.0
2373 232.0
2374 287.0
2375 204.0
2376 340.0
2377 33.0
2378 33.0
2379 0.0
2380 32.0
2381 342.0
2382 0.0
2383 203.0
2384 204.0
2385 447.0
2386 467.0
2387 0.0
2388 204.0
2389 32.0
2390 84.0
2391 367.0
2392 209.0
2393 377.0
2394 32.0
2395 32.0
2396 450.0
2397 467.0
2398 33.0
2399 203.0
2400 32.0
2401 30.0
2402 340.0
2403 287.0
2404 32.0
2405 251.0
2406 286.0
2407 233.0
2408 446.0
2409 367.0
2410 87.0
2411 32.0
2412 287.0
2413 0.0
2414 222.0
2415 467.0
2416 287.0
2417 449.0
2418 295.0
2419 33.0
2420 360.0
2421 72.0
2422 33.0
2423 101.0
2424 420.0
2425 288.0
2426 32.0
2427 340.0
2428 28.0
2429 338.0
2430 106.0
2431 336.0
2432 344.0
2433 340.0
2434 32.0
2435 30.0
2436 340.0
2437 12.0
2438 21.0
2439 221.0
2440 203.0
2441 215.0
2442 340.0
2443 203.0
2444 317.0
2445 1.0
2446 340.0
2447 450.0
2448 467.0
2449 32.0
2450 204.0
2451 131.0
2452 0.0
2453 467.0
2454 446.0
2455 203.0
2456 345.0
2457 252.0
2458 0.0
2459 339.0
2460 276.0
2461 0.0
2462 265.0
2463 333.0
2464 9.0
2465 94.0
2466 33.0
2467 342.0
2468 287.0
2469 203.0
2470 33.0
2471 0.0
2472 82.0
2473 33.0
2474 12.0
2475 390.0
2476 290.0
2477 33.0
2478 38.0
2479 204.0
2480 287.0
2481 203.0
2482 204.0
2483 418.0
2484 352.0
2485 209.0
2486 30.0
2487 340.0
2488 450.0
2489 38.0
2490 33.0
2491 32.0
2492 215.0
2493 467.0
2494 288.0
2495 204.0
2496 401.0
2497 416.0
2498 450.0
2499 467.0
2500 11.0
2501 90.0
2502 63.0
2503 0.0
2504 449.0
2505 337.0
2506 63.0
2507 252.0
2508 219.0
2509 204.0
2510 450.0
2511 340.0
2512 0.0
2513 204.0
2514 273.0
2515 209.0
2516 251.0
2517 33.0
2518 326.0
2519 467.0
2520 203.0
2521 191.0
2522 0.0
2523 8.0
2524 61.0
2525 33.0
2526 340.0
2527 96.0
2528 33.0
2529 330.0
2530 33.0
2531 33.0
2532 251.0
2533 339.0
2534 33.0
2535 287.0
2536 435.0
2537 204.0
2538 435.0
2539 365.0
2540 92.0
2541 33.0
2542 32.0
2543 203.0
2544 340.0
2545 104.0
2546 204.0
2547 33.0
2548 32.0
2549 252.0
2550 467.0
2551 32.0
2552 131.0
2553 32.0
2554 0.0
2555 403.0
2556 467.0
2557 32.0
2558 128.0
2559 287.0
2560 0.0
2561 252.0
2562 384.0
2563 87.0
2564 259.0
2565 426.0
2566 162.0
2567 390.0
2568 203.0
2569 287.0
2570 340.0
2571 32.0
2572 33.0
2573 360.0
2574 54.0
2575 38.0
2576 38.0
2577 333.0
2578 287.0
2579 343.0
2580 341.0
2581 33.0
2582 33.0
2583 177.0
2584 33.0
2585 338.0
2586 251.0
2587 32.0
2588 204.0
2589 12.0
2590 450.0
2591 203.0
2592 203.0
2593 203.0
2594 203.0
2595 340.0
2596 214.0
2597 110.0
2598 289.0
2599 32.0
2600 33.0
2601 467.0
2602 423.0
2603 205.0
2604 210.0
2605 32.0
2606 403.0
2607 427.0
2608 203.0
2609 426.0
2610 340.0
2611 0.0
2612 467.0
2613 355.0
2614 0.0
2615 252.0
2616 14.0
2617 35.0
2618 204.0
2619 450.0
2620 287.0
2621 340.0
2622 32.0
2623 33.0
2624 261.0
2625 1.0
2626 72.0
2627 33.0
2628 1.0
2629 342.0
2630 204.0
2631 338.0
2632 33.0
2633 289.0
2634 338.0
2635 203.0
2636 328.0
2637 449.0
2638 340.0
2639 33.0
2640 8.0
2641 427.0
2642 214.0
2643 251.0
2644 203.0
2645 0.0
2646 450.0
2647 38.0
2648 342.0
2649 0.0
2650 157.0
2651 340.0
2652 467.0
2653 385.0
2654 33.0
2655 405.0
2656 204.0
2657 450.0
2658 340.0
2659 341.0
2660 340.0
2661 223.0
2662 204.0
2663 411.0
2664 400.0
2665 287.0
2666 203.0
2667 265.0
2668 9.0
2669 411.0
2670 33.0
2671 109.0
2672 287.0
2673 203.0
2674 321.0
2675 204.0
2676 8.0
2677 33.0
2678 9.0
2679 33.0
2680 33.0
2681 203.0
2682 352.0
2683 139.0
2684 287.0
2685 32.0
2686 110.0
2687 33.0
2688 352.0
2689 125.0
2690 32.0
2691 337.0
2692 340.0
2693 251.0
2694 32.0
2695 203.0
2696 24.0
2697 340.0
2698 33.0
2699 32.0
2700 33.0
2701 171.0
2702 126.0
2703 467.0
2704 450.0
2705 206.0
2706 7.0
2707 1.0
2708 467.0
2709 340.0
2710 0.0
2711 228.0
2712 32.0
2713 0.0
2714 252.0
2715 119.0
2716 251.0
2717 219.0
2718 266.0
2719 410.0
2720 94.0
2721 450.0
2722 38.0
2723 340.0
2724 203.0
2725 245.0
2726 23.0
2727 32.0
2728 33.0
2729 12.0
2730 287.0
2731 96.0
2732 33.0
2733 352.0
2734 33.0
2735 33.0
2736 106.0
2737 200.0
2738 33.0
2739 251.0
2740 467.0
2741 32.0
2742 340.0
2743 449.0
2744 204.0
2745 203.0
2746 203.0
2747 17.0
2748 339.0
2749 33.0
2750 313.0
2751 1.0
2752 32.0
2753 33.0
2754 467.0
2755 423.0
2756 131.0
2757 331.0
2758 204.0
2759 403.0
2760 450.0
2761 32.0
2762 252.0
2763 338.0
2764 176.0
2765 467.0
2766 340.0
2767 335.0
2768 33.0
2769 33.0
2770 1.0
2771 352.0
2772 252.0
2773 267.0
2774 467.0
2775 25.0
2776 33.0
2777 261.0
2778 200.0
2779 214.0
2780 338.0
2781 404.0
2782 330.0
2783 157.0
2784 338.0
2785 12.0
2786 434.0
2787 32.0
2788 0.0
2789 0.0
2790 287.0
2791 33.0
2792 332.0
2793 407.0
2794 403.0
2795 10.0
2796 0.0
2797 203.0
2798 88.0
2799 287.0
2800 276.0
2801 204.0
2802 35.0
2803 341.0
2804 394.0
2805 467.0
2806 457.0
2807 33.0
2808 182.0
2809 0.0
2810 450.0
2811 340.0
2812 0.0
2813 467.0
2814 337.0
2815 339.0
2816 425.0
2817 204.0
2818 1.0
2819 33.0
2820 430.0
2821 203.0
2822 390.0
2823 339.0
2824 361.0
2825 467.0
2826 0.0
2827 401.0
2828 215.0
2829 8.0
2830 32.0
2831 341.0
2832 289.0
2833 277.0
2834 203.0
2835 251.0
2836 389.0
2837 352.0
2838 32.0
2839 0.0
2840 33.0
2841 352.0
2842 340.0
2843 203.0
2844 340.0
2845 450.0
2846 33.0
2847 332.0
2848 203.0
2849 24.0
2850 340.0
2851 1.0
2852 401.0
2853 411.0
2854 278.0
2855 126.0
2856 467.0
2857 252.0
2858 77.0
2859 338.0
2860 204.0
2861 450.0
2862 340.0
2863 0.0
2864 467.0
2865 287.0
2866 204.0
2867 450.0
2868 15.0
2869 0.0
2870 206.0
2871 335.0
2872 348.0
2873 410.0
2874 33.0
2875 326.0
2876 340.0
2877 33.0
2878 401.0
2879 23.0
2880 8.0
2881 0.0
2882 9.0
2883 33.0
2884 251.0
2885 339.0
2886 340.0
2887 32.0
2888 365.0
2889 172.0
2890 106.0
2891 33.0
2892 367.0
2893 0.0
2894 405.0
2895 342.0
2896 450.0
2897 247.0
2898 32.0
2899 203.0
2900 215.0
2901 340.0
2902 33.0
2903 32.0
2904 344.0
2905 409.0
2906 252.0
2907 467.0
2908 450.0
2909 287.0
2910 7.0
2911 30.0
2912 467.0
2913 352.0
2914 32.0
2915 467.0
2916 219.0
2917 281.0
2918 252.0
2919 8.0
2920 209.0
2921 33.0
2922 264.0
2923 359.0
2924 340.0
2925 449.0
2926 32.0
2927 340.0
2928 203.0
2929 232.0
2930 212.0
2931 32.0
2932 245.0
2933 450.0
2934 1.0
2935 96.0
2936 33.0
2937 340.0
2938 427.0
2939 287.0
2940 203.0
2941 339.0
2942 434.0
2943 316.0
2944 340.0
2945 203.0
2946 340.0
2947 450.0
2948 330.0
2949 0.0
2950 203.0
2951 24.0
2952 340.0
2953 128.0
2954 204.0
2955 203.0
2956 252.0
2957 450.0
2958 467.0
2959 450.0
2960 209.0
2961 341.0
2962 204.0
2963 467.0
2964 340.0
2965 0.0
2966 252.0
2967 313.0
2968 176.0
2969 287.0
2970 0.0
2971 113.0
2972 423.0
2973 33.0
2974 1.0
2975 407.0
2976 252.0
2977 214.0
2978 467.0
2979 0.0
2980 338.0
2981 1.0
2982 32.0
2983 33.0
2984 204.0
2985 467.0
2986 402.0
2987 159.0
2988 338.0
2989 0.0
2990 344.0
2991 203.0
2992 0.0
2993 0.0
2994 352.0
2995 340.0
2996 12.0
2997 209.0
2998 403.0
2999 340.0
3000 32.0
3001 203.0
3002 88.0
3003 340.0
3004 32.0
3005 316.0
3006 1.0
3007 341.0
3008 450.0
3009 467.0
3010 435.0
3011 219.0
3012 355.0
3013 204.0
3014 467.0
3015 340.0
3016 0.0
3017 251.0
3018 313.0
3019 281.0
3020 415.0
3021 320.0
3022 113.0
3023 342.0
3024 334.0
3025 450.0
3026 203.0
3027 33.0
3028 398.0
3029 467.0
3030 0.0
3031 287.0
3032 23.0
3033 33.0
3034 231.0
3035 204.0
3036 33.0
3037 403.0
3038 204.0
3039 445.0
3040 450.0
3041 251.0
3042 32.0
3043 204.0
3044 33.0
3045 338.0
3046 335.0
3047 405.0
3048 450.0
3049 450.0
3050 341.0
3051 32.0
3052 203.0
3053 87.0
3054 340.0
3055 289.0
3056 204.0
3057 9.0
3058 282.0
3059 1.0
3060 467.0
3061 449.0
3062 203.0
3063 316.0
3064 25.0
3065 467.0
3066 403.0
3067 32.0
3068 467.0
3069 251.0
3070 203.0
3071 450.0
3072 0.0
3073 0.0
3074 33.0
3075 273.0
3076 374.0
3077 467.0
3078 252.0
3079 32.0
3080 336.0
3081 33.0
3082 358.0
3083 331.0
3084 24.0
3085 32.0
3086 197.0
3087 0.0
3088 417.0
3089 33.0
3090 449.0
3091 33.0
3092 340.0
3093 13.0
3094 106.0
3095 330.0
3096 203.0
3097 335.0
3098 203.0
3099 450.0
3100 450.0
3101 434.0
3102 0.0
3103 203.0
3104 220.0
3105 340.0
3106 33.0
3107 401.0
3108 214.0
3109 286.0
3110 33.0
3111 467.0
3112 450.0
3113 203.0
3114 289.0
3115 30.0
3116 467.0
3117 367.0
3118 98.0
3119 467.0
3120 338.0
3121 361.0
3122 252.0
3123 0.0
3124 0.0
3125 342.0
3126 0.0
3127 1.0
3128 128.0
3129 252.0
3130 286.0
3131 337.0
3132 0.0
3133 338.0
3134 336.0
3135 8.0
3136 0.0
3137 280.0
3138 287.0
3139 203.0
3140 33.0
3141 338.0
3142 0.0
3143 352.0
3144 203.0
3145 203.0
3146 251.0
3147 367.0
3148 33.0
3149 204.0
3150 467.0
3151 340.0
3152 339.0
3153 0.0
3154 203.0
3155 24.0
3156 340.0
3157 196.0
3158 397.0
3159 289.0
3160 451.0
3161 450.0
3162 467.0
3163 450.0
3164 203.0
3165 323.0
3166 204.0
3167 467.0
3168 403.0
3169 32.0
3170 251.0
3171 313.0
3172 203.0
3173 411.0
3174 320.0
3175 0.0
3176 342.0
3177 251.0
3178 0.0
3179 340.0
3180 33.0
3181 444.0
3182 467.0
3183 382.0
3184 401.0
3185 33.0
3186 219.0
3187 32.0
3188 450.0
3189 33.0
3190 340.0
3191 203.0
3192 338.0
3193 450.0
3194 251.0
3195 106.0
3196 204.0
3197 326.0
3198 352.0
3199 467.0
3200 467.0
3201 341.0
3202 450.0
3203 340.0
3204 30.0
3205 32.0
3206 60.0
3207 340.0
3208 69.0
3209 319.0
3210 410.0
3211 287.0
3212 16.0
3213 467.0
3214 209.0
3215 204.0
3216 399.0
3217 204.0
3218 450.0
3219 427.0
3220 352.0
3221 252.0
3222 287.0
3223 342.0
3224 427.0
3225 0.0
3226 31.0
3227 423.0
3228 209.0
3229 348.0
3230 278.0
3231 340.0
3232 424.0
3233 467.0
3234 33.0
3235 340.0
3236 32.0
3237 214.0
3238 32.0
3239 327.0
3240 333.0
3241 344.0
3242 203.0
3243 367.0
3244 33.0
3245 457.0
3246 372.0
3247 106.0
3248 340.0
3249 50.0
3250 335.0
3251 401.0
3252 467.0
3253 449.0
3254 434.0
3255 33.0
3256 203.0
3257 215.0
3258 340.0
3259 33.0
3260 338.0
3261 272.0
3262 338.0
3263 323.0
3264 467.0
3265 209.0
3266 38.0
3267 400.0
3268 30.0
3269 450.0
3270 435.0
3271 32.0
3272 467.0
3273 338.0
3274 340.0
3275 287.0
3276 203.0
3277 349.0
3278 423.0
3279 333.0
3280 214.0
3281 403.0
3282 340.0
3283 287.0
3284 340.0
3285 0.0
3286 338.0
3287 335.0
3288 203.0
3289 0.0
3290 252.0
3291 289.0
3292 33.0
3293 33.0
3294 449.0
3295 33.0
3296 341.0
3297 32.0
3298 0.0
3299 330.0
3300 363.0
3301 467.0
3302 450.0
3303 467.0
3304 403.0
3305 289.0
3306 0.0
3307 203.0
3308 203.0
3309 340.0
3310 381.0
3311 32.0
3312 380.0
3313 368.0
3314 33.0
3315 467.0
3316 416.0
3317 203.0
3318 416.0
3319 203.0
3320 467.0
3321 352.0
3322 110.0
3323 252.0
3324 338.0
3325 399.0
3326 252.0
3327 30.0
3328 0.0
3329 450.0
3330 1.0
3331 0.0
3332 467.0
3333 214.0
3334 252.0
3335 403.0
3336 0.0
3337 33.0
3338 203.0
3339 334.0
3340 70.0
3341 204.0
3342 287.0
3343 417.0
3344 33.0
3345 340.0
3346 467.0
3347 450.0
3348 0.0
3349 106.0
3350 287.0
3351 457.0
3352 340.0
3353 326.0
3354 467.0
3355 340.0
3356 338.0
3357 352.0
3358 32.0
3359 24.0
3360 340.0
3361 0.0
3362 204.0
3363 203.0
3364 333.0
3365 33.0
3366 467.0
3367 32.0
3368 354.0
3369 32.0
3370 203.0
3371 467.0
3372 340.0
3373 0.0
3374 252.0
3375 287.0
3376 233.0
3377 345.0
3378 0.0
3379 0.0
3380 342.0
3381 343.0
3382 374.0
3383 340.0
3384 214.0
3385 338.0
3386 403.0
3387 33.0
3388 33.0
3389 338.0
3390 352.0
3391 283.0
3392 450.0
3393 33.0
3394 434.0
3395 203.0
3396 367.0
3397 11.0
3398 449.0
3399 368.0
3400 157.0
3401 289.0
3402 50.0
3403 282.0
3404 342.0
3405 467.0
3406 467.0
3407 467.0
3408 32.0
3409 32.0
3410 111.0
3411 450.0
3412 33.0
3413 204.0
3414 289.0
3415 338.0
3416 1.0
3417 467.0
3418 0.0
3419 367.0
3420 338.0
3421 1.0
3422 467.0
3423 340.0
3424 32.0
3425 214.0
3426 413.0
3427 204.0
3428 450.0
3429 203.0
3430 33.0
3431 450.0
3432 209.0
3433 215.0
3434 467.0
3435 252.0
3436 313.0
3437 467.0
3438 32.0
3439 280.0
3440 353.0
3441 28.0
3442 33.0
3443 9.0
3444 33.0
3445 214.0
3446 33.0
3447 367.0
3448 9.0
3449 352.0
3450 32.0
3451 210.0
3452 287.0
3453 363.0
3454 0.0
3455 316.0
3456 467.0
3457 450.0
3458 344.0
3459 32.0
3460 203.0
3461 203.0
3462 340.0
3463 33.0
3464 204.0
3465 235.0
3466 420.0
3467 450.0
3468 467.0
3469 435.0
3470 204.0
3471 340.0
3472 32.0
3473 467.0
3474 450.0
3475 92.0
3476 252.0
3477 338.0
3478 233.0
3479 340.0
3480 204.0
3481 0.0
3482 423.0
3483 429.0
3484 14.0
3485 403.0
3486 252.0
3487 367.0
3488 450.0
3489 33.0
3490 32.0
3491 32.0
3492 209.0
3493 53.0
3494 341.0
3495 289.0
3496 402.0
3497 0.0
3498 275.0
3499 450.0
3500 352.0
3501 204.0
3502 0.0
3503 287.0
3504 457.0
3505 340.0
3506 450.0
3507 467.0
3508 467.0
3509 330.0
3510 203.0
3511 32.0
3512 17.0
3513 450.0
3514 32.0
3515 354.0
3516 400.0
3517 333.0
3518 32.0
3519 467.0
3520 355.0
3521 314.0
3522 340.0
3523 203.0
3524 467.0
3525 449.0
3526 289.0
3527 252.0
3528 336.0
3529 281.0
3530 403.0
3531 1.0
3532 0.0
3533 342.0
3534 32.0
3535 340.0
3536 340.0
3537 33.0
3538 338.0
3539 403.0
3540 0.0
3541 33.0
3542 204.0
3543 245.0
3544 214.0
3545 33.0
3546 397.0
3547 329.0
3548 203.0
3549 125.0
3550 340.0
3551 449.0
3552 342.0
3553 203.0
3554 335.0
3555 203.0
3556 467.0
3557 338.0
3558 467.0
3559 467.0
3560 434.0
3561 271.0
3562 32.0
3563 217.0
3564 340.0
3565 222.0
3566 407.0
3567 410.0
3568 340.0
3569 56.0
3570 467.0
3571 280.0
3572 205.0
3573 338.0
3574 204.0
3575 467.0
3576 339.0
3577 6.0
3578 214.0
3579 251.0
3580 12.0
3581 467.0
3582 257.0
3583 33.0
3584 342.0
3585 33.0
3586 203.0
3587 340.0
3588 252.0
3589 341.0
3590 340.0
3591 32.0
3592 340.0
3593 335.0
3594 32.0
3595 33.0
3596 158.0
3597 33.0
3598 334.0
3599 98.0
3600 128.0
3601 394.0
3602 457.0
3603 32.0
3604 157.0
3605 344.0
3606 50.0
3607 335.0
3608 342.0
3609 467.0
3610 467.0
3611 289.0
3612 276.0
3613 32.0
3614 87.0
3615 340.0
3616 33.0
3617 32.0
3618 219.0
3619 419.0
3620 32.0
3621 467.0
3622 108.0
3623 249.0
3624 252.0
3625 1.0
3626 467.0
3627 449.0
3628 423.0
3629 467.0
3630 11.0
3631 316.0
3632 450.0
3633 203.0
3634 87.0
3635 423.0
3636 325.0
3637 203.0
3638 450.0
3639 203.0
3640 342.0
3641 449.0
3642 32.0
3643 251.0
3644 409.0
3645 122.0
3646 172.0
3647 287.0
3648 33.0
3649 33.0
3650 33.0
3651 287.0
3652 450.0
3653 340.0
3654 362.0
3655 70.0
3656 344.0
3657 363.0
3658 33.0
3659 342.0
3660 450.0
3661 450.0
3662 434.0
3663 348.0
3664 0.0
3665 33.0
3666 287.0
3667 33.0
3668 204.0
3669 203.0
3670 420.0
3671 32.0
3672 467.0
3673 32.0
3674 203.0
3675 338.0
3676 340.0
3677 467.0
3678 450.0
3679 286.0
3680 252.0
3681 350.0
3682 226.0
3683 403.0
3684 0.0
3685 0.0
3686 287.0
3687 412.0
3688 32.0
3689 403.0
3690 214.0
3691 450.0
3692 449.0
3693 0.0
3694 467.0
3695 0.0
3696 33.0
3697 53.0
3698 33.0
3699 1.0
3700 252.0
3701 191.0
3702 8.0
3703 450.0
3704 340.0
3705 204.0
3706 188.0
3707 467.0
3708 341.0
3709 33.0
3710 287.0
3711 467.0
3712 467.0
3713 33.0
3714 251.0
3715 32.0
3716 24.0
3717 287.0
3718 1.0
3719 32.0
3720 252.0
3721 337.0
3722 342.0
3723 467.0
3724 209.0
3725 205.0
3726 340.0
3727 203.0
3728 467.0
3729 340.0
3730 278.0
3731 251.0
3732 73.0
3733 226.0
3734 467.0
3735 340.0
3736 87.0
3737 450.0
3738 157.0
3739 0.0
3740 340.0
3741 214.0
3742 214.0
3743 427.0
3744 32.0
3745 394.0
3746 340.0
3747 245.0
3748 409.0
3749 341.0
3750 33.0
3751 209.0
3752 144.0
3753 467.0
3754 450.0
3755 367.0
3756 287.0
3757 157.0
3758 287.0
3759 33.0
3760 340.0
3761 338.0
3762 287.0
3763 467.0
3764 394.0
3765 316.0
3766 32.0
3767 60.0
3768 450.0
3769 276.0
3770 32.0
3771 251.0
3772 338.0
3773 88.0
3774 467.0
3775 209.0
3776 219.0
3777 32.0
3778 30.0
3779 467.0
3780 467.0
3781 346.0
3782 214.0
3783 32.0
3784 361.0
3785 450.0
3786 203.0
3787 0.0
3788 450.0
3789 33.0
3790 340.0
3791 340.0
3792 203.0
3793 342.0
3794 467.0
3795 32.0
3796 336.0
3797 379.0
3798 32.0
3799 33.0
3800 266.0
3801 33.0
3802 33.0
3803 33.0
3804 367.0
3805 394.0
3806 367.0
3807 338.0
3808 106.0
3809 287.0
3810 363.0
3811 282.0
3812 342.0
3813 340.0
3814 450.0
3815 289.0
3816 33.0
3817 342.0
3818 0.0
3819 467.0
3820 33.0
3821 232.0
3822 396.0
3823 413.0
3824 33.0
3825 467.0
3826 204.0
3827 467.0
3828 338.0
3829 204.0
3830 467.0
3831 449.0
3832 32.0
3833 450.0
3834 32.0
3835 12.0
3836 450.0
3837 1.0
3838 0.0
3839 450.0
3840 342.0
3841 203.0
3842 449.0
3843 252.0
3844 340.0
3845 449.0
3846 203.0
3847 251.0
3848 38.0
3849 203.0
3850 32.0
3851 72.0
3852 315.0
3853 38.0
3854 355.0
3855 427.0
3856 450.0
3857 367.0
3858 195.0
3859 0.0
3860 340.0
3861 22.0
3862 276.0
3863 342.0
3864 340.0
3865 450.0
3866 33.0
3867 342.0
3868 33.0
3869 24.0
3870 340.0
3871 96.0
3872 338.0
3873 359.0
3874 342.0
3875 33.0
3876 467.0
3877 365.0
3878 309.0
3879 338.0
3880 204.0
3881 467.0
3882 450.0
3883 251.0
3884 450.0
3885 137.0
3886 361.0
3887 394.0
3888 209.0
3889 33.0
3890 467.0
3891 321.0
3892 252.0
3893 403.0
3894 467.0
3895 251.0
3896 450.0
3897 0.0
3898 9.0
3899 0.0
3900 33.0
3901 32.0
3902 11.0
3903 287.0
3904 0.0
3905 105.0
3906 427.0
3907 450.0
3908 427.0
3909 106.0
3910 70.0
3911 340.0
3912 32.0
3913 33.0
3914 43.0
3915 287.0
3916 467.0
3917 33.0
3918 414.0
3919 32.0
3920 87.0
3921 467.0
3922 32.0
3923 13.0
3924 251.0
3925 342.0
3926 0.0
3927 467.0
3928 274.0
3929 219.0
3930 426.0
3931 30.0
3932 467.0
3933 403.0
3934 32.0
3935 467.0
3936 253.0
3937 316.0
3938 411.0
3939 274.0
3940 33.0
3941 411.0
3942 287.0
3943 32.0
3944 340.0
3945 214.0
3946 214.0
3947 340.0
3948 338.0
3949 341.0
3950 392.0
3951 33.0
3952 1.0
3953 204.0
3954 33.0
3955 340.0
3956 169.0
3957 449.0
3958 287.0
3959 426.0
3960 338.0
3961 157.0
3962 338.0
3963 363.0
3964 335.0
3965 340.0
3966 287.0
3967 467.0
3968 33.0
3969 149.0
3970 32.0
3971 32.0
3972 450.0
3973 289.0
3974 364.0
3975 287.0
3976 337.0
3977 340.0
3978 467.0
3979 204.0
3980 222.0
3981 342.0
3982 30.0
3983 336.0
3984 449.0
3985 32.0
3986 467.0
3987 32.0
3988 361.0
3989 467.0
3990 266.0
3991 0.0
3992 450.0
3993 279.0
3994 33.0
3995 340.0
3996 450.0
3997 338.0
3998 403.0
3999 203.0
4000 32.0
4001 353.0
4002 11.0
4003 32.0
4004 232.0
4005 330.0
4006 32.0
4007 33.0
4008 467.0
4009 467.0
4010 367.0
4011 32.0
4012 157.0
4013 340.0
4014 30.0
4015 340.0
4016 340.0
4017 340.0
4018 467.0
4019 38.0
4020 13.0
4021 32.0
4022 335.0
4023 467.0
4024 33.0
4025 338.0
4026 388.0
4027 451.0
4028 32.0
4029 467.0
4030 204.0
4031 205.0
4032 340.0
4033 203.0
4034 358.0
4035 450.0
4036 338.0
4037 400.0
4038 50.0
4039 281.0
4040 450.0
4041 320.0
4042 251.0
4043 450.0
4044 264.0
4045 215.0
4046 252.0
4047 340.0
4048 94.0
4049 450.0
4050 33.0
4051 9.0
4052 421.0
4053 122.0
4054 32.0
4055 385.0
4056 401.0
4057 0.0
4058 33.0
4059 340.0
4060 450.0
4061 457.0
4062 30.0
4063 70.0
4064 340.0
4065 33.0
4066 340.0
4067 287.0
4068 456.0
4069 450.0
4070 203.0
4071 9.0
4072 33.0
4073 33.0
4074 467.0
4075 1.0
4076 204.0
4077 344.0
4078 333.0
4079 32.0
4080 467.0
4081 394.0
4082 205.0
4083 316.0
4084 204.0
4085 467.0
4086 403.0
4087 346.0
4088 450.0
4089 287.0
4090 405.0
4091 411.0
4092 412.0
4093 33.0
4094 467.0
4095 287.0
4096 33.0
4097 403.0
4098 214.0
4099 364.0
4100 403.0
4101 32.0
4102 341.0
4103 32.0
4104 245.0
4105 32.0
4106 188.0
4107 333.0
4108 287.0
4109 32.0
4110 449.0
4111 287.0
4112 345.0
4113 287.0
4114 157.0
4115 287.0
4116 363.0
4117 276.0
4118 340.0
4119 456.0
4120 467.0
4121 33.0
4122 450.0
4123 32.0
4124 1.0
4125 467.0
4126 30.0
4127 203.0
4128 33.0
4129 340.0
4130 0.0
4131 467.0
4132 402.0
4133 33.0
4134 340.0
4135 30.0
4136 467.0
4137 449.0
4138 251.0
4139 467.0
4140 32.0
4141 204.0
4142 450.0
4143 339.0
4144 0.0
4145 467.0
4146 14.0
4147 214.0
4148 340.0
4149 203.0
4150 209.0
4151 340.0
4152 32.0
4153 32.0
4154 351.0
4155 204.0
4156 33.0
4157 33.0
4158 33.0
4159 33.0
4160 32.0
4161 367.0
4162 394.0
4163 449.0
4164 203.0
4165 0.0
4166 336.0
4167 363.0
4168 340.0
4169 287.0
4170 340.0
4171 467.0
4172 38.0
4173 414.0
4174 32.0
4175 32.0
4176 450.0
4177 33.0
4178 338.0
4179 33.0
4180 340.0
4181 32.0
4182 467.0
4183 365.0
4184 222.0
4185 341.0
4186 30.0
4187 358.0
4188 449.0
4189 365.0
4190 214.0
4191 56.0
4192 341.0
4193 450.0
4194 340.0
4195 0.0
4196 450.0
4197 349.0
4198 203.0
4199 449.0
4200 33.0
4201 128.0
4202 340.0
4203 32.0
4204 467.0
4205 341.0
4206 32.0
4207 467.0
4208 33.0
4209 330.0
4210 1.0
4211 33.0
4212 449.0
4213 450.0
4214 457.0
4215 338.0
4216 0.0
4217 340.0
4218 340.0
4219 33.0
4220 450.0
4221 340.0
4222 450.0
4223 467.0
4224 340.0
4225 33.0
4226 0.0
4227 450.0
4228 32.0
4229 232.0
4230 410.0
4231 420.0
4232 32.0
4233 467.0
4234 341.0
4235 361.0
4236 426.0
4237 204.0
4238 467.0
4239 403.0
4240 70.0
4241 467.0
4242 326.0
4243 361.0
4244 467.0
4245 339.0
4246 33.0
4247 450.0
4248 209.0
4249 394.0
4250 449.0
4251 340.0
4252 33.0
4253 449.0
4254 32.0
4255 9.0
4256 32.0
4257 204.0
4258 61.0
4259 203.0
4260 333.0
4261 339.0
4262 33.0
4263 340.0
4264 450.0
4265 457.0
4266 206.0
4267 106.0
4268 467.0
4269 33.0
4270 33.0
4271 450.0
4272 448.0
4273 450.0
4274 33.0
4275 348.0
4276 32.0
4277 87.0
4278 287.0
4279 32.0
4280 203.0
4281 332.0
4282 338.0
4283 33.0
4284 467.0
4285 396.0
4286 354.0
4287 450.0
4288 204.0
4289 467.0
4290 340.0
4291 174.0
4292 341.0
4293 287.0
4294 339.0
4295 403.0
4296 281.0
4297 231.0
4298 467.0
4299 14.0
4300 33.0
4301 340.0
4302 252.0
4303 33.0
4304 450.0
4305 32.0
4306 467.0
4307 33.0
4308 233.0
4309 126.0
4310 33.0
4311 467.0
4312 33.0
4313 33.0
4314 467.0
4315 394.0
4316 427.0
4317 203.0
4318 106.0
4319 340.0
4320 368.0
4321 426.0
4322 287.0
4323 338.0
4324 467.0
4325 33.0
4326 467.0
4327 32.0
4328 33.0
4329 467.0
4330 33.0
4331 204.0
4332 33.0
4333 340.0
4334 33.0
4335 467.0
4336 450.0
4337 287.0
4338 399.0
4339 30.0
4340 358.0
4341 450.0
4342 346.0
4343 341.0
4344 11.0
4345 316.0
4346 467.0
4347 340.0
4348 0.0
4349 467.0
4350 333.0
4351 215.0
4352 340.0
4353 33.0
4354 315.0
4355 340.0
4356 401.0
4357 33.0
4358 335.0
4359 32.0
4360 270.0
4361 33.0
4362 33.0
4363 0.0
4364 67.0
4365 340.0
4366 450.0
4367 372.0
4368 204.0
4369 0.0
4370 467.0
4371 363.0
4372 467.0
4373 467.0
4374 404.0
4375 467.0
4376 38.0
4377 450.0
4378 340.0
4379 0.0
4380 450.0
4381 1.0
4382 204.0
4383 289.0
4384 451.0
4385 450.0
4386 467.0
4387 252.0
4388 203.0
4389 338.0
4390 30.0
4391 358.0
4392 467.0
4393 32.0
4394 467.0
4395 313.0
4396 12.0
4397 450.0
4398 8.0
4399 31.0
4400 450.0
4401 209.0
4402 203.0
4403 252.0
4404 214.0
4405 313.0
4406 403.0
4407 32.0
4408 467.0
4409 330.0
4410 203.0
4411 0.0
4412 341.0
4413 326.0
4414 1.0
4415 32.0
4416 467.0
4417 397.0
4418 367.0
4419 0.0
4420 203.0
4421 467.0
4422 449.0
4423 340.0
4424 450.0
4425 329.0
4426 450.0
4427 33.0
4428 450.0
4429 182.0
4430 0.0
4431 467.0
4432 401.0
4433 204.0
4434 342.0
4435 340.0
4436 126.0
4437 467.0
4438 450.0
4439 204.0
4440 338.0
4441 203.0
4442 340.0
4443 467.0
4444 208.0
4445 214.0
4446 340.0
4447 338.0
4448 403.0
4449 204.0
4450 287.0
4451 450.0
4452 412.0
4453 340.0
4454 449.0
4455 204.0
4456 340.0
4457 450.0
4458 203.0
4459 247.0
4460 342.0
4461 32.0
4462 32.0
4463 158.0
4464 340.0
4465 38.0
4466 33.0
4467 467.0
4468 397.0
4469 128.0
4470 204.0
4471 106.0
4472 467.0
4473 22.0
4474 426.0
4475 450.0
4476 33.0
4477 467.0
4478 33.0
4479 348.0
4480 338.0
4481 289.0
4482 403.0
4483 33.0
4484 204.0
4485 467.0
4486 340.0
4487 450.0
4488 467.0
4489 467.0
4490 309.0
4491 338.0
4492 32.0
4493 358.0
4494 467.0
4495 32.0
4496 467.0
4497 223.0
4498 8.0
4499 403.0
4500 320.0
4501 0.0
4502 287.0
4503 287.0
4504 161.0
4505 403.0
4506 450.0
4507 252.0
4508 403.0
4509 160.0
4510 467.0
4511 87.0
4512 450.0
4513 32.0
4514 33.0
4515 33.0
4516 342.0
4517 33.0
4518 450.0
4519 467.0
4520 342.0
4521 338.0
4522 267.0
4523 340.0
4524 337.0
4525 450.0
4526 287.0
4527 32.0
4528 467.0
4529 334.0
4530 9.0
4531 109.0
4532 33.0
4533 467.0
4534 33.0
4535 364.0
4536 33.0
4537 340.0
4538 33.0
4539 467.0
4540 340.0
4541 204.0
4542 340.0
4543 25.0
4544 359.0
4545 450.0
4546 32.0
4547 467.0
4548 219.0
4549 338.0
4550 450.0
4551 1.0
4552 31.0
4553 467.0
4554 264.0
4555 374.0
4556 450.0
4557 33.0
4558 427.0
4559 403.0
4560 32.0
4561 214.0
4562 32.0
4563 204.0
4564 231.0
4565 148.0
4566 344.0
4567 1.0
4568 203.0
4569 450.0
4570 450.0
4571 340.0
4572 32.0
4573 0.0
4574 340.0
4575 337.0
4576 340.0
4577 467.0
4578 338.0
4579 450.0
4580 0.0
4581 9.0
4582 0.0
4583 33.0
4584 450.0
4585 1.0
4586 467.0
4587 467.0
4588 340.0
4589 32.0
4590 467.0
4591 450.0
4592 287.0
4593 338.0
4594 204.0
4595 403.0
4596 467.0
4597 196.0
4598 467.0
4599 350.0
4600 233.0
4601 450.0
4602 203.0
4603 401.0
4604 450.0
4605 321.0
4606 209.0
4607 449.0
4608 467.0
4609 449.0
4610 450.0
4611 33.0
4612 467.0
4613 212.0
4614 342.0
4615 1.0
4616 450.0
4617 335.0
4618 33.0
4619 169.0
4620 467.0
4621 467.0
4622 367.0
4623 338.0
4624 106.0
4625 467.0
4626 13.0
4627 426.0
4628 450.0
4629 33.0
4630 450.0
4631 33.0
4632 32.0
4633 32.0
4634 30.0
4635 467.0
4636 33.0
4637 232.0
4638 289.0
4639 340.0
4640 342.0
4641 467.0
4642 467.0
4643 287.0
4644 338.0
4645 19.0
4646 467.0
4647 467.0
4648 174.0
4649 467.0
4650 251.0
4651 32.0
4652 467.0
4653 0.0
4654 0.0
4655 467.0
4656 13.0
4657 161.0
4658 467.0
4659 252.0
4660 365.0
4661 403.0
4662 32.0
4663 336.0
4664 33.0
4665 32.0
4666 33.0
4667 33.0
4668 33.0
4669 33.0
4670 33.0
4671 340.0
4672 394.0
4673 449.0
4674 204.0
4675 106.0
4676 467.0
4677 203.0
4678 339.0
4679 450.0
4680 32.0
4681 403.0
4682 33.0
4683 12.0
4684 290.0
4685 1.0
4686 403.0
4687 346.0
4688 232.0
4689 33.0
4690 420.0
4691 11.0
4692 467.0
4693 467.0
4694 340.0
4695 338.0
4696 30.0
4697 358.0
4698 450.0
4699 33.0
4700 467.0
4701 11.0
4702 281.0
4703 403.0
4704 0.0
4705 33.0
4706 287.0
4707 289.0
4708 209.0
4709 467.0
4710 33.0
4711 450.0
4712 403.0
4713 269.0
4714 214.0
4715 0.0
4716 287.0
4717 32.0
4718 278.0
4719 289.0
4720 1.0
4721 204.0
4722 450.0
4723 336.0
4724 340.0
4725 32.0
4726 0.0
4727 340.0
4728 368.0
4729 33.0
4730 467.0
4731 319.0
4732 467.0
4733 0.0
4734 12.0
4735 182.0
4736 165.0
4737 403.0
4738 1.0
4739 338.0
4740 287.0
4741 451.0
4742 32.0
4743 467.0
4744 450.0
4745 287.0
4746 340.0
4747 204.0
4748 450.0
4749 467.0
4750 33.0
4751 214.0
4752 338.0
4753 361.0
4754 467.0
4755 1.0
4756 30.0
4757 450.0
4758 321.0
4759 203.0
4760 336.0
4761 467.0
4762 340.0
4763 450.0
4764 33.0
4765 339.0
4766 213.0
4767 31.0
4768 1.0
4769 266.0
4770 340.0
4771 467.0
4772 159.0
4773 467.0
4774 450.0
4775 340.0
4776 32.0
4777 106.0
4778 340.0
4779 13.0
4780 276.0
4781 467.0
4782 340.0
4783 450.0
4784 289.0
4785 32.0
4786 33.0
4787 251.0
4788 450.0
4789 32.0
4790 450.0
4791 434.0
4792 340.0
4793 33.0
4794 467.0
4795 467.0
4796 467.0
4797 287.0
4798 203.0
4799 467.0
4800 467.0
4801 0.0
4802 467.0
4803 313.0
4804 467.0
4805 450.0
4806 0.0
4807 30.0
4808 450.0
4809 383.0
4810 33.0
4811 467.0
4812 252.0
4813 128.0
4814 467.0
4815 32.0
4816 467.0
4817 353.0
4818 467.0
4819 347.0
4820 33.0
4821 330.0
4822 33.0
4823 33.0
4824 467.0
4825 450.0
4826 449.0
4827 287.0
4828 106.0
4829 467.0
4830 50.0
4831 125.0
4832 467.0
4833 33.0
4834 450.0
4835 33.0
4836 33.0
4837 32.0
4838 30.0
4839 467.0
4840 33.0
4841 338.0
4842 344.0
4843 419.0
4844 32.0
4845 467.0
4846 467.0
4847 340.0
4848 338.0
4849 32.0
4850 467.0
4851 467.0
4852 32.0
4853 341.0
4854 409.0
4855 326.0
4856 403.0
4857 0.0
4858 0.0
4859 340.0
4860 407.0
4861 161.0
4862 467.0
4863 251.0
4864 427.0
4865 403.0
4866 32.0
4867 467.0
4868 23.0
4869 33.0
4870 32.0
4871 0.0
4872 287.0
4873 342.0
4874 203.0
4875 467.0
4876 336.0
4877 457.0
4878 204.0
4879 0.0
4880 340.0
4881 363.0
4882 340.0
4883 450.0
4884 340.0
4885 467.0
4886 0.0
4887 33.0
4888 336.0
4889 413.0
4890 403.0
4891 1.0
4892 338.0
4893 33.0
4894 287.0
4895 32.0
4896 467.0
4897 287.0
4898 467.0
4899 316.0
4900 204.0
4901 358.0
4902 467.0
4903 174.0
4904 467.0
4905 56.0
4906 280.0
4907 340.0
4908 0.0
4909 0.0
4910 287.0
4911 321.0
4912 395.0
4913 340.0
4914 252.0
4915 367.0
4916 467.0
4917 32.0
4918 467.0
4919 187.0
4920 450.0
4921 32.0
4922 340.0
4923 340.0
4924 209.0
4925 66.0
4926 467.0
4927 450.0
4928 367.0
4929 32.0
4930 204.0
4931 450.0
4932 22.0
4933 340.0
4934 467.0
4935 287.0
4936 467.0
4937 283.0
4938 450.0
4939 181.0
4940 33.0
4941 450.0
4942 33.0
4943 338.0
4944 467.0
4945 342.0
4946 342.0
4947 467.0
4948 450.0
4949 287.0
4950 342.0
4951 0.0
4952 403.0
4953 467.0
4954 337.0
4955 214.0
4956 334.0
4957 361.0
4958 446.0
4959 0.0
4960 33.0
4961 450.0
4962 434.0
4963 203.0
4964 340.0
4965 214.0
4966 128.0
4967 450.0
4968 33.0
4969 336.0
4970 0.0
4971 9.0
4972 251.0
4973 33.0
4974 340.0
4975 33.0
4976 33.0
4977 467.0
4978 450.0
4979 457.0
4980 204.0
4981 106.0
4982 467.0
4983 0.0
4984 340.0
4985 467.0
4986 456.0
4987 450.0
4988 33.0
4989 32.0
4990 405.0
4991 33.0
4992 403.0
4993 1.0
4994 450.0
4995 289.0
4996 342.0
4997 32.0
4998 467.0
4999 467.0
5000 467.0
5001 43.0
5002 0.0
5003 450.0
5004 403.0
5005 69.0
5006 467.0
5007 450.0
5008 233.0
5009 403.0
5010 8.0
5011 33.0
5012 450.0
5013 407.0
5014 203.0
5015 403.0
5016 251.0
5017 128.0
5018 403.0
5019 33.0
5020 467.0
5021 0.0
5022 0.0
5023 270.0
5024 33.0
5025 330.0
5026 339.0
5027 32.0
5028 340.0
5029 447.0
5030 427.0
5031 397.0
5032 203.0
5033 467.0
5034 341.0
5035 340.0
5036 450.0
5037 33.0
5038 467.0
5039 206.0
5040 348.0
5041 313.0
5042 1.0
5043 403.0
5044 1.0
5045 287.0
5046 33.0
5047 340.0
5048 32.0
5049 467.0
5050 252.0
5051 340.0
5052 403.0
5053 1.0
5054 358.0
5055 467.0
5056 6.0
5057 467.0
5058 287.0
5059 204.0
5060 403.0
5061 0.0
5062 87.0
5063 342.0
5064 338.0
5065 0.0
5066 340.0
5067 38.0
5068 365.0
5069 467.0
5070 32.0
5071 467.0
5072 187.0
5073 416.0
5074 32.0
5075 251.0
5076 287.0
5077 33.0
5078 380.0
5079 467.0
5080 12.0
5081 359.0
5082 351.0
5083 0.0
5084 467.0
5085 457.0
5086 340.0
5087 450.0
5088 467.0
5089 467.0
5090 434.0
5091 200.0
5092 336.0
5093 426.0
5094 467.0
5095 33.0
5096 287.0
5097 287.0
5098 419.0
5099 32.0
5100 467.0
