1 158.0
2 0.0
3 202.0
4 158.0
5 203.0
6 43.0
7 0.0
8 203.0
9 61.0
10 24.0
11 203.0
12 180.0
13 204.0
14 32.0
15 203.0
16 169.0
17 178.0
18 203.0
19 145.0
20 185.0
21 158.0
22 0.0
23 158.0
24 203.0
25 0.0
26 158.0
27 158.0
28 93.0
29 203.0
30 104.0
31 203.0
32 158.0
33 118.0
34 204.0
35 203.0
36 169.0
37 147.0
38 33.0
39 169.0
40 158.0
41 202.0
42 202.0
43 6.0
44 175.0
45 32.0
46 158.0
47 38.0
48 203.0
49 158.0
50 163.0
51 204.0
52 203.0
53 209.0
54 203.0
55 186.0
56 99.0
57 376.0
58 203.0
59 191.0
60 132.0
61 203.0
62 147.0
63 204.0
64 33.0
65 25.0
66 203.0
67 169.0
68 158.0
69 203.0
70 60.0
71 202.0
72 98.0
73 276.0
74 251.0
75 203.0
76 63.0
77 158.0
78 169.0
79 109.0
80 203.0
81 363.0
82 196.0
83 218.0
84 203.0
85 203.0
86 273.0
87 204.0
88 203.0
89 180.0
90 273.0
91 251.0
92 203.0
93 186.0
94 204.0
95 104.0
96 158.0
97 175.0
98 203.0
99 31.0
100 114.0
101 251.0
102 376.0
103 203.0
104 203.0
105 203.0
106 174.0
107 204.0
108 203.0
109 180.0
110 203.0
111 203.0
112 203.0
113 0.0
114 203.0
115 25.0
116 32.0
117 204.0
118 169.0
119 38.0
120 203.0
121 60.0
122 43.0
123 0.0
124 169.0
125 203.0
126 67.0
127 203.0
128 169.0
129 164.0
130 203.0
131 164.0
132 169.0
133 1.0
134 251.0
135 203.0
136 0.0
137 203.0
138 202.0
139 191.0
140 174.0
141 203.0
142 196.0
143 204.0
144 38.0
145 229.0
146 203.0
147 158.0
148 203.0
149 203.0
150 33.0
151 106.0
152 203.0
153 376.0
154 185.0
155 111.0
156 158.0
157 262.0
158 251.0
159 109.0
160 32.0
161 158.0
162 196.0
163 224.0
164 38.0
165 175.0
166 0.0
167 14.0
168 191.0
169 32.0
170 169.0
171 0.0
172 99.0
173 191.0
174 158.0
175 203.0
176 204.0
177 25.0
178 203.0
179 32.0
180 30.0
181 165.0
182 0.0
183 169.0
184 203.0
185 203.0
186 273.0
187 203.0
188 363.0
189 169.0
190 158.0
191 32.0
192 22.0
193 196.0
194 204.0
195 180.0
196 49.0
197 150.0
198 32.0
199 38.0
200 203.0
201 169.0
202 158.0
203 251.0
204 376.0
205 203.0
206 203.0
207 38.0
208 44.0
209 18.0
210 33.0
211 0.0
212 158.0
213 98.0
214 203.0
215 147.0
216 158.0
217 68.0
218 120.0
219 78.0
220 158.0
221 169.0
222 0.0
223 98.0
224 203.0
225 98.0
226 203.0
227 158.0
228 22.0
229 52.0
230 158.0
231 136.0
232 158.0
233 0.0
234 203.0
235 203.0
236 105.0
237 203.0
238 251.0
239 251.0
240 33.0
241 169.0
242 204.0
243 278.0
244 0.0
245 0.0
246 203.0
247 251.0
248 203.0
249 0.0
250 203.0
251 273.0
252 158.0
253 120.0
254 143.0
255 376.0
256 251.0
257 301.0
258 203.0
259 169.0
260 203.0
261 203.0
262 169.0
263 32.0
264 204.0
265 251.0
266 147.0
267 154.0
268 158.0
269 33.0
270 203.0
271 180.0
272 25.0
273 203.0
274 101.0
275 204.0
276 98.0
277 220.0
278 0.0
279 0.0
280 169.0
281 93.0
282 0.0
283 203.0
284 191.0
285 251.0
286 158.0
287 204.0
288 203.0
289 174.0
290 158.0
291 203.0
292 180.0
293 203.0
294 251.0
295 203.0
296 34.0
297 203.0
298 267.0
299 203.0
300 156.0
301 203.0
302 180.0
303 154.0
304 203.0
305 6.0
306 376.0
307 203.0
308 209.0
309 203.0
310 186.0
311 169.0
312 98.0
313 191.0
314 25.0
315 246.0
316 203.0
317 19.0
318 203.0
319 20.0
320 196.0
321 203.0
322 175.0
323 92.0
324 203.0
325 60.0
326 169.0
327 0.0
328 203.0
329 32.0
330 32.0
331 32.0
332 32.0
333 180.0
334 203.0
335 214.0
336 203.0
337 0.0
338 262.0
339 203.0
340 1.0
341 203.0
342 203.0
343 160.0
344 169.0
345 203.0
346 202.0
347 251.0
348 170.0
349 251.0
350 34.0
351 169.0
352 203.0
353 204.0
354 38.0
355 25.0
356 251.0
357 376.0
358 158.0
359 203.0
360 142.0
361 186.0
362 204.0
363 203.0
364 0.0
365 158.0
366 203.0
367 224.0
368 169.0
369 185.0
370 203.0
371 29.0
372 203.0
373 203.0
374 203.0
375 0.0
376 30.0
377 169.0
378 0.0
379 363.0
380 203.0
381 203.0
382 196.0
383 186.0
384 176.0
385 203.0
386 0.0
387 55.0
388 169.0
389 220.0
390 169.0
391 203.0
392 251.0
393 328.0
394 169.0
395 203.0
396 6.0
397 196.0
398 202.0
399 203.0
400 363.0
401 203.0
402 169.0
403 204.0
404 251.0
405 122.0
406 175.0
407 50.0
408 376.0
409 317.0
410 185.0
411 203.0
412 0.0
413 262.0
414 203.0
415 0.0
416 158.0
417 202.0
418 349.0
419 129.0
420 204.0
421 203.0
422 174.0
423 203.0
424 0.0
425 203.0
426 33.0
427 30.0
428 203.0
429 98.0
430 276.0
431 175.0
432 203.0
433 52.0
434 158.0
435 176.0
436 185.0
437 122.0
438 114.0
439 180.0
440 267.0
441 169.0
442 203.0
443 6.0
444 169.0
445 363.0
446 203.0
447 251.0
448 0.0
449 220.0
450 202.0
451 203.0
452 93.0
453 32.0
454 6.0
455 203.0
456 203.0
457 203.0
458 50.0
459 376.0
460 203.0
461 203.0
462 174.0
463 147.0
464 38.0
465 38.0
466 169.0
467 203.0
468 191.0
469 203.0
470 25.0
471 203.0
472 203.0
473 170.0
474 203.0
475 203.0
476 104.0
477 203.0
478 203.0
479 38.0
480 98.0
481 0.0
482 203.0
483 158.0
484 169.0
485 186.0
486 169.0
487 203.0
488 0.0
489 203.0
490 0.0
491 204.0
492 203.0
493 203.0
494 203.0
495 203.0
496 203.0
497 60.0
498 251.0
499 202.0
500 363.0
501 180.0
502 203.0
503 104.0
504 38.0
505 203.0
506 278.0
507 38.0
508 169.0
509 251.0
510 376.0
511 172.0
512 251.0
513 204.0
514 157.0
515 203.0
516 267.0
517 191.0
518 203.0
519 246.0
520 38.0
521 19.0
522 363.0
523 203.0
524 29.0
525 204.0
526 273.0
527 38.0
528 203.0
529 32.0
530 110.0
531 0.0
532 0.0
533 203.0
534 158.0
535 32.0
536 203.0
537 169.0
538 203.0
539 203.0
540 203.0
541 203.0
542 12.0
543 203.0
544 66.0
545 203.0
546 122.0
547 169.0
548 191.0
549 6.0
550 203.0
551 262.0
552 258.0
553 305.0
554 32.0
555 38.0
556 180.0
557 256.0
558 159.0
559 33.0
560 247.0
561 376.0
562 158.0
563 13.0
564 203.0
565 197.0
566 153.0
567 203.0
568 0.0
569 203.0
570 246.0
571 316.0
572 322.0
573 38.0
574 203.0
575 169.0
576 191.0
577 191.0
578 203.0
579 17.0
580 158.0
581 203.0
582 0.0
583 203.0
584 204.0
585 204.0
586 115.0
587 158.0
588 105.0
589 203.0
590 204.0
591 109.0
592 203.0
593 9.0
594 175.0
595 203.0
596 203.0
597 169.0
598 322.0
599 204.0
600 251.0
601 0.0
602 251.0
603 363.0
604 203.0
605 175.0
606 6.0
607 203.0
608 203.0
609 180.0
610 203.0
611 203.0
612 376.0
613 203.0
614 203.0
615 169.0
616 71.0
617 98.0
618 267.0
619 1.0
620 203.0
621 203.0
622 203.0
623 25.0
624 69.0
625 203.0
626 169.0
627 203.0
628 180.0
629 229.0
630 134.0
631 38.0
632 38.0
633 104.0
634 0.0
635 203.0
636 203.0
637 203.0
638 203.0
639 202.0
640 158.0
641 363.0
642 251.0
643 203.0
644 245.0
645 163.0
646 203.0
647 203.0
648 163.0
649 158.0
650 240.0
651 248.0
652 202.0
653 220.0
654 203.0
655 317.0
656 104.0
657 6.0
658 203.0
659 169.0
660 38.0
661 203.0
662 32.0
663 376.0
664 203.0
665 175.0
666 169.0
667 141.0
668 273.0
669 35.0
670 169.0
671 203.0
672 116.0
673 360.0
674 19.0
675 174.0
676 203.0
677 25.0
678 30.0
679 203.0
680 268.0
681 32.0
682 32.0
683 203.0
684 0.0
685 158.0
686 203.0
687 158.0
688 169.0
689 158.0
690 169.0
691 203.0
692 98.0
693 33.0
694 203.0
695 159.0
696 203.0
697 203.0
698 203.0
699 131.0
700 203.0
701 158.0
702 104.0
703 203.0
704 363.0
705 203.0
706 203.0
707 24.0
708 169.0
709 203.0
710 203.0
711 38.0
712 169.0
713 0.0
714 376.0
715 0.0
716 251.0
717 174.0
718 158.0
719 273.0
720 203.0
721 156.0
722 203.0
723 98.0
724 30.0
725 203.0
726 204.0
727 203.0
728 29.0
729 203.0
730 256.0
731 17.0
732 45.0
733 60.0
734 0.0
735 158.0
736 363.0
737 158.0
738 158.0
739 158.0
740 203.0
741 114.0
742 203.0
743 204.0
744 203.0
745 158.0
746 251.0
747 203.0
748 203.0
749 203.0
750 169.0
751 203.0
752 203.0
753 363.0
754 0.0
755 363.0
756 180.0
757 203.0
758 104.0
759 38.0
760 49.0
761 203.0
762 0.0
763 163.0
764 251.0
765 376.0
766 169.0
767 203.0
768 204.0
769 363.0
770 99.0
771 203.0
772 0.0
773 158.0
774 204.0
775 30.0
776 129.0
777 33.0
778 33.0
779 0.0
780 38.0
781 169.0
782 240.0
783 203.0
784 32.0
785 38.0
786 203.0
787 276.0
788 158.0
789 158.0
790 52.0
791 0.0
792 169.0
793 203.0
794 204.0
795 203.0
796 203.0
797 203.0
798 203.0
799 203.0
800 203.0
801 169.0
802 203.0
803 204.0
804 251.0
805 229.0
806 251.0
807 443.0
808 204.0
809 203.0
810 38.0
811 203.0
812 333.0
813 33.0
814 83.0
815 0.0
816 443.0
817 203.0
818 203.0
819 204.0
820 203.0
821 163.0
822 186.0
823 0.0
824 180.0
825 204.0
826 203.0
827 203.0
828 45.0
829 203.0
830 33.0
831 30.0
832 203.0
833 203.0
834 203.0
835 32.0
836 203.0
837 203.0
838 170.0
839 158.0
840 22.0
841 43.0
842 169.0
843 169.0
844 158.0
845 170.0
846 114.0
847 169.0
848 169.0
849 203.0
850 93.0
851 203.0
852 120.0
853 203.0
854 169.0
855 289.0
856 203.0
857 203.0
858 203.0
859 203.0
860 24.0
861 158.0
862 83.0
863 278.0
864 202.0
865 169.0
866 251.0
867 443.0
868 158.0
869 203.0
870 104.0
871 158.0
872 153.0
873 203.0
874 32.0
875 30.0
876 99.0
877 30.0
878 19.0
879 203.0
880 202.0
881 29.0
882 203.0
883 180.0
884 203.0
885 28.0
886 60.0
887 175.0
888 202.0
889 251.0
890 203.0
891 0.0
892 158.0
893 158.0
894 112.0
895 203.0
896 174.0
897 33.0
898 169.0
899 223.0
900 203.0
901 1.0
902 203.0
903 204.0
904 203.0
905 204.0
906 6.0
907 203.0
908 203.0
909 334.0
910 203.0
911 104.0
912 130.0
913 38.0
914 34.0
915 161.0
916 25.0
917 251.0
918 443.0
919 203.0
920 6.0
921 204.0
922 158.0
923 153.0
924 363.0
925 32.0
926 203.0
927 98.0
928 203.0
929 169.0
930 38.0
931 203.0
932 93.0
933 203.0
934 180.0
935 169.0
936 230.0
937 33.0
938 251.0
939 204.0
940 191.0
941 158.0
942 158.0
943 203.0
944 6.0
945 176.0
946 203.0
947 169.0
948 114.0
949 180.0
950 245.0
951 186.0
952 169.0
953 203.0
954 169.0
955 203.0
956 203.0
957 29.0
958 169.0
959 251.0
960 300.0
961 203.0
962 203.0
963 38.0
964 204.0
965 203.0
966 203.0
967 169.0
968 204.0
969 443.0
970 251.0
971 203.0
972 203.0
973 203.0
974 153.0
975 191.0
976 61.0
977 158.0
978 203.0
979 203.0
980 147.0
981 26.0
982 203.0
983 25.0
984 203.0
985 180.0
986 203.0
987 2.0
988 158.0
989 203.0
990 203.0
991 32.0
992 158.0
993 22.0
994 50.0
995 0.0
996 180.0
997 39.0
998 170.0
999 203.0
1000 1.0
1001 364.0
1002 145.0
1003 104.0
1004 203.0
1005 203.0
1006 203.0
1007 203.0
1008 203.0
1009 169.0
1010 363.0
1011 203.0
1012 204.0
1013 94.0
1014 169.0
1015 45.0
1016 278.0
1017 203.0
1018 443.0
1019 251.0
1020 443.0
1021 158.0
1022 203.0
1023 104.0
1024 143.0
1025 99.0
1026 203.0
1027 203.0
1028 158.0
1029 251.0
1030 203.0
1031 19.0
1032 203.0
1033 203.0
1034 29.0
1035 203.0
1036 180.0
1037 240.0
1038 39.0
1039 49.0
1040 282.0
1041 203.0
1042 251.0
1043 158.0
1044 158.0
1045 9.0
1046 30.0
1047 180.0
1048 0.0
1049 203.0
1050 60.0
1051 203.0
1052 175.0
1053 175.0
1054 202.0
1055 203.0
1056 203.0
1057 180.0
1058 169.0
1059 363.0
1060 203.0
1061 363.0
1062 443.0
1063 203.0
1064 104.0
1065 158.0
1066 203.0
1067 0.0
1068 117.0
1069 203.0
1070 251.0
1071 443.0
1072 169.0
1073 33.0
1074 169.0
1075 87.0
1076 204.0
1077 203.0
1078 191.0
1079 32.0
1080 164.0
1081 169.0
1082 129.0
1083 38.0
1084 0.0
1085 0.0
1086 203.0
1087 180.0
1088 203.0
1089 39.0
1090 158.0
1091 203.0
1092 203.0
1093 251.0
1094 158.0
1095 25.0
1096 203.0
1097 169.0
1098 112.0
1099 203.0
1100 169.0
1101 203.0
1102 180.0
1103 229.0
1104 203.0
1105 6.0
1106 0.0
1107 169.0
1108 203.0
1109 203.0
1110 29.0
1111 203.0
1112 251.0
1113 376.0
1114 203.0
1115 203.0
1116 158.0
1117 196.0
1118 203.0
1119 121.0
1120 203.0
1121 203.0
1122 443.0
1123 203.0
1124 203.0
1125 204.0
1126 169.0
1127 153.0
1128 203.0
1129 0.0
1130 108.0
1131 246.0
1132 163.0
1133 25.0
1134 38.0
1135 188.0
1136 169.0
1137 204.0
1138 203.0
1139 38.0
1140 26.0
1141 163.0
1142 443.0
1143 169.0
1144 251.0
1145 158.0
1146 204.0
1147 176.0
1148 6.0
1149 169.0
1150 203.0
1151 170.0
1152 109.0
1153 0.0
1154 12.0
1155 169.0
1156 186.0
1157 203.0
1158 389.0
1159 169.0
1160 204.0
1161 6.0
1162 0.0
1163 251.0
1164 203.0
1165 106.0
1166 203.0
1167 169.0
1168 107.0
1169 203.0
1170 32.0
1171 268.0
1172 363.0
1173 443.0
1174 195.0
1175 203.0
1176 132.0
1177 443.0
1178 100.0
1179 203.0
1180 186.0
1181 153.0
1182 169.0
1183 203.0
1184 19.0
1185 203.0
1186 33.0
1187 29.0
1188 203.0
1189 1.0
1190 387.0
1191 6.0
1192 38.0
1193 387.0
1194 203.0
1195 251.0
1196 158.0
1197 22.0
1198 49.0
1199 203.0
1200 169.0
1201 191.0
1202 34.0
1203 33.0
1204 174.0
1205 25.0
1206 169.0
1207 93.0
1208 203.0
1209 170.0
1210 180.0
1211 204.0
1212 136.0
1213 0.0
1214 203.0
1215 334.0
1216 203.0
1217 234.0
1218 169.0
1219 158.0
1220 34.0
1221 38.0
1222 203.0
1223 251.0
1224 443.0
1225 0.0
1226 123.0
1227 104.0
1228 54.0
1229 105.0
1230 203.0
1231 196.0
1232 158.0
1233 125.0
1234 203.0
1235 19.0
1236 204.0
1237 33.0
1238 0.0
1239 203.0
1240 180.0
1241 203.0
1242 203.0
1243 38.0
1244 443.0
1245 93.0
1246 204.0
1247 158.0
1248 32.0
1249 169.0
1250 158.0
1251 112.0
1252 203.0
1253 251.0
1254 203.0
1255 203.0
1256 417.0
1257 203.0
1258 203.0
1259 203.0
1260 169.0
1261 29.0
1262 363.0
1263 251.0
1264 203.0
1265 203.0
1266 376.0
1267 203.0
1268 93.0
1269 158.0
1270 185.0
1271 169.0
1272 0.0
1273 169.0
1274 203.0
1275 443.0
1276 6.0
1277 0.0
1278 203.0
1279 167.0
1280 153.0
1281 169.0
1282 6.0
1283 203.0
1284 99.0
1285 318.0
1286 147.0
1287 170.0
1288 177.0
1289 33.0
1290 203.0
1291 180.0
1292 240.0
1293 47.0
1294 0.0
1295 443.0
1296 169.0
1297 357.0
1298 158.0
1299 22.0
1300 169.0
1301 158.0
1302 105.0
1303 203.0
1304 170.0
1305 382.0
1306 0.0
1307 169.0
1308 203.0
1309 1.0
1310 363.0
1311 203.0
1312 191.0
1313 203.0
1314 137.0
1315 196.0
1316 251.0
1317 376.0
1318 33.0
1319 203.0
1320 38.0
1321 169.0
1322 203.0
1323 169.0
1324 203.0
1325 203.0
1326 443.0
1327 68.0
1328 289.0
1329 104.0
1330 158.0
1331 100.0
1332 169.0
1333 106.0
1334 203.0
1335 98.0
1336 30.0
1337 129.0
1338 169.0
1339 203.0
1340 29.0
1341 203.0
1342 268.0
1343 203.0
1344 39.0
1345 38.0
1346 443.0
1347 98.0
1348 364.0
1349 158.0
1350 22.0
1351 50.0
1352 12.0
1353 98.0
1354 32.0
1355 170.0
1356 382.0
1357 0.0
1358 5.0
1359 163.0
1360 104.0
1361 203.0
1362 251.0
1363 180.0
1364 443.0
1365 251.0
1366 180.0
1367 251.0
1368 203.0
1369 251.0
1370 32.0
1371 38.0
1372 169.0
1373 32.0
1374 6.0
1375 443.0
1376 251.0
1377 443.0
1378 33.0
1379 289.0
1380 0.0
1381 54.0
1382 204.0
1383 203.0
1384 156.0
1385 30.0
1386 231.0
1387 169.0
1388 0.0
1389 363.0
1390 33.0
1391 25.0
1392 203.0
1393 203.0
1394 203.0
1395 203.0
1396 60.0
1397 443.0
1398 203.0
1399 363.0
1400 158.0
1401 25.0
1402 49.0
1403 1.0
1404 202.0
1405 158.0
1406 33.0
1407 33.0
1408 169.0
1409 240.0
1410 138.0
1411 93.0
1412 203.0
1413 170.0
1414 203.0
1415 204.0
1416 363.0
1417 203.0
1418 363.0
1419 334.0
1420 203.0
1421 191.0
1422 203.0
1423 203.0
1424 0.0
1425 25.0
1426 169.0
1427 363.0
1428 443.0
1429 68.0
1430 0.0
1431 204.0
1432 143.0
1433 251.0
1434 191.0
1435 203.0
1436 32.0
1437 203.0
1438 203.0
1439 0.0
1440 363.0
1441 251.0
1442 0.0
1443 203.0
1444 196.0
1445 203.0
1446 203.0
1447 203.0
1448 443.0
1449 203.0
1450 251.0
1451 158.0
1452 203.0
1453 169.0
1454 30.0
1455 112.0
1456 158.0
1457 175.0
1458 203.0
1459 204.0
1460 203.0
1461 203.0
1462 203.0
1463 203.0
1464 180.0
1465 203.0
1466 169.0
1467 363.0
1468 0.0
1469 251.0
1470 376.0
1471 54.0
1472 104.0
1473 32.0
1474 203.0
1475 273.0
1476 203.0
1477 169.0
1478 204.0
1479 443.0
1480 203.0
1481 443.0
1482 203.0
1483 169.0
1484 100.0
1485 169.0
1486 251.0
1487 203.0
1488 93.0
1489 316.0
1490 203.0
1491 203.0
1492 33.0
1493 203.0
1494 158.0
1495 191.0
1496 443.0
1497 203.0
1498 25.0
1499 443.0
1500 203.0
1501 251.0
1502 158.0
1503 22.0
1504 50.0
1505 37.0
1506 169.0
1507 203.0
1508 169.0
1509 363.0
1510 0.0
1511 203.0
1512 175.0
1513 11.0
1514 203.0
1515 203.0
1516 191.0
1517 169.0
1518 169.0
1519 191.0
1520 251.0
1521 376.0
1522 104.0
1523 24.0
1524 169.0
1525 0.0
1526 333.0
1527 32.0
1528 363.0
1529 251.0
1530 443.0
1531 45.0
1532 203.0
1533 0.0
1534 203.0
1535 99.0
1536 191.0
1537 203.0
1538 30.0
1539 203.0
1540 38.0
1541 147.0
1542 363.0
1543 33.0
1544 29.0
1545 0.0
1546 1.0
1547 203.0
1548 17.0
1549 32.0
1550 443.0
1551 203.0
1552 1.0
1553 158.0
1554 25.0
1555 50.0
1556 37.0
1557 180.0
1558 203.0
1559 100.0
1560 376.0
1561 169.0
1562 251.0
1563 169.0
1564 104.0
1565 203.0
1566 203.0
1567 180.0
1568 185.0
1569 169.0
1570 0.0
1571 251.0
1572 268.0
1573 203.0
1574 109.0
1575 203.0
1576 203.0
1577 278.0
1578 25.0
1579 443.0
1580 203.0
1581 443.0
1582 203.0
1583 203.0
1584 32.0
1585 443.0
1586 204.0
1587 203.0
1588 251.0
1589 14.0
1590 125.0
1591 209.0
1592 19.0
1593 240.0
1594 169.0
1595 0.0
1596 204.0
1597 104.0
1598 203.0
1599 203.0
1600 60.0
1601 443.0
1602 203.0
1603 251.0
1604 158.0
1605 176.0
1606 169.0
1607 30.0
1608 109.0
1609 1.0
1610 169.0
1611 114.0
1612 169.0
1613 203.0
1614 169.0
1615 93.0
1616 203.0
1617 203.0
1618 203.0
1619 443.0
1620 363.0
1621 147.0
1622 251.0
1623 334.0
1624 203.0
1625 109.0
1626 203.0
1627 176.0
1628 203.0
1629 153.0
1630 334.0
1631 363.0
1632 443.0
1633 68.0
1634 123.0
1635 204.0
1636 170.0
1637 153.0
1638 203.0
1639 363.0
1640 0.0
1641 38.0
1642 203.0
1643 0.0
1644 160.0
1645 203.0
1646 29.0
1647 203.0
1648 180.0
1649 203.0
1650 158.0
1651 203.0
1652 387.0
1653 203.0
1654 251.0
1655 158.0
1656 22.0
1657 30.0
1658 37.0
1659 174.0
1660 203.0
1661 130.0
1662 268.0
1663 0.0
1664 169.0
1665 203.0
1666 1.0
1667 203.0
1668 169.0
1669 180.0
1670 169.0
1671 191.0
1672 191.0
1673 363.0
1674 443.0
1675 203.0
1676 0.0
1677 169.0
1678 242.0
1679 169.0
1680 6.0
1681 268.0
1682 363.0
1683 443.0
1684 203.0
1685 301.0
1686 204.0
1687 170.0
1688 100.0
1689 33.0
1690 169.0
1691 0.0
1692 204.0
1693 349.0
1694 129.0
1695 203.0
1696 0.0
1697 29.0
1698 204.0
1699 6.0
1700 180.0
1701 1.0
1702 43.0
1703 387.0
1704 203.0
1705 251.0
1706 158.0
1707 158.0
1708 204.0
1709 12.0
1710 180.0
1711 203.0
1712 170.0
1713 382.0
1714 0.0
1715 203.0
1716 278.0
1717 203.0
1718 203.0
1719 203.0
1720 180.0
1721 203.0
1722 169.0
1723 191.0
1724 363.0
1725 443.0
1726 169.0
1727 203.0
1728 169.0
1729 158.0
1730 203.0
1731 25.0
1732 443.0
1733 251.0
1734 443.0
1735 0.0
1736 203.0
1737 132.0
1738 165.0
1739 153.0
1740 318.0
1741 251.0
1742 0.0
1743 169.0
1744 158.0
1745 203.0
1746 363.0
1747 186.0
1748 0.0
1749 33.0
1750 104.0
1751 203.0
1752 214.0
1753 32.0
1754 443.0
1755 203.0
1756 185.0
1757 158.0
1758 22.0
1759 50.0
1760 30.0
1761 138.0
1762 363.0
1763 130.0
1764 363.0
1765 32.0
1766 273.0
1767 186.0
1768 93.0
1769 203.0
1770 185.0
1771 203.0
1772 191.0
1773 169.0
1774 203.0
1775 363.0
1776 334.0
1777 203.0
1778 120.0
1779 6.0
1780 203.0
1781 203.0
1782 0.0
1783 175.0
1784 0.0
1785 443.0
1786 203.0
1787 170.0
1788 203.0
1789 170.0
1790 105.0
1791 203.0
1792 230.0
1793 0.0
1794 229.0
1795 203.0
1796 19.0
1797 363.0
1798 203.0
1799 0.0
1800 204.0
1801 1.0
1802 203.0
1803 50.0
1804 38.0
1805 443.0
1806 203.0
1807 251.0
1808 203.0
1809 22.0
1810 203.0
1811 30.0
1812 30.0
1813 0.0
1814 174.0
1815 203.0
1816 169.0
1817 203.0
1818 180.0
1819 104.0
1820 203.0
1821 169.0
1822 203.0
1823 191.0
1824 363.0
1825 0.0
1826 251.0
1827 268.0
1828 54.0
1829 110.0
1830 169.0
1831 203.0
1832 169.0
1833 0.0
1834 175.0
1835 251.0
1836 443.0
1837 185.0
1838 169.0
1839 203.0
1840 170.0
1841 204.0
1842 203.0
1843 98.0
1844 6.0
1845 203.0
1846 363.0
1847 0.0
1848 203.0
1849 203.0
1850 203.0
1851 204.0
1852 30.0
1853 180.0
1854 203.0
1855 38.0
1856 363.0
1857 158.0
1858 32.0
1859 203.0
1860 25.0
1861 0.0
1862 37.0
1863 203.0
1864 203.0
1865 203.0
1866 251.0
1867 0.0
1868 203.0
1869 197.0
1870 203.0
1871 203.0
1872 169.0
1873 318.0
1874 169.0
1875 363.0
1876 203.0
1877 363.0
1878 443.0
1879 203.0
1880 38.0
1881 169.0
1882 0.0
1883 203.0
1884 16.0
1885 203.0
1886 204.0
1887 443.0
1888 158.0
1889 203.0
1890 203.0
1891 186.0
1892 100.0
1893 191.0
1894 158.0
1895 0.0
1896 251.0
1897 349.0
1898 147.0
1899 130.0
1900 45.0
1901 29.0
1902 204.0
1903 98.0
1904 203.0
1905 236.0
1906 77.0
1907 443.0
1908 158.0
1909 0.0
1910 158.0
1911 35.0
1912 49.0
1913 158.0
1914 203.0
1915 203.0
1916 130.0
1917 363.0
1918 169.0
1919 203.0
1920 175.0
1921 203.0
1922 203.0
1923 363.0
1924 203.0
1925 203.0
1926 191.0
1927 191.0
1928 363.0
1929 376.0
1930 203.0
1931 120.0
1932 32.0
1933 12.0
1934 169.0
1935 0.0
1936 443.0
1937 121.0
1938 443.0
1939 203.0
1940 203.0
1941 203.0
1942 363.0
1943 251.0
1944 204.0
1945 363.0
1946 14.0
1947 196.0
1948 158.0
1949 33.0
1950 203.0
1951 0.0
1952 0.0
1953 204.0
1954 31.0
1955 203.0
1956 251.0
1957 49.0
1958 203.0
1959 203.0
1960 251.0
1961 203.0
1962 17.0
1963 180.0
1964 30.0
1965 196.0
1966 203.0
1967 204.0
1968 363.0
1969 169.0
1970 203.0
1971 318.0
1972 104.0
1973 203.0
1974 204.0
1975 203.0
1976 203.0
1977 268.0
1978 0.0
1979 247.0
1980 203.0
1981 142.0
1982 0.0
1983 169.0
1984 6.0
1985 203.0
1986 0.0
1987 175.0
1988 251.0
1989 443.0
1990 191.0
1991 169.0
1992 132.0
1993 188.0
1994 204.0
1995 282.0
1996 98.0
1997 6.0
1998 203.0
1999 203.0
2000 175.0
2001 363.0
2002 203.0
2003 98.0
2004 204.0
2005 180.0
2006 203.0
2007 44.0
2008 32.0
2009 443.0
2010 203.0
2011 203.0
2012 158.0
2013 25.0
2014 204.0
2015 202.0
2016 186.0
2017 0.0
2018 203.0
2019 43.0
2020 169.0
2021 203.0
2022 170.0
2023 203.0
2024 203.0
2025 38.0
2026 203.0
2027 169.0
2028 363.0
2029 147.0
2030 251.0
2031 334.0
2032 109.0
2033 93.0
2034 158.0
2035 203.0
2036 203.0
2037 203.0
2038 175.0
2039 363.0
2040 443.0
2041 186.0
2042 169.0
2043 203.0
2044 129.0
2045 100.0
2046 169.0
2047 172.0
2048 202.0
2049 203.0
2050 349.0
2051 203.0
2052 363.0
2053 45.0
2054 29.0
2055 363.0
2056 30.0
2057 180.0
2058 203.0
2059 203.0
2060 387.0
2061 170.0
2062 251.0
2063 251.0
2064 203.0
2065 50.0
2066 71.0
2067 180.0
2068 203.0
2069 130.0
2070 251.0
2071 39.0
2072 203.0
2073 175.0
2074 204.0
2075 203.0
2076 169.0
2077 312.0
2078 203.0
2079 364.0
2080 0.0
2081 363.0
2082 376.0
2083 43.0
2084 38.0
2085 203.0
2086 203.0
2087 0.0
2088 0.0
2089 268.0
2090 251.0
2091 443.0
2092 169.0
2093 203.0
2094 203.0
2095 443.0
2096 127.0
2097 169.0
2098 380.0
2099 0.0
2100 213.0
2101 349.0
2102 251.0
2103 268.0
2104 33.0
2105 0.0
2106 203.0
2107 32.0
2108 203.0
2109 251.0
2110 98.0
2111 443.0
2112 158.0
2113 364.0
2114 158.0
2115 43.0
2116 50.0
2117 153.0
2118 30.0
2119 32.0
2120 204.0
2121 651.0
2122 169.0
2123 203.0
2124 203.0
2125 240.0
2126 203.0
2127 204.0
2128 203.0
2129 203.0
2130 363.0
2131 203.0
2132 363.0
2133 363.0
2134 33.0
2135 0.0
2136 203.0
2137 0.0
2138 203.0
2139 115.0
2140 387.0
2141 203.0
2142 651.0
2143 363.0
2144 651.0
2145 443.0
2146 363.0
2147 363.0
2148 651.0
2149 251.0
2150 556.0
2151 203.0
2152 363.0
2153 363.0
2154 699.0
2155 651.0
2156 363.0
2157 556.0
2158 363.0
2159 651.0
2160 363.0
2161 203.0
2162 363.0
2163 651.0
2164 363.0
2165 349.0
2166 363.0
2167 203.0
2168 203.0
2169 363.0
2170 43.0
2171 382.0
2172 363.0
2173 251.0
2174 651.0
2175 380.0
2176 651.0
2177 116.0
2178 363.0
2179 203.0
2180 363.0
2181 114.0
2182 380.0
2183 266.0
2184 382.0
2185 363.0
2186 363.0
2187 651.0
2188 651.0
2189 286.0
2190 251.0
2191 700.0
2192 443.0
2193 363.0
2194 651.0
2195 651.0
2196 363.0
2197 332.0
2198 43.0
2199 651.0
2200 363.0
2201 363.0
2202 229.0
2203 363.0
2204 363.0
2205 651.0
2206 378.0
2207 251.0
2208 651.0
2209 203.0
2210 651.0
2211 363.0
2212 700.0
2213 363.0
2214 651.0
2215 363.0
2216 363.0
2217 363.0
2218 247.0
2219 203.0
2220 363.0
2221 363.0
2222 363.0
2223 651.0
2224 251.0
2225 43.0
2226 363.0
2227 363.0
2228 116.0
2229 363.0
2230 651.0
2231 651.0
2232 651.0
2233 443.0
2234 363.0
2235 363.0
2236 651.0
2237 363.0
2238 363.0
2239 651.0
2240 339.0
2241 443.0
2242 651.0
2243 363.0
2244 700.0
2245 651.0
2246 700.0
2247 364.0
2248 363.0
2249 251.0
2250 700.0
2251 203.0
2252 251.0
2253 213.0
2254 651.0
2255 363.0
2256 203.0
2257 364.0
2258 363.0
2259 363.0
2260 1.0
2261 363.0
2262 363.0
2263 380.0
2264 251.0
2265 363.0
2266 363.0
2267 363.0
2268 363.0
2269 363.0
2270 56.0
2271 363.0
2272 443.0
2273 363.0
2274 33.0
2275 361.0
2276 43.0
2277 651.0
2278 443.0
2279 38.0
2280 363.0
2281 651.0
2282 700.0
2283 651.0
2284 251.0
2285 266.0
2286 651.0
2287 66.0
2288 651.0
2289 363.0
2290 651.0
2291 306.0
2292 443.0
2293 700.0
2294 203.0
2295 700.0
2296 382.0
2297 251.0
2298 49.0
2299 363.0
2300 203.0
2301 363.0
2302 363.0
2303 267.0
2304 33.0
2305 363.0
2306 651.0
2307 651.0
2308 378.0
2309 651.0
2310 556.0
2311 43.0
2312 700.0
2313 203.0
2314 203.0
2315 251.0
2316 651.0
2317 364.0
2318 229.0
2319 363.0
2320 203.0
2321 56.0
2322 699.0
2323 443.0
2324 363.0
2325 363.0
2326 0.0
2327 203.0
2328 651.0
2329 251.0
2330 44.0
2331 49.0
2332 203.0
2333 363.0
2334 651.0
2335 251.0
2336 39.0
2337 363.0
2338 443.0
2339 109.0
2340 363.0
2341 251.0
2342 363.0
2343 443.0
2344 382.0
2345 443.0
2346 700.0
2347 651.0
2348 382.0
2349 363.0
2350 363.0
2351 251.0
2352 363.0
2353 363.0
2354 363.0
2355 203.0
2356 363.0
2357 114.0
2358 651.0
2359 378.0
2360 203.0
2361 363.0
2362 203.0
2363 651.0
2364 203.0
2365 203.0
2366 651.0
2367 651.0
2368 251.0
2369 158.0
2370 651.0
2371 203.0
2372 203.0
2373 363.0
2374 363.0
2375 363.0
2376 651.0
2377 363.0
2378 32.0
2379 363.0
2380 363.0
2381 61.0
2382 363.0
2383 363.0
2384 651.0
2385 363.0
2386 651.0
2387 163.0
2388 109.0
2389 556.0
2390 363.0
2391 651.0
2392 0.0
2393 33.0
2394 443.0
2395 382.0
2396 251.0
2397 363.0
2398 651.0
2399 651.0
2400 94.0
2401 203.0
2402 43.0
2403 363.0
2404 363.0
2405 251.0
2406 203.0
2407 363.0
2408 651.0
2409 651.0
2410 363.0
2411 363.0
2412 651.0
2413 203.0
2414 363.0
2415 363.0
2416 380.0
2417 651.0
2418 380.0
2419 251.0
2420 203.0
2421 380.0
2422 203.0
2423 203.0
2424 700.0
2425 651.0
2426 651.0
2427 363.0
2428 251.0
2429 62.0
2430 651.0
2431 363.0
2432 203.0
2433 363.0
2434 651.0
2435 363.0
2436 363.0
2437 651.0
2438 251.0
2439 382.0
2440 66.0
2441 363.0
2442 363.0
2443 651.0
2444 306.0
2445 203.0
2446 651.0
2447 43.0
2448 363.0
2449 380.0
2450 363.0
2451 79.0
2452 98.0
2453 93.0
2454 651.0
2455 363.0
2456 203.0
2457 191.0
2458 651.0
2459 363.0
2460 382.0
2461 363.0
2462 363.0
2463 651.0
2464 1.0
2465 651.0
2466 363.0
2467 363.0
2468 651.0
2469 363.0
2470 364.0
2471 203.0
2472 651.0
2473 203.0
2474 3.0
2475 363.0
2476 363.0
2477 363.0
2478 363.0
2479 251.0
2480 42.0
2481 363.0
2482 363.0
2483 203.0
2484 363.0
2485 378.0
2486 651.0
2487 363.0
2488 651.0
2489 251.0
2490 651.0
2491 363.0
2492 109.0
2493 363.0
2494 363.0
2495 363.0
2496 203.0
2497 651.0
2498 443.0
2499 700.0
2500 382.0
2501 363.0
2502 251.0
2503 363.0
2504 203.0
2505 651.0
2506 251.0
2507 363.0
2508 203.0
2509 43.0
2510 363.0
2511 363.0
2512 651.0
2513 380.0
2514 651.0
2515 191.0
2516 651.0
2517 203.0
2518 443.0
2519 651.0
2520 651.0
2521 651.0
2522 153.0
2523 363.0
2524 203.0
2525 203.0
2526 363.0
2527 363.0
2528 651.0
2529 651.0
2530 363.0
2531 0.0
2532 651.0
2533 651.0
2534 61.0
2535 380.0
2536 251.0
2537 700.0
2538 651.0
2539 363.0
2540 0.0
2541 376.0
2542 251.0
2543 363.0
2544 651.0
2545 651.0
2546 253.0
2547 443.0
2548 251.0
2549 443.0
2550 700.0
2551 651.0
2552 651.0
2553 251.0
2554 203.0
2555 251.0
2556 651.0
2557 363.0
2558 363.0
2559 158.0
2560 203.0
2561 363.0
2562 651.0
2563 363.0
2564 651.0
2565 363.0
2566 251.0
2567 363.0
2568 363.0
2569 363.0
2570 363.0
2571 651.0
2572 363.0
2573 203.0
2574 344.0
2575 149.0
2576 363.0
2577 363.0
2578 700.0
2579 700.0
2580 363.0
2581 203.0
2582 203.0
2583 651.0
2584 363.0
2585 50.0
2586 363.0
2587 363.0
2588 363.0
2589 363.0
2590 251.0
2591 75.0
2592 33.0
2593 363.0
2594 362.0
2595 363.0
2596 651.0
2597 38.0
2598 203.0
2599 382.0
2600 651.0
2601 700.0
2602 651.0
2603 651.0
2604 78.0
2605 203.0
2606 43.0
2607 169.0
2608 363.0
2609 251.0
2610 203.0
2611 363.0
2612 651.0
2613 651.0
2614 556.0
2615 651.0
2616 363.0
2617 203.0
2618 363.0
2619 363.0
2620 346.0
2621 363.0
2622 363.0
2623 651.0
2624 203.0
2625 253.0
2626 363.0
2627 333.0
2628 363.0
2629 380.0
2630 651.0
2631 651.0
2632 203.0
2633 47.0
2634 651.0
2635 363.0
2636 82.0
2637 363.0
2638 363.0
2639 363.0
2640 651.0
2641 651.0
2642 144.0
2643 651.0
2644 651.0
2645 363.0
2646 651.0
2647 363.0
2648 363.0
2649 203.0
2650 651.0
2651 363.0
2652 363.0
2653 363.0
2654 651.0
2655 251.0
2656 333.0
2657 363.0
2658 700.0
2659 306.0
2660 363.0
2661 158.0
2662 651.0
2663 363.0
2664 363.0
2665 556.0
2666 651.0
2667 363.0
2668 204.0
2669 363.0
2670 203.0
2671 363.0
2672 251.0
2673 651.0
2674 363.0
2675 33.0
2676 443.0
2677 363.0
2678 203.0
2679 363.0
2680 651.0
2681 363.0
2682 251.0
2683 363.0
2684 38.0
2685 363.0
2686 363.0
2687 44.0
2688 363.0
2689 651.0
2690 363.0
2691 700.0
2692 363.0
2693 6.0
2694 363.0
2695 380.0
2696 363.0
2697 651.0
2698 651.0
2699 306.0
2700 203.0
2701 43.0
2702 651.0
2703 363.0
2704 382.0
2705 158.0
2706 203.0
2707 363.0
2708 651.0
2709 651.0
2710 363.0
2711 443.0
2712 203.0
2713 363.0
2714 651.0
2715 363.0
2716 651.0
2717 242.0
2718 651.0
2719 203.0
2720 376.0
2721 363.0
2722 443.0
2723 251.0
2724 700.0
2725 363.0
2726 203.0
2727 651.0
2728 363.0
2729 251.0
2730 363.0
2731 363.0
2732 651.0
2733 218.0
2734 363.0
2735 43.0
2736 651.0
2737 251.0
2738 363.0
2739 363.0
2740 114.0
2741 363.0
2742 363.0
2743 651.0
2744 443.0
2745 382.0
2746 556.0
2747 363.0
2748 363.0
2749 651.0
2750 38.0
2751 203.0
2752 158.0
2753 443.0
2754 363.0
2755 651.0
2756 251.0
2757 94.0
2758 651.0
2759 203.0
2760 363.0
2761 363.0
2762 363.0
2763 196.0
2764 203.0
2765 651.0
2766 363.0
2767 651.0
2768 363.0
2769 251.0
2770 251.0
2771 700.0
2772 363.0
2773 363.0
2774 363.0
2775 380.0
2776 363.0
2777 203.0
2778 223.0
2779 55.0
2780 251.0
2781 363.0
2782 363.0
2783 700.0
2784 699.0
2785 363.0
2786 0.0
2787 651.0
2788 363.0
2789 203.0
2790 651.0
2791 651.0
2792 363.0
2793 651.0
2794 651.0
2795 84.0
2796 382.0
2797 556.0
2798 378.0
2799 363.0
2800 651.0
2801 306.0
2802 0.0
2803 651.0
2804 251.0
2805 363.0
2806 651.0
2807 651.0
2808 136.0
2809 251.0
2810 132.0
2811 363.0
2812 203.0
2813 363.0
2814 180.0
2815 651.0
2816 363.0
2817 382.0
2818 363.0
2819 651.0
2820 251.0
2821 185.0
2822 700.0
2823 363.0
2824 651.0
2825 363.0
2826 651.0
2827 364.0
2828 363.0
2829 363.0
2830 651.0
2831 251.0
2832 363.0
2833 363.0
2834 363.0
2835 651.0
2836 203.0
2837 0.0
2838 651.0
2839 363.0
2840 203.0
2841 363.0
2842 251.0
2843 651.0
2844 363.0
2845 651.0
2846 443.0
2847 651.0
2848 43.0
2849 378.0
2850 363.0
2851 363.0
2852 651.0
2853 0.0
2854 651.0
2855 443.0
2856 363.0
2857 651.0
2858 363.0
2859 443.0
2860 363.0
2861 363.0
2862 363.0
2863 363.0
2864 380.0
2865 203.0
2866 651.0
2867 363.0
2868 382.0
2869 700.0
2870 651.0
2871 651.0
2872 203.0
2873 651.0
2874 203.0
2875 443.0
2876 251.0
2877 700.0
2878 203.0
2879 203.0
2880 651.0
2881 363.0
2882 363.0
2883 363.0
2884 363.0
2885 700.0
2886 364.0
2887 363.0
2888 43.0
2889 651.0
2890 251.0
2891 203.0
2892 363.0
2893 203.0
2894 651.0
2895 700.0
2896 363.0
2897 186.0
2898 651.0
2899 203.0
2900 363.0
2901 363.0
2902 651.0
2903 245.0
2904 443.0
2905 382.0
2906 651.0
2907 700.0
2908 651.0
2909 651.0
2910 203.0
2911 651.0
2912 176.0
2913 363.0
2914 363.0
2915 363.0
2916 203.0
2917 203.0
2918 651.0
2919 651.0
2920 363.0
2921 251.0
2922 363.0
2923 651.0
2924 363.0
2925 582.0
2926 363.0
2927 651.0
2928 651.0
2929 251.0
2930 231.0
2931 651.0
2932 363.0
2933 203.0
2934 363.0
2935 363.0
2936 363.0
2937 651.0
2938 363.0
2939 36.0
2940 651.0
2941 363.0
2942 45.0
2943 380.0
2944 651.0
2945 380.0
2946 700.0
2947 651.0
2948 69.0
2949 382.0
2950 651.0
2951 443.0
2952 700.0
2953 651.0
2954 363.0
2955 651.0
2956 251.0
2957 251.0
2958 700.0
2959 651.0
2960 380.0
2961 104.0
2962 443.0
2963 127.0
2964 651.0
2965 363.0
2966 443.0
2967 204.0
2968 651.0
2969 363.0
2970 651.0
2971 700.0
2972 363.0
2973 251.0
2974 251.0
2975 363.0
2976 582.0
2977 363.0
2978 651.0
2979 651.0
2980 251.0
2981 203.0
2982 109.0
2983 203.0
2984 203.0
2985 443.0
2986 363.0
2987 700.0
2988 651.0
2989 380.0
2990 32.0
2991 651.0
2992 363.0
2993 203.0
2994 378.0
2995 363.0
2996 363.0
2997 363.0
2998 324.0
2999 251.0
3000 363.0
3001 363.0
3002 363.0
3003 651.0
3004 363.0
3005 306.0
3006 203.0
3007 651.0
3008 251.0
3009 700.0
3010 651.0
3011 651.0
3012 204.0
3013 363.0
3014 132.0
3015 363.0
3016 363.0
3017 363.0
3018 158.0
3019 363.0
3020 363.0
3021 43.0
3022 700.0
3023 363.0
3024 651.0
3025 204.0
3026 651.0
3027 104.0
3028 380.0
3029 651.0
3030 380.0
3031 38.0
3032 363.0
3033 651.0
3034 651.0
3035 651.0
3036 363.0
3037 380.0
3038 651.0
3039 651.0
3040 203.0
3041 204.0
3042 363.0
3043 251.0
3044 363.0
3045 700.0
3046 203.0
3047 363.0
3048 651.0
3049 651.0
3050 153.0
3051 651.0
3052 269.0
3053 556.0
3054 363.0
3055 651.0
3056 158.0
3057 251.0
3058 651.0
3059 651.0
3060 700.0
3061 363.0
3062 651.0
3063 251.0
3064 651.0
3065 203.0
3066 700.0
3067 651.0
3068 363.0
3069 203.0
3070 363.0
3071 363.0
3072 363.0
3073 363.0
3074 363.0
3075 251.0
3076 18.0
3077 363.0
3078 363.0
3079 363.0
3080 251.0
3081 651.0
3082 363.0
3083 109.0
3084 363.0
3085 363.0
3086 267.0
3087 363.0
3088 380.0
3089 700.0
3090 251.0
3091 203.0
3092 43.0
3093 382.0
3094 251.0
3095 363.0
3096 363.0
3097 203.0
3098 700.0
3099 700.0
3100 651.0
3101 186.0
3102 251.0
3103 363.0
3104 700.0
3105 363.0
3106 363.0
3107 346.0
3108 443.0
3109 251.0
3110 55.0
3111 700.0
3112 700.0
3113 376.0
3114 251.0
3115 651.0
3116 146.0
3117 363.0
3118 363.0
3119 363.0
3120 203.0
3121 651.0
3122 363.0
3123 651.0
3124 363.0
3125 363.0
3126 651.0
3127 251.0
3128 651.0
3129 539.0
3130 380.0
3131 651.0
3132 651.0
3133 251.0
3134 203.0
3135 363.0
3136 251.0
3137 203.0
3138 363.0
3139 251.0
3140 700.0
3141 382.0
3142 363.0
3143 363.0
3144 651.0
3145 363.0
3146 203.0
3147 651.0
3148 363.0
3149 700.0
3150 363.0
3151 251.0
3152 69.0
3153 363.0
3154 66.0
3155 651.0
3156 363.0
3157 651.0
3158 251.0
3159 203.0
3160 651.0
3161 363.0
3162 700.0
3163 700.0
3164 363.0
3165 351.0
3166 363.0
3167 251.0
3168 651.0
3169 306.0
3170 556.0
3171 203.0
3172 651.0
3173 363.0
3174 363.0
3175 700.0
3176 363.0
3177 651.0
3178 251.0
3179 363.0
3180 587.0
3181 363.0
3182 651.0
3183 363.0
3184 443.0
3185 363.0
3186 363.0
3187 362.0
3188 443.0
3189 363.0
3190 251.0
3191 363.0
3192 651.0
3193 203.0
3194 203.0
3195 651.0
3196 363.0
3197 363.0
3198 363.0
3199 443.0
3200 700.0
3201 700.0
3202 651.0
3203 69.0
3204 251.0
3205 258.0
3206 363.0
3207 700.0
3208 251.0
3209 363.0
3210 363.0
3211 363.0
3212 363.0
3213 363.0
3214 700.0
3215 651.0
3216 175.0
3217 363.0
3218 186.0
3219 651.0
3220 363.0
3221 363.0
3222 251.0
3223 651.0
3224 556.0
3225 33.0
3226 363.0
3227 443.0
3228 251.0
3229 158.0
3230 382.0
3231 251.0
3232 443.0
3233 651.0
3234 380.0
3235 363.0
3236 215.0
3237 363.0
3238 363.0
3239 267.0
3240 363.0
3241 363.0
3242 363.0
3243 651.0
3244 380.0
3245 43.0
3246 651.0
3247 251.0
3248 49.0
3249 363.0
3250 363.0
3251 700.0
3252 363.0
3253 651.0
3254 271.0
3255 363.0
3256 251.0
3257 556.0
3258 651.0
3259 363.0
3260 363.0
3261 251.0
3262 651.0
3263 203.0
3264 700.0
3265 700.0
3266 651.0
3267 251.0
3268 651.0
3269 363.0
3270 363.0
3271 363.0
3272 363.0
3273 251.0
3274 363.0
3275 700.0
3276 651.0
3277 363.0
3278 362.0
3279 651.0
3280 43.0
3281 651.0
3282 443.0
3283 363.0
3284 651.0
3285 700.0
3286 363.0
3287 229.0
3288 651.0
3289 363.0
3290 203.0
3291 363.0
3292 443.0
3293 700.0
3294 363.0
3295 363.0
3296 363.0
3297 363.0
3298 363.0
3299 203.0
3300 363.0
3301 363.0
3302 363.0
3303 363.0
3304 651.0
3305 75.0
3306 699.0
3307 363.0
3308 651.0
3309 363.0
3310 651.0
3311 245.0
3312 203.0
3313 363.0
3314 363.0
3315 700.0
3316 700.0
3317 651.0
3318 443.0
3319 363.0
3320 363.0
3321 700.0
3322 363.0
3323 443.0
3324 203.0
3325 651.0
3326 363.0
3327 651.0
3328 700.0
3329 363.0
3330 651.0
3331 203.0
3332 651.0
3333 363.0
3334 49.0
3335 363.0
3336 651.0
3337 651.0
3338 363.0
3339 363.0
3340 251.0
3341 30.0
3342 363.0
3343 251.0
3344 700.0
3345 651.0
3346 251.0
3347 231.0
3348 363.0
3349 363.0
3350 363.0
3351 363.0
3352 363.0
3353 363.0
3354 363.0
3355 651.0
3356 84.0
3357 380.0
3358 203.0
3359 443.0
3360 363.0
3361 251.0
3362 363.0
3363 203.0
3364 363.0
3365 363.0
3366 700.0
3367 700.0
3368 363.0
3369 78.0
3370 363.0
3371 363.0
3372 700.0
3373 363.0
3374 443.0
3375 251.0
3376 363.0
3377 556.0
3378 114.0
3379 363.0
3380 251.0
3381 651.0
3382 203.0
3383 363.0
3384 539.0
3385 363.0
3386 651.0
3387 363.0
3388 443.0
3389 363.0
3390 363.0
3391 363.0
3392 363.0
3393 363.0
3394 251.0
3395 700.0
3396 651.0
3397 203.0
3398 363.0
3399 651.0
3400 651.0
3401 363.0
3402 363.0
3403 363.0
3404 651.0
3405 363.0
3406 651.0
3407 364.0
3408 651.0
3409 251.0
3410 651.0
3411 363.0
3412 651.0
3413 651.0
3414 203.0
3415 363.0
3416 363.0
3417 363.0
3418 651.0
3419 651.0
3420 251.0
3421 363.0
3422 43.0
3423 651.0
3424 363.0
3425 363.0
3426 363.0
3427 651.0
3428 700.0
3429 332.0
3430 700.0
3431 362.0
3432 443.0
3433 43.0
3434 651.0
3435 235.0
3436 443.0
3437 251.0
3438 699.0
3439 700.0
3440 215.0
3441 651.0
3442 251.0
3443 267.0
3444 363.0
3445 380.0
3446 363.0
3447 651.0
3448 363.0
3449 43.0
3450 363.0
3451 363.0
3452 363.0
3453 700.0
3454 363.0
3455 651.0
3456 363.0
3457 651.0
3458 380.0
3459 363.0
3460 363.0
3461 651.0
3462 363.0
3463 651.0
3464 363.0
3465 203.0
3466 363.0
3467 49.0
3468 363.0
3469 651.0
3470 363.0
3471 83.0
3472 363.0
3473 43.0
3474 700.0
3475 363.0
3476 363.0
3477 54.0
3478 363.0
3479 700.0
3480 651.0
3481 700.0
3482 651.0
3483 651.0
3484 251.0
3485 700.0
3486 651.0
3487 363.0
3488 251.0
3489 699.0
3490 651.0
3491 43.0
3492 651.0
3493 363.0
3494 203.0
3495 363.0
3496 443.0
3497 700.0
3498 203.0
3499 363.0
3500 363.0
3501 700.0
3502 363.0
3503 203.0
3504 380.0
3505 363.0
3506 363.0
3507 363.0
3508 651.0
3509 69.0
3510 251.0
3511 258.0
3512 363.0
3513 363.0
3514 651.0
3515 363.0
3516 203.0
3517 651.0
3518 362.0
3519 363.0
3520 363.0
3521 651.0
3522 94.0
3523 363.0
3524 43.0
3525 363.0
3526 363.0
3527 363.0
3528 54.0
3529 363.0
3530 700.0
3531 364.0
3532 363.0
3533 363.0
3534 651.0
3535 203.0
3536 363.0
3537 363.0
3538 651.0
3539 651.0
3540 651.0
3541 651.0
3542 363.0
3543 380.0
3544 651.0
3545 251.0
3546 443.0
3547 443.0
3548 363.0
3549 363.0
3550 49.0
3551 269.0
3552 363.0
3553 363.0
3554 203.0
3555 363.0
3556 363.0
3557 651.0
3558 363.0
3559 651.0
3560 251.0
3561 651.0
3562 251.0
3563 363.0
3564 363.0
3565 363.0
3566 651.0
3567 203.0
3568 363.0
3569 363.0
3570 363.0
3571 651.0
3572 651.0
3573 363.0
3574 363.0
3575 159.0
3576 651.0
3577 306.0
3578 556.0
3579 251.0
3580 363.0
3581 363.0
3582 60.0
3583 363.0
3584 363.0
3585 651.0
3586 204.0
3587 363.0
3588 363.0
3589 380.0
3590 363.0
3591 651.0
3592 363.0
3593 71.0
3594 363.0
3595 363.0
3596 651.0
3597 363.0
3598 251.0
3599 363.0
3600 651.0
3601 363.0
3602 363.0
3603 651.0
3604 363.0
3605 363.0
3606 363.0
3607 363.0
3608 363.0
3609 700.0
3610 651.0
3611 204.0
3612 651.0
3613 343.0
3614 363.0
3615 651.0
3616 651.0
3617 651.0
3618 203.0
3619 700.0
3620 363.0
3621 700.0
3622 700.0
3623 363.0
3624 251.0
3625 363.0
3626 251.0
3627 700.0
3628 363.0
3629 556.0
3630 382.0
3631 651.0
3632 363.0
3633 651.0
3634 363.0
3635 363.0
3636 651.0
3637 203.0
3638 651.0
3639 34.0
3640 443.0
3641 443.0
3642 699.0
3643 363.0
3644 363.0
3645 363.0
3646 363.0
3647 363.0
3648 363.0
3649 363.0
3650 700.0
3651 251.0
3652 251.0
3653 363.0
3654 363.0
3655 363.0
3656 363.0
3657 363.0
3658 363.0
3659 700.0
3660 363.0
3661 363.0
3662 0.0
3663 700.0
3664 363.0
3665 378.0
3666 363.0
3667 651.0
3668 700.0
3669 203.0
3670 651.0
3671 363.0
3672 363.0
3673 363.0
3674 651.0
3675 364.0
3676 651.0
3677 43.0
3678 700.0
3679 363.0
3680 363.0
3681 175.0
3682 700.0
3683 700.0
3684 363.0
3685 363.0
3686 651.0
3687 651.0
3688 251.0
3689 651.0
3690 587.0
3691 203.0
3692 114.0
3693 363.0
3694 378.0
3695 43.0
3696 363.0
3697 251.0
3698 651.0
3699 363.0
3700 380.0
3701 363.0
3702 363.0
3703 363.0
3704 380.0
3705 651.0
3706 363.0
3707 203.0
3708 363.0
3709 443.0
3710 363.0
3711 363.0
3712 651.0
3713 251.0
3714 363.0
3715 251.0
3716 378.0
3717 700.0
3718 363.0
3719 380.0
3720 203.0
3721 363.0
3722 363.0
3723 363.0
3724 363.0
3725 651.0
3726 363.0
3727 651.0
3728 203.0
3729 651.0
3730 363.0
3731 651.0
3732 204.0
3733 443.0
3734 363.0
3735 43.0
3736 363.0
3737 363.0
3738 700.0
3739 204.0
3740 363.0
3741 251.0
3742 363.0
3743 651.0
3744 363.0
3745 363.0
3746 33.0
3747 312.0
3748 651.0
3749 651.0
3750 651.0
3751 363.0
3752 363.0
3753 651.0
3754 363.0
3755 651.0
3756 651.0
3757 651.0
3758 363.0
3759 363.0
3760 443.0
3761 363.0
3762 363.0
3763 651.0
3764 75.0
3765 651.0
3766 343.0
3767 363.0
3768 651.0
3769 363.0
3770 380.0
3771 203.0
3772 363.0
3773 363.0
3774 700.0
3775 363.0
3776 363.0
3777 700.0
3778 363.0
3779 186.0
3780 700.0
3781 363.0
3782 363.0
3783 203.0
3784 363.0
3785 363.0
3786 382.0
3787 700.0
3788 363.0
3789 651.0
3790 251.0
3791 382.0
3792 539.0
3793 380.0
3794 363.0
3795 651.0
3796 363.0
3797 43.0
3798 363.0
3799 363.0
3800 651.0
3801 363.0
3802 251.0
3803 363.0
3804 363.0
3805 363.0
3806 380.0
3807 651.0
3808 382.0
3809 363.0
3810 699.0
3811 363.0
3812 651.0
3813 363.0
3814 651.0
3815 363.0
3816 651.0
3817 258.0
3818 700.0
3819 363.0
3820 363.0
3821 651.0
3822 203.0
3823 651.0
3824 363.0
3825 700.0
3826 651.0
3827 700.0
3828 700.0
3829 651.0
3830 363.0
3831 651.0
3832 363.0
3833 363.0
3834 247.0
3835 699.0
3836 363.0
3837 651.0
3838 651.0
3839 363.0
3840 651.0
3841 274.0
3842 651.0
3843 251.0
3844 443.0
3845 251.0
3846 699.0
3847 363.0
3848 43.0
3849 363.0
3850 363.0
3851 651.0
3852 363.0
3853 699.0
3854 363.0
3855 363.0
3856 363.0
3857 364.0
3858 363.0
3859 651.0
3860 203.0
3861 380.0
3862 33.0
3863 363.0
3864 700.0
3865 251.0
3866 251.0
3867 363.0
3868 251.0
3869 378.0
3870 651.0
3871 251.0
3872 363.0
3873 203.0
3874 363.0
3875 363.0
3876 700.0
3877 700.0
3878 363.0
3879 651.0
3880 363.0
3881 43.0
3882 363.0
3883 363.0
3884 363.0
3885 203.0
3886 363.0
3887 651.0
3888 651.0
3889 363.0
3890 363.0
3891 651.0
3892 203.0
3893 651.0
3894 363.0
3895 363.0
3896 651.0
3897 362.0
3898 651.0
3899 203.0
3900 651.0
3901 651.0
3902 363.0
3903 363.0
3904 363.0
3905 700.0
3906 651.0
3907 380.0
3908 363.0
3909 363.0
3910 363.0
3911 203.0
3912 556.0
3913 363.0
3914 700.0
3915 363.0
3916 651.0
3917 69.0
3918 109.0
3919 251.0
3920 651.0
3921 363.0
3922 363.0
3923 443.0
3924 651.0
3925 700.0
3926 363.0
3927 363.0
3928 700.0
3929 651.0
3930 700.0
3931 651.0
3932 363.0
3933 651.0
3934 363.0
3935 556.0
3936 251.0
3937 443.0
3938 700.0
3939 382.0
3940 700.0
3941 363.0
3942 651.0
3943 363.0
3944 651.0
3945 539.0
3946 652.0
3947 651.0
3948 363.0
3949 651.0
3950 33.0
3951 651.0
3952 651.0
3953 363.0
3954 699.0
3955 699.0
3956 363.0
3957 651.0
3958 251.0
3959 443.0
3960 363.0
3961 651.0
3962 363.0
3963 556.0
3964 363.0
3965 363.0
3966 363.0
3967 363.0
3968 69.0
3969 363.0
3970 363.0
3971 363.0
3972 363.0
3973 251.0
3974 363.0
3975 203.0
3976 700.0
3977 363.0
3978 700.0
3979 363.0
3980 363.0
3981 363.0
3982 651.0
3983 363.0
3984 363.0
3985 363.0
3986 363.0
3987 54.0
3988 174.0
3989 700.0
3990 651.0
3991 700.0
3992 362.0
3993 363.0
3994 203.0
3995 363.0
3996 251.0
3997 443.0
3998 651.0
3999 699.0
4000 380.0
4001 203.0
4002 363.0
4003 363.0
4004 363.0
4005 700.0
4006 251.0
4007 363.0
4008 699.0
4009 363.0
4010 363.0
4011 651.0
4012 363.0
4013 363.0
4014 363.0
4015 363.0
4016 363.0
4017 363.0
4018 651.0
4019 251.0
4020 651.0
4021 363.0
4022 556.0
4023 363.0
4024 380.0
4025 651.0
4026 251.0
4027 651.0
4028 362.0
4029 363.0
4030 363.0
4031 363.0
4032 651.0
4033 651.0
4034 33.0
4035 363.0
4036 363.0
4037 443.0
4038 203.0
4039 363.0
4040 700.0
4041 363.0
4042 700.0
4043 363.0
4044 651.0
4045 1.0
4046 380.0
4047 251.0
4048 363.0
4049 251.0
4050 363.0
4051 380.0
4052 43.0
4053 651.0
4054 651.0
4055 363.0
4056 700.0
4057 443.0
4058 363.0
4059 651.0
4060 363.0
4061 242.0
4062 651.0
4063 651.0
4064 363.0
4065 651.0
4066 363.0
4067 363.0
4068 363.0
4069 363.0
4070 251.0
4071 651.0
4072 251.0
4073 378.0
4074 363.0
4075 651.0
4076 363.0
4077 203.0
4078 363.0
4079 363.0
4080 363.0
4081 363.0
4082 382.0
4083 700.0
4084 651.0
4085 251.0
4086 651.0
4087 380.0
4088 363.0
4089 251.0
4090 651.0
4091 700.0
4092 651.0
4093 363.0
4094 363.0
4095 651.0
4096 1.0
4097 363.0
4098 251.0
4099 363.0
4100 363.0
4101 363.0
4102 700.0
4103 33.0
4104 251.0
4105 651.0
4106 363.0
4107 700.0
4108 380.0
4109 363.0
4110 109.0
4111 251.0
4112 380.0
4113 363.0
4114 363.0
4115 363.0
4116 363.0
4117 443.0
4118 363.0
4119 651.0
4120 651.0
4121 363.0
4122 251.0
4123 251.0
4124 363.0
4125 651.0
4126 363.0
4127 363.0
4128 203.0
4129 363.0
4130 203.0
4131 700.0
4132 700.0
4133 380.0
4134 651.0
4135 651.0
4136 203.0
4137 363.0
4138 363.0
4139 363.0
4140 327.0
4141 203.0
4142 363.0
4143 443.0
4144 363.0
4145 651.0
4146 443.0
4147 251.0
4148 363.0
4149 539.0
4150 363.0
4151 651.0
4152 335.0
4153 651.0
4154 33.0
4155 651.0
4156 14.0
4157 363.0
4158 651.0
4159 362.0
4160 363.0
4161 363.0
4162 363.0
4163 188.0
4164 363.0
4165 651.0
4166 363.0
4167 363.0
4168 443.0
4169 700.0
4170 363.0
4171 651.0
4172 251.0
4173 382.0
4174 363.0
4175 363.0
4176 651.0
4177 363.0
4178 363.0
4179 203.0
4180 363.0
4181 362.0
4182 363.0
4183 700.0
4184 651.0
4185 363.0
4186 363.0
4187 43.0
4188 651.0
4189 363.0
4190 251.0
4191 203.0
4192 109.0
4193 700.0
4194 363.0
4195 363.0
4196 651.0
4197 651.0
4198 33.0
4199 380.0
4200 251.0
4201 363.0
4202 218.0
4203 363.0
4204 363.0
4205 43.0
4206 363.0
4207 651.0
4208 33.0
4209 363.0
4210 363.0
4211 700.0
4212 651.0
4213 700.0
4214 651.0
4215 651.0
4216 556.0
4217 363.0
4218 378.0
4219 363.0
4220 700.0
4221 700.0
4222 651.0
4223 144.0
4224 651.0
4225 363.0
4226 378.0
4227 700.0
4228 651.0
4229 651.0
4230 203.0
4231 651.0
4232 363.0
4233 363.0
4234 651.0
4235 363.0
4236 651.0
4237 651.0
4238 203.0
4239 700.0
4240 363.0
4241 443.0
4242 251.0
4243 651.0
4244 700.0
4245 363.0
4246 700.0
4247 651.0
4248 651.0
4249 84.0
4250 651.0
4251 251.0
4252 700.0
4253 651.0
4254 363.0
4255 699.0
4256 43.0
4257 363.0
4258 363.0
4259 363.0
4260 363.0
4261 363.0
4262 700.0
4263 651.0
4264 363.0
4265 443.0
4266 363.0
4267 363.0
4268 363.0
4269 363.0
4270 363.0
4271 700.0
4272 700.0
4273 380.0
4274 251.0
4275 363.0
4276 231.0
4277 651.0
4278 363.0
4279 651.0
4280 651.0
4281 203.0
4282 700.0
4283 363.0
4284 363.0
4285 363.0
4286 363.0
4287 363.0
4288 363.0
4289 203.0
4290 363.0
4291 363.0
4292 203.0
4293 251.0
4294 363.0
4295 363.0
4296 363.0
4297 363.0
4298 363.0
4299 651.0
4300 251.0
4301 363.0
4302 251.0
4303 363.0
4304 651.0
4305 363.0
4306 363.0
4307 33.0
4308 54.0
4309 363.0
4310 363.0
4311 651.0
4312 380.0
4313 363.0
4314 251.0
4315 363.0
4316 443.0
4317 363.0
4318 651.0
4319 363.0
4320 364.0
4321 363.0
4322 363.0
4323 363.0
4324 651.0
4325 251.0
4326 363.0
4327 251.0
4328 380.0
4329 363.0
4330 363.0
4331 651.0
4332 443.0
4333 700.0
4334 362.0
4335 363.0
4336 700.0
4337 700.0
4338 363.0
4339 700.0
4340 203.0
4341 380.0
4342 363.0
4343 251.0
4344 213.0
4345 651.0
4346 363.0
4347 120.0
4348 363.0
4349 363.0
4350 651.0
4351 50.0
4352 700.0
4353 587.0
4354 363.0
4355 380.0
4356 380.0
4357 556.0
4358 203.0
4359 651.0
4360 43.0
4361 203.0
4362 363.0
4363 251.0
4364 700.0
4365 651.0
4366 363.0
4367 699.0
4368 363.0
4369 556.0
4370 363.0
4371 651.0
4372 651.0
4373 700.0
4374 700.0
4375 651.0
4376 43.0
4377 363.0
4378 251.0
4379 700.0
4380 700.0
4381 651.0
4382 700.0
4383 203.0
4384 651.0
4385 363.0
4386 363.0
4387 700.0
4388 651.0
4389 363.0
4390 382.0
4391 93.0
4392 363.0
4393 363.0
4394 203.0
4395 203.0
4396 363.0
4397 363.0
4398 651.0
4399 363.0
4400 242.0
4401 33.0
4402 33.0
4403 382.0
4404 251.0
4405 651.0
4406 651.0
4407 363.0
4408 699.0
4409 43.0
4410 364.0
4411 363.0
4412 363.0
4413 700.0
4414 700.0
4415 363.0
4416 651.0
4417 363.0
4418 651.0
4419 363.0
4420 700.0
4421 363.0
4422 651.0
4423 363.0
4424 364.0
4425 700.0
4426 651.0
4427 38.0
4428 700.0
4429 363.0
4430 556.0
4431 363.0
4432 651.0
4433 700.0
4434 33.0
4435 700.0
4436 203.0
4437 700.0
4438 700.0
4439 363.0
4440 363.0
4441 363.0
4442 203.0
4443 363.0
4444 363.0
4445 203.0
4446 247.0
4447 363.0
4448 700.0
4449 332.0
4450 651.0
4451 363.0
4452 651.0
4453 251.0
4454 363.0
4455 251.0
4456 363.0
4457 651.0
4458 363.0
4459 556.0
4460 203.0
4461 651.0
4462 651.0
4463 363.0
4464 363.0
4465 699.0
4466 700.0
4467 251.0
4468 251.0
4469 363.0
4470 363.0
4471 700.0
4472 363.0
4473 363.0
4474 363.0
4475 363.0
4476 700.0
4477 651.0
4478 203.0
4479 651.0
4480 231.0
4481 443.0
4482 363.0
4483 651.0
4484 363.0
4485 203.0
4486 700.0
4487 363.0
4488 700.0
4489 363.0
4490 651.0
4491 363.0
4492 363.0
4493 203.0
4494 363.0
4495 363.0
4496 203.0
4497 363.0
4498 363.0
4499 700.0
4500 363.0
4501 700.0
4502 363.0
4503 363.0
4504 203.0
4505 700.0
4506 251.0
4507 363.0
4508 363.0
4509 363.0
4510 363.0
4511 33.0
4512 251.0
4513 651.0
4514 443.0
4515 651.0
4516 651.0
4517 363.0
4518 251.0
4519 251.0
4520 443.0
4521 363.0
4522 363.0
4523 363.0
4524 378.0
4525 443.0
4526 363.0
4527 363.0
4528 651.0
4529 251.0
4530 700.0
4531 343.0
4532 651.0
4533 363.0
4534 363.0
4535 363.0
4536 443.0
4537 363.0
4538 363.0
4539 700.0
4540 700.0
4541 363.0
4542 203.0
4543 651.0
4544 93.0
4545 651.0
4546 363.0
4547 203.0
4548 203.0
4549 363.0
4550 363.0
4551 651.0
4552 363.0
4553 651.0
4554 651.0
4555 89.0
4556 363.0
4557 539.0
4558 363.0
4559 651.0
4560 362.0
4561 380.0
4562 33.0
4563 651.0
4564 651.0
4565 363.0
4566 363.0
4567 363.0
4568 700.0
4569 651.0
4570 43.0
4571 363.0
4572 700.0
4573 700.0
4574 203.0
4575 364.0
4576 203.0
4577 700.0
4578 700.0
4579 651.0
4580 0.0
4581 363.0
4582 251.0
4583 363.0
4584 700.0
4585 651.0
4586 700.0
4587 443.0
4588 700.0
4589 203.0
4590 363.0
4591 651.0
4592 651.0
4593 363.0
4594 382.0
4595 203.0
4596 363.0
4597 363.0
4598 203.0
4599 363.0
4600 363.0
4601 700.0
4602 651.0
4603 651.0
4604 363.0
4605 651.0
4606 363.0
4607 363.0
4608 251.0
4609 651.0
4610 651.0
4611 651.0
4612 651.0
4613 203.0
4614 363.0
4615 380.0
4616 443.0
4617 363.0
4618 700.0
4619 363.0
4620 651.0
4621 203.0
4622 242.0
4623 363.0
4624 700.0
4625 363.0
4626 251.0
4627 363.0
4628 364.0
4629 363.0
4630 651.0
4631 0.0
4632 651.0
4633 251.0
4634 651.0
4635 363.0
4636 651.0
4637 700.0
4638 105.0
4639 700.0
4640 203.0
4641 363.0
4642 363.0
4643 363.0
4644 363.0
4645 651.0
4646 203.0
4647 700.0
4648 363.0
4649 251.0
4650 251.0
4651 43.0
4652 700.0
4653 651.0
4654 651.0
4655 158.0
4656 651.0
4657 251.0
4658 363.0
4659 539.0
4660 363.0
4661 651.0
4662 363.0
4663 651.0
4664 43.0
4665 443.0
4666 362.0
4667 700.0
4668 363.0
4669 700.0
4670 363.0
4671 363.0
4672 363.0
4673 363.0
4674 651.0
4675 700.0
4676 363.0
4677 378.0
4678 651.0
4679 363.0
4680 700.0
4681 363.0
4682 144.0
4683 700.0
4684 231.0
4685 363.0
4686 363.0
4687 251.0
4688 651.0
4689 651.0
4690 363.0
4691 651.0
4692 363.0
4693 363.0
4694 382.0
4695 203.0
4696 700.0
4697 251.0
4698 363.0
4699 363.0
4700 251.0
4701 33.0
4702 443.0
4703 651.0
4704 363.0
4705 363.0
4706 651.0
4707 651.0
4708 203.0
4709 363.0
4710 539.0
4711 363.0
4712 651.0
4713 363.0
4714 651.0
4715 215.0
4716 251.0
4717 363.0
4718 363.0
4719 363.0
4720 651.0
4721 363.0
4722 251.0
4723 60.0
4724 380.0
4725 700.0
4726 363.0
4727 363.0
4728 378.0
4729 363.0
4730 700.0
4731 700.0
4732 651.0
4733 651.0
4734 700.0
4735 251.0
4736 651.0
4737 363.0
4738 443.0
4739 700.0
4740 251.0
4741 651.0
4742 33.0
4743 700.0
4744 363.0
4745 651.0
4746 203.0
4747 651.0
4748 363.0
4749 363.0
4750 363.0
4751 363.0
4752 251.0
4753 651.0
4754 363.0
4755 363.0
4756 700.0
4757 363.0
4758 651.0
4759 203.0
4760 363.0
4761 539.0
4762 363.0
4763 363.0
4764 363.0
4765 556.0
4766 50.0
4767 251.0
4768 651.0
4769 251.0
4770 363.0
4771 363.0
4772 700.0
4773 651.0
4774 251.0
4775 363.0
4776 700.0
4777 700.0
4778 203.0
4779 363.0
4780 363.0
4781 363.0
4782 363.0
4783 380.0
4784 98.0
4785 363.0
4786 258.0
4787 363.0
4788 700.0
4789 651.0
4790 363.0
4791 148.0
4792 651.0
4793 651.0
4794 363.0
4795 700.0
4796 700.0
4797 251.0
4798 700.0
4799 203.0
4800 700.0
4801 363.0
4802 38.0
4803 349.0
4804 651.0
4805 363.0
4806 700.0
4807 700.0
4808 43.0
4809 651.0
4810 251.0
4811 363.0
4812 251.0
4813 363.0
4814 651.0
4815 363.0
4816 651.0
4817 43.0
4818 364.0
4819 363.0
4820 363.0
4821 700.0
4822 363.0
4823 363.0
4824 251.0
4825 251.0
4826 269.0
4827 363.0
4828 363.0
4829 363.0
4830 363.0
4831 443.0
4832 363.0
4833 700.0
4834 651.0
4835 69.0
4836 363.0
4837 231.0
4838 363.0
4839 700.0
4840 382.0
4841 700.0
4842 203.0
4843 700.0
4844 363.0
4845 700.0
4846 700.0
4847 380.0
4848 363.0
4849 363.0
4850 203.0
4851 651.0
4852 363.0
4853 443.0
4854 203.0
4855 363.0
4856 700.0
4857 363.0
4858 700.0
4859 651.0
4860 363.0
4861 203.0
4862 363.0
4863 203.0
4864 700.0
4865 651.0
4866 362.0
4867 380.0
4868 203.0
4869 363.0
4870 651.0
4871 651.0
4872 363.0
4873 363.0
4874 363.0
4875 43.0
4876 196.0
4877 651.0
4878 363.0
4879 651.0
4880 363.0
4881 363.0
4882 33.0
4883 700.0
4884 700.0
4885 251.0
4886 251.0
4887 363.0
4888 251.0
4889 363.0
4890 700.0
4891 651.0
4892 363.0
4893 203.0
4894 700.0
4895 651.0
4896 700.0
4897 700.0
4898 700.0
4899 203.0
4900 382.0
4901 556.0
4902 363.0
4903 363.0
4904 443.0
4905 203.0
4906 363.0
4907 363.0
4908 700.0
4909 363.0
4910 363.0
4911 443.0
4912 203.0
4913 363.0
4914 539.0
4915 700.0
4916 251.0
4917 700.0
4918 651.0
4919 50.0
4920 251.0
4921 363.0
4922 25.0
4923 363.0
4924 363.0
4925 363.0
4926 363.0
4927 363.0
4928 363.0
4929 363.0
4930 363.0
4931 203.0
4932 364.0
4933 363.0
4934 363.0
4935 363.0
4936 651.0
4937 126.0
4938 363.0
4939 363.0
4940 700.0
4941 700.0
4942 651.0
4943 363.0
4944 251.0
4945 700.0
4946 381.0
4947 700.0
4948 700.0
4949 651.0
4950 363.0
4951 651.0
4952 43.0
4953 363.0
4954 363.0
4955 203.0
4956 316.0
4957 333.0
4958 363.0
4959 700.0
4960 363.0
4961 443.0
4962 363.0
4963 363.0
4964 651.0
4965 539.0
4966 363.0
4967 363.0
4968 380.0
4969 700.0
4970 43.0
4971 251.0
4972 363.0
4973 651.0
4974 363.0
4975 363.0
4976 700.0
4977 443.0
4978 251.0
4979 363.0
4980 363.0
4981 700.0
4982 38.0
4983 251.0
4984 203.0
4985 700.0
4986 700.0
4987 651.0
4988 203.0
4989 700.0
4990 363.0
4991 363.0
4992 700.0
4993 651.0
4994 651.0
4995 203.0
4996 363.0
4997 651.0
4998 363.0
4999 363.0
5000 651.0
5001 651.0
5002 651.0
5003 363.0
5004 556.0
5005 363.0
5006 363.0
5007 247.0
5008 363.0
5009 363.0
5010 700.0
5011 363.0
5012 54.0
5013 363.0
5014 203.0
5015 651.0
5016 251.0
5017 363.0
5018 651.0
5019 363.0
5020 700.0
5021 203.0
5022 364.0
5023 251.0
5024 363.0
5025 363.0
5026 363.0
5027 363.0
5028 251.0
5029 700.0
5030 363.0
5031 363.0
5032 363.0
5033 363.0
5034 251.0
5035 363.0
5036 363.0
5037 363.0
5038 651.0
5039 203.0
5040 700.0
5041 251.0
5042 363.0
5043 700.0
5044 651.0
5045 700.0
5046 203.0
5047 700.0
5048 651.0
5049 700.0
5050 363.0
5051 363.0
5052 203.0
5053 651.0
5054 203.0
5055 363.0
5056 363.0
5057 251.0
5058 203.0
5059 651.0
5060 700.0
5061 363.0
5062 651.0
5063 556.0
5064 363.0
5065 33.0
5066 651.0
5067 251.0
5068 363.0
5069 651.0
5070 651.0
5071 556.0
5072 38.0
5073 363.0
5074 363.0
5075 363.0
5076 700.0
5077 363.0
5078 700.0
5079 651.0
5080 363.0
5081 651.0
5082 700.0
5083 700.0
5084 203.0
5085 363.0
5086 443.0
5087 363.0
5088 363.0
5089 651.0
5090 203.0
5091 363.0
5092 363.0
5093 700.0
5094 363.0
5095 651.0
5096 363.0
5097 203.0
5098 700.0
5099 443.0
5100 700.0
