1 104.0
2 25.0
3 0.0
4 0.0
5 25.0
6 204.0
7 0.0
8 203.0
9 109.0
10 203.0
11 32.0
12 98.0
13 204.0
14 0.0
15 0.0
16 203.0
17 32.0
18 38.0
19 32.0
20 0.0
21 32.0
22 1.0
23 30.0
24 109.0
25 0.0
26 32.0
27 0.0
28 0.0
29 32.0
30 25.0
31 204.0
32 30.0
33 0.0
34 203.0
35 204.0
36 33.0
37 32.0
38 0.0
39 203.0
40 204.0
41 0.0
42 0.0
43 33.0
44 203.0
45 25.0
46 38.0
47 169.0
48 93.0
49 0.0
50 203.0
51 204.0
52 288.0
53 104.0
54 0.0
55 0.0
56 0.0
57 204.0
58 34.0
59 203.0
60 32.0
61 203.0
62 32.0
63 203.0
64 204.0
65 87.0
66 203.0
67 203.0
68 203.0
69 38.0
70 203.0
71 0.0
72 32.0
73 30.0
74 32.0
75 109.0
76 109.0
77 32.0
78 32.0
79 204.0
80 32.0
81 0.0
82 204.0
83 203.0
84 49.0
85 38.0
86 204.0
87 32.0
88 1.0
89 6.0
90 225.0
91 204.0
92 32.0
93 203.0
94 204.0
95 203.0
96 204.0
97 203.0
98 169.0
99 164.0
100 203.0
101 203.0
102 288.0
103 203.0
104 109.0
105 104.0
106 32.0
107 251.0
108 204.0
109 203.0
110 203.0
111 203.0
112 203.0
113 204.0
114 203.0
115 204.0
116 0.0
117 203.0
118 203.0
119 203.0
120 203.0
121 203.0
122 6.0
123 32.0
124 30.0
125 203.0
126 109.0
127 114.0
128 204.0
129 0.0
130 204.0
131 32.0
132 203.0
133 204.0
134 25.0
135 203.0
136 203.0
137 204.0
138 33.0
139 203.0
140 0.0
141 204.0
142 204.0
143 204.0
144 315.0
145 204.0
146 224.0
147 241.0
148 0.0
149 252.0
150 169.0
151 203.0
152 104.0
153 315.0
154 104.0
155 203.0
156 98.0
157 204.0
158 204.0
159 251.0
160 204.0
161 203.0
162 203.0
163 203.0
164 0.0
165 203.0
166 204.0
167 0.0
168 203.0
169 203.0
170 32.0
171 203.0
172 203.0
173 0.0
174 32.0
175 180.0
176 109.0
177 203.0
178 32.0
179 109.0
180 33.0
181 204.0
182 32.0
183 203.0
184 204.0
185 0.0
186 49.0
187 203.0
188 204.0
189 33.0
190 32.0
191 204.0
192 204.0
193 203.0
194 203.0
195 316.0
196 251.0
197 241.0
198 251.0
199 251.0
200 203.0
201 169.0
202 6.0
203 104.0
204 251.0
205 109.0
206 0.0
207 0.0
208 204.0
209 251.0
210 251.0
211 0.0
212 0.0
213 33.0
214 204.0
215 0.0
216 204.0
217 204.0
218 0.0
219 203.0
220 203.0
221 32.0
222 203.0
223 32.0
224 0.0
225 32.0
226 169.0
227 203.0
228 32.0
229 98.0
230 204.0
231 32.0
232 0.0
233 204.0
234 0.0
235 204.0
236 30.0
237 49.0
238 191.0
239 204.0
240 33.0
241 203.0
242 224.0
243 33.0
244 0.0
245 253.0
246 251.0
247 2.0
248 251.0
249 251.0
250 181.0
251 33.0
252 196.0
253 6.0
254 204.0
255 315.0
256 12.0
257 251.0
258 25.0
259 0.0
260 204.0
261 204.0
262 0.0
263 204.0
264 203.0
265 0.0
266 25.0
267 203.0
268 204.0
269 204.0
270 203.0
271 203.0
272 203.0
273 38.0
274 203.0
275 32.0
276 191.0
277 204.0
278 32.0
279 32.0
280 114.0
281 32.0
282 32.0
283 0.0
284 204.0
285 203.0
286 204.0
287 1.0
288 203.0
289 191.0
290 204.0
291 32.0
292 32.0
293 204.0
294 225.0
295 241.0
296 253.0
297 316.0
298 315.0
299 204.0
300 251.0
301 0.0
302 169.0
303 201.0
304 182.0
305 203.0
306 251.0
307 44.0
308 174.0
309 158.0
310 203.0
311 204.0
312 204.0
313 0.0
314 204.0
315 204.0
316 204.0
317 25.0
318 93.0
319 204.0
320 0.0
321 204.0
322 203.0
323 203.0
324 203.0
325 33.0
326 0.0
327 203.0
328 31.0
329 203.0
330 203.0
331 32.0
332 32.0
333 0.0
334 204.0
335 204.0
336 203.0
337 204.0
338 1.0
339 49.0
340 38.0
341 204.0
342 33.0
343 204.0
344 174.0
345 174.0
346 251.0
347 204.0
348 315.0
349 251.0
350 17.0
351 241.0
352 0.0
353 33.0
354 208.0
355 203.0
356 204.0
357 316.0
358 104.0
359 0.0
360 158.0
361 203.0
362 204.0
363 204.0
364 6.0
365 203.0
366 0.0
367 203.0
368 0.0
369 203.0
370 204.0
371 32.0
372 30.0
373 203.0
374 32.0
375 203.0
376 32.0
377 204.0
378 32.0
379 32.0
380 203.0
381 44.0
382 104.0
383 98.0
384 32.0
385 0.0
386 204.0
387 25.0
388 204.0
389 204.0
390 203.0
391 203.0
392 204.0
393 32.0
394 30.0
395 203.0
396 180.0
397 253.0
398 253.0
399 316.0
400 251.0
401 203.0
402 251.0
403 44.0
404 33.0
405 252.0
406 164.0
407 203.0
408 315.0
409 240.0
410 0.0
411 158.0
412 203.0
413 251.0
414 251.0
415 0.0
416 203.0
417 203.0
418 204.0
419 204.0
420 203.0
421 204.0
422 158.0
423 203.0
424 6.0
425 98.0
426 38.0
427 204.0
428 203.0
429 204.0
430 191.0
431 44.0
432 32.0
433 104.0
434 98.0
435 32.0
436 32.0
437 204.0
438 203.0
439 204.0
440 30.0
441 1.0
442 191.0
443 204.0
444 203.0
445 203.0
446 6.0
447 253.0
448 253.0
449 251.0
450 251.0
451 315.0
452 0.0
453 251.0
454 0.0
455 204.0
456 169.0
457 109.0
458 203.0
459 251.0
460 203.0
461 251.0
462 0.0
463 203.0
464 251.0
465 251.0
466 1.0
467 204.0
468 204.0
469 0.0
470 203.0
471 203.0
472 204.0
473 32.0
474 6.0
475 203.0
476 203.0
477 32.0
478 203.0
479 203.0
480 203.0
481 32.0
482 109.0
483 203.0
484 109.0
485 32.0
486 0.0
487 204.0
488 204.0
489 203.0
490 204.0
491 204.0
492 191.0
493 204.0
494 204.0
495 32.0
496 32.0
497 203.0
498 251.0
499 253.0
500 251.0
501 251.0
502 315.0
503 0.0
504 251.0
505 181.0
506 204.0
507 109.0
508 169.0
509 104.0
510 315.0
511 38.0
512 251.0
513 180.0
514 204.0
515 204.0
516 251.0
517 2.0
518 204.0
519 203.0
520 204.0
521 204.0
522 0.0
523 204.0
524 0.0
525 203.0
526 30.0
527 203.0
528 204.0
529 32.0
530 38.0
531 180.0
532 32.0
533 203.0
534 203.0
535 103.0
536 204.0
537 32.0
538 204.0
539 204.0
540 203.0
541 204.0
542 203.0
543 225.0
544 32.0
545 204.0
546 203.0
547 32.0
548 204.0
549 251.0
550 253.0
551 203.0
552 316.0
553 316.0
554 203.0
555 241.0
556 33.0
557 203.0
558 203.0
559 38.0
560 38.0
561 251.0
562 104.0
563 203.0
564 169.0
565 204.0
566 251.0
567 251.0
568 204.0
569 203.0
570 203.0
571 204.0
572 0.0
573 93.0
574 204.0
575 158.0
576 32.0
577 203.0
578 204.0
579 32.0
580 203.0
581 180.0
582 204.0
583 203.0
584 203.0
585 32.0
586 98.0
587 98.0
588 32.0
589 195.0
590 204.0
591 1.0
592 204.0
593 30.0
594 30.0
595 203.0
596 204.0
597 0.0
598 204.0
599 204.0
600 203.0
601 253.0
602 204.0
603 316.0
604 251.0
605 230.0
606 251.0
607 0.0
608 38.0
609 252.0
610 109.0
611 203.0
612 251.0
613 203.0
614 203.0
615 251.0
616 203.0
617 204.0
618 251.0
619 279.0
620 204.0
621 203.0
622 204.0
623 204.0
624 25.0
625 204.0
626 0.0
627 32.0
628 194.0
629 180.0
630 32.0
631 203.0
632 204.0
633 33.0
634 204.0
635 203.0
636 203.0
637 203.0
638 204.0
639 203.0
640 0.0
641 204.0
642 0.0
643 204.0
644 30.0
645 25.0
646 169.0
647 204.0
648 203.0
649 204.0
650 203.0
651 240.0
652 253.0
653 251.0
654 251.0
655 251.0
656 315.0
657 251.0
658 0.0
659 109.0
660 204.0
661 169.0
662 204.0
663 315.0
664 203.0
665 109.0
666 203.0
667 204.0
668 335.0
669 34.0
670 2.0
671 251.0
672 204.0
673 0.0
674 204.0
675 203.0
676 204.0
677 0.0
678 203.0
679 204.0
680 203.0
681 203.0
682 32.0
683 38.0
684 204.0
685 203.0
686 203.0
687 203.0
688 169.0
689 204.0
690 203.0
691 204.0
692 204.0
693 204.0
694 204.0
695 203.0
696 191.0
697 32.0
698 204.0
699 38.0
700 32.0
701 251.0
702 251.0
703 253.0
704 251.0
705 315.0
706 315.0
707 203.0
708 316.0
709 1.0
710 251.0
711 252.0
712 169.0
713 204.0
714 335.0
715 104.0
716 109.0
717 169.0
718 333.0
719 204.0
720 335.0
721 0.0
722 204.0
723 203.0
724 0.0
725 204.0
726 203.0
727 204.0
728 0.0
729 204.0
730 203.0
731 203.0
732 38.0
733 203.0
734 38.0
735 32.0
736 32.0
737 30.0
738 32.0
739 104.0
740 204.0
741 32.0
742 204.0
743 204.0
744 203.0
745 204.0
746 38.0
747 225.0
748 204.0
749 204.0
750 203.0
751 252.0
752 253.0
753 251.0
754 253.0
755 203.0
756 315.0
757 251.0
758 203.0
759 203.0
760 32.0
761 251.0
762 38.0
763 98.0
764 104.0
765 335.0
766 203.0
767 203.0
768 193.0
769 203.0
770 0.0
771 28.0
772 0.0
773 103.0
774 50.0
775 204.0
776 204.0
777 203.0
778 204.0
779 0.0
780 204.0
781 204.0
782 169.0
783 38.0
784 204.0
785 204.0
786 30.0
787 191.0
788 49.0
789 203.0
790 104.0
791 98.0
792 32.0
793 181.0
794 204.0
795 204.0
796 204.0
797 203.0
798 203.0
799 169.0
800 204.0
801 251.0
802 251.0
803 253.0
804 251.0
805 253.0
806 251.0
807 251.0
808 315.0
809 235.0
810 251.0
811 0.0
812 38.0
813 204.0
814 203.0
815 203.0
816 335.0
817 203.0
818 315.0
819 251.0
820 204.0
821 204.0
822 386.0
823 395.0
824 204.0
825 204.0
826 204.0
827 204.0
828 203.0
829 204.0
830 203.0
831 203.0
832 204.0
833 204.0
834 33.0
835 204.0
836 180.0
837 204.0
838 32.0
839 203.0
840 203.0
841 203.0
842 204.0
843 203.0
844 204.0
845 204.0
846 1.0
847 204.0
848 203.0
849 235.0
850 32.0
851 236.0
852 237.0
853 251.0
854 253.0
855 203.0
856 253.0
857 315.0
858 315.0
859 251.0
860 251.0
861 241.0
862 0.0
863 203.0
864 204.0
865 0.0
866 203.0
867 395.0
868 203.0
869 251.0
870 203.0
871 204.0
872 204.0
873 34.0
874 21.0
875 204.0
876 204.0
877 204.0
878 204.0
879 204.0
880 204.0
881 0.0
882 203.0
883 0.0
884 203.0
885 32.0
886 203.0
887 204.0
888 30.0
889 32.0
890 20.0
891 44.0
892 203.0
893 204.0
894 204.0
895 204.0
896 204.0
897 1.0
898 204.0
899 25.0
900 49.0
901 162.0
902 236.0
903 251.0
904 251.0
905 253.0
906 251.0
907 315.0
908 204.0
909 251.0
910 251.0
911 251.0
912 203.0
913 251.0
914 251.0
915 203.0
916 169.0
917 109.0
918 395.0
919 109.0
920 203.0
921 186.0
922 275.0
923 251.0
924 335.0
925 0.0
926 204.0
927 203.0
928 204.0
929 204.0
930 0.0
931 204.0
932 87.0
933 204.0
934 0.0
935 251.0
936 38.0
937 204.0
938 203.0
939 32.0
940 203.0
941 204.0
942 203.0
943 169.0
944 204.0
945 32.0
946 195.0
947 204.0
948 203.0
949 204.0
950 33.0
951 203.0
952 251.0
953 236.0
954 203.0
955 174.0
956 253.0
957 161.0
958 0.0
959 253.0
960 316.0
961 316.0
962 251.0
963 251.0
964 251.0
965 251.0
966 204.0
967 38.0
968 204.0
969 395.0
970 203.0
971 203.0
972 204.0
973 241.0
974 204.0
975 332.0
976 28.0
977 251.0
978 204.0
979 204.0
980 204.0
981 0.0
982 204.0
983 158.0
984 204.0
985 203.0
986 169.0
987 204.0
988 204.0
989 204.0
990 30.0
991 204.0
992 49.0
993 203.0
994 98.0
995 98.0
996 203.0
997 193.0
998 204.0
999 0.0
1000 204.0
1001 203.0
1002 236.0
1003 236.0
1004 4.0
1005 236.0
1006 203.0
1007 253.0
1008 204.0
1009 253.0
1010 253.0
1011 315.0
1012 315.0
1013 315.0
1014 235.0
1015 0.0
1016 203.0
1017 252.0
1018 43.0
1019 203.0
1020 395.0
1021 203.0
1022 251.0
1023 203.0
1024 204.0
1025 204.0
1026 386.0
1027 34.0
1028 204.0
1029 204.0
1030 204.0
1031 203.0
1032 203.0
1033 204.0
1034 32.0
1035 203.0
1036 252.0
1037 204.0
1038 32.0
1039 204.0
1040 204.0
1041 32.0
1042 204.0
1043 204.0
1044 203.0
1045 203.0
1046 204.0
1047 33.0
1048 0.0
1049 204.0
1050 204.0
1051 204.0
1052 252.0
1053 161.0
1054 162.0
1055 231.0
1056 236.0
1057 251.0
1058 253.0
1059 203.0
1060 253.0
1061 203.0
1062 251.0
1063 316.0
1064 251.0
1065 246.0
1066 0.0
1067 251.0
1068 203.0
1069 180.0
1070 204.0
1071 395.0
1072 109.0
1073 171.0
1074 175.0
1075 204.0
1076 251.0
1077 279.0
1078 204.0
1079 204.0
1080 203.0
1081 204.0
1082 204.0
1083 98.0
1084 204.0
1085 0.0
1086 32.0
1087 204.0
1088 204.0
1089 32.0
1090 204.0
1091 204.0
1092 30.0
1093 32.0
1094 204.0
1095 33.0
1096 203.0
1097 204.0
1098 32.0
1099 204.0
1100 0.0
1101 204.0
1102 252.0
1103 252.0
1104 203.0
1105 231.0
1106 236.0
1107 252.0
1108 251.0
1109 253.0
1110 251.0
1111 203.0
1112 161.0
1113 251.0
1114 251.0
1115 251.0
1116 203.0
1117 203.0
1118 251.0
1119 251.0
1120 169.0
1121 104.0
1122 395.0
1123 203.0
1124 251.0
1125 103.0
1126 33.0
1127 252.0
1128 386.0
1129 335.0
1130 204.0
1131 204.0
1132 204.0
1133 0.0
1134 0.0
1135 204.0
1136 0.0
1137 174.0
1138 180.0
1139 169.0
1140 38.0
1141 203.0
1142 204.0
1143 30.0
1144 32.0
1145 204.0
1146 203.0
1147 98.0
1148 98.0
1149 25.0
1150 204.0
1151 204.0
1152 203.0
1153 252.0
1154 252.0
1155 251.0
1156 236.0
1157 236.0
1158 253.0
1159 203.0
1160 253.0
1161 251.0
1162 253.0
1163 253.0
1164 315.0
1165 316.0
1166 316.0
1167 315.0
1168 203.0
1169 38.0
1170 252.0
1171 203.0
1172 203.0
1173 395.0
1174 203.0
1175 12.0
1176 103.0
1177 203.0
1178 0.0
1179 204.0
1180 304.0
1181 204.0
1182 204.0
1183 204.0
1184 203.0
1185 203.0
1186 204.0
1187 0.0
1188 204.0
1189 252.0
1190 180.0
1191 30.0
1192 32.0
1193 204.0
1194 32.0
1195 191.0
1196 204.0
1197 203.0
1198 203.0
1199 98.0
1200 33.0
1201 32.0
1202 204.0
1203 203.0
1204 203.0
1205 251.0
1206 249.0
1207 162.0
1208 252.0
1209 240.0
1210 203.0
1211 253.0
1212 251.0
1213 253.0
1214 251.0
1215 315.0
1216 315.0
1217 0.0
1218 246.0
1219 82.0
1220 38.0
1221 252.0
1222 109.0
1223 252.0
1224 395.0
1225 203.0
1226 171.0
1227 175.0
1228 203.0
1229 204.0
1230 386.0
1231 459.0
1232 204.0
1233 204.0
1234 204.0
1235 204.0
1236 32.0
1237 204.0
1238 0.0
1239 38.0
1240 204.0
1241 204.0
1242 38.0
1243 203.0
1244 204.0
1245 30.0
1246 191.0
1247 204.0
1248 204.0
1249 203.0
1250 204.0
1251 33.0
1252 188.0
1253 0.0
1254 247.0
1255 252.0
1256 252.0
1257 203.0
1258 252.0
1259 203.0
1260 203.0
1261 251.0
1262 253.0
1263 204.0
1264 0.0
1265 204.0
1266 316.0
1267 316.0
1268 251.0
1269 251.0
1270 203.0
1271 251.0
1272 252.0
1273 203.0
1274 251.0
1275 459.0
1276 104.0
1277 251.0
1278 103.0
1279 204.0
1280 204.0
1281 279.0
1282 386.0
1283 204.0
1284 203.0
1285 204.0
1286 204.0
1287 32.0
1288 204.0
1289 32.0
1290 180.0
1291 180.0
1292 251.0
1293 38.0
1294 203.0
1295 203.0
1296 203.0
1297 32.0
1298 203.0
1299 203.0
1300 98.0
1301 204.0
1302 0.0
1303 204.0
1304 202.0
1305 203.0
1306 252.0
1307 236.0
1308 237.0
1309 252.0
1310 236.0
1311 203.0
1312 251.0
1313 253.0
1314 253.0
1315 0.0
1316 251.0
1317 315.0
1318 315.0
1319 204.0
1320 204.0
1321 203.0
1322 38.0
1323 252.0
1324 203.0
1325 104.0
1326 459.0
1327 109.0
1328 203.0
1329 103.0
1330 203.0
1331 30.0
1332 34.0
1333 459.0
1334 204.0
1335 203.0
1336 204.0
1337 204.0
1338 32.0
1339 204.0
1340 158.0
1341 25.0
1342 252.0
1343 180.0
1344 30.0
1345 32.0
1346 204.0
1347 204.0
1348 204.0
1349 204.0
1350 203.0
1351 98.0
1352 98.0
1353 32.0
1354 203.0
1355 204.0
1356 252.0
1357 252.0
1358 236.0
1359 236.0
1360 252.0
1361 252.0
1362 236.0
1363 253.0
1364 253.0
1365 161.0
1366 253.0
1367 253.0
1368 251.0
1369 315.0
1370 203.0
1371 251.0
1372 0.0
1373 252.0
1374 252.0
1375 109.0
1376 269.0
1377 459.0
1378 203.0
1379 251.0
1380 204.0
1381 203.0
1382 204.0
1383 332.0
1384 459.0
1385 204.0
1386 204.0
1387 204.0
1388 204.0
1389 203.0
1390 204.0
1391 203.0
1392 203.0
1393 251.0
1394 252.0
1395 32.0
1396 204.0
1397 204.0
1398 180.0
1399 191.0
1400 204.0
1401 204.0
1402 203.0
1403 98.0
1404 32.0
1405 204.0
1406 251.0
1407 252.0
1408 252.0
1409 252.0
1410 236.0
1411 251.0
1412 251.0
1413 203.0
1414 225.0
1415 253.0
1416 203.0
1417 203.0
1418 253.0
1419 316.0
1420 251.0
1421 251.0
1422 251.0
1423 82.0
1424 251.0
1425 252.0
1426 7.0
1427 204.0
1428 459.0
1429 12.0
1430 171.0
1431 175.0
1432 203.0
1433 204.0
1434 332.0
1435 459.0
1436 204.0
1437 204.0
1438 204.0
1439 204.0
1440 32.0
1441 204.0
1442 203.0
1443 174.0
1444 251.0
1445 204.0
1446 38.0
1447 204.0
1448 204.0
1449 180.0
1450 31.0
1451 204.0
1452 203.0
1453 203.0
1454 32.0
1455 33.0
1456 204.0
1457 167.0
1458 203.0
1459 252.0
1460 252.0
1461 42.0
1462 251.0
1463 236.0
1464 203.0
1465 251.0
1466 253.0
1467 204.0
1468 203.0
1469 315.0
1470 316.0
1471 315.0
1472 251.0
1473 251.0
1474 0.0
1475 252.0
1476 252.0
1477 33.0
1478 203.0
1479 459.0
1480 104.0
1481 12.0
1482 103.0
1483 204.0
1484 0.0
1485 459.0
1486 386.0
1487 204.0
1488 0.0
1489 204.0
1490 204.0
1491 203.0
1492 204.0
1493 32.0
1494 204.0
1495 252.0
1496 251.0
1497 38.0
1498 204.0
1499 204.0
1500 32.0
1501 32.0
1502 203.0
1503 204.0
1504 169.0
1505 204.0
1506 0.0
1507 0.0
1508 203.0
1509 203.0
1510 252.0
1511 252.0
1512 236.0
1513 252.0
1514 236.0
1515 236.0
1516 252.0
1517 253.0
1518 251.0
1519 253.0
1520 253.0
1521 251.0
1522 251.0
1523 315.0
1524 315.0
1525 203.0
1526 252.0
1527 252.0
1528 98.0
1529 203.0
1530 459.0
1531 203.0
1532 25.0
1533 103.0
1534 275.0
1535 204.0
1536 34.0
1537 456.0
1538 33.0
1539 0.0
1540 204.0
1541 204.0
1542 203.0
1543 204.0
1544 32.0
1545 252.0
1546 252.0
1547 251.0
1548 30.0
1549 204.0
1550 204.0
1551 32.0
1552 191.0
1553 204.0
1554 203.0
1555 98.0
1556 98.0
1557 0.0
1558 0.0
1559 252.0
1560 252.0
1561 252.0
1562 236.0
1563 163.0
1564 252.0
1565 236.0
1566 236.0
1567 253.0
1568 253.0
1569 253.0
1570 32.0
1571 253.0
1572 316.0
1573 251.0
1574 204.0
1575 251.0
1576 30.0
1577 251.0
1578 252.0
1579 104.0
1580 269.0
1581 459.0
1582 203.0
1583 203.0
1584 175.0
1585 212.0
1586 204.0
1587 386.0
1588 304.0
1589 204.0
1590 228.0
1591 204.0
1592 204.0
1593 0.0
1594 204.0
1595 203.0
1596 174.0
1597 251.0
1598 180.0
1599 38.0
1600 204.0
1601 204.0
1602 204.0
1603 31.0
1604 204.0
1605 204.0
1606 32.0
1607 204.0
1608 33.0
1609 204.0
1610 252.0
1611 252.0
1612 252.0
1613 252.0
1614 251.0
1615 251.0
1616 236.0
1617 203.0
1618 203.0
1619 253.0
1620 203.0
1621 203.0
1622 253.0
1623 251.0
1624 251.0
1625 251.0
1626 235.0
1627 0.0
1628 203.0
1629 252.0
1630 109.0
1631 269.0
1632 459.0
1633 204.0
1634 180.0
1635 175.0
1636 302.0
1637 0.0
1638 386.0
1639 459.0
1640 251.0
1641 204.0
1642 203.0
1643 204.0
1644 32.0
1645 204.0
1646 0.0
1647 204.0
1648 252.0
1649 252.0
1650 44.0
1651 204.0
1652 204.0
1653 203.0
1654 32.0
1655 203.0
1656 203.0
1657 204.0
1658 204.0
1659 0.0
1660 204.0
1661 252.0
1662 252.0
1663 252.0
1664 252.0
1665 236.0
1666 252.0
1667 236.0
1668 203.0
1669 251.0
1670 253.0
1671 253.0
1672 253.0
1673 204.0
1674 316.0
1675 315.0
1676 315.0
1677 203.0
1678 252.0
1679 203.0
1680 252.0
1681 204.0
1682 204.0
1683 459.0
1684 191.0
1685 203.0
1686 103.0
1687 204.0
1688 251.0
1689 459.0
1690 386.0
1691 204.0
1692 251.0
1693 203.0
1694 0.0
1695 32.0
1696 204.0
1697 30.0
1698 204.0
1699 252.0
1700 204.0
1701 32.0
1702 204.0
1703 204.0
1704 38.0
1705 191.0
1706 204.0
1707 203.0
1708 98.0
1709 98.0
1710 0.0
1711 204.0
1712 203.0
1713 203.0
1714 252.0
1715 252.0
1716 236.0
1717 252.0
1718 236.0
1719 252.0
1720 251.0
1721 253.0
1722 251.0
1723 253.0
1724 316.0
1725 316.0
1726 251.0
1727 1.0
1728 251.0
1729 203.0
1730 33.0
1731 252.0
1732 316.0
1733 203.0
1734 459.0
1735 203.0
1736 12.0
1737 103.0
1738 33.0
1739 332.0
1740 279.0
1741 386.0
1742 204.0
1743 0.0
1744 204.0
1745 0.0
1746 203.0
1747 204.0
1748 203.0
1749 204.0
1750 252.0
1751 252.0
1752 32.0
1753 203.0
1754 204.0
1755 32.0
1756 191.0
1757 203.0
1758 44.0
1759 98.0
1760 204.0
1761 33.0
1762 0.0
1763 252.0
1764 252.0
1765 252.0
1766 203.0
1767 236.0
1768 251.0
1769 251.0
1770 251.0
1771 251.0
1772 253.0
1773 204.0
1774 203.0
1775 251.0
1776 251.0
1777 315.0
1778 204.0
1779 251.0
1780 203.0
1781 33.0
1782 142.0
1783 17.0
1784 252.0
1785 459.0
1786 203.0
1787 251.0
1788 175.0
1789 302.0
1790 204.0
1791 386.0
1792 459.0
1793 204.0
1794 0.0
1795 204.0
1796 203.0
1797 30.0
1798 204.0
1799 204.0
1800 174.0
1801 252.0
1802 251.0
1803 38.0
1804 204.0
1805 204.0
1806 191.0
1807 31.0
1808 203.0
1809 203.0
1810 32.0
1811 204.0
1812 0.0
1813 0.0
1814 252.0
1815 252.0
1816 252.0
1817 252.0
1818 251.0
1819 252.0
1820 236.0
1821 5.0
1822 175.0
1823 253.0
1824 154.0
1825 203.0
1826 251.0
1827 251.0
1828 251.0
1829 315.0
1830 315.0
1831 1.0
1832 169.0
1833 203.0
1834 17.0
1835 203.0
1836 459.0
1837 203.0
1838 203.0
1839 203.0
1840 204.0
1841 459.0
1842 456.0
1843 459.0
1844 395.0
1845 230.0
1846 203.0
1847 204.0
1848 0.0
1849 204.0
1850 0.0
1851 251.0
1852 252.0
1853 204.0
1854 38.0
1855 204.0
1856 204.0
1857 32.0
1858 203.0
1859 204.0
1860 203.0
1861 32.0
1862 204.0
1863 32.0
1864 204.0
1865 252.0
1866 203.0
1867 252.0
1868 6.0
1869 236.0
1870 252.0
1871 236.0
1872 236.0
1873 203.0
1874 253.0
1875 154.0
1876 253.0
1877 253.0
1878 315.0
1879 315.0
1880 315.0
1881 315.0
1882 251.0
1883 203.0
1884 142.0
1885 38.0
1886 38.0
1887 459.0
1888 203.0
1889 203.0
1890 103.0
1891 158.0
1892 251.0
1893 279.0
1894 386.0
1895 315.0
1896 316.0
1897 204.0
1898 0.0
1899 32.0
1900 204.0
1901 204.0
1902 204.0
1903 252.0
1904 252.0
1905 38.0
1906 204.0
1907 204.0
1908 203.0
1909 191.0
1910 204.0
1911 203.0
1912 98.0
1913 204.0
1914 33.0
1915 203.0
1916 252.0
1917 252.0
1918 252.0
1919 252.0
1920 251.0
1921 252.0
1922 251.0
1923 251.0
1924 251.0
1925 253.0
1926 253.0
1927 253.0
1928 251.0
1929 316.0
1930 315.0
1931 0.0
1932 316.0
1933 203.0
1934 203.0
1935 142.0
1936 316.0
1937 252.0
1938 459.0
1939 203.0
1940 251.0
1941 175.0
1942 315.0
1943 459.0
1944 386.0
1945 456.0
1946 386.0
1947 204.0
1948 0.0
1949 25.0
1950 32.0
1951 204.0
1952 0.0
1953 251.0
1954 252.0
1955 251.0
1956 38.0
1957 204.0
1958 204.0
1959 203.0
1960 191.0
1961 204.0
1962 38.0
1963 32.0
1964 204.0
1965 0.0
1966 175.0
1967 252.0
1968 252.0
1969 252.0
1970 252.0
1971 236.0
1972 251.0
1973 236.0
1974 203.0
1975 251.0
1976 253.0
1977 204.0
1978 253.0
1979 251.0
1980 251.0
1981 251.0
1982 315.0
1983 251.0
1984 22.0
1985 169.0
1986 15.0
1987 316.0
1988 0.0
1989 459.0
1990 115.0
1991 251.0
1992 103.0
1993 508.0
1994 204.0
1995 279.0
1996 459.0
1997 459.0
1998 332.0
1999 204.0
2000 204.0
2001 0.0
2002 204.0
2003 25.0
2004 174.0
2005 252.0
2006 204.0
2007 30.0
2008 204.0
2009 32.0
2010 38.0
2011 204.0
2012 204.0
2013 38.0
2014 32.0
2015 204.0
2016 32.0
2017 44.0
2018 252.0
2019 203.0
2020 252.0
2021 252.0
2022 236.0
2023 252.0
2024 236.0
2025 203.0
2026 204.0
2027 253.0
2028 160.0
2029 315.0
2030 253.0
2031 315.0
2032 251.0
2033 315.0
2034 316.0
2035 203.0
2036 169.0
2037 15.0
2038 203.0
2039 252.0
2040 508.0
2041 251.0
2042 203.0
2043 103.0
2044 204.0
2045 251.0
2046 279.0
2047 386.0
2048 204.0
2049 411.0
2050 204.0
2051 204.0
2052 154.0
2053 204.0
2054 0.0
2055 0.0
2056 252.0
2057 252.0
2058 38.0
2059 204.0
2060 204.0
2061 180.0
2062 32.0
2063 204.0
2064 204.0
2065 32.0
2066 204.0
2067 32.0
2068 251.0
2069 252.0
2070 252.0
2071 252.0
2072 252.0
2073 251.0
2074 252.0
2075 236.0
2076 251.0
2077 253.0
2078 253.0
2079 204.0
2080 315.0
2081 315.0
2082 251.0
2083 251.0
2084 204.0
2085 315.0
2086 0.0
2087 203.0
2088 252.0
2089 17.0
2090 252.0
2091 508.0
2092 203.0
2093 203.0
2094 103.0
2095 508.0
2096 279.0
2097 386.0
2098 456.0
2099 386.0
2100 316.0
2101 0.0
2102 204.0
2103 203.0
2104 204.0
2105 204.0
2106 252.0
2107 252.0
2108 251.0
2109 30.0
2110 204.0
2111 204.0
2112 180.0
2113 191.0
2114 204.0
2115 203.0
2116 204.0
2117 204.0
2118 251.0
2119 25.0
2120 252.0
2121 252.0
2122 252.0
2123 252.0
2124 251.0
2125 252.0
2126 236.0
2127 251.0
2128 251.0
2129 253.0
2130 2.0
2131 316.0
2132 316.0
2133 251.0
2134 315.0
2135 204.0
2136 251.0
2137 203.0
2138 33.0
2139 251.0
2140 316.0
2141 251.0
2142 508.0
2143 251.0
2144 251.0
2145 103.0
2146 315.0
2147 332.0
2148 279.0
2149 459.0
2150 204.0
2151 256.0
2152 0.0
2153 204.0
2154 0.0
2155 204.0
2156 19.0
2157 204.0
2158 252.0
2159 204.0
2160 32.0
2161 204.0
2162 204.0
2163 32.0
2164 204.0
2165 204.0
2166 203.0
2167 204.0
2168 251.0
2169 251.0
2170 203.0
2171 252.0
2172 203.0
2173 252.0
2174 252.0
2175 5.0
2176 252.0
2177 236.0
2178 5.0
2179 251.0
2180 253.0
2181 203.0
2182 203.0
2183 316.0
2184 316.0
2185 251.0
2186 316.0
2187 251.0
2188 0.0
2189 203.0
2190 15.0
2191 255.0
2192 142.0
2193 508.0
2194 109.0
2195 203.0
2196 175.0
2197 383.0
2198 251.0
2199 279.0
2200 459.0
2201 456.0
2202 385.0
2203 204.0
2204 204.0
2205 32.0
2206 204.0
2207 30.0
2208 203.0
2209 252.0
2210 252.0
2211 38.0
2212 204.0
2213 204.0
2214 203.0
2215 32.0
2216 204.0
2217 204.0
2218 251.0
2219 251.0
2220 251.0
2221 236.0
2222 252.0
2223 252.0
2224 252.0
2225 236.0
2226 161.0
2227 251.0
2228 236.0
2229 203.0
2230 253.0
2231 253.0
2232 203.0
2233 251.0
2234 251.0
2235 315.0
2236 251.0
2237 204.0
2238 251.0
2239 0.0
2240 203.0
2241 16.0
2242 274.0
2243 203.0
2244 508.0
2245 191.0
2246 203.0
2247 175.0
2248 204.0
2249 264.0
2250 395.0
2251 386.0
2252 386.0
2253 316.0
2254 12.0
2255 204.0
2256 203.0
2257 204.0
2258 251.0
2259 174.0
2260 252.0
2261 251.0
2262 30.0
2263 203.0
2264 204.0
2265 204.0
2266 32.0
2267 204.0
2268 251.0
2269 251.0
2270 251.0
2271 203.0
2272 251.0
2273 252.0
2274 252.0
2275 252.0
2276 252.0
2277 17.0
2278 252.0
2279 236.0
2280 252.0
2281 315.0
2282 253.0
2283 204.0
2284 251.0
2285 253.0
2286 315.0
2287 315.0
2288 204.0
2289 251.0
2290 251.0
2291 251.0
2292 142.0
2293 17.0
2294 252.0
2295 508.0
2296 104.0
2297 234.0
2298 103.0
2299 417.0
2300 369.0
2301 279.0
2302 459.0
2303 204.0
2304 315.0
2305 203.0
2306 204.0
2307 32.0
2308 204.0
2309 204.0
2310 174.0
2311 252.0
2312 251.0
2313 30.0
2314 204.0
2315 204.0
2316 204.0
2317 204.0
2318 251.0
2319 251.0
2320 203.0
2321 251.0
2322 251.0
2323 252.0
2324 252.0
2325 252.0
2326 252.0
2327 252.0
2328 251.0
2329 251.0
2330 236.0
2331 251.0
2332 315.0
2333 253.0
2334 203.0
2335 203.0
2336 315.0
2337 251.0
2338 251.0
2339 251.0
2340 251.0
2341 22.0
2342 252.0
2343 251.0
2344 251.0
2345 315.0
2346 508.0
2347 109.0
2348 25.0
2349 103.0
2350 508.0
2351 251.0
2352 34.0
2353 459.0
2354 204.0
2355 315.0
2356 0.0
2357 204.0
2358 32.0
2359 251.0
2360 204.0
2361 203.0
2362 252.0
2363 204.0
2364 0.0
2365 204.0
2366 204.0
2367 203.0
2368 89.0
2369 251.0
2370 250.0
2371 251.0
2372 251.0
2373 252.0
2374 203.0
2375 252.0
2376 252.0
2377 252.0
2378 252.0
2379 251.0
2380 252.0
2381 236.0
2382 251.0
2383 315.0
2384 253.0
2385 203.0
2386 316.0
2387 251.0
2388 251.0
2389 316.0
2390 204.0
2391 251.0
2392 157.0
2393 38.0
2394 203.0
2395 268.0
2396 254.0
2397 508.0
2398 180.0
2399 19.0
2400 175.0
2401 204.0
2402 251.0
2403 204.0
2404 456.0
2405 315.0
2406 282.0
2407 204.0
2408 204.0
2409 203.0
2410 252.0
2411 0.0
2412 7.0
2413 252.0
2414 204.0
2415 38.0
2416 204.0
2417 204.0
2418 203.0
2419 236.0
2420 251.0
2421 203.0
2422 251.0
2423 231.0
2424 25.0
2425 25.0
2426 252.0
2427 252.0
2428 252.0
2429 252.0
2430 251.0
2431 252.0
2432 236.0
2433 203.0
2434 315.0
2435 315.0
2436 203.0
2437 251.0
2438 253.0
2439 251.0
2440 316.0
2441 203.0
2442 316.0
2443 0.0
2444 251.0
2445 142.0
2446 273.0
2447 38.0
2448 508.0
2449 251.0
2450 251.0
2451 103.0
2452 315.0
2453 401.0
2454 34.0
2455 456.0
2456 204.0
2457 500.0
2458 0.0
2459 204.0
2460 0.0
2461 0.0
2462 204.0
2463 174.0
2464 252.0
2465 180.0
2466 32.0
2467 204.0
2468 204.0
2469 251.0
2470 251.0
2471 251.0
2472 251.0
2473 251.0
2474 231.0
2475 231.0
2476 251.0
2477 252.0
2478 252.0
2479 252.0
2480 252.0
2481 242.0
2482 252.0
2483 236.0
2484 203.0
2485 315.0
2486 203.0
2487 203.0
2488 203.0
2489 251.0
2490 316.0
2491 251.0
2492 315.0
2493 251.0
2494 203.0
2495 251.0
2496 252.0
2497 17.0
2498 251.0
2499 508.0
2500 109.0
2501 251.0
2502 103.0
2503 6.0
2504 34.0
2505 34.0
2506 459.0
2507 386.0
2508 204.0
2509 6.0
2510 204.0
2511 32.0
2512 252.0
2513 252.0
2514 204.0
2515 252.0
2516 251.0
2517 32.0
2518 33.0
2519 251.0
2520 89.0
2521 251.0
2522 251.0
2523 203.0
2524 236.0
2525 252.0
2526 231.0
2527 203.0
2528 252.0
2529 252.0
2530 252.0
2531 252.0
2532 251.0
2533 251.0
2534 236.0
2535 251.0
2536 315.0
2537 253.0
2538 203.0
2539 203.0
2540 315.0
2541 315.0
2542 251.0
2543 315.0
2544 251.0
2545 203.0
2546 251.0
2547 16.0
2548 315.0
2549 0.0
2550 508.0
2551 203.0
2552 19.0
2553 175.0
2554 253.0
2555 366.0
2556 332.0
2557 459.0
2558 34.0
2559 393.0
2560 0.0
2561 204.0
2562 32.0
2563 252.0
2564 30.0
2565 174.0
2566 252.0
2567 204.0
2568 32.0
2569 204.0
2570 89.0
2571 204.0
2572 251.0
2573 251.0
2574 203.0
2575 252.0
2576 252.0
2577 252.0
2578 0.0
2579 252.0
2580 252.0
2581 252.0
2582 252.0
2583 252.0
2584 252.0
2585 236.0
2586 253.0
2587 315.0
2588 253.0
2589 3.0
2590 251.0
2591 316.0
2592 315.0
2593 315.0
2594 204.0
2595 251.0
2596 203.0
2597 203.0
2598 203.0
2599 255.0
2600 0.0
2601 508.0
2602 251.0
2603 251.0
2604 175.0
2605 315.0
2606 251.0
2607 204.0
2608 386.0
2609 34.0
2610 34.0
2611 0.0
2612 204.0
2613 32.0
2614 252.0
2615 204.0
2616 174.0
2617 252.0
2618 252.0
2619 32.0
2620 204.0
2621 204.0
2622 251.0
2623 236.0
2624 251.0
2625 252.0
2626 252.0
2627 252.0
2628 252.0
2629 252.0
2630 252.0
2631 252.0
2632 252.0
2633 252.0
2634 251.0
2635 252.0
2636 236.0
2637 203.0
2638 253.0
2639 203.0
2640 251.0
2641 316.0
2642 316.0
2643 315.0
2644 251.0
2645 204.0
2646 251.0
2647 0.0
2648 203.0
2649 142.0
2650 142.0
2651 142.0
2652 508.0
2653 251.0
2654 179.0
2655 103.0
2656 315.0
2657 251.0
2658 262.0
2659 459.0
2660 386.0
2661 383.0
2662 203.0
2663 204.0
2664 0.0
2665 252.0
2666 204.0
2667 204.0
2668 252.0
2669 180.0
2670 204.0
2671 204.0
2672 203.0
2673 89.0
2674 251.0
2675 25.0
2676 252.0
2677 0.0
2678 252.0
2679 252.0
2680 252.0
2681 252.0
2682 252.0
2683 252.0
2684 252.0
2685 252.0
2686 252.0
2687 236.0
2688 203.0
2689 315.0
2690 315.0
2691 167.0
2692 203.0
2693 316.0
2694 316.0
2695 251.0
2696 251.0
2697 251.0
2698 203.0
2699 251.0
2700 16.0
2701 142.0
2702 204.0
2703 508.0
2704 203.0
2705 25.0
2706 103.0
2707 204.0
2708 253.0
2709 34.0
2710 459.0
2711 459.0
2712 386.0
2713 204.0
2714 204.0
2715 0.0
2716 252.0
2717 30.0
2718 204.0
2719 252.0
2720 251.0
2721 32.0
2722 204.0
2723 251.0
2724 89.0
2725 251.0
2726 25.0
2727 251.0
2728 236.0
2729 252.0
2730 252.0
2731 25.0
2732 252.0
2733 252.0
2734 252.0
2735 252.0
2736 251.0
2737 252.0
2738 236.0
2739 236.0
2740 315.0
2741 253.0
2742 0.0
2743 203.0
2744 315.0
2745 315.0
2746 251.0
2747 315.0
2748 251.0
2749 1.0
2750 38.0
2751 15.0
2752 255.0
2753 3.0
2754 508.0
2755 203.0
2756 234.0
2757 186.0
2758 508.0
2759 264.0
2760 386.0
2761 459.0
2762 500.0
2763 386.0
2764 204.0
2765 204.0
2766 203.0
2767 252.0
2768 203.0
2769 174.0
2770 252.0
2771 204.0
2772 32.0
2773 204.0
2774 251.0
2775 204.0
2776 251.0
2777 231.0
2778 251.0
2779 252.0
2780 252.0
2781 252.0
2782 25.0
2783 252.0
2784 252.0
2785 252.0
2786 252.0
2787 251.0
2788 252.0
2789 236.0
2790 251.0
2791 315.0
2792 203.0
2793 165.0
2794 203.0
2795 251.0
2796 251.0
2797 315.0
2798 79.0
2799 316.0
2800 33.0
2801 251.0
2802 142.0
2803 315.0
2804 3.0
2805 508.0
2806 38.0
2807 199.0
2808 175.0
2809 252.0
2810 204.0
2811 386.0
2812 500.0
2813 34.0
2814 34.0
2815 203.0
2816 204.0
2817 0.0
2818 252.0
2819 174.0
2820 169.0
2821 252.0
2822 180.0
2823 30.0
2824 204.0
2825 203.0
2826 245.0
2827 251.0
2828 251.0
2829 252.0
2830 252.0
2831 251.0
2832 252.0
2833 231.0
2834 252.0
2835 252.0
2836 252.0
2837 236.0
2838 251.0
2839 252.0
2840 236.0
2841 6.0
2842 315.0
2843 251.0
2844 165.0
2845 251.0
2846 251.0
2847 251.0
2848 315.0
2849 204.0
2850 251.0
2851 1.0
2852 251.0
2853 142.0
2854 17.0
2855 197.0
2856 508.0
2857 251.0
2858 30.0
2859 103.0
2860 203.0
2861 204.0
2862 34.0
2863 204.0
2864 459.0
2865 386.0
2866 0.0
2867 204.0
2868 0.0
2869 252.0
2870 30.0
2871 204.0
2872 252.0
2873 204.0
2874 32.0
2875 204.0
2876 89.0
2877 89.0
2878 251.0
2879 25.0
2880 251.0
2881 251.0
2882 25.0
2883 252.0
2884 252.0
2885 252.0
2886 252.0
2887 252.0
2888 252.0
2889 251.0
2890 252.0
2891 236.0
2892 251.0
2893 315.0
2894 253.0
2895 165.0
2896 203.0
2897 316.0
2898 316.0
2899 315.0
2900 251.0
2901 251.0
2902 252.0
2903 38.0
2904 203.0
2905 251.0
2906 203.0
2907 508.0
2908 251.0
2909 251.0
2910 103.0
2911 417.0
2912 264.0
2913 304.0
2914 456.0
2915 459.0
2916 386.0
2917 204.0
2918 204.0
2919 32.0
2920 252.0
2921 203.0
2922 251.0
2923 252.0
2924 204.0
2925 204.0
2926 204.0
2927 203.0
2928 245.0
2929 251.0
2930 15.0
2931 252.0
2932 252.0
2933 251.0
2934 252.0
2935 25.0
2936 252.0
2937 252.0
2938 252.0
2939 252.0
2940 252.0
2941 252.0
2942 251.0
2943 251.0
2944 315.0
2945 204.0
2946 165.0
2947 316.0
2948 316.0
2949 251.0
2950 315.0
2951 315.0
2952 316.0
2953 33.0
2954 251.0
2955 16.0
2956 255.0
2957 16.0
2958 508.0
2959 0.0
2960 199.0
2961 175.0
2962 386.0
2963 315.0
2964 459.0
2965 204.0
2966 34.0
2967 459.0
2968 204.0
2969 204.0
2970 0.0
2971 252.0
2972 0.0
2973 174.0
2974 252.0
2975 252.0
2976 38.0
2977 204.0
2978 203.0
2979 236.0
2980 251.0
2981 251.0
2982 252.0
2983 251.0
2984 25.0
2985 252.0
2986 25.0
2987 252.0
2988 252.0
2989 252.0
2990 236.0
2991 252.0
2992 252.0
2993 236.0
2994 33.0
2995 315.0
2996 203.0
2997 0.0
2998 253.0
2999 316.0
3000 251.0
3001 316.0
3002 204.0
3003 316.0
3004 1.0
3005 251.0
3006 142.0
3007 52.0
3008 203.0
3009 508.0
3010 251.0
3011 203.0
3012 98.0
3013 508.0
3014 251.0
3015 500.0
3016 204.0
3017 500.0
3018 34.0
3019 204.0
3020 204.0
3021 203.0
3022 252.0
3023 204.0
3024 174.0
3025 252.0
3026 251.0
3027 33.0
3028 204.0
3029 251.0
3030 251.0
3031 251.0
3032 251.0
3033 251.0
3034 252.0
3035 252.0
3036 252.0
3037 252.0
3038 252.0
3039 252.0
3040 252.0
3041 252.0
3042 251.0
3043 252.0
3044 236.0
3045 251.0
3046 315.0
3047 253.0
3048 251.0
3049 316.0
3050 251.0
3051 315.0
3052 315.0
3053 204.0
3054 316.0
3055 1.0
3056 38.0
3057 204.0
3058 17.0
3059 104.0
3060 508.0
3061 251.0
3062 25.0
3063 103.0
3064 508.0
3065 34.0
3066 204.0
3067 386.0
3068 459.0
3069 386.0
3070 204.0
3071 204.0
3072 32.0
3073 252.0
3074 0.0
3075 204.0
3076 252.0
3077 252.0
3078 38.0
3079 204.0
3080 89.0
3081 89.0
3082 251.0
3083 253.0
3084 236.0
3085 252.0
3086 251.0
3087 252.0
3088 231.0
3089 252.0
3090 252.0
3091 252.0
3092 252.0
3093 251.0
3094 252.0
3095 236.0
3096 252.0
3097 315.0
3098 315.0
3099 316.0
3100 203.0
3101 316.0
3102 316.0
3103 251.0
3104 315.0
3105 251.0
3106 315.0
3107 203.0
3108 203.0
3109 204.0
3110 0.0
3111 508.0
3112 0.0
3113 251.0
3114 103.0
3115 253.0
3116 34.0
3117 456.0
3118 204.0
3119 500.0
3120 34.0
3121 204.0
3122 204.0
3123 0.0
3124 252.0
3125 203.0
3126 174.0
3127 252.0
3128 252.0
3129 33.0
3130 0.0
3131 251.0
3132 251.0
3133 30.0
3134 2.0
3135 252.0
3136 252.0
3137 231.0
3138 252.0
3139 252.0
3140 252.0
3141 252.0
3142 252.0
3143 251.0
3144 252.0
3145 252.0
3146 236.0
3147 203.0
3148 315.0
3149 253.0
3150 251.0
3151 203.0
3152 251.0
3153 251.0
3154 251.0
3155 315.0
3156 316.0
3157 252.0
3158 315.0
3159 142.0
3160 252.0
3161 252.0
3162 508.0
3163 44.0
3164 234.0
3165 186.0
3166 253.0
3167 251.0
3168 500.0
3169 204.0
3170 500.0
3171 34.0
3172 203.0
3173 204.0
3174 0.0
3175 252.0
3176 316.0
3177 174.0
3178 252.0
3179 251.0
3180 33.0
3181 251.0
3182 203.0
3183 203.0
3184 236.0
3185 251.0
3186 252.0
3187 252.0
3188 25.0
3189 252.0
3190 25.0
3191 252.0
3192 252.0
3193 252.0
3194 252.0
3195 251.0
3196 252.0
3197 236.0
3198 251.0
3199 315.0
3200 316.0
3201 167.0
3202 316.0
3203 251.0
3204 251.0
3205 315.0
3206 204.0
3207 316.0
3208 1.0
3209 315.0
3210 9.0
3211 17.0
3212 316.0
3213 508.0
3214 251.0
3215 251.0
3216 175.0
3217 508.0
3218 251.0
3219 204.0
3220 386.0
3221 459.0
3222 386.0
3223 6.0
3224 0.0
3225 0.0
3226 252.0
3227 174.0
3228 204.0
3229 252.0
3230 251.0
3231 203.0
3232 203.0
3233 203.0
3234 89.0
3235 251.0
3236 238.0
3237 251.0
3238 15.0
3239 251.0
3240 252.0
3241 25.0
3242 252.0
3243 252.0
3244 252.0
3245 252.0
3246 251.0
3247 252.0
3248 236.0
3249 316.0
3250 253.0
3251 315.0
3252 251.0
3253 203.0
3254 251.0
3255 251.0
3256 315.0
3257 204.0
3258 316.0
3259 1.0
3260 315.0
3261 16.0
3262 251.0
3263 316.0
3264 508.0
3265 203.0
3266 19.0
3267 103.0
3268 386.0
3269 34.0
3270 459.0
3271 384.0
3272 500.0
3273 386.0
3274 0.0
3275 204.0
3276 0.0
3277 316.0
3278 203.0
3279 204.0
3280 252.0
3281 252.0
3282 38.0
3283 251.0
3284 251.0
3285 251.0
3286 236.0
3287 203.0
3288 251.0
3289 252.0
3290 252.0
3291 252.0
3292 251.0
3293 252.0
3294 252.0
3295 252.0
3296 236.0
3297 252.0
3298 252.0
3299 236.0
3300 253.0
3301 315.0
3302 253.0
3303 251.0
3304 203.0
3305 316.0
3306 315.0
3307 315.0
3308 315.0
3309 251.0
3310 203.0
3311 251.0
3312 204.0
3313 203.0
3314 252.0
3315 508.0
3316 203.0
3317 32.0
3318 103.0
3319 386.0
3320 369.0
3321 459.0
3322 204.0
3323 500.0
3324 34.0
3325 204.0
3326 203.0
3327 0.0
3328 204.0
3329 251.0
3330 174.0
3331 252.0
3332 251.0
3333 38.0
3334 0.0
3335 251.0
3336 204.0
3337 315.0
3338 203.0
3339 252.0
3340 236.0
3341 15.0
3342 252.0
3343 252.0
3344 252.0
3345 252.0
3346 252.0
3347 252.0
3348 251.0
3349 252.0
3350 236.0
3351 252.0
3352 253.0
3353 253.0
3354 204.0
3355 316.0
3356 251.0
3357 316.0
3358 251.0
3359 315.0
3360 251.0
3361 0.0
3362 251.0
3363 142.0
3364 52.0
3365 252.0
3366 508.0
3367 252.0
3368 178.0
3369 175.0
3370 204.0
3371 251.0
3372 500.0
3373 231.0
3374 500.0
3375 500.0
3376 203.0
3377 204.0
3378 0.0
3379 204.0
3380 174.0
3381 174.0
3382 252.0
3383 252.0
3384 169.0
3385 0.0
3386 203.0
3387 236.0
3388 32.0
3389 203.0
3390 252.0
3391 236.0
3392 252.0
3393 252.0
3394 25.0
3395 252.0
3396 252.0
3397 252.0
3398 252.0
3399 251.0
3400 252.0
3401 236.0
3402 251.0
3403 264.0
3404 253.0
3405 167.0
3406 316.0
3407 251.0
3408 316.0
3409 315.0
3410 204.0
3411 316.0
3412 1.0
3413 315.0
3414 252.0
3415 0.0
3416 316.0
3417 508.0
3418 203.0
3419 30.0
3420 186.0
3421 386.0
3422 251.0
3423 500.0
3424 459.0
3425 459.0
3426 386.0
3427 204.0
3428 204.0
3429 0.0
3430 252.0
3431 25.0
3432 174.0
3433 252.0
3434 251.0
3435 0.0
3436 203.0
3437 251.0
3438 251.0
3439 252.0
3440 0.0
3441 252.0
3442 252.0
3443 231.0
3444 252.0
3445 252.0
3446 252.0
3447 252.0
3448 252.0
3449 240.0
3450 161.0
3451 252.0
3452 236.0
3453 253.0
3454 316.0
3455 315.0
3456 315.0
3457 203.0
3458 316.0
3459 315.0
3460 251.0
3461 204.0
3462 316.0
3463 0.0
3464 315.0
3465 204.0
3466 204.0
3467 251.0
3468 508.0
3469 204.0
3470 98.0
3471 103.0
3472 508.0
3473 34.0
3474 500.0
3475 204.0
3476 459.0
3477 395.0
3478 204.0
3479 204.0
3480 30.0
3481 204.0
3482 204.0
3483 204.0
3484 252.0
3485 251.0
3486 44.0
3487 0.0
3488 245.0
3489 251.0
3490 231.0
3491 203.0
3492 252.0
3493 252.0
3494 252.0
3495 252.0
3496 252.0
3497 252.0
3498 252.0
3499 252.0
3500 236.0
3501 251.0
3502 252.0
3503 236.0
3504 253.0
3505 315.0
3506 315.0
3507 251.0
3508 316.0
3509 251.0
3510 315.0
3511 251.0
3512 315.0
3513 251.0
3514 30.0
3515 203.0
3516 255.0
3517 252.0
3518 252.0
3519 508.0
3520 204.0
3521 93.0
3522 186.0
3523 383.0
3524 204.0
3525 500.0
3526 204.0
3527 500.0
3528 204.0
3529 6.0
3530 204.0
3531 0.0
3532 204.0
3533 204.0
3534 204.0
3535 252.0
3536 252.0
3537 180.0
3538 0.0
3539 251.0
3540 316.0
3541 0.0
3542 203.0
3543 252.0
3544 236.0
3545 252.0
3546 252.0
3547 252.0
3548 252.0
3549 252.0
3550 252.0
3551 252.0
3552 161.0
3553 252.0
3554 236.0
3555 251.0
3556 315.0
3557 253.0
3558 253.0
3559 316.0
3560 251.0
3561 316.0
3562 315.0
3563 315.0
3564 251.0
3565 0.0
3566 315.0
3567 251.0
3568 252.0
3569 251.0
3570 508.0
3571 164.0
3572 217.0
3573 175.0
3574 386.0
3575 251.0
3576 204.0
3577 456.0
3578 500.0
3579 386.0
3580 456.0
3581 204.0
3582 0.0
3583 316.0
3584 316.0
3585 169.0
3586 252.0
3587 251.0
3588 0.0
3589 203.0
3590 2.0
3591 0.0
3592 0.0
3593 251.0
3594 252.0
3595 252.0
3596 252.0
3597 252.0
3598 252.0
3599 252.0
3600 252.0
3601 252.0
3602 252.0
3603 252.0
3604 252.0
3605 236.0
3606 251.0
3607 253.0
3608 315.0
3609 203.0
3610 203.0
3611 251.0
3612 251.0
3613 251.0
3614 204.0
3615 316.0
3616 0.0
3617 315.0
3618 203.0
3619 316.0
3620 316.0
3621 508.0
3622 25.0
3623 153.0
3624 175.0
3625 508.0
3626 459.0
3627 459.0
3628 386.0
3629 500.0
3630 393.0
3631 0.0
3632 203.0
3633 169.0
3634 251.0
3635 252.0
3636 204.0
3637 252.0
3638 252.0
3639 33.0
3640 203.0
3641 203.0
3642 250.0
3643 231.0
3644 203.0
3645 252.0
3646 252.0
3647 251.0
3648 252.0
3649 252.0
3650 252.0
3651 252.0
3652 252.0
3653 252.0
3654 251.0
3655 252.0
3656 236.0
3657 253.0
3658 315.0
3659 315.0
3660 251.0
3661 316.0
3662 251.0
3663 315.0
3664 251.0
3665 315.0
3666 315.0
3667 1.0
3668 203.0
3669 203.0
3670 203.0
3671 316.0
3672 508.0
3673 203.0
3674 93.0
3675 103.0
3676 508.0
3677 369.0
3678 500.0
3679 500.0
3680 459.0
3681 204.0
3682 203.0
3683 204.0
3684 203.0
3685 204.0
3686 204.0
3687 204.0
3688 252.0
3689 252.0
3690 204.0
3691 0.0
3692 4.0
3693 372.0
3694 252.0
3695 251.0
3696 251.0
3697 236.0
3698 252.0
3699 252.0
3700 252.0
3701 252.0
3702 252.0
3703 252.0
3704 252.0
3705 251.0
3706 252.0
3707 236.0
3708 315.0
3709 315.0
3710 253.0
3711 316.0
3712 316.0
3713 316.0
3714 251.0
3715 315.0
3716 251.0
3717 251.0
3718 251.0
3719 315.0
3720 252.0
3721 251.0
3722 252.0
3723 508.0
3724 204.0
3725 30.0
3726 103.0
3727 508.0
3728 204.0
3729 500.0
3730 204.0
3731 459.0
3732 34.0
3733 6.0
3734 0.0
3735 158.0
3736 204.0
3737 204.0
3738 169.0
3739 252.0
3740 252.0
3741 180.0
3742 169.0
3743 2.0
3744 0.0
3745 25.0
3746 203.0
3747 252.0
3748 252.0
3749 252.0
3750 252.0
3751 252.0
3752 252.0
3753 252.0
3754 252.0
3755 252.0
3756 161.0
3757 252.0
3758 236.0
3759 251.0
3760 315.0
3761 253.0
3762 204.0
3763 316.0
3764 316.0
3765 316.0
3766 251.0
3767 315.0
3768 251.0
3769 0.0
3770 315.0
3771 203.0
3772 255.0
3773 252.0
3774 508.0
3775 205.0
3776 203.0
3777 175.0
3778 508.0
3779 251.0
3780 500.0
3781 204.0
3782 34.0
3783 260.0
3784 203.0
3785 0.0
3786 0.0
3787 252.0
3788 252.0
3789 169.0
3790 252.0
3791 252.0
3792 32.0
3793 203.0
3794 0.0
3795 0.0
3796 337.0
3797 2.0
3798 252.0
3799 252.0
3800 252.0
3801 252.0
3802 252.0
3803 252.0
3804 252.0
3805 252.0
3806 236.0
3807 251.0
3808 252.0
3809 236.0
3810 251.0
3811 316.0
3812 315.0
3813 315.0
3814 316.0
3815 316.0
3816 315.0
3817 315.0
3818 204.0
3819 251.0
3820 33.0
3821 203.0
3822 315.0
3823 273.0
3824 315.0
3825 508.0
3826 204.0
3827 178.0
3828 103.0
3829 508.0
3830 251.0
3831 500.0
3832 456.0
3833 459.0
3834 393.0
3835 204.0
3836 6.0
3837 32.0
3838 204.0
3839 204.0
3840 169.0
3841 252.0
3842 252.0
3843 204.0
3844 0.0
3845 0.0
3846 236.0
3847 5.0
3848 203.0
3849 252.0
3850 252.0
3851 252.0
3852 252.0
3853 252.0
3854 252.0
3855 203.0
3856 252.0
3857 22.0
3858 242.0
3859 252.0
3860 236.0
3861 253.0
3862 315.0
3863 253.0
3864 253.0
3865 316.0
3866 251.0
3867 251.0
3868 315.0
3869 251.0
3870 251.0
3871 251.0
3872 251.0
3873 252.0
3874 252.0
3875 316.0
3876 508.0
3877 177.0
3878 30.0
3879 103.0
3880 508.0
3881 369.0
3882 500.0
3883 204.0
3884 459.0
3885 204.0
3886 204.0
3887 204.0
3888 252.0
3889 204.0
3890 316.0
3891 204.0
3892 252.0
3893 252.0
3894 180.0
3895 2.0
3896 0.0
3897 0.0
3898 0.0
3899 231.0
3900 252.0
3901 252.0
3902 252.0
3903 252.0
3904 252.0
3905 252.0
3906 252.0
3907 252.0
3908 1.0
3909 252.0
3910 252.0
3911 236.0
3912 253.0
3913 253.0
3914 253.0
3915 253.0
3916 316.0
3917 316.0
3918 315.0
3919 251.0
3920 251.0
3921 251.0
3922 0.0
3923 315.0
3924 251.0
3925 252.0
3926 252.0
3927 508.0
3928 251.0
3929 30.0
3930 204.0
3931 508.0
3932 204.0
3933 500.0
3934 500.0
3935 34.0
3936 230.0
3937 203.0
3938 204.0
3939 251.0
3940 252.0
3941 252.0
3942 169.0
3943 252.0
3944 252.0
3945 185.0
3946 203.0
3947 203.0
3948 2.0
3949 253.0
3950 33.0
3951 252.0
3952 252.0
3953 252.0
3954 252.0
3955 252.0
3956 252.0
3957 252.0
3958 252.0
3959 252.0
3960 161.0
3961 252.0
3962 236.0
3963 251.0
3964 253.0
3965 315.0
3966 315.0
3967 316.0
3968 251.0
3969 251.0
3970 251.0
3971 315.0
3972 251.0
3973 22.0
3974 315.0
3975 203.0
3976 315.0
3977 252.0
3978 508.0
3979 30.0
3980 251.0
3981 175.0
3982 508.0
3983 204.0
3984 500.0
3985 459.0
3986 459.0
3987 204.0
3988 0.0
3989 386.0
3990 32.0
3991 252.0
3992 252.0
3993 203.0
3994 252.0
3995 252.0
3996 174.0
3997 0.0
3998 347.0
3999 4.0
4000 252.0
4001 251.0
4002 252.0
4003 252.0
4004 252.0
4005 252.0
4006 25.0
4007 252.0
4008 252.0
4009 252.0
4010 252.0
4011 252.0
4012 252.0
4013 236.0
4014 253.0
4015 315.0
4016 253.0
4017 315.0
4018 253.0
4019 251.0
4020 316.0
4021 315.0
4022 315.0
4023 251.0
4024 251.0
4025 337.0
4026 255.0
4027 315.0
4028 252.0
4029 508.0
4030 0.0
4031 178.0
4032 103.0
4033 508.0
4034 508.0
4035 500.0
4036 459.0
4037 459.0
4038 203.0
4039 204.0
4040 203.0
4041 203.0
4042 204.0
4043 204.0
4044 204.0
4045 252.0
4046 252.0
4047 33.0
4048 6.0
4049 2.0
4050 315.0
4051 253.0
4052 236.0
4053 252.0
4054 252.0
4055 252.0
4056 252.0
4057 252.0
4058 252.0
4059 203.0
4060 252.0
4061 1.0
4062 252.0
4063 252.0
4064 236.0
4065 253.0
4066 253.0
4067 253.0
4068 253.0
4069 203.0
4070 251.0
4071 251.0
4072 315.0
4073 315.0
4074 315.0
4075 1.0
4076 315.0
4077 203.0
4078 17.0
4079 316.0
4080 508.0
4081 252.0
4082 25.0
4083 103.0
4084 508.0
4085 279.0
4086 401.0
4087 204.0
4088 34.0
4089 203.0
4090 6.0
4091 204.0
4092 203.0
4093 204.0
4094 252.0
4095 203.0
4096 252.0
4097 252.0
4098 180.0
4099 203.0
4100 316.0
4101 0.0
4102 5.0
4103 231.0
4104 252.0
4105 252.0
4106 252.0
4107 252.0
4108 252.0
4109 252.0
4110 252.0
4111 252.0
4112 252.0
4113 252.0
4114 252.0
4115 236.0
4116 251.0
4117 253.0
4118 315.0
4119 253.0
4120 316.0
4121 316.0
4122 316.0
4123 251.0
4124 251.0
4125 251.0
4126 251.0
4127 251.0
4128 203.0
4129 0.0
4130 252.0
4131 508.0
4132 251.0
4133 30.0
4134 175.0
4135 508.0
4136 508.0
4137 386.0
4138 204.0
4139 34.0
4140 204.0
4141 203.0
4142 204.0
4143 109.0
4144 252.0
4145 252.0
4146 174.0
4147 252.0
4148 252.0
4149 180.0
4150 251.0
4151 316.0
4152 0.0
4153 0.0
4154 203.0
4155 252.0
4156 252.0
4157 252.0
4158 252.0
4159 252.0
4160 252.0
4161 252.0
4162 252.0
4163 236.0
4164 252.0
4165 252.0
4166 236.0
4167 253.0
4168 253.0
4169 315.0
4170 315.0
4171 316.0
4172 251.0
4173 315.0
4174 251.0
4175 315.0
4176 316.0
4177 1.0
4178 203.0
4179 337.0
4180 203.0
4181 252.0
4182 508.0
4183 3.0
4184 25.0
4185 103.0
4186 508.0
4187 390.0
4188 315.0
4189 459.0
4190 386.0
4191 203.0
4192 0.0
4193 203.0
4194 203.0
4195 251.0
4196 204.0
4197 174.0
4198 252.0
4199 252.0
4200 33.0
4201 6.0
4202 341.0
4203 341.0
4204 315.0
4205 203.0
4206 252.0
4207 236.0
4208 252.0
4209 252.0
4210 252.0
4211 252.0
4212 203.0
4213 252.0
4214 252.0
4215 252.0
4216 252.0
4217 236.0
4218 253.0
4219 253.0
4220 316.0
4221 253.0
4222 203.0
4223 316.0
4224 315.0
4225 316.0
4226 251.0
4227 315.0
4228 11.0
4229 315.0
4230 203.0
4231 203.0
4232 251.0
4233 508.0
4234 0.0
4235 211.0
4236 103.0
4237 508.0
4238 248.0
4239 401.0
4240 459.0
4241 204.0
4242 204.0
4243 203.0
4244 31.0
4245 0.0
4246 204.0
4247 316.0
4248 174.0
4249 252.0
4250 252.0
4251 204.0
4252 33.0
4253 0.0
4254 0.0
4255 251.0
4256 30.0
4257 252.0
4258 236.0
4259 252.0
4260 252.0
4261 252.0
4262 252.0
4263 203.0
4264 252.0
4265 203.0
4266 252.0
4267 252.0
4268 236.0
4269 251.0
4270 253.0
4271 316.0
4272 315.0
4273 316.0
4274 316.0
4275 251.0
4276 315.0
4277 315.0
4278 315.0
4279 203.0
4280 315.0
4281 203.0
4282 203.0
4283 316.0
4284 508.0
4285 204.0
4286 153.0
4287 186.0
4288 508.0
4289 320.0
4290 508.0
4291 204.0
4292 204.0
4293 204.0
4294 0.0
4295 204.0
4296 25.0
4297 316.0
4298 251.0
4299 203.0
4300 252.0
4301 252.0
4302 180.0
4303 252.0
4304 316.0
4305 2.0
4306 0.0
4307 203.0
4308 252.0
4309 252.0
4310 252.0
4311 252.0
4312 252.0
4313 252.0
4314 203.0
4315 252.0
4316 252.0
4317 252.0
4318 252.0
4319 236.0
4320 251.0
4321 316.0
4322 315.0
4323 315.0
4324 316.0
4325 316.0
4326 316.0
4327 315.0
4328 315.0
4329 315.0
4330 203.0
4331 332.0
4332 203.0
4333 203.0
4334 316.0
4335 508.0
4336 173.0
4337 93.0
4338 103.0
4339 508.0
4340 204.0
4341 251.0
4342 386.0
4343 386.0
4344 242.0
4345 204.0
4346 204.0
4347 203.0
4348 251.0
4349 316.0
4350 204.0
4351 252.0
4352 252.0
4353 247.0
4354 204.0
4355 315.0
4356 0.0
4357 315.0
4358 32.0
4359 252.0
4360 252.0
4361 252.0
4362 252.0
4363 252.0
4364 252.0
4365 252.0
4366 252.0
4367 252.0
4368 242.0
4369 252.0
4370 236.0
4371 253.0
4372 253.0
4373 315.0
4374 315.0
4375 316.0
4376 251.0
4377 251.0
4378 251.0
4379 204.0
4380 251.0
4381 11.0
4382 315.0
4383 203.0
4384 203.0
4385 252.0
4386 508.0
4387 203.0
4388 25.0
4389 186.0
4390 508.0
4391 204.0
4392 508.0
4393 259.0
4394 500.0
4395 203.0
4396 34.0
4397 -1.0
4398 0.0
4399 204.0
4400 204.0
4401 174.0
4402 252.0
4403 252.0
4404 243.0
4405 2.0
4406 0.0
4407 33.0
4408 315.0
4409 203.0
4410 252.0
4411 252.0
4412 252.0
4413 252.0
4414 252.0
4415 252.0
4416 252.0
4417 252.0
4418 252.0
4419 252.0
4420 252.0
4421 236.0
4422 253.0
4423 253.0
4424 253.0
4425 253.0
4426 203.0
4427 316.0
4428 315.0
4429 315.0
4430 251.0
4431 316.0
4432 203.0
4433 203.0
4434 337.0
4435 12.0
4436 252.0
4437 508.0
4438 252.0
4439 179.0
4440 203.0
4441 508.0
4442 191.0
4443 386.0
4444 508.0
4445 204.0
4446 204.0
4447 6.0
4448 31.0
4449 0.0
4450 204.0
4451 252.0
4452 174.0
4453 252.0
4454 252.0
4455 243.0
4456 203.0
4457 315.0
4458 315.0
4459 378.0
4460 245.0
4461 252.0
4462 252.0
4463 252.0
4464 252.0
4465 252.0
4466 252.0
4467 236.0
4468 252.0
4469 252.0
4470 161.0
4471 252.0
4472 236.0
4473 251.0
4474 316.0
4475 315.0
4476 253.0
4477 203.0
4478 251.0
4479 251.0
4480 315.0
4481 315.0
4482 251.0
4483 17.0
4484 251.0
4485 203.0
4486 33.0
4487 315.0
4488 508.0
4489 16.0
4490 30.0
4491 103.0
4492 508.0
4493 206.0
4494 251.0
4495 251.0
4496 500.0
4497 204.0
4498 6.0
4499 204.0
4500 203.0
4501 252.0
4502 316.0
4503 204.0
4504 252.0
4505 252.0
4506 251.0
4507 6.0
4508 316.0
4509 2.0
4510 1.0
4511 251.0
4512 252.0
4513 252.0
4514 252.0
4515 252.0
4516 252.0
4517 252.0
4518 252.0
4519 252.0
4520 252.0
4521 252.0
4522 252.0
4523 236.0
4524 253.0
4525 316.0
4526 315.0
4527 315.0
4528 316.0
4529 251.0
4530 316.0
4531 315.0
4532 251.0
4533 251.0
4534 203.0
4535 315.0
4536 337.0
4537 251.0
4538 316.0
4539 508.0
4540 252.0
4541 98.0
4542 103.0
4543 508.0
4544 204.0
4545 251.0
4546 508.0
4547 251.0
4548 204.0
4549 204.0
4550 0.0
4551 203.0
4552 316.0
4553 204.0
4554 203.0
4555 252.0
4556 252.0
4557 231.0
4558 236.0
4559 2.0
4560 0.0
4561 315.0
4562 251.0
4563 252.0
4564 252.0
4565 252.0
4566 252.0
4567 252.0
4568 252.0
4569 252.0
4570 252.0
4571 252.0
4572 252.0
4573 252.0
4574 236.0
4575 253.0
4576 253.0
4577 253.0
4578 315.0
4579 316.0
4580 316.0
4581 315.0
4582 315.0
4583 251.0
4584 251.0
4585 203.0
4586 315.0
4587 203.0
4588 17.0
4589 252.0
4590 508.0
4591 6.0
4592 30.0
4593 180.0
4594 508.0
4595 204.0
4596 251.0
4597 315.0
4598 204.0
4599 204.0
4600 204.0
4601 31.0
4602 203.0
4603 204.0
4604 251.0
4605 169.0
4606 252.0
4607 252.0
4608 203.0
4609 203.0
4610 252.0
4611 315.0
4612 315.0
4613 0.0
4614 252.0
4615 251.0
4616 252.0
4617 252.0
4618 252.0
4619 252.0
4620 252.0
4621 252.0
4622 252.0
4623 161.0
4624 252.0
4625 236.0
4626 251.0
4627 316.0
4628 316.0
4629 253.0
4630 203.0
4631 316.0
4632 315.0
4633 315.0
4634 315.0
4635 251.0
4636 203.0
4637 251.0
4638 337.0
4639 203.0
4640 316.0
4641 508.0
4642 251.0
4643 0.0
4644 32.0
4645 508.0
4646 158.0
4647 259.0
4648 508.0
4649 204.0
4650 204.0
4651 6.0
4652 203.0
4653 0.0
4654 251.0
4655 251.0
4656 169.0
4657 252.0
4658 252.0
4659 236.0
4660 316.0
4661 236.0
4662 251.0
4663 0.0
4664 1.0
4665 252.0
4666 252.0
4667 252.0
4668 252.0
4669 252.0
4670 252.0
4671 252.0
4672 252.0
4673 252.0
4674 252.0
4675 252.0
4676 236.0
4677 316.0
4678 316.0
4679 315.0
4680 253.0
4681 203.0
4682 251.0
4683 316.0
4684 315.0
4685 315.0
4686 251.0
4687 251.0
4688 315.0
4689 337.0
4690 38.0
4691 316.0
4692 508.0
4693 251.0
4694 0.0
4695 103.0
4696 508.0
4697 252.0
4698 259.0
4699 251.0
4700 204.0
4701 253.0
4702 6.0
4703 203.0
4704 203.0
4705 251.0
4706 316.0
4707 169.0
4708 252.0
4709 252.0
4710 23.0
4711 245.0
4712 341.0
4713 347.0
4714 372.0
4715 251.0
4716 252.0
4717 252.0
4718 251.0
4719 252.0
4720 252.0
4721 252.0
4722 251.0
4723 252.0
4724 252.0
4725 252.0
4726 252.0
4727 236.0
4728 253.0
4729 253.0
4730 316.0
4731 315.0
4732 203.0
4733 251.0
4734 316.0
4735 251.0
4736 315.0
4737 315.0
4738 203.0
4739 315.0
4740 203.0
4741 203.0
4742 252.0
4743 508.0
4744 251.0
4745 0.0
4746 186.0
4747 508.0
4748 204.0
4749 251.0
4750 315.0
4751 23.0
4752 386.0
4753 203.0
4754 0.0
4755 203.0
4756 204.0
4757 316.0
4758 169.0
4759 252.0
4760 252.0
4761 3.0
4762 6.0
4763 0.0
4764 0.0
4765 315.0
4766 0.0
4767 252.0
4768 252.0
4769 252.0
4770 252.0
4771 252.0
4772 252.0
4773 252.0
4774 252.0
4775 236.0
4776 242.0
4777 252.0
4778 236.0
4779 316.0
4780 253.0
4781 316.0
4782 316.0
4783 316.0
4784 251.0
4785 316.0
4786 251.0
4787 251.0
4788 315.0
4789 203.0
4790 251.0
4791 203.0
4792 203.0
4793 315.0
4794 508.0
4795 251.0
4796 0.0
4797 186.0
4798 508.0
4799 276.0
4800 251.0
4801 251.0
4802 21.0
4803 204.0
4804 0.0
4805 31.0
4806 0.0
4807 204.0
4808 251.0
4809 169.0
4810 252.0
4811 252.0
4812 204.0
4813 6.0
4814 316.0
4815 347.0
4816 5.0
4817 231.0
4818 32.0
4819 252.0
4820 15.0
4821 252.0
4822 252.0
4823 252.0
4824 252.0
4825 252.0
4826 252.0
4827 161.0
4828 252.0
4829 236.0
4830 251.0
4831 316.0
4832 316.0
4833 253.0
4834 316.0
4835 316.0
4836 251.0
4837 251.0
4838 315.0
4839 251.0
4840 203.0
4841 316.0
4842 337.0
4843 203.0
4844 252.0
4845 508.0
4846 142.0
4847 0.0
4848 103.0
4849 508.0
4850 279.0
4851 401.0
4852 508.0
4853 34.0
4854 230.0
4855 0.0
4856 203.0
4857 0.0
4858 252.0
4859 316.0
4860 169.0
4861 252.0
4862 252.0
4863 252.0
4864 236.0
4865 0.0
4866 251.0
4867 4.0
4868 0.0
4869 252.0
4870 252.0
4871 251.0
4872 252.0
4873 252.0
4874 252.0
4875 252.0
4876 252.0
4877 252.0
4878 161.0
4879 252.0
4880 236.0
4881 316.0
4882 253.0
4883 316.0
4884 315.0
4885 203.0
4886 316.0
4887 316.0
4888 315.0
4889 251.0
4890 315.0
4891 180.0
4892 315.0
4893 337.0
4894 1.0
4895 252.0
4896 508.0
4897 203.0
4898 0.0
4899 186.0
4900 508.0
4901 413.0
4902 508.0
4903 508.0
4904 0.0
4905 393.0
4906 203.0
4907 3.0
4908 203.0
4909 252.0
4910 316.0
4911 169.0
4912 252.0
4913 252.0
4914 316.0
4915 203.0
4916 2.0
4917 2.0
4918 253.0
4919 2.0
4920 252.0
4921 252.0
4922 251.0
4923 252.0
4924 252.0
4925 252.0
4926 236.0
4927 252.0
4928 4.0
4929 251.0
4930 252.0
4931 236.0
4932 253.0
4933 253.0
4934 316.0
4935 253.0
4936 203.0
4937 316.0
4938 251.0
4939 251.0
4940 251.0
4941 316.0
4942 315.0
4943 315.0
4944 337.0
4945 203.0
4946 315.0
4947 508.0
4948 3.0
4949 0.0
4950 103.0
4951 508.0
4952 204.0
4953 251.0
4954 508.0
4955 21.0
4956 204.0
4957 203.0
4958 0.0
4959 203.0
4960 204.0
4961 251.0
4962 169.0
4963 252.0
4964 385.0
4965 394.0
4966 203.0
4967 316.0
4968 347.0
4969 0.0
4970 33.0
4971 252.0
4972 252.0
4973 15.0
4974 252.0
4975 252.0
4976 252.0
4977 203.0
4978 252.0
4979 203.0
4980 236.0
4981 252.0
4982 236.0
4983 316.0
4984 253.0
4985 316.0
4986 253.0
4987 316.0
4988 251.0
4989 251.0
4990 315.0
4991 315.0
4992 251.0
4993 1.0
4994 315.0
4995 203.0
4996 203.0
4997 316.0
4998 508.0
4999 44.0
5000 0.0
5001 98.0
5002 508.0
5003 386.0
5004 386.0
5005 251.0
5006 21.0
5007 253.0
5008 204.0
5009 203.0
5010 25.0
5011 204.0
5012 316.0
5013 169.0
5014 352.0
5015 385.0
5016 0.0
5017 347.0
5018 315.0
5019 315.0
5020 372.0
5021 231.0
5022 251.0
5023 252.0
5024 25.0
5025 252.0
5026 252.0
5027 252.0
5028 252.0
5029 252.0
5030 252.0
5031 251.0
5032 252.0
5033 236.0
5034 251.0
5035 253.0
5036 316.0
5037 315.0
5038 316.0
5039 251.0
5040 316.0
5041 251.0
5042 251.0
5043 251.0
5044 203.0
5045 315.0
5046 337.0
5047 204.0
5048 273.0
5049 508.0
5050 252.0
5051 0.0
5052 186.0
5053 508.0
5054 279.0
5055 401.0
5056 251.0
5057 203.0
5058 271.0
5059 204.0
5060 203.0
5061 0.0
5062 138.0
5063 316.0
5064 169.0
5065 316.0
5066 394.0
5067 315.0
5068 316.0
5069 2.0
5070 337.0
5071 315.0
5072 0.0
5073 252.0
5074 252.0
5075 251.0
5076 252.0
5077 252.0
5078 252.0
5079 252.0
5080 252.0
5081 236.0
5082 17.0
5083 252.0
5084 236.0
5085 316.0
5086 253.0
5087 316.0
5088 253.0
5089 203.0
5090 251.0
5091 315.0
5092 251.0
5093 315.0
5094 251.0
5095 1.0
5096 315.0
5097 337.0
5098 203.0
5099 252.0
5100 508.0
