1 32.0
2 6.0
3 0.0
4 38.0
5 20.0
6 109.0
7 203.0
8 180.0
9 0.0
10 6.0
11 0.0
12 98.0
13 32.0
14 109.0
15 0.0
16 0.0
17 30.0
18 204.0
19 180.0
20 0.0
21 82.0
22 203.0
23 203.0
24 203.0
25 0.0
26 169.0
27 104.0
28 32.0
29 33.0
30 19.0
31 25.0
32 158.0
33 38.0
34 174.0
35 0.0
36 32.0
37 0.0
38 32.0
39 0.0
40 30.0
41 104.0
42 169.0
43 0.0
44 30.0
45 0.0
46 158.0
47 136.0
48 92.0
49 104.0
50 0.0
51 204.0
52 32.0
53 32.0
54 38.0
55 38.0
56 98.0
57 203.0
58 203.0
59 0.0
60 25.0
61 6.0
62 103.0
63 98.0
64 38.0
65 109.0
66 103.0
67 1.0
68 6.0
69 204.0
70 38.0
71 169.0
72 203.0
73 203.0
74 203.0
75 203.0
76 203.0
77 169.0
78 180.0
79 204.0
80 33.0
81 33.0
82 169.0
83 158.0
84 38.0
85 174.0
86 174.0
87 32.0
88 103.0
89 32.0
90 0.0
91 0.0
92 32.0
93 169.0
94 169.0
95 30.0
96 25.0
97 158.0
98 147.0
99 25.0
100 104.0
101 33.0
102 204.0
103 6.0
104 0.0
105 44.0
106 98.0
107 32.0
108 25.0
109 203.0
110 203.0
111 30.0
112 103.0
113 87.0
114 203.0
115 38.0
116 109.0
117 103.0
118 98.0
119 32.0
120 204.0
121 204.0
122 186.0
123 169.0
124 203.0
125 203.0
126 203.0
127 32.0
128 32.0
129 174.0
130 104.0
131 49.0
132 180.0
133 0.0
134 169.0
135 174.0
136 174.0
137 87.0
138 32.0
139 30.0
140 103.0
141 0.0
142 0.0
143 0.0
144 169.0
145 174.0
146 169.0
147 25.0
148 158.0
149 25.0
150 30.0
151 104.0
152 104.0
153 204.0
154 82.0
155 38.0
156 0.0
157 32.0
158 203.0
159 203.0
160 203.0
161 203.0
162 0.0
163 203.0
164 0.0
165 203.0
166 180.0
167 109.0
168 103.0
169 169.0
170 32.0
171 204.0
172 38.0
173 38.0
174 203.0
175 203.0
176 203.0
177 203.0
178 203.0
179 203.0
180 114.0
181 204.0
182 203.0
183 0.0
184 32.0
185 104.0
186 32.0
187 174.0
188 6.0
189 32.0
190 30.0
191 103.0
192 0.0
193 0.0
194 104.0
195 169.0
196 180.0
197 32.0
198 169.0
199 158.0
200 147.0
201 203.0
202 104.0
203 104.0
204 204.0
205 25.0
206 49.0
207 38.0
208 203.0
209 180.0
210 203.0
211 203.0
212 25.0
213 2.0
214 203.0
215 203.0
216 203.0
217 38.0
218 169.0
219 169.0
220 180.0
221 204.0
222 204.0
223 38.0
224 6.0
225 203.0
226 203.0
227 203.0
228 203.0
229 0.0
230 180.0
231 32.0
232 38.0
233 203.0
234 225.0
235 0.0
236 93.0
237 32.0
238 174.0
239 174.0
240 104.0
241 103.0
242 30.0
243 30.0
244 169.0
245 32.0
246 180.0
247 180.0
248 180.0
249 164.0
250 169.0
251 203.0
252 203.0
253 30.0
254 104.0
255 225.0
256 0.0
257 0.0
258 180.0
259 180.0
260 203.0
261 25.0
262 203.0
263 0.0
264 0.0
265 98.0
266 87.0
267 203.0
268 120.0
269 169.0
270 169.0
271 109.0
272 1.0
273 204.0
274 109.0
275 32.0
276 169.0
277 203.0
278 203.0
279 203.0
280 203.0
281 180.0
282 203.0
283 203.0
284 245.0
285 204.0
286 224.0
287 76.0
288 120.0
289 174.0
290 98.0
291 32.0
292 33.0
293 30.0
294 158.0
295 104.0
296 32.0
297 180.0
298 174.0
299 180.0
300 164.0
301 33.0
302 203.0
303 203.0
304 203.0
305 104.0
306 245.0
307 33.0
308 180.0
309 203.0
310 33.0
311 20.0
312 25.0
313 203.0
314 203.0
315 0.0
316 203.0
317 87.0
318 98.0
319 38.0
320 180.0
321 175.0
322 33.0
323 204.0
324 204.0
325 204.0
326 204.0
327 203.0
328 203.0
329 203.0
330 203.0
331 32.0
332 180.0
333 204.0
334 251.0
335 203.0
336 203.0
337 224.0
338 203.0
339 174.0
340 174.0
341 38.0
342 32.0
343 103.0
344 158.0
345 158.0
346 30.0
347 104.0
348 180.0
349 174.0
350 32.0
351 38.0
352 158.0
353 203.0
354 158.0
355 203.0
356 25.0
357 251.0
358 1.0
359 203.0
360 203.0
361 203.0
362 203.0
363 203.0
364 203.0
365 203.0
366 98.0
367 203.0
368 0.0
369 203.0
370 38.0
371 180.0
372 103.0
373 180.0
374 204.0
375 204.0
376 38.0
377 6.0
378 153.0
379 203.0
380 203.0
381 203.0
382 32.0
383 0.0
384 364.0
385 204.0
386 203.0
387 245.0
388 203.0
389 224.0
390 32.0
391 174.0
392 0.0
393 30.0
394 32.0
395 158.0
396 158.0
397 30.0
398 0.0
399 174.0
400 180.0
401 32.0
402 203.0
403 169.0
404 147.0
405 203.0
406 0.0
407 30.0
408 364.0
409 203.0
410 203.0
411 203.0
412 180.0
413 180.0
414 203.0
415 203.0
416 203.0
417 2.0
418 98.0
419 203.0
420 98.0
421 169.0
422 180.0
423 103.0
424 252.0
425 1.0
426 204.0
427 38.0
428 204.0
429 104.0
430 203.0
431 203.0
432 203.0
433 203.0
434 204.0
435 363.0
436 225.0
437 204.0
438 204.0
439 224.0
440 224.0
441 224.0
442 174.0
443 87.0
444 32.0
445 32.0
446 30.0
447 32.0
448 104.0
449 0.0
450 180.0
451 180.0
452 203.0
453 1.0
454 203.0
455 147.0
456 203.0
457 215.0
458 198.0
459 364.0
460 203.0
461 203.0
462 203.0
463 180.0
464 169.0
465 25.0
466 203.0
467 203.0
468 203.0
469 203.0
470 87.0
471 203.0
472 180.0
473 186.0
474 103.0
475 443.0
476 251.0
477 204.0
478 38.0
479 180.0
480 203.0
481 203.0
482 203.0
483 203.0
484 240.0
485 204.0
486 364.0
487 363.0
488 203.0
489 251.0
490 203.0
491 229.0
492 225.0
493 229.0
494 98.0
495 30.0
496 32.0
497 158.0
498 25.0
499 0.0
500 0.0
501 180.0
502 203.0
503 203.0
504 203.0
505 169.0
506 169.0
507 169.0
508 236.0
509 0.0
510 443.0
511 203.0
512 180.0
513 203.0
514 38.0
515 180.0
516 203.0
517 203.0
518 203.0
519 203.0
520 203.0
521 38.0
522 203.0
523 203.0
524 169.0
525 245.0
526 0.0
527 103.0
528 203.0
529 38.0
530 169.0
531 82.0
532 203.0
533 203.0
534 255.0
535 204.0
536 363.0
537 363.0
538 385.0
539 203.0
540 207.0
541 203.0
542 203.0
543 251.0
544 229.0
545 240.0
546 32.0
547 32.0
548 158.0
549 158.0
550 0.0
551 25.0
552 203.0
553 203.0
554 1.0
555 203.0
556 169.0
557 203.0
558 203.0
559 0.0
560 0.0
561 443.0
562 203.0
563 203.0
564 203.0
565 38.0
566 203.0
567 38.0
568 203.0
569 203.0
570 92.0
571 203.0
572 38.0
573 98.0
574 180.0
575 225.0
576 0.0
577 252.0
578 103.0
579 32.0
580 204.0
581 1.0
582 158.0
583 203.0
584 460.0
585 385.0
586 203.0
587 203.0
588 385.0
589 764.0
590 363.0
591 245.0
592 224.0
593 251.0
594 240.0
595 251.0
596 203.0
597 98.0
598 158.0
599 30.0
600 158.0
601 104.0
602 1.0
603 203.0
604 180.0
605 203.0
606 203.0
607 32.0
608 147.0
609 203.0
610 247.0
611 205.0
612 764.0
613 203.0
614 203.0
615 180.0
616 180.0
617 203.0
618 25.0
619 203.0
620 203.0
621 2.0
622 203.0
623 87.0
624 203.0
625 109.0
626 225.0
627 444.0
628 252.0
629 159.0
630 32.0
631 204.0
632 1.0
633 104.0
634 460.0
635 460.0
636 460.0
637 364.0
638 1436.0
639 1436.0
640 1435.0
641 409.0
642 251.0
643 224.0
644 363.0
645 251.0
646 252.0
647 251.0
648 203.0
649 32.0
650 158.0
651 158.0
652 104.0
653 0.0
654 203.0
655 203.0
656 203.0
657 6.0
658 169.0
659 203.0
660 98.0
661 158.0
662 0.0
663 1436.0
664 203.0
665 180.0
666 180.0
667 180.0
668 203.0
669 203.0
670 203.0
671 203.0
672 0.0
673 203.0
674 87.0
675 203.0
676 114.0
677 33.0
678 251.0
679 204.0
680 444.0
681 103.0
682 204.0
683 0.0
684 460.0
685 363.0
686 385.0
687 1436.0
688 3244.0
689 940.0
690 752.0
691 760.0
692 752.0
693 278.0
694 224.0
695 363.0
696 251.0
697 109.0
698 87.0
699 251.0
700 251.0
701 443.0
702 25.0
703 30.0
704 203.0
705 38.0
706 203.0
707 0.0
708 203.0
709 203.0
710 158.0
711 169.0
712 0.0
713 158.0
714 3244.0
715 169.0
716 203.0
717 203.0
718 38.0
719 180.0
720 203.0
721 203.0
722 203.0
723 0.0
724 203.0
725 203.0
726 203.0
727 186.0
728 444.0
729 251.0
730 114.0
731 251.0
732 175.0
733 204.0
734 203.0
735 363.0
736 363.0
737 1435.0
738 1435.0
739 245.0
740 245.0
741 1436.0
742 363.0
743 204.0
744 752.0
745 204.0
746 363.0
747 251.0
748 180.0
749 203.0
750 224.0
751 32.0
752 175.0
753 158.0
754 30.0
755 203.0
756 203.0
757 1.0
758 203.0
759 203.0
760 32.0
761 169.0
762 203.0
763 0.0
764 243.0
765 3244.0
766 203.0
767 203.0
768 203.0
769 203.0
770 203.0
771 203.0
772 203.0
773 203.0
774 0.0
775 98.0
776 32.0
777 203.0
778 252.0
779 251.0
780 251.0
781 252.0
782 251.0
783 32.0
784 204.0
785 38.0
786 289.0
787 460.0
788 203.0
789 363.0
790 245.0
791 940.0
792 1435.0
793 364.0
794 404.0
795 251.0
796 203.0
797 363.0
798 203.0
799 252.0
800 204.0
801 251.0
802 8.0
803 164.0
804 443.0
805 6.0
806 203.0
807 203.0
808 1.0
809 203.0
810 1.0
811 169.0
812 203.0
813 104.0
814 0.0
815 0.0
816 3244.0
817 203.0
818 203.0
819 180.0
820 180.0
821 203.0
822 203.0
823 203.0
824 203.0
825 2.0
826 203.0
827 98.0
828 252.0
829 204.0
830 444.0
831 109.0
832 204.0
833 251.0
834 32.0
835 204.0
836 32.0
837 716.0
838 251.0
839 460.0
840 203.0
841 245.0
842 174.0
843 760.0
844 761.0
845 204.0
846 203.0
847 252.0
848 262.0
849 203.0
850 251.0
851 82.0
852 251.0
853 209.0
854 158.0
855 158.0
856 0.0
857 203.0
858 203.0
859 203.0
860 203.0
861 203.0
862 32.0
863 158.0
864 169.0
865 104.0
866 209.0
867 3244.0
868 169.0
869 180.0
870 203.0
871 180.0
872 180.0
873 203.0
874 203.0
875 203.0
876 219.0
877 203.0
878 252.0
879 251.0
880 186.0
881 444.0
882 203.0
883 443.0
884 1.0
885 252.0
886 204.0
887 203.0
888 363.0
889 1436.0
890 460.0
891 939.0
892 1435.0
893 245.0
894 764.0
895 1435.0
896 204.0
897 245.0
898 363.0
899 262.0
900 218.0
901 180.0
902 203.0
903 251.0
904 44.0
905 98.0
906 158.0
907 0.0
908 0.0
909 6.0
910 203.0
911 32.0
912 203.0
913 203.0
914 169.0
915 104.0
916 0.0
917 0.0
918 3244.0
919 203.0
920 203.0
921 203.0
922 38.0
923 203.0
924 203.0
925 203.0
926 147.0
927 0.0
928 103.0
929 251.0
930 443.0
931 203.0
932 443.0
933 0.0
934 114.0
935 444.0
936 175.0
937 33.0
938 203.0
939 940.0
940 2107.0
941 1436.0
942 1375.0
943 1436.0
944 245.0
945 1436.0
946 363.0
947 204.0
948 251.0
949 203.0
950 363.0
951 203.0
952 203.0
953 203.0
954 251.0
955 0.0
956 175.0
957 158.0
958 1.0
959 32.0
960 203.0
961 1.0
962 0.0
963 1.0
964 169.0
965 169.0
966 203.0
967 0.0
968 0.0
969 3244.0
970 203.0
971 203.0
972 203.0
973 38.0
974 180.0
975 203.0
976 203.0
977 203.0
978 373.0
979 103.0
980 98.0
981 204.0
982 204.0
983 444.0
984 251.0
985 252.0
986 204.0
987 175.0
988 38.0
989 33.0
990 251.0
991 460.0
992 1436.0
993 203.0
994 1707.0
995 363.0
996 760.0
997 1436.0
998 363.0
999 752.0
1000 204.0
1001 363.0
1002 203.0
1003 252.0
1004 224.0
1005 251.0
1006 225.0
1007 175.0
1008 443.0
1009 1.0
1010 203.0
1011 203.0
1012 203.0
1013 203.0
1014 1.0
1015 203.0
1016 180.0
1017 169.0
1018 0.0
1019 247.0
1020 3244.0
1021 38.0
1022 180.0
1023 203.0
1024 203.0
1025 180.0
1026 203.0
1027 203.0
1028 162.0
1029 162.0
1030 0.0
1031 444.0
1032 252.0
1033 204.0
1034 443.0
1035 120.0
1036 204.0
1037 251.0
1038 252.0
1039 251.0
1040 204.0
1041 2107.0
1042 1435.0
1043 460.0
1044 363.0
1045 2107.0
1046 204.0
1047 1436.0
1048 385.0
1049 204.0
1050 385.0
1051 363.0
1052 262.0
1053 224.0
1054 252.0
1055 203.0
1056 251.0
1057 235.0
1058 98.0
1059 158.0
1060 203.0
1061 203.0
1062 6.0
1063 203.0
1064 203.0
1065 104.0
1066 203.0
1067 147.0
1068 0.0
1069 0.0
1070 196.0
1071 3244.0
1072 203.0
1073 203.0
1074 203.0
1075 180.0
1076 98.0
1077 203.0
1078 203.0
1079 25.0
1080 203.0
1081 98.0
1082 251.0
1083 251.0
1084 186.0
1085 443.0
1086 204.0
1087 251.0
1088 443.0
1089 0.0
1090 203.0
1091 203.0
1092 1435.0
1093 2107.0
1094 460.0
1095 1380.0
1096 3244.0
1097 251.0
1098 764.0
1099 939.0
1100 204.0
1101 251.0
1102 363.0
1103 363.0
1104 251.0
1105 203.0
1106 203.0
1107 251.0
1108 251.0
1109 32.0
1110 158.0
1111 0.0
1112 1.0
1113 203.0
1114 1.0
1115 32.0
1116 1.0
1117 169.0
1118 203.0
1119 0.0
1120 104.0
1121 0.0
1122 3244.0
1123 203.0
1124 203.0
1125 203.0
1126 203.0
1127 203.0
1128 203.0
1129 203.0
1130 43.0
1131 0.0
1132 204.0
1133 252.0
1134 204.0
1135 93.0
1136 443.0
1137 0.0
1138 251.0
1139 251.0
1140 180.0
1141 252.0
1142 44.0
1143 1436.0
1144 939.0
1145 652.0
1146 3244.0
1147 3243.0
1148 251.0
1149 760.0
1150 764.0
1151 363.0
1152 363.0
1153 203.0
1154 363.0
1155 203.0
1156 252.0
1157 203.0
1158 251.0
1159 203.0
1160 175.0
1161 158.0
1162 203.0
1163 1.0
1164 203.0
1165 203.0
1166 0.0
1167 1.0
1168 203.0
1169 203.0
1170 169.0
1171 0.0
1172 194.0
1173 3244.0
1174 203.0
1175 203.0
1176 203.0
1177 38.0
1178 180.0
1179 203.0
1180 203.0
1181 92.0
1182 2.0
1183 204.0
1184 231.0
1185 203.0
1186 203.0
1187 443.0
1188 169.0
1189 252.0
1190 444.0
1191 180.0
1192 175.0
1193 203.0
1194 251.0
1195 2107.0
1196 460.0
1197 460.0
1198 2107.0
1199 204.0
1200 1436.0
1201 761.0
1202 272.0
1203 203.0
1204 204.0
1205 363.0
1206 169.0
1207 252.0
1208 203.0
1209 224.0
1210 251.0
1211 98.0
1212 158.0
1213 203.0
1214 203.0
1215 203.0
1216 203.0
1217 203.0
1218 203.0
1219 203.0
1220 147.0
1221 98.0
1222 0.0
1223 158.0
1224 3244.0
1225 203.0
1226 180.0
1227 203.0
1228 180.0
1229 180.0
1230 203.0
1231 203.0
1232 109.0
1233 103.0
1234 98.0
1235 240.0
1236 252.0
1237 203.0
1238 443.0
1239 32.0
1240 443.0
1241 251.0
1242 38.0
1243 204.0
1244 204.0
1245 251.0
1246 2107.0
1247 2107.0
1248 939.0
1249 1435.0
1250 251.0
1251 1436.0
1252 1435.0
1253 204.0
1254 364.0
1255 387.0
1256 290.0
1257 203.0
1258 203.0
1259 251.0
1260 279.0
1261 251.0
1262 98.0
1263 158.0
1264 203.0
1265 1.0
1266 1.0
1267 203.0
1268 203.0
1269 203.0
1270 203.0
1271 147.0
1272 0.0
1273 158.0
1274 158.0
1275 3244.0
1276 203.0
1277 180.0
1278 203.0
1279 180.0
1280 30.0
1281 203.0
1282 203.0
1283 203.0
1284 203.0
1285 204.0
1286 231.0
1287 252.0
1288 251.0
1289 443.0
1290 0.0
1291 252.0
1292 251.0
1293 251.0
1294 109.0
1295 32.0
1296 1435.0
1297 2107.0
1298 939.0
1299 939.0
1300 1707.0
1301 245.0
1302 764.0
1303 760.0
1304 363.0
1305 752.0
1306 364.0
1307 363.0
1308 203.0
1309 252.0
1310 203.0
1311 203.0
1312 251.0
1313 175.0
1314 158.0
1315 203.0
1316 203.0
1317 203.0
1318 203.0
1319 0.0
1320 1.0
1321 203.0
1322 169.0
1323 30.0
1324 0.0
1325 0.0
1326 3244.0
1327 203.0
1328 203.0
1329 203.0
1330 38.0
1331 180.0
1332 203.0
1333 203.0
1334 369.0
1335 378.0
1336 103.0
1337 444.0
1338 204.0
1339 252.0
1340 444.0
1341 169.0
1342 443.0
1343 251.0
1344 180.0
1345 251.0
1346 32.0
1347 1436.0
1348 2107.0
1349 939.0
1350 715.0
1351 3244.0
1352 204.0
1353 1436.0
1354 764.0
1355 204.0
1356 203.0
1357 363.0
1358 363.0
1359 224.0
1360 252.0
1361 203.0
1362 279.0
1363 225.0
1364 98.0
1365 158.0
1366 0.0
1367 203.0
1368 203.0
1369 1.0
1370 0.0
1371 104.0
1372 203.0
1373 203.0
1374 25.0
1375 0.0
1376 0.0
1377 3244.0
1378 203.0
1379 203.0
1380 203.0
1381 38.0
1382 180.0
1383 203.0
1384 203.0
1385 213.0
1386 203.0
1387 213.0
1388 444.0
1389 203.0
1390 204.0
1391 443.0
1392 169.0
1393 251.0
1394 251.0
1395 175.0
1396 251.0
1397 203.0
1398 251.0
1399 2107.0
1400 715.0
1401 3244.0
1402 1435.0
1403 251.0
1404 1436.0
1405 1436.0
1406 272.0
1407 251.0
1408 364.0
1409 204.0
1410 203.0
1411 203.0
1412 203.0
1413 224.0
1414 229.0
1415 30.0
1416 443.0
1417 1.0
1418 1.0
1419 203.0
1420 1.0
1421 203.0
1422 1.0
1423 203.0
1424 169.0
1425 0.0
1426 206.0
1427 247.0
1428 3244.0
1429 203.0
1430 103.0
1431 203.0
1432 180.0
1433 169.0
1434 203.0
1435 185.0
1436 314.0
1437 203.0
1438 103.0
1439 205.0
1440 252.0
1441 443.0
1442 443.0
1443 32.0
1444 444.0
1445 251.0
1446 38.0
1447 251.0
1448 203.0
1449 251.0
1450 2107.0
1451 363.0
1452 939.0
1453 3243.0
1454 251.0
1455 1436.0
1456 1436.0
1457 203.0
1458 363.0
1459 364.0
1460 363.0
1461 207.0
1462 252.0
1463 203.0
1464 203.0
1465 235.0
1466 175.0
1467 158.0
1468 6.0
1469 1.0
1470 203.0
1471 203.0
1472 6.0
1473 1.0
1474 203.0
1475 169.0
1476 203.0
1477 219.0
1478 0.0
1479 3244.0
1480 203.0
1481 33.0
1482 203.0
1483 180.0
1484 98.0
1485 203.0
1486 2.0
1487 147.0
1488 103.0
1489 93.0
1490 444.0
1491 204.0
1492 38.0
1493 444.0
1494 204.0
1495 251.0
1496 251.0
1497 32.0
1498 251.0
1499 38.0
1500 1436.0
1501 2107.0
1502 2107.0
1503 715.0
1504 3244.0
1505 204.0
1506 760.0
1507 760.0
1508 363.0
1509 752.0
1510 203.0
1511 363.0
1512 342.0
1513 252.0
1514 203.0
1515 279.0
1516 209.0
1517 175.0
1518 158.0
1519 443.0
1520 203.0
1521 6.0
1522 203.0
1523 0.0
1524 203.0
1525 203.0
1526 180.0
1527 203.0
1528 226.0
1529 225.0
1530 3244.0
1531 203.0
1532 203.0
1533 203.0
1534 34.0
1535 180.0
1536 203.0
1537 25.0
1538 203.0
1539 43.0
1540 158.0
1541 444.0
1542 203.0
1543 444.0
1544 444.0
1545 114.0
1546 252.0
1547 443.0
1548 180.0
1549 251.0
1550 32.0
1551 251.0
1552 2107.0
1553 1090.0
1554 460.0
1555 1435.0
1556 204.0
1557 764.0
1558 1436.0
1559 201.0
1560 753.0
1561 364.0
1562 364.0
1563 222.0
1564 251.0
1565 203.0
1566 224.0
1567 251.0
1568 32.0
1569 158.0
1570 0.0
1571 0.0
1572 203.0
1573 203.0
1574 203.0
1575 203.0
1576 203.0
1577 203.0
1578 203.0
1579 0.0
1580 158.0
1581 3244.0
1582 203.0
1583 203.0
1584 203.0
1585 38.0
1586 30.0
1587 25.0
1588 371.0
1589 162.0
1590 203.0
1591 203.0
1592 231.0
1593 444.0
1594 204.0
1595 443.0
1596 251.0
1597 443.0
1598 443.0
1599 38.0
1600 251.0
1601 203.0
1602 2107.0
1603 2107.0
1604 715.0
1605 2656.0
1606 1435.0
1607 251.0
1608 1436.0
1609 1436.0
1610 204.0
1611 752.0
1612 363.0
1613 204.0
1614 203.0
1615 342.0
1616 203.0
1617 279.0
1618 5.0
1619 158.0
1620 158.0
1621 1.0
1622 0.0
1623 203.0
1624 1.0
1625 203.0
1626 1.0
1627 203.0
1628 203.0
1629 104.0
1630 98.0
1631 0.0
1632 3244.0
1633 203.0
1634 33.0
1635 203.0
1636 38.0
1637 0.0
1638 38.0
1639 33.0
1640 185.0
1641 204.0
1642 93.0
1643 231.0
1644 252.0
1645 114.0
1646 443.0
1647 0.0
1648 251.0
1649 251.0
1650 32.0
1651 251.0
1652 203.0
1653 1435.0
1654 2107.0
1655 2107.0
1656 939.0
1657 3244.0
1658 245.0
1659 764.0
1660 760.0
1661 251.0
1662 752.0
1663 32.0
1664 363.0
1665 87.0
1666 340.0
1667 203.0
1668 203.0
1669 235.0
1670 175.0
1671 158.0
1672 1.0
1673 203.0
1674 203.0
1675 203.0
1676 203.0
1677 1.0
1678 203.0
1679 203.0
1680 203.0
1681 25.0
1682 247.0
1683 3244.0
1684 203.0
1685 203.0
1686 203.0
1687 180.0
1688 180.0
1689 203.0
1690 30.0
1691 199.0
1692 114.0
1693 444.0
1694 443.0
1695 203.0
1696 444.0
1697 443.0
1698 251.0
1699 251.0
1700 251.0
1701 180.0
1702 251.0
1703 363.0
1704 251.0
1705 2107.0
1706 939.0
1707 1436.0
1708 3243.0
1709 204.0
1710 1436.0
1711 1436.0
1712 203.0
1713 752.0
1714 204.0
1715 444.0
1716 169.0
1717 251.0
1718 203.0
1719 279.0
1720 158.0
1721 19.0
1722 158.0
1723 0.0
1724 203.0
1725 203.0
1726 203.0
1727 203.0
1728 1.0
1729 203.0
1730 180.0
1731 203.0
1732 0.0
1733 218.0
1734 3244.0
1735 203.0
1736 203.0
1737 203.0
1738 180.0
1739 180.0
1740 38.0
1741 204.0
1742 378.0
1743 109.0
1744 33.0
1745 444.0
1746 252.0
1747 251.0
1748 443.0
1749 109.0
1750 444.0
1751 444.0
1752 32.0
1753 363.0
1754 203.0
1755 251.0
1756 2107.0
1757 715.0
1758 363.0
1759 1435.0
1760 251.0
1761 1436.0
1762 1436.0
1763 204.0
1764 752.0
1765 363.0
1766 204.0
1767 169.0
1768 203.0
1769 203.0
1770 279.0
1771 251.0
1772 163.0
1773 158.0
1774 0.0
1775 203.0
1776 203.0
1777 1.0
1778 203.0
1779 203.0
1780 203.0
1781 203.0
1782 180.0
1783 104.0
1784 194.0
1785 3244.0
1786 203.0
1787 408.0
1788 203.0
1789 38.0
1790 180.0
1791 32.0
1792 203.0
1793 166.0
1794 0.0
1795 203.0
1796 443.0
1797 252.0
1798 114.0
1799 443.0
1800 204.0
1801 252.0
1802 251.0
1803 32.0
1804 363.0
1805 203.0
1806 251.0
1807 2107.0
1808 363.0
1809 2108.0
1810 1435.0
1811 204.0
1812 760.0
1813 760.0
1814 251.0
1815 752.0
1816 752.0
1817 363.0
1818 203.0
1819 338.0
1820 203.0
1821 279.0
1822 3.0
1823 158.0
1824 158.0
1825 0.0
1826 1.0
1827 203.0
1828 1.0
1829 203.0
1830 203.0
1831 203.0
1832 180.0
1833 203.0
1834 236.0
1835 0.0
1836 3244.0
1837 180.0
1838 203.0
1839 191.0
1840 33.0
1841 180.0
1842 38.0
1843 203.0
1844 384.0
1845 203.0
1846 230.0
1847 444.0
1848 203.0
1849 251.0
1850 443.0
1851 0.0
1852 251.0
1853 443.0
1854 175.0
1855 363.0
1856 363.0
1857 1436.0
1858 2107.0
1859 2107.0
1860 939.0
1861 1435.0
1862 3243.0
1863 760.0
1864 760.0
1865 363.0
1866 751.0
1867 203.0
1868 363.0
1869 460.0
1870 342.0
1871 203.0
1872 203.0
1873 0.0
1874 25.0
1875 443.0
1876 0.0
1877 0.0
1878 203.0
1879 203.0
1880 203.0
1881 1.0
1882 203.0
1883 203.0
1884 203.0
1885 0.0
1886 218.0
1887 3244.0
1888 203.0
1889 180.0
1890 363.0
1891 38.0
1892 180.0
1893 38.0
1894 30.0
1895 43.0
1896 25.0
1897 230.0
1898 444.0
1899 203.0
1900 443.0
1901 444.0
1902 251.0
1903 444.0
1904 252.0
1905 252.0
1906 203.0
1907 251.0
1908 2107.0
1909 2107.0
1910 715.0
1911 363.0
1912 3244.0
1913 251.0
1914 1435.0
1915 1436.0
1916 204.0
1917 752.0
1918 363.0
1919 203.0
1920 363.0
1921 252.0
1922 203.0
1923 279.0
1924 164.0
1925 19.0
1926 158.0
1927 1.0
1928 203.0
1929 203.0
1930 6.0
1931 0.0
1932 203.0
1933 203.0
1934 203.0
1935 203.0
1936 104.0
1937 243.0
1938 3244.0
1939 203.0
1940 33.0
1941 191.0
1942 191.0
1943 180.0
1944 38.0
1945 1.0
1946 162.0
1947 252.0
1948 204.0
1949 444.0
1950 204.0
1951 444.0
1952 443.0
1953 443.0
1954 443.0
1955 444.0
1956 444.0
1957 203.0
1958 203.0
1959 251.0
1960 2107.0
1961 1435.0
1962 363.0
1963 3244.0
1964 203.0
1965 763.0
1966 760.0
1967 204.0
1968 364.0
1969 251.0
1970 363.0
1971 363.0
1972 364.0
1973 203.0
1974 279.0
1975 221.0
1976 153.0
1977 158.0
1978 0.0
1979 1.0
1980 203.0
1981 180.0
1982 203.0
1983 203.0
1984 203.0
1985 180.0
1986 104.0
1987 25.0
1988 243.0
1989 3244.0
1990 203.0
1991 38.0
1992 424.0
1993 363.0
1994 203.0
1995 247.0
1996 33.0
1997 253.0
1998 203.0
1999 251.0
2000 251.0
2001 204.0
2002 114.0
2003 444.0
2004 251.0
2005 252.0
2006 443.0
2007 38.0
2008 203.0
2009 203.0
2010 251.0
2011 2107.0
2012 939.0
2013 939.0
2014 1435.0
2015 3244.0
2016 940.0
2017 1436.0
2018 251.0
2019 364.0
2020 203.0
2021 364.0
2022 38.0
2023 32.0
2024 229.0
2025 279.0
2026 38.0
2027 158.0
2028 158.0
2029 0.0
2030 0.0
2031 203.0
2032 203.0
2033 203.0
2034 1.0
2035 203.0
2036 180.0
2037 0.0
2038 236.0
2039 211.0
2040 3244.0
2041 203.0
2042 33.0
2043 33.0
2044 49.0
2045 363.0
2046 38.0
2047 32.0
2048 402.0
2049 25.0
2050 443.0
2051 444.0
2052 251.0
2053 203.0
2054 444.0
2055 251.0
2056 251.0
2057 444.0
2058 103.0
2059 203.0
2060 203.0
2061 2107.0
2062 2107.0
2063 1436.0
2064 939.0
2065 1435.0
2066 245.0
2067 245.0
2068 764.0
2069 32.0
2070 363.0
2071 364.0
2072 203.0
2073 278.0
2074 363.0
2075 203.0
2076 279.0
2077 232.0
2078 25.0
2079 158.0
2080 1.0
2081 1.0
2082 203.0
2083 203.0
2084 6.0
2085 6.0
2086 203.0
2087 180.0
2088 25.0
2089 98.0
2090 0.0
2091 3244.0
2092 203.0
2093 33.0
2094 363.0
2095 363.0
2096 203.0
2097 33.0
2098 215.0
2099 371.0
2100 1.0
2101 231.0
2102 444.0
2103 203.0
2104 252.0
2105 443.0
2106 251.0
2107 443.0
2108 444.0
2109 252.0
2110 269.0
2111 444.0
2112 2107.0
2113 2107.0
2114 363.0
2115 363.0
2116 3244.0
2117 3244.0
2118 1436.0
2119 760.0
2120 203.0
2121 752.0
2122 203.0
2123 363.0
2124 460.0
2125 252.0
2126 203.0
2127 279.0
2128 221.0
2129 175.0
2130 443.0
2131 0.0
2132 1.0
2133 203.0
2134 164.0
2135 203.0
2136 1.0
2137 203.0
2138 203.0
2139 203.0
2140 0.0
2141 0.0
2142 3244.0
2143 203.0
2144 38.0
2145 363.0
2146 191.0
2147 402.0
2148 32.0
2149 203.0
2150 369.0
2151 109.0
2152 231.0
2153 444.0
2154 252.0
2155 204.0
2156 443.0
2157 443.0
2158 251.0
2159 444.0
2160 204.0
2161 444.0
2162 203.0
2163 2107.0
2164 2107.0
2165 363.0
2166 1090.0
2167 3244.0
2168 1436.0
2169 3244.0
2170 760.0
2171 363.0
2172 752.0
2173 203.0
2174 252.0
2175 363.0
2176 338.0
2177 203.0
2178 279.0
2179 251.0
2180 175.0
2181 158.0
2182 1.0
2183 0.0
2184 203.0
2185 180.0
2186 203.0
2187 203.0
2188 203.0
2189 203.0
2190 203.0
2191 30.0
2192 211.0
2193 3244.0
2194 203.0
2195 33.0
2196 33.0
2197 191.0
2198 203.0
2199 859.0
2200 203.0
2201 402.0
2202 32.0
2203 230.0
2204 444.0
2205 251.0
2206 114.0
2207 444.0
2208 204.0
2209 251.0
2210 444.0
2211 251.0
2212 444.0
2213 203.0
2214 251.0
2215 2107.0
2216 2107.0
2217 1435.0
2218 1435.0
2219 245.0
2220 245.0
2221 3244.0
2222 203.0
2223 752.0
2224 252.0
2225 252.0
2226 444.0
2227 652.0
2228 203.0
2229 279.0
2230 203.0
2231 98.0
2232 443.0
2233 0.0
2234 0.0
2235 203.0
2236 203.0
2237 203.0
2238 203.0
2239 203.0
2240 180.0
2241 203.0
2242 236.0
2243 231.0
2244 3244.0
2245 38.0
2246 33.0
2247 180.0
2248 33.0
2249 38.0
2250 455.0
2251 2.0
2252 371.0
2253 93.0
2254 231.0
2255 444.0
2256 444.0
2257 38.0
2258 444.0
2259 444.0
2260 252.0
2261 444.0
2262 252.0
2263 363.0
2264 203.0
2265 251.0
2266 2107.0
2267 715.0
2268 2393.0
2269 1435.0
2270 3244.0
2271 3243.0
2272 245.0
2273 939.0
2274 753.0
2275 364.0
2276 363.0
2277 940.0
2278 364.0
2279 204.0
2280 279.0
2281 230.0
2282 98.0
2283 443.0
2284 1.0
2285 1.0
2286 203.0
2287 169.0
2288 6.0
2289 1.0
2290 203.0
2291 203.0
2292 203.0
2293 98.0
2294 208.0
2295 3244.0
2296 203.0
2297 38.0
2298 38.0
2299 38.0
2300 203.0
2301 1007.0
2302 38.0
2303 369.0
2304 252.0
2305 204.0
2306 444.0
2307 252.0
2308 114.0
2309 443.0
2310 251.0
2311 443.0
2312 444.0
2313 252.0
2314 444.0
2315 363.0
2316 251.0
2317 2107.0
2318 363.0
2319 1435.0
2320 3243.0
2321 3244.0
2322 2107.0
2323 245.0
2324 204.0
2325 940.0
2326 203.0
2327 363.0
2328 363.0
2329 363.0
2330 224.0
2331 279.0
2332 251.0
2333 164.0
2334 443.0
2335 443.0
2336 0.0
2337 203.0
2338 175.0
2339 6.0
2340 1.0
2341 203.0
2342 203.0
2343 104.0
2344 243.0
2345 209.0
2346 3244.0
2347 203.0
2348 257.0
2349 363.0
2350 191.0
2351 203.0
2352 615.0
2353 38.0
2354 369.0
2355 31.0
2356 443.0
2357 444.0
2358 251.0
2359 204.0
2360 444.0
2361 252.0
2362 251.0
2363 444.0
2364 444.0
2365 444.0
2366 203.0
2367 1436.0
2368 2107.0
2369 2107.0
2370 1435.0
2371 3243.0
2372 3244.0
2373 3243.0
2374 363.0
2375 940.0
2376 1383.0
2377 98.0
2378 363.0
2379 363.0
2380 203.0
2381 224.0
2382 279.0
2383 5.0
2384 175.0
2385 158.0
2386 0.0
2387 0.0
2388 203.0
2389 0.0
2390 0.0
2391 203.0
2392 203.0
2393 203.0
2394 193.0
2395 206.0
2396 226.0
2397 3244.0
2398 203.0
2399 33.0
2400 180.0
2401 384.0
2402 98.0
2403 1007.0
2404 33.0
2405 371.0
2406 203.0
2407 230.0
2408 444.0
2409 204.0
2410 186.0
2411 444.0
2412 443.0
2413 252.0
2414 444.0
2415 252.0
2416 444.0
2417 444.0
2418 1436.0
2419 2107.0
2420 2107.0
2421 3244.0
2422 2107.0
2423 245.0
2424 2107.0
2425 1436.0
2426 204.0
2427 939.0
2428 276.0
2429 252.0
2430 363.0
2431 652.0
2432 203.0
2433 279.0
2434 217.0
2435 98.0
2436 443.0
2437 32.0
2438 0.0
2439 203.0
2440 169.0
2441 6.0
2442 203.0
2443 203.0
2444 203.0
2445 203.0
2446 0.0
2447 190.0
2448 3244.0
2449 203.0
2450 38.0
2451 203.0
2452 402.0
2453 437.0
2454 1521.0
2455 1332.0
2456 379.0
2457 203.0
2458 203.0
2459 444.0
2460 444.0
2461 191.0
2462 443.0
2463 443.0
2464 443.0
2465 444.0
2466 443.0
2467 363.0
2468 203.0
2469 251.0
2470 2107.0
2471 363.0
2472 3244.0
2473 1436.0
2474 1435.0
2475 1435.0
2476 3243.0
2477 1707.0
2478 939.0
2479 364.0
2480 203.0
2481 940.0
2482 652.0
2483 204.0
2484 279.0
2485 32.0
2486 158.0
2487 443.0
2488 203.0
2489 0.0
2490 203.0
2491 180.0
2492 6.0
2493 1.0
2494 203.0
2495 203.0
2496 203.0
2497 104.0
2498 0.0
2499 3244.0
2500 203.0
2501 363.0
2502 191.0
2503 203.0
2504 745.0
2505 455.0
2506 38.0
2507 1531.0
2508 251.0
2509 203.0
2510 444.0
2511 203.0
2512 204.0
2513 443.0
2514 443.0
2515 443.0
2516 444.0
2517 444.0
2518 363.0
2519 1193.0
2520 251.0
2521 2107.0
2522 460.0
2523 1435.0
2524 1435.0
2525 3244.0
2526 3244.0
2527 3244.0
2528 2108.0
2529 758.0
2530 203.0
2531 272.0
2532 363.0
2533 652.0
2534 203.0
2535 279.0
2536 0.0
2537 175.0
2538 158.0
2539 203.0
2540 174.0
2541 203.0
2542 203.0
2543 6.0
2544 1.0
2545 203.0
2546 203.0
2547 104.0
2548 0.0
2549 0.0
2550 3244.0
2551 203.0
2552 103.0
2553 402.0
2554 1384.0
2555 443.0
2556 1521.0
2557 3243.0
2558 402.0
2559 383.0
2560 230.0
2561 444.0
2562 252.0
2563 204.0
2564 444.0
2565 251.0
2566 444.0
2567 444.0
2568 444.0
2569 251.0
2570 363.0
2571 251.0
2572 2107.0
2573 363.0
2574 3244.0
2575 2107.0
2576 245.0
2577 3243.0
2578 1435.0
2579 245.0
2580 939.0
2581 204.0
2582 364.0
2583 363.0
2584 140.0
2585 203.0
2586 279.0
2587 32.0
2588 443.0
2589 443.0
2590 203.0
2591 0.0
2592 203.0
2593 169.0
2594 6.0
2595 203.0
2596 203.0
2597 203.0
2598 169.0
2599 25.0
2600 211.0
2601 3244.0
2602 203.0
2603 33.0
2604 251.0
2605 402.0
2606 0.0
2607 975.0
2608 204.0
2609 431.0
2610 402.0
2611 230.0
2612 444.0
2613 251.0
2614 204.0
2615 444.0
2616 251.0
2617 251.0
2618 444.0
2619 444.0
2620 444.0
2621 1435.0
2622 1436.0
2623 2107.0
2624 2108.0
2625 3244.0
2626 3243.0
2627 1436.0
2628 1435.0
2629 3244.0
2630 2108.0
2631 2107.0
2632 252.0
2633 234.0
2634 363.0
2635 652.0
2636 652.0
2637 279.0
2638 221.0
2639 158.0
2640 443.0
2641 0.0
2642 1.0
2643 203.0
2644 203.0
2645 6.0
2646 1.0
2647 203.0
2648 203.0
2649 203.0
2650 98.0
2651 194.0
2652 3244.0
2653 203.0
2654 38.0
2655 413.0
2656 447.0
2657 574.0
2658 455.0
2659 203.0
2660 251.0
2661 391.0
2662 190.0
2663 444.0
2664 444.0
2665 191.0
2666 443.0
2667 443.0
2668 251.0
2669 444.0
2670 444.0
2671 363.0
2672 251.0
2673 251.0
2674 1707.0
2675 2412.0
2676 1435.0
2677 3243.0
2678 3244.0
2679 3244.0
2680 3244.0
2681 363.0
2682 363.0
2683 251.0
2684 203.0
2685 364.0
2686 1435.0
2687 252.0
2688 652.0
2689 158.0
2690 175.0
2691 158.0
2692 93.0
2693 0.0
2694 203.0
2695 38.0
2696 6.0
2697 1.0
2698 203.0
2699 203.0
2700 169.0
2701 30.0
2702 0.0
2703 3244.0
2704 203.0
2705 33.0
2706 253.0
2707 816.0
2708 2487.0
2709 1546.0
2710 38.0
2711 38.0
2712 380.0
2713 443.0
2714 444.0
2715 252.0
2716 203.0
2717 444.0
2718 443.0
2719 443.0
2720 444.0
2721 444.0
2722 460.0
2723 363.0
2724 251.0
2725 363.0
2726 939.0
2727 1436.0
2728 1435.0
2729 245.0
2730 3244.0
2731 1435.0
2732 204.0
2733 363.0
2734 203.0
2735 272.0
2736 1436.0
2737 169.0
2738 92.0
2739 652.0
2740 364.0
2741 158.0
2742 158.0
2743 1.0
2744 443.0
2745 203.0
2746 180.0
2747 6.0
2748 203.0
2749 203.0
2750 203.0
2751 0.0
2752 211.0
2753 158.0
2754 3244.0
2755 203.0
2756 180.0
2757 424.0
2758 824.0
2759 2031.0
2760 203.0
2761 203.0
2762 251.0
2763 391.0
2764 93.0
2765 444.0
2766 444.0
2767 204.0
2768 444.0
2769 251.0
2770 444.0
2771 444.0
2772 203.0
2773 460.0
2774 251.0
2775 1436.0
2776 203.0
2777 2107.0
2778 3244.0
2779 3243.0
2780 3244.0
2781 3244.0
2782 3243.0
2783 363.0
2784 363.0
2785 225.0
2786 272.0
2787 234.0
2788 363.0
2789 191.0
2790 560.0
2791 364.0
2792 158.0
2793 158.0
2794 1.0
2795 1.0
2796 158.0
2797 203.0
2798 6.0
2799 203.0
2800 203.0
2801 203.0
2802 203.0
2803 104.0
2804 0.0
2805 3244.0
2806 203.0
2807 226.0
2808 436.0
2809 380.0
2810 1771.0
2811 1550.0
2812 436.0
2813 431.0
2814 479.0
2815 203.0
2816 444.0
2817 444.0
2818 204.0
2819 444.0
2820 443.0
2821 252.0
2822 444.0
2823 203.0
2824 251.0
2825 251.0
2826 2107.0
2827 203.0
2828 2107.0
2829 3244.0
2830 3243.0
2831 1435.0
2832 3244.0
2833 3244.0
2834 363.0
2835 363.0
2836 1708.0
2837 266.0
2838 252.0
2839 364.0
2840 364.0
2841 652.0
2842 364.0
2843 443.0
2844 443.0
2845 0.0
2846 1.0
2847 203.0
2848 180.0
2849 6.0
2850 6.0
2851 203.0
2852 203.0
2853 25.0
2854 30.0
2855 180.0
2856 3244.0
2857 203.0
2858 185.0
2859 651.0
2860 653.0
2861 759.0
2862 458.0
2863 0.0
2864 204.0
2865 103.0
2866 44.0
2867 444.0
2868 444.0
2869 103.0
2870 443.0
2871 444.0
2872 252.0
2873 444.0
2874 204.0
2875 1435.0
2876 716.0
2877 251.0
2878 444.0
2879 1435.0
2880 1435.0
2881 3244.0
2882 245.0
2883 3244.0
2884 2107.0
2885 245.0
2886 939.0
2887 245.0
2888 363.0
2889 1708.0
2890 224.0
2891 252.0
2892 652.0
2893 652.0
2894 175.0
2895 443.0
2896 0.0
2897 0.0
2898 203.0
2899 169.0
2900 6.0
2901 6.0
2902 203.0
2903 203.0
2904 0.0
2905 25.0
2906 158.0
2907 3244.0
2908 203.0
2909 203.0
2910 651.0
2911 285.0
2912 2031.0
2913 1550.0
2914 251.0
2915 544.0
2916 443.0
2917 103.0
2918 444.0
2919 444.0
2920 444.0
2921 443.0
2922 251.0
2923 443.0
2924 444.0
2925 203.0
2926 1708.0
2927 1435.0
2928 2107.0
2929 364.0
2930 2107.0
2931 2108.0
2932 1435.0
2933 3244.0
2934 3244.0
2935 3244.0
2936 363.0
2937 204.0
2938 1435.0
2939 364.0
2940 139.0
2941 218.0
2942 252.0
2943 560.0
2944 652.0
2945 652.0
2946 158.0
2947 0.0
2948 164.0
2949 33.0
2950 203.0
2951 6.0
2952 203.0
2953 203.0
2954 203.0
2955 25.0
2956 211.0
2957 158.0
2958 3244.0
2959 203.0
2960 748.0
2961 731.0
2962 2031.0
2963 2031.0
2964 442.0
2965 251.0
2966 380.0
2967 380.0
2968 114.0
2969 444.0
2970 444.0
2971 204.0
2972 444.0
2973 444.0
2974 444.0
2975 444.0
2976 203.0
2977 363.0
2978 251.0
2979 2107.0
2980 444.0
2981 1435.0
2982 3244.0
2983 1435.0
2984 3244.0
2985 3244.0
2986 3243.0
2987 279.0
2988 1099.0
2989 1382.0
2990 272.0
2991 252.0
2992 204.0
2993 364.0
2994 652.0
2995 652.0
2996 652.0
2997 652.0
2998 203.0
2999 1.0
3000 203.0
3001 203.0
3002 203.0
3003 6.0
3004 203.0
3005 203.0
3006 25.0
3007 104.0
3008 243.0
3009 3244.0
3010 203.0
3011 455.0
3012 1363.0
3013 1351.0
3014 759.0
3015 544.0
3016 271.0
3017 204.0
3018 204.0
3019 98.0
3020 444.0
3021 444.0
3022 204.0
3023 444.0
3024 444.0
3025 251.0
3026 444.0
3027 363.0
3028 1435.0
3029 251.0
3030 251.0
3031 203.0
3032 3244.0
3033 1435.0
3034 1435.0
3035 3244.0
3036 3244.0
3037 3244.0
3038 204.0
3039 1435.0
3040 204.0
3041 363.0
3042 150.0
3043 364.0
3044 460.0
3045 652.0
3046 652.0
3047 652.0
3048 652.0
3049 203.0
3050 0.0
3051 203.0
3052 180.0
3053 6.0
3054 203.0
3055 203.0
3056 203.0
3057 203.0
3058 25.0
3059 243.0
3060 3244.0
3061 203.0
3062 1637.0
3063 2282.0
3064 718.0
3065 759.0
3066 3243.0
3067 402.0
3068 49.0
3069 252.0
3070 251.0
3071 444.0
3072 251.0
3073 252.0
3074 443.0
3075 444.0
3076 252.0
3077 444.0
3078 363.0
3079 1708.0
3080 1435.0
3081 1436.0
3082 203.0
3083 1435.0
3084 1435.0
3085 3243.0
3086 3244.0
3087 3244.0
3088 1435.0
3089 32.0
3090 1707.0
3091 32.0
3092 363.0
3093 234.0
3094 93.0
3095 251.0
3096 652.0
3097 652.0
3098 652.0
3099 939.0
3100 444.0
3101 0.0
3102 203.0
3103 169.0
3104 6.0
3105 203.0
3106 203.0
3107 203.0
3108 169.0
3109 104.0
3110 211.0
3111 3244.0
3112 203.0
3113 1639.0
3114 2282.0
3115 203.0
3116 651.0
3117 1653.0
3118 898.0
3119 49.0
3120 1546.0
3121 120.0
3122 444.0
3123 444.0
3124 204.0
3125 443.0
3126 444.0
3127 444.0
3128 443.0
3129 252.0
3130 363.0
3131 251.0
3132 2107.0
3133 364.0
3134 2412.0
3135 3244.0
3136 3244.0
3137 245.0
3138 3244.0
3139 1435.0
3140 98.0
3141 363.0
3142 364.0
3143 272.0
3144 363.0
3145 109.0
3146 115.0
3147 652.0
3148 652.0
3149 652.0
3150 364.0
3151 385.0
3152 652.0
3153 25.0
3154 180.0
3155 6.0
3156 6.0
3157 203.0
3158 203.0
3159 169.0
3160 104.0
3161 211.0
3162 3244.0
3163 203.0
3164 2028.0
3165 2018.0
3166 2487.0
3167 1773.0
3168 544.0
3169 898.0
3170 178.0
3171 436.0
3172 251.0
3173 443.0
3174 443.0
3175 204.0
3176 444.0
3177 444.0
3178 252.0
3179 252.0
3180 203.0
3181 1708.0
3182 1435.0
3183 251.0
3184 1436.0
3185 2412.0
3186 3244.0
3187 1435.0
3188 1436.0
3189 3244.0
3190 3243.0
3191 204.0
3192 204.0
3193 44.0
3194 363.0
3195 93.0
3196 204.0
3197 204.0
3198 652.0
3199 652.0
3200 652.0
3201 652.0
3202 652.0
3203 272.0
3204 563.0
3205 203.0
3206 6.0
3207 203.0
3208 203.0
3209 203.0
3210 169.0
3211 25.0
3212 209.0
3213 3244.0
3214 203.0
3215 2271.0
3216 443.0
3217 1363.0
3218 2255.0
3219 2242.0
3220 436.0
3221 251.0
3222 731.0
3223 203.0
3224 443.0
3225 444.0
3226 444.0
3227 444.0
3228 444.0
3229 252.0
3230 252.0
3231 363.0
3232 1435.0
3233 1435.0
3234 2107.0
3235 203.0
3236 1707.0
3237 1436.0
3238 1435.0
3239 3244.0
3240 3244.0
3241 1435.0
3242 203.0
3243 225.0
3244 43.0
3245 272.0
3246 169.0
3247 169.0
3248 224.0
3249 560.0
3250 652.0
3251 652.0
3252 444.0
3253 363.0
3254 505.0
3255 564.0
3256 272.0
3257 6.0
3258 203.0
3259 203.0
3260 203.0
3261 203.0
3262 203.0
3263 236.0
3264 3244.0
3265 180.0
3266 759.0
3267 2282.0
3268 251.0
3269 759.0
3270 2607.0
3271 442.0
3272 402.0
3273 251.0
3274 252.0
3275 444.0
3276 444.0
3277 204.0
3278 443.0
3279 444.0
3280 444.0
3281 444.0
3282 444.0
3283 363.0
3284 251.0
3285 2107.0
3286 363.0
3287 1707.0
3288 3244.0
3289 3243.0
3290 3244.0
3291 3244.0
3292 3244.0
3293 169.0
3294 1435.0
3295 363.0
3296 272.0
3297 652.0
3298 87.0
3299 54.0
3300 560.0
3301 364.0
3302 364.0
3303 364.0
3304 564.0
3305 652.0
3306 272.0
3307 564.0
3308 169.0
3309 203.0
3310 203.0
3311 203.0
3312 104.0
3313 98.0
3314 158.0
3315 3244.0
3316 203.0
3317 2476.0
3318 1873.0
3319 2269.0
3320 9.0
3321 731.0
3322 1234.0
3323 49.0
3324 443.0
3325 223.0
3326 444.0
3327 444.0
3328 204.0
3329 443.0
3330 444.0
3331 444.0
3332 444.0
3333 203.0
3334 363.0
3335 1435.0
3336 251.0
3337 363.0
3338 2393.0
3339 3244.0
3340 3244.0
3341 245.0
3342 3244.0
3343 3244.0
3344 204.0
3345 252.0
3346 363.0
3347 363.0
3348 87.0
3349 204.0
3350 32.0
3351 652.0
3352 652.0
3353 364.0
3354 444.0
3355 252.0
3356 272.0
3357 704.0
3358 564.0
3359 169.0
3360 203.0
3361 203.0
3362 203.0
3363 203.0
3364 104.0
3365 0.0
3366 3244.0
3367 203.0
3368 2478.0
3369 2031.0
3370 1363.0
3371 9.0
3372 893.0
3373 251.0
3374 251.0
3375 252.0
3376 252.0
3377 444.0
3378 444.0
3379 204.0
3380 444.0
3381 444.0
3382 252.0
3383 443.0
3384 444.0
3385 1708.0
3386 251.0
3387 251.0
3388 204.0
3389 2412.0
3390 3244.0
3391 1435.0
3392 1435.0
3393 3244.0
3394 3244.0
3395 245.0
3396 273.0
3397 203.0
3398 363.0
3399 87.0
3400 225.0
3401 203.0
3402 652.0
3403 652.0
3404 652.0
3405 652.0
3406 651.0
3407 2107.0
3408 251.0
3409 652.0
3410 203.0
3411 203.0
3412 203.0
3413 203.0
3414 203.0
3415 30.0
3416 211.0
3417 3244.0
3418 203.0
3419 2478.0
3420 33.0
3421 2269.0
3422 2277.0
3423 3243.0
3424 3789.0
3425 251.0
3426 391.0
3427 443.0
3428 444.0
3429 444.0
3430 203.0
3431 443.0
3432 444.0
3433 252.0
3434 444.0
3435 444.0
3436 1708.0
3437 1435.0
3438 2107.0
3439 363.0
3440 1707.0
3441 3244.0
3442 3244.0
3443 245.0
3444 3244.0
3445 1435.0
3446 180.0
3447 2107.0
3448 2162.0
3449 272.0
3450 1436.0
3451 224.0
3452 191.0
3453 560.0
3454 652.0
3455 364.0
3456 364.0
3457 363.0
3458 557.0
3459 1436.0
3460 180.0
3461 169.0
3462 203.0
3463 203.0
3464 203.0
3465 203.0
3466 158.0
3467 0.0
3468 2036.0
3469 203.0
3470 1882.0
3471 1873.0
3472 718.0
3473 2255.0
3474 1550.0
3475 271.0
3476 380.0
3477 251.0
3478 109.0
3479 444.0
3480 444.0
3481 444.0
3482 443.0
3483 444.0
3484 444.0
3485 444.0
3486 204.0
3487 1708.0
3488 1435.0
3489 2107.0
3490 363.0
3491 2108.0
3492 3244.0
3493 3243.0
3494 245.0
3495 3244.0
3496 3244.0
3497 204.0
3498 2108.0
3499 363.0
3500 272.0
3501 364.0
3502 204.0
3503 204.0
3504 652.0
3505 364.0
3506 364.0
3507 364.0
3508 38.0
3509 2107.0
3510 1324.0
3511 1436.0
3512 175.0
3513 203.0
3514 203.0
3515 203.0
3516 25.0
3517 98.0
3518 0.0
3519 2033.0
3520 203.0
3521 2028.0
3522 1873.0
3523 2487.0
3524 13.0
3525 3244.0
3526 2034.0
3527 402.0
3528 251.0
3529 204.0
3530 444.0
3531 444.0
3532 114.0
3533 444.0
3534 443.0
3535 444.0
3536 444.0
3537 251.0
3538 1708.0
3539 1435.0
3540 251.0
3541 203.0
3542 2393.0
3543 3244.0
3544 1435.0
3545 3244.0
3546 3244.0
3547 3243.0
3548 203.0
3549 204.0
3550 364.0
3551 272.0
3552 940.0
3553 204.0
3554 224.0
3555 652.0
3556 652.0
3557 444.0
3558 251.0
3559 251.0
3560 272.0
3561 1810.0
3562 272.0
3563 175.0
3564 203.0
3565 203.0
3566 203.0
3567 203.0
3568 243.0
3569 0.0
3570 2036.0
3571 110.0
3572 2478.0
3573 158.0
3574 1771.0
3575 2155.0
3576 2036.0
3577 1536.0
3578 251.0
3579 391.0
3580 431.0
3581 444.0
3582 443.0
3583 444.0
3584 443.0
3585 444.0
3586 252.0
3587 444.0
3588 444.0
3589 1708.0
3590 251.0
3591 251.0
3592 203.0
3593 2393.0
3594 3244.0
3595 1435.0
3596 3244.0
3597 3244.0
3598 3244.0
3599 180.0
3600 363.0
3601 32.0
3602 364.0
3603 234.0
3604 234.0
3605 204.0
3606 563.0
3607 652.0
3608 652.0
3609 252.0
3610 652.0
3611 1436.0
3612 652.0
3613 272.0
3614 203.0
3615 203.0
3616 203.0
3617 203.0
3618 203.0
3619 210.0
3620 0.0
3621 2036.0
3622 38.0
3623 2478.0
3624 38.0
3625 2487.0
3626 1526.0
3627 2036.0
3628 436.0
3629 251.0
3630 436.0
3631 204.0
3632 444.0
3633 444.0
3634 444.0
3635 443.0
3636 444.0
3637 444.0
3638 444.0
3639 363.0
3640 1708.0
3641 251.0
3642 1436.0
3643 363.0
3644 1707.0
3645 3244.0
3646 3244.0
3647 1436.0
3648 3244.0
3649 1435.0
3650 204.0
3651 2107.0
3652 204.0
3653 272.0
3654 234.0
3655 170.0
3656 224.0
3657 563.0
3658 652.0
3659 652.0
3660 252.0
3661 444.0
3662 557.0
3663 1324.0
3664 652.0
3665 169.0
3666 203.0
3667 203.0
3668 203.0
3669 214.0
3670 0.0
3671 0.0
3672 3243.0
3673 251.0
3674 2028.0
3675 1873.0
3676 2487.0
3677 471.0
3678 2607.0
3679 1656.0
3680 443.0
3681 391.0
3682 109.0
3683 444.0
3684 444.0
3685 251.0
3686 444.0
3687 443.0
3688 444.0
3689 444.0
3690 203.0
3691 1708.0
3692 2107.0
3693 1436.0
3694 2108.0
3695 1707.0
3696 3244.0
3697 3244.0
3698 3244.0
3699 3244.0
3700 3244.0
3701 203.0
3702 203.0
3703 204.0
3704 272.0
3705 363.0
3706 204.0
3707 204.0
3708 652.0
3709 560.0
3710 364.0
3711 364.0
3712 652.0
3713 272.0
3714 1324.0
3715 272.0
3716 175.0
3717 203.0
3718 203.0
3719 104.0
3720 169.0
3721 0.0
3722 0.0
3723 3789.0
3724 204.0
3725 2028.0
3726 1873.0
3727 2031.0
3728 2255.0
3729 2033.0
3730 2024.0
3731 431.0
3732 251.0
3733 267.0
3734 444.0
3735 444.0
3736 252.0
3737 444.0
3738 444.0
3739 252.0
3740 444.0
3741 251.0
3742 251.0
3743 1435.0
3744 2393.0
3745 460.0
3746 2108.0
3747 3244.0
3748 1435.0
3749 3244.0
3750 3244.0
3751 3244.0
3752 186.0
3753 204.0
3754 276.0
3755 272.0
3756 1436.0
3757 234.0
3758 179.0
3759 652.0
3760 652.0
3761 363.0
3762 1436.0
3763 652.0
3764 1324.0
3765 652.0
3766 363.0
3767 169.0
3768 203.0
3769 203.0
3770 203.0
3771 104.0
3772 207.0
3773 251.0
3774 3243.0
3775 251.0
3776 2478.0
3777 759.0
3778 2487.0
3779 2487.0
3780 2036.0
3781 1536.0
3782 278.0
3783 1550.0
3784 402.0
3785 444.0
3786 444.0
3787 444.0
3788 443.0
3789 444.0
3790 444.0
3791 444.0
3792 444.0
3793 251.0
3794 1707.0
3795 363.0
3796 460.0
3797 2393.0
3798 3244.0
3799 1435.0
3800 1436.0
3801 3244.0
3802 1435.0
3803 204.0
3804 251.0
3805 32.0
3806 272.0
3807 146.0
3808 204.0
3809 203.0
3810 560.0
3811 652.0
3812 652.0
3813 180.0
3814 1628.0
3815 557.0
3816 2107.0
3817 272.0
3818 175.0
3819 203.0
3820 203.0
3821 203.0
3822 203.0
3823 251.0
3824 251.0
3825 3243.0
3826 251.0
3827 1639.0
3828 2026.0
3829 2487.0
3830 49.0
3831 3243.0
3832 442.0
3833 251.0
3834 391.0
3835 109.0
3836 444.0
3837 444.0
3838 444.0
3839 444.0
3840 444.0
3841 444.0
3842 444.0
3843 363.0
3844 363.0
3845 251.0
3846 363.0
3847 363.0
3848 2393.0
3849 3244.0
3850 1436.0
3851 3244.0
3852 3244.0
3853 1435.0
3854 204.0
3855 204.0
3856 2107.0
3857 272.0
3858 1645.0
3859 234.0
3860 203.0
3861 560.0
3862 652.0
3863 652.0
3864 1436.0
3865 364.0
3866 1324.0
3867 1324.0
3868 652.0
3869 203.0
3870 203.0
3871 203.0
3872 98.0
3873 251.0
3874 251.0
3875 251.0
3876 3243.0
3877 251.0
3878 1639.0
3879 2255.0
3880 2269.0
3881 731.0
3882 2607.0
3883 1234.0
3884 436.0
3885 251.0
3886 109.0
3887 444.0
3888 444.0
3889 251.0
3890 444.0
3891 444.0
3892 252.0
3893 444.0
3894 363.0
3895 203.0
3896 2107.0
3897 1436.0
3898 939.0
3899 2393.0
3900 3244.0
3901 1435.0
3902 3244.0
3903 3244.0
3904 3243.0
3905 201.0
3906 203.0
3907 204.0
3908 272.0
3909 364.0
3910 940.0
3911 224.0
3912 652.0
3913 560.0
3914 444.0
3915 939.0
3916 272.0
3917 272.0
3918 2107.0
3919 175.0
3920 364.0
3921 203.0
3922 203.0
3923 203.0
3924 251.0
3925 251.0
3926 251.0
3927 3243.0
3928 203.0
3929 2478.0
3930 1873.0
3931 2476.0
3932 2255.0
3933 1771.0
3934 78.0
3935 443.0
3936 443.0
3937 402.0
3938 444.0
3939 444.0
3940 251.0
3941 443.0
3942 444.0
3943 444.0
3944 444.0
3945 251.0
3946 203.0
3947 715.0
3948 716.0
3949 460.0
3950 3244.0
3951 3244.0
3952 1435.0
3953 1436.0
3954 3244.0
3955 3243.0
3956 1435.0
3957 251.0
3958 204.0
3959 272.0
3960 1707.0
3961 204.0
3962 203.0
3963 652.0
3964 364.0
3965 444.0
3966 272.0
3967 652.0
3968 1436.0
3969 939.0
3970 272.0
3971 363.0
3972 364.0
3973 203.0
3974 251.0
3975 203.0
3976 251.0
3977 251.0
3978 3244.0
3979 9.0
3980 2478.0
3981 449.0
3982 2487.0
3983 2015.0
3984 3243.0
3985 436.0
3986 251.0
3987 2613.0
3988 731.0
3989 444.0
3990 444.0
3991 444.0
3992 444.0
3993 444.0
3994 444.0
3995 444.0
3996 363.0
3997 363.0
3998 363.0
3999 1436.0
4000 1435.0
4001 3244.0
4002 3244.0
4003 1436.0
4004 1436.0
4005 3244.0
4006 3244.0
4007 204.0
4008 2107.0
4009 732.0
4010 272.0
4011 109.0
4012 203.0
4013 204.0
4014 652.0
4015 652.0
4016 652.0
4017 652.0
4018 272.0
4019 557.0
4020 1628.0
4021 704.0
4022 203.0
4023 364.0
4024 364.0
4025 251.0
4026 251.0
4027 251.0
4028 251.0
4029 3243.0
4030 203.0
4031 2028.0
4032 1873.0
4033 2487.0
4034 2255.0
4035 2036.0
4036 436.0
4037 436.0
4038 1545.0
4039 98.0
4040 443.0
4041 444.0
4042 444.0
4043 444.0
4044 444.0
4045 252.0
4046 444.0
4047 444.0
4048 1435.0
4049 2397.0
4050 363.0
4051 444.0
4052 2107.0
4053 3244.0
4054 1435.0
4055 3244.0
4056 3244.0
4057 2107.0
4058 363.0
4059 385.0
4060 273.0
4061 272.0
4062 364.0
4063 224.0
4064 203.0
4065 652.0
4066 652.0
4067 652.0
4068 715.0
4069 272.0
4070 272.0
4071 1324.0
4072 203.0
4073 272.0
4074 364.0
4075 364.0
4076 364.0
4077 251.0
4078 251.0
4079 251.0
4080 2036.0
4081 203.0
4082 2028.0
4083 2031.0
4084 2476.0
4085 282.0
4086 2033.0
4087 2024.0
4088 2155.0
4089 1546.0
4090 231.0
4091 275.0
4092 444.0
4093 251.0
4094 444.0
4095 444.0
4096 444.0
4097 444.0
4098 251.0
4099 1436.0
4100 251.0
4101 203.0
4102 363.0
4103 3244.0
4104 3244.0
4105 1435.0
4106 3244.0
4107 3244.0
4108 3244.0
4109 32.0
4110 2107.0
4111 1435.0
4112 272.0
4113 179.0
4114 204.0
4115 32.0
4116 652.0
4117 652.0
4118 652.0
4119 1628.0
4120 444.0
4121 272.0
4122 2107.0
4123 363.0
4124 364.0
4125 364.0
4126 364.0
4127 182.0
4128 225.0
4129 251.0
4130 251.0
4131 3243.0
4132 203.0
4133 2478.0
4134 169.0
4135 2269.0
4136 2015.0
4137 3244.0
4138 731.0
4139 544.0
4140 443.0
4141 220.0
4142 443.0
4143 444.0
4144 252.0
4145 443.0
4146 444.0
4147 444.0
4148 444.0
4149 444.0
4150 460.0
4151 363.0
4152 251.0
4153 203.0
4154 3244.0
4155 3244.0
4156 3244.0
4157 245.0
4158 3244.0
4159 3244.0
4160 204.0
4161 1436.0
4162 204.0
4163 272.0
4164 1645.0
4165 203.0
4166 203.0
4167 652.0
4168 652.0
4169 363.0
4170 1436.0
4171 364.0
4172 557.0
4173 1628.0
4174 272.0
4175 364.0
4176 364.0
4177 364.0
4178 225.0
4179 230.0
4180 251.0
4181 251.0
4182 3243.0
4183 203.0
4184 2028.0
4185 718.0
4186 2487.0
4187 2015.0
4188 3243.0
4189 443.0
4190 436.0
4191 443.0
4192 114.0
4193 1531.0
4194 444.0
4195 444.0
4196 443.0
4197 444.0
4198 444.0
4199 444.0
4200 203.0
4201 2107.0
4202 716.0
4203 2108.0
4204 3244.0
4205 2107.0
4206 3244.0
4207 3244.0
4208 245.0
4209 3244.0
4210 1435.0
4211 245.0
4212 2107.0
4213 363.0
4214 272.0
4215 940.0
4216 203.0
4217 204.0
4218 652.0
4219 652.0
4220 564.0
4221 1436.0
4222 272.0
4223 652.0
4224 2107.0
4225 180.0
4226 363.0
4227 364.0
4228 364.0
4229 203.0
4230 266.0
4231 251.0
4232 251.0
4233 3243.0
4234 203.0
4235 2028.0
4236 2282.0
4237 2487.0
4238 707.0
4239 2036.0
4240 2036.0
4241 544.0
4242 1546.0
4243 103.0
4244 251.0
4245 402.0
4246 443.0
4247 444.0
4248 444.0
4249 252.0
4250 444.0
4251 251.0
4252 940.0
4253 251.0
4254 363.0
4255 444.0
4256 3244.0
4257 3244.0
4258 1435.0
4259 1435.0
4260 3244.0
4261 3244.0
4262 363.0
4263 204.0
4264 2108.0
4265 272.0
4266 179.0
4267 234.0
4268 188.0
4269 652.0
4270 652.0
4271 564.0
4272 652.0
4273 364.0
4274 272.0
4275 1436.0
4276 363.0
4277 364.0
4278 364.0
4279 364.0
4280 239.0
4281 364.0
4282 225.0
4283 251.0
4284 2036.0
4285 380.0
4286 2028.0
4287 0.0
4288 2487.0
4289 203.0
4290 3243.0
4291 1536.0
4292 4096.0
4293 1545.0
4294 231.0
4295 1531.0
4296 251.0
4297 444.0
4298 443.0
4299 444.0
4300 444.0
4301 444.0
4302 103.0
4303 460.0
4304 939.0
4305 363.0
4306 203.0
4307 3244.0
4308 3244.0
4309 1435.0
4310 1435.0
4311 3244.0
4312 3244.0
4313 1235.0
4314 385.0
4315 363.0
4316 272.0
4317 234.0
4318 204.0
4319 98.0
4320 652.0
4321 652.0
4322 363.0
4323 1628.0
4324 1628.0
4325 2107.0
4326 1628.0
4327 940.0
4328 364.0
4329 364.0
4330 363.0
4331 245.0
4332 225.0
4333 239.0
4334 251.0
4335 4096.0
