1 0.0
2 78.0
3 76.0
4 0.0
5 37.0
6 147.0
7 8.0
8 0.0
9 0.0
10 154.0
11 23.0
12 3.0
13 24.0
14 0.0
15 117.0
16 0.0
17 27.0
18 0.0
19 0.0
20 0.0
21 0.0
22 115.0
23 0.0
24 0.0
25 7.0
26 203.0
27 0.0
28 20.0
29 2.0
30 203.0
31 0.0
32 0.0
33 33.0
34 0.0
35 10.0
36 0.0
37 21.0
38 0.0
39 1.0
40 5.0
41 203.0
42 19.0
43 12.0
44 65.0
45 147.0
46 203.0
47 2.0
48 0.0
49 0.0
50 0.0
51 203.0
52 158.0
53 4.0
54 0.0
55 32.0
56 0.0
57 202.0
58 102.0
59 203.0
60 0.0
61 147.0
62 0.0
63 0.0
64 56.0
65 5.0
66 1.0
67 4.0
68 11.0
69 25.0
70 0.0
71 0.0
72 99.0
73 201.0
74 204.0
75 169.0
76 203.0
77 164.0
78 0.0
79 91.0
80 17.0
81 82.0
82 188.0
83 0.0
84 150.0
85 147.0
86 0.0
87 8.0
88 71.0
89 33.0
90 164.0
91 203.0
92 169.0
93 0.0
94 0.0
95 204.0
96 174.0
97 0.0
98 1.0
99 0.0
100 1.0
101 0.0
102 204.0
103 178.0
104 133.0
105 190.0
106 201.0
107 0.0
108 0.0
109 75.0
110 116.0
111 204.0
112 0.0
113 102.0
114 191.0
115 123.0
116 203.0
117 80.0
118 194.0
119 151.0
120 203.0
121 204.0
122 158.0
123 160.0
124 204.0
125 114.0
126 165.0
127 203.0
128 203.0
129 64.0
130 203.0
131 13.0
132 203.0
133 7.0
134 0.0
135 158.0
136 0.0
137 203.0
138 203.0
139 141.0
140 0.0
141 194.0
142 204.0
143 169.0
144 22.0
145 14.0
146 124.0
147 144.0
148 204.0
149 204.0
150 6.0
151 121.0
152 0.0
153 204.0
154 204.0
155 153.0
156 99.0
157 44.0
158 153.0
159 203.0
160 110.0
161 0.0
162 113.0
163 153.0
164 39.0
165 178.0
166 106.0
167 169.0
168 203.0
169 0.0
170 37.0
171 87.0
172 29.0
173 203.0
174 123.0
175 203.0
176 115.0
177 203.0
178 203.0
179 59.0
180 84.0
181 117.0
182 203.0
183 49.0
184 0.0
185 203.0
186 0.0
187 203.0
188 127.0
189 167.0
190 203.0
191 0.0
192 203.0
193 204.0
194 203.0
195 0.0
196 180.0
197 182.0
198 204.0
199 203.0
200 203.0
201 204.0
202 203.0
203 10.0
204 204.0
205 50.0
206 3.0
207 0.0
208 61.0
209 203.0
210 143.0
211 16.0
212 203.0
213 0.0
214 30.0
215 0.0
216 203.0
217 77.0
218 203.0
219 136.0
220 0.0
221 171.0
222 203.0
223 158.0
224 203.0
225 204.0
226 203.0
227 31.0
228 44.0
229 1.0
230 0.0
231 104.0
232 203.0
233 203.0
234 203.0
235 203.0
236 0.0
237 0.0
238 0.0
239 46.0
240 203.0
241 17.0
242 26.0
243 203.0
244 203.0
245 0.0
246 71.0
247 70.0
248 16.0
249 107.0
250 203.0
251 124.0
252 62.0
253 171.0
254 139.0
255 204.0
256 204.0
257 15.0
258 203.0
259 59.0
260 22.0
261 203.0
262 31.0
263 23.0
264 204.0
265 156.0
266 0.0
267 1.0
268 200.0
269 203.0
270 196.0
271 203.0
272 204.0
273 116.0
274 141.0
275 157.0
276 125.0
277 113.0
278 115.0
279 204.0
280 0.0
281 160.0
282 0.0
283 0.0
284 204.0
285 169.0
286 204.0
287 136.0
288 203.0
289 33.0
290 143.0
291 203.0
292 204.0
293 0.0
294 0.0
295 203.0
296 203.0
297 51.0
298 203.0
299 0.0
300 202.0
301 0.0
302 1.0
303 128.0
304 180.0
305 203.0
306 204.0
307 147.0
308 7.0
309 115.0
310 40.0
311 33.0
312 171.0
313 77.0
314 23.0
315 175.0
316 1.0
317 121.0
318 58.0
319 0.0
320 177.0
321 34.0
322 204.0
323 33.0
324 119.0
325 203.0
326 4.0
327 193.0
328 203.0
329 123.0
330 11.0
331 152.0
332 136.0
333 69.0
334 203.0
335 47.0
336 203.0
337 204.0
338 0.0
339 203.0
340 203.0
341 203.0
342 5.0
343 203.0
344 32.0
345 251.0
346 153.0
347 174.0
348 133.0
349 0.0
350 126.0
351 6.0
352 185.0
353 203.0
354 0.0
355 203.0
356 125.0
357 203.0
358 203.0
359 55.0
360 203.0
361 0.0
362 35.0
363 203.0
364 203.0
365 203.0
366 0.0
367 203.0
368 28.0
369 251.0
370 180.0
371 203.0
372 137.0
373 125.0
374 82.0
375 203.0
376 144.0
377 187.0
378 114.0
379 203.0
380 65.0
381 0.0
382 203.0
383 0.0
384 251.0
385 0.0
386 149.0
387 169.0
388 73.0
389 203.0
390 21.0
391 25.0
392 34.0
393 52.0
394 203.0
395 97.0
396 87.0
397 127.0
398 9.0
399 0.0
400 203.0
401 203.0
402 203.0
403 109.0
404 1.0
405 30.0
406 93.0
407 60.0
408 251.0
409 203.0
410 203.0
411 36.0
412 121.0
413 202.0
414 33.0
415 90.0
416 46.0
417 25.0
418 203.0
419 67.0
420 25.0
421 137.0
422 53.0
423 203.0
424 88.0
425 4.0
426 25.0
427 196.0
428 203.0
429 77.0
430 0.0
431 203.0
432 203.0
433 203.0
434 257.0
435 158.0
436 57.0
437 203.0
438 106.0
439 132.0
440 0.0
441 0.0
442 203.0
443 42.0
444 24.0
445 203.0
446 251.0
447 203.0
448 191.0
449 196.0
450 7.0
451 117.0
452 1.0
453 203.0
454 251.0
455 203.0
456 229.0
457 49.0
458 107.0
459 257.0
460 251.0
461 203.0
462 144.0
463 36.0
464 100.0
465 203.0
466 203.0
467 190.0
468 154.0
469 0.0
470 0.0
471 203.0
472 27.0
473 180.0
474 158.0
475 100.0
476 251.0
477 2.0
478 42.0
479 196.0
480 179.0
481 155.0
482 0.0
483 203.0
484 203.0
485 143.0
486 179.0
487 0.0
488 203.0
489 203.0
490 251.0
491 203.0
492 147.0
493 21.0
494 251.0
495 19.0
496 204.0
497 58.0
498 88.0
499 203.0
500 251.0
501 173.0
502 0.0
503 203.0
504 251.0
505 99.0
506 202.0
507 141.0
508 132.0
509 204.0
510 257.0
511 93.0
512 203.0
513 203.0
514 203.0
515 74.0
516 33.0
517 203.0
518 203.0
519 36.0
520 251.0
521 0.0
522 203.0
523 30.0
524 25.0
525 203.0
526 203.0
527 46.0
528 19.0
529 11.0
530 251.0
531 122.0
532 203.0
533 203.0
534 10.0
535 96.0
536 15.0
537 203.0
538 0.0
539 203.0
540 191.0
541 251.0
542 21.0
543 13.0
544 0.0
545 43.0
546 5.0
547 203.0
548 54.0
549 203.0
550 227.0
551 38.0
552 203.0
553 203.0
554 251.0
555 5.0
556 174.0
557 32.0
558 0.0
559 251.0
560 92.0
561 257.0
562 81.0
563 175.0
564 178.0
565 3.0
566 203.0
567 55.0
568 203.0
569 118.0
570 203.0
571 174.0
572 0.0
573 38.0
574 203.0
575 251.0
576 251.0
577 203.0
578 251.0
579 203.0
580 203.0
581 25.0
582 0.0
583 25.0
584 251.0
585 9.0
586 203.0
587 0.0
588 32.0
589 3.0
590 36.0
591 203.0
592 25.0
593 30.0
594 203.0
595 0.0
596 203.0
597 203.0
598 136.0
599 59.0
600 203.0
601 203.0
602 163.0
603 28.0
604 203.0
605 152.0
606 41.0
607 178.0
608 149.0
609 23.0
610 53.0
611 136.0
612 257.0
613 203.0
614 106.0
615 203.0
616 203.0
617 90.0
618 33.0
619 251.0
620 0.0
621 204.0
622 25.0
623 48.0
624 203.0
625 136.0
626 142.0
627 124.0
628 251.0
629 46.0
630 203.0
631 33.0
632 14.0
633 203.0
634 203.0
635 203.0
636 115.0
637 121.0
638 96.0
639 71.0
640 10.0
641 40.0
642 119.0
643 143.0
644 0.0
645 128.0
646 21.0
647 251.0
648 47.0
649 251.0
650 203.0
651 251.0
652 251.0
653 416.0
654 145.0
655 59.0
656 204.0
657 251.0
658 87.0
659 33.0
660 152.0
661 90.0
662 203.0
663 416.0
664 184.0
665 187.0
666 203.0
667 201.0
668 187.0
669 164.0
670 178.0
671 204.0
672 147.0
673 160.0
674 192.0
675 224.0
676 203.0
677 203.0
678 141.0
679 152.0
680 203.0
681 138.0
682 245.0
683 0.0
684 172.0
685 203.0
686 195.0
687 204.0
688 203.0
689 111.0
690 0.0
691 192.0
692 169.0
693 203.0
694 203.0
695 203.0
696 155.0
697 251.0
698 373.0
699 204.0
700 180.0
701 188.0
702 203.0
703 187.0
704 182.0
705 203.0
706 242.0
707 203.0
708 203.0
709 160.0
710 159.0
711 0.0
712 175.0
713 203.0
714 416.0
715 203.0
716 127.0
717 203.0
718 193.0
719 169.0
720 203.0
721 175.0
722 175.0
723 203.0
724 142.0
725 185.0
726 203.0
727 169.0
728 173.0
729 406.0
730 275.0
731 173.0
732 121.0
733 169.0
734 146.0
735 203.0
736 167.0
737 176.0
738 169.0
739 203.0
740 0.0
741 136.0
742 36.0
743 203.0
744 196.0
745 203.0
746 203.0
747 155.0
748 183.0
749 203.0
750 162.0
751 166.0
752 203.0
753 191.0
754 203.0
755 203.0
756 186.0
757 203.0
758 202.0
759 203.0
760 147.0
761 169.0
762 203.0
763 347.0
764 170.0
765 416.0
766 203.0
767 189.0
768 57.0
769 204.0
770 203.0
771 176.0
772 169.0
773 184.0
774 203.0
775 169.0
776 203.0
777 203.0
778 111.0
779 0.0
780 175.0
781 206.0
782 184.0
783 203.0
784 18.0
785 203.0
786 144.0
787 47.0
788 192.0
789 173.0
790 203.0
791 149.0
792 158.0
793 0.0
794 251.0
795 185.0
796 203.0
797 197.0
798 174.0
799 189.0
800 203.0
801 203.0
802 179.0
803 359.0
804 172.0
805 145.0
806 159.0
807 165.0
808 203.0
809 252.0
810 203.0
811 203.0
812 201.0
813 160.0
814 206.0
815 204.0
816 416.0
817 203.0
818 204.0
819 94.0
820 190.0
821 177.0
822 32.0
823 169.0
824 238.0
825 89.0
826 169.0
827 203.0
828 204.0
829 203.0
830 251.0
831 223.0
832 203.0
833 202.0
834 203.0
835 180.0
836 222.0
837 203.0
838 166.0
839 178.0
840 203.0
841 204.0
842 45.0
843 170.0
844 0.0
845 91.0
846 203.0
847 203.0
848 0.0
849 174.0
850 182.0
851 169.0
852 203.0
853 175.0
854 158.0
855 169.0
856 173.0
857 416.0
858 347.0
859 251.0
860 131.0
861 203.0
862 187.0
863 203.0
864 147.0
865 226.0
866 170.0
867 416.0
868 140.0
869 204.0
870 73.0
871 160.0
872 203.0
873 163.0
874 186.0
875 261.0
876 179.0
877 203.0
878 161.0
879 73.0
880 169.0
881 201.0
882 223.0
883 117.0
884 203.0
885 203.0
886 0.0
887 160.0
888 203.0
889 40.0
890 169.0
891 191.0
892 427.0
893 0.0
894 149.0
895 77.0
896 105.0
897 197.0
898 282.0
899 237.0
900 203.0
901 177.0
902 204.0
903 203.0
904 231.0
905 203.0
906 204.0
907 191.0
908 203.0
909 203.0
910 203.0
911 92.0
912 203.0
913 158.0
914 167.0
915 190.0
916 203.0
917 185.0
918 427.0
919 347.0
920 204.0
921 204.0
922 251.0
923 203.0
924 427.0
925 188.0
926 189.0
927 251.0
928 223.0
929 154.0
930 204.0
931 173.0
932 203.0
933 204.0
934 251.0
935 179.0
936 172.0
937 128.0
938 189.0
939 24.0
940 203.0
941 180.0
942 185.0
943 251.0
944 72.0
945 251.0
946 39.0
947 231.0
948 204.0
949 251.0
950 347.0
951 203.0
952 185.0
953 204.0
954 251.0
955 427.0
956 146.0
957 251.0
958 251.0
959 203.0
960 347.0
961 251.0
962 203.0
963 251.0
964 251.0
965 8.0
966 481.0
967 251.0
968 251.0
969 481.0
970 251.0
971 137.0
972 204.0
973 251.0
974 168.0
975 203.0
976 333.0
977 159.0
978 204.0
979 161.0
980 204.0
981 184.0
982 146.0
983 203.0
984 203.0
985 180.0
986 2.0
987 149.0
988 251.0
989 203.0
990 203.0
991 164.0
992 204.0
993 203.0
994 203.0
995 203.0
996 33.0
997 73.0
998 200.0
999 204.0
1000 25.0
1001 0.0
1002 169.0
1003 204.0
1004 203.0
1005 204.0
1006 203.0
1007 152.0
1008 192.0
1009 32.0
1010 180.0
1011 203.0
1012 251.0
1013 203.0
1014 203.0
1015 191.0
1016 203.0
1017 251.0
1018 0.0
1019 203.0
1020 481.0
1021 251.0
1022 220.0
1023 108.0
1024 251.0
1025 0.0
1026 285.0
1027 176.0
1028 362.0
1029 204.0
1030 202.0
1031 209.0
1032 203.0
1033 195.0
1034 39.0
1035 203.0
1036 203.0
1037 203.0
1038 203.0
1039 203.0
1040 19.0
1041 167.0
1042 203.0
1043 169.0
1044 203.0
1045 203.0
1046 126.0
1047 72.0
1048 203.0
1049 186.0
1050 191.0
1051 180.0
1052 347.0
1053 114.0
1054 169.0
1055 203.0
1056 203.0
1057 251.0
1058 186.0
1059 185.0
1060 202.0
1061 204.0
1062 191.0
1063 169.0
1064 169.0
1065 203.0
1066 204.0
1067 173.0
1068 79.0
1069 203.0
1070 204.0
1071 481.0
1072 191.0
1073 122.0
1074 155.0
1075 251.0
1076 194.0
1077 151.0
1078 165.0
1079 204.0
1080 203.0
1081 0.0
1082 238.0
1083 180.0
1084 0.0
1085 201.0
1086 204.0
1087 251.0
1088 132.0
1089 203.0
1090 203.0
1091 174.0
1092 184.0
1093 204.0
1094 169.0
1095 173.0
1096 203.0
1097 0.0
1098 70.0
1099 13.0
1100 151.0
1101 251.0
1102 180.0
1103 347.0
1104 427.0
1105 203.0
1106 179.0
1107 203.0
1108 203.0
1109 203.0
1110 176.0
1111 201.0
1112 203.0
1113 420.0
1114 169.0
1115 202.0
1116 204.0
1117 203.0
1118 185.0
1119 94.0
1120 251.0
1121 125.0
1122 481.0
1123 204.0
1124 204.0
1125 203.0
1126 251.0
1127 0.0
1128 203.0
1129 203.0
1130 185.0
1131 204.0
1132 242.0
1133 203.0
1134 204.0
1135 172.0
1136 191.0
1137 105.0
1138 180.0
1139 204.0
1140 204.0
1141 203.0
1142 203.0
1143 176.0
1144 193.0
1145 204.0
1146 102.0
1147 427.0
1148 204.0
1149 120.0
1150 0.0
1151 204.0
1152 196.0
1153 203.0
1154 347.0
1155 203.0
1156 191.0
1157 203.0
1158 251.0
1159 26.0
1160 251.0
1161 251.0
1162 251.0
1163 203.0
1164 251.0
1165 203.0
1166 203.0
1167 347.0
1168 191.0
1169 203.0
1170 240.0
1171 191.0
1172 18.0
1173 481.0
1174 251.0
1175 347.0
1176 203.0
1177 203.0
1178 0.0
1179 202.0
1180 104.0
1181 203.0
1182 203.0
1183 165.0
1184 204.0
1185 173.0
1186 204.0
1187 0.0
1188 203.0
1189 191.0
1190 140.0
1191 203.0
1192 173.0
1193 338.0
1194 158.0
1195 204.0
1196 204.0
1197 199.0
1198 191.0
1199 203.0
1200 152.0
1201 203.0
1202 181.0
1203 204.0
1204 192.0
1205 476.0
1206 203.0
1207 203.0
1208 169.0
1209 251.0
1210 175.0
1211 203.0
1212 251.0
1213 347.0
1214 204.0
1215 191.0
1216 185.0
1217 204.0
1218 52.0
1219 203.0
1220 203.0
1221 347.0
1222 427.0
1223 251.0
1224 481.0
1225 251.0
1226 150.0
1227 335.0
1228 251.0
1229 31.0
1230 59.0
1231 176.0
1232 151.0
1233 347.0
1234 0.0
1235 2.0
1236 180.0
1237 251.0
1238 0.0
1239 336.0
1240 347.0
1241 7.0
1242 204.0
1243 189.0
1244 482.0
1245 203.0
1246 204.0
1247 204.0
1248 347.0
1249 347.0
1250 188.0
1251 0.0
1252 13.0
1253 45.0
1254 203.0
1255 347.0
1256 347.0
1257 58.0
1258 203.0
1259 191.0
1260 204.0
1261 203.0
1262 186.0
1263 202.0
1264 169.0
1265 204.0
1266 172.0
1267 218.0
1268 203.0
1269 347.0
1270 204.0
1271 166.0
1272 347.0
1273 347.0
1274 251.0
1275 482.0
1276 189.0
1277 157.0
1278 251.0
1279 427.0
1280 238.0
1281 202.0
1282 0.0
1283 239.0
1284 203.0
1285 251.0
1286 130.0
1287 204.0
1288 180.0
1289 363.0
1290 6.0
1291 251.0
1292 191.0
1293 203.0
1294 488.0
1295 0.0
1296 366.0
1297 239.0
1298 172.0
1299 484.0
1300 251.0
1301 347.0
1302 124.0
1303 203.0
1304 203.0
1305 204.0
1306 180.0
1307 347.0
1308 185.0
1309 427.0
1310 347.0
1311 0.0
1312 347.0
1313 251.0
1314 203.0
1315 122.0
1316 156.0
1317 180.0
1318 478.0
1319 203.0
1320 347.0
1321 13.0
1322 347.0
1323 239.0
1324 203.0
1325 251.0
1326 488.0
1327 251.0
1328 18.0
1329 239.0
1330 203.0
1331 191.0
1332 218.0
1333 203.0
1334 0.0
1335 347.0
1336 0.0
1337 191.0
1338 140.0
1339 138.0
1340 31.0
1341 203.0
1342 347.0
1343 485.0
1344 482.0
1345 203.0
1346 347.0
1347 185.0
1348 72.0
1349 204.0
1350 480.0
1351 203.0
1352 203.0
1353 98.0
1354 0.0
1355 0.0
1356 203.0
1357 201.0
1358 347.0
1359 250.0
1360 488.0
1361 203.0
1362 239.0
1363 203.0
1364 488.0
1365 203.0
1366 180.0
1367 0.0
1368 204.0
1369 486.0
1370 169.0
1371 60.0
1372 177.0
1373 203.0
1374 347.0
1375 162.0
1376 239.0
1377 488.0
1378 31.0
1379 198.0
1380 203.0
1381 251.0
1382 203.0
1383 203.0
1384 347.0
1385 203.0
1386 239.0
1387 0.0
1388 251.0
1389 146.0
1390 347.0
1391 203.0
1392 163.0
1393 203.0
1394 347.0
1395 347.0
1396 201.0
1397 251.0
1398 366.0
1399 347.0
1400 203.0
1401 251.0
1402 251.0
1403 202.0
1404 15.0
1405 82.0
1406 489.0
1407 0.0
1408 0.0
1409 203.0
1410 347.0
1411 427.0
1412 203.0
1413 203.0
1414 427.0
1415 203.0
1416 203.0
1417 180.0
1418 0.0
1419 188.0
1420 203.0
1421 203.0
1422 239.0
1423 182.0
1424 330.0
1425 203.0
1426 174.0
1427 251.0
1428 489.0
1429 202.0
1430 275.0
1431 167.0
1432 239.0
1433 365.0
1434 34.0
1435 347.0
1436 144.0
1437 203.0
1438 204.0
1439 0.0
1440 204.0
1441 478.0
1442 194.0
1443 203.0
1444 203.0
1445 0.0
1446 153.0
1447 347.0
1448 5.0
1449 203.0
1450 347.0
1451 347.0
1452 203.0
1453 203.0
1454 204.0
1455 62.0
1456 39.0
1457 167.0
1458 251.0
1459 175.0
1460 58.0
1461 2.0
1462 166.0
1463 103.0
1464 347.0
1465 223.0
1466 203.0
1467 203.0
1468 170.0
1469 181.0
1470 165.0
1471 202.0
1472 427.0
1473 180.0
1474 204.0
1475 223.0
1476 0.0
1477 203.0
1478 347.0
1479 489.0
1480 203.0
1481 347.0
1482 204.0
1483 203.0
1484 203.0
1485 203.0
1486 162.0
1487 203.0
1488 347.0
1489 166.0
1490 191.0
1491 173.0
1492 10.0
1493 31.0
1494 248.0
1495 203.0
1496 33.0
1497 129.0
1498 203.0
1499 204.0
1500 231.0
1501 203.0
1502 203.0
1503 202.0
1504 251.0
1505 54.0
1506 102.0
1507 73.0
1508 57.0
1509 347.0
1510 192.0
1511 85.0
1512 347.0
1513 427.0
1514 189.0
1515 71.0
1516 0.0
1517 347.0
1518 191.0
1519 203.0
1520 203.0
1521 204.0
1522 146.0
1523 0.0
1524 99.0
1525 172.0
1526 347.0
1527 347.0
1528 199.0
1529 50.0
1530 489.0
1531 191.0
1532 347.0
1533 188.0
1534 185.0
1535 251.0
1536 234.0
1537 186.0
1538 203.0
1539 203.0
1540 1.0
1541 204.0
1542 203.0
1543 203.0
1544 172.0
1545 66.0
1546 203.0
1547 347.0
1548 251.0
1549 251.0
1550 195.0
1551 251.0
1552 239.0
1553 45.0
1554 347.0
1555 154.0
1556 185.0
1557 70.0
1558 73.0
1559 0.0
1560 203.0
1561 0.0
1562 203.0
1563 145.0
1564 203.0
1565 68.0
1566 475.0
1567 427.0
1568 251.0
1569 203.0
1570 347.0
1571 6.0
1572 176.0
1573 251.0
1574 203.0
1575 203.0
1576 161.0
1577 204.0
1578 203.0
1579 203.0
1580 203.0
1581 489.0
1582 204.0
1583 141.0
1584 163.0
1585 0.0
1586 203.0
1587 1.0
1588 72.0
1589 14.0
1590 88.0
1591 0.0
1592 114.0
1593 204.0
1594 193.0
1595 12.0
1596 427.0
1597 203.0
1598 240.0
1599 203.0
1600 239.0
1601 224.0
1602 203.0
1603 347.0
1604 203.0
1605 203.0
1606 203.0
1607 203.0
1608 70.0
1609 203.0
1610 183.0
1611 182.0
1612 0.0
1613 0.0
1614 149.0
1615 486.0
1616 22.0
1617 203.0
1618 203.0
1619 203.0
1620 197.0
1621 203.0
1622 170.0
1623 169.0
1624 203.0
1625 203.0
1626 235.0
1627 161.0
1628 177.0
1629 0.0
1630 0.0
1631 203.0
1632 489.0
1633 204.0
1634 251.0
1635 162.0
1636 203.0
1637 87.0
1638 0.0
1639 427.0
1640 203.0
1641 203.0
1642 427.0
1643 0.0
1644 1.0
1645 347.0
1646 370.0
1647 203.0
1648 191.0
1649 203.0
1650 203.0
1651 359.0
1652 191.0
1653 166.0
1654 347.0
1655 424.0
1656 180.0
1657 204.0
1658 203.0
1659 143.0
1660 203.0
1661 172.0
1662 191.0
1663 191.0
1664 251.0
1665 203.0
1666 203.0
1667 198.0
1668 203.0
1669 15.0
1670 347.0
1671 197.0
1672 203.0
1673 184.0
1674 204.0
1675 251.0
1676 368.0
1677 32.0
1678 165.0
1679 203.0
1680 427.0
1681 196.0
1682 482.0
1683 489.0
1684 203.0
1685 203.0
1686 191.0
1687 190.0
1688 347.0
1689 189.0
1690 160.0
1691 85.0
1692 347.0
1693 203.0
1694 191.0
1695 0.0
1696 51.0
1697 0.0
1698 203.0
1699 183.0
1700 239.0
1701 203.0
1702 203.0
1703 251.0
1704 180.0
1705 203.0
1706 164.0
1707 347.0
1708 203.0
1709 29.0
1710 43.0
1711 203.0
1712 203.0
1713 191.0
1714 203.0
1715 347.0
1716 169.0
1717 203.0
1718 133.0
1719 203.0
1720 203.0
1721 251.0
1722 203.0
1723 106.0
1724 203.0
1725 160.0
1726 114.0
1727 203.0
1728 203.0
1729 203.0
1730 203.0
1731 203.0
1732 236.0
1733 251.0
1734 489.0
1735 203.0
1736 172.0
1737 347.0
1738 0.0
1739 251.0
1740 148.0
1741 251.0
1742 239.0
1743 158.0
1744 203.0
1745 204.0
1746 185.0
1747 13.0
1748 194.0
1749 203.0
1750 0.0
1751 203.0
1752 239.0
1753 203.0
1754 203.0
1755 427.0
1756 347.0
1757 204.0
1758 239.0
1759 204.0
1760 186.0
1761 31.0
1762 203.0
1763 203.0
1764 203.0
1765 191.0
1766 203.0
1767 60.0
1768 488.0
1769 427.0
1770 203.0
1771 184.0
1772 0.0
1773 203.0
1774 191.0
1775 170.0
1776 169.0
1777 347.0
1778 132.0
1779 203.0
1780 203.0
1781 180.0
1782 2.0
1783 191.0
1784 203.0
1785 489.0
1786 251.0
1787 186.0
1788 156.0
1789 199.0
1790 347.0
1791 0.0
1792 0.0
1793 251.0
1794 203.0
1795 366.0
1796 190.0
1797 185.0
1798 239.0
1799 191.0
1800 251.0
1801 204.0
1802 347.0
1803 0.0
1804 347.0
1805 188.0
1806 251.0
1807 203.0
1808 0.0
1809 2.0
1810 190.0
1811 203.0
1812 85.0
1813 203.0
1814 203.0
1815 203.0
1816 191.0
1817 239.0
1818 116.0
1819 347.0
1820 427.0
1821 183.0
1822 135.0
1823 203.0
1824 197.0
1825 151.0
1826 181.0
1827 189.0
1828 203.0
1829 203.0
1830 43.0
1831 136.0
1832 177.0
1833 188.0
1834 158.0
1835 347.0
1836 489.0
1837 44.0
1838 203.0
1839 203.0
1840 0.0
1841 203.0
1842 0.0
1843 203.0
1844 150.0
1845 19.0
1846 427.0
1847 204.0
1848 53.0
1849 135.0
1850 8.0
1851 347.0
1852 251.0
1853 488.0
1854 203.0
1855 347.0
1856 368.0
1857 203.0
1858 347.0
1859 174.0
1860 169.0
1861 4.0
1862 203.0
1863 70.0
1864 73.0
1865 0.0
1866 359.0
1867 203.0
1868 347.0
1869 202.0
1870 203.0
1871 203.0
1872 203.0
1873 203.0
1874 251.0
1875 335.0
1876 328.0
1877 251.0
1878 184.0
1879 114.0
1880 137.0
1881 234.0
1882 177.0
1883 347.0
1884 166.0
1885 203.0
1886 347.0
1887 489.0
1888 251.0
1889 175.0
1890 192.0
1891 0.0
1892 251.0
1893 0.0
1894 162.0
1895 203.0
1896 154.0
1897 203.0
1898 203.0
1899 161.0
1900 203.0
1901 0.0
1902 367.0
1903 251.0
1904 166.0
1905 203.0
1906 239.0
1907 347.0
1908 126.0
1909 203.0
1910 168.0
1911 185.0
1912 148.0
1913 202.0
1914 143.0
1915 203.0
1916 183.0
1917 204.0
1918 0.0
1919 347.0
1920 68.0
1921 347.0
1922 347.0
1923 203.0
1924 203.0
1925 478.0
1926 182.0
1927 0.0
1928 174.0
1929 164.0
1930 251.0
1931 1.0
1932 203.0
1933 204.0
1934 204.0
1935 174.0
1936 180.0
1937 203.0
1938 489.0
1939 203.0
1940 251.0
1941 204.0
1942 0.0
1943 251.0
1944 3.0
1945 203.0
1946 187.0
1947 36.0
1948 171.0
1949 203.0
1950 203.0
1951 186.0
1952 31.0
1953 251.0
1954 251.0
1955 239.0
1956 251.0
1957 182.0
1958 347.0
1959 251.0
1960 181.0
1961 204.0
1962 19.0
1963 204.0
1964 163.0
1965 40.0
1966 203.0
1967 239.0
1968 204.0
1969 196.0
1970 188.0
1971 203.0
1972 347.0
1973 427.0
1974 221.0
1975 203.0
1976 366.0
1977 197.0
1978 203.0
1979 204.0
1980 190.0
1981 251.0
1982 0.0
1983 146.0
1984 203.0
1985 102.0
1986 251.0
1987 169.0
1988 191.0
1989 489.0
1990 316.0
1991 203.0
1992 12.0
1993 204.0
1994 202.0
1995 0.0
1996 137.0
1997 3.0
1998 152.0
1999 347.0
2000 203.0
2001 203.0
2002 186.0
2003 0.0
2004 347.0
2005 347.0
2006 203.0
2007 203.0
2008 427.0
2009 0.0
2010 191.0
2011 347.0
2012 191.0
2013 0.0
2014 192.0
2015 427.0
2016 143.0
2017 73.0
2018 0.0
2019 203.0
2020 0.0
2021 347.0
2022 202.0
2023 347.0
2024 427.0
2025 0.0
2026 193.0
2027 203.0
2028 197.0
2029 190.0
2030 203.0
2031 184.0
2032 146.0
2033 182.0
2034 203.0
2035 203.0
2036 74.0
2037 239.0
2038 203.0
2039 203.0
2040 489.0
2041 203.0
2042 203.0
2043 203.0
2044 0.0
2045 347.0
2046 203.0
2047 174.0
2048 197.0
2049 203.0
2050 239.0
2051 188.0
2052 203.0
2053 0.0
2054 11.0
2055 202.0
2056 251.0
2057 251.0
2058 0.0
2059 487.0
2060 203.0
2061 203.0
2062 246.0
2063 155.0
2064 165.0
2065 251.0
2066 203.0
2067 80.0
2068 73.0
2069 203.0
2070 347.0
2071 321.0
2072 324.0
2073 489.0
2074 34.0
2075 347.0
2076 203.0
2077 175.0
2078 347.0
2079 347.0
2080 0.0
2081 203.0
2082 164.0
2083 251.0
2084 203.0
2085 185.0
2086 121.0
2087 204.0
2088 203.0
2089 72.0
2090 174.0
2091 489.0
2092 188.0
2093 214.0
2094 0.0
2095 251.0
2096 203.0
2097 0.0
2098 174.0
2099 1.0
2100 0.0
2101 95.0
2102 177.0
2103 191.0
2104 187.0
2105 0.0
2106 203.0
2107 113.0
2108 203.0
2109 347.0
2110 251.0
2111 203.0
2112 427.0
2113 97.0
2114 0.0
2115 0.0
2116 155.0
2117 186.0
2118 45.0
2119 73.0
2120 199.0
2121 203.0
2122 176.0
2123 347.0
2124 1.0
2125 17.0
2126 427.0
2127 183.0
2128 203.0
2129 118.0
2130 203.0
2131 91.0
2132 0.0
2133 183.0
2134 203.0
2135 0.0
2136 251.0
2137 121.0
2138 203.0
2139 203.0
2140 151.0
2141 97.0
2142 489.0
2143 187.0
2144 203.0
2145 0.0
2146 489.0
2147 427.0
2148 203.0
2149 371.0
2150 170.0
2151 203.0
2152 319.0
2153 251.0
2154 191.0
2155 191.0
2156 66.0
2157 347.0
2158 251.0
2159 427.0
2160 347.0
2161 427.0
2162 294.0
2163 203.0
2164 480.0
2165 203.0
2166 28.0
2167 203.0
2168 170.0
2169 37.0
2170 73.0
2171 203.0
2172 203.0
2173 175.0
2174 347.0
2175 427.0
2176 347.0
2177 427.0
2178 482.0
2179 26.0
2180 107.0
2181 331.0
2182 251.0
2183 203.0
2184 188.0
2185 203.0
2186 251.0
2187 33.0
2188 203.0
2189 159.0
2190 186.0
2191 203.0
2192 87.0
2193 489.0
2194 203.0
2195 203.0
2196 347.0
2197 3.0
2198 203.0
2199 203.0
2200 257.0
2201 203.0
2202 11.0
2203 246.0
2204 233.0
2205 251.0
2206 427.0
2207 0.0
2208 203.0
2209 172.0
2210 125.0
2211 203.0
2212 182.0
2213 203.0
2214 203.0
2215 239.0
2216 174.0
2217 221.0
2218 203.0
2219 203.0
2220 17.0
2221 73.0
2222 95.0
2223 347.0
2224 26.0
2225 324.0
2226 203.0
2227 427.0
2228 427.0
2229 4.0
2230 0.0
2231 347.0
2232 197.0
2233 427.0
2234 203.0
2235 191.0
2236 105.0
2237 189.0
2238 60.0
2239 330.0
2240 133.0
2241 185.0
2242 203.0
2243 347.0
2244 489.0
2245 161.0
2246 26.0
2247 203.0
2248 489.0
2249 203.0
2250 203.0
2251 174.0
2252 483.0
2253 203.0
2254 0.0
2255 203.0
2256 185.0
2257 174.0
2258 60.0
2259 202.0
2260 251.0
2261 347.0
2262 203.0
2263 488.0
2264 113.0
2265 484.0
2266 202.0
2267 160.0
2268 165.0
2269 0.0
2270 203.0
2271 42.0
2272 73.0
2273 251.0
2274 203.0
2275 0.0
2276 251.0
2277 2.0
2278 366.0
2279 191.0
2280 4.0
2281 203.0
2282 347.0
2283 203.0
2284 251.0
2285 476.0
2286 164.0
2287 251.0
2288 203.0
2289 427.0
2290 185.0
2291 427.0
2292 0.0
2293 147.0
2294 203.0
2295 489.0
2296 187.0
2297 71.0
2298 269.0
2299 347.0
2300 251.0
2301 203.0
2302 162.0
2303 203.0
2304 110.0
2305 204.0
2306 203.0
2307 180.0
2308 13.0
2309 0.0
2310 427.0
2311 0.0
2312 81.0
2313 251.0
2314 146.0
2315 165.0
2316 487.0
2317 321.0
2318 145.0
2319 347.0
2320 427.0
2321 203.0
2322 0.0
2323 0.0
2324 347.0
2325 251.0
2326 0.0
2327 0.0
2328 83.0
2329 90.0
2330 427.0
2331 191.0
2332 254.0
2333 20.0
2334 197.0
2335 12.0
2336 203.0
2337 172.0
2338 347.0
2339 181.0
2340 251.0
2341 203.0
2342 180.0
2343 173.0
2344 17.0
2345 83.0
2346 489.0
2347 178.0
2348 203.0
2349 203.0
2350 427.0
2351 251.0
2352 203.0
2353 173.0
2354 427.0
2355 160.0
2356 347.0
2357 239.0
2358 347.0
2359 9.0
2360 0.0
2361 427.0
2362 200.0
2363 203.0
2364 0.0
2365 489.0
2366 203.0
2367 203.0
2368 202.0
2369 161.0
2370 0.0
2371 334.0
2372 203.0
2373 127.0
2374 73.0
2375 10.0
2376 204.0
2377 39.0
2378 347.0
2379 202.0
2380 347.0
2381 203.0
2382 191.0
2383 472.0
2384 251.0
2385 197.0
2386 203.0
2387 203.0
2388 164.0
2389 347.0
2390 203.0
2391 203.0
2392 203.0
2393 203.0
2394 203.0
2395 40.0
2396 482.0
2397 489.0
2398 0.0
2399 203.0
2400 347.0
2401 171.0
2402 15.0
2403 0.0
2404 185.0
2405 203.0
2406 134.0
2407 203.0
2408 203.0
2409 203.0
2410 482.0
2411 363.0
2412 251.0
2413 172.0
2414 5.0
2415 203.0
2416 135.0
2417 203.0
2418 484.0
2419 203.0
2420 191.0
2421 20.0
2422 204.0
2423 203.0
2424 154.0
2425 73.0
2426 70.0
2427 203.0
2428 203.0
2429 41.0
2430 489.0
2431 146.0
2432 347.0
2433 0.0
2434 203.0
2435 488.0
2436 203.0
2437 151.0
2438 220.0
2439 183.0
2440 169.0
2441 0.0
2442 203.0
2443 203.0
2444 0.0
2445 251.0
2446 203.0
2447 99.0
2448 489.0
2449 150.0
2450 251.0
2451 203.0
2452 6.0
2453 251.0
2454 0.0
2455 174.0
2456 203.0
2457 9.0
2458 0.0
2459 0.0
2460 191.0
2461 133.0
2462 199.0
2463 347.0
2464 172.0
2465 347.0
2466 347.0
2467 146.0
2468 294.0
2469 203.0
2470 202.0
2471 203.0
2472 72.0
2473 0.0
2474 203.0
2475 45.0
2476 0.0
2477 482.0
2478 164.0
2479 485.0
2480 203.0
2481 68.0
2482 203.0
2483 427.0
2484 145.0
2485 427.0
2486 146.0
2487 133.0
2488 203.0
2489 203.0
2490 203.0
2491 489.0
2492 12.0
2493 203.0
2494 203.0
2495 180.0
2496 203.0
2497 201.0
2498 347.0
2499 489.0
2500 187.0
2501 203.0
2502 83.0
2503 347.0
2504 251.0
2505 0.0
2506 204.0
2507 427.0
2508 162.0
2509 347.0
2510 191.0
2511 203.0
2512 169.0
2513 0.0
2514 347.0
2515 174.0
2516 240.0
2517 347.0
2518 251.0
2519 166.0
2520 489.0
2521 203.0
2522 203.0
2523 0.0
2524 204.0
2525 142.0
2526 40.0
2527 73.0
2528 203.0
2529 169.0
2530 204.0
2531 203.0
2532 347.0
2533 347.0
2534 203.0
2535 203.0
2536 251.0
2537 203.0
2538 203.0
2539 0.0
2540 427.0
2541 164.0
2542 347.0
2543 366.0
2544 32.0
2545 184.0
2546 203.0
2547 347.0
2548 203.0
2549 252.0
2550 489.0
2551 178.0
2552 116.0
2553 482.0
2554 251.0
2555 203.0
2556 0.0
2557 251.0
2558 203.0
2559 203.0
2560 180.0
2561 0.0
2562 203.0
2563 347.0
2564 59.0
2565 203.0
2566 172.0
2567 196.0
2568 0.0
2569 155.0
2570 133.0
2571 490.0
2572 347.0
2573 181.0
2574 201.0
2575 203.0
2576 487.0
2577 118.0
2578 73.0
2579 0.0
2580 203.0
2581 203.0
2582 203.0
2583 203.0
2584 203.0
2585 427.0
2586 80.0
2587 203.0
2588 203.0
2589 203.0
2590 92.0
2591 45.0
2592 204.0
2593 203.0
2594 487.0
2595 427.0
2596 257.0
2597 141.0
2598 190.0
2599 99.0
2600 251.0
2601 490.0
2602 223.0
2603 203.0
2604 195.0
2605 256.0
2606 203.0
2607 0.0
2608 187.0
2609 252.0
2610 174.0
2611 169.0
2612 203.0
2613 191.0
2614 175.0
2615 60.0
2616 203.0
2617 172.0
2618 240.0
2619 239.0
2620 364.0
2621 167.0
2622 483.0
2623 203.0
2624 161.0
2625 0.0
2626 204.0
2627 239.0
2628 118.0
2629 73.0
2630 0.0
2631 203.0
2632 251.0
2633 39.0
2634 347.0
2635 203.0
2636 427.0
2637 203.0
2638 203.0
2639 480.0
2640 203.0
2641 251.0
2642 0.0
2643 172.0
2644 0.0
2645 0.0
2646 203.0
2647 161.0
2648 15.0
2649 64.0
2650 154.0
2651 347.0
2652 490.0
2653 188.0
2654 177.0
2655 170.0
2656 8.0
2657 480.0
2658 12.0
2659 482.0
2660 203.0
2661 170.0
2662 0.0
2663 204.0
2664 166.0
2665 0.0
2666 0.0
2667 193.0
2668 204.0
2669 203.0
2670 347.0
2671 203.0
2672 154.0
2673 489.0
2674 203.0
2675 0.0
2676 23.0
2677 161.0
2678 132.0
2679 95.0
2680 0.0
2681 239.0
2682 27.0
2683 191.0
2684 331.0
2685 251.0
2686 203.0
2687 347.0
2688 203.0
2689 203.0
2690 203.0
2691 182.0
2692 134.0
2693 172.0
2694 251.0
2695 347.0
2696 427.0
2697 35.0
2698 203.0
2699 160.0
2700 203.0
2701 183.0
2702 187.0
2703 490.0
2704 203.0
2705 203.0
2706 27.0
2707 251.0
2708 483.0
2709 55.0
2710 486.0
2711 104.0
2712 203.0
2713 0.0
2714 204.0
2715 203.0
2716 0.0
2717 66.0
2718 478.0
2719 204.0
2720 55.0
2721 203.0
2722 294.0
2723 427.0
2724 489.0
2725 347.0
2726 172.0
2727 251.0
2728 201.0
2729 203.0
2730 80.0
2731 0.0
2732 347.0
2733 204.0
2734 0.0
2735 203.0
2736 203.0
2737 203.0
2738 427.0
2739 145.0
2740 118.0
2741 41.0
2742 197.0
2743 151.0
2744 203.0
2745 164.0
2746 347.0
2747 26.0
2748 202.0
2749 191.0
2750 159.0
2751 203.0
2752 228.0
2753 487.0
2754 490.0
2755 201.0
2756 50.0
2757 203.0
2758 251.0
2759 203.0
2760 1.0
2761 251.0
2762 427.0
2763 203.0
2764 347.0
2765 175.0
2766 203.0
2767 247.0
2768 64.0
2769 427.0
2770 188.0
2771 347.0
2772 203.0
2773 490.0
2774 202.0
2775 252.0
2776 203.0
2777 203.0
2778 165.0
2779 204.0
2780 162.0
2781 139.0
2782 73.0
2783 185.0
2784 18.0
2785 151.0
2786 203.0
2787 203.0
2788 169.0
2789 427.0
2790 49.0
2791 237.0
2792 347.0
2793 203.0
2794 251.0
2795 347.0
2796 204.0
2797 125.0
2798 0.0
2799 203.0
2800 173.0
2801 160.0
2802 203.0
2803 347.0
2804 202.0
2805 490.0
2806 203.0
2807 0.0
2808 347.0
2809 3.0
2810 483.0
2811 203.0
2812 203.0
2813 347.0
2814 427.0
2815 251.0
2816 0.0
2817 203.0
2818 195.0
2819 0.0
2820 203.0
2821 172.0
2822 347.0
2823 347.0
2824 203.0
2825 203.0
2826 490.0
2827 70.0
2828 161.0
2829 347.0
2830 203.0
2831 203.0
2832 95.0
2833 182.0
2834 61.0
2835 203.0
2836 187.0
2837 0.0
2838 170.0
2839 146.0
2840 347.0
2841 218.0
2842 97.0
2843 180.0
2844 566.0
2845 180.0
2846 203.0
2847 185.0
2848 25.0
2849 113.0
2850 203.0
2851 257.0
2852 204.0
2853 108.0
2854 203.0
2855 181.0
2856 566.0
2857 0.0
2858 71.0
2859 239.0
2860 427.0
2861 347.0
2862 180.0
2863 347.0
2864 485.0
2865 203.0
2866 162.0
2867 183.0
2868 479.0
2869 347.0
2870 0.0
2871 203.0
2872 218.0
2873 347.0
2874 347.0
2875 192.0
2876 203.0
2877 251.0
2878 251.0
2879 191.0
2880 187.0
2881 203.0
2882 203.0
2883 126.0
2884 427.0
2885 192.0
2886 0.0
2887 203.0
2888 0.0
2889 203.0
2890 203.0
2891 68.0
2892 186.0
2893 187.0
2894 137.0
2895 204.0
2896 203.0
2897 203.0
2898 203.0
2899 187.0
2900 203.0
2901 251.0
2902 203.0
2903 427.0
2904 251.0
2905 169.0
2906 172.0
2907 566.0
2908 201.0
2909 203.0
2910 347.0
2911 364.0
2912 427.0
2913 347.0
2914 203.0
2915 364.0
2916 197.0
2917 158.0
2918 178.0
2919 170.0
2920 203.0
2921 0.0
2922 133.0
2923 218.0
2924 347.0
2925 479.0
2926 427.0
2927 191.0
2928 196.0
2929 251.0
2930 191.0
2931 203.0
2932 160.0
2933 184.0
2934 43.0
2935 203.0
2936 187.0
2937 204.0
2938 194.0
2939 347.0
2940 427.0
2941 427.0
2942 68.0
2943 83.0
2944 203.0
2945 191.0
2946 251.0
2947 0.0
2948 427.0
2949 203.0
2950 192.0
2951 181.0
2952 203.0
2953 203.0
2954 224.0
2955 427.0
2956 203.0
2957 187.0
2958 566.0
2959 203.0
2960 251.0
2961 251.0
2962 203.0
2963 203.0
2964 197.0
2965 203.0
2966 360.0
2967 197.0
2968 427.0
2969 203.0
2970 191.0
2971 0.0
2972 0.0
2973 47.0
2974 184.0
2975 347.0
2976 0.0
2977 169.0
2978 360.0
2979 566.0
2980 49.0
2981 204.0
2982 347.0
2983 204.0
2984 203.0
2985 119.0
2986 105.0
2987 0.0
2988 0.0
2989 0.0
2990 203.0
2991 483.0
2992 0.0
2993 198.0
2994 203.0
2995 568.0
2996 180.0
2997 131.0
2998 203.0
2999 196.0
3000 204.0
3001 169.0
3002 196.0
3003 360.0
3004 203.0
3005 103.0
3006 203.0
3007 204.0
3008 198.0
3009 568.0
3010 203.0
3011 63.0
3012 203.0
3013 479.0
3014 364.0
3015 239.0
3016 239.0
3017 566.0
3018 0.0
3019 161.0
3020 203.0
3021 364.0
3022 166.0
3023 0.0
3024 364.0
3025 416.0
3026 169.0
3027 192.0
3028 203.0
3029 185.0
3030 203.0
3031 203.0
3032 180.0
3033 427.0
3034 192.0
3035 180.0
3036 92.0
3037 53.0
3038 203.0
3039 189.0
3040 0.0
3041 0.0
3042 566.0
3043 0.0
3044 360.0
3045 186.0
3046 203.0
3047 203.0
3048 203.0
3049 203.0
3050 364.0
3051 203.0
3052 427.0
3053 191.0
3054 251.0
3055 6.0
3056 347.0
3057 203.0
3058 209.0
3059 203.0
3060 568.0
3061 131.0
3062 203.0
3063 251.0
3064 131.0
3065 203.0
3066 177.0
3067 203.0
3068 151.0
3069 427.0
3070 427.0
3071 187.0
3072 347.0
3073 115.0
3074 0.0
3075 364.0
3076 218.0
3077 427.0
3078 131.0
3079 203.0
3080 239.0
3081 133.0
3082 66.0
3083 191.0
3084 427.0
3085 203.0
3086 202.0
3087 78.0
3088 53.0
3089 347.0
3090 0.0
3091 251.0
3092 153.0
3093 568.0
3094 199.0
3095 347.0
3096 427.0
3097 181.0
3098 203.0
3099 203.0
3100 203.0
3101 0.0
3102 203.0
3103 187.0
3104 203.0
3105 251.0
3106 203.0
3107 203.0
3108 181.0
3109 251.0
3110 203.0
3111 568.0
3112 204.0
3113 203.0
3114 239.0
3115 361.0
3116 347.0
3117 203.0
3118 251.0
3119 568.0
3120 368.0
3121 108.0
3122 0.0
3123 189.0
3124 175.0
3125 0.0
3126 202.0
3127 179.0
3128 347.0
3129 203.0
3130 203.0
3131 566.0
3132 203.0
3133 203.0
3134 56.0
3135 347.0
3136 203.0
3137 101.0
3138 33.0
3139 364.0
3140 131.0
3141 203.0
3142 199.0
3143 360.0
3144 360.0
3145 203.0
3146 163.0
3147 0.0
3148 251.0
3149 199.0
3150 364.0
3151 427.0
3152 203.0
3153 204.0
3154 181.0
3155 181.0
3156 181.0
3157 218.0
3158 251.0
3159 203.0
3160 208.0
3161 203.0
3162 568.0
3163 165.0
3164 202.0
3165 347.0
3166 180.0
3167 347.0
3168 203.0
3169 240.0
3170 192.0
3171 21.0
3172 203.0
3173 161.0
3174 191.0
3175 0.0
3176 31.0
3177 364.0
3178 188.0
3179 347.0
3180 174.0
3181 347.0
3182 427.0
3183 566.0
3184 203.0
3185 180.0
3186 427.0
3187 204.0
3188 143.0
3189 203.0
3190 177.0
3191 204.0
3192 178.0
3193 197.0
3194 0.0
3195 568.0
3196 203.0
3197 181.0
3198 203.0
3199 239.0
3200 158.0
3201 485.0
3202 251.0
3203 203.0
3204 189.0
3205 239.0
3206 191.0
3207 347.0
3208 347.0
3209 251.0
3210 347.0
3211 293.0
3212 197.0
3213 568.0
3214 251.0
3215 5.0
3216 163.0
3217 180.0
3218 181.0
3219 203.0
3220 203.0
3221 568.0
3222 347.0
3223 203.0
3224 0.0
3225 203.0
3226 190.0
3227 0.0
3228 203.0
3229 218.0
3230 181.0
3231 131.0
3232 203.0
3233 347.0
3234 203.0
3235 347.0
3236 180.0
3237 427.0
3238 192.0
3239 203.0
3240 185.0
3241 203.0
3242 186.0
3243 202.0
3244 194.0
3245 177.0
3246 568.0
3247 203.0
3248 203.0
3249 218.0
3250 347.0
3251 187.0
3252 192.0
3253 203.0
3254 360.0
3255 0.0
3256 251.0
3257 427.0
3258 203.0
3259 203.0
3260 204.0
3261 203.0
3262 203.0
3263 133.0
3264 568.0
3265 251.0
3266 200.0
3267 347.0
3268 361.0
3269 203.0
3270 220.0
3271 178.0
3272 568.0
3273 484.0
3274 347.0
3275 203.0
3276 347.0
3277 482.0
3278 204.0
3279 347.0
3280 172.0
3281 203.0
3282 203.0
3283 203.0
3284 239.0
3285 203.0
3286 202.0
3287 191.0
3288 192.0
3289 145.0
3290 361.0
3291 169.0
3292 186.0
3293 203.0
3294 203.0
3295 317.0
3296 200.0
3297 566.0
3298 203.0
3299 203.0
3300 203.0
3301 174.0
3302 347.0
3303 364.0
3304 203.0
3305 570.0
3306 203.0
3307 0.0
3308 203.0
3309 117.0
3310 203.0
3311 203.0
3312 202.0
3313 203.0
3314 360.0
3315 570.0
3316 187.0
3317 0.0
3318 197.0
3319 131.0
3320 364.0
3321 203.0
3322 347.0
3323 347.0
3324 360.0
3325 347.0
3326 121.0
3327 185.0
3328 316.0
3329 64.0
3330 427.0
3331 188.0
3332 251.0
3333 347.0
3334 347.0
3335 347.0
3336 347.0
3337 347.0
3338 153.0
3339 203.0
3340 161.0
3341 104.0
3342 117.0
3343 193.0
3344 203.0
3345 179.0
3346 182.0
3347 143.0
3348 568.0
3349 180.0
3350 203.0
3351 203.0
3352 203.0
3353 347.0
3354 364.0
3355 364.0
3356 347.0
3357 427.0
3358 239.0
3359 142.0
3360 203.0
3361 187.0
3362 347.0
3363 203.0
3364 0.0
3365 427.0
3366 570.0
3367 187.0
3368 203.0
3369 164.0
3370 197.0
3371 131.0
3372 192.0
3373 347.0
3374 347.0
3375 347.0
3376 203.0
3377 148.0
3378 133.0
3379 28.0
3380 5.0
3381 251.0
3382 416.0
3383 369.0
3384 360.0
3385 191.0
3386 347.0
3387 251.0
3388 239.0
3389 199.0
3390 347.0
3391 203.0
3392 364.0
3393 347.0
3394 203.0
3395 347.0
3396 347.0
3397 193.0
3398 427.0
3399 568.0
3400 187.0
3401 78.0
3402 71.0
3403 203.0
3404 347.0
3405 251.0
3406 251.0
3407 192.0
3408 188.0
3409 203.0
3410 203.0
3411 347.0
3412 14.0
3413 347.0
3414 181.0
3415 203.0
3416 133.0
3417 570.0
3418 203.0
3419 364.0
3420 364.0
3421 203.0
3422 364.0
3423 251.0
3424 149.0
3425 570.0
3426 251.0
3427 479.0
3428 0.0
3429 150.0
3430 361.0
3431 191.0
3432 427.0
3433 218.0
3434 164.0
3435 204.0
3436 182.0
3437 347.0
3438 181.0
3439 239.0
3440 185.0
3441 347.0
3442 204.0
3443 121.0
3444 176.0
3445 203.0
3446 203.0
3447 187.0
3448 194.0
3449 203.0
3450 192.0
3451 199.0
3452 203.0
3453 218.0
3454 251.0
3455 239.0
3456 360.0
3457 170.0
3458 568.0
3459 3.0
3460 367.0
3461 203.0
3462 251.0
3463 203.0
3464 566.0
3465 203.0
3466 427.0
3467 364.0
3468 570.0
3469 188.0
3470 483.0
3471 203.0
3472 364.0
3473 203.0
3474 203.0
3475 251.0
3476 568.0
3477 203.0
3478 364.0
3479 163.0
3480 179.0
3481 203.0
3482 0.0
3483 367.0
3484 416.0
3485 25.0
3486 427.0
3487 131.0
3488 483.0
3489 251.0
3490 239.0
3491 364.0
3492 427.0
3493 203.0
3494 251.0
3495 347.0
3496 203.0
3497 364.0
3498 347.0
3499 203.0
3500 203.0
3501 568.0
3502 239.0
3503 0.0
3504 203.0
3505 570.0
3506 239.0
3507 364.0
3508 347.0
3509 568.0
3510 598.0
3511 203.0
3512 145.0
3513 181.0
3514 197.0
3515 360.0
3516 203.0
3517 203.0
3518 203.0
3519 598.0
3520 203.0
3521 191.0
3522 202.0
3523 416.0
3524 168.0
3525 204.0
3526 251.0
3527 191.0
3528 175.0
3529 172.0
3530 0.0
3531 203.0
3532 204.0
3533 0.0
3534 203.0
3535 218.0
3536 203.0
3537 204.0
3538 0.0
3539 147.0
3540 190.0
3541 203.0
3542 427.0
3543 203.0
3544 203.0
3545 202.0
3546 337.0
3547 203.0
3548 0.0
3549 188.0
3550 203.0
3551 203.0
3552 167.0
3553 170.0
3554 204.0
3555 180.0
3556 251.0
3557 203.0
3558 167.0
3559 204.0
3560 414.0
3561 172.0
3562 187.0
3563 0.0
3564 170.0
3565 189.0
3566 203.0
3567 173.0
3568 159.0
3569 203.0
3570 598.0
3571 178.0
3572 203.0
3573 251.0
3574 170.0
3575 251.0
3576 218.0
3577 192.0
3578 68.0
3579 204.0
3580 172.0
3581 406.0
3582 0.0
3583 191.0
3584 347.0
3585 251.0
3586 416.0
3587 188.0
3588 170.0
3589 156.0
3590 251.0
3591 203.0
3592 201.0
3593 188.0
3594 123.0
3595 203.0
3596 204.0
3597 203.0
3598 203.0
3599 239.0
3600 204.0
3601 185.0
3602 204.0
3603 251.0
3604 189.0
3605 251.0
3606 347.0
3607 192.0
3608 203.0
3609 3.0
3610 0.0
3611 427.0
3612 191.0
3613 191.0
3614 416.0
3615 204.0
3616 180.0
3617 184.0
3618 203.0
3619 187.0
3620 197.0
3621 598.0
3622 204.0
3623 203.0
3624 251.0
3625 204.0
3626 140.0
3627 191.0
3628 194.0
3629 0.0
3630 192.0
3631 427.0
3632 180.0
3633 427.0
3634 427.0
3635 197.0
3636 204.0
3637 416.0
3638 160.0
3639 0.0
3640 6.0
3641 251.0
3642 427.0
3643 0.0
3644 126.0
3645 0.0
3646 203.0
3647 204.0
3648 203.0
3649 204.0
3650 347.0
3651 419.0
3652 203.0
3653 203.0
3654 203.0
3655 0.0
3656 347.0
3657 203.0
3658 2.0
3659 203.0
3660 3.0
3661 218.0
3662 203.0
3663 145.0
3664 174.0
3665 347.0
3666 65.0
3667 204.0
3668 251.0
3669 209.0
3670 187.0
3671 251.0
3672 598.0
3673 203.0
3674 167.0
3675 347.0
3676 251.0
3677 203.0
3678 427.0
3679 427.0
3680 188.0
3681 0.0
3682 191.0
3683 203.0
3684 427.0
3685 203.0
3686 361.0
3687 172.0
3688 218.0
3689 203.0
3690 172.0
3691 427.0
3692 188.0
3693 280.0
3694 147.0
3695 192.0
3696 7.0
3697 203.0
3698 204.0
3699 32.0
3700 347.0
3701 64.0
3702 188.0
3703 197.0
3704 186.0
3705 203.0
3706 1.0
3707 251.0
3708 164.0
3709 0.0
3710 203.0
3711 160.0
3712 185.0
3713 57.0
3714 204.0
3715 192.0
3716 0.0
3717 0.0
3718 172.0
3719 416.0
3720 192.0
3721 187.0
3722 188.0
3723 598.0
3724 203.0
3725 167.0
3726 199.0
3727 191.0
3728 158.0
3729 203.0
3730 427.0
3731 168.0
3732 203.0
3733 191.0
3734 191.0
3735 0.0
3736 189.0
3737 203.0
3738 160.0
3739 406.0
3740 192.0
3741 113.0
3742 167.0
3743 176.0
3744 182.0
3745 188.0
3746 203.0
3747 0.0
3748 203.0
3749 415.0
3750 347.0
3751 105.0
3752 170.0
3753 185.0
3754 239.0
3755 99.0
3756 192.0
3757 169.0
3758 251.0
3759 185.0
3760 251.0
3761 174.0
3762 167.0
3763 187.0
3764 203.0
3765 203.0
3766 251.0
3767 191.0
3768 123.0
3769 191.0
3770 172.0
3771 181.0
3772 187.0
3773 190.0
3774 598.0
3775 203.0
3776 0.0
3777 191.0
3778 144.0
3779 0.0
3780 188.0
3781 170.0
3782 189.0
3783 203.0
3784 203.0
3785 203.0
3786 0.0
3787 184.0
3788 0.0
3789 172.0
3790 245.0
3791 203.0
3792 0.0
3793 0.0
3794 238.0
3795 411.0
3796 251.0
3797 58.0
3798 204.0
3799 365.0
3800 204.0
3801 174.0
3802 193.0
3803 6.0
3804 173.0
3805 203.0
3806 163.0
3807 203.0
3808 203.0
3809 178.0
3810 174.0
3811 188.0
3812 203.0
3813 1.0
3814 184.0
3815 251.0
3816 204.0
3817 187.0
3818 415.0
3819 203.0
3820 172.0
3821 61.0
3822 130.0
3823 187.0
3824 204.0
3825 598.0
3826 218.0
3827 6.0
3828 0.0
3829 0.0
3830 0.0
3831 203.0
3832 188.0
3833 0.0
3834 0.0
3835 126.0
3836 203.0
3837 427.0
3838 416.0
3839 192.0
3840 172.0
3841 245.0
3842 203.0
3843 472.0
3844 0.0
3845 188.0
3846 192.0
3847 203.0
3848 203.0
3849 221.0
3850 203.0
3851 203.0
3852 0.0
3853 188.0
3854 203.0
3855 406.0
3856 159.0
3857 173.0
3858 0.0
3859 347.0
3860 5.0
3861 343.0
3862 191.0
3863 0.0
3864 1.0
3865 204.0
3866 192.0
3867 251.0
3868 187.0
3869 203.0
3870 0.0
3871 203.0
3872 414.0
3873 204.0
3874 204.0
3875 251.0
3876 598.0
3877 150.0
3878 167.0
3879 427.0
3880 188.0
3881 221.0
3882 204.0
3883 45.0
3884 172.0
3885 243.0
3886 251.0
3887 191.0
3888 0.0
3889 203.0
3890 203.0
3891 200.0
3892 416.0
3893 406.0
3894 203.0
3895 3.0
3896 203.0
3897 251.0
3898 188.0
3899 167.0
3900 0.0
3901 245.0
3902 407.0
3903 203.0
3904 191.0
3905 154.0
3906 188.0
3907 146.0
3908 185.0
3909 192.0
3910 204.0
3911 185.0
3912 203.0
3913 203.0
3914 219.0
3915 191.0
3916 204.0
3917 188.0
3918 192.0
3919 191.0
3920 204.0
3921 170.0
3922 136.0
3923 191.0
3924 189.0
3925 204.0
3926 472.0
3927 598.0
3928 203.0
3929 167.0
3930 251.0
3931 192.0
3932 185.0
3933 164.0
3934 146.0
3935 145.0
3936 203.0
3937 189.0
3938 203.0
3939 183.0
3940 203.0
3941 218.0
3942 180.0
3943 416.0
3944 169.0
3945 203.0
3946 172.0
3947 427.0
3948 203.0
3949 203.0
3950 0.0
3951 280.0
3952 204.0
3953 204.0
3954 165.0
3955 188.0
3956 6.0
3957 427.0
3958 194.0
3959 141.0
3960 167.0
3961 189.0
3962 204.0
3963 172.0
3964 0.0
3965 203.0
3966 203.0
3967 0.0
3968 0.0
3969 188.0
3970 191.0
3971 192.0
3972 170.0
3973 203.0
3974 251.0
3975 204.0
3976 188.0
3977 173.0
3978 598.0
3979 203.0
3980 165.0
3981 427.0
3982 203.0
3983 347.0
3984 188.0
3985 188.0
3986 0.0
3987 347.0
3988 406.0
3989 189.0
3990 251.0
3991 188.0
3992 185.0
3993 178.0
3994 406.0
3995 176.0
3996 188.0
3997 0.0
3998 187.0
3999 172.0
4000 203.0
4001 188.0
4002 204.0
4003 203.0
4004 204.0
4005 0.0
4006 251.0
4007 146.0
4008 203.0
4009 199.0
4010 255.0
4011 417.0
4012 416.0
4013 427.0
4014 203.0
4015 0.0
4016 14.0
4017 1.0
4018 204.0
4019 167.0
4020 416.0
4021 191.0
4022 172.0
4023 203.0
4024 203.0
4025 194.0
4026 204.0
4027 203.0
4028 204.0
4029 598.0
4030 131.0
4031 0.0
4032 154.0
4033 203.0
4034 0.0
4035 242.0
4036 187.0
4037 427.0
4038 203.0
4039 0.0
4040 71.0
4041 173.0
4042 209.0
4043 129.0
4044 192.0
4045 245.0
4046 203.0
4047 190.0
4048 64.0
4049 192.0
4050 167.0
4051 188.0
4052 160.0
4053 0.0
4054 406.0
4055 204.0
4056 171.0
4057 203.0
4058 406.0
4059 598.0
4060 191.0
4061 186.0
4062 0.0
4063 172.0
4064 184.0
4065 0.0
4066 416.0
4067 188.0
4068 418.0
4069 192.0
4070 68.0
4071 416.0
4072 187.0
4073 172.0
4074 170.0
4075 427.0
4076 173.0
4077 203.0
4078 204.0
4079 472.0
4080 598.0
4081 203.0
4082 251.0
4083 194.0
4084 191.0
4085 202.0
4086 218.0
4087 187.0
4088 191.0
4089 180.0
4090 1.0
4091 411.0
4092 251.0
4093 194.0
4094 3.0
4095 203.0
4096 245.0
4097 191.0
4098 251.0
4099 123.0
4100 204.0
4101 0.0
4102 203.0
4103 168.0
4104 203.0
4105 177.0
4106 0.0
4107 204.0
4108 172.0
4109 251.0
4110 188.0
4111 0.0
4112 174.0
4113 192.0
4114 203.0
4115 203.0
4116 203.0
4117 160.0
4118 203.0
4119 203.0
4120 191.0
4121 427.0
4122 188.0
4123 191.0
4124 223.0
4125 167.0
4126 347.0
4127 203.0
4128 204.0
4129 188.0
4130 188.0
4131 598.0
4132 178.0
4133 221.0
4134 251.0
4135 203.0
4136 239.0
4137 204.0
4138 203.0
4139 204.0
4140 203.0
4141 172.0
4142 180.0
4143 169.0
4144 177.0
4145 204.0
4146 251.0
4147 245.0
4148 203.0
4149 204.0
4150 7.0
4151 0.0
4152 0.0
4153 203.0
4154 0.0
4155 2.0
4156 203.0
4157 204.0
4158 169.0
4159 203.0
4160 1.0
4161 158.0
4162 189.0
4163 120.0
4164 159.0
4165 16.0
4166 251.0
4167 204.0
4168 0.0
4169 187.0
4170 251.0
4171 191.0
4172 167.0
4173 204.0
4174 191.0
4175 204.0
4176 203.0
4177 204.0
4178 0.0
4179 419.0
4180 188.0
4181 185.0
4182 598.0
4183 172.0
4184 189.0
4185 0.0
4186 203.0
4187 347.0
4188 191.0
4189 203.0
4190 165.0
4191 427.0
4192 18.0
4193 169.0
4194 197.0
4195 407.0
4196 160.0
4197 165.0
4198 245.0
4199 203.0
4200 251.0
4201 0.0
4202 191.0
4203 167.0
4204 188.0
4205 1.0
4206 0.0
4207 192.0
4208 168.0
4209 0.0
4210 189.0
4211 0.0
4212 204.0
4213 204.0
4214 186.0
4215 416.0
4216 411.0
4217 203.0
4218 420.0
4219 192.0
4220 188.0
4221 2.0
4222 184.0
4223 188.0
4224 416.0
4225 187.0
4226 252.0
4227 188.0
4228 168.0
4229 22.0
4230 204.0
4231 188.0
4232 218.0
4233 598.0
4234 203.0
4235 194.0
4236 251.0
4237 192.0
4238 203.0
4239 204.0
4240 201.0
4241 427.0
4242 191.0
4243 1.0
4244 203.0
4245 203.0
4246 191.0
4247 216.0
4248 154.0
4249 245.0
4250 189.0
4251 427.0
4252 165.0
4253 191.0
4254 203.0
4255 203.0
4256 172.0
4257 191.0
4258 204.0
4259 192.0
4260 0.0
4261 184.0
4262 178.0
4263 188.0
4264 347.0
4265 186.0
4266 182.0
4267 218.0
4268 167.0
4269 203.0
4270 0.0
4271 188.0
4272 168.0
4273 61.0
4274 165.0
4275 204.0
4276 191.0
4277 3.0
4278 192.0
4279 188.0
4280 203.0
4281 203.0
4282 103.0
4283 416.0
4284 598.0
4285 178.0
4286 203.0
4287 203.0
4288 203.0
4289 79.0
4290 203.0
4291 188.0
4292 191.0
4293 184.0
4294 172.0
4295 194.0
4296 203.0
4297 203.0
4298 203.0
4299 203.0
4300 218.0
4301 67.0
4302 189.0
4303 251.0
4304 227.0
4305 167.0
4306 203.0
4307 191.0
4308 0.0
4309 406.0
4310 188.0
4311 186.0
4312 187.0
4313 180.0
4314 416.0
4315 176.0
4316 232.0
4317 42.0
4318 178.0
4319 204.0
4320 347.0
4321 251.0
4322 0.0
4323 168.0
4324 191.0
4325 347.0
4326 188.0
4327 191.0
4328 204.0
4329 188.0
4330 427.0
4331 172.0
4332 204.0
4333 112.0
4334 416.0
4335 598.0
4336 203.0
4337 427.0
4338 0.0
4339 204.0
4340 347.0
4341 204.0
4342 188.0
4343 189.0
4344 427.0
4345 201.0
4346 203.0
4347 203.0
4348 172.0
4349 126.0
4350 0.0
4351 203.0
4352 204.0
4353 192.0
4354 0.0
4355 3.0
4356 167.0
4357 204.0
4358 0.0
4359 203.0
4360 203.0
4361 188.0
4362 203.0
4363 33.0
4364 170.0
4365 203.0
4366 191.0
4367 168.0
4368 145.0
4369 203.0
4370 192.0
4371 181.0
4372 203.0
4373 160.0
4374 123.0
4375 184.0
4376 188.0
4377 414.0
4378 191.0
4379 204.0
4380 192.0
4381 203.0
4382 427.0
4383 347.0
4384 188.0
4385 204.0
4386 598.0
4387 203.0
4388 167.0
4389 204.0
4390 204.0
4391 183.0
4392 164.0
4393 153.0
4394 165.0
4395 179.0
4396 203.0
4397 0.0
4398 173.0
4399 204.0
4400 191.0
4401 221.0
4402 416.0
4403 188.0
4404 218.0
4405 204.0
4406 158.0
4407 0.0
4408 188.0
4409 192.0
4410 203.0
4411 203.0
4412 192.0
4413 0.0
4414 123.0
4415 416.0
4416 427.0
4417 189.0
4418 191.0
4419 411.0
4420 188.0
4421 191.0
4422 203.0
4423 188.0
4424 188.0
4425 160.0
4426 189.0
4427 416.0
4428 416.0
4429 191.0
4430 39.0
4431 192.0
4432 203.0
4433 0.0
4434 204.0
4435 218.0
4436 204.0
4437 598.0
4438 203.0
4439 14.0
4440 0.0
4441 187.0
4442 347.0
4443 164.0
4444 195.0
4445 192.0
4446 170.0
4447 203.0
4448 51.0
4449 203.0
4450 191.0
4451 203.0
4452 153.0
4453 416.0
4454 188.0
4455 252.0
4456 251.0
4457 19.0
4458 188.0
4459 220.0
4460 251.0
4461 362.0
4462 204.0
4463 192.0
4464 0.0
4465 203.0
4466 198.0
4467 192.0
4468 176.0
4469 569.0
4470 191.0
4471 347.0
4472 203.0
4473 195.0
4474 203.0
4475 188.0
4476 1.0
4477 240.0
4478 172.0
4479 192.0
4480 191.0
4481 218.0
4482 192.0
4483 347.0
4484 167.0
4485 192.0
4486 497.0
4487 406.0
4488 598.0
4489 203.0
4490 0.0
4491 203.0
4492 203.0
4493 188.0
4494 204.0
4495 186.0
4496 414.0
4497 188.0
4498 6.0
4499 203.0
4500 188.0
4501 414.0
4502 204.0
4503 251.0
4504 406.0
4505 203.0
4506 191.0
4507 154.0
4508 154.0
4509 203.0
4510 203.0
4511 165.0
4512 19.0
4513 155.0
4514 188.0
4515 51.0
4516 347.0
4517 203.0
4518 188.0
4519 154.0
4520 229.0
4521 117.0
4522 203.0
4523 204.0
4524 204.0
4525 251.0
4526 178.0
4527 360.0
4528 180.0
4529 184.0
4530 427.0
4531 191.0
4532 188.0
4533 203.0
4534 191.0
4535 160.0
4536 192.0
4537 122.0
4538 218.0
4539 598.0
4540 161.0
4541 45.0
4542 167.0
4543 204.0
4544 493.0
4545 164.0
4546 188.0
4547 203.0
4548 239.0
4549 167.0
4550 203.0
4551 165.0
4552 252.0
4553 188.0
4554 168.0
4555 416.0
4556 188.0
4557 416.0
4558 0.0
4559 191.0
4560 204.0
4561 203.0
4562 427.0
4563 170.0
4564 168.0
4565 188.0
4566 0.0
4567 169.0
4568 416.0
4569 187.0
4570 203.0
4571 28.0
4572 0.0
4573 188.0
4574 91.0
4575 204.0
4576 203.0
4577 188.0
4578 192.0
4579 180.0
4580 238.0
4581 427.0
4582 191.0
4583 408.0
4584 192.0
4585 188.0
4586 0.0
4587 204.0
4588 203.0
4589 204.0
4590 598.0
4591 203.0
4592 117.0
4593 251.0
4594 411.0
4595 120.0
4596 164.0
4597 0.0
4598 203.0
4599 204.0
4600 172.0
4601 203.0
4602 83.0
4603 0.0
4604 203.0
4605 172.0
4606 268.0
4607 188.0
4608 185.0
4609 192.0
4610 0.0
4611 204.0
4612 251.0
4613 192.0
4614 172.0
4615 203.0
4616 188.0
4617 0.0
4618 347.0
4619 0.0
4620 407.0
4621 203.0
4622 169.0
4623 172.0
4624 201.0
4625 188.0
4626 195.0
4627 251.0
4628 188.0
4629 188.0
4630 192.0
4631 414.0
4632 188.0
4633 191.0
4634 166.0
4635 188.0
4636 203.0
4637 167.0
4638 415.0
4639 203.0
4640 204.0
4641 598.0
4642 172.0
4643 172.0
4644 204.0
4645 204.0
4646 0.0
4647 164.0
4648 203.0
4649 204.0
4650 164.0
4651 191.0
4652 347.0
4653 203.0
4654 472.0
4655 221.0
4656 3.0
4657 268.0
4658 203.0
4659 192.0
4660 154.0
4661 176.0
4662 416.0
4663 251.0
4664 0.0
4665 172.0
4666 414.0
4667 192.0
4668 166.0
4669 141.0
4670 203.0
4671 188.0
4672 203.0
4673 0.0
4674 0.0
4675 203.0
4676 2.0
4677 204.0
4678 203.0
4679 203.0
4680 203.0
4681 203.0
4682 165.0
4683 188.0
4684 191.0
4685 204.0
4686 188.0
4687 191.0
4688 165.0
4689 539.0
4690 203.0
4691 204.0
4692 598.0
4693 131.0
4694 203.0
4695 168.0
4696 417.0
4697 197.0
4698 203.0
4699 176.0
4700 0.0
4701 204.0
4702 1.0
4703 203.0
4704 221.0
4705 252.0
4706 167.0
4707 179.0
4708 406.0
4709 203.0
4710 191.0
4711 204.0
4712 188.0
4713 191.0
4714 203.0
4715 159.0
4716 239.0
4717 203.0
4718 203.0
4719 347.0
4720 105.0
4721 170.0
4722 192.0
4723 416.0
4724 232.0
4725 0.0
4726 204.0
4727 203.0
4728 417.0
4729 251.0
4730 204.0
4731 347.0
4732 203.0
4733 165.0
4734 427.0
4735 191.0
4736 188.0
4737 204.0
4738 170.0
4739 0.0
4740 416.0
4741 204.0
4742 188.0
4743 598.0
4744 203.0
4745 23.0
4746 203.0
4747 204.0
4748 251.0
4749 204.0
4750 189.0
4751 598.0
4752 189.0
4753 221.0
4754 251.0
4755 168.0
4756 192.0
4757 347.0
4758 192.0
4759 406.0
4760 188.0
4761 204.0
4762 416.0
4763 239.0
4764 102.0
4765 220.0
4766 417.0
4767 0.0
4768 145.0
4769 188.0
4770 0.0
4771 347.0
4772 191.0
4773 188.0
4774 160.0
4775 0.0
4776 159.0
4777 201.0
4778 115.0
4779 170.0
4780 251.0
4781 188.0
4782 172.0
4783 48.0
4784 204.0
4785 416.0
4786 191.0
4787 0.0
4788 203.0
4789 145.0
4790 160.0
4791 204.0
4792 203.0
4793 188.0
4794 598.0
4795 203.0
4796 188.0
4797 203.0
4798 251.0
4799 187.0
4800 203.0
4801 189.0
4802 172.0
4803 347.0
4804 1.0
4805 203.0
4806 6.0
4807 0.0
4808 23.0
4809 203.0
4810 406.0
4811 188.0
4812 180.0
4813 182.0
4814 0.0
4815 208.0
4816 203.0
4817 188.0
4818 7.0
4819 146.0
4820 168.0
4821 166.0
4822 203.0
4823 6.0
4824 407.0
4825 229.0
4826 190.0
4827 168.0
4828 180.0
4829 68.0
4830 189.0
4831 191.0
4832 0.0
4833 203.0
4834 184.0
4835 251.0
4836 188.0
4837 191.0
4838 204.0
4839 188.0
4840 203.0
4841 251.0
4842 191.0
4843 204.0
4844 204.0
4845 598.0
4846 31.0
4847 203.0
4848 191.0
4849 411.0
4850 347.0
4851 164.0
4852 204.0
4853 427.0
4854 238.0
4855 0.0
4856 0.0
4857 427.0
4858 408.0
4859 172.0
4860 203.0
4861 406.0
4862 203.0
4863 188.0
4864 251.0
4865 191.0
4866 192.0
4867 153.0
4868 203.0
4869 203.0
4870 472.0
4871 179.0
4872 169.0
4873 33.0
4874 154.0
4875 188.0
4876 204.0
4877 174.0
4878 159.0
4879 417.0
4880 188.0
4881 252.0
4882 34.0
4883 189.0
4884 427.0
4885 188.0
4886 483.0
4887 204.0
4888 191.0
4889 188.0
4890 200.0
4891 203.0
4892 0.0
4893 417.0
4894 203.0
4895 188.0
4896 598.0
4897 161.0
4898 251.0
4899 167.0
4900 414.0
4901 427.0
4902 169.0
4903 61.0
4904 192.0
4905 204.0
4906 221.0
4907 165.0
4908 203.0
4909 408.0
4910 200.0
4911 168.0
4912 406.0
4913 180.0
4914 187.0
4915 114.0
4916 416.0
4917 172.0
4918 157.0
4919 427.0
4920 5.0
4921 252.0
4922 188.0
4923 0.0
4924 0.0
4925 154.0
4926 188.0
4927 187.0
4928 154.0
4929 3.0
4930 0.0
4931 170.0
4932 195.0
4933 204.0
4934 187.0
4935 188.0
4936 191.0
4937 191.0
4938 203.0
4939 191.0
4940 177.0
4941 430.0
4942 191.0
4943 188.0
4944 416.0
4945 203.0
4946 188.0
4947 598.0
4948 203.0
4949 165.0
4950 204.0
4951 416.0
4952 172.0
4953 204.0
4954 17.0
4955 167.0
4956 204.0
4957 172.0
4958 181.0
4959 221.0
4960 187.0
4961 188.0
4962 192.0
4963 406.0
4964 204.0
4965 188.0
4966 203.0
4967 203.0
4968 204.0
4969 251.0
4970 251.0
4971 0.0
4972 204.0
4973 0.0
4974 0.0
4975 203.0
4976 189.0
4977 203.0
4978 418.0
4979 185.0
4980 0.0
4981 239.0
4982 0.0
4983 254.0
4984 160.0
4985 187.0
4986 0.0
4987 347.0
4988 6.0
4989 598.0
4990 191.0
4991 204.0
4992 204.0
4993 189.0
4994 167.0
4995 411.0
4996 87.0
4997 204.0
4998 598.0
4999 204.0
5000 221.0
5001 203.0
5002 204.0
5003 126.0
5004 204.0
5005 185.0
5006 414.0
5007 194.0
5008 251.0
5009 251.0
5010 191.0
5011 187.0
5012 179.0
5013 203.0
5014 416.0
5015 204.0
5016 188.0
5017 328.0
5018 204.0
5019 188.0
5020 14.0
5021 192.0
5022 2.0
5023 160.0
5024 192.0
5025 138.0
5026 203.0
5027 427.0
5028 416.0
5029 411.0
5030 29.0
5031 203.0
5032 188.0
5033 0.0
5034 189.0
5035 0.0
5036 203.0
5037 203.0
5038 188.0
5039 188.0
5040 188.0
5041 191.0
5042 204.0
5043 2.0
5044 427.0
5045 189.0
5046 204.0
5047 203.0
5048 204.0
5049 598.0
5050 191.0
5051 14.0
5052 167.0
5053 361.0
5054 0.0
5055 164.0
5056 203.0
5057 204.0
5058 22.0
5059 1.0
5060 218.0
5061 45.0
5062 408.0
5063 427.0
5064 187.0
5065 406.0
5066 31.0
5067 188.0
5068 185.0
5069 192.0
5070 188.0
5071 188.0
5072 192.0
5073 0.0
5074 204.0
5075 203.0
5076 169.0
5077 203.0
5078 203.0
5079 192.0
5080 192.0
5081 137.0
5082 3.0
5083 188.0
5084 416.0
5085 414.0
5086 172.0
5087 188.0
5088 427.0
5089 40.0
5090 203.0
5091 188.0
5092 191.0
5093 172.0
5094 416.0
5095 188.0
5096 165.0
5097 191.0
5098 598.0
5099 188.0
5100 598.0
