1 203.0
2 203.0
3 203.0
4 203.0
5 203.0
6 203.0
7 20.0
8 203.0
9 203.0
10 204.0
11 203.0
12 203.0
13 203.0
14 204.0
15 30.0
16 203.0
17 204.0
18 191.0
19 204.0
20 175.0
21 203.0
22 32.0
23 204.0
24 203.0
25 204.0
26 186.0
27 203.0
28 204.0
29 203.0
30 191.0
31 203.0
32 103.0
33 187.0
34 186.0
35 175.0
36 175.0
37 0.0
38 203.0
39 175.0
40 204.0
41 175.0
42 33.0
43 175.0
44 203.0
45 203.0
46 186.0
47 203.0
48 203.0
49 44.0
50 33.0
51 204.0
52 204.0
53 203.0
54 203.0
55 204.0
56 204.0
57 203.0
58 203.0
59 175.0
60 175.0
61 203.0
62 203.0
63 203.0
64 180.0
65 204.0
66 204.0
67 203.0
68 203.0
69 115.0
70 204.0
71 175.0
72 204.0
73 186.0
74 203.0
75 203.0
76 203.0
77 203.0
78 204.0
79 186.0
80 186.0
81 203.0
82 203.0
83 103.0
84 203.0
85 114.0
86 203.0
87 180.0
88 103.0
89 186.0
90 32.0
91 203.0
92 169.0
93 204.0
94 169.0
95 203.0
96 203.0
97 203.0
98 33.0
99 204.0
100 204.0
101 33.0
102 204.0
103 204.0
104 0.0
105 203.0
106 203.0
107 203.0
108 174.0
109 203.0
110 32.0
111 204.0
112 38.0
113 203.0
114 203.0
115 203.0
116 33.0
117 203.0
118 203.0
119 203.0
120 203.0
121 204.0
122 186.0
123 204.0
124 204.0
125 33.0
126 169.0
127 203.0
128 203.0
129 204.0
130 203.0
131 203.0
132 203.0
133 186.0
134 103.0
135 203.0
136 114.0
137 203.0
138 175.0
139 203.0
140 38.0
141 204.0
142 204.0
143 169.0
144 203.0
145 175.0
146 204.0
147 180.0
148 203.0
149 33.0
150 175.0
151 204.0
152 44.0
153 204.0
154 204.0
155 203.0
156 203.0
157 0.0
158 203.0
159 203.0
160 203.0
161 203.0
162 98.0
163 204.0
164 186.0
165 0.0
166 0.0
167 204.0
168 164.0
169 174.0
170 38.0
171 38.0
172 203.0
173 32.0
174 204.0
175 203.0
176 204.0
177 203.0
178 38.0
179 203.0
180 1.0
181 98.0
182 203.0
183 204.0
184 203.0
185 30.0
186 203.0
187 114.0
188 203.0
189 180.0
190 203.0
191 180.0
192 32.0
193 180.0
194 229.0
195 203.0
196 31.0
197 203.0
198 180.0
199 203.0
200 44.0
201 203.0
202 203.0
203 203.0
204 229.0
205 175.0
206 174.0
207 169.0
208 32.0
209 203.0
210 169.0
211 175.0
212 175.0
213 180.0
214 175.0
215 203.0
216 169.0
217 241.0
218 169.0
219 169.0
220 175.0
221 251.0
222 251.0
223 203.0
224 175.0
225 203.0
226 203.0
227 180.0
228 316.0
229 33.0
230 204.0
231 203.0
232 180.0
233 251.0
234 98.0
235 251.0
236 251.0
237 175.0
238 186.0
239 251.0
240 33.0
241 175.0
242 186.0
243 315.0
244 169.0
245 175.0
246 175.0
247 169.0
248 175.0
249 251.0
250 203.0
251 180.0
252 175.0
253 203.0
254 175.0
255 316.0
256 169.0
257 76.0
258 203.0
259 169.0
260 158.0
261 203.0
262 203.0
263 169.0
264 175.0
265 169.0
266 204.0
267 203.0
268 204.0
269 169.0
270 169.0
271 204.0
272 186.0
273 204.0
274 204.0
275 175.0
276 204.0
277 204.0
278 203.0
279 203.0
280 180.0
281 175.0
282 169.0
283 169.0
284 169.0
285 169.0
286 104.0
287 204.0
288 175.0
289 229.0
290 204.0
291 204.0
292 204.0
293 175.0
294 180.0
295 204.0
296 104.0
297 98.0
298 169.0
299 169.0
300 186.0
301 203.0
302 204.0
303 203.0
304 169.0
305 169.0
306 316.0
307 175.0
308 203.0
309 169.0
310 203.0
311 0.0
312 175.0
313 175.0
314 145.0
315 175.0
316 251.0
317 204.0
318 25.0
319 251.0
320 169.0
321 169.0
322 203.0
323 169.0
324 174.0
325 169.0
326 175.0
327 203.0
328 186.0
329 175.0
330 203.0
331 98.0
332 204.0
333 98.0
334 203.0
335 169.0
336 175.0
337 175.0
338 38.0
339 203.0
340 195.0
341 251.0
342 203.0
343 175.0
344 175.0
345 33.0
346 204.0
347 175.0
348 169.0
349 203.0
350 175.0
351 186.0
352 175.0
353 169.0
354 175.0
355 169.0
356 169.0
357 316.0
358 169.0
359 174.0
360 169.0
361 203.0
362 0.0
363 204.0
364 175.0
365 204.0
366 251.0
367 175.0
368 203.0
369 203.0
370 169.0
371 169.0
372 169.0
373 175.0
374 251.0
375 175.0
376 169.0
377 169.0
378 204.0
379 251.0
380 204.0
381 32.0
382 32.0
383 169.0
384 103.0
385 180.0
386 175.0
387 169.0
388 175.0
389 175.0
390 175.0
391 204.0
392 169.0
393 204.0
394 251.0
395 191.0
396 204.0
397 169.0
398 175.0
399 175.0
400 169.0
401 175.0
402 315.0
403 203.0
404 104.0
405 203.0
406 204.0
407 169.0
408 316.0
409 169.0
410 251.0
411 169.0
412 204.0
413 169.0
414 180.0
415 203.0
416 203.0
417 98.0
418 203.0
419 203.0
420 203.0
421 175.0
422 169.0
423 169.0
424 175.0
425 204.0
426 251.0
427 203.0
428 169.0
429 204.0
430 204.0
431 203.0
432 203.0
433 98.0
434 203.0
435 103.0
436 175.0
437 169.0
438 169.0
439 169.0
440 33.0
441 175.0
442 225.0
443 204.0
444 203.0
445 175.0
446 203.0
447 186.0
448 204.0
449 175.0
450 169.0
451 175.0
452 203.0
453 175.0
454 203.0
455 191.0
456 204.0
457 175.0
458 169.0
459 316.0
460 169.0
461 169.0
462 169.0
463 169.0
464 251.0
465 175.0
466 203.0
467 169.0
468 203.0
469 175.0
470 204.0
471 235.0
472 251.0
473 169.0
474 169.0
475 203.0
476 169.0
477 169.0
478 104.0
479 203.0
480 203.0
481 274.0
482 252.0
483 203.0
484 98.0
485 169.0
486 98.0
487 175.0
488 203.0
489 169.0
490 169.0
491 175.0
492 231.0
493 204.0
494 204.0
495 203.0
496 203.0
497 175.0
498 251.0
499 203.0
500 204.0
501 175.0
502 180.0
503 169.0
504 203.0
505 203.0
506 169.0
507 203.0
508 169.0
509 175.0
510 316.0
511 169.0
512 175.0
513 169.0
514 204.0
515 109.0
516 180.0
517 203.0
518 203.0
519 204.0
520 251.0
521 204.0
522 25.0
523 175.0
524 169.0
525 169.0
526 203.0
527 169.0
528 203.0
529 169.0
530 204.0
531 203.0
532 273.0
533 204.0
534 203.0
535 32.0
536 251.0
537 38.0
538 252.0
539 104.0
540 169.0
541 169.0
542 104.0
543 169.0
544 204.0
545 169.0
546 203.0
547 203.0
548 180.0
549 33.0
550 204.0
551 175.0
552 169.0
553 169.0
554 169.0
555 186.0
556 203.0
557 169.0
558 203.0
559 175.0
560 169.0
561 316.0
562 169.0
563 175.0
564 169.0
565 203.0
566 0.0
567 169.0
568 203.0
569 169.0
570 104.0
571 251.0
572 169.0
573 203.0
574 169.0
575 169.0
576 169.0
577 114.0
578 251.0
579 169.0
580 203.0
581 204.0
582 203.0
583 252.0
584 204.0
585 32.0
586 32.0
587 203.0
588 103.0
589 203.0
590 175.0
591 169.0
592 251.0
593 33.0
594 204.0
595 204.0
596 203.0
597 204.0
598 175.0
599 175.0
600 180.0
601 204.0
602 175.0
603 169.0
604 169.0
605 203.0
606 251.0
607 203.0
608 175.0
609 186.0
610 169.0
611 204.0
612 316.0
613 32.0
614 229.0
615 169.0
616 169.0
617 0.0
618 204.0
619 203.0
620 299.0
621 224.0
622 204.0
623 204.0
624 203.0
625 175.0
626 169.0
627 169.0
628 203.0
629 169.0
630 459.0
631 104.0
632 203.0
633 175.0
634 316.0
635 204.0
636 33.0
637 32.0
638 204.0
639 33.0
640 204.0
641 203.0
642 204.0
643 175.0
644 32.0
645 203.0
646 175.0
647 204.0
648 204.0
649 204.0
650 175.0
651 180.0
652 203.0
653 169.0
654 175.0
655 109.0
656 169.0
657 175.0
658 204.0
659 169.0
660 203.0
661 175.0
662 169.0
663 459.0
664 459.0
665 169.0
666 169.0
667 169.0
668 169.0
669 169.0
670 180.0
671 175.0
672 169.0
673 169.0
674 104.0
675 169.0
676 175.0
677 251.0
678 203.0
679 38.0
680 169.0
681 169.0
682 169.0
683 169.0
684 175.0
685 251.0
686 98.0
687 169.0
688 104.0
689 169.0
690 175.0
691 779.0
692 175.0
693 169.0
694 169.0
695 175.0
696 169.0
697 267.0
698 169.0
699 169.0
700 169.0
701 251.0
702 175.0
703 779.0
704 169.0
705 203.0
706 203.0
707 169.0
708 297.0
709 262.0
710 180.0
711 251.0
712 459.0
713 169.0
714 779.0
715 459.0
716 169.0
717 136.0
718 204.0
719 169.0
720 169.0
721 404.0
722 169.0
723 203.0
724 169.0
725 175.0
726 169.0
727 109.0
728 175.0
729 174.0
730 169.0
731 204.0
732 779.0
733 169.0
734 169.0
735 169.0
736 779.0
737 169.0
738 169.0
739 0.0
740 175.0
741 169.0
742 169.0
743 251.0
744 169.0
745 251.0
746 31.0
747 175.0
748 419.0
749 169.0
750 251.0
751 169.0
752 169.0
753 169.0
754 169.0
755 169.0
756 169.0
757 169.0
758 169.0
759 175.0
760 779.0
761 109.0
762 169.0
763 169.0
764 169.0
765 779.0
766 180.0
767 169.0
768 203.0
769 169.0
770 0.0
771 169.0
772 169.0
773 169.0
774 262.0
775 175.0
776 175.0
777 175.0
778 169.0
779 169.0
780 32.0
781 169.0
782 169.0
783 251.0
784 169.0
785 169.0
786 175.0
787 169.0
788 169.0
789 169.0
790 32.0
791 175.0
792 175.0
793 169.0
794 185.0
795 169.0
796 251.0
797 169.0
798 175.0
799 169.0
800 169.0
801 204.0
802 251.0
803 169.0
804 175.0
805 169.0
806 169.0
807 31.0
808 169.0
809 169.0
810 246.0
811 169.0
812 175.0
813 169.0
814 175.0
815 25.0
816 779.0
817 459.0
818 169.0
819 251.0
820 169.0
821 169.0
822 169.0
823 251.0
824 169.0
825 169.0
826 169.0
827 169.0
828 175.0
829 169.0
830 169.0
831 32.0
832 459.0
833 169.0
834 493.0
835 104.0
836 204.0
837 169.0
838 169.0
839 175.0
840 169.0
841 32.0
842 203.0
843 175.0
844 169.0
845 203.0
846 169.0
847 459.0
848 169.0
849 169.0
850 1222.0
851 169.0
852 253.0
853 169.0
854 251.0
855 169.0
856 251.0
857 169.0
858 175.0
859 30.0
860 98.0
861 502.0
862 169.0
863 203.0
864 204.0
865 204.0
866 169.0
867 1222.0
868 155.0
869 169.0
870 169.0
871 169.0
872 169.0
873 169.0
874 251.0
875 169.0
876 1216.0
877 175.0
878 169.0
879 169.0
880 38.0
881 169.0
882 203.0
883 169.0
884 175.0
885 267.0
886 169.0
887 169.0
888 169.0
889 98.0
890 169.0
891 169.0
892 203.0
893 204.0
894 251.0
895 497.0
896 203.0
897 273.0
898 169.0
899 169.0
900 267.0
901 483.0
902 58.0
903 169.0
904 315.0
905 251.0
906 169.0
907 169.0
908 169.0
909 169.0
910 251.0
911 169.0
912 32.0
913 169.0
914 169.0
915 169.0
916 267.0
917 483.0
918 1222.0
919 251.0
920 169.0
921 169.0
922 169.0
923 779.0
924 169.0
925 315.0
926 169.0
927 459.0
928 490.0
929 203.0
930 169.0
931 169.0
932 169.0
933 203.0
934 169.0
935 169.0
936 253.0
937 169.0
938 169.0
939 169.0
940 32.0
941 169.0
942 169.0
943 191.0
944 25.0
945 169.0
946 169.0
947 169.0
948 262.0
949 136.0
950 204.0
951 251.0
952 779.0
953 169.0
954 253.0
955 169.0
956 169.0
957 175.0
958 267.0
959 169.0
960 180.0
961 169.0
962 169.0
963 458.0
964 408.0
965 169.0
966 169.0
967 169.0
968 169.0
969 1222.0
970 273.0
971 169.0
972 251.0
973 169.0
974 493.0
975 169.0
976 267.0
977 30.0
978 267.0
979 169.0
980 169.0
981 169.0
982 169.0
983 169.0
984 169.0
985 169.0
986 169.0
987 251.0
988 175.0
989 204.0
990 169.0
991 169.0
992 779.0
993 32.0
994 191.0
995 169.0
996 155.0
997 540.0
998 169.0
999 262.0
1000 262.0
1001 174.0
1002 267.0
1003 523.0
1004 459.0
1005 169.0
1006 404.0
1007 169.0
1008 169.0
1009 169.0
1010 169.0
1011 180.0
1012 175.0
1013 251.0
1014 500.0
1015 459.0
1016 175.0
1017 262.0
1018 169.0
1019 169.0
1020 1222.0
1021 483.0
1022 169.0
1023 493.0
1024 169.0
1025 483.0
1026 169.0
1027 251.0
1028 169.0
1029 262.0
1030 169.0
1031 204.0
1032 180.0
1033 169.0
1034 169.0
1035 490.0
1036 169.0
1037 169.0
1038 267.0
1039 191.0
1040 169.0
1041 169.0
1042 169.0
1043 169.0
1044 98.0
1045 185.0
1046 169.0
1047 169.0
1048 253.0
1049 169.0
1050 169.0
1051 175.0
1052 169.0
1053 779.0
1054 523.0
1055 169.0
1056 251.0
1057 251.0
1058 252.0
1059 169.0
1060 169.0
1061 169.0
1062 175.0
1063 169.0
1064 169.0
1065 502.0
1066 169.0
1067 169.0
1068 169.0
1069 191.0
1070 169.0
1071 1222.0
1072 267.0
1073 169.0
1074 267.0
1075 169.0
1076 267.0
1077 169.0
1078 175.0
1079 251.0
1080 779.0
1081 483.0
1082 175.0
1083 169.0
1084 169.0
1085 169.0
1086 251.0
1087 169.0
1088 169.0
1089 169.0
1090 619.0
1091 169.0
1092 169.0
1093 175.0
1094 169.0
1095 169.0
1096 175.0
1097 252.0
1098 251.0
1099 169.0
1100 169.0
1101 175.0
1102 779.0
1103 169.0
1104 490.0
1105 755.0
1106 169.0
1107 169.0
1108 651.0
1109 459.0
1110 169.0
1111 169.0
1112 169.0
1113 267.0
1114 175.0
1115 169.0
1116 267.0
1117 459.0
1118 419.0
1119 174.0
1120 169.0
1121 169.0
1122 1222.0
1123 483.0
1124 169.0
1125 491.0
1126 169.0
1127 251.0
1128 169.0
1129 175.0
1130 175.0
1131 459.0
1132 483.0
1133 169.0
1134 169.0
1135 169.0
1136 169.0
1137 251.0
1138 169.0
1139 169.0
1140 38.0
1141 169.0
1142 169.0
1143 251.0
1144 169.0
1145 169.0
1146 169.0
1147 191.0
1148 169.0
1149 169.0
1150 251.0
1151 251.0
1152 253.0
1153 459.0
1154 169.0
1155 1221.0
1156 483.0
1157 253.0
1158 169.0
1159 169.0
1160 315.0
1161 175.0
1162 169.0
1163 169.0
1164 251.0
1165 175.0
1166 251.0
1167 498.0
1168 169.0
1169 169.0
1170 262.0
1171 169.0
1172 169.0
1173 1222.0
1174 459.0
1175 169.0
1176 253.0
1177 169.0
1178 169.0
1179 169.0
1180 315.0
1181 422.0
1182 169.0
1183 169.0
1184 38.0
1185 169.0
1186 169.0
1187 169.0
1188 169.0
1189 251.0
1190 169.0
1191 267.0
1192 315.0
1193 169.0
1194 169.0
1195 278.0
1196 169.0
1197 267.0
1198 43.0
1199 251.0
1200 169.0
1201 779.0
1202 169.0
1203 253.0
1204 779.0
1205 175.0
1206 267.0
1207 523.0
1208 262.0
1209 175.0
1210 267.0
1211 251.0
1212 175.0
1213 203.0
1214 169.0
1215 251.0
1216 315.0
1217 169.0
1218 267.0
1219 410.0
1220 169.0
1221 169.0
1222 169.0
1223 169.0
1224 1222.0
1225 459.0
1226 169.0
1227 419.0
1228 169.0
1229 1222.0
1230 169.0
1231 251.0
1232 169.0
1233 619.0
1234 251.0
1235 169.0
1236 169.0
1237 169.0
1238 175.0
1239 169.0
1240 169.0
1241 169.0
1242 459.0
1243 33.0
1244 169.0
1245 523.0
1246 38.0
1247 169.0
1248 169.0
1249 0.0
1250 459.0
1251 251.0
1252 169.0
1253 204.0
1254 175.0
1255 1222.0
1256 459.0
1257 779.0
1258 1221.0
1259 1221.0
1260 253.0
1261 251.0
1262 315.0
1263 169.0
1264 251.0
1265 459.0
1266 175.0
1267 315.0
1268 251.0
1269 267.0
1270 943.0
1271 251.0
1272 251.0
1273 459.0
1274 169.0
1275 1222.0
1276 419.0
1277 169.0
1278 523.0
1279 204.0
1280 251.0
1281 169.0
1282 1222.0
1283 169.0
1284 650.0
1285 169.0
1286 169.0
1287 169.0
1288 114.0
1289 169.0
1290 204.0
1291 459.0
1292 169.0
1293 44.0
1294 169.0
1295 204.0
1296 169.0
1297 169.0
1298 169.0
1299 169.0
1300 191.0
1301 175.0
1302 251.0
1303 779.0
1304 169.0
1305 169.0
1306 1222.0
1307 523.0
1308 1222.0
1309 755.0
1310 523.0
1311 169.0
1312 523.0
1313 315.0
1314 169.0
1315 169.0
1316 169.0
1317 315.0
1318 779.0
1319 252.0
1320 134.0
1321 267.0
1322 251.0
1323 204.0
1324 169.0
1325 169.0
1326 1222.0
1327 267.0
1328 204.0
1329 497.0
1330 204.0
1331 1222.0
1332 169.0
1333 267.0
1334 169.0
1335 169.0
1336 483.0
1337 1205.0
1338 169.0
1339 169.0
1340 169.0
1341 169.0
1342 251.0
1343 169.0
1344 459.0
1345 169.0
1346 169.0
1347 169.0
1348 169.0
1349 169.0
1350 267.0
1351 6.0
1352 32.0
1353 169.0
1354 253.0
1355 251.0
1356 169.0
1357 1222.0
1358 779.0
1359 1222.0
1360 169.0
1361 267.0
1362 175.0
1363 169.0
1364 459.0
1365 175.0
1366 203.0
1367 98.0
1368 1221.0
1369 251.0
1370 619.0
1371 246.0
1372 203.0
1373 169.0
1374 1221.0
1375 251.0
1376 169.0
1377 1222.0
1378 459.0
1379 169.0
1380 523.0
1381 203.0
1382 267.0
1383 169.0
1384 251.0
1385 169.0
1386 1141.0
1387 251.0
1388 169.0
1389 180.0
1390 169.0
1391 169.0
1392 169.0
1393 245.0
1394 169.0
1395 169.0
1396 169.0
1397 169.0
1398 169.0
1399 180.0
1400 32.0
1401 169.0
1402 251.0
1403 251.0
1404 267.0
1405 262.0
1406 158.0
1407 203.0
1408 779.0
1409 175.0
1410 1222.0
1411 523.0
1412 779.0
1413 98.0
1414 404.0
1415 251.0
1416 169.0
1417 779.0
1418 169.0
1419 251.0
1420 251.0
1421 755.0
1422 134.0
1423 203.0
1424 1222.0
1425 169.0
1426 6.0
1427 943.0
1428 1222.0
1429 169.0
1430 169.0
1431 523.0
1432 169.0
1433 267.0
1434 169.0
1435 251.0
1436 169.0
1437 459.0
1438 203.0
1439 169.0
1440 169.0
1441 169.0
1442 169.0
1443 251.0
1444 459.0
1445 169.0
1446 180.0
1447 523.0
1448 213.0
1449 169.0
1450 459.0
1451 32.0
1452 459.0
1453 203.0
1454 169.0
1455 251.0
1456 155.0
1457 204.0
1458 169.0
1459 1222.0
1460 523.0
1461 490.0
1462 483.0
1463 779.0
1464 779.0
1465 267.0
1466 315.0
1467 169.0
1468 169.0
1469 459.0
1470 175.0
1471 251.0
1472 490.0
1473 246.0
1474 251.0
1475 169.0
1476 267.0
1477 267.0
1478 169.0
1479 1222.0
1480 459.0
1481 169.0
1482 523.0
1483 169.0
1484 459.0
1485 169.0
1486 267.0
1487 169.0
1488 1221.0
1489 779.0
1490 169.0
1491 169.0
1492 169.0
1493 169.0
1494 1222.0
1495 1222.0
1496 169.0
1497 169.0
1498 169.0
1499 169.0
1500 169.0
1501 169.0
1502 175.0
1503 175.0
1504 169.0
1505 169.0
1506 490.0
1507 253.0
1508 169.0
1509 523.0
1510 1221.0
1511 779.0
1512 1222.0
1513 483.0
1514 523.0
1515 169.0
1516 169.0
1517 267.0
1518 169.0
1519 169.0
1520 169.0
1521 251.0
1522 315.0
1523 267.0
1524 500.0
1525 251.0
1526 267.0
1527 523.0
1528 169.0
1529 169.0
1530 1222.0
1531 315.0
1532 175.0
1533 1222.0
1534 204.0
1535 490.0
1536 169.0
1537 315.0
1538 169.0
1539 169.0
1540 169.0
1541 169.0
1542 180.0
1543 169.0
1544 251.0
1545 169.0
1546 251.0
1547 169.0
1548 619.0
1549 315.0
1550 98.0
1551 169.0
1552 169.0
1553 175.0
1554 175.0
1555 32.0
1556 169.0
1557 155.0
1558 251.0
1559 169.0
1560 169.0
1561 1221.0
1562 779.0
1563 779.0
1564 1221.0
1565 459.0
1566 169.0
1567 251.0
1568 459.0
1569 169.0
1570 175.0
1571 169.0
1572 251.0
1573 779.0
1574 267.0
1575 408.0
1576 169.0
1577 169.0
1578 1221.0
1579 169.0
1580 523.0
1581 1222.0
1582 169.0
1583 169.0
1584 251.0
1585 33.0
1586 267.0
1587 169.0
1588 404.0
1589 779.0
1590 1222.0
1591 490.0
1592 204.0
1593 169.0
1594 169.0
1595 169.0
1596 169.0
1597 523.0
1598 169.0
1599 169.0
1600 191.0
1601 755.0
1602 169.0
1603 459.0
1604 180.0
1605 315.0
1606 175.0
1607 169.0
1608 251.0
1609 952.0
1610 175.0
1611 169.0
1612 1221.0
1613 267.0
1614 1221.0
1615 169.0
1616 262.0
1617 267.0
1618 1222.0
1619 459.0
1620 169.0
1621 251.0
1622 169.0
1623 267.0
1624 251.0
1625 490.0
1626 523.0
1627 169.0
1628 251.0
1629 169.0
1630 251.0
1631 253.0
1632 1222.0
1633 253.0
1634 175.0
1635 1222.0
1636 169.0
1637 267.0
1638 169.0
1639 251.0
1640 169.0
1641 459.0
1642 459.0
1643 204.0
1644 169.0
1645 175.0
1646 203.0
1647 251.0
1648 779.0
1649 209.0
1650 169.0
1651 619.0
1652 169.0
1653 523.0
1654 267.0
1655 175.0
1656 175.0
1657 175.0
1658 169.0
1659 497.0
1660 523.0
1661 169.0
1662 169.0
1663 169.0
1664 175.0
1665 251.0
1666 483.0
1667 779.0
1668 169.0
1669 1141.0
1670 267.0
1671 32.0
1672 169.0
1673 169.0
1674 251.0
1675 483.0
1676 755.0
1677 779.0
1678 169.0
1679 251.0
1680 267.0
1681 267.0
1682 497.0
1683 1222.0
1684 253.0
1685 169.0
1686 416.0
1687 169.0
1688 523.0
1689 169.0
1690 267.0
1691 169.0
1692 1222.0
1693 169.0
1694 169.0
1695 169.0
1696 169.0
1697 169.0
1698 251.0
1699 497.0
1700 169.0
1701 755.0
1702 169.0
1703 169.0
1704 169.0
1705 169.0
1706 175.0
1707 175.0
1708 169.0
1709 169.0
1710 779.0
1711 497.0
1712 169.0
1713 273.0
1714 1222.0
1715 779.0
1716 490.0
1717 483.0
1718 779.0
1719 497.0
1720 404.0
1721 245.0
1722 169.0
1723 251.0
1724 169.0
1725 251.0
1726 267.0
1727 483.0
1728 267.0
1729 252.0
1730 169.0
1731 169.0
1732 267.0
1733 619.0
1734 1222.0
1735 169.0
1736 175.0
1737 459.0
1738 203.0
1739 1222.0
1740 169.0
1741 1222.0
1742 169.0
1743 779.0
1744 779.0
1745 169.0
1746 175.0
1747 175.0
1748 169.0
1749 169.0
1750 267.0
1751 169.0
1752 619.0
1753 619.0
1754 32.0
1755 169.0
1756 98.0
1757 32.0
1758 169.0
1759 32.0
1760 169.0
1761 169.0
1762 779.0
1763 158.0
1764 169.0
1765 262.0
1766 169.0
1767 1222.0
1768 779.0
1769 779.0
1770 251.0
1771 404.0
1772 245.0
1773 175.0
1774 169.0
1775 169.0
1776 267.0
1777 267.0
1778 267.0
1779 952.0
1780 169.0
1781 169.0
1782 1221.0
1783 169.0
1784 779.0
1785 1222.0
1786 169.0
1787 175.0
1788 497.0
1789 169.0
1790 1221.0
1791 169.0
1792 251.0
1793 779.0
1794 1141.0
1795 490.0
1796 169.0
1797 459.0
1798 169.0
1799 169.0
1800 251.0
1801 267.0
1802 169.0
1803 373.0
1804 169.0
1805 169.0
1806 169.0
1807 169.0
1808 180.0
1809 175.0
1810 175.0
1811 459.0
1812 267.0
1813 1221.0
1814 169.0
1815 169.0
1816 779.0
1817 175.0
1818 1221.0
1819 779.0
1820 779.0
1821 169.0
1822 404.0
1823 229.0
1824 169.0
1825 169.0
1826 169.0
1827 267.0
1828 251.0
1829 779.0
1830 523.0
1831 169.0
1832 175.0
1833 490.0
1834 251.0
1835 490.0
1836 1222.0
1837 253.0
1838 169.0
1839 1222.0
1840 169.0
1841 779.0
1842 169.0
1843 267.0
1844 251.0
1845 1222.0
1846 779.0
1847 204.0
1848 169.0
1849 169.0
1850 169.0
1851 169.0
1852 779.0
1853 364.0
1854 169.0
1855 315.0
1856 169.0
1857 169.0
1858 169.0
1859 180.0
1860 169.0
1861 235.0
1862 169.0
1863 251.0
1864 267.0
1865 169.0
1866 253.0
1867 169.0
1868 169.0
1869 1221.0
1870 755.0
1871 779.0
1872 175.0
1873 169.0
1874 251.0
1875 169.0
1876 169.0
1877 169.0
1878 251.0
1879 491.0
1880 490.0
1881 267.0
1882 169.0
1883 175.0
1884 169.0
1885 315.0
1886 267.0
1887 1222.0
1888 483.0
1889 175.0
1890 950.0
1891 169.0
1892 779.0
1893 169.0
1894 256.0
1895 169.0
1896 779.0
1897 169.0
1898 169.0
1899 169.0
1900 38.0
1901 169.0
1902 33.0
1903 779.0
1904 169.0
1905 523.0
1906 315.0
1907 169.0
1908 169.0
1909 253.0
1910 175.0
1911 175.0
1912 235.0
1913 779.0
1914 169.0
1915 779.0
1916 169.0
1917 404.0
1918 262.0
1919 779.0
1920 251.0
1921 523.0
1922 1205.0
1923 175.0
1924 1221.0
1925 315.0
1926 32.0
1927 169.0
1928 169.0
1929 175.0
1930 779.0
1931 267.0
1932 267.0
1933 459.0
1934 169.0
1935 169.0
1936 267.0
1937 943.0
1938 1222.0
1939 169.0
1940 169.0
1941 1222.0
1942 169.0
1943 779.0
1944 169.0
1945 32.0
1946 169.0
1947 267.0
1948 523.0
1949 169.0
1950 180.0
1951 175.0
1952 251.0
1953 169.0
1954 267.0
1955 169.0
1956 1221.0
1957 32.0
1958 169.0
1959 523.0
1960 251.0
1961 175.0
1962 175.0
1963 175.0
1964 169.0
1965 38.0
1966 497.0
1967 169.0
1968 169.0
1969 1222.0
1970 175.0
1971 252.0
1972 169.0
1973 262.0
1974 44.0
1975 251.0
1976 169.0
1977 169.0
1978 169.0
1979 169.0
1980 267.0
1981 779.0
1982 779.0
1983 408.0
1984 169.0
1985 169.0
1986 1222.0
1987 169.0
1988 490.0
1989 1222.0
1990 459.0
1991 175.0
1992 490.0
1993 203.0
1994 459.0
1995 169.0
1996 203.0
1997 169.0
1998 416.0
1999 490.0
2000 169.0
2001 169.0
2002 492.0
2003 203.0
2004 251.0
2005 779.0
2006 169.0
2007 779.0
2008 169.0
2009 169.0
2010 169.0
2011 267.0
2012 180.0
2013 267.0
2014 169.0
2015 169.0
2016 169.0
2017 169.0
2018 203.0
2019 169.0
2020 169.0
2021 169.0
2022 267.0
2023 483.0
2024 25.0
2025 169.0
2026 267.0
2027 251.0
2028 1221.0
2029 169.0
2030 169.0
2031 204.0
2032 490.0
2033 136.0
2034 952.0
2035 169.0
2036 169.0
2037 1222.0
2038 267.0
2039 267.0
2040 1222.0
2041 779.0
2042 169.0
2043 459.0
2044 169.0
2045 779.0
2046 169.0
2047 175.0
2048 523.0
2049 267.0
2050 136.0
2051 169.0
2052 169.0
2053 253.0
2054 523.0
2055 169.0
2056 490.0
2057 169.0
2058 267.0
2059 169.0
2060 949.0
2061 523.0
2062 267.0
2063 32.0
2064 175.0
2065 203.0
2066 169.0
2067 251.0
2068 779.0
2069 169.0
2070 169.0
2071 169.0
2072 779.0
2073 490.0
2074 779.0
2075 252.0
2076 169.0
2077 1141.0
2078 251.0
2079 169.0
2080 267.0
2081 169.0
2082 175.0
2083 779.0
2084 755.0
2085 952.0
2086 169.0
2087 33.0
2088 1221.0
2089 267.0
2090 459.0
2091 1222.0
2092 779.0
2093 175.0
2094 1222.0
2095 169.0
2096 459.0
2097 169.0
2098 267.0
2099 169.0
2100 1221.0
2101 483.0
2102 169.0
2103 180.0
2104 490.0
2105 169.0
2106 203.0
2107 1222.0
2108 169.0
2109 267.0
2110 315.0
2111 169.0
2112 175.0
2113 1222.0
2114 175.0
2115 169.0
2116 169.0
2117 175.0
2118 267.0
2119 1222.0
2120 493.0
2121 169.0
2122 459.0
2123 1221.0
2124 251.0
2125 523.0
2126 459.0
2127 169.0
2128 1222.0
2129 267.0
2130 169.0
2131 204.0
2132 169.0
2133 267.0
2134 483.0
2135 755.0
2136 952.0
2137 169.0
2138 38.0
2139 1222.0
2140 459.0
2141 779.0
2142 1222.0
2143 483.0
2144 175.0
2145 251.0
2146 204.0
2147 779.0
2148 169.0
2149 32.0
2150 169.0
2151 1221.0
2152 483.0
2153 169.0
2154 169.0
2155 459.0
2156 490.0
2157 152.0
2158 1222.0
2159 169.0
2160 779.0
2161 180.0
2162 169.0
2163 169.0
2164 1222.0
2165 175.0
2166 175.0
2167 169.0
2168 252.0
2169 175.0
2170 267.0
2171 169.0
2172 251.0
2173 523.0
2174 1221.0
2175 1222.0
2176 779.0
2177 459.0
2178 169.0
2179 490.0
2180 315.0
2181 169.0
2182 483.0
2183 169.0
2184 169.0
2185 779.0
2186 779.0
2187 1222.0
2188 169.0
2189 169.0
2190 490.0
2191 169.0
2192 169.0
2193 1222.0
2194 483.0
2195 175.0
2196 779.0
2197 169.0
2198 1222.0
2199 169.0
2200 267.0
2201 169.0
2202 1222.0
2203 245.0
2204 169.0
2205 203.0
2206 267.0
2207 251.0
2208 251.0
2209 1222.0
2210 169.0
2211 1222.0
2212 169.0
2213 169.0
2214 169.0
2215 1222.0
2216 169.0
2217 175.0
2218 267.0
2219 180.0
2220 251.0
2221 497.0
2222 38.0
2223 251.0
2224 779.0
2225 1222.0
2226 1221.0
2227 755.0
2228 252.0
2229 169.0
2230 1222.0
2231 267.0
2232 169.0
2233 169.0
2234 169.0
2235 1222.0
2236 490.0
2237 523.0
2238 267.0
2239 169.0
2240 169.0
2241 267.0
2242 169.0
2243 253.0
2244 1222.0
2245 779.0
2246 175.0
2247 457.0
2248 169.0
2249 779.0
2250 169.0
2251 315.0
2252 169.0
2253 267.0
2254 779.0
2255 169.0
2256 459.0
2257 490.0
2258 267.0
2259 203.0
2260 779.0
2261 169.0
2262 779.0
2263 619.0
2264 169.0
2265 755.0
2266 1222.0
2267 169.0
2268 175.0
2269 203.0
2270 416.0
2271 38.0
2272 267.0
2273 175.0
2274 180.0
2275 169.0
2276 950.0
2277 1222.0
2278 755.0
2279 252.0
2280 169.0
2281 267.0
2282 267.0
2283 1221.0
2284 169.0
2285 169.0
2286 408.0
2287 779.0
2288 1222.0
2289 267.0
2290 169.0
2291 175.0
2292 1221.0
2293 169.0
2294 779.0
2295 1222.0
2296 779.0
2297 175.0
2298 251.0
2299 755.0
2300 459.0
2301 169.0
2302 251.0
2303 169.0
2304 1221.0
2305 483.0
2306 459.0
2307 169.0
2308 490.0
2309 267.0
2310 203.0
2311 1222.0
2312 169.0
2313 779.0
2314 523.0
2315 169.0
2316 169.0
2317 1222.0
2318 175.0
2319 251.0
2320 315.0
2321 169.0
2322 169.0
2323 267.0
2324 1222.0
2325 267.0
2326 779.0
2327 1222.0
2328 490.0
2329 779.0
2330 779.0
2331 251.0
2332 267.0
2333 459.0
2334 169.0
2335 251.0
2336 169.0
2337 1222.0
2338 267.0
2339 1222.0
2340 523.0
2341 267.0
2342 32.0
2343 490.0
2344 169.0
2345 169.0
2346 1222.0
2347 779.0
2348 175.0
2349 251.0
2350 169.0
2351 779.0
2352 169.0
2353 251.0
2354 169.0
2355 1222.0
2356 251.0
2357 169.0
2358 169.0
2359 267.0
2360 523.0
2361 203.0
2362 1222.0
2363 169.0
2364 779.0
2365 252.0
2366 169.0
2367 523.0
2368 1221.0
2369 103.0
2370 175.0
2371 169.0
2372 251.0
2373 251.0
2374 497.0
2375 493.0
2376 491.0
2377 1221.0
2378 1221.0
2379 1221.0
2380 755.0
2381 779.0
2382 169.0
2383 404.0
2384 267.0
2385 251.0
2386 251.0
2387 169.0
2388 491.0
2389 779.0
2390 1222.0
2391 267.0
2392 169.0
2393 169.0
2394 490.0
2395 251.0
2396 943.0
2397 1222.0
2398 459.0
2399 175.0
2400 523.0
2401 169.0
2402 459.0
2403 169.0
2404 175.0
2405 169.0
2406 1222.0
2407 779.0
2408 169.0
2409 33.0
2410 490.0
2411 523.0
2412 251.0
2413 1221.0
2414 169.0
2415 459.0
2416 948.0
2417 169.0
2418 523.0
2419 1222.0
2420 180.0
2421 169.0
2422 251.0
2423 169.0
2424 1222.0
2425 497.0
2426 175.0
2427 251.0
2428 169.0
2429 950.0
2430 1221.0
2431 779.0
2432 459.0
2433 169.0
2434 651.0
2435 251.0
2436 169.0
2437 169.0
2438 169.0
2439 408.0
2440 779.0
2441 779.0
2442 267.0
2443 459.0
2444 175.0
2445 1222.0
2446 267.0
2447 779.0
2448 1222.0
2449 483.0
2450 175.0
2451 497.0
2452 169.0
2453 779.0
2454 169.0
2455 267.0
2456 169.0
2457 1222.0
2458 779.0
2459 169.0
2460 169.0
2461 490.0
2462 267.0
2463 204.0
2464 1221.0
2465 169.0
2466 459.0
2467 315.0
2468 169.0
2469 169.0
2470 1222.0
2471 169.0
2472 169.0
2473 235.0
2474 490.0
2475 169.0
2476 1222.0
2477 267.0
2478 169.0
2479 779.0
2480 1222.0
2481 1222.0
2482 779.0
2483 779.0
2484 169.0
2485 619.0
2486 651.0
2487 169.0
2488 251.0
2489 169.0
2490 169.0
2491 779.0
2492 755.0
2493 134.0
2494 169.0
2495 175.0
2496 490.0
2497 252.0
2498 459.0
2499 1222.0
2500 483.0
2501 175.0
2502 251.0
2503 169.0
2504 779.0
2505 169.0
2506 180.0
2507 169.0
2508 1222.0
2509 779.0
2510 169.0
2511 169.0
2512 404.0
2513 159.0
2514 204.0
2515 1222.0
2516 169.0
2517 169.0
2518 169.0
2519 169.0
2520 755.0
2521 1221.0
2522 175.0
2523 459.0
2524 169.0
2525 169.0
2526 267.0
2527 267.0
2528 414.0
2529 490.0
2530 1222.0
2531 1221.0
2532 1222.0
2533 755.0
2534 779.0
2535 169.0
2536 404.0
2537 225.0
2538 169.0
2539 262.0
2540 169.0
2541 779.0
2542 779.0
2543 1222.0
2544 1222.0
2545 755.0
2546 169.0
2547 1222.0
2548 459.0
2549 273.0
2550 1222.0
2551 779.0
2552 175.0
2553 523.0
2554 404.0
2555 1221.0
2556 169.0
2557 175.0
2558 169.0
2559 1222.0
2560 1222.0
2561 169.0
2562 169.0
2563 490.0
2564 523.0
2565 242.0
2566 1222.0
2567 169.0
2568 779.0
2569 948.0
2570 169.0
2571 523.0
2572 1221.0
2573 169.0
2574 267.0
2575 203.0
2576 1222.0
2577 251.0
2578 497.0
2579 169.0
2580 779.0
2581 267.0
2582 1221.0
2583 1222.0
2584 755.0
2585 950.0
2586 169.0
2587 1222.0
2588 459.0
2589 169.0
2590 169.0
2591 169.0
2592 169.0
2593 267.0
2594 1222.0
2595 267.0
2596 251.0
2597 169.0
2598 1222.0
2599 267.0
2600 273.0
2601 1222.0
2602 459.0
2603 175.0
2604 251.0
2605 169.0
2606 779.0
2607 169.0
2608 169.0
2609 169.0
2610 1222.0
2611 779.0
2612 169.0
2613 169.0
2614 404.0
2615 267.0
2616 204.0
2617 1222.0
2618 169.0
2619 619.0
2620 169.0
2621 1221.0
2622 1221.0
2623 490.0
2624 169.0
2625 169.0
2626 251.0
2627 523.0
2628 1222.0
2629 1222.0
2630 169.0
2631 267.0
2632 779.0
2633 779.0
2634 1222.0
2635 779.0
2636 950.0
2637 169.0
2638 1034.0
2639 251.0
2640 175.0
2641 267.0
2642 169.0
2643 169.0
2644 779.0
2645 1222.0
2646 952.0
2647 169.0
2648 175.0
2649 490.0
2650 413.0
2651 169.0
2652 1222.0
2653 779.0
2654 175.0
2655 1222.0
2656 169.0
2657 483.0
2658 169.0
2659 251.0
2660 169.0
2661 779.0
2662 779.0
2663 169.0
2664 203.0
2665 404.0
2666 523.0
2667 203.0
2668 779.0
2669 169.0
2670 1209.0
2671 490.0
2672 169.0
2673 1222.0
2674 1222.0
2675 169.0
2676 315.0
2677 169.0
2678 169.0
2679 459.0
2680 459.0
2681 497.0
2682 1222.0
2683 1221.0
2684 175.0
2685 1222.0
2686 779.0
2687 779.0
2688 169.0
2689 651.0
2690 523.0
2691 169.0
2692 459.0
2693 169.0
2694 169.0
2695 1222.0
2696 1221.0
2697 1222.0
2698 169.0
2699 175.0
2700 267.0
2701 251.0
2702 1077.0
2703 1222.0
2704 169.0
2705 175.0
2706 416.0
2707 169.0
2708 779.0
2709 169.0
2710 267.0
2711 169.0
2712 1222.0
2713 1221.0
2714 169.0
2715 169.0
2716 253.0
2717 169.0
2718 204.0
2719 779.0
2720 169.0
2721 169.0
2722 950.0
2723 169.0
2724 1222.0
2725 1221.0
2726 497.0
2727 315.0
2728 169.0
2729 203.0
2730 779.0
2731 267.0
2732 251.0
2733 1222.0
2734 1222.0
2735 779.0
2736 1222.0
2737 483.0
2738 1222.0
2739 169.0
2740 1221.0
2741 523.0
2742 169.0
2743 262.0
2744 169.0
2745 1222.0
2746 267.0
2747 523.0
2748 267.0
2749 169.0
2750 169.0
2751 1222.0
2752 251.0
2753 169.0
2754 1222.0
2755 483.0
2756 175.0
2757 1222.0
2758 169.0
2759 779.0
2760 169.0
2761 315.0
2762 169.0
2763 779.0
2764 779.0
2765 169.0
2766 180.0
2767 253.0
2768 523.0
2769 169.0
2770 1222.0
2771 169.0
2772 169.0
2773 619.0
2774 169.0
2775 779.0
2776 490.0
2777 169.0
2778 169.0
2779 220.0
2780 1221.0
2781 267.0
2782 497.0
2783 169.0
2784 267.0
2785 1222.0
2786 779.0
2787 1222.0
2788 169.0
2789 169.0
2790 169.0
2791 404.0
2792 169.0
2793 490.0
2794 267.0
2795 169.0
2796 169.0
2797 497.0
2798 1221.0
2799 952.0
2800 169.0
2801 175.0
2802 497.0
2803 169.0
2804 262.0
2805 1222.0
2806 483.0
2807 175.0
2808 251.0
2809 267.0
2810 1222.0
2811 169.0
2812 251.0
2813 169.0
2814 779.0
2815 1222.0
2816 175.0
2817 169.0
2818 404.0
2819 267.0
2820 204.0
2821 1222.0
2822 169.0
2823 373.0
2824 1139.0
2825 1221.0
2826 755.0
2827 1222.0
2828 267.0
2829 169.0
2830 104.0
2831 175.0
2832 1222.0
2833 497.0
2834 169.0
2835 404.0
2836 779.0
2837 104.0
2838 1221.0
2839 755.0
2840 253.0
2841 169.0
2842 267.0
2843 315.0
2844 169.0
2845 779.0
2846 779.0
2847 169.0
2848 1074.0
2849 755.0
2850 1222.0
2851 169.0
2852 175.0
2853 175.0
2854 169.0
2855 779.0
2856 1222.0
2857 779.0
2858 175.0
2859 523.0
2860 169.0
2861 779.0
2862 169.0
2863 251.0
2864 408.0
2865 1222.0
2866 779.0
2867 267.0
2868 169.0
2869 267.0
2870 1221.0
2871 267.0
2872 1222.0
2873 169.0
2874 1015.0
2875 315.0
2876 169.0
2877 1222.0
2878 1221.0
2879 169.0
2880 315.0
2881 169.0
2882 404.0
2883 779.0
2884 523.0
2885 175.0
2886 267.0
2887 779.0
2888 175.0
2889 490.0
2890 755.0
2891 459.0
2892 169.0
2893 1222.0
2894 225.0
2895 175.0
2896 490.0
2897 169.0
2898 175.0
2899 779.0
2900 1222.0
2901 267.0
2902 779.0
2903 175.0
2904 490.0
2905 180.0
2906 459.0
2907 1222.0
2908 779.0
2909 175.0
2910 416.0
2911 169.0
2912 1221.0
2913 169.0
2914 315.0
2915 169.0
2916 1222.0
2917 779.0
2918 169.0
2919 169.0
2920 169.0
2921 523.0
2922 204.0
2923 1222.0
2924 169.0
2925 373.0
2926 38.0
2927 949.0
2928 1222.0
2929 1221.0
2930 169.0
2931 315.0
2932 169.0
2933 435.0
2934 267.0
2935 267.0
2936 169.0
2937 404.0
2938 1222.0
2939 950.0
2940 1222.0
2941 779.0
2942 169.0
2943 497.0
2944 1222.0
2945 175.0
2946 169.0
2947 169.0
2948 169.0
2949 169.0
2950 779.0
2951 1222.0
2952 779.0
2953 169.0
2954 251.0
2955 490.0
2956 169.0
2957 1077.0
2958 1222.0
2959 483.0
2960 175.0
2961 251.0
2962 169.0
2963 459.0
2964 169.0
2965 267.0
2966 169.0
2967 1221.0
2968 779.0
2969 267.0
2970 175.0
2971 267.0
2972 267.0
2973 169.0
2974 1222.0
2975 169.0
2976 497.0
2977 169.0
2978 459.0
2979 755.0
2980 1222.0
2981 490.0
2982 169.0
2983 459.0
2984 251.0
2985 267.0
2986 497.0
2987 169.0
2988 251.0
2989 169.0
2990 169.0
2991 1222.0
2992 779.0
2993 779.0
2994 169.0
2995 267.0
2996 225.0
2997 169.0
2998 483.0
2999 169.0
3000 169.0
3001 267.0
3002 1222.0
3003 952.0
3004 169.0
3005 175.0
3006 267.0
3007 169.0
3008 1077.0
3009 1222.0
3010 459.0
3011 175.0
3012 251.0
3013 169.0
3014 779.0
3015 169.0
3016 203.0
3017 169.0
3018 1221.0
3019 779.0
3020 169.0
3021 169.0
3022 1222.0
3023 267.0
3024 242.0
3025 779.0
3026 169.0
3027 1141.0
3028 169.0
3029 169.0
3030 1222.0
3031 1222.0
3032 169.0
3033 169.0
3034 203.0
3035 169.0
3036 779.0
3037 497.0
3038 175.0
3039 267.0
3040 1222.0
3041 169.0
3042 1221.0
3043 755.0
3044 779.0
3045 169.0
3046 1222.0
3047 245.0
3048 1221.0
3049 779.0
3050 169.0
3051 169.0
3052 1222.0
3053 1222.0
3054 267.0
3055 251.0
3056 175.0
3057 497.0
3058 186.0
3059 267.0
3060 1222.0
3061 169.0
3062 175.0
3063 523.0
3064 169.0
3065 1222.0
3066 169.0
3067 1222.0
3068 169.0
3069 267.0
3070 1222.0
3071 267.0
3072 169.0
3073 1222.0
3074 1222.0
3075 251.0
3076 1222.0
3077 169.0
3078 619.0
3079 169.0
3080 779.0
3081 1222.0
3082 1221.0
3083 169.0
3084 169.0
3085 203.0
3086 315.0
3087 779.0
3088 1222.0
3089 169.0
3090 267.0
3091 1221.0
3092 175.0
3093 252.0
3094 779.0
3095 169.0
3096 169.0
3097 1222.0
3098 779.0
3099 175.0
3100 251.0
3101 483.0
3102 169.0
3103 1222.0
3104 779.0
3105 779.0
3106 459.0
3107 175.0
3108 267.0
3109 251.0
3110 943.0
3111 1222.0
3112 459.0
3113 175.0
3114 169.0
3115 169.0
3116 779.0
3117 169.0
3118 169.0
3119 169.0
3120 1221.0
3121 1222.0
3122 481.0
3123 169.0
3124 267.0
3125 490.0
3126 204.0
3127 1222.0
3128 169.0
3129 1221.0
3130 169.0
3131 949.0
3132 1222.0
3133 1222.0
3134 169.0
3135 169.0
3136 169.0
3137 175.0
3138 251.0
3139 267.0
3140 169.0
3141 1221.0
3142 1222.0
3143 175.0
3144 1221.0
3145 779.0
3146 779.0
3147 169.0
3148 1222.0
3149 251.0
3150 175.0
3151 251.0
3152 315.0
3153 169.0
3154 267.0
3155 1222.0
3156 952.0
3157 169.0
3158 169.0
3159 267.0
3160 169.0
3161 262.0
3162 1222.0
3163 459.0
3164 175.0
3165 98.0
3166 779.0
3167 779.0
3168 169.0
3169 203.0
3170 169.0
3171 1221.0
3172 779.0
3173 251.0
3174 169.0
3175 404.0
3176 267.0
3177 251.0
3178 1222.0
3179 169.0
3180 262.0
3181 169.0
3182 1221.0
3183 755.0
3184 1222.0
3185 169.0
3186 169.0
3187 169.0
3188 169.0
3189 1222.0
3190 1222.0
3191 169.0
3192 251.0
3193 169.0
3194 169.0
3195 1222.0
3196 755.0
3197 169.0
3198 169.0
3199 267.0
3200 251.0
3201 169.0
3202 252.0
3203 404.0
3204 169.0
3205 267.0
3206 1222.0
3207 1222.0
3208 1222.0
3209 175.0
3210 1222.0
3211 487.0
3212 459.0
3213 1222.0
3214 459.0
3215 175.0
3216 459.0
3217 169.0
3218 779.0
3219 169.0
3220 180.0
3221 408.0
3222 267.0
3223 1222.0
3224 175.0
3225 175.0
3226 404.0
3227 1222.0
3228 204.0
3229 1222.0
3230 169.0
3231 267.0
3232 169.0
3233 169.0
3234 1222.0
3235 1221.0
3236 175.0
3237 169.0
3238 203.0
3239 523.0
3240 459.0
3241 497.0
3242 169.0
3243 169.0
3244 779.0
3245 169.0
3246 490.0
3247 1222.0
3248 169.0
3249 267.0
3250 267.0
3251 459.0
3252 169.0
3253 169.0
3254 169.0
3255 169.0
3256 490.0
3257 1222.0
3258 779.0
3259 169.0
3260 175.0
3261 497.0
3262 186.0
3263 169.0
3264 1222.0
3265 779.0
3266 175.0
3267 523.0
3268 169.0
3269 416.0
3270 169.0
3271 251.0
3272 169.0
3273 1222.0
3274 1222.0
3275 136.0
3276 490.0
3277 267.0
3278 523.0
3279 251.0
3280 1222.0
3281 169.0
3282 523.0
3283 32.0
3284 1221.0
3285 1222.0
3286 490.0
3287 169.0
3288 169.0
3289 169.0
3290 414.0
3291 251.0
3292 267.0
3293 169.0
3294 169.0
3295 459.0
3296 175.0
3297 1222.0
3298 779.0
3299 779.0
3300 175.0
3301 1222.0
3302 267.0
3303 0.0
3304 779.0
3305 404.0
3306 169.0
3307 267.0
3308 1222.0
3309 952.0
3310 459.0
3311 175.0
3312 779.0
3313 251.0
3314 1077.0
3315 1222.0
3316 459.0
3317 175.0
3318 203.0
3319 169.0
3320 169.0
3321 169.0
3322 169.0
3323 169.0
3324 1221.0
3325 779.0
3326 169.0
3327 169.0
3328 267.0
3329 1222.0
3330 251.0
3331 779.0
3332 251.0
3333 262.0
3334 33.0
3335 1221.0
3336 1222.0
3337 779.0
3338 169.0
3339 169.0
3340 1222.0
3341 459.0
3342 251.0
3343 267.0
3344 169.0
3345 169.0
3346 169.0
3347 169.0
3348 1222.0
3349 1222.0
3350 1222.0
3351 169.0
3352 1222.0
3353 251.0
3354 169.0
3355 491.0
3356 459.0
3357 169.0
3358 267.0
3359 1222.0
3360 779.0
3361 540.0
3362 175.0
3363 490.0
3364 169.0
3365 1077.0
3366 1222.0
3367 483.0
3368 175.0
3369 523.0
3370 169.0
3371 779.0
3372 169.0
3373 483.0
3374 408.0
3375 1222.0
3376 1222.0
3377 481.0
3378 169.0
3379 490.0
3380 1222.0
3381 204.0
3382 779.0
3383 204.0
3384 779.0
3385 169.0
3386 1222.0
3387 755.0
3388 1222.0
3389 175.0
3390 169.0
3391 483.0
3392 267.0
3393 459.0
3394 497.0
3395 169.0
3396 169.0
3397 1222.0
3398 169.0
3399 1222.0
3400 1221.0
3401 950.0
3402 169.0
3403 1221.0
3404 497.0
3405 32.0
3406 267.0
3407 169.0
3408 169.0
3409 1222.0
3410 779.0
3411 1222.0
3412 169.0
3413 175.0
3414 490.0
3415 487.0
3416 459.0
3417 1222.0
3418 483.0
3419 175.0
3420 950.0
3421 169.0
3422 459.0
3423 169.0
3424 169.0
3425 490.0
3426 267.0
3427 779.0
3428 175.0
3429 779.0
3430 404.0
3431 1222.0
3432 251.0
3433 1222.0
3434 404.0
3435 459.0
3436 169.0
3437 779.0
3438 1222.0
3439 1222.0
3440 175.0
3441 169.0
3442 169.0
3443 1222.0
3444 169.0
3445 779.0
3446 169.0
3447 490.0
3448 1222.0
3449 175.0
3450 779.0
3451 779.0
3452 950.0
3453 267.0
3454 1222.0
3455 267.0
3456 169.0
3457 267.0
3458 779.0
3459 169.0
3460 1222.0
3461 1222.0
3462 779.0
3463 540.0
3464 169.0
3465 1222.0
3466 229.0
3467 267.0
3468 1222.0
3469 779.0
3470 175.0
3471 203.0
3472 169.0
3473 169.0
3474 169.0
3475 169.0
3476 169.0
3477 1222.0
3478 779.0
3479 169.0
3480 169.0
3481 169.0
3482 490.0
3483 251.0
3484 1222.0
3485 169.0
3486 267.0
3487 175.0
3488 779.0
3489 952.0
3490 1222.0
3491 169.0
3492 169.0
3493 523.0
3494 459.0
3495 251.0
3496 1301.0
3497 169.0
3498 169.0
3499 459.0
3500 169.0
3501 490.0
3502 779.0
3503 779.0
3504 253.0
3505 1222.0
3506 952.0
3507 175.0
3508 251.0
3509 492.0
3510 169.0
3511 1222.0
3512 1222.0
3513 1222.0
3514 251.0
3515 175.0
3516 1222.0
3517 459.0
3518 779.0
3519 1301.0
3520 169.0
3521 175.0
3522 523.0
3523 169.0
3524 267.0
3525 169.0
3526 251.0
3527 169.0
3528 267.0
3529 1301.0
3530 169.0
3531 169.0
3532 619.0
3533 1209.0
3534 203.0
3535 267.0
3536 169.0
3537 267.0
3538 169.0
3539 459.0
3540 523.0
3541 267.0
3542 169.0
3543 169.0
3544 267.0
3545 169.0
3546 251.0
3547 523.0
3548 169.0
3549 459.0
3550 169.0
3551 38.0
3552 459.0
3553 755.0
3554 1209.0
3555 251.0
3556 755.0
3557 251.0
3558 32.0
3559 523.0
3560 1073.0
3561 523.0
3562 459.0
3563 755.0
3564 459.0
3565 267.0
3566 169.0
3567 755.0
3568 169.0
3569 943.0
3570 1301.0
3571 459.0
3572 175.0
3573 459.0
3574 169.0
3575 252.0
3576 169.0
3577 267.0
3578 1209.0
3579 1301.0
3580 523.0
3581 169.0
3582 169.0
3583 459.0
3584 497.0
3585 204.0
3586 755.0
3587 204.0
3588 267.0
3589 169.0
3590 267.0
3591 169.0
3592 267.0
3593 169.0
3594 169.0
3595 169.0
3596 459.0
3597 169.0
3598 267.0
3599 169.0
3600 169.0
3601 251.0
3602 169.0
3603 459.0
3604 1222.0
3605 169.0
3606 779.0
3607 755.0
3608 523.0
3609 169.0
3610 779.0
3611 169.0
3612 169.0
3613 459.0
3614 755.0
3615 755.0
3616 267.0
3617 175.0
3618 497.0
3619 251.0
3620 1077.0
3621 1301.0
3622 273.0
3623 175.0
3624 251.0
3625 169.0
3626 619.0
3627 169.0
3628 252.0
3629 267.0
3630 755.0
3631 755.0
3632 169.0
3633 267.0
3634 459.0
3635 459.0
3636 251.0
3637 755.0
3638 404.0
3639 523.0
3640 175.0
3641 267.0
3642 175.0
3643 416.0
3644 169.0
3645 169.0
3646 1301.0
3647 416.0
3648 169.0
3649 1222.0
3650 169.0
3651 169.0
3652 267.0
3653 169.0
3654 251.0
3655 459.0
3656 169.0
3657 267.0
3658 459.0
3659 459.0
3660 169.0
3661 251.0
3662 169.0
3663 175.0
3664 1222.0
3665 1222.0
3666 779.0
3667 267.0
3668 175.0
3669 523.0
3670 180.0
3671 1209.0
3672 1301.0
3673 779.0
3674 175.0
3675 523.0
3676 169.0
3677 169.0
3678 169.0
3679 251.0
3680 155.0
3681 755.0
3682 267.0
3683 169.0
3684 169.0
3685 1221.0
3686 952.0
3687 252.0
3688 267.0
3689 169.0
3690 779.0
3691 251.0
3692 952.0
3693 459.0
3694 459.0
3695 204.0
3696 315.0
3697 459.0
3698 459.0
3699 267.0
3700 523.0
3701 169.0
3702 169.0
3703 169.0
3704 175.0
3705 251.0
3706 755.0
3707 779.0
3708 779.0
3709 1222.0
3710 251.0
3711 0.0
3712 459.0
3713 459.0
3714 169.0
3715 459.0
3716 950.0
3717 779.0
3718 251.0
3719 175.0
3720 523.0
3721 169.0
3722 169.0
3723 1301.0
3724 169.0
3725 175.0
3726 523.0
3727 169.0
3728 1209.0
3729 169.0
3730 169.0
3731 267.0
3732 419.0
3733 755.0
3734 175.0
3735 169.0
3736 1221.0
3737 1222.0
3738 169.0
3739 459.0
3740 169.0
3741 416.0
3742 169.0
3743 755.0
3744 755.0
3745 490.0
3746 180.0
3747 315.0
3748 267.0
3749 169.0
3750 251.0
3751 755.0
3752 169.0
3753 459.0
3754 169.0
3755 169.0
3756 459.0
3757 493.0
3758 169.0
3759 523.0
3760 1301.0
3761 267.0
3762 169.0
3763 459.0
3764 459.0
3765 169.0
3766 459.0
3767 459.0
3768 267.0
3769 523.0
3770 175.0
3771 169.0
3772 169.0
3773 169.0
3774 1301.0
3775 483.0
3776 175.0
3777 204.0
3778 169.0
3779 619.0
3780 169.0
3781 203.0
3782 1209.0
3783 779.0
3784 755.0
3785 169.0
3786 1308.0
3787 413.0
3788 523.0
3789 169.0
3790 755.0
3791 169.0
3792 459.0
3793 315.0
3794 1301.0
3795 175.0
3796 490.0
3797 175.0
3798 169.0
3799 459.0
3800 267.0
3801 490.0
3802 1222.0
3803 169.0
3804 169.0
3805 136.0
3806 169.0
3807 251.0
3808 1301.0
3809 251.0
3810 169.0
3811 755.0
3812 459.0
3813 169.0
3814 262.0
3815 169.0
3816 459.0
3817 459.0
3818 267.0
3819 1301.0
3820 267.0
3821 175.0
3822 1222.0
3823 186.0
3824 779.0
3825 1308.0
3826 273.0
3827 169.0
3828 204.0
3829 169.0
3830 619.0
3831 169.0
3832 251.0
3833 155.0
3834 523.0
3835 1308.0
3836 169.0
3837 169.0
3838 413.0
3839 523.0
3840 251.0
3841 267.0
3842 169.0
3843 952.0
3844 175.0
3845 267.0
3846 1221.0
3847 1209.0
3848 175.0
3849 169.0
3850 459.0
3851 523.0
3852 459.0
3853 779.0
3854 169.0
3855 203.0
3856 169.0
3857 169.0
3858 251.0
3859 523.0
3860 459.0
3861 267.0
3862 1308.0
3863 251.0
3864 169.0
3865 523.0
3866 267.0
3867 952.0
3868 459.0
3869 1209.0
3870 1209.0
3871 1222.0
3872 175.0
3873 459.0
3874 267.0
3875 779.0
3876 1308.0
3877 459.0
3878 175.0
3879 251.0
3880 169.0
3881 175.0
3882 169.0
3883 267.0
3884 267.0
3885 1301.0
3886 419.0
3887 169.0
3888 169.0
3889 251.0
3890 267.0
3891 251.0
3892 267.0
3893 169.0
3894 262.0
3895 459.0
3896 755.0
3897 267.0
3898 1222.0
3899 169.0
3900 169.0
3901 416.0
3902 1209.0
3903 459.0
3904 755.0
3905 169.0
3906 497.0
3907 779.0
3908 180.0
3909 416.0
3910 1222.0
3911 523.0
3912 523.0
3913 267.0
3914 251.0
3915 169.0
3916 267.0
3917 267.0
3918 235.0
3919 267.0
3920 952.0
3921 1308.0
3922 252.0
3923 175.0
3924 204.0
3925 169.0
3926 523.0
3927 1308.0
3928 779.0
3929 175.0
3930 523.0
3931 169.0
3932 33.0
3933 169.0
3934 267.0
3935 267.0
3936 419.0
3937 755.0
3938 169.0
3939 169.0
3940 413.0
3941 1222.0
3942 203.0
3943 952.0
3944 169.0
3945 267.0
3946 169.0
3947 755.0
3948 755.0
3949 267.0
3950 204.0
3951 169.0
3952 459.0
3953 497.0
3954 755.0
3955 755.0
3956 169.0
3957 619.0
3958 251.0
3959 175.0
3960 267.0
3961 267.0
3962 253.0
3963 267.0
3964 1308.0
3965 523.0
3966 169.0
3967 267.0
3968 169.0
3969 651.0
3970 1301.0
3971 251.0
3972 459.0
3973 267.0
3974 175.0
3975 523.0
3976 267.0
3977 1209.0
3978 1308.0
3979 483.0
3980 175.0
3981 1209.0
3982 169.0
3983 251.0
3984 169.0
3985 315.0
3986 169.0
3987 755.0
3988 755.0
3989 169.0
3990 252.0
3991 651.0
3992 490.0
3993 203.0
3994 459.0
3995 404.0
3996 523.0
3997 315.0
3998 952.0
3999 1308.0
4000 459.0
4001 169.0
4002 169.0
4003 169.0
4004 497.0
4005 204.0
4006 459.0
4007 169.0
4008 251.0
4009 169.0
4010 169.0
4011 251.0
4012 1209.0
4013 779.0
4014 267.0
4015 1209.0
4016 186.0
4017 169.0
4018 779.0
4019 169.0
4020 169.0
4021 459.0
4022 1209.0
4023 1308.0
4024 523.0
4025 175.0
4026 1202.0
4027 229.0
4028 952.0
4029 1308.0
4030 273.0
4031 175.0
4032 251.0
4033 169.0
4034 619.0
4035 169.0
4036 404.0
4037 169.0
4038 1141.0
4039 755.0
4040 169.0
4041 169.0
4042 38.0
4043 523.0
4044 251.0
4045 267.0
4046 169.0
4047 419.0
4048 169.0
4049 459.0
4050 459.0
4051 755.0
4052 169.0
4053 169.0
4054 459.0
4055 459.0
4056 459.0
4057 267.0
4058 169.0
4059 251.0
4060 779.0
4061 30.0
4062 952.0
4063 1308.0
4064 952.0
4065 459.0
4066 952.0
4067 169.0
4068 169.0
4069 416.0
4070 169.0
4071 952.0
4072 1222.0
4073 1209.0
4074 952.0
4075 251.0
4076 175.0
4077 169.0
4078 487.0
4079 523.0
4080 1308.0
4081 1209.0
4082 175.0
4083 619.0
4084 948.0
4085 169.0
4086 169.0
4087 251.0
4088 1301.0
4089 1301.0
4090 419.0
4091 169.0
4092 169.0
4093 32.0
4094 459.0
4095 169.0
4096 1222.0
4097 169.0
4098 490.0
4099 267.0
4100 755.0
4101 1308.0
4102 459.0
4103 1222.0
4104 169.0
4105 267.0
4106 1209.0
4107 416.0
4108 1308.0
4109 169.0
4110 416.0
4111 251.0
4112 169.0
4113 1308.0
4114 267.0
4115 1222.0
4116 267.0
4117 267.0
4118 523.0
4119 169.0
4120 267.0
4121 169.0
4122 779.0
4123 1308.0
4124 497.0
4125 1308.0
4126 523.0
4127 169.0
4128 490.0
4129 267.0
4130 416.0
4131 1308.0
4132 169.0
4133 175.0
4134 459.0
4135 169.0
4136 416.0
4137 169.0
4138 175.0
4139 267.0
4140 459.0
4141 1308.0
4142 169.0
4143 169.0
4144 651.0
4145 1222.0
4146 169.0
4147 1301.0
4148 169.0
4149 1209.0
4150 169.0
4151 952.0
4152 952.0
4153 459.0
4154 32.0
4155 169.0
4156 459.0
4157 1308.0
4158 459.0
4159 1209.0
4160 169.0
4161 523.0
4162 251.0
4163 169.0
4164 1308.0
4165 952.0
4166 497.0
4167 459.0
4168 267.0
4169 251.0
4170 169.0
4171 497.0
4172 169.0
4173 523.0
4174 459.0
4175 459.0
4176 459.0
4177 155.0
4178 175.0
4179 169.0
4180 755.0
4181 779.0
4182 1308.0
4183 952.0
4184 175.0
4185 404.0
4186 169.0
4187 779.0
4188 169.0
4189 175.0
4190 169.0
4191 155.0
4192 755.0
4193 169.0
4194 252.0
4195 413.0
4196 459.0
4197 251.0
4198 1209.0
4199 253.0
4200 490.0
4201 32.0
4202 459.0
4203 1308.0
4204 523.0
4205 169.0
4206 169.0
4207 459.0
4208 459.0
4209 114.0
4210 459.0
4211 169.0
4212 1209.0
4213 169.0
4214 0.0
4215 1308.0
4216 459.0
4217 267.0
4218 459.0
4219 1308.0
4220 155.0
4221 251.0
4222 779.0
4223 169.0
4224 755.0
4225 251.0
4226 1209.0
4227 952.0
4228 267.0
4229 175.0
4230 267.0
4231 1209.0
4232 267.0
4233 1308.0
4234 483.0
4235 175.0
4236 404.0
4237 169.0
4238 267.0
4239 169.0
4240 169.0
4241 408.0
4242 779.0
4243 755.0
4244 169.0
4245 169.0
4246 38.0
4247 1209.0
4248 251.0
4249 1222.0
4250 169.0
4251 253.0
4252 169.0
4253 459.0
4254 459.0
4255 497.0
4256 32.0
4257 169.0
4258 155.0
4259 1209.0
4260 169.0
4261 459.0
4262 169.0
4263 251.0
4264 169.0
4265 169.0
4266 1308.0
4267 459.0
4268 1209.0
4269 267.0
4270 1209.0
4271 416.0
4272 32.0
4273 459.0
4274 169.0
4275 497.0
4276 952.0
4277 251.0
4278 952.0
4279 267.0
4280 175.0
4281 169.0
4282 459.0
4283 1209.0
4284 1308.0
4285 169.0
4286 175.0
4287 1221.0
4288 169.0
4289 459.0
4290 169.0
4291 32.0
4292 523.0
4293 1308.0
4294 1308.0
4295 169.0
4296 155.0
4297 651.0
4298 267.0
4299 180.0
4300 523.0
4301 253.0
4302 1209.0
4303 169.0
4304 1301.0
4305 1308.0
4306 267.0
4307 169.0
4308 169.0
4309 155.0
4310 523.0
4311 523.0
4312 1209.0
4313 169.0
4314 38.0
4315 251.0
4316 169.0
4317 1308.0
4318 952.0
4319 952.0
4320 267.0
4321 459.0
4322 497.0
4323 169.0
4324 619.0
4325 169.0
4326 347.0
4327 459.0
4328 44.0
4329 459.0
4330 459.0
4331 175.0
4332 419.0
4333 755.0
4334 779.0
4335 1308.0
4336 483.0
4337 175.0
4338 419.0
4339 169.0
4340 459.0
4341 169.0
4342 175.0
4343 1209.0
4344 419.0
4345 419.0
4346 32.0
4347 169.0
4348 169.0
4349 490.0
4350 251.0
4351 1209.0
4352 169.0
4353 779.0
4354 169.0
4355 952.0
4356 1308.0
4357 191.0
4358 175.0
4359 169.0
4360 1308.0
4361 1308.0
4362 523.0
4363 952.0
4364 169.0
4365 1209.0
4366 779.0
4367 779.0
4368 416.0
4369 952.0
4370 253.0
4371 755.0
4372 1308.0
4373 251.0
4374 251.0
4375 779.0
4376 169.0
4377 523.0
4378 459.0
4379 619.0
4380 1308.0
4381 490.0
4382 175.0
4383 251.0
4384 952.0
4385 779.0
4386 1308.0
4387 779.0
4388 175.0
4389 267.0
4390 169.0
4391 779.0
4392 169.0
4393 169.0
4394 267.0
4395 619.0
4396 755.0
4397 169.0
4398 1301.0
4399 267.0
4400 459.0
4401 251.0
4402 755.0
4403 169.0
4404 459.0
4405 169.0
4406 1308.0
4407 1308.0
4408 490.0
4409 169.0
4410 169.0
4411 459.0
4412 267.0
4413 169.0
4414 459.0
4415 175.0
4416 459.0
4417 459.0
4418 175.0
4419 1308.0
4420 1301.0
4421 493.0
4422 779.0
4423 1308.0
4424 251.0
4425 251.0
4426 175.0
4427 169.0
4428 952.0
4429 267.0
4430 619.0
4431 952.0
4432 267.0
4433 175.0
4434 1222.0
4435 523.0
4436 952.0
4437 1308.0
4438 1209.0
4439 175.0
4440 267.0
4441 755.0
4442 267.0
4443 262.0
4444 175.0
4445 267.0
4446 155.0
4447 1308.0
4448 169.0
4449 459.0
4450 651.0
4451 459.0
4452 251.0
4453 253.0
4454 950.0
4455 267.0
4456 169.0
4457 459.0
4458 523.0
4459 497.0
4460 180.0
4461 169.0
4462 155.0
4463 1209.0
4464 523.0
4465 1308.0
4466 169.0
4467 204.0
4468 251.0
4469 32.0
4470 1308.0
4471 459.0
4472 523.0
4473 267.0
4474 1308.0
4475 523.0
4476 175.0
4477 169.0
4478 169.0
4479 952.0
4480 459.0
4481 251.0
4482 1308.0
4483 523.0
4484 175.0
4485 459.0
4486 755.0
4487 416.0
4488 1308.0
4489 267.0
4490 175.0
4491 523.0
4492 169.0
4493 459.0
4494 169.0
4495 169.0
4496 1209.0
4497 755.0
4498 419.0
4499 169.0
4500 523.0
4501 169.0
4502 779.0
4503 169.0
4504 755.0
4505 755.0
4506 267.0
4507 169.0
4508 1308.0
4509 1308.0
4510 191.0
4511 175.0
4512 169.0
4513 1308.0
4514 1308.0
4515 523.0
4516 952.0
4517 169.0
4518 1222.0
4519 523.0
4520 169.0
4521 416.0
4522 459.0
4523 523.0
4524 755.0
4525 1308.0
4526 459.0
4527 175.0
4528 523.0
4529 169.0
4530 459.0
4531 459.0
4532 169.0
4533 1308.0
4534 490.0
4535 175.0
4536 251.0
4537 952.0
4538 779.0
4539 1308.0
4540 267.0
4541 175.0
4542 1222.0
4543 169.0
4544 252.0
4545 267.0
4546 38.0
4547 1209.0
4548 419.0
4549 1308.0
4550 169.0
4551 169.0
4552 169.0
4553 1209.0
4554 169.0
4555 1209.0
4556 1209.0
4557 459.0
4558 169.0
4559 1308.0
4560 1308.0
4561 1209.0
4562 169.0
4563 169.0
4564 459.0
4565 267.0
4566 169.0
4567 1308.0
4568 169.0
4569 459.0
4570 459.0
4571 25.0
4572 459.0
4573 1209.0
4574 251.0
4575 1221.0
4576 1301.0
4577 497.0
4578 251.0
4579 523.0
4580 169.0
4581 169.0
4582 251.0
4583 619.0
4584 1308.0
4585 492.0
4586 175.0
4587 523.0
4588 523.0
4589 459.0
4590 1308.0
4591 523.0
4592 175.0
4593 404.0
4594 1222.0
4595 619.0
4596 251.0
4597 175.0
4598 490.0
4599 523.0
4600 755.0
4601 169.0
4602 459.0
4603 651.0
4604 523.0
4605 251.0
4606 1222.0
4607 1209.0
4608 523.0
4609 169.0
4610 459.0
4611 523.0
4612 497.0
4613 169.0
4614 169.0
4615 523.0
4616 459.0
4617 523.0
4618 459.0
4619 155.0
4620 755.0
4621 253.0
4622 25.0
4623 416.0
4624 1308.0
4625 1222.0
4626 1221.0
4627 1308.0
4628 251.0
4629 619.0
4630 38.0
4631 169.0
4632 459.0
4633 459.0
4634 169.0
4635 1308.0
4636 755.0
4637 175.0
4638 523.0
4639 1308.0
4640 459.0
4641 1308.0
4642 267.0
4643 175.0
4644 459.0
4645 404.0
4646 1222.0
4647 779.0
4648 175.0
4649 490.0
4650 755.0
4651 755.0
4652 169.0
4653 1301.0
4654 459.0
4655 490.0
4656 523.0
4657 459.0
4658 267.0
4659 267.0
4660 169.0
4661 1308.0
4662 1308.0
4663 404.0
4664 492.0
4665 169.0
4666 1308.0
4667 523.0
4668 169.0
4669 1308.0
4670 169.0
4671 497.0
4672 779.0
4673 169.0
4674 416.0
4675 267.0
4676 523.0
4677 523.0
4678 1308.0
4679 523.0
4680 175.0
4681 44.0
4682 169.0
4683 493.0
4684 497.0
4685 459.0
4686 1308.0
4687 459.0
4688 175.0
4689 251.0
4690 755.0
4691 779.0
4692 1308.0
4693 267.0
4694 175.0
4695 459.0
4696 523.0
4697 459.0
4698 169.0
4699 203.0
4700 459.0
4701 419.0
4702 1301.0
4703 169.0
4704 155.0
4705 169.0
4706 251.0
4707 169.0
4708 1209.0
4709 755.0
4710 267.0
4711 169.0
4712 1308.0
4713 1308.0
4714 169.0
4715 175.0
4716 169.0
4717 416.0
4718 779.0
4719 169.0
4720 1308.0
4721 169.0
4722 459.0
4723 155.0
4724 169.0
4725 459.0
4726 952.0
4727 267.0
4728 169.0
4729 1308.0
4730 523.0
4731 267.0
4732 459.0
4733 169.0
4734 493.0
4735 251.0
4736 523.0
4737 1308.0
4738 490.0
4739 175.0
4740 497.0
4741 459.0
4742 779.0
4743 1308.0
4744 459.0
4745 175.0
4746 404.0
4747 169.0
4748 755.0
4749 459.0
4750 251.0
4751 1209.0
4752 419.0
4753 419.0
4754 169.0
4755 523.0
4756 169.0
4757 1209.0
4758 169.0
4759 459.0
4760 523.0
4761 523.0
4762 169.0
4763 1308.0
4764 523.0
4765 191.0
4766 180.0
4767 169.0
4768 1308.0
4769 459.0
4770 523.0
4771 1301.0
4772 169.0
4773 755.0
4774 169.0
4775 33.0
4776 416.0
4777 1209.0
4778 493.0
4779 779.0
4780 1308.0
4781 44.0
4782 251.0
4783 459.0
4784 169.0
4785 952.0
4786 459.0
4787 169.0
4788 1308.0
4789 267.0
4790 175.0
4791 419.0
4792 755.0
4793 267.0
4794 1308.0
4795 523.0
4796 175.0
4797 1222.0
4798 169.0
4799 267.0
4800 1308.0
4801 175.0
4802 490.0
4803 755.0
4804 523.0
4805 169.0
4806 1301.0
4807 424.0
4808 952.0
4809 251.0
4810 523.0
4811 169.0
4812 267.0
4813 169.0
4814 459.0
4815 1308.0
4816 169.0
4817 180.0
4818 169.0
4819 1308.0
4820 523.0
4821 169.0
4822 1308.0
4823 169.0
4824 755.0
4825 419.0
4826 197.0
4827 416.0
4828 1308.0
4829 1308.0
4830 523.0
4831 1308.0
4832 109.0
4833 155.0
4834 32.0
4835 169.0
4836 523.0
4837 523.0
4838 459.0
4839 1308.0
4840 523.0
4841 175.0
4842 169.0
4843 755.0
4844 267.0
4845 1308.0
4846 267.0
4847 175.0
4848 459.0
4849 169.0
4850 267.0
4851 169.0
4852 38.0
4853 169.0
4854 755.0
4855 755.0
4856 169.0
4857 155.0
4858 651.0
4859 497.0
4860 203.0
4861 1209.0
4862 408.0
4863 1222.0
4864 169.0
4865 1308.0
4866 1308.0
4867 169.0
4868 175.0
4869 169.0
4870 1308.0
4871 267.0
4872 169.0
4873 1308.0
4874 169.0
4875 251.0
4876 155.0
4877 169.0
4878 1308.0
4879 459.0
4880 523.0
4881 619.0
4882 1308.0
4883 523.0
4884 175.0
4885 169.0
4886 169.0
4887 523.0
4888 459.0
4889 523.0
4890 1308.0
4891 459.0
4892 163.0
4893 1222.0
4894 779.0
4895 779.0
4896 1308.0
4897 267.0
4898 175.0
4899 1308.0
4900 459.0
4901 459.0
4902 779.0
4903 251.0
4904 155.0
4905 523.0
4906 1308.0
4907 481.0
4908 523.0
4909 779.0
4910 1222.0
4911 267.0
4912 490.0
4913 1308.0
4914 952.0
4915 169.0
4916 1308.0
4917 1308.0
4918 267.0
4919 175.0
4920 169.0
4921 1308.0
4922 779.0
4923 619.0
4924 1308.0
4925 169.0
4926 1209.0
4927 169.0
4928 203.0
4929 1308.0
4930 1308.0
4931 253.0
4932 253.0
4933 755.0
4934 267.0
4935 251.0
4936 25.0
4937 169.0
4938 267.0
4939 251.0
4940 169.0
4941 1308.0
4942 459.0
4943 175.0
4944 459.0
4945 755.0
4946 169.0
4947 1308.0
4948 1209.0
4949 175.0
4950 952.0
4951 169.0
4952 155.0
4953 779.0
4954 169.0
4955 169.0
4956 523.0
4957 419.0
4958 169.0
4959 1301.0
4960 264.0
4961 459.0
4962 251.0
4963 459.0
4964 779.0
4965 1222.0
4966 169.0
4967 1308.0
4968 1308.0
4969 169.0
4970 169.0
4971 169.0
4972 1308.0
4973 779.0
4974 523.0
4975 1308.0
4976 169.0
4977 523.0
4978 155.0
4979 185.0
4980 1308.0
4981 1301.0
4982 267.0
4983 1308.0
4984 523.0
4985 25.0
4986 169.0
4987 169.0
4988 169.0
4989 952.0
4990 523.0
4991 169.0
4992 1308.0
4993 169.0
4994 38.0
4995 38.0
4996 419.0
4997 267.0
4998 1308.0
4999 779.0
5000 175.0
5001 459.0
5002 169.0
5003 251.0
5004 755.0
5005 169.0
5006 490.0
5007 1301.0
5008 755.0
5009 33.0
5010 1301.0
5011 424.0
5012 459.0
5013 203.0
5014 155.0
5015 267.0
5016 1209.0
5017 169.0
5018 1308.0
5019 1308.0
5020 169.0
5021 169.0
5022 169.0
5023 1308.0
5024 523.0
5025 169.0
5026 1308.0
5027 169.0
5028 1301.0
5029 155.0
5030 169.0
5031 416.0
5032 523.0
5033 523.0
5034 619.0
5035 755.0
5036 169.0
5037 619.0
5038 347.0
5039 169.0
5040 952.0
5041 523.0
5042 523.0
5043 1308.0
5044 169.0
5045 175.0
5046 251.0
5047 755.0
5048 1308.0
5049 1308.0
5050 267.0
5051 175.0
5052 1308.0
5053 169.0
5054 416.0
5055 419.0
5056 251.0
5057 267.0
5058 755.0
5059 523.0
5060 169.0
5061 155.0
5062 651.0
5063 497.0
5064 251.0
5065 490.0
5066 267.0
5067 1301.0
5068 169.0
5069 1308.0
5070 1308.0
5071 169.0
5072 175.0
5073 169.0
5074 1308.0
5075 523.0
5076 251.0
5077 1308.0
5078 169.0
5079 1222.0
5080 169.0
5081 169.0
5082 1308.0
5083 1308.0
5084 523.0
5085 523.0
5086 1308.0
5087 523.0
5088 251.0
5089 25.0
5090 169.0
5091 755.0
5092 251.0
5093 169.0
5094 1308.0
5095 169.0
5096 175.0
5097 1222.0
5098 755.0
5099 1209.0
5100 1308.0
