1 32.0
2 32.0
3 109.0
4 203.0
5 32.0
6 32.0
7 0.0
8 38.0
9 32.0
10 0.0
11 109.0
12 32.0
13 0.0
14 0.0
15 32.0
16 19.0
17 30.0
18 32.0
19 44.0
20 203.0
21 25.0
22 32.0
23 38.0
24 32.0
25 169.0
26 33.0
27 0.0
28 32.0
29 30.0
30 0.0
31 25.0
32 32.0
33 33.0
34 33.0
35 32.0
36 32.0
37 30.0
38 32.0
39 203.0
40 30.0
41 32.0
42 0.0
43 25.0
44 32.0
45 33.0
46 0.0
47 87.0
48 32.0
49 32.0
50 32.0
51 203.0
52 204.0
53 33.0
54 203.0
55 203.0
56 204.0
57 6.0
58 203.0
59 103.0
60 204.0
61 203.0
62 32.0
63 19.0
64 203.0
65 0.0
66 169.0
67 32.0
68 0.0
69 204.0
70 203.0
71 0.0
72 0.0
73 32.0
74 203.0
75 203.0
76 0.0
77 0.0
78 203.0
79 0.0
80 38.0
81 0.0
82 0.0
83 203.0
84 203.0
85 32.0
86 30.0
87 0.0
88 43.0
89 0.0
90 203.0
91 0.0
92 0.0
93 203.0
94 203.0
95 1.0
96 203.0
97 1.0
98 32.0
99 32.0
100 33.0
101 0.0
102 204.0
103 203.0
104 0.0
105 0.0
106 204.0
107 203.0
108 25.0
109 0.0
110 203.0
111 0.0
112 203.0
113 174.0
114 104.0
115 0.0
116 0.0
117 169.0
118 0.0
119 0.0
120 0.0
121 203.0
122 0.0
123 32.0
124 32.0
125 203.0
126 0.0
127 0.0
128 32.0
129 0.0
130 0.0
131 0.0
132 0.0
133 30.0
134 0.0
135 0.0
136 32.0
137 0.0
138 30.0
139 43.0
140 32.0
141 204.0
142 0.0
143 203.0
144 32.0
145 204.0
146 1.0
147 203.0
148 1.0
149 204.0
150 25.0
151 203.0
152 32.0
153 204.0
154 204.0
155 30.0
156 203.0
157 204.0
158 204.0
159 1.0
160 0.0
161 1.0
162 204.0
163 0.0
164 174.0
165 0.0
166 0.0
167 38.0
168 25.0
169 32.0
170 25.0
171 203.0
172 30.0
173 0.0
174 32.0
175 32.0
176 203.0
177 0.0
178 32.0
179 0.0
180 204.0
181 32.0
182 0.0
183 203.0
184 114.0
185 32.0
186 204.0
187 93.0
188 33.0
189 0.0
190 43.0
191 32.0
192 204.0
193 0.0
194 203.0
195 203.0
196 32.0
197 6.0
198 203.0
199 1.0
200 0.0
201 0.0
202 33.0
203 0.0
204 204.0
205 32.0
206 32.0
207 204.0
208 204.0
209 204.0
210 204.0
211 203.0
212 203.0
213 204.0
214 0.0
215 32.0
216 19.0
217 0.0
218 32.0
219 25.0
220 0.0
221 25.0
222 1.0
223 203.0
224 0.0
225 0.0
226 0.0
227 32.0
228 203.0
229 169.0
230 203.0
231 203.0
232 32.0
233 180.0
234 32.0
235 109.0
236 203.0
237 32.0
238 0.0
239 25.0
240 204.0
241 33.0
242 32.0
243 0.0
244 0.0
245 204.0
246 32.0
247 0.0
248 33.0
249 203.0
250 204.0
251 32.0
252 0.0
253 32.0
254 0.0
255 204.0
256 204.0
257 0.0
258 114.0
259 204.0
260 32.0
261 204.0
262 1.0
263 32.0
264 0.0
265 203.0
266 174.0
267 19.0
268 203.0
269 203.0
270 204.0
271 32.0
272 25.0
273 203.0
274 0.0
275 32.0
276 0.0
277 30.0
278 0.0
279 203.0
280 0.0
281 0.0
282 0.0
283 203.0
284 32.0
285 0.0
286 25.0
287 204.0
288 32.0
289 33.0
290 25.0
291 0.0
292 203.0
293 1.0
294 203.0
295 25.0
296 203.0
297 203.0
298 203.0
299 1.0
300 203.0
301 0.0
302 32.0
303 32.0
304 0.0
305 32.0
306 204.0
307 203.0
308 30.0
309 203.0
310 204.0
311 32.0
312 203.0
313 0.0
314 204.0
315 204.0
316 0.0
317 174.0
318 30.0
319 0.0
320 203.0
321 0.0
322 0.0
323 25.0
324 203.0
325 203.0
326 0.0
327 32.0
328 0.0
329 203.0
330 0.0
331 32.0
332 0.0
333 1.0
334 0.0
335 203.0
336 0.0
337 30.0
338 0.0
339 203.0
340 203.0
341 0.0
342 32.0
343 204.0
344 32.0
345 203.0
346 0.0
347 203.0
348 0.0
349 203.0
350 11.0
351 203.0
352 0.0
353 0.0
354 25.0
355 33.0
356 0.0
357 204.0
358 204.0
359 30.0
360 109.0
361 32.0
362 204.0
363 1.0
364 204.0
365 204.0
366 204.0
367 0.0
368 0.0
369 174.0
370 0.0
371 203.0
372 204.0
373 0.0
374 0.0
375 204.0
376 32.0
377 204.0
378 32.0
379 30.0
380 203.0
381 203.0
382 169.0
383 203.0
384 0.0
385 203.0
386 180.0
387 32.0
388 109.0
389 204.0
390 204.0
391 30.0
392 25.0
393 0.0
394 43.0
395 33.0
396 0.0
397 0.0
398 32.0
399 203.0
400 0.0
401 33.0
402 32.0
403 1.0
404 30.0
405 32.0
406 33.0
407 204.0
408 204.0
409 204.0
410 32.0
411 204.0
412 203.0
413 204.0
414 204.0
415 203.0
416 204.0
417 203.0
418 203.0
419 30.0
420 19.0
421 204.0
422 203.0
423 25.0
424 32.0
425 32.0
426 203.0
427 98.0
428 204.0
429 0.0
430 30.0
431 204.0
432 0.0
433 32.0
434 0.0
435 204.0
436 32.0
437 203.0
438 32.0
439 203.0
440 204.0
441 32.0
442 0.0
443 25.0
444 0.0
445 203.0
446 0.0
447 204.0
448 0.0
449 203.0
450 38.0
451 203.0
452 32.0
453 203.0
454 1.0
455 0.0
456 32.0
457 203.0
458 0.0
459 204.0
460 204.0
461 30.0
462 203.0
463 203.0
464 32.0
465 0.0
466 203.0
467 175.0
468 203.0
469 203.0
470 174.0
471 19.0
472 0.0
473 203.0
474 25.0
475 204.0
476 30.0
477 203.0
478 0.0
479 0.0
480 32.0
481 32.0
482 32.0
483 203.0
484 169.0
485 0.0
486 0.0
487 0.0
488 32.0
489 32.0
490 1.0
491 203.0
492 32.0
493 33.0
494 0.0
495 0.0
496 204.0
497 0.0
498 203.0
499 0.0
500 32.0
501 203.0
502 203.0
503 204.0
504 203.0
505 0.0
506 203.0
507 32.0
508 32.0
509 25.0
510 204.0
511 204.0
512 30.0
513 114.0
514 32.0
515 32.0
516 203.0
517 204.0
518 32.0
519 204.0
520 0.0
521 32.0
522 30.0
523 0.0
524 32.0
525 0.0
526 203.0
527 25.0
528 1.0
529 32.0
530 203.0
531 33.0
532 0.0
533 32.0
534 204.0
535 169.0
536 0.0
537 1.0
538 203.0
539 203.0
540 203.0
541 32.0
542 6.0
543 203.0
544 1.0
545 0.0
546 30.0
547 204.0
548 203.0
549 1.0
550 25.0
551 20.0
552 204.0
553 0.0
554 6.0
555 203.0
556 0.0
557 32.0
558 0.0
559 1.0
560 204.0
561 204.0
562 32.0
563 32.0
564 33.0
565 204.0
566 0.0
567 204.0
568 0.0
569 204.0
570 204.0
571 0.0
572 174.0
573 0.0
574 0.0
575 203.0
576 32.0
577 32.0
578 25.0
579 204.0
580 114.0
581 204.0
582 203.0
583 32.0
584 203.0
585 203.0
586 32.0
587 0.0
588 204.0
589 204.0
590 169.0
591 32.0
592 204.0
593 32.0
594 204.0
595 204.0
596 0.0
597 0.0
598 0.0
599 32.0
600 203.0
601 0.0
602 204.0
603 203.0
604 0.0
605 25.0
606 210.0
607 30.0
608 0.0
609 25.0
610 204.0
611 0.0
612 210.0
613 32.0
614 30.0
615 204.0
616 204.0
617 204.0
618 203.0
619 204.0
620 103.0
621 204.0
622 25.0
623 174.0
624 29.0
625 0.0
626 98.0
627 30.0
628 32.0
629 203.0
630 203.0
631 104.0
632 203.0
633 204.0
634 30.0
635 109.0
636 98.0
637 32.0
638 0.0
639 203.0
640 204.0
641 32.0
642 32.0
643 30.0
644 204.0
645 203.0
646 203.0
647 203.0
648 0.0
649 203.0
650 203.0
651 203.0
652 203.0
653 33.0
654 0.0
655 203.0
656 25.0
657 203.0
658 109.0
659 32.0
660 104.0
661 33.0
662 204.0
663 210.0
664 204.0
665 30.0
666 203.0
667 203.0
668 32.0
669 204.0
670 32.0
671 103.0
672 204.0
673 93.0
674 104.0
675 30.0
676 203.0
677 25.0
678 30.0
679 30.0
680 0.0
681 204.0
682 203.0
683 203.0
684 203.0
685 32.0
686 1.0
687 1.0
688 98.0
689 0.0
690 203.0
691 203.0
692 32.0
693 32.0
694 0.0
695 204.0
696 203.0
697 203.0
698 25.0
699 1.0
700 203.0
701 203.0
702 0.0
703 0.0
704 203.0
705 43.0
706 109.0
707 203.0
708 203.0
709 114.0
710 33.0
711 14.0
712 203.0
713 203.0
714 210.0
715 32.0
716 32.0
717 203.0
718 204.0
719 32.0
720 30.0
721 0.0
722 203.0
723 203.0
724 30.0
725 25.0
726 29.0
727 1.0
728 38.0
729 32.0
730 203.0
731 203.0
732 1.0
733 38.0
734 0.0
735 0.0
736 0.0
737 32.0
738 203.0
739 98.0
740 0.0
741 0.0
742 104.0
743 0.0
744 32.0
745 32.0
746 103.0
747 204.0
748 203.0
749 0.0
750 30.0
751 204.0
752 104.0
753 204.0
754 203.0
755 203.0
756 203.0
757 33.0
758 204.0
759 218.0
760 44.0
761 33.0
762 203.0
763 204.0
764 203.0
765 203.0
766 32.0
767 32.0
768 204.0
769 203.0
770 0.0
771 203.0
772 0.0
773 103.0
774 203.0
775 30.0
776 174.0
777 203.0
778 0.0
779 98.0
780 0.0
781 204.0
782 25.0
783 203.0
784 33.0
785 204.0
786 169.0
787 203.0
788 203.0
789 32.0
790 32.0
791 0.0
792 1.0
793 203.0
794 32.0
795 203.0
796 203.0
797 6.0
798 203.0
799 0.0
800 30.0
801 30.0
802 203.0
803 203.0
804 203.0
805 0.0
806 32.0
807 203.0
808 165.0
809 204.0
810 203.0
811 109.0
812 203.0
813 32.0
814 30.0
815 0.0
816 218.0
817 32.0
818 30.0
819 204.0
820 204.0
821 32.0
822 203.0
823 203.0
824 103.0
825 203.0
826 25.0
827 169.0
828 33.0
829 204.0
830 98.0
831 19.0
832 204.0
833 203.0
834 203.0
835 109.0
836 203.0
837 204.0
838 30.0
839 203.0
840 203.0
841 25.0
842 32.0
843 0.0
844 30.0
845 0.0
846 32.0
847 109.0
848 204.0
849 33.0
850 204.0
851 25.0
852 0.0
853 204.0
854 204.0
855 33.0
856 0.0
857 203.0
858 33.0
859 203.0
860 213.0
861 203.0
862 32.0
863 203.0
864 204.0
865 33.0
866 19.0
867 218.0
868 30.0
869 32.0
870 203.0
871 204.0
872 32.0
873 204.0
874 30.0
875 204.0
876 252.0
877 30.0
878 32.0
879 29.0
880 203.0
881 32.0
882 30.0
883 30.0
884 0.0
885 204.0
886 43.0
887 203.0
888 0.0
889 204.0
890 109.0
891 204.0
892 98.0
893 0.0
894 204.0
895 0.0
896 0.0
897 32.0
898 204.0
899 204.0
900 203.0
901 203.0
902 25.0
903 174.0
904 203.0
905 203.0
906 0.0
907 0.0
908 32.0
909 43.0
910 109.0
911 203.0
912 203.0
913 204.0
914 109.0
915 38.0
916 43.0
917 251.0
918 252.0
919 203.0
920 30.0
921 203.0
922 203.0
923 204.0
924 204.0
925 32.0
926 203.0
927 203.0
928 203.0
929 25.0
930 204.0
931 204.0
932 204.0
933 103.0
934 203.0
935 0.0
936 203.0
937 204.0
938 204.0
939 204.0
940 32.0
941 204.0
942 204.0
943 32.0
944 204.0
945 204.0
946 204.0
947 204.0
948 33.0
949 204.0
950 203.0
951 203.0
952 203.0
953 30.0
954 122.0
955 204.0
956 203.0
957 204.0
958 204.0
959 252.0
960 204.0
961 203.0
962 204.0
963 204.0
964 204.0
965 203.0
966 203.0
967 115.0
968 203.0
969 252.0
970 204.0
971 30.0
972 204.0
973 169.0
974 32.0
975 204.0
976 203.0
977 204.0
978 203.0
979 204.0
980 25.0
981 203.0
982 203.0
983 103.0
984 175.0
985 32.0
986 203.0
987 203.0
988 203.0
989 203.0
990 32.0
991 33.0
992 203.0
993 115.0
994 25.0
995 204.0
996 204.0
997 204.0
998 203.0
999 33.0
1000 204.0
1001 203.0
1002 204.0
1003 203.0
1004 203.0
1005 6.0
1006 204.0
1007 203.0
1008 204.0
1009 32.0
1010 204.0
1011 203.0
1012 204.0
1013 203.0
1014 203.0
1015 204.0
1016 203.0
1017 103.0
1018 44.0
1019 0.0
1020 252.0
1021 203.0
1022 32.0
1023 109.0
1024 38.0
1025 204.0
1026 203.0
1027 30.0
1028 204.0
1029 203.0
1030 204.0
1031 32.0
1032 204.0
1033 33.0
1034 98.0
1035 33.0
1036 203.0
1037 109.0
1038 1.0
1039 204.0
1040 204.0
1041 204.0
1042 204.0
1043 203.0
1044 203.0
1045 203.0
1046 203.0
1047 0.0
1048 203.0
1049 0.0
1050 30.0
1051 25.0
1052 204.0
1053 203.0
1054 120.0
1055 203.0
1056 1.0
1057 203.0
1058 203.0
1059 203.0
1060 0.0
1061 0.0
1062 25.0
1063 109.0
1064 203.0
1065 204.0
1066 204.0
1067 204.0
1068 33.0
1069 203.0
1070 38.0
1071 252.0
1072 109.0
1073 30.0
1074 203.0
1075 204.0
1076 103.0
1077 203.0
1078 33.0
1079 32.0
1080 204.0
1081 0.0
1082 0.0
1083 33.0
1084 203.0
1085 109.0
1086 204.0
1087 204.0
1088 104.0
1089 203.0
1090 204.0
1091 98.0
1092 203.0
1093 98.0
1094 204.0
1095 204.0
1096 204.0
1097 204.0
1098 203.0
1099 204.0
1100 0.0
1101 203.0
1102 98.0
1103 203.0
1104 109.0
1105 203.0
1106 30.0
1107 204.0
1108 203.0
1109 204.0
1110 204.0
1111 32.0
1112 252.0
1113 204.0
1114 204.0
1115 203.0
1116 203.0
1117 204.0
1118 203.0
1119 203.0
1120 114.0
1121 0.0
1122 252.0
1123 204.0
1124 30.0
1125 203.0
1126 203.0
1127 25.0
1128 203.0
1129 0.0
1130 204.0
1131 203.0
1132 203.0
1133 25.0
1134 87.0
1135 109.0
1136 204.0
1137 33.0
1138 204.0
1139 204.0
1140 203.0
1141 204.0
1142 98.0
1143 204.0
1144 32.0
1145 203.0
1146 203.0
1147 204.0
1148 30.0
1149 204.0
1150 204.0
1151 0.0
1152 33.0
1153 204.0
1154 203.0
1155 0.0
1156 204.0
1157 204.0
1158 92.0
1159 204.0
1160 204.0
1161 203.0
1162 32.0
1163 251.0
1164 204.0
1165 204.0
1166 204.0
1167 203.0
1168 109.0
1169 204.0
1170 98.0
1171 109.0
1172 103.0
1173 252.0
1174 204.0
1175 32.0
1176 203.0
1177 204.0
1178 25.0
1179 204.0
1180 203.0
1181 203.0
1182 120.0
1183 204.0
1184 32.0
1185 38.0
1186 109.0
1187 203.0
1188 32.0
1189 204.0
1190 203.0
1191 251.0
1192 204.0
1193 98.0
1194 109.0
1195 33.0
1196 203.0
1197 0.0
1198 204.0
1199 204.0
1200 203.0
1201 203.0
1202 203.0
1203 203.0
1204 204.0
1205 203.0
1206 204.0
1207 204.0
1208 204.0
1209 203.0
1210 0.0
1211 204.0
1212 0.0
1213 0.0
1214 32.0
1215 203.0
1216 109.0
1217 203.0
1218 204.0
1219 204.0
1220 204.0
1221 203.0
1222 204.0
1223 103.0
1224 252.0
1225 204.0
1226 30.0
1227 203.0
1228 204.0
1229 203.0
1230 204.0
1231 204.0
1232 109.0
1233 203.0
1234 204.0
1235 169.0
1236 204.0
1237 204.0
1238 203.0
1239 33.0
1240 204.0
1241 204.0
1242 0.0
1243 204.0
1244 204.0
1245 203.0
1246 204.0
1247 204.0
1248 204.0
1249 204.0
1250 204.0
1251 0.0
1252 103.0
1253 203.0
1254 0.0
1255 204.0
1256 204.0
1257 204.0
1258 38.0
1259 30.0
1260 103.0
1261 203.0
1262 204.0
1263 0.0
1264 0.0
1265 203.0
1266 203.0
1267 109.0
1268 204.0
1269 204.0
1270 204.0
1271 204.0
1272 203.0
1273 103.0
1274 204.0
1275 252.0
1276 204.0
1277 0.0
1278 204.0
1279 204.0
1280 103.0
1281 204.0
1282 203.0
1283 204.0
1284 204.0
1285 204.0
1286 158.0
1287 203.0
1288 32.0
1289 204.0
1290 33.0
1291 203.0
1292 104.0
1293 203.0
1294 204.0
1295 204.0
1296 203.0
1297 203.0
1298 204.0
1299 204.0
1300 32.0
1301 25.0
1302 203.0
1303 103.0
1304 203.0
1305 203.0
1306 204.0
1307 203.0
1308 203.0
1309 103.0
1310 204.0
1311 32.0
1312 204.0
1313 203.0
1314 203.0
1315 33.0
1316 203.0
1317 204.0
1318 204.0
1319 203.0
1320 204.0
1321 120.0
1322 103.0
1323 203.0
1324 203.0
1325 0.0
1326 252.0
1327 204.0
1328 0.0
1329 0.0
1330 203.0
1331 203.0
1332 203.0
1333 0.0
1334 103.0
1335 204.0
1336 203.0
1337 32.0
1338 87.0
1339 204.0
1340 203.0
1341 32.0
1342 203.0
1343 204.0
1344 0.0
1345 203.0
1346 204.0
1347 98.0
1348 204.0
1349 204.0
1350 203.0
1351 204.0
1352 0.0
1353 204.0
1354 204.0
1355 203.0
1356 33.0
1357 204.0
1358 204.0
1359 204.0
1360 204.0
1361 203.0
1362 203.0
1363 204.0
1364 109.0
1365 204.0
1366 33.0
1367 204.0
1368 204.0
1369 203.0
1370 204.0
1371 203.0
1372 204.0
1373 204.0
1374 32.0
1375 103.0
1376 32.0
1377 252.0
1378 204.0
1379 30.0
1380 0.0
1381 204.0
1382 32.0
1383 204.0
1384 203.0
1385 103.0
1386 204.0
1387 203.0
1388 169.0
1389 33.0
1390 204.0
1391 203.0
1392 33.0
1393 204.0
1394 203.0
1395 0.0
1396 204.0
1397 204.0
1398 203.0
1399 204.0
1400 204.0
1401 0.0
1402 204.0
1403 204.0
1404 204.0
1405 203.0
1406 203.0
1407 204.0
1408 98.0
1409 204.0
1410 204.0
1411 32.0
1412 204.0
1413 109.0
1414 203.0
1415 204.0
1416 0.0
1417 33.0
1418 203.0
1419 204.0
1420 204.0
1421 204.0
1422 204.0
1423 204.0
1424 33.0
1425 203.0
1426 203.0
1427 103.0
1428 252.0
1429 204.0
1430 30.0
1431 204.0
1432 204.0
1433 203.0
1434 204.0
1435 0.0
1436 204.0
1437 205.0
1438 98.0
1439 158.0
1440 204.0
1441 1.0
1442 203.0
1443 33.0
1444 204.0
1445 204.0
1446 203.0
1447 204.0
1448 204.0
1449 203.0
1450 203.0
1451 204.0
1452 0.0
1453 0.0
1454 25.0
1455 204.0
1456 204.0
1457 204.0
1458 203.0
1459 204.0
1460 204.0
1461 204.0
1462 0.0
1463 204.0
1464 204.0
1465 103.0
1466 204.0
1467 0.0
1468 203.0
1469 203.0
1470 0.0
1471 203.0
1472 204.0
1473 32.0
1474 204.0
1475 204.0
1476 93.0
1477 33.0
1478 203.0
1479 252.0
1480 203.0
1481 0.0
1482 203.0
1483 204.0
1484 203.0
1485 204.0
1486 32.0
1487 204.0
1488 203.0
1489 203.0
1490 203.0
1491 203.0
1492 204.0
1493 204.0
1494 19.0
1495 204.0
1496 0.0
1497 203.0
1498 204.0
1499 204.0
1500 33.0
1501 203.0
1502 204.0
1503 204.0
1504 0.0
1505 204.0
1506 203.0
1507 204.0
1508 204.0
1509 204.0
1510 204.0
1511 6.0
1512 32.0
1513 204.0
1514 204.0
1515 109.0
1516 203.0
1517 203.0
1518 203.0
1519 169.0
1520 180.0
1521 204.0
1522 203.0
1523 203.0
1524 204.0
1525 204.0
1526 204.0
1527 109.0
1528 203.0
1529 98.0
1530 252.0
1531 203.0
1532 30.0
1533 32.0
1534 203.0
1535 30.0
1536 203.0
1537 0.0
1538 109.0
1539 204.0
1540 204.0
1541 25.0
1542 203.0
1543 203.0
1544 109.0
1545 30.0
1546 203.0
1547 203.0
1548 0.0
1549 204.0
1550 204.0
1551 104.0
1552 203.0
1553 0.0
1554 0.0
1555 204.0
1556 204.0
1557 204.0
1558 204.0
1559 1.0
1560 204.0
1561 204.0
1562 204.0
1563 203.0
1564 204.0
1565 204.0
1566 103.0
1567 204.0
1568 204.0
1569 204.0
1570 204.0
1571 169.0
1572 204.0
1573 204.0
1574 223.0
1575 204.0
1576 38.0
1577 103.0
1578 204.0
1579 203.0
1580 203.0
1581 252.0
1582 204.0
1583 30.0
1584 203.0
1585 204.0
1586 203.0
1587 204.0
1588 204.0
1589 204.0
1590 204.0
1591 98.0
1592 204.0
1593 38.0
1594 204.0
1595 203.0
1596 33.0
1597 204.0
1598 204.0
1599 203.0
1600 203.0
1601 203.0
1602 109.0
1603 203.0
1604 204.0
1605 0.0
1606 203.0
1607 203.0
1608 204.0
1609 204.0
1610 1.0
1611 203.0
1612 0.0
1613 204.0
1614 203.0
1615 33.0
1616 203.0
1617 204.0
1618 204.0
1619 203.0
1620 19.0
1621 32.0
1622 204.0
1623 0.0
1624 204.0
1625 203.0
1626 204.0
1627 204.0
1628 204.0
1629 38.0
1630 109.0
1631 203.0
1632 252.0
1633 203.0
1634 204.0
1635 204.0
1636 252.0
1637 103.0
1638 204.0
1639 98.0
1640 203.0
1641 204.0
1642 204.0
1643 32.0
1644 204.0
1645 32.0
1646 203.0
1647 30.0
1648 204.0
1649 104.0
1650 203.0
1651 44.0
1652 203.0
1653 109.0
1654 203.0
1655 204.0
1656 204.0
1657 203.0
1658 204.0
1659 204.0
1660 204.0
1661 203.0
1662 204.0
1663 203.0
1664 1.0
1665 203.0
1666 204.0
1667 204.0
1668 204.0
1669 204.0
1670 204.0
1671 204.0
1672 204.0
1673 204.0
1674 33.0
1675 203.0
1676 204.0
1677 204.0
1678 204.0
1679 204.0
1680 98.0
1681 204.0
1682 203.0
1683 252.0
1684 204.0
1685 0.0
1686 203.0
1687 204.0
1688 203.0
1689 204.0
1690 32.0
1691 204.0
1692 203.0
1693 203.0
1694 203.0
1695 204.0
1696 204.0
1697 109.0
1698 33.0
1699 204.0
1700 203.0
1701 203.0
1702 204.0
1703 203.0
1704 203.0
1705 204.0
1706 32.0
1707 0.0
1708 203.0
1709 204.0
1710 204.0
1711 204.0
1712 204.0
1713 204.0
1714 204.0
1715 203.0
1716 0.0
1717 203.0
1718 203.0
1719 204.0
1720 203.0
1721 203.0
1722 203.0
1723 191.0
1724 98.0
1725 98.0
1726 204.0
1727 203.0
1728 203.0
1729 203.0
1730 204.0
1731 38.0
1732 103.0
1733 204.0
1734 252.0
1735 109.0
1736 30.0
1737 203.0
1738 204.0
1739 25.0
1740 30.0
1741 204.0
1742 103.0
1743 203.0
1744 203.0
1745 32.0
1746 204.0
1747 203.0
1748 204.0
1749 33.0
1750 252.0
1751 203.0
1752 0.0
1753 204.0
1754 30.0
1755 114.0
1756 203.0
1757 203.0
1758 203.0
1759 204.0
1760 203.0
1761 204.0
1762 204.0
1763 203.0
1764 204.0
1765 0.0
1766 0.0
1767 203.0
1768 204.0
1769 204.0
1770 204.0
1771 0.0
1772 204.0
1773 0.0
1774 203.0
1775 180.0
1776 204.0
1777 203.0
1778 203.0
1779 204.0
1780 109.0
1781 204.0
1782 203.0
1783 109.0
1784 204.0
1785 252.0
1786 203.0
1787 25.0
1788 203.0
1789 204.0
1790 103.0
1791 204.0
1792 0.0
1793 103.0
1794 203.0
1795 30.0
1796 30.0
1797 204.0
1798 32.0
1799 203.0
1800 19.0
1801 204.0
1802 203.0
1803 204.0
1804 204.0
1805 203.0
1806 204.0
1807 120.0
1808 204.0
1809 204.0
1810 175.0
1811 204.0
1812 204.0
1813 204.0
1814 203.0
1815 203.0
1816 204.0
1817 25.0
1818 109.0
1819 204.0
1820 203.0
1821 203.0
1822 203.0
1823 203.0
1824 203.0
1825 204.0
1826 204.0
1827 204.0
1828 203.0
1829 203.0
1830 203.0
1831 204.0
1832 103.0
1833 104.0
1834 203.0
1835 204.0
1836 252.0
1837 203.0
1838 0.0
1839 203.0
1840 204.0
1841 103.0
1842 0.0
1843 32.0
1844 203.0
1845 120.0
1846 203.0
1847 98.0
1848 204.0
1849 203.0
1850 203.0
1851 30.0
1852 204.0
1853 203.0
1854 203.0
1855 44.0
1856 204.0
1857 115.0
1858 32.0
1859 0.0
1860 203.0
1861 169.0
1862 204.0
1863 203.0
1864 204.0
1865 203.0
1866 204.0
1867 203.0
1868 0.0
1869 204.0
1870 203.0
1871 25.0
1872 204.0
1873 203.0
1874 109.0
1875 31.0
1876 204.0
1877 204.0
1878 203.0
1879 33.0
1880 204.0
1881 203.0
1882 204.0
1883 204.0
1884 104.0
1885 109.0
1886 203.0
1887 252.0
1888 203.0
1889 0.0
1890 204.0
1891 204.0
1892 203.0
1893 204.0
1894 204.0
1895 203.0
1896 203.0
1897 203.0
1898 204.0
1899 203.0
1900 204.0
1901 109.0
1902 103.0
1903 203.0
1904 203.0
1905 0.0
1906 203.0
1907 204.0
1908 114.0
1909 203.0
1910 203.0
1911 204.0
1912 203.0
1913 204.0
1914 204.0
1915 204.0
1916 0.0
1917 204.0
1918 203.0
1919 204.0
1920 203.0
1921 204.0
1922 204.0
1923 204.0
1924 203.0
1925 203.0
1926 204.0
1927 204.0
1928 204.0
1929 203.0
1930 203.0
1931 32.0
1932 203.0
1933 175.0
1934 203.0
1935 203.0
1936 43.0
1937 204.0
1938 252.0
1939 203.0
1940 0.0
1941 203.0
1942 204.0
1943 32.0
1944 204.0
1945 204.0
1946 203.0
1947 203.0
1948 32.0
1949 204.0
1950 204.0
1951 204.0
1952 103.0
1953 33.0
1954 252.0
1955 204.0
1956 0.0
1957 204.0
1958 204.0
1959 30.0
1960 203.0
1961 252.0
1962 204.0
1963 203.0
1964 203.0
1965 204.0
1966 204.0
1967 203.0
1968 204.0
1969 204.0
1970 19.0
1971 204.0
1972 204.0
1973 203.0
1974 204.0
1975 103.0
1976 203.0
1977 0.0
1978 32.0
1979 109.0
1980 204.0
1981 204.0
1982 203.0
1983 204.0
1984 204.0
1985 204.0
1986 109.0
1987 115.0
1988 204.0
1989 252.0
1990 203.0
1991 32.0
1992 203.0
1993 204.0
1994 25.0
1995 204.0
1996 0.0
1997 203.0
1998 203.0
1999 204.0
2000 98.0
2001 204.0
2002 203.0
2003 109.0
2004 32.0
2005 204.0
2006 203.0
2007 0.0
2008 44.0
2009 204.0
2010 114.0
2011 203.0
2012 204.0
2013 203.0
2014 169.0
2015 203.0
2016 0.0
2017 204.0
2018 203.0
2019 204.0
2020 0.0
2021 1.0
2022 204.0
2023 204.0
2024 204.0
2025 204.0
2026 204.0
2027 203.0
2028 1.0
2029 204.0
2030 251.0
2031 204.0
2032 203.0
2033 204.0
2034 251.0
2035 204.0
2036 204.0
2037 98.0
2038 203.0
2039 204.0
2040 252.0
2041 203.0
2042 0.0
2043 0.0
2044 204.0
2045 103.0
2046 204.0
2047 203.0
2048 203.0
2049 204.0
2050 204.0
2051 204.0
2052 204.0
2053 204.0
2054 203.0
2055 19.0
2056 252.0
2057 204.0
2058 203.0
2059 44.0
2060 32.0
2061 204.0
2062 32.0
2063 204.0
2064 203.0
2065 204.0
2066 204.0
2067 0.0
2068 204.0
2069 203.0
2070 204.0
2071 203.0
2072 0.0
2073 203.0
2074 203.0
2075 204.0
2076 204.0
2077 203.0
2078 203.0
2079 203.0
2080 0.0
2081 203.0
2082 203.0
2083 204.0
2084 204.0
2085 251.0
2086 98.0
2087 204.0
2088 204.0
2089 33.0
2090 203.0
2091 252.0
2092 203.0
2093 0.0
2094 204.0
2095 204.0
2096 103.0
2097 203.0
2098 203.0
2099 203.0
2100 203.0
2101 38.0
2102 204.0
2103 203.0
2104 203.0
2105 204.0
2106 204.0
2107 203.0
2108 0.0
2109 203.0
2110 204.0
2111 204.0
2112 32.0
2113 203.0
2114 204.0
2115 203.0
2116 203.0
2117 204.0
2118 204.0
2119 204.0
2120 204.0
2121 204.0
2122 204.0
2123 204.0
2124 38.0
2125 204.0
2126 204.0
2127 204.0
2128 0.0
2129 203.0
2130 204.0
2131 204.0
2132 203.0
2133 204.0
2134 204.0
2135 203.0
2136 203.0
2137 204.0
2138 180.0
2139 109.0
2140 204.0
2141 203.0
2142 252.0
2143 203.0
2144 0.0
2145 203.0
2146 204.0
2147 32.0
2148 204.0
2149 0.0
2150 204.0
2151 120.0
2152 204.0
2153 204.0
2154 204.0
2155 32.0
2156 204.0
2157 158.0
2158 204.0
2159 203.0
2160 6.0
2161 204.0
2162 204.0
2163 33.0
2164 203.0
2165 33.0
2166 204.0
2167 169.0
2168 204.0
2169 204.0
2170 204.0
2171 0.0
2172 204.0
2173 204.0
2174 30.0
2175 203.0
2176 204.0
2177 204.0
2178 204.0
2179 33.0
2180 203.0
2181 0.0
2182 204.0
2183 98.0
2184 252.0
2185 203.0
2186 203.0
2187 204.0
2188 203.0
2189 204.0
2190 204.0
2191 204.0
2192 203.0
2193 252.0
2194 203.0
2195 0.0
2196 203.0
2197 204.0
2198 204.0
2199 204.0
2200 203.0
2201 203.0
2202 120.0
2203 203.0
2204 203.0
2205 204.0
2206 204.0
2207 32.0
2208 0.0
2209 252.0
2210 204.0
2211 203.0
2212 44.0
2213 203.0
2214 33.0
2215 203.0
2216 252.0
2217 203.0
2218 32.0
2219 204.0
2220 204.0
2221 204.0
2222 203.0
2223 204.0
2224 38.0
2225 203.0
2226 98.0
2227 204.0
2228 203.0
2229 103.0
2230 204.0
2231 203.0
2232 38.0
2233 204.0
2234 98.0
2235 204.0
2236 204.0
2237 203.0
2238 204.0
2239 204.0
2240 203.0
2241 38.0
2242 204.0
2243 203.0
2244 252.0
2245 203.0
2246 0.0
2247 204.0
2248 204.0
2249 203.0
2250 204.0
2251 251.0
2252 203.0
2253 203.0
2254 204.0
2255 204.0
2256 33.0
2257 204.0
2258 203.0
2259 30.0
2260 203.0
2261 0.0
2262 203.0
2263 204.0
2264 204.0
2265 33.0
2266 203.0
2267 204.0
2268 0.0
2269 204.0
2270 204.0
2271 203.0
2272 204.0
2273 203.0
2274 204.0
2275 203.0
2276 0.0
2277 204.0
2278 204.0
2279 203.0
2280 204.0
2281 30.0
2282 203.0
2283 31.0
2284 204.0
2285 204.0
2286 204.0
2287 203.0
2288 204.0
2289 203.0
2290 204.0
2291 203.0
2292 204.0
2293 109.0
2294 203.0
2295 252.0
2296 203.0
2297 0.0
2298 203.0
2299 204.0
2300 32.0
2301 204.0
2302 204.0
2303 203.0
2304 203.0
2305 204.0
2306 204.0
2307 203.0
2308 25.0
2309 103.0
2310 152.0
2311 252.0
2312 204.0
2313 204.0
2314 204.0
2315 204.0
2316 33.0
2317 203.0
2318 204.0
2319 30.0
2320 204.0
2321 204.0
2322 203.0
2323 204.0
2324 204.0
2325 203.0
2326 203.0
2327 1.0
2328 32.0
2329 204.0
2330 203.0
2331 204.0
2332 204.0
2333 203.0
2334 252.0
2335 204.0
2336 98.0
2337 204.0
2338 204.0
2339 203.0
2340 203.0
2341 204.0
2342 204.0
2343 32.0
2344 103.0
2345 251.0
2346 252.0
2347 203.0
2348 0.0
2349 38.0
2350 204.0
2351 204.0
2352 204.0
2353 30.0
2354 204.0
2355 109.0
2356 204.0
2357 203.0
2358 203.0
2359 203.0
2360 204.0
2361 152.0
2362 204.0
2363 204.0
2364 0.0
2365 204.0
2366 204.0
2367 33.0
2368 98.0
2369 204.0
2370 204.0
2371 169.0
2372 204.0
2373 203.0
2374 204.0
2375 204.0
2376 203.0
2377 204.0
2378 203.0
2379 203.0
2380 204.0
2381 204.0
2382 204.0
2383 203.0
2384 203.0
2385 30.0
2386 204.0
2387 103.0
2388 204.0
2389 203.0
2390 203.0
2391 203.0
2392 204.0
2393 32.0
2394 32.0
2395 203.0
2396 203.0
2397 252.0
2398 203.0
2399 0.0
2400 204.0
2401 204.0
2402 203.0
2403 204.0
2404 38.0
2405 203.0
2406 203.0
2407 204.0
2408 204.0
2409 204.0
2410 204.0
2411 98.0
2412 30.0
2413 204.0
2414 169.0
2415 203.0
2416 38.0
2417 203.0
2418 33.0
2419 203.0
2420 204.0
2421 0.0
2422 30.0
2423 204.0
2424 203.0
2425 204.0
2426 203.0
2427 204.0
2428 203.0
2429 33.0
2430 203.0
2431 204.0
2432 203.0
2433 204.0
2434 30.0
2435 203.0
2436 204.0
2437 204.0
2438 203.0
2439 204.0
2440 203.0
2441 204.0
2442 204.0
2443 204.0
2444 204.0
2445 203.0
2446 204.0
2447 203.0
2448 252.0
2449 203.0
2450 32.0
2451 0.0
2452 204.0
2453 32.0
2454 204.0
2455 204.0
2456 203.0
2457 203.0
2458 203.0
2459 204.0
2460 204.0
2461 33.0
2462 98.0
2463 30.0
2464 252.0
2465 203.0
2466 203.0
2467 203.0
2468 204.0
2469 32.0
2470 204.0
2471 204.0
2472 0.0
2473 169.0
2474 204.0
2475 204.0
2476 204.0
2477 203.0
2478 204.0
2479 120.0
2480 0.0
2481 38.0
2482 204.0
2483 204.0
2484 204.0
2485 203.0
2486 203.0
2487 203.0
2488 204.0
2489 204.0
2490 204.0
2491 204.0
2492 204.0
2493 204.0
2494 204.0
2495 203.0
2496 203.0
2497 203.0
2498 203.0
2499 252.0
2500 203.0
2501 0.0
2502 38.0
2503 204.0
2504 203.0
2505 204.0
2506 204.0
2507 203.0
2508 120.0
2509 98.0
2510 204.0
2511 204.0
2512 25.0
2513 103.0
2514 169.0
2515 252.0
2516 203.0
2517 0.0
2518 204.0
2519 251.0
2520 114.0
2521 30.0
2522 204.0
2523 204.0
2524 204.0
2525 203.0
2526 203.0
2527 204.0
2528 0.0
2529 204.0
2530 203.0
2531 204.0
2532 204.0
2533 204.0
2534 203.0
2535 204.0
2536 203.0
2537 203.0
2538 203.0
2539 204.0
2540 38.0
2541 203.0
2542 203.0
2543 204.0
2544 203.0
2545 204.0
2546 72.0
2547 32.0
2548 204.0
2549 98.0
2550 252.0
2551 203.0
2552 0.0
2553 204.0
2554 204.0
2555 203.0
2556 204.0
2557 203.0
2558 203.0
2559 204.0
2560 204.0
2561 204.0
2562 204.0
2563 203.0
2564 103.0
2565 152.0
2566 204.0
2567 204.0
2568 0.0
2569 204.0
2570 204.0
2571 33.0
2572 32.0
2573 252.0
2574 0.0
2575 204.0
2576 203.0
2577 203.0
2578 204.0
2579 203.0
2580 204.0
2581 203.0
2582 19.0
2583 204.0
2584 204.0
2585 204.0
2586 204.0
2587 204.0
2588 203.0
2589 30.0
2590 204.0
2591 98.0
2592 252.0
2593 204.0
2594 204.0
2595 204.0
2596 204.0
2597 32.0
2598 203.0
2599 33.0
2600 204.0
2601 252.0
2602 204.0
2603 0.0
2604 204.0
2605 204.0
2606 32.0
2607 204.0
2608 0.0
2609 203.0
2610 204.0
2611 204.0
2612 204.0
2613 203.0
2614 203.0
2615 104.0
2616 0.0
2617 252.0
2618 204.0
2619 1.0
2620 44.0
2621 252.0
2622 33.0
2623 203.0
2624 204.0
2625 30.0
2626 169.0
2627 204.0
2628 104.0
2629 103.0
2630 203.0
2631 204.0
2632 203.0
2633 204.0
2634 203.0
2635 252.0
2636 204.0
2637 204.0
2638 33.0
2639 203.0
2640 204.0
2641 0.0
2642 204.0
2643 204.0
2644 203.0
2645 32.0
2646 204.0
2647 109.0
2648 204.0
2649 203.0
2650 204.0
2651 204.0
2652 252.0
2653 203.0
2654 30.0
2655 204.0
2656 204.0
2657 204.0
2658 204.0
2659 204.0
2660 203.0
2661 204.0
2662 114.0
2663 204.0
2664 204.0
2665 204.0
2666 104.0
2667 30.0
2668 204.0
2669 204.0
2670 203.0
2671 203.0
2672 203.0
2673 204.0
2674 203.0
2675 204.0
2676 204.0
2677 169.0
2678 204.0
2679 204.0
2680 204.0
2681 0.0
2682 204.0
2683 204.0
2684 1.0
2685 204.0
2686 30.0
2687 204.0
2688 204.0
2689 203.0
2690 203.0
2691 203.0
2692 204.0
2693 98.0
2694 203.0
2695 33.0
2696 204.0
2697 203.0
2698 204.0
2699 204.0
2700 109.0
2701 204.0
2702 204.0
2703 252.0
2704 203.0
2705 30.0
2706 203.0
2707 204.0
2708 32.0
2709 204.0
2710 204.0
2711 203.0
2712 120.0
2713 203.0
2714 203.0
2715 203.0
2716 32.0
2717 103.0
2718 30.0
2719 204.0
2720 203.0
2721 0.0
2722 203.0
2723 204.0
2724 114.0
2725 203.0
2726 204.0
2727 0.0
2728 87.0
2729 204.0
2730 203.0
2731 204.0
2732 203.0
2733 204.0
2734 203.0
2735 204.0
2736 0.0
2737 204.0
2738 169.0
2739 204.0
2740 203.0
2741 203.0
2742 204.0
2743 204.0
2744 98.0
2745 204.0
2746 204.0
2747 203.0
2748 204.0
2749 204.0
2750 204.0
2751 109.0
2752 33.0
2753 203.0
2754 252.0
2755 203.0
2756 0.0
2757 204.0
2758 204.0
2759 32.0
2760 204.0
2761 204.0
2762 203.0
2763 204.0
2764 204.0
2765 203.0
2766 204.0
2767 204.0
2768 120.0
2769 30.0
2770 204.0
2771 203.0
2772 0.0
2773 204.0
2774 252.0
2775 33.0
2776 172.0
2777 252.0
2778 0.0
2779 203.0
2780 204.0
2781 38.0
2782 204.0
2783 203.0
2784 204.0
2785 203.0
2786 19.0
2787 32.0
2788 204.0
2789 203.0
2790 204.0
2791 33.0
2792 203.0
2793 1.0
2794 204.0
2795 98.0
2796 204.0
2797 251.0
2798 204.0
2799 204.0
2800 203.0
2801 32.0
2802 109.0
2803 203.0
2804 204.0
2805 252.0
2806 203.0
2807 0.0
2808 204.0
2809 204.0
2810 204.0
2811 204.0
2812 98.0
2813 203.0
2814 204.0
2815 203.0
2816 204.0
2817 33.0
2818 203.0
2819 103.0
2820 152.0
2821 252.0
2822 203.0
2823 204.0
2824 44.0
2825 203.0
2826 114.0
2827 203.0
2828 252.0
2829 204.0
2830 30.0
2831 204.0
2832 204.0
2833 251.0
2834 203.0
2835 204.0
2836 49.0
2837 0.0
2838 204.0
2839 32.0
2840 203.0
2841 109.0
2842 30.0
2843 203.0
2844 204.0
2845 203.0
2846 204.0
2847 204.0
2848 203.0
2849 204.0
2850 204.0
2851 204.0
2852 203.0
2853 38.0
2854 203.0
2855 98.0
2856 252.0
2857 203.0
2858 0.0
2859 0.0
2860 252.0
2861 204.0
2862 204.0
2863 204.0
2864 203.0
2865 203.0
2866 0.0
2867 204.0
2868 204.0
2869 32.0
2870 98.0
2871 30.0
2872 252.0
2873 109.0
2874 203.0
2875 44.0
2876 203.0
2877 114.0
2878 203.0
2879 204.0
2880 32.0
2881 158.0
2882 252.0
2883 203.0
2884 204.0
2885 204.0
2886 203.0
2887 203.0
2888 204.0
2889 30.0
2890 204.0
2891 251.0
2892 204.0
2893 203.0
2894 203.0
2895 204.0
2896 204.0
2897 203.0
2898 204.0
2899 252.0
2900 203.0
2901 204.0
2902 204.0
2903 204.0
2904 109.0
2905 32.0
2906 251.0
2907 252.0
2908 203.0
2909 204.0
2910 204.0
2911 204.0
2912 204.0
2913 204.0
2914 203.0
2915 203.0
2916 204.0
2917 204.0
2918 203.0
2919 87.0
2920 203.0
2921 204.0
2922 30.0
2923 204.0
2924 204.0
2925 0.0
2926 38.0
2927 204.0
2928 115.0
2929 98.0
2930 204.0
2931 32.0
2932 0.0
2933 203.0
2934 203.0
2935 204.0
2936 203.0
2937 203.0
2938 203.0
2939 33.0
2940 38.0
2941 252.0
2942 203.0
2943 203.0
2944 203.0
2945 203.0
2946 38.0
2947 204.0
2948 98.0
2949 204.0
2950 204.0
2951 204.0
2952 204.0
2953 203.0
2954 114.0
2955 38.0
2956 204.0
2957 203.0
2958 252.0
2959 203.0
2960 0.0
2961 204.0
2962 204.0
2963 25.0
2964 204.0
2965 203.0
2966 203.0
2967 205.0
2968 203.0
2969 252.0
2970 204.0
2971 204.0
2972 103.0
2973 152.0
2974 252.0
2975 204.0
2976 0.0
2977 204.0
2978 252.0
2979 33.0
2980 104.0
2981 204.0
2982 30.0
2983 0.0
2984 204.0
2985 204.0
2986 204.0
2987 203.0
2988 204.0
2989 49.0
2990 204.0
2991 38.0
2992 204.0
2993 203.0
2994 103.0
2995 203.0
2996 203.0
2997 204.0
2998 203.0
2999 98.0
3000 204.0
3001 204.0
3002 204.0
3003 204.0
3004 204.0
3005 32.0
3006 103.0
3007 204.0
3008 251.0
3009 252.0
3010 203.0
3011 25.0
3012 203.0
3013 204.0
3014 204.0
3015 251.0
3016 204.0
3017 103.0
3018 204.0
3019 203.0
3020 204.0
3021 204.0
3022 203.0
3023 103.0
3024 169.0
3025 252.0
3026 109.0
3027 203.0
3028 44.0
3029 203.0
3030 98.0
3031 203.0
3032 204.0
3033 204.0
3034 158.0
3035 204.0
3036 204.0
3037 103.0
3038 204.0
3039 204.0
3040 49.0
3041 1.0
3042 203.0
3043 252.0
3044 203.0
3045 203.0
3046 33.0
3047 203.0
3048 204.0
3049 204.0
3050 203.0
3051 32.0
3052 203.0
3053 204.0
3054 204.0
3055 204.0
3056 203.0
3057 98.0
3058 203.0
3059 98.0
3060 252.0
3061 203.0
3062 0.0
3063 203.0
3064 203.0
3065 203.0
3066 204.0
3067 203.0
3068 203.0
3069 204.0
3070 98.0
3071 203.0
3072 204.0
3073 203.0
3074 104.0
3075 30.0
3076 252.0
3077 203.0
3078 203.0
3079 204.0
3080 204.0
3081 114.0
3082 0.0
3083 204.0
3084 204.0
3085 25.0
3086 204.0
3087 204.0
3088 32.0
3089 203.0
3090 204.0
3091 204.0
3092 252.0
3093 203.0
3094 0.0
3095 32.0
3096 204.0
3097 33.0
3098 203.0
3099 204.0
3100 32.0
3101 203.0
3102 204.0
3103 203.0
3104 203.0
3105 203.0
3106 203.0
3107 204.0
3108 38.0
3109 203.0
3110 204.0
3111 252.0
3112 203.0
3113 30.0
3114 204.0
3115 204.0
3116 203.0
3117 204.0
3118 204.0
3119 203.0
3120 109.0
3121 98.0
3122 203.0
3123 204.0
3124 204.0
3125 114.0
3126 30.0
3127 204.0
3128 204.0
3129 0.0
3130 204.0
3131 204.0
3132 109.0
3133 98.0
3134 251.0
3135 204.0
3136 0.0
3137 203.0
3138 204.0
3139 204.0
3140 203.0
3141 204.0
3142 203.0
3143 19.0
3144 203.0
3145 204.0
3146 204.0
3147 204.0
3148 203.0
3149 203.0
3150 203.0
3151 204.0
3152 98.0
3153 204.0
3154 204.0
3155 32.0
3156 204.0
3157 203.0
3158 203.0
3159 38.0
3160 203.0
3161 204.0
3162 252.0
3163 203.0
3164 30.0
3165 204.0
3166 204.0
3167 203.0
3168 204.0
3169 203.0
3170 204.0
3171 120.0
3172 204.0
3173 203.0
3174 203.0
3175 109.0
3176 120.0
3177 0.0
3178 252.0
3179 104.0
3180 0.0
3181 44.0
3182 203.0
3183 0.0
3184 204.0
3185 204.0
3186 203.0
3187 0.0
3188 203.0
3189 203.0
3190 204.0
3191 0.0
3192 203.0
3193 0.0
3194 1.0
3195 204.0
3196 204.0
3197 204.0
3198 204.0
3199 203.0
3200 203.0
3201 204.0
3202 204.0
3203 180.0
3204 204.0
3205 203.0
3206 204.0
3207 204.0
3208 204.0
3209 204.0
3210 98.0
3211 109.0
3212 203.0
3213 252.0
3214 203.0
3215 30.0
3216 204.0
3217 203.0
3218 204.0
3219 204.0
3220 204.0
3221 203.0
3222 204.0
3223 203.0
3224 204.0
3225 203.0
3226 30.0
3227 120.0
3228 38.0
3229 252.0
3230 203.0
3231 203.0
3232 44.0
3233 203.0
3234 33.0
3235 204.0
3236 103.0
3237 0.0
3238 20.0
3239 204.0
3240 204.0
3241 204.0
3242 0.0
3243 204.0
3244 203.0
3245 204.0
3246 0.0
3247 252.0
3248 32.0
3249 204.0
3250 33.0
3251 203.0
3252 204.0
3253 204.0
3254 204.0
3255 204.0
3256 32.0
3257 223.0
3258 203.0
3259 203.0
3260 204.0
3261 109.0
3262 204.0
3263 98.0
3264 252.0
3265 203.0
3266 203.0
3267 203.0
3268 204.0
3269 204.0
3270 251.0
3271 204.0
3272 203.0
3273 204.0
3274 98.0
3275 204.0
3276 203.0
3277 203.0
3278 103.0
3279 32.0
3280 204.0
3281 104.0
3282 203.0
3283 204.0
3284 204.0
3285 203.0
3286 30.0
3287 204.0
3288 0.0
3289 25.0
3290 204.0
3291 169.0
3292 204.0
3293 0.0
3294 204.0
3295 49.0
3296 25.0
3297 204.0
3298 204.0
3299 204.0
3300 204.0
3301 203.0
3302 203.0
3303 0.0
3304 204.0
3305 204.0
3306 204.0
3307 32.0
3308 203.0
3309 204.0
3310 203.0
3311 204.0
3312 109.0
3313 204.0
3314 203.0
3315 252.0
3316 109.0
3317 30.0
3318 204.0
3319 252.0
3320 203.0
3321 204.0
3322 204.0
3323 204.0
3324 204.0
3325 204.0
3326 203.0
3327 33.0
3328 204.0
3329 114.0
3330 152.0
3331 252.0
3332 203.0
3333 0.0
3334 44.0
3335 203.0
3336 115.0
3337 32.0
3338 240.0
3339 0.0
3340 0.0
3341 204.0
3342 203.0
3343 204.0
3344 203.0
3345 252.0
3346 38.0
3347 204.0
3348 204.0
3349 204.0
3350 204.0
3351 30.0
3352 203.0
3353 203.0
3354 204.0
3355 204.0
3356 169.0
3357 204.0
3358 204.0
3359 242.0
3360 204.0
3361 204.0
3362 32.0
3363 204.0
3364 204.0
3365 204.0
3366 252.0
3367 203.0
3368 32.0
3369 203.0
3370 204.0
3371 32.0
3372 204.0
3373 204.0
3374 204.0
3375 203.0
3376 203.0
3377 204.0
3378 203.0
3379 109.0
3380 120.0
3381 158.0
3382 252.0
3383 204.0
3384 0.0
3385 44.0
3386 203.0
3387 33.0
3388 203.0
3389 204.0
3390 203.0
3391 169.0
3392 252.0
3393 32.0
3394 204.0
3395 0.0
3396 203.0
3397 203.0
3398 6.0
3399 204.0
3400 204.0
3401 204.0
3402 109.0
3403 30.0
3404 203.0
3405 204.0
3406 204.0
3407 203.0
3408 204.0
3409 32.0
3410 204.0
3411 203.0
3412 204.0
3413 204.0
3414 204.0
3415 204.0
3416 252.0
3417 252.0
3418 204.0
3419 0.0
3420 204.0
3421 204.0
3422 203.0
3423 204.0
3424 204.0
3425 203.0
3426 203.0
3427 203.0
3428 204.0
3429 203.0
3430 109.0
3431 203.0
3432 32.0
3433 252.0
3434 103.0
3435 203.0
3436 204.0
3437 204.0
3438 33.0
3439 203.0
3440 204.0
3441 0.0
3442 98.0
3443 204.0
3444 203.0
3445 204.0
3446 0.0
3447 204.0
3448 203.0
3449 25.0
3450 204.0
3451 204.0
3452 203.0
3453 203.0
3454 33.0
3455 203.0
3456 204.0
3457 204.0
3458 203.0
3459 204.0
3460 204.0
3461 204.0
3462 204.0
3463 203.0
3464 203.0
3465 203.0
3466 0.0
3467 98.0
3468 252.0
3469 204.0
3470 0.0
3471 203.0
3472 204.0
3473 204.0
3474 204.0
3475 204.0
3476 203.0
3477 120.0
3478 204.0
3479 204.0
3480 204.0
3481 109.0
3482 104.0
3483 204.0
3484 204.0
3485 104.0
3486 203.0
3487 12.0
3488 252.0
3489 114.0
3490 98.0
3491 204.0
3492 0.0
3493 0.0
3494 252.0
3495 204.0
3496 204.0
3497 30.0
3498 204.0
3499 43.0
3500 33.0
3501 0.0
3502 204.0
3503 204.0
3504 38.0
3505 203.0
3506 203.0
3507 32.0
3508 204.0
3509 204.0
3510 204.0
3511 204.0
3512 203.0
3513 204.0
3514 203.0
3515 204.0
3516 203.0
3517 204.0
3518 203.0
3519 252.0
3520 204.0
3521 30.0
3522 0.0
3523 204.0
3524 32.0
3525 204.0
3526 204.0
3527 203.0
3528 203.0
3529 98.0
3530 204.0
3531 203.0
3532 204.0
3533 103.0
3534 204.0
3535 252.0
3536 203.0
3537 0.0
3538 44.0
3539 203.0
3540 114.0
3541 204.0
3542 229.0
3543 203.0
3544 169.0
3545 204.0
3546 32.0
3547 204.0
3548 0.0
3549 204.0
3550 49.0
3551 203.0
3552 204.0
3553 252.0
3554 204.0
3555 203.0
3556 203.0
3557 203.0
3558 204.0
3559 204.0
3560 180.0
3561 204.0
3562 204.0
3563 203.0
3564 204.0
3565 204.0
3566 203.0
3567 109.0
3568 204.0
3569 204.0
3570 252.0
3571 203.0
3572 33.0
3573 204.0
3574 204.0
3575 32.0
3576 204.0
3577 204.0
3578 203.0
3579 204.0
3580 204.0
3581 204.0
3582 252.0
3583 25.0
3584 103.0
3585 147.0
3586 252.0
3587 203.0
3588 0.0
3589 44.0
3590 203.0
3591 33.0
3592 203.0
3593 204.0
3594 203.0
3595 98.0
3596 252.0
3597 204.0
3598 204.0
3599 0.0
3600 204.0
3601 203.0
3602 203.0
3603 251.0
3604 204.0
3605 98.0
3606 203.0
3607 33.0
3608 203.0
3609 204.0
3610 204.0
3611 38.0
3612 204.0
3613 203.0
3614 203.0
3615 204.0
3616 204.0
3617 204.0
3618 114.0
3619 204.0
3620 98.0
3621 252.0
3622 204.0
3623 0.0
3624 204.0
3625 204.0
3626 203.0
3627 204.0
3628 98.0
3629 203.0
3630 204.0
3631 204.0
3632 204.0
3633 32.0
3634 38.0
3635 104.0
3636 0.0
3637 252.0
3638 98.0
3639 203.0
3640 204.0
3641 204.0
3642 33.0
3643 203.0
3644 1.0
3645 0.0
3646 98.0
3647 204.0
3648 19.0
3649 204.0
3650 33.0
3651 204.0
3652 203.0
3653 204.0
3654 252.0
3655 204.0
3656 203.0
3657 33.0
3658 33.0
3659 204.0
3660 1.0
3661 0.0
3662 203.0
3663 204.0
3664 252.0
3665 203.0
3666 204.0
3667 203.0
3668 204.0
3669 109.0
3670 203.0
3671 203.0
3672 252.0
3673 203.0
3674 32.0
3675 204.0
3676 252.0
3677 203.0
3678 204.0
3679 252.0
3680 203.0
3681 203.0
3682 204.0
3683 203.0
3684 203.0
3685 204.0
3686 104.0
3687 204.0
3688 204.0
3689 104.0
3690 204.0
3691 204.0
3692 252.0
3693 114.0
3694 33.0
3695 204.0
3696 203.0
3697 204.0
3698 204.0
3699 169.0
3700 204.0
3701 203.0
3702 204.0
3703 0.0
3704 203.0
3705 6.0
3706 204.0
3707 204.0
3708 204.0
3709 203.0
3710 203.0
3711 204.0
3712 204.0
3713 38.0
3714 204.0
3715 203.0
3716 203.0
3717 204.0
3718 204.0
3719 204.0
3720 109.0
3721 204.0
3722 203.0
3723 252.0
3724 204.0
3725 32.0
3726 25.0
3727 204.0
3728 204.0
3729 204.0
3730 204.0
3731 203.0
3732 204.0
3733 98.0
3734 204.0
3735 204.0
3736 204.0
3737 103.0
3738 204.0
3739 204.0
3740 203.0
3741 203.0
3742 44.0
3743 203.0
3744 33.0
3745 203.0
3746 204.0
3747 204.0
3748 169.0
3749 204.0
3750 0.0
3751 204.0
3752 0.0
3753 252.0
3754 38.0
3755 203.0
3756 204.0
3757 252.0
3758 204.0
3759 203.0
3760 203.0
3761 204.0
3762 204.0
3763 204.0
3764 38.0
3765 204.0
3766 204.0
3767 223.0
3768 204.0
3769 104.0
3770 204.0
3771 104.0
3772 251.0
3773 203.0
3774 252.0
3775 32.0
3776 30.0
3777 204.0
3778 204.0
3779 203.0
3780 204.0
3781 204.0
3782 203.0
3783 204.0
3784 203.0
3785 204.0
3786 32.0
3787 203.0
3788 103.0
3789 153.0
3790 252.0
3791 204.0
3792 0.0
3793 44.0
3794 252.0
3795 32.0
3796 32.0
3797 38.0
3798 25.0
3799 204.0
3800 251.0
3801 14.0
3802 204.0
3803 32.0
3804 204.0
3805 203.0
3806 203.0
3807 251.0
3808 204.0
3809 30.0
3810 103.0
3811 33.0
3812 203.0
3813 204.0
3814 252.0
3815 204.0
3816 204.0
3817 203.0
3818 203.0
3819 104.0
3820 204.0
3821 204.0
3822 114.0
3823 203.0
3824 203.0
3825 252.0
3826 203.0
3827 30.0
3828 203.0
3829 204.0
3830 204.0
3831 204.0
3832 203.0
3833 203.0
3834 204.0
3835 204.0
3836 204.0
3837 32.0
3838 204.0
3839 114.0
3840 152.0
3841 204.0
3842 103.0
3843 203.0
3844 204.0
3845 204.0
3846 114.0
3847 203.0
3848 103.0
3849 0.0
3850 98.0
3851 252.0
3852 204.0
3853 204.0
3854 203.0
3855 204.0
3856 203.0
3857 203.0
3858 204.0
3859 204.0
3860 204.0
3861 203.0
3862 203.0
3863 203.0
3864 204.0
3865 203.0
3866 203.0
3867 49.0
3868 203.0
3869 203.0
3870 204.0
3871 204.0
3872 204.0
3873 104.0
3874 204.0
3875 204.0
3876 252.0
3877 204.0
3878 32.0
3879 203.0
3880 204.0
3881 203.0
3882 251.0
3883 203.0
3884 203.0
3885 204.0
3886 251.0
3887 252.0
3888 87.0
3889 0.0
3890 104.0
3891 204.0
3892 204.0
3893 203.0
3894 203.0
3895 12.0
3896 203.0
3897 33.0
3898 203.0
3899 204.0
3900 203.0
3901 169.0
3902 204.0
3903 104.0
3904 204.0
3905 203.0
3906 204.0
3907 43.0
3908 204.0
3909 204.0
3910 204.0
3911 204.0
3912 203.0
3913 203.0
3914 204.0
3915 32.0
3916 204.0
3917 204.0
3918 204.0
3919 203.0
3920 203.0
3921 203.0
3922 204.0
3923 204.0
3924 109.0
3925 204.0
3926 204.0
3927 252.0
3928 203.0
3929 32.0
3930 204.0
3931 204.0
3932 203.0
3933 204.0
3934 203.0
3935 203.0
3936 204.0
3937 251.0
3938 204.0
3939 204.0
3940 203.0
3941 103.0
3942 152.0
3943 203.0
3944 204.0
3945 204.0
3946 44.0
3947 204.0
3948 203.0
3949 104.0
3950 204.0
3951 204.0
3952 203.0
3953 252.0
3954 14.0
3955 204.0
3956 32.0
3957 204.0
3958 203.0
3959 204.0
3960 203.0
3961 204.0
3962 252.0
3963 204.0
3964 203.0
3965 204.0
3966 204.0
3967 203.0
3968 203.0
3969 204.0
3970 204.0
3971 204.0
3972 203.0
3973 104.0
3974 203.0
3975 103.0
3976 204.0
3977 204.0
3978 252.0
3979 204.0
3980 32.0
3981 203.0
3982 204.0
3983 203.0
3984 204.0
3985 203.0
3986 203.0
3987 204.0
3988 204.0
3989 204.0
3990 204.0
3991 0.0
3992 103.0
3993 169.0
3994 204.0
3995 203.0
3996 0.0
3997 204.0
3998 204.0
3999 109.0
4000 203.0
4001 203.0
4002 204.0
4003 204.0
4004 252.0
4005 14.0
4006 204.0
4007 0.0
4008 204.0
4009 203.0
4010 204.0
4011 204.0
4012 204.0
4013 104.0
4014 103.0
4015 203.0
4016 203.0
4017 29.0
4018 203.0
4019 204.0
4020 204.0
4021 203.0
4022 204.0
4023 204.0
4024 204.0
4025 203.0
4026 204.0
4027 204.0
4028 98.0
4029 252.0
4030 204.0
4031 32.0
4032 0.0
4033 204.0
4034 203.0
4035 204.0
4036 203.0
4037 203.0
4038 204.0
4039 204.0
4040 204.0
4041 33.0
4042 32.0
4043 98.0
4044 204.0
4045 204.0
4046 98.0
4047 0.0
4048 44.0
4049 109.0
4050 204.0
4051 203.0
4052 32.0
4053 204.0
4054 169.0
4055 252.0
4056 32.0
4057 252.0
4058 0.0
4059 204.0
4060 203.0
4061 19.0
4062 204.0
4063 252.0
4064 204.0
4065 204.0
4066 203.0
4067 203.0
4068 204.0
4069 204.0
4070 251.0
4071 204.0
4072 204.0
4073 203.0
4074 203.0
4075 252.0
4076 203.0
4077 203.0
4078 204.0
4079 98.0
4080 252.0
4081 204.0
4082 30.0
4083 204.0
4084 204.0
4085 203.0
4086 204.0
4087 204.0
4088 203.0
4089 203.0
4090 105.0
4091 204.0
4092 204.0
4093 203.0
4094 104.0
4095 204.0
4096 203.0
4097 0.0
4098 203.0
4099 44.0
4100 109.0
4101 33.0
4102 203.0
4103 204.0
4104 204.0
4105 203.0
4106 252.0
4107 0.0
4108 204.0
4109 203.0
4110 252.0
4111 30.0
4112 203.0
4113 204.0
4114 204.0
4115 204.0
4116 103.0
4117 203.0
4118 203.0
4119 204.0
4120 203.0
4121 203.0
4122 204.0
4123 252.0
4124 204.0
4125 204.0
4126 204.0
4127 204.0
4128 109.0
4129 203.0
4130 203.0
4131 252.0
4132 104.0
4133 203.0
4134 204.0
4135 204.0
4136 203.0
4137 204.0
4138 203.0
4139 203.0
4140 203.0
4141 105.0
4142 204.0
4143 204.0
4144 204.0
4145 103.0
4146 0.0
4147 252.0
4148 204.0
4149 203.0
4150 44.0
4151 204.0
4152 0.0
4153 32.0
4154 252.0
4155 203.0
4156 0.0
4157 252.0
4158 14.0
4159 204.0
4160 0.0
4161 204.0
4162 0.0
4163 1.0
4164 252.0
4165 204.0
4166 203.0
4167 203.0
4168 203.0
4169 203.0
4170 19.0
4171 204.0
4172 251.0
4173 203.0
4174 204.0
4175 203.0
4176 204.0
4177 204.0
4178 204.0
4179 109.0
4180 203.0
4181 203.0
4182 252.0
4183 203.0
4184 30.0
4185 38.0
4186 204.0
4187 203.0
4188 204.0
4189 204.0
4190 203.0
4191 203.0
4192 98.0
4193 204.0
4194 252.0
4195 204.0
4196 103.0
4197 152.0
4198 204.0
4199 203.0
4200 0.0
4201 204.0
4202 204.0
4203 98.0
4204 104.0
4205 103.0
4206 0.0
4207 203.0
4208 252.0
4209 203.0
4210 204.0
4211 203.0
4212 204.0
4213 204.0
4214 203.0
4215 252.0
4216 204.0
4217 204.0
4218 204.0
4219 203.0
4220 204.0
4221 32.0
4222 204.0
4223 204.0
4224 204.0
4225 204.0
4226 203.0
4227 203.0
4228 204.0
4229 204.0
4230 204.0
4231 203.0
4232 204.0
4233 252.0
4234 204.0
4235 25.0
4236 204.0
4237 204.0
4238 203.0
4239 204.0
4240 204.0
4241 203.0
4242 204.0
4243 204.0
4244 204.0
4245 33.0
4246 203.0
4247 104.0
4248 158.0
4249 204.0
4250 203.0
4251 0.0
4252 44.0
4253 252.0
4254 203.0
4255 204.0
4256 204.0
4257 0.0
4258 169.0
4259 252.0
4260 203.0
4261 204.0
4262 203.0
4263 204.0
4264 204.0
4265 19.0
4266 252.0
4267 252.0
4268 204.0
4269 203.0
4270 203.0
4271 203.0
4272 204.0
4273 203.0
4274 0.0
4275 204.0
4276 204.0
4277 203.0
4278 204.0
4279 204.0
4280 32.0
4281 204.0
4282 203.0
4283 203.0
4284 252.0
4285 204.0
4286 0.0
4287 204.0
4288 204.0
4289 203.0
4290 204.0
4291 203.0
4292 203.0
4293 204.0
4294 204.0
4295 204.0
4296 33.0
4297 203.0
4298 103.0
4299 204.0
4300 204.0
4301 0.0
4302 203.0
4303 44.0
4304 32.0
4305 30.0
4306 104.0
4307 204.0
4308 203.0
4309 169.0
4310 252.0
4311 33.0
4312 204.0
4313 203.0
4314 204.0
4315 44.0
4316 204.0
4317 252.0
4318 252.0
4319 203.0
4320 204.0
4321 203.0
4322 203.0
4323 204.0
4324 204.0
4325 0.0
4326 204.0
4327 204.0
4328 203.0
4329 204.0
4330 204.0
4331 203.0
4332 204.0
4333 203.0
4334 98.0
4335 252.0
4336 204.0
4337 32.0
4338 204.0
4339 204.0
4340 204.0
4341 204.0
4342 203.0
4343 203.0
4344 203.0
4345 204.0
4346 204.0
4347 204.0
4348 204.0
4349 109.0
4350 0.0
4351 252.0
4352 203.0
4353 204.0
4354 204.0
4355 204.0
4356 203.0
4357 109.0
4358 204.0
4359 0.0
4360 204.0
4361 252.0
4362 0.0
4363 204.0
4364 203.0
4365 204.0
4366 204.0
4367 204.0
4368 204.0
4369 252.0
4370 204.0
4371 204.0
4372 203.0
4373 204.0
4374 98.0
4375 204.0
4376 204.0
4377 203.0
4378 204.0
4379 203.0
4380 204.0
4381 204.0
4382 203.0
4383 203.0
4384 203.0
4385 203.0
4386 252.0
4387 0.0
4388 30.0
4389 203.0
4390 204.0
4391 32.0
4392 204.0
4393 204.0
4394 103.0
4395 204.0
4396 98.0
4397 204.0
4398 204.0
4399 32.0
4400 104.0
4401 204.0
4402 252.0
4403 204.0
4404 0.0
4405 44.0
4406 252.0
4407 203.0
4408 203.0
4409 204.0
4410 203.0
4411 169.0
4412 252.0
4413 203.0
4414 204.0
4415 0.0
4416 203.0
4417 204.0
4418 203.0
4419 203.0
4420 252.0
4421 251.0
4422 204.0
4423 203.0
4424 204.0
4425 204.0
4426 204.0
4427 251.0
4428 204.0
4429 204.0
4430 204.0
4431 204.0
4432 204.0
4433 32.0
4434 203.0
4435 203.0
4436 203.0
4437 252.0
4438 203.0
4439 30.0
4440 203.0
4441 204.0
4442 203.0
4443 251.0
4444 204.0
4445 203.0
4446 204.0
4447 98.0
4448 204.0
4449 204.0
4450 203.0
4451 104.0
4452 153.0
4453 252.0
4454 104.0
4455 0.0
4456 44.0
4457 203.0
4458 204.0
4459 203.0
4460 252.0
4461 203.0
4462 203.0
4463 252.0
4464 204.0
4465 204.0
4466 0.0
4467 204.0
4468 204.0
4469 203.0
4470 204.0
4471 204.0
4472 203.0
4473 204.0
4474 203.0
4475 203.0
4476 204.0
4477 204.0
4478 0.0
4479 203.0
4480 204.0
4481 203.0
4482 32.0
4483 204.0
4484 203.0
4485 98.0
4486 203.0
4487 103.0
4488 252.0
4489 204.0
4490 32.0
4491 30.0
4492 204.0
4493 203.0
4494 204.0
4495 203.0
4496 203.0
4497 203.0
4498 240.0
4499 204.0
4500 33.0
4501 203.0
4502 120.0
4503 20.0
4504 204.0
4505 204.0
4506 115.0
4507 203.0
4508 204.0
4509 30.0
4510 204.0
4511 204.0
4512 0.0
4513 204.0
4514 252.0
4515 0.0
4516 204.0
4517 203.0
4518 204.0
4519 33.0
4520 6.0
4521 203.0
4522 252.0
4523 251.0
4524 204.0
4525 203.0
4526 203.0
4527 31.0
4528 203.0
4529 44.0
4530 203.0
4531 204.0
4532 204.0
4533 204.0
4534 204.0
4535 203.0
4536 203.0
4537 203.0
4538 203.0
4539 252.0
4540 203.0
4541 32.0
4542 204.0
4543 204.0
4544 203.0
4545 204.0
4546 204.0
4547 203.0
4548 204.0
4549 204.0
4550 204.0
4551 38.0
4552 204.0
4553 120.0
4554 153.0
4555 204.0
4556 204.0
4557 203.0
4558 204.0
4559 204.0
4560 0.0
4561 204.0
4562 204.0
4563 0.0
4564 204.0
4565 252.0
4566 204.0
4567 204.0
4568 0.0
4569 204.0
4570 204.0
4571 1.0
4572 204.0
4573 204.0
4574 204.0
4575 204.0
4576 33.0
4577 203.0
4578 98.0
4579 204.0
4580 251.0
4581 204.0
4582 204.0
4583 203.0
4584 204.0
4585 204.0
4586 204.0
4587 203.0
4588 203.0
4589 251.0
4590 252.0
4591 0.0
4592 33.0
4593 252.0
4594 204.0
4595 203.0
4596 203.0
4597 204.0
4598 203.0
4599 204.0
4600 98.0
4601 204.0
4602 204.0
4603 32.0
4604 114.0
4605 0.0
4606 252.0
4607 0.0
4608 0.0
4609 44.0
4610 204.0
4611 204.0
4612 203.0
4613 204.0
4614 203.0
4615 204.0
4616 204.0
4617 204.0
4618 204.0
4619 203.0
4620 204.0
4621 204.0
4622 0.0
4623 204.0
4624 252.0
4625 204.0
4626 203.0
4627 203.0
4628 203.0
4629 204.0
4630 204.0
4631 251.0
4632 203.0
4633 203.0
4634 203.0
4635 204.0
4636 204.0
4637 203.0
4638 204.0
4639 203.0
4640 203.0
4641 252.0
4642 204.0
4643 25.0
4644 25.0
4645 204.0
4646 203.0
4647 251.0
4648 203.0
4649 203.0
4650 203.0
4651 204.0
4652 203.0
4653 204.0
4654 203.0
4655 114.0
4656 152.0
4657 252.0
4658 169.0
4659 109.0
4660 44.0
4661 203.0
4662 0.0
4663 33.0
4664 203.0
4665 25.0
4666 203.0
4667 252.0
4668 204.0
4669 204.0
4670 0.0
4671 204.0
4672 204.0
4673 204.0
4674 252.0
4675 204.0
4676 98.0
4677 33.0
4678 203.0
4679 204.0
4680 204.0
4681 204.0
4682 38.0
4683 204.0
4684 204.0
4685 203.0
4686 204.0
4687 204.0
4688 204.0
4689 33.0
4690 203.0
4691 204.0
4692 252.0
4693 203.0
4694 203.0
4695 204.0
4696 204.0
4697 203.0
4698 204.0
4699 204.0
4700 203.0
4701 203.0
4702 103.0
4703 203.0
4704 204.0
4705 203.0
4706 120.0
4707 20.0
4708 204.0
4709 203.0
4710 0.0
4711 204.0
4712 204.0
4713 30.0
4714 32.0
4715 32.0
4716 25.0
4717 0.0
4718 252.0
4719 0.0
4720 204.0
4721 32.0
4722 204.0
4723 204.0
4724 0.0
4725 204.0
4726 204.0
4727 169.0
4728 204.0
4729 203.0
4730 203.0
4731 204.0
4732 204.0
4733 203.0
4734 204.0
4735 204.0
4736 204.0
4737 204.0
4738 109.0
4739 204.0
4740 203.0
4741 203.0
4742 204.0
4743 252.0
4744 203.0
4745 32.0
4746 204.0
4747 204.0
4748 203.0
4749 251.0
4750 203.0
4751 203.0
4752 204.0
4753 114.0
4754 204.0
4755 204.0
4756 203.0
4757 120.0
4758 30.0
4759 252.0
4760 204.0
4761 0.0
4762 44.0
4763 252.0
4764 204.0
4765 203.0
4766 204.0
4767 203.0
4768 203.0
4769 252.0
4770 203.0
4771 252.0
4772 203.0
4773 204.0
4774 204.0
4775 25.0
4776 204.0
4777 252.0
4778 204.0
4779 204.0
4780 203.0
4781 204.0
4782 204.0
4783 203.0
4784 103.0
4785 203.0
4786 204.0
4787 203.0
4788 204.0
4789 204.0
4790 1.0
4791 203.0
4792 203.0
4793 203.0
4794 252.0
4795 204.0
4796 204.0
4797 204.0
4798 204.0
4799 203.0
4800 203.0
4801 203.0
4802 203.0
4803 203.0
4804 204.0
4805 204.0
4806 204.0
4807 109.0
4808 114.0
4809 20.0
4810 204.0
4811 203.0
4812 203.0
4813 44.0
4814 204.0
4815 204.0
4816 33.0
4817 203.0
4818 0.0
4819 169.0
4820 204.0
4821 204.0
4822 204.0
4823 204.0
4824 252.0
4825 204.0
4826 0.0
4827 204.0
4828 252.0
4829 204.0
4830 204.0
4831 203.0
4832 203.0
4833 204.0
4834 204.0
4835 38.0
4836 203.0
4837 204.0
4838 204.0
4839 204.0
4840 204.0
4841 32.0
4842 204.0
4843 203.0
4844 251.0
4845 252.0
4846 203.0
4847 32.0
4848 203.0
4849 204.0
4850 203.0
4851 203.0
4852 203.0
4853 203.0
4854 203.0
4855 204.0
4856 203.0
4857 204.0
4858 203.0
4859 114.0
4860 30.0
4861 252.0
4862 0.0
4863 203.0
4864 44.0
4865 204.0
4866 0.0
4867 204.0
4868 204.0
4869 0.0
4870 204.0
4871 252.0
4872 0.0
4873 204.0
4874 203.0
4875 204.0
4876 204.0
4877 32.0
4878 203.0
4879 252.0
4880 104.0
4881 204.0
4882 203.0
4883 204.0
4884 204.0
4885 204.0
4886 38.0
4887 204.0
4888 204.0
4889 204.0
4890 204.0
4891 204.0
4892 204.0
4893 98.0
4894 203.0
4895 251.0
4896 252.0
4897 30.0
4898 203.0
4899 204.0
4900 204.0
4901 204.0
4902 204.0
4903 203.0
4904 203.0
4905 204.0
4906 204.0
4907 203.0
4908 203.0
4909 252.0
4910 120.0
4911 30.0
4912 204.0
4913 204.0
4914 0.0
4915 204.0
4916 204.0
4917 204.0
4918 203.0
4919 204.0
4920 203.0
4921 204.0
4922 252.0
4923 204.0
4924 204.0
4925 203.0
4926 204.0
4927 204.0
4928 32.0
4929 252.0
4930 252.0
4931 203.0
4932 204.0
4933 203.0
4934 204.0
4935 204.0
4936 204.0
4937 33.0
4938 204.0
4939 203.0
4940 204.0
4941 204.0
4942 204.0
4943 0.0
4944 203.0
4945 203.0
4946 204.0
4947 252.0
4948 203.0
4949 30.0
4950 204.0
4951 204.0
4952 32.0
4953 204.0
4954 87.0
4955 203.0
4956 204.0
4957 114.0
4958 38.0
4959 204.0
4960 203.0
4961 114.0
4962 20.0
4963 204.0
4964 203.0
4965 0.0
4966 204.0
4967 204.0
4968 203.0
4969 104.0
4970 204.0
4971 204.0
4972 203.0
4973 252.0
4974 0.0
4975 204.0
4976 203.0
4977 204.0
4978 204.0
4979 19.0
4980 252.0
4981 252.0
4982 251.0
4983 204.0
4984 203.0
4985 203.0
4986 204.0
4987 203.0
4988 33.0
4989 203.0
4990 204.0
4991 204.0
4992 204.0
4993 204.0
4994 32.0
4995 98.0
4996 203.0
4997 251.0
4998 252.0
4999 204.0
5000 203.0
5001 203.0
5002 204.0
5003 204.0
5004 251.0
5005 204.0
5006 203.0
5007 203.0
5008 204.0
5009 203.0
5010 204.0
5011 204.0
5012 203.0
5013 30.0
5014 252.0
5015 203.0
5016 203.0
5017 44.0
5018 204.0
5019 203.0
5020 204.0
5021 204.0
5022 122.0
5023 92.0
5024 252.0
5025 204.0
5026 252.0
5027 204.0
5028 252.0
5029 203.0
5030 19.0
5031 252.0
5032 252.0
5033 104.0
5034 204.0
5035 203.0
5036 203.0
5037 19.0
5038 0.0
5039 33.0
5040 203.0
5041 204.0
5042 203.0
5043 204.0
5044 204.0
5045 33.0
5046 204.0
5047 203.0
5048 203.0
5049 252.0
5050 204.0
5051 33.0
5052 204.0
5053 204.0
5054 203.0
5055 204.0
5056 203.0
5057 203.0
5058 204.0
5059 204.0
5060 203.0
5061 204.0
5062 204.0
5063 120.0
5064 30.0
5065 252.0
5066 203.0
5067 0.0
5068 44.0
5069 204.0
5070 204.0
5071 203.0
5072 204.0
5073 203.0
5074 204.0
5075 252.0
5076 204.0
5077 252.0
5078 203.0
5079 204.0
5080 0.0
5081 1.0
5082 204.0
5083 252.0
5084 204.0
5085 204.0
5086 203.0
5087 204.0
5088 204.0
5089 204.0
5090 38.0
5091 204.0
5092 204.0
5093 204.0
5094 204.0
5095 204.0
5096 203.0
5097 203.0
5098 203.0
5099 204.0
5100 252.0
