1 38.0
2 25.0
3 25.0
4 30.0
5 27.0
6 0.0
7 203.0
8 38.0
9 25.0
10 169.0
11 251.0
12 32.0
13 203.0
14 203.0
15 32.0
16 203.0
17 -1.0
18 38.0
19 25.0
20 32.0
21 203.0
22 30.0
23 32.0
24 114.0
25 30.0
26 30.0
27 203.0
28 30.0
29 32.0
30 38.0
31 32.0
32 164.0
33 30.0
34 203.0
35 32.0
36 32.0
37 30.0
38 38.0
39 203.0
40 30.0
41 33.0
42 203.0
43 203.0
44 32.0
45 38.0
46 203.0
47 32.0
48 25.0
49 25.0
50 30.0
51 251.0
52 215.0
53 0.0
54 0.0
55 30.0
56 0.0
57 0.0
58 203.0
59 180.0
60 25.0
61 249.0
62 215.0
63 32.0
64 197.0
65 203.0
66 0.0
67 0.0
68 1.0
69 32.0
70 0.0
71 32.0
72 203.0
73 114.0
74 33.0
75 251.0
76 30.0
77 33.0
78 0.0
79 0.0
80 33.0
81 0.0
82 1.0
83 204.0
84 0.0
85 32.0
86 243.0
87 0.0
88 0.0
89 203.0
90 25.0
91 203.0
92 32.0
93 243.0
94 0.0
95 32.0
96 0.0
97 0.0
98 0.0
99 0.0
100 33.0
101 30.0
102 251.0
103 6.0
104 0.0
105 87.0
106 30.0
107 0.0
108 0.0
109 30.0
110 251.0
111 6.0
112 218.0
113 217.0
114 6.0
115 203.0
116 204.0
117 203.0
118 32.0
119 6.0
120 33.0
121 25.0
122 1.0
123 33.0
124 180.0
125 32.0
126 49.0
127 0.0
128 6.0
129 33.0
130 0.0
131 6.0
132 0.0
133 32.0
134 38.0
135 203.0
136 32.0
137 0.0
138 251.0
139 44.0
140 32.0
141 251.0
142 0.0
143 38.0
144 171.0
145 33.0
146 32.0
147 0.0
148 0.0
149 25.0
150 169.0
151 38.0
152 30.0
153 251.0
154 0.0
155 32.0
156 38.0
157 203.0
158 169.0
159 0.0
160 91.0
161 0.0
162 0.0
163 169.0
164 209.0
165 5.0
166 30.0
167 32.0
168 203.0
169 0.0
170 32.0
171 30.0
172 0.0
173 32.0
174 203.0
175 215.0
176 32.0
177 0.0
178 32.0
179 31.0
180 44.0
181 0.0
182 247.0
183 1.0
184 38.0
185 203.0
186 44.0
187 0.0
188 0.0
189 0.0
190 203.0
191 32.0
192 0.0
193 0.0
194 174.0
195 251.0
196 32.0
197 32.0
198 0.0
199 32.0
200 0.0
201 0.0
202 204.0
203 209.0
204 251.0
205 33.0
206 0.0
207 0.0
208 203.0
209 1.0
210 0.0
211 203.0
212 38.0
213 32.0
214 161.0
215 251.0
216 25.0
217 190.0
218 203.0
219 0.0
220 30.0
221 203.0
222 32.0
223 0.0
224 32.0
225 38.0
226 6.0
227 32.0
228 204.0
229 32.0
230 33.0
231 32.0
232 0.0
233 0.0
234 0.0
235 38.0
236 32.0
237 0.0
238 169.0
239 0.0
240 251.0
241 49.0
242 203.0
243 0.0
244 38.0
245 33.0
246 109.0
247 203.0
248 217.0
249 0.0
250 0.0
251 38.0
252 0.0
253 203.0
254 6.0
255 251.0
256 6.0
257 0.0
258 38.0
259 203.0
260 169.0
261 0.0
262 203.0
263 1.0
264 0.0
265 160.0
266 0.0
267 32.0
268 203.0
269 177.0
270 32.0
271 0.0
272 43.0
273 32.0
274 203.0
275 180.0
276 203.0
277 180.0
278 32.0
279 0.0
280 34.0
281 32.0
282 0.0
283 60.0
284 87.0
285 32.0
286 231.0
287 38.0
288 215.0
289 32.0
290 0.0
291 0.0
292 202.0
293 32.0
294 251.0
295 0.0
296 44.0
297 80.0
298 32.0
299 0.0
300 6.0
301 0.0
302 0.0
303 0.0
304 30.0
305 33.0
306 251.0
307 6.0
308 0.0
309 32.0
310 38.0
311 203.0
312 215.0
313 32.0
314 0.0
315 0.0
316 160.0
317 251.0
318 32.0
319 33.0
320 203.0
321 251.0
322 0.0
323 0.0
324 25.0
325 0.0
326 1.0
327 30.0
328 251.0
329 33.0
330 0.0
331 0.0
332 204.0
333 0.0
334 0.0
335 0.0
336 32.0
337 26.0
338 0.0
339 44.0
340 201.0
341 0.0
342 0.0
343 251.0
344 169.0
345 0.0
346 0.0
347 180.0
348 191.0
349 203.0
350 32.0
351 0.0
352 203.0
353 0.0
354 0.0
355 30.0
356 217.0
357 251.0
358 30.0
359 0.0
360 0.0
361 38.0
362 0.0
363 0.0
364 44.0
365 32.0
366 0.0
367 161.0
368 217.0
369 30.0
370 217.0
371 204.0
372 0.0
373 33.0
374 32.0
375 38.0
376 33.0
377 32.0
378 203.0
379 251.0
380 203.0
381 204.0
382 44.0
383 31.0
384 0.0
385 0.0
386 169.0
387 0.0
388 38.0
389 33.0
390 0.0
391 191.0
392 0.0
393 0.0
394 251.0
395 32.0
396 0.0
397 203.0
398 0.0
399 109.0
400 203.0
401 30.0
402 0.0
403 32.0
404 0.0
405 169.0
406 203.0
407 0.0
408 251.0
409 217.0
410 32.0
411 0.0
412 203.0
413 0.0
414 0.0
415 203.0
416 0.0
417 0.0
418 169.0
419 251.0
420 30.0
421 6.0
422 38.0
423 251.0
424 32.0
425 33.0
426 203.0
427 25.0
428 169.0
429 44.0
430 251.0
431 32.0
432 0.0
433 217.0
434 31.0
435 0.0
436 0.0
437 0.0
438 33.0
439 38.0
440 174.0
441 0.0
442 201.0
443 32.0
444 0.0
445 215.0
446 203.0
447 243.0
448 32.0
449 225.0
450 80.0
451 31.0
452 0.0
453 6.0
454 32.0
455 0.0
456 0.0
457 203.0
458 0.0
459 251.0
460 6.0
461 0.0
462 30.0
463 38.0
464 252.0
465 0.0
466 32.0
467 191.0
468 0.0
469 252.0
470 215.0
471 0.0
472 33.0
473 204.0
474 0.0
475 0.0
476 6.0
477 32.0
478 203.0
479 1.0
480 203.0
481 32.0
482 203.0
483 204.0
484 25.0
485 169.0
486 0.0
487 0.0
488 32.0
489 33.0
490 26.0
491 38.0
492 33.0
493 31.0
494 30.0
495 0.0
496 251.0
497 203.0
498 0.0
499 0.0
500 0.0
501 84.0
502 38.0
503 0.0
504 38.0
505 6.0
506 0.0
507 0.0
508 204.0
509 0.0
510 252.0
511 209.0
512 0.0
513 25.0
514 203.0
515 203.0
516 252.0
517 203.0
518 203.0
519 0.0
520 209.0
521 203.0
522 6.0
523 203.0
524 203.0
525 169.0
526 203.0
527 203.0
528 203.0
529 251.0
530 252.0
531 203.0
532 32.0
533 203.0
534 186.0
535 251.0
536 224.0
537 0.0
538 203.0
539 177.0
540 169.0
541 203.0
542 0.0
543 6.0
544 203.0
545 203.0
546 252.0
547 0.0
548 215.0
549 0.0
550 32.0
551 203.0
552 125.0
553 203.0
554 203.0
555 38.0
556 32.0
557 252.0
558 0.0
559 243.0
560 0.0
561 252.0
562 203.0
563 30.0
564 203.0
565 203.0
566 98.0
567 204.0
568 203.0
569 13.0
570 32.0
571 160.0
572 217.0
573 30.0
574 98.0
575 49.0
576 203.0
577 203.0
578 203.0
579 32.0
580 18.0
581 203.0
582 251.0
583 251.0
584 203.0
585 203.0
586 203.0
587 203.0
588 0.0
589 203.0
590 151.0
591 203.0
592 33.0
593 169.0
594 38.0
595 203.0
596 104.0
597 203.0
598 0.0
599 215.0
600 6.0
601 25.0
602 38.0
603 32.0
604 0.0
605 203.0
606 32.0
607 32.0
608 203.0
609 109.0
610 104.0
611 0.0
612 252.0
613 203.0
614 111.0
615 203.0
616 60.0
617 98.0
618 0.0
619 0.0
620 209.0
621 0.0
622 251.0
623 0.0
624 0.0
625 0.0
626 252.0
627 209.0
628 203.0
629 203.0
630 0.0
631 203.0
632 203.0
633 33.0
634 215.0
635 203.0
636 186.0
637 203.0
638 169.0
639 0.0
640 0.0
641 161.0
642 251.0
643 1.0
644 251.0
645 33.0
646 32.0
647 44.0
648 252.0
649 169.0
650 30.0
651 0.0
652 0.0
653 38.0
654 169.0
655 32.0
656 0.0
657 0.0
658 0.0
659 203.0
660 38.0
661 252.0
662 203.0
663 252.0
664 6.0
665 251.0
666 30.0
667 38.0
668 252.0
669 98.0
670 0.0
671 191.0
672 38.0
673 252.0
674 251.0
675 0.0
676 203.0
677 251.0
678 103.0
679 251.0
680 203.0
681 33.0
682 203.0
683 2.0
684 251.0
685 180.0
686 203.0
687 204.0
688 38.0
689 38.0
690 0.0
691 0.0
692 0.0
693 32.0
694 0.0
695 203.0
696 6.0
697 203.0
698 203.0
699 98.0
700 252.0
701 180.0
702 0.0
703 203.0
704 252.0
705 32.0
706 203.0
707 38.0
708 38.0
709 32.0
710 33.0
711 0.0
712 203.0
713 203.0
714 252.0
715 169.0
716 203.0
717 30.0
718 49.0
719 203.0
720 204.0
721 203.0
722 203.0
723 5.0
724 214.0
725 203.0
726 38.0
727 203.0
728 251.0
729 0.0
730 252.0
731 203.0
732 25.0
733 1.0
734 0.0
735 49.0
736 251.0
737 203.0
738 203.0
739 203.0
740 38.0
741 17.0
742 203.0
743 203.0
744 203.0
745 32.0
746 203.0
747 0.0
748 252.0
749 203.0
750 203.0
751 203.0
752 241.0
753 0.0
754 25.0
755 203.0
756 98.0
757 203.0
758 38.0
759 32.0
760 6.0
761 38.0
762 6.0
763 203.0
764 174.0
765 252.0
766 203.0
767 251.0
768 203.0
769 251.0
770 203.0
771 204.0
772 30.0
773 252.0
774 0.0
775 0.0
776 0.0
777 33.0
778 98.0
779 203.0
780 0.0
781 30.0
782 203.0
783 203.0
784 251.0
785 203.0
786 33.0
787 251.0
788 0.0
789 204.0
790 203.0
791 251.0
792 206.0
793 203.0
794 0.0
795 203.0
796 0.0
797 103.0
798 252.0
799 251.0
800 203.0
801 203.0
802 203.0
803 241.0
804 17.0
805 0.0
806 203.0
807 203.0
808 32.0
809 38.0
810 32.0
811 0.0
812 203.0
813 6.0
814 203.0
815 0.0
816 252.0
817 203.0
818 251.0
819 30.0
820 4.0
821 252.0
822 0.0
823 32.0
824 251.0
825 1.0
826 252.0
827 169.0
828 5.0
829 0.0
830 25.0
831 203.0
832 252.0
833 203.0
834 33.0
835 203.0
836 14.0
837 251.0
838 0.0
839 203.0
840 204.0
841 38.0
842 203.0
843 203.0
844 203.0
845 32.0
846 98.0
847 0.0
848 30.0
849 1.0
850 252.0
851 203.0
852 252.0
853 203.0
854 203.0
855 1.0
856 203.0
857 203.0
858 203.0
859 203.0
860 38.0
861 38.0
862 30.0
863 203.0
864 38.0
865 104.0
866 237.0
867 252.0
868 6.0
869 252.0
870 252.0
871 4.0
872 251.0
873 203.0
874 203.0
875 252.0
876 33.0
877 252.0
878 252.0
879 203.0
880 203.0
881 49.0
882 0.0
883 0.0
884 203.0
885 25.0
886 203.0
887 169.0
888 203.0
889 191.0
890 251.0
891 204.0
892 0.0
893 38.0
894 203.0
895 0.0
896 203.0
897 32.0
898 251.0
899 251.0
900 6.0
901 251.0
902 203.0
903 203.0
904 251.0
905 252.0
906 6.0
907 43.0
908 44.0
909 203.0
910 203.0
911 38.0
912 32.0
913 203.0
914 252.0
915 0.0
916 203.0
917 203.0
918 252.0
919 0.0
920 203.0
921 252.0
922 191.0
923 203.0
924 204.0
925 203.0
926 252.0
927 33.0
928 44.0
929 203.0
930 251.0
931 251.0
932 203.0
933 203.0
934 251.0
935 203.0
936 25.0
937 203.0
938 203.0
939 203.0
940 251.0
941 251.0
942 204.0
943 203.0
944 203.0
945 203.0
946 0.0
947 203.0
948 252.0
949 203.0
950 251.0
951 6.0
952 251.0
953 98.0
954 252.0
955 252.0
956 215.0
957 17.0
958 203.0
959 203.0
960 203.0
961 33.0
962 38.0
963 32.0
964 214.0
965 203.0
966 0.0
967 203.0
968 0.0
969 252.0
970 203.0
971 204.0
972 252.0
973 252.0
974 252.0
975 203.0
976 184.0
977 252.0
978 32.0
979 38.0
980 252.0
981 0.0
982 203.0
983 251.0
984 203.0
985 252.0
986 203.0
987 30.0
988 203.0
989 251.0
990 180.0
991 0.0
992 203.0
993 203.0
994 38.0
995 175.0
996 203.0
997 203.0
998 169.0
999 169.0
1000 252.0
1001 25.0
1002 6.0
1003 98.0
1004 203.0
1005 203.0
1006 203.0
1007 204.0
1008 203.0
1009 204.0
1010 44.0
1011 203.0
1012 31.0
1013 0.0
1014 234.0
1015 0.0
1016 203.0
1017 0.0
1018 0.0
1019 0.0
1020 252.0
1021 203.0
1022 251.0
1023 251.0
1024 251.0
1025 251.0
1026 203.0
1027 49.0
1028 252.0
1029 30.0
1030 252.0
1031 98.0
1032 0.0
1033 0.0
1034 251.0
1035 49.0
1036 252.0
1037 203.0
1038 30.0
1039 32.0
1040 251.0
1041 180.0
1042 186.0
1043 252.0
1044 204.0
1045 14.0
1046 30.0
1047 206.0
1048 251.0
1049 38.0
1050 169.0
1051 32.0
1052 175.0
1053 6.0
1054 203.0
1055 203.0
1056 252.0
1057 251.0
1058 204.0
1059 11.0
1060 0.0
1061 98.0
1062 38.0
1063 203.0
1064 38.0
1065 0.0
1066 0.0
1067 203.0
1068 6.0
1069 252.0
1070 203.0
1071 252.0
1072 17.0
1073 252.0
1074 30.0
1075 252.0
1076 203.0
1077 251.0
1078 203.0
1079 252.0
1080 38.0
1081 203.0
1082 251.0
1083 252.0
1084 203.0
1085 251.0
1086 203.0
1087 252.0
1088 252.0
1089 25.0
1090 203.0
1091 203.0
1092 203.0
1093 180.0
1094 203.0
1095 203.0
1096 203.0
1097 232.0
1098 22.0
1099 203.0
1100 38.0
1101 98.0
1102 203.0
1103 203.0
1104 6.0
1105 251.0
1106 203.0
1107 252.0
1108 251.0
1109 229.0
1110 203.0
1111 0.0
1112 203.0
1113 203.0
1114 203.0
1115 203.0
1116 38.0
1117 38.0
1118 9.0
1119 0.0
1120 203.0
1121 203.0
1122 252.0
1123 251.0
1124 203.0
1125 30.0
1126 252.0
1127 203.0
1128 204.0
1129 0.0
1130 252.0
1131 209.0
1132 38.0
1133 203.0
1134 252.0
1135 203.0
1136 204.0
1137 203.0
1138 252.0
1139 203.0
1140 25.0
1141 203.0
1142 252.0
1143 203.0
1144 242.0
1145 251.0
1146 204.0
1147 38.0
1148 203.0
1149 0.0
1150 203.0
1151 203.0
1152 32.0
1153 203.0
1154 43.0
1155 6.0
1156 252.0
1157 203.0
1158 203.0
1159 0.0
1160 204.0
1161 6.0
1162 32.0
1163 203.0
1164 32.0
1165 30.0
1166 38.0
1167 32.0
1168 0.0
1169 203.0
1170 0.0
1171 252.0
1172 0.0
1173 252.0
1174 203.0
1175 32.0
1176 251.0
1177 252.0
1178 252.0
1179 252.0
1180 38.0
1181 252.0
1182 251.0
1183 252.0
1184 203.0
1185 203.0
1186 203.0
1187 252.0
1188 203.0
1189 252.0
1190 252.0
1191 33.0
1192 32.0
1193 0.0
1194 251.0
1195 0.0
1196 252.0
1197 204.0
1198 38.0
1199 215.0
1200 22.0
1201 0.0
1202 203.0
1203 38.0
1204 0.0
1205 30.0
1206 6.0
1207 251.0
1208 203.0
1209 203.0
1210 0.0
1211 229.0
1212 6.0
1213 32.0
1214 203.0
1215 164.0
1216 203.0
1217 38.0
1218 5.0
1219 203.0
1220 203.0
1221 6.0
1222 191.0
1223 203.0
1224 252.0
1225 0.0
1226 251.0
1227 252.0
1228 251.0
1229 251.0
1230 203.0
1231 203.0
1232 251.0
1233 209.0
1234 252.0
1235 203.0
1236 0.0
1237 252.0
1238 180.0
1239 252.0
1240 30.0
1241 203.0
1242 30.0
1243 251.0
1244 251.0
1245 203.0
1246 174.0
1247 203.0
1248 44.0
1249 203.0
1250 225.0
1251 206.0
1252 17.0
1253 246.0
1254 204.0
1255 203.0
1256 251.0
1257 6.0
1258 252.0
1259 204.0
1260 252.0
1261 251.0
1262 225.0
1263 203.0
1264 0.0
1265 203.0
1266 138.0
1267 203.0
1268 0.0
1269 252.0
1270 6.0
1271 203.0
1272 0.0
1273 203.0
1274 203.0
1275 252.0
1276 6.0
1277 251.0
1278 30.0
1279 251.0
1280 252.0
1281 203.0
1282 203.0
1283 252.0
1284 33.0
1285 252.0
1286 33.0
1287 252.0
1288 203.0
1289 252.0
1290 203.0
1291 252.0
1292 203.0
1293 25.0
1294 203.0
1295 203.0
1296 44.0
1297 0.0
1298 252.0
1299 203.0
1300 203.0
1301 203.0
1302 0.0
1303 0.0
1304 0.0
1305 98.0
1306 203.0
1307 251.0
1308 6.0
1309 252.0
1310 203.0
1311 252.0
1312 0.0
1313 204.0
1314 203.0
1315 30.0
1316 203.0
1317 251.0
1318 203.0
1319 0.0
1320 32.0
1321 0.0
1322 0.0
1323 0.0
1324 203.0
1325 0.0
1326 252.0
1327 203.0
1328 203.0
1329 30.0
1330 251.0
1331 252.0
1332 251.0
1333 0.0
1334 252.0
1335 0.0
1336 203.0
1337 203.0
1338 32.0
1339 251.0
1340 204.0
1341 203.0
1342 252.0
1343 203.0
1344 0.0
1345 203.0
1346 0.0
1347 203.0
1348 251.0
1349 251.0
1350 203.0
1351 203.0
1352 30.0
1353 252.0
1354 203.0
1355 251.0
1356 0.0
1357 26.0
1358 203.0
1359 1.0
1360 251.0
1361 203.0
1362 252.0
1363 0.0
1364 204.0
1365 6.0
1366 30.0
1367 203.0
1368 103.0
1369 203.0
1370 203.0
1371 203.0
1372 25.0
1373 203.0
1374 0.0
1375 203.0
1376 203.0
1377 252.0
1378 203.0
1379 203.0
1380 252.0
1381 251.0
1382 252.0
1383 32.0
1384 204.0
1385 252.0
1386 251.0
1387 44.0
1388 252.0
1389 203.0
1390 203.0
1391 203.0
1392 203.0
1393 30.0
1394 203.0
1395 33.0
1396 203.0
1397 0.0
1398 203.0
1399 0.0
1400 203.0
1401 204.0
1402 38.0
1403 252.0
1404 203.0
1405 17.0
1406 203.0
1407 204.0
1408 34.0
1409 203.0
1410 6.0
1411 251.0
1412 0.0
1413 252.0
1414 203.0
1415 225.0
1416 6.0
1417 38.0
1418 203.0
1419 203.0
1420 203.0
1421 0.0
1422 5.0
1423 32.0
1424 252.0
1425 0.0
1426 98.0
1427 98.0
1428 252.0
1429 6.0
1430 251.0
1431 252.0
1432 224.0
1433 252.0
1434 203.0
1435 33.0
1436 252.0
1437 0.0
1438 252.0
1439 203.0
1440 203.0
1441 252.0
1442 252.0
1443 203.0
1444 3.0
1445 251.0
1446 25.0
1447 203.0
1448 251.0
1449 203.0
1450 174.0
1451 203.0
1452 49.0
1453 203.0
1454 215.0
1455 10.0
1456 49.0
1457 251.0
1458 204.0
1459 203.0
1460 224.0
1461 6.0
1462 251.0
1463 203.0
1464 252.0
1465 252.0
1466 225.0
1467 6.0
1468 204.0
1469 203.0
1470 203.0
1471 203.0
1472 0.0
1473 32.0
1474 38.0
1475 203.0
1476 0.0
1477 203.0
1478 0.0
1479 252.0
1480 203.0
1481 252.0
1482 30.0
1483 252.0
1484 252.0
1485 203.0
1486 44.0
1487 252.0
1488 49.0
1489 251.0
1490 251.0
1491 203.0
1492 252.0
1493 204.0
1494 203.0
1495 252.0
1496 203.0
1497 25.0
1498 1.0
1499 252.0
1500 30.0
1501 0.0
1502 251.0
1503 0.0
1504 251.0
1505 175.0
1506 251.0
1507 203.0
1508 0.0
1509 169.0
1510 203.0
1511 203.0
1512 6.0
1513 251.0
1514 203.0
1515 203.0
1516 0.0
1517 204.0
1518 203.0
1519 38.0
1520 203.0
1521 252.0
1522 203.0
1523 203.0
1524 203.0
1525 65.0
1526 251.0
1527 0.0
1528 195.0
1529 252.0
1530 252.0
1531 203.0
1532 203.0
1533 252.0
1534 175.0
1535 252.0
1536 17.0
1537 6.0
1538 252.0
1539 0.0
1540 213.0
1541 252.0
1542 203.0
1543 197.0
1544 203.0
1545 203.0
1546 251.0
1547 203.0
1548 203.0
1549 32.0
1550 252.0
1551 32.0
1552 203.0
1553 251.0
1554 203.0
1555 33.0
1556 30.0
1557 203.0
1558 203.0
1559 203.0
1560 252.0
1561 0.0
1562 203.0
1563 6.0
1564 252.0
1565 203.0
1566 203.0
1567 203.0
1568 204.0
1569 6.0
1570 232.0
1571 203.0
1572 204.0
1573 203.0
1574 203.0
1575 0.0
1576 203.0
1577 252.0
1578 0.0
1579 98.0
1580 203.0
1581 252.0
1582 0.0
1583 251.0
1584 251.0
1585 252.0
1586 252.0
1587 0.0
1588 0.0
1589 252.0
1590 49.0
1591 252.0
1592 252.0
1593 0.0
1594 203.0
1595 252.0
1596 203.0
1597 252.0
1598 252.0
1599 30.0
1600 32.0
1601 203.0
1602 203.0
1603 38.0
1604 0.0
1605 98.0
1606 89.0
1607 224.0
1608 203.0
1609 17.0
1610 203.0
1611 168.0
1612 26.0
1613 38.0
1614 6.0
1615 252.0
1616 203.0
1617 252.0
1618 0.0
1619 204.0
1620 6.0
1621 252.0
1622 203.0
1623 251.0
1624 203.0
1625 0.0
1626 38.0
1627 38.0
1628 203.0
1629 6.0
1630 252.0
1631 169.0
1632 252.0
1633 1.0
1634 252.0
1635 252.0
1636 251.0
1637 252.0
1638 203.0
1639 252.0
1640 252.0
1641 0.0
1642 158.0
1643 38.0
1644 0.0
1645 252.0
1646 203.0
1647 203.0
1648 251.0
1649 252.0
1650 25.0
1651 203.0
1652 252.0
1653 203.0
1654 203.0
1655 252.0
1656 44.0
1657 251.0
1658 251.0
1659 0.0
1660 30.0
1661 0.0
1662 32.0
1663 252.0
1664 252.0
1665 6.0
1666 251.0
1667 203.0
1668 252.0
1669 203.0
1670 204.0
1671 203.0
1672 203.0
1673 203.0
1674 251.0
1675 203.0
1676 0.0
1677 203.0
1678 38.0
1679 251.0
1680 0.0
1681 203.0
1682 0.0
1683 252.0
1684 203.0
1685 203.0
1686 252.0
1687 251.0
1688 252.0
1689 203.0
1690 203.0
1691 252.0
1692 0.0
1693 44.0
1694 252.0
1695 252.0
1696 169.0
1697 252.0
1698 203.0
1699 251.0
1700 251.0
1701 25.0
1702 251.0
1703 252.0
1704 203.0
1705 203.0
1706 203.0
1707 203.0
1708 251.0
1709 30.0
1710 2.0
1711 203.0
1712 240.0
1713 251.0
1714 203.0
1715 252.0
1716 6.0
1717 151.0
1718 203.0
1719 252.0
1720 251.0
1721 204.0
1722 6.0
1723 32.0
1724 203.0
1725 204.0
1726 0.0
1727 203.0
1728 5.0
1729 38.0
1730 203.0
1731 0.0
1732 25.0
1733 203.0
1734 252.0
1735 191.0
1736 203.0
1737 251.0
1738 191.0
1739 252.0
1740 0.0
1741 252.0
1742 252.0
1743 0.0
1744 252.0
1745 252.0
1746 203.0
1747 0.0
1748 203.0
1749 203.0
1750 75.0
1751 252.0
1752 0.0
1753 32.0
1754 252.0
1755 203.0
1756 203.0
1757 203.0
1758 203.0
1759 33.0
1760 215.0
1761 203.0
1762 251.0
1763 203.0
1764 251.0
1765 26.0
1766 180.0
1767 6.0
1768 252.0
1769 203.0
1770 252.0
1771 3.0
1772 30.0
1773 6.0
1774 204.0
1775 203.0
1776 204.0
1777 203.0
1778 0.0
1779 203.0
1780 203.0
1781 175.0
1782 0.0
1783 32.0
1784 203.0
1785 252.0
1786 0.0
1787 252.0
1788 252.0
1789 224.0
1790 252.0
1791 252.0
1792 203.0
1793 252.0
1794 0.0
1795 158.0
1796 175.0
1797 203.0
1798 203.0
1799 203.0
1800 203.0
1801 251.0
1802 203.0
1803 33.0
1804 203.0
1805 252.0
1806 203.0
1807 203.0
1808 203.0
1809 203.0
1810 251.0
1811 252.0
1812 203.0
1813 0.0
1814 203.0
1815 252.0
1816 49.0
1817 251.0
1818 6.0
1819 251.0
1820 203.0
1821 252.0
1822 203.0
1823 229.0
1824 203.0
1825 252.0
1826 203.0
1827 252.0
1828 203.0
1829 0.0
1830 203.0
1831 38.0
1832 169.0
1833 203.0
1834 203.0
1835 234.0
1836 252.0
1837 203.0
1838 252.0
1839 252.0
1840 252.0
1841 252.0
1842 203.0
1843 203.0
1844 252.0
1845 0.0
1846 49.0
1847 252.0
1848 252.0
1849 251.0
1850 203.0
1851 0.0
1852 76.0
1853 252.0
1854 30.0
1855 203.0
1856 252.0
1857 252.0
1858 203.0
1859 251.0
1860 204.0
1861 252.0
1862 33.0
1863 0.0
1864 0.0
1865 0.0
1866 251.0
1867 0.0
1868 252.0
1869 6.0
1870 252.0
1871 203.0
1872 252.0
1873 203.0
1874 204.0
1875 203.0
1876 203.0
1877 203.0
1878 252.0
1879 203.0
1880 203.0
1881 3.0
1882 251.0
1883 203.0
1884 252.0
1885 203.0
1886 203.0
1887 252.0
1888 251.0
1889 203.0
1890 252.0
1891 49.0
1892 252.0
1893 252.0
1894 203.0
1895 252.0
1896 0.0
1897 160.0
1898 252.0
1899 252.0
1900 251.0
1901 203.0
1902 203.0
1903 75.0
1904 251.0
1905 25.0
1906 203.0
1907 251.0
1908 203.0
1909 203.0
1910 251.0
1911 204.0
1912 33.0
1913 252.0
1914 203.0
1915 203.0
1916 0.0
1917 252.0
1918 203.0
1919 252.0
1920 6.0
1921 251.0
1922 203.0
1923 203.0
1924 252.0
1925 204.0
1926 6.0
1927 180.0
1928 203.0
1929 252.0
1930 203.0
1931 203.0
1932 203.0
1933 49.0
1934 203.0
1935 104.0
1936 203.0
1937 203.0
1938 252.0
1939 0.0
1940 251.0
1941 251.0
1942 252.0
1943 252.0
1944 32.0
1945 251.0
1946 203.0
1947 0.0
1948 160.0
1949 252.0
1950 252.0
1951 252.0
1952 204.0
1953 203.0
1954 3.0
1955 203.0
1956 25.0
1957 203.0
1958 251.0
1959 203.0
1960 251.0
1961 251.0
1962 203.0
1963 33.0
1964 251.0
1965 17.0
1966 203.0
1967 203.0
1968 251.0
1969 26.0
1970 252.0
1971 6.0
1972 252.0
1973 203.0
1974 203.0
1975 252.0
1976 229.0
1977 6.0
1978 204.0
1979 252.0
1980 203.0
1981 203.0
1982 0.0
1983 203.0
1984 30.0
1985 252.0
1986 203.0
1987 203.0
1988 98.0
1989 252.0
1990 203.0
1991 32.0
1992 251.0
1993 251.0
1994 252.0
1995 0.0
1996 251.0
1997 252.0
1998 0.0
1999 44.0
2000 252.0
2001 252.0
2002 0.0
2003 252.0
2004 203.0
2005 251.0
2006 203.0
2007 30.0
2008 252.0
2009 252.0
2010 203.0
2011 251.0
2012 203.0
2013 203.0
2014 251.0
2015 175.0
2016 0.0
2017 98.0
2018 252.0
2019 252.0
2020 1.0
2021 252.0
2022 6.0
2023 316.0
2024 203.0
2025 203.0
2026 203.0
2027 30.0
2028 203.0
2029 204.0
2030 203.0
2031 203.0
2032 203.0
2033 2.0
2034 252.0
2035 0.0
2036 169.0
2037 252.0
2038 203.0
2039 98.0
2040 316.0
2041 203.0
2042 359.0
2043 238.0
2044 215.0
2045 251.0
2046 17.0
2047 251.0
2048 108.0
2049 0.0
2050 44.0
2051 251.0
2052 251.0
2053 252.0
2054 334.0
2055 252.0
2056 251.0
2057 204.0
2058 25.0
2059 32.0
2060 252.0
2061 203.0
2062 251.0
2063 314.0
2064 49.0
2065 110.0
2066 104.0
2067 203.0
2068 0.0
2069 203.0
2070 102.0
2071 203.0
2072 229.0
2073 0.0
2074 98.0
2075 203.0
2076 251.0
2077 252.0
2078 203.0
2079 203.0
2080 32.0
2081 203.0
2082 252.0
2083 33.0
2084 203.0
2085 186.0
2086 203.0
2087 30.0
2088 251.0
2089 229.0
2090 252.0
2091 359.0
2092 0.0
2093 246.0
2094 251.0
2095 252.0
2096 203.0
2097 17.0
2098 203.0
2099 203.0
2100 0.0
2101 162.0
2102 203.0
2103 251.0
2104 38.0
2105 252.0
2106 203.0
2107 251.0
2108 203.0
2109 25.0
2110 32.0
2111 104.0
2112 203.0
2113 98.0
2114 104.0
2115 49.0
2116 203.0
2117 203.0
2118 203.0
2119 0.0
2120 252.0
2121 252.0
2122 203.0
2123 251.0
2124 6.0
2125 121.0
2126 203.0
2127 252.0
2128 6.0
2129 225.0
2130 6.0
2131 6.0
2132 0.0
2133 5.0
2134 203.0
2135 203.0
2136 251.0
2137 6.0
2138 203.0
2139 203.0
2140 252.0
2141 203.0
2142 359.0
2143 163.0
2144 32.0
2145 204.0
2146 252.0
2147 203.0
2148 6.0
2149 252.0
2150 252.0
2151 3.0
2152 162.0
2153 8.0
2154 252.0
2155 251.0
2156 334.0
2157 203.0
2158 30.0
2159 203.0
2160 30.0
2161 203.0
2162 104.0
2163 33.0
2164 251.0
2165 252.0
2166 203.0
2167 30.0
2168 252.0
2169 32.0
2170 203.0
2171 203.0
2172 252.0
2173 38.0
2174 252.0
2175 6.0
2176 121.0
2177 203.0
2178 203.0
2179 1.0
2180 203.0
2181 203.0
2182 204.0
2183 103.0
2184 252.0
2185 0.0
2186 0.0
2187 203.0
2188 6.0
2189 203.0
2190 251.0
2191 203.0
2192 0.0
2193 359.0
2194 203.0
2195 32.0
2196 251.0
2197 103.0
2198 316.0
2199 251.0
2200 203.0
2201 133.0
2202 251.0
2203 38.0
2204 362.0
2205 251.0
2206 251.0
2207 251.0
2208 203.0
2209 251.0
2210 203.0
2211 4.0
2212 32.0
2213 252.0
2214 203.0
2215 251.0
2216 203.0
2217 49.0
2218 104.0
2219 252.0
2220 0.0
2221 252.0
2222 203.0
2223 252.0
2224 38.0
2225 215.0
2226 0.0
2227 252.0
2228 203.0
2229 251.0
2230 252.0
2231 203.0
2232 6.0
2233 251.0
2234 203.0
2235 203.0
2236 203.0
2237 203.0
2238 203.0
2239 203.0
2240 252.0
2241 203.0
2242 251.0
2243 203.0
2244 362.0
2245 203.0
2246 251.0
2247 203.0
2248 251.0
2249 252.0
2250 122.0
2251 203.0
2252 251.0
2253 203.0
2254 38.0
2255 252.0
2256 251.0
2257 204.0
2258 334.0
2259 203.0
2260 251.0
2261 252.0
2262 199.0
2263 32.0
2264 252.0
2265 30.0
2266 203.0
2267 203.0
2268 203.0
2269 252.0
2270 125.0
2271 203.0
2272 215.0
2273 104.0
2274 252.0
2275 203.0
2276 203.0
2277 0.0
2278 151.0
2279 203.0
2280 104.0
2281 127.0
2282 229.0
2283 0.0
2284 6.0
2285 160.0
2286 120.0
2287 251.0
2288 133.0
2289 198.0
2290 203.0
2291 32.0
2292 252.0
2293 203.0
2294 104.0
2295 362.0
2296 12.0
2297 231.0
2298 50.0
2299 252.0
2300 347.0
2301 38.0
2302 44.0
2303 251.0
2304 0.0
2305 251.0
2306 8.0
2307 0.0
2308 251.0
2309 345.0
2310 203.0
2311 203.0
2312 6.0
2313 0.0
2314 20.0
2315 251.0
2316 251.0
2317 203.0
2318 313.0
2319 203.0
2320 236.0
2321 252.0
2322 9.0
2323 252.0
2324 252.0
2325 6.0
2326 203.0
2327 215.0
2328 38.0
2329 251.0
2330 203.0
2331 252.0
2332 251.0
2333 215.0
2334 6.0
2335 203.0
2336 11.0
2337 125.0
2338 251.0
2339 0.0
2340 186.0
2341 0.0
2342 0.0
2343 252.0
2344 203.0
2345 104.0
2346 362.0
2347 17.0
2348 138.0
2349 151.0
2350 252.0
2351 203.0
2352 32.0
2353 252.0
2354 133.0
2355 49.0
2356 214.0
2357 251.0
2358 252.0
2359 251.0
2360 252.0
2361 203.0
2362 204.0
2363 252.0
2364 32.0
2365 203.0
2366 252.0
2367 251.0
2368 203.0
2369 312.0
2370 203.0
2371 203.0
2372 180.0
2373 0.0
2374 203.0
2375 180.0
2376 252.0
2377 1.0
2378 63.0
2379 33.0
2380 252.0
2381 203.0
2382 0.0
2383 252.0
2384 32.0
2385 6.0
2386 252.0
2387 203.0
2388 203.0
2389 251.0
2390 203.0
2391 231.0
2392 252.0
2393 0.0
2394 359.0
2395 203.0
2396 252.0
2397 362.0
2398 17.0
2399 203.0
2400 203.0
2401 251.0
2402 251.0
2403 251.0
2404 252.0
2405 132.0
2406 251.0
2407 38.0
2408 252.0
2409 251.0
2410 252.0
2411 334.0
2412 0.0
2413 252.0
2414 38.0
2415 32.0
2416 32.0
2417 251.0
2418 203.0
2419 252.0
2420 203.0
2421 203.0
2422 148.0
2423 251.0
2424 22.0
2425 251.0
2426 104.0
2427 251.0
2428 49.0
2429 203.0
2430 6.0
2431 252.0
2432 203.0
2433 203.0
2434 33.0
2435 203.0
2436 203.0
2437 252.0
2438 203.0
2439 252.0
2440 204.0
2441 203.0
2442 203.0
2443 203.0
2444 252.0
2445 203.0
2446 0.0
2447 251.0
2448 362.0
2449 203.0
2450 251.0
2451 203.0
2452 338.0
2453 252.0
2454 252.0
2455 203.0
2456 32.0
2457 203.0
2458 162.0
2459 252.0
2460 203.0
2461 204.0
2462 340.0
2463 203.0
2464 251.0
2465 104.0
2466 203.0
2467 32.0
2468 104.0
2469 30.0
2470 87.0
2471 203.0
2472 204.0
2473 251.0
2474 125.0
2475 84.0
2476 9.0
2477 0.0
2478 127.0
2479 203.0
2480 252.0
2481 6.0
2482 121.0
2483 203.0
2484 347.0
2485 252.0
2486 203.0
2487 203.0
2488 203.0
2489 203.0
2490 252.0
2491 251.0
2492 203.0
2493 138.0
2494 0.0
2495 251.0
2496 203.0
2497 32.0
2498 252.0
2499 362.0
2500 203.0
2501 245.0
2502 252.0
2503 251.0
2504 252.0
2505 153.0
2506 104.0
2507 251.0
2508 3.0
2509 251.0
2510 252.0
2511 359.0
2512 203.0
2513 252.0
2514 203.0
2515 252.0
2516 203.0
2517 33.0
2518 32.0
2519 251.0
2520 152.0
2521 87.0
2522 320.0
2523 203.0
2524 251.0
2525 251.0
2526 203.0
2527 203.0
2528 163.0
2529 252.0
2530 49.0
2531 215.0
2532 1.0
2533 121.0
2534 203.0
2535 137.0
2536 127.0
2537 38.0
2538 203.0
2539 203.0
2540 0.0
2541 252.0
2542 251.0
2543 203.0
2544 186.0
2545 25.0
2546 418.0
2547 203.0
2548 203.0
2549 98.0
2550 418.0
2551 203.0
2552 32.0
2553 33.0
2554 108.0
2555 252.0
2556 252.0
2557 252.0
2558 140.0
2559 3.0
2560 38.0
2561 252.0
2562 121.0
2563 251.0
2564 314.0
2565 98.0
2566 221.0
2567 111.0
2568 0.0
2569 58.0
2570 6.0
2571 33.0
2572 347.0
2573 133.0
2574 49.0
2575 151.0
2576 251.0
2577 203.0
2578 203.0
2579 175.0
2580 102.0
2581 49.0
2582 251.0
2583 214.0
2584 98.0
2585 203.0
2586 0.0
2587 180.0
2588 32.0
2589 0.0
2590 0.0
2591 203.0
2592 252.0
2593 203.0
2594 203.0
2595 203.0
2596 17.0
2597 25.0
2598 98.0
2599 203.0
2600 252.0
2601 418.0
2602 159.0
2603 209.0
2604 121.0
2605 347.0
2606 252.0
2607 32.0
2608 251.0
2609 140.0
2610 0.0
2611 251.0
2612 251.0
2613 127.0
2614 251.0
2615 347.0
2616 203.0
2617 203.0
2618 251.0
2619 0.0
2620 32.0
2621 6.0
2622 203.0
2623 204.0
2624 203.0
2625 203.0
2626 251.0
2627 129.0
2628 6.0
2629 252.0
2630 251.0
2631 330.0
2632 203.0
2633 121.0
2634 6.0
2635 427.0
2636 203.0
2637 252.0
2638 127.0
2639 215.0
2640 6.0
2641 32.0
2642 169.0
2643 203.0
2644 203.0
2645 413.0
2646 203.0
2647 252.0
2648 141.0
2649 203.0
2650 32.0
2651 121.0
2652 427.0
2653 203.0
2654 251.0
2655 251.0
2656 252.0
2657 251.0
2658 32.0
2659 203.0
2660 133.0
2661 0.0
2662 38.0
2663 252.0
2664 203.0
2665 33.0
2666 251.0
2667 203.0
2668 203.0
2669 251.0
2670 203.0
2671 32.0
2672 0.0
2673 8.0
2674 98.0
2675 252.0
2676 203.0
2677 204.0
2678 203.0
2679 32.0
2680 251.0
2681 203.0
2682 252.0
2683 38.0
2684 104.0
2685 251.0
2686 300.0
2687 203.0
2688 251.0
2689 251.0
2690 203.0
2691 203.0
2692 252.0
2693 251.0
2694 174.0
2695 251.0
2696 203.0
2697 231.0
2698 49.0
2699 129.0
2700 252.0
2701 252.0
2702 0.0
2703 427.0
2704 6.0
2705 0.0
2706 203.0
2707 312.0
2708 252.0
2709 360.0
2710 252.0
2711 251.0
2712 0.0
2713 161.0
2714 252.0
2715 252.0
2716 33.0
2717 334.0
2718 203.0
2719 203.0
2720 203.0
2721 33.0
2722 203.0
2723 251.0
2724 33.0
2725 312.0
2726 321.0
2727 203.0
2728 252.0
2729 251.0
2730 203.0
2731 12.0
2732 0.0
2733 104.0
2734 49.0
2735 251.0
2736 1.0
2737 252.0
2738 203.0
2739 251.0
2740 33.0
2741 32.0
2742 0.0
2743 251.0
2744 251.0
2745 136.0
2746 251.0
2747 300.0
2748 0.0
2749 252.0
2750 32.0
2751 203.0
2752 25.0
2753 251.0
2754 427.0
2755 0.0
2756 316.0
2757 240.0
2758 314.0
2759 252.0
2760 409.0
2761 204.0
2762 32.0
2763 251.0
2764 162.0
2765 104.0
2766 121.0
2767 251.0
2768 334.0
2769 203.0
2770 203.0
2771 111.0
2772 204.0
2773 203.0
2774 8.0
2775 203.0
2776 204.0
2777 359.0
2778 49.0
2779 15.0
2780 298.0
2781 203.0
2782 203.0
2783 122.0
2784 334.0
2785 203.0
2786 203.0
2787 215.0
2788 251.0
2789 203.0
2790 203.0
2791 4.0
2792 203.0
2793 203.0
2794 251.0
2795 252.0
2796 142.0
2797 203.0
2798 0.0
2799 2.0
2800 17.0
2801 252.0
2802 98.0
2803 0.0
2804 133.0
2805 427.0
2806 163.0
2807 209.0
2808 204.0
2809 353.0
2810 427.0
2811 252.0
2812 203.0
2813 203.0
2814 0.0
2815 44.0
2816 252.0
2817 362.0
2818 251.0
2819 360.0
2820 203.0
2821 203.0
2822 104.0
2823 203.0
2824 188.0
2825 32.0
2826 251.0
2827 0.0
2828 251.0
2829 44.0
2830 252.0
2831 104.0
2832 6.0
2833 203.0
2834 203.0
2835 316.0
2836 49.0
2837 203.0
2838 0.0
2839 300.0
2840 203.0
2841 252.0
2842 252.0
2843 203.0
2844 0.0
2845 203.0
2846 220.0
2847 252.0
2848 203.0
2849 203.0
2850 252.0
2851 251.0
2852 251.0
2853 98.0
2854 0.0
2855 251.0
2856 427.0
2857 98.0
2858 203.0
2859 252.0
2860 427.0
2861 314.0
2862 252.0
2863 251.0
2864 132.0
2865 251.0
2866 203.0
2867 252.0
2868 203.0
2869 33.0
2870 252.0
2871 203.0
2872 38.0
2873 318.0
2874 251.0
2875 203.0
2876 169.0
2877 33.0
2878 251.0
2879 314.0
2880 203.0
2881 38.0
2882 108.0
2883 203.0
2884 300.0
2885 69.0
2886 337.0
2887 203.0
2888 252.0
2889 0.0
2890 347.0
2891 203.0
2892 103.0
2893 0.0
2894 32.0
2895 203.0
2896 252.0
2897 252.0
2898 198.0
2899 203.0
2900 203.0
2901 0.0
2902 66.0
2903 104.0
2904 203.0
2905 203.0
2906 203.0
2907 427.0
2908 252.0
2909 1.0
2910 251.0
2911 251.0
2912 252.0
2913 32.0
2914 252.0
2915 3.0
2916 251.0
2917 160.0
2918 252.0
2919 252.0
2920 18.0
2921 361.0
2922 203.0
2923 203.0
2924 38.0
2925 33.0
2926 203.0
2927 205.0
2928 33.0
2929 203.0
2930 203.0
2931 49.0
2932 251.0
2933 244.0
2934 203.0
2935 12.0
2936 14.0
2937 334.0
2938 203.0
2939 215.0
2940 32.0
2941 252.0
2942 203.0
2943 33.0
2944 252.0
2945 32.0
2946 203.0
2947 251.0
2948 251.0
2949 251.0
2950 203.0
2951 0.0
2952 251.0
2953 252.0
2954 203.0
2955 252.0
2956 9.0
2957 251.0
2958 427.0
2959 252.0
2960 316.0
2961 209.0
2962 427.0
2963 252.0
2964 427.0
2965 251.0
2966 78.0
2967 63.0
2968 160.0
2969 145.0
2970 252.0
2971 247.0
2972 334.0
2973 203.0
2974 252.0
2975 104.0
2976 334.0
2977 209.0
2978 203.0
2979 251.0
2980 169.0
2981 30.0
2982 49.0
2983 252.0
2984 347.0
2985 6.0
2986 203.0
2987 175.0
2988 427.0
2989 203.0
2990 203.0
2991 33.0
2992 353.0
2993 203.0
2994 0.0
2995 252.0
2996 203.0
2997 203.0
2998 203.0
2999 142.0
3000 315.0
3001 204.0
3002 0.0
3003 314.0
3004 251.0
3005 203.0
3006 0.0
3007 0.0
3008 342.0
3009 427.0
3010 347.0
3011 252.0
3012 251.0
3013 333.0
3014 347.0
3015 409.0
3016 251.0
3017 132.0
3018 251.0
3019 44.0
3020 427.0
3021 121.0
3022 252.0
3023 427.0
3024 12.0
3025 38.0
3026 251.0
3027 204.0
3028 203.0
3029 0.0
3030 151.0
3031 169.0
3032 347.0
3033 203.0
3034 251.0
3035 427.0
3036 1.0
3037 87.0
3038 32.0
3039 427.0
3040 203.0
3041 252.0
3042 0.0
3043 353.0
3044 203.0
3045 30.0
3046 180.0
3047 203.0
3048 203.0
3049 203.0
3050 203.0
3051 252.0
3052 203.0
3053 347.0
3054 32.0
3055 203.0
3056 251.0
3057 252.0
3058 203.0
3059 252.0
3060 427.0
3061 251.0
3062 203.0
3063 251.0
3064 251.0
3065 252.0
3066 251.0
3067 203.0
3068 80.0
3069 251.0
3070 44.0
3071 252.0
3072 251.0
3073 33.0
3074 251.0
3075 203.0
3076 251.0
3077 251.0
3078 204.0
3079 203.0
3080 245.0
3081 203.0
3082 332.0
3083 251.0
3084 204.0
3085 203.0
3086 104.0
3087 203.0
3088 49.0
3089 0.0
3090 427.0
3091 203.0
3092 215.0
3093 6.0
3094 316.0
3095 203.0
3096 0.0
3097 427.0
3098 32.0
3099 203.0
3100 66.0
3101 203.0
3102 427.0
3103 204.0
3104 252.0
3105 426.0
3106 204.0
3107 252.0
3108 0.0
3109 203.0
3110 252.0
3111 427.0
3112 251.0
3113 246.0
3114 251.0
3115 251.0
3116 252.0
3117 347.0
3118 251.0
3119 252.0
3120 203.0
3121 160.0
3122 252.0
3123 251.0
3124 251.0
3125 252.0
3126 203.0
3127 251.0
3128 104.0
3129 334.0
3130 251.0
3131 0.0
3132 231.0
3133 204.0
3134 203.0
3135 0.0
3136 15.0
3137 251.0
3138 203.0
3139 203.0
3140 334.0
3141 337.0
3142 203.0
3143 203.0
3144 250.0
3145 298.0
3146 203.0
3147 103.0
3148 252.0
3149 251.0
3150 203.0
3151 0.0
3152 252.0
3153 347.0
3154 203.0
3155 252.0
3156 251.0
3157 252.0
3158 251.0
3159 0.0
3160 151.0
3161 316.0
3162 427.0
3163 347.0
3164 252.0
3165 252.0
3166 315.0
3167 328.0
3168 377.0
3169 103.0
3170 251.0
3171 0.0
3172 252.0
3173 252.0
3174 133.0
3175 203.0
3176 301.0
3177 203.0
3178 203.0
3179 312.0
3180 252.0
3181 203.0
3182 0.0
3183 251.0
3184 98.0
3185 342.0
3186 44.0
3187 252.0
3188 251.0
3189 251.0
3190 203.0
3191 33.0
3192 337.0
3193 203.0
3194 0.0
3195 33.0
3196 359.0
3197 44.0
3198 30.0
3199 180.0
3200 203.0
3201 203.0
3202 203.0
3203 252.0
3204 427.0
3205 3.0
3206 225.0
3207 251.0
3208 252.0
3209 427.0
3210 0.0
3211 104.0
3212 145.0
3213 427.0
3214 300.0
3215 251.0
3216 237.0
3217 335.0
3218 251.0
3219 347.0
3220 251.0
3221 0.0
3222 251.0
3223 44.0
3224 363.0
3225 251.0
3226 33.0
3227 252.0
3228 6.0
3229 203.0
3230 251.0
3231 252.0
3232 252.0
3233 0.0
3234 33.0
3235 169.0
3236 251.0
3237 203.0
3238 251.0
3239 0.0
3240 0.0
3241 0.0
3242 0.0
3243 427.0
3244 49.0
3245 203.0
3246 0.0
3247 312.0
3248 203.0
3249 0.0
3250 33.0
3251 38.0
3252 203.0
3253 251.0
3254 220.0
3255 360.0
3256 203.0
3257 251.0
3258 32.0
3259 204.0
3260 104.0
3261 252.0
3262 203.0
3263 251.0
3264 427.0
3265 359.0
3266 204.0
3267 361.0
3268 359.0
3269 252.0
3270 251.0
3271 204.0
3272 0.0
3273 206.0
3274 162.0
3275 251.0
3276 358.0
3277 1.0
3278 251.0
3279 17.0
3280 251.0
3281 316.0
3282 252.0
3283 252.0
3284 8.0
3285 231.0
3286 204.0
3287 359.0
3288 203.0
3289 251.0
3290 41.0
3291 203.0
3292 347.0
3293 15.0
3294 427.0
3295 203.0
3296 215.0
3297 32.0
3298 427.0
3299 203.0
3300 0.0
3301 251.0
3302 32.0
3303 6.0
3304 251.0
3305 142.0
3306 427.0
3307 203.0
3308 203.0
3309 25.0
3310 251.0
3311 427.0
3312 0.0
3313 174.0
3314 346.0
3315 427.0
3316 118.0
3317 359.0
3318 252.0
3319 316.0
3320 251.0
3321 427.0
3322 0.0
3323 74.0
3324 251.0
3325 162.0
3326 359.0
3327 8.0
3328 251.0
3329 334.0
3330 203.0
3331 203.0
3332 359.0
3333 251.0
3334 63.0
3335 337.0
3336 151.0
3337 203.0
3338 251.0
3339 203.0
3340 14.0
3341 251.0
3342 203.0
3343 203.0
3344 251.0
3345 251.0
3346 203.0
3347 215.0
3348 1.0
3349 298.0
3350 203.0
3351 103.0
3352 251.0
3353 32.0
3354 6.0
3355 251.0
3356 252.0
3357 316.0
3358 251.0
3359 251.0
3360 361.0
3361 252.0
3362 314.0
3363 252.0
3364 203.0
3365 151.0
3366 427.0
3367 333.0
3368 252.0
3369 251.0
3370 298.0
3371 251.0
3372 298.0
3373 0.0
3374 64.0
3375 103.0
3376 38.0
3377 361.0
3378 315.0
3379 251.0
3380 427.0
3381 203.0
3382 203.0
3383 298.0
3384 334.0
3385 203.0
3386 203.0
3387 158.0
3388 203.0
3389 251.0
3390 203.0
3391 252.0
3392 326.0
3393 0.0
3394 203.0
3395 251.0
3396 334.0
3397 203.0
3398 32.0
3399 33.0
3400 298.0
3401 203.0
3402 30.0
3403 204.0
3404 249.0
3405 98.0
3406 32.0
3407 203.0
3408 252.0
3409 203.0
3410 225.0
3411 6.0
3412 252.0
3413 252.0
3414 32.0
3415 104.0
3416 346.0
3417 427.0
3418 347.0
3419 204.0
3420 209.0
3421 427.0
3422 252.0
3423 427.0
3424 252.0
3425 122.0
3426 49.0
3427 162.0
3428 252.0
3429 361.0
3430 203.0
3431 251.0
3432 203.0
3433 251.0
3434 334.0
3435 252.0
3436 203.0
3437 337.0
3438 38.0
3439 204.0
3440 314.0
3441 204.0
3442 251.0
3443 41.0
3444 0.0
3445 251.0
3446 334.0
3447 314.0
3448 203.0
3449 32.0
3450 0.0
3451 427.0
3452 203.0
3453 0.0
3454 205.0
3455 251.0
3456 203.0
3457 0.0
3458 203.0
3459 251.0
3460 215.0
3461 203.0
3462 334.0
3463 251.0
3464 102.0
3465 98.0
3466 203.0
3467 251.0
3468 427.0
3469 361.0
3470 204.0
3471 347.0
3472 361.0
3473 251.0
3474 327.0
3475 251.0
3476 213.0
3477 63.0
3478 162.0
3479 133.0
3480 404.0
3481 252.0
3482 301.0
3483 203.0
3484 3.0
3485 334.0
3486 334.0
3487 252.0
3488 2.0
3489 33.0
3490 251.0
3491 359.0
3492 44.0
3493 251.0
3494 251.0
3495 203.0
3496 0.0
3497 316.0
3498 314.0
3499 203.0
3500 251.0
3501 0.0
3502 427.0
3503 203.0
3504 0.0
3505 38.0
3506 252.0
3507 203.0
3508 251.0
3509 251.0
3510 251.0
3511 203.0
3512 0.0
3513 251.0
3514 104.0
3515 427.0
3516 7.0
3517 175.0
3518 317.0
3519 427.0
3520 337.0
3521 427.0
3522 251.0
3523 316.0
3524 252.0
3525 298.0
3526 252.0
3527 33.0
3528 347.0
3529 38.0
3530 347.0
3531 363.0
3532 251.0
3533 427.0
3534 203.0
3535 203.0
3536 316.0
3537 104.0
3538 251.0
3539 251.0
3540 158.0
3541 203.0
3542 252.0
3543 0.0
3544 252.0
3545 251.0
3546 203.0
3547 203.0
3548 360.0
3549 102.0
3550 38.0
3551 251.0
3552 17.0
3553 312.0
3554 203.0
3555 30.0
3556 252.0
3557 225.0
3558 203.0
3559 0.0
3560 252.0
3561 427.0
3562 251.0
3563 252.0
3564 427.0
3565 252.0
3566 347.0
3567 252.0
3568 116.0
3569 151.0
3570 427.0
3571 361.0
3572 251.0
3573 252.0
3574 252.0
3575 251.0
3576 427.0
3577 203.0
3578 74.0
3579 17.0
3580 38.0
3581 252.0
3582 427.0
3583 204.0
3584 251.0
3585 246.0
3586 75.0
3587 316.0
3588 104.0
3589 203.0
3590 251.0
3591 38.0
3592 251.0
3593 203.0
3594 203.0
3595 251.0
3596 244.0
3597 174.0
3598 251.0
3599 251.0
3600 104.0
3601 203.0
3602 203.0
3603 38.0
3604 346.0
3605 359.0
3606 32.0
3607 251.0
3608 251.0
3609 203.0
3610 0.0
3611 138.0
3612 252.0
3613 251.0
3614 203.0
3615 252.0
3616 251.0
3617 359.0
3618 30.0
3619 252.0
3620 330.0
3621 427.0
3622 364.0
3623 251.0
3624 251.0
3625 427.0
3626 251.0
3627 427.0
3628 252.0
3629 122.0
3630 251.0
3631 162.0
3632 315.0
3633 347.0
3634 0.0
3635 334.0
3636 203.0
3637 252.0
3638 334.0
3639 252.0
3640 203.0
3641 8.0
3642 203.0
3643 204.0
3644 361.0
3645 186.0
3646 252.0
3647 0.0
3648 0.0
3649 164.0
3650 427.0
3651 314.0
3652 203.0
3653 49.0
3654 220.0
3655 427.0
3656 203.0
3657 25.0
3658 38.0
3659 251.0
3660 6.0
3661 251.0
3662 251.0
3663 427.0
3664 252.0
3665 0.0
3666 251.0
3667 359.0
3668 252.0
3669 204.0
3670 203.0
3671 251.0
3672 427.0
3673 361.0
3674 252.0
3675 252.0
3676 427.0
3677 251.0
3678 425.0
3679 252.0
3680 213.0
3681 207.0
3682 162.0
3683 427.0
3684 334.0
3685 1.0
3686 427.0
3687 203.0
3688 252.0
3689 359.0
3690 204.0
3691 188.0
3692 6.0
3693 252.0
3694 204.0
3695 252.0
3696 175.0
3697 252.0
3698 251.0
3699 405.0
3700 164.0
3701 334.0
3702 251.0
3703 203.0
3704 251.0
3705 252.0
3706 312.0
3707 203.0
3708 30.0
3709 251.0
3710 251.0
3711 203.0
3712 15.0
3713 137.0
3714 251.0
3715 252.0
3716 252.0
3717 104.0
3718 104.0
3719 251.0
3720 252.0
3721 252.0
3722 151.0
3723 427.0
3724 337.0
3725 117.0
3726 347.0
3727 427.0
3728 251.0
3729 427.0
3730 203.0
3731 78.0
3732 203.0
3733 38.0
3734 252.0
3735 334.0
3736 252.0
3737 251.0
3738 17.0
3739 312.0
3740 298.0
3741 252.0
3742 203.0
3743 251.0
3744 33.0
3745 0.0
3746 359.0
3747 191.0
3748 1.0
3749 251.0
3750 203.0
3751 300.0
3752 427.0
3753 251.0
3754 203.0
3755 30.0
3756 203.0
3757 312.0
3758 203.0
3759 32.0
3760 251.0
3761 251.0
3762 203.0
3763 15.0
3764 137.0
3765 251.0
3766 251.0
3767 252.0
3768 252.0
3769 251.0
3770 30.0
3771 203.0
3772 252.0
3773 346.0
3774 427.0
3775 337.0
3776 363.0
3777 251.0
3778 427.0
3779 251.0
3780 316.0
3781 203.0
3782 80.0
3783 17.0
3784 203.0
3785 300.0
3786 334.0
3787 240.0
3788 361.0
3789 203.0
3790 251.0
3791 427.0
3792 252.0
3793 251.0
3794 252.0
3795 33.0
3796 204.0
3797 330.0
3798 0.0
3799 251.0
3800 0.0
3801 347.0
3802 252.0
3803 427.0
3804 251.0
3805 203.0
3806 32.0
3807 158.0
3808 427.0
3809 203.0
3810 25.0
3811 252.0
3812 180.0
3813 203.0
3814 32.0
3815 252.0
3816 427.0
3817 251.0
3818 252.0
3819 251.0
3820 251.0
3821 314.0
3822 203.0
3823 252.0
3824 252.0
3825 427.0
3826 361.0
3827 253.0
3828 44.0
3829 427.0
3830 299.0
3831 427.0
3832 203.0
3833 215.0
3834 63.0
3835 162.0
3836 361.0
3837 427.0
3838 252.0
3839 316.0
3840 203.0
3841 2.0
3842 427.0
3843 204.0
3844 215.0
3845 0.0
3846 359.0
3847 203.0
3848 312.0
3849 180.0
3850 30.0
3851 251.0
3852 203.0
3853 359.0
3854 427.0
3855 6.0
3856 203.0
3857 225.0
3858 209.0
3859 427.0
3860 203.0
3861 30.0
3862 204.0
3863 104.0
3864 6.0
3865 203.0
3866 252.0
3867 251.0
3868 203.0
3869 17.0
3870 252.0
3871 301.0
3872 251.0
3873 203.0
3874 203.0
3875 252.0
3876 427.0
3877 364.0
3878 251.0
3879 252.0
3880 316.0
3881 360.0
3882 360.0
3883 252.0
3884 0.0
3885 63.0
3886 38.0
3887 251.0
3888 427.0
3889 109.0
3890 251.0
3891 203.0
3892 204.0
3893 312.0
3894 334.0
3895 203.0
3896 32.0
3897 151.0
3898 169.0
3899 316.0
3900 203.0
3901 315.0
3902 251.0
3903 203.0
3904 251.0
3905 334.0
3906 0.0
3907 203.0
3908 225.0
3909 252.0
3910 346.0
3911 203.0
3912 30.0
3913 127.0
3914 104.0
3915 6.0
3916 251.0
3917 220.0
3918 360.0
3919 251.0
3920 17.0
3921 251.0
3922 427.0
3923 251.0
3924 203.0
3925 251.0
3926 251.0
3927 427.0
3928 364.0
3929 203.0
3930 344.0
3931 337.0
3932 427.0
3933 427.0
3934 252.0
3935 33.0
3936 38.0
3937 162.0
3938 300.0
3939 427.0
3940 38.0
3941 427.0
3942 203.0
3943 251.0
3944 316.0
3945 251.0
3946 203.0
3947 32.0
3948 33.0
3949 0.0
3950 359.0
3951 203.0
3952 247.0
3953 30.0
3954 203.0
3955 300.0
3956 427.0
3957 251.0
3958 203.0
3959 32.0
3960 252.0
3961 312.0
3962 203.0
3963 32.0
3964 251.0
3965 251.0
3966 6.0
3967 252.0
3968 137.0
3969 360.0
3970 375.0
3971 252.0
3972 252.0
3973 347.0
3974 360.0
3975 252.0
3976 251.0
3977 427.0
3978 427.0
3979 347.0
3980 246.0
3981 209.0
3982 312.0
3983 361.0
3984 316.0
3985 251.0
3986 133.0
3987 38.0
3988 152.0
3989 316.0
3990 346.0
3991 315.0
3992 301.0
3993 203.0
3994 2.0
3995 337.0
3996 204.0
3997 203.0
3998 38.0
3999 317.0
4000 203.0
4001 328.0
4002 185.0
4003 0.0
4004 251.0
4005 63.0
4006 347.0
4007 427.0
4008 251.0
4009 203.0
4010 0.0
4011 38.0
4012 427.0
4013 203.0
4014 33.0
4015 204.0
4016 180.0
4017 203.0
4018 203.0
4019 251.0
4020 251.0
4021 251.0
4022 251.0
4023 252.0
4024 334.0
4025 252.0
4026 203.0
4027 203.0
4028 251.0
4029 427.0
4030 364.0
4031 252.0
4032 252.0
4033 251.0
4034 347.0
4035 359.0
4036 203.0
4037 104.0
4038 203.0
4039 203.0
4040 427.0
4041 427.0
4042 251.0
4043 427.0
4044 203.0
4045 252.0
4046 298.0
4047 108.0
4048 251.0
4049 3.0
4050 151.0
4051 204.0
4052 252.0
4053 0.0
4054 244.0
4055 251.0
4056 203.0
4057 337.0
4058 427.0
4059 0.0
4060 203.0
4061 63.0
4062 209.0
4063 427.0
4064 0.0
4065 427.0
4066 204.0
4067 251.0
4068 6.0
4069 252.0
4070 252.0
4071 334.0
4072 337.0
4073 0.0
4074 251.0
4075 347.0
4076 251.0
4077 203.0
4078 203.0
4079 317.0
4080 427.0
4081 333.0
4082 204.0
4083 252.0
4084 252.0
4085 347.0
4086 427.0
4087 251.0
4088 251.0
4089 49.0
4090 252.0
4091 133.0
4092 346.0
4093 251.0
4094 427.0
4095 203.0
4096 38.0
4097 337.0
4098 4.0
4099 252.0
4100 32.0
4101 33.0
4102 242.0
4103 315.0
4104 203.0
4105 241.0
4106 0.0
4107 203.0
4108 315.0
4109 334.0
4110 251.0
4111 203.0
4112 104.0
4113 38.0
4114 346.0
4115 203.0
4116 32.0
4117 252.0
4118 317.0
4119 203.0
4120 252.0
4121 251.0
4122 252.0
4123 316.0
4124 0.0
4125 251.0
4126 334.0
4127 360.0
4128 252.0
4129 116.0
4130 151.0
4131 427.0
4132 337.0
4133 251.0
4134 360.0
4135 337.0
4136 361.0
4137 316.0
4138 0.0
4139 252.0
4140 252.0
4141 160.0
4142 251.0
4143 346.0
4144 38.0
4145 316.0
4146 229.0
4147 251.0
4148 337.0
4149 104.0
4150 203.0
4151 248.0
4152 251.0
4153 203.0
4154 318.0
4155 114.0
4156 0.0
4157 102.0
4158 63.0
4159 337.0
4160 427.0
4161 252.0
4162 203.0
4163 203.0
4164 38.0
4165 312.0
4166 203.0
4167 359.0
4168 252.0
4169 180.0
4170 6.0
4171 252.0
4172 137.0
4173 252.0
4174 215.0
4175 203.0
4176 251.0
4177 252.0
4178 363.0
4179 251.0
4180 203.0
4181 252.0
4182 427.0
4183 361.0
4184 251.0
4185 252.0
4186 427.0
4187 427.0
4188 298.0
4189 204.0
4190 251.0
4191 203.0
4192 17.0
4193 240.0
4194 427.0
4195 225.0
4196 312.0
4197 0.0
4198 251.0
4199 427.0
4200 204.0
4201 17.0
4202 205.0
4203 151.0
4204 252.0
4205 328.0
4206 204.0
4207 241.0
4208 251.0
4209 2.0
4210 337.0
4211 427.0
4212 334.0
4213 2.0
4214 251.0
4215 215.0
4216 427.0
4217 0.0
4218 103.0
4219 203.0
4220 104.0
4221 6.0
4222 252.0
4223 312.0
4224 316.0
4225 215.0
4226 203.0
4227 251.0
4228 104.0
4229 314.0
4230 346.0
4231 203.0
4232 427.0
4233 427.0
4234 337.0
4235 251.0
4236 251.0
4237 427.0
4238 427.0
4239 427.0
4240 204.0
4241 252.0
4242 17.0
4243 203.0
4244 8.0
4245 361.0
4246 136.0
4247 427.0
4248 203.0
4249 251.0
4250 298.0
4251 204.0
4252 252.0
4253 205.0
4254 33.0
4255 251.0
4256 252.0
4257 203.0
4258 241.0
4259 337.0
4260 203.0
4261 315.0
4262 346.0
4263 6.0
4264 203.0
4265 215.0
4266 251.0
4267 427.0
4268 203.0
4269 252.0
4270 33.0
4271 251.0
4272 203.0
4273 251.0
4274 252.0
4275 251.0
4276 346.0
4277 203.0
4278 0.0
4279 347.0
4280 427.0
4281 203.0
4282 203.0
4283 339.0
4284 427.0
4285 337.0
4286 31.0
4287 251.0
4288 316.0
4289 315.0
4290 312.0
4291 251.0
4292 251.0
4293 203.0
4294 162.0
4295 251.0
4296 427.0
4297 251.0
4298 427.0
4299 203.0
4300 251.0
4301 427.0
4302 33.0
4303 203.0
4304 427.0
4305 252.0
4306 203.0
4307 231.0
4308 203.0
4309 30.0
4310 0.0
4311 63.0
4312 312.0
4313 346.0
4314 251.0
4315 203.0
4316 203.0
4317 246.0
4318 346.0
4319 109.0
4320 203.0
4321 127.0
4322 251.0
4323 6.0
4324 252.0
4325 220.0
4326 427.0
4327 252.0
4328 203.0
4329 251.0
4330 251.0
4331 334.0
4332 252.0
4333 104.0
4334 298.0
4335 427.0
4336 364.0
4337 251.0
4338 251.0
4339 346.0
4340 315.0
4341 427.0
4342 203.0
4343 251.0
4344 204.0
4345 251.0
4346 251.0
4347 359.0
4348 245.0
4349 334.0
4350 10.0
4351 75.0
4352 337.0
4353 204.0
4354 203.0
4355 32.0
4356 151.0
4357 251.0
4358 337.0
4359 252.0
4360 243.0
4361 251.0
4362 252.0
4363 347.0
4364 427.0
4365 83.0
4366 203.0
4367 63.0
4368 38.0
4369 346.0
4370 203.0
4371 362.0
4372 252.0
4373 251.0
4374 6.0
4375 203.0
4376 137.0
4377 252.0
4378 316.0
4379 203.0
4380 252.0
4381 252.0
4382 102.0
4383 252.0
4384 251.0
4385 251.0
4386 427.0
4387 333.0
4388 246.0
4389 316.0
4390 427.0
4391 427.0
4392 327.0
4393 203.0
4394 251.0
4395 17.0
4396 252.0
4397 65.0
4398 427.0
4399 251.0
4400 427.0
4401 0.0
4402 76.0
4403 427.0
4404 251.0
4405 203.0
4406 0.0
4407 151.0
4408 180.0
4409 252.0
4410 203.0
4411 251.0
4412 251.0
4413 203.0
4414 361.0
4415 427.0
4416 0.0
4417 203.0
4418 252.0
4419 251.0
4420 427.0
4421 203.0
4422 251.0
4423 342.0
4424 103.0
4425 6.0
4426 252.0
4427 252.0
4428 251.0
4429 252.0
4430 203.0
4431 8.0
4432 104.0
4433 427.0
4434 252.0
4435 175.0
4436 346.0
4437 427.0
4438 337.0
4439 252.0
4440 252.0
4441 252.0
4442 252.0
4443 427.0
4444 252.0
4445 251.0
4446 252.0
4447 252.0
4448 32.0
4449 361.0
4450 122.0
4451 427.0
4452 203.0
4453 2.0
4454 298.0
4455 252.0
4456 104.0
4457 205.0
4458 209.0
4459 335.0
4460 252.0
4461 252.0
4462 318.0
4463 30.0
4464 9.0
4465 298.0
4466 334.0
4467 158.0
4468 203.0
4469 203.0
4470 203.0
4471 427.0
4472 203.0
4473 427.0
4474 252.0
4475 427.0
4476 203.0
4477 251.0
4478 220.0
4479 334.0
4480 251.0
4481 203.0
4482 251.0
4483 104.0
4484 251.0
4485 252.0
4486 175.0
4487 298.0
4488 427.0
4489 347.0
4490 204.0
4491 251.0
4492 427.0
4493 427.0
4494 315.0
4495 203.0
4496 251.0
4497 251.0
4498 203.0
4499 0.0
4500 427.0
4501 236.0
4502 316.0
4503 359.0
4504 251.0
4505 337.0
4506 204.0
4507 203.0
4508 0.0
4509 209.0
4510 203.0
4511 319.0
4512 203.0
4513 108.0
4514 0.0
4515 360.0
4516 427.0
4517 334.0
4518 63.0
4519 49.0
4520 203.0
4521 6.0
4522 346.0
4523 32.0
4524 252.0
4525 427.0
4526 251.0
4527 17.0
4528 251.0
4529 209.0
4530 252.0
4531 337.0
4532 252.0
4533 0.0
4534 33.0
4535 104.0
4536 121.0
4537 252.0
4538 427.0
4539 427.0
4540 118.0
4541 238.0
4542 252.0
4543 337.0
4544 427.0
4545 327.0
4546 251.0
4547 203.0
4548 251.0
4549 252.0
4550 140.0
4551 427.0
4552 215.0
4553 334.0
4554 243.0
4555 251.0
4556 427.0
4557 203.0
4558 55.0
4559 32.0
4560 151.0
4561 203.0
4562 231.0
4563 252.0
4564 243.0
4565 251.0
4566 203.0
4567 337.0
4568 427.0
4569 160.0
4570 203.0
4571 49.0
4572 251.0
4573 346.0
4574 203.0
4575 251.0
4576 252.0
4577 251.0
4578 6.0
4579 0.0
4580 251.0
4581 252.0
4582 251.0
4583 203.0
4584 0.0
4585 30.0
4586 252.0
4587 252.0
4588 251.0
4589 427.0
4590 427.0
4591 359.0
4592 253.0
4593 316.0
4594 427.0
4595 251.0
4596 360.0
4597 252.0
4598 316.0
4599 203.0
4600 337.0
4601 67.0
4602 427.0
4603 245.0
4604 427.0
4605 318.0
4606 71.0
4607 298.0
4608 33.0
4609 251.0
4610 205.0
4611 252.0
4612 203.0
4613 319.0
4614 180.0
4615 318.0
4616 337.0
4617 359.0
4618 337.0
4619 427.0
4620 0.0
4621 203.0
4622 251.0
4623 203.0
4624 427.0
4625 203.0
4626 251.0
4627 427.0
4628 317.0
4629 6.0
4630 252.0
4631 252.0
4632 251.0
4633 215.0
4634 203.0
4635 251.0
4636 251.0
4637 251.0
4638 252.0
4639 203.0
4640 298.0
4641 427.0
4642 298.0
4643 204.0
4644 347.0
4645 427.0
4646 362.0
4647 315.0
4648 132.0
4649 253.0
4650 104.0
4651 203.0
4652 133.0
4653 427.0
4654 203.0
4655 334.0
4656 251.0
4657 203.0
4658 337.0
4659 33.0
4660 215.0
4661 8.0
4662 209.0
4663 0.0
4664 252.0
4665 203.0
4666 252.0
4667 104.0
4668 0.0
4669 298.0
4670 346.0
4671 83.0
4672 203.0
4673 203.0
4674 6.0
4675 427.0
4676 203.0
4677 361.0
4678 252.0
4679 317.0
4680 6.0
4681 0.0
4682 220.0
4683 316.0
4684 427.0
4685 203.0
4686 251.0
4687 38.0
4688 427.0
4689 251.0
4690 337.0
4691 413.0
4692 427.0
4693 445.0
4694 252.0
4695 203.0
4696 316.0
4697 252.0
4698 359.0
4699 203.0
4700 298.0
4701 104.0
4702 252.0
4703 252.0
4704 427.0
4705 251.0
4706 316.0
4707 317.0
4708 251.0
4709 316.0
4710 38.0
4711 203.0
4712 32.0
4713 252.0
4714 203.0
4715 252.0
4716 203.0
4717 251.0
4718 251.0
4719 315.0
4720 316.0
4721 427.0
4722 83.0
4723 203.0
4724 252.0
4725 252.0
4726 346.0
4727 203.0
4728 252.0
4729 427.0
4730 251.0
4731 203.0
4732 0.0
4733 251.0
4734 203.0
4735 252.0
4736 203.0
4737 426.0
4738 251.0
4739 252.0
4740 133.0
4741 96.0
4742 427.0
4743 445.0
4744 316.0
4745 246.0
4746 203.0
4747 316.0
4748 252.0
4749 427.0
4750 132.0
4751 203.0
4752 251.0
4753 252.0
4754 133.0
4755 347.0
4756 136.0
4757 427.0
4758 252.0
4759 25.0
4760 318.0
4761 203.0
4762 209.0
4763 8.0
4764 151.0
4765 203.0
4766 361.0
4767 203.0
4768 14.0
4769 427.0
4770 203.0
4771 347.0
4772 316.0
4773 0.0
4774 203.0
4775 203.0
4776 203.0
4777 312.0
4778 203.0
4779 361.0
4780 252.0
4781 251.0
4782 6.0
4783 251.0
4784 251.0
4785 360.0
4786 316.0
4787 252.0
4788 0.0
4789 104.0
4790 363.0
4791 203.0
4792 251.0
4793 251.0
4794 445.0
4795 445.0
4796 204.0
4797 316.0
4798 252.0
4799 252.0
4800 533.0
4801 132.0
4802 253.0
4803 251.0
4804 343.0
4805 5.0
4806 314.0
4807 245.0
4808 427.0
4809 252.0
4810 251.0
4811 347.0
4812 33.0
4813 104.0
4814 205.0
4815 209.0
4816 0.0
4817 231.0
4818 203.0
4819 0.0
4820 203.0
4821 203.0
4822 427.0
4823 533.0
4824 0.0
4825 203.0
4826 203.0
4827 209.0
4828 427.0
4829 203.0
4830 301.0
4831 127.0
4832 361.0
4833 6.0
4834 251.0
4835 209.0
4836 251.0
4837 251.0
4838 203.0
4839 251.0
4840 334.0
4841 312.0
4842 251.0
4843 203.0
4844 404.0
4845 533.0
4846 298.0
4847 251.0
4848 316.0
4849 315.0
4850 251.0
4851 347.0
4852 298.0
4853 427.0
4854 104.0
4855 49.0
4856 251.0
4857 427.0
4858 251.0
4859 427.0
4860 252.0
4861 38.0
4862 337.0
4863 204.0
4864 203.0
4865 32.0
4866 252.0
4867 251.0
4868 252.0
4869 203.0
4870 252.0
4871 252.0
4872 0.0
4873 533.0
4874 359.0
4875 104.0
4876 203.0
4877 203.0
4878 38.0
4879 315.0
4880 203.0
4881 104.0
4882 38.0
4883 347.0
4884 6.0
4885 252.0
4886 252.0
4887 427.0
4888 375.0
4889 203.0
4890 251.0
4891 251.0
4892 427.0
4893 203.0
4894 33.0
4895 346.0
4896 533.0
4897 533.0
4898 427.0
4899 251.0
4900 251.0
4901 252.0
4902 427.0
4903 132.0
4904 252.0
4905 427.0
4906 197.0
4907 251.0
4908 300.0
4909 136.0
4910 301.0
4911 252.0
4912 203.0
4913 298.0
4914 203.0
4915 203.0
4916 0.0
4917 151.0
4918 203.0
4919 252.0
4920 340.0
4921 247.0
4922 252.0
4923 252.0
4924 347.0
4925 427.0
4926 251.0
4927 203.0
4928 0.0
4929 38.0
4930 346.0
4931 109.0
4932 314.0
4933 336.0
4934 427.0
4935 6.0
4936 252.0
4937 252.0
4938 252.0
4939 252.0
4940 203.0
4941 203.0
4942 360.0
4943 363.0
4944 251.0
4945 252.0
4946 251.0
4947 533.0
4948 533.0
4949 203.0
4950 252.0
4951 347.0
4952 252.0
4953 313.0
4954 132.0
4955 359.0
4956 252.0
4957 194.0
4958 251.0
4959 317.0
4960 136.0
4961 427.0
4962 359.0
4963 32.0
4964 298.0
4965 251.0
4966 6.0
4967 252.0
4968 209.0
4969 203.0
4970 231.0
4971 203.0
4972 244.0
4973 251.0
4974 203.0
4975 347.0
4976 315.0
4977 251.0
4978 203.0
4979 251.0
4980 251.0
4981 298.0
4982 203.0
4983 298.0
4984 127.0
4985 251.0
4986 6.0
4987 251.0
4988 137.0
4989 252.0
4990 427.0
4991 203.0
4992 0.0
4993 360.0
4994 316.0
4995 145.0
4996 203.0
4997 347.0
4998 533.0
4999 445.0
5000 203.0
5001 251.0
5002 252.0
5003 252.0
5004 347.0
5005 132.0
5006 363.0
5007 108.0
5008 17.0
5009 31.0
5010 313.0
5011 205.0
5012 252.0
5013 252.0
5014 251.0
5015 346.0
5016 33.0
5017 203.0
5018 252.0
5019 251.0
5020 98.0
5021 363.0
5022 203.0
5023 251.0
5024 315.0
5025 252.0
5026 427.0
5027 347.0
5028 0.0
5029 203.0
5030 203.0
5031 316.0
5032 337.0
5033 109.0
5034 251.0
5035 252.0
5036 427.0
5037 6.0
5038 252.0
5039 137.0
5040 360.0
5041 375.0
5042 203.0
5043 204.0
5044 315.0
5045 251.0
5046 427.0
5047 116.0
5048 337.0
5049 533.0
5050 427.0
5051 209.0
5052 251.0
5053 427.0
5054 251.0
5055 318.0
5056 203.0
5057 427.0
5058 252.0
5059 202.0
5060 0.0
5061 133.0
5062 231.0
5063 301.0
5064 314.0
5065 203.0
5066 314.0
5067 204.0
5068 203.0
5069 32.0
5070 252.0
5071 203.0
5072 252.0
5073 252.0
5074 251.0
5075 102.0
5076 251.0
5077 316.0
5078 533.0
5079 359.0
5080 203.0
5081 251.0
5082 158.0
5083 298.0
5084 203.0
5085 427.0
5086 38.0
5087 0.0
5088 6.0
5089 252.0
5090 251.0
5091 251.0
5092 360.0
5093 203.0
5094 203.0
5095 251.0
5096 252.0
5097 251.0
5098 209.0
5099 427.0
5100 533.0
