1 0.0
2 0.0
3 0.0
4 0.0
5 180.0
6 0.0
7 32.0
8 33.0
9 0.0
10 203.0
11 0.0
12 203.0
13 0.0
14 6.0
15 0.0
16 0.0
17 0.0
18 6.0
19 0.0
20 0.0
21 0.0
22 0.0
23 0.0
24 0.0
25 204.0
26 203.0
27 204.0
28 32.0
29 1.0
30 0.0
31 1.0
32 0.0
33 0.0
34 203.0
35 30.0
36 0.0
37 6.0
38 0.0
39 6.0
40 0.0
41 6.0
42 203.0
43 204.0
44 0.0
45 0.0
46 203.0
47 0.0
48 0.0
49 204.0
50 0.0
51 204.0
52 251.0
53 44.0
54 0.0
55 204.0
56 0.0
57 204.0
58 0.0
59 203.0
60 114.0
61 17.0
62 203.0
63 203.0
64 0.0
65 1.0
66 0.0
67 0.0
68 0.0
69 30.0
70 32.0
71 204.0
72 0.0
73 33.0
74 32.0
75 203.0
76 0.0
77 0.0
78 204.0
79 203.0
80 1.0
81 14.0
82 203.0
83 0.0
84 33.0
85 203.0
86 203.0
87 203.0
88 44.0
89 0.0
90 32.0
91 203.0
92 203.0
93 0.0
94 204.0
95 203.0
96 38.0
97 203.0
98 49.0
99 0.0
100 203.0
101 0.0
102 251.0
103 44.0
104 44.0
105 203.0
106 49.0
107 38.0
108 44.0
109 0.0
110 38.0
111 0.0
112 33.0
113 33.0
114 0.0
115 0.0
116 203.0
117 0.0
118 0.0
119 203.0
120 169.0
121 32.0
122 38.0
123 0.0
124 32.0
125 203.0
126 33.0
127 204.0
128 0.0
129 204.0
130 203.0
131 203.0
132 30.0
133 204.0
134 6.0
135 38.0
136 203.0
137 49.0
138 44.0
139 0.0
140 251.0
141 38.0
142 33.0
143 204.0
144 203.0
145 6.0
146 38.0
147 25.0
148 6.0
149 38.0
150 38.0
151 203.0
152 0.0
153 251.0
154 203.0
155 251.0
156 204.0
157 0.0
158 203.0
159 44.0
160 203.0
161 33.0
162 32.0
163 32.0
164 203.0
165 6.0
166 0.0
167 44.0
168 0.0
169 0.0
170 0.0
171 186.0
172 203.0
173 204.0
174 0.0
175 33.0
176 203.0
177 204.0
178 203.0
179 0.0
180 30.0
181 203.0
182 32.0
183 204.0
184 32.0
185 1.0
186 44.0
187 0.0
188 0.0
189 204.0
190 44.0
191 203.0
192 33.0
193 0.0
194 30.0
195 203.0
196 203.0
197 204.0
198 25.0
199 0.0
200 204.0
201 0.0
202 204.0
203 0.0
204 251.0
205 204.0
206 33.0
207 204.0
208 204.0
209 203.0
210 0.0
211 0.0
212 204.0
213 0.0
214 1.0
215 203.0
216 33.0
217 0.0
218 203.0
219 0.0
220 0.0
221 11.0
222 0.0
223 203.0
224 203.0
225 0.0
226 33.0
227 0.0
228 0.0
229 203.0
230 0.0
231 203.0
232 203.0
233 32.0
234 203.0
235 32.0
236 203.0
237 44.0
238 204.0
239 44.0
240 203.0
241 44.0
242 203.0
243 6.0
244 0.0
245 0.0
246 1.0
247 204.0
248 203.0
249 0.0
250 203.0
251 38.0
252 0.0
253 203.0
254 0.0
255 251.0
256 44.0
257 251.0
258 203.0
259 203.0
260 204.0
261 44.0
262 0.0
263 33.0
264 203.0
265 1.0
266 203.0
267 0.0
268 0.0
269 203.0
270 0.0
271 203.0
272 203.0
273 0.0
274 32.0
275 204.0
276 0.0
277 251.0
278 203.0
279 251.0
280 251.0
281 0.0
282 203.0
283 203.0
284 1.0
285 204.0
286 204.0
287 0.0
288 33.0
289 203.0
290 0.0
291 204.0
292 0.0
293 0.0
294 38.0
295 33.0
296 203.0
297 203.0
298 0.0
299 203.0
300 0.0
301 203.0
302 38.0
303 203.0
304 0.0
305 203.0
306 251.0
307 0.0
308 203.0
309 204.0
310 33.0
311 180.0
312 109.0
313 0.0
314 203.0
315 203.0
316 6.0
317 44.0
318 203.0
319 0.0
320 203.0
321 12.0
322 44.0
323 0.0
324 203.0
325 33.0
326 203.0
327 0.0
328 33.0
329 44.0
330 44.0
331 44.0
332 203.0
333 25.0
334 203.0
335 32.0
336 30.0
337 32.0
338 251.0
339 33.0
340 33.0
341 0.0
342 44.0
343 32.0
344 203.0
345 33.0
346 203.0
347 203.0
348 251.0
349 0.0
350 44.0
351 25.0
352 203.0
353 0.0
354 0.0
355 204.0
356 0.0
357 251.0
358 0.0
359 0.0
360 203.0
361 204.0
362 203.0
363 0.0
364 0.0
365 204.0
366 204.0
367 0.0
368 203.0
369 30.0
370 0.0
371 203.0
372 0.0
373 0.0
374 0.0
375 204.0
376 6.0
377 204.0
378 44.0
379 33.0
380 203.0
381 203.0
382 203.0
383 0.0
384 30.0
385 32.0
386 32.0
387 30.0
388 38.0
389 33.0
390 33.0
391 204.0
392 44.0
393 203.0
394 33.0
395 203.0
396 0.0
397 203.0
398 44.0
399 203.0
400 2.0
401 204.0
402 25.0
403 0.0
404 6.0
405 0.0
406 251.0
407 0.0
408 251.0
409 33.0
410 251.0
411 204.0
412 204.0
413 251.0
414 0.0
415 0.0
416 203.0
417 44.0
418 0.0
419 203.0
420 0.0
421 0.0
422 203.0
423 0.0
424 203.0
425 32.0
426 204.0
427 6.0
428 204.0
429 203.0
430 33.0
431 0.0
432 0.0
433 204.0
434 33.0
435 203.0
436 203.0
437 1.0
438 25.0
439 38.0
440 251.0
441 0.0
442 203.0
443 186.0
444 0.0
445 33.0
446 0.0
447 32.0
448 204.0
449 0.0
450 251.0
451 32.0
452 204.0
453 0.0
454 33.0
455 49.0
456 0.0
457 44.0
458 0.0
459 251.0
460 251.0
461 203.0
462 203.0
463 203.0
464 251.0
465 251.0
466 0.0
467 204.0
468 251.0
469 1.0
470 203.0
471 203.0
472 0.0
473 44.0
474 25.0
475 203.0
476 0.0
477 203.0
478 0.0
479 203.0
480 203.0
481 98.0
482 251.0
483 0.0
484 203.0
485 33.0
486 203.0
487 203.0
488 203.0
489 204.0
490 204.0
491 251.0
492 251.0
493 203.0
494 204.0
495 251.0
496 33.0
497 203.0
498 6.0
499 0.0
500 203.0
501 251.0
502 25.0
503 251.0
504 25.0
505 203.0
506 251.0
507 0.0
508 203.0
509 251.0
510 251.0
511 0.0
512 203.0
513 203.0
514 203.0
515 251.0
516 114.0
517 204.0
518 203.0
519 203.0
520 1.0
521 251.0
522 30.0
523 0.0
524 251.0
525 0.0
526 203.0
527 32.0
528 0.0
529 32.0
530 204.0
531 203.0
532 33.0
533 203.0
534 204.0
535 44.0
536 203.0
537 25.0
538 203.0
539 203.0
540 25.0
541 32.0
542 33.0
543 44.0
544 0.0
545 203.0
546 44.0
547 33.0
548 203.0
549 49.0
550 0.0
551 251.0
552 251.0
553 32.0
554 44.0
555 0.0
556 203.0
557 38.0
558 32.0
559 203.0
560 0.0
561 251.0
562 44.0
563 0.0
564 203.0
565 38.0
566 30.0
567 0.0
568 0.0
569 203.0
570 203.0
571 0.0
572 203.0
573 33.0
574 0.0
575 203.0
576 14.0
577 0.0
578 32.0
579 30.0
580 0.0
581 204.0
582 0.0
583 33.0
584 204.0
585 0.0
586 44.0
587 203.0
588 203.0
589 204.0
590 204.0
591 203.0
592 251.0
593 0.0
594 251.0
595 6.0
596 186.0
597 0.0
598 33.0
599 0.0
600 33.0
601 204.0
602 1.0
603 203.0
604 32.0
605 203.0
606 25.0
607 0.0
608 203.0
609 203.0
610 203.0
611 0.0
612 251.0
613 44.0
614 203.0
615 204.0
616 204.0
617 203.0
618 251.0
619 0.0
620 203.0
621 44.0
622 0.0
623 203.0
624 0.0
625 180.0
626 44.0
627 0.0
628 49.0
629 32.0
630 203.0
631 0.0
632 38.0
633 203.0
634 33.0
635 203.0
636 33.0
637 204.0
638 44.0
639 203.0
640 203.0
641 203.0
642 29.0
643 32.0
644 203.0
645 203.0
646 0.0
647 203.0
648 0.0
649 32.0
650 251.0
651 204.0
652 204.0
653 203.0
654 203.0
655 25.0
656 251.0
657 203.0
658 203.0
659 203.0
660 0.0
661 44.0
662 203.0
663 251.0
664 204.0
665 251.0
666 204.0
667 203.0
668 251.0
669 44.0
670 0.0
671 180.0
672 251.0
673 1.0
674 203.0
675 30.0
676 44.0
677 203.0
678 44.0
679 0.0
680 32.0
681 203.0
682 0.0
683 203.0
684 203.0
685 33.0
686 203.0
687 33.0
688 203.0
689 204.0
690 204.0
691 203.0
692 251.0
693 204.0
694 204.0
695 251.0
696 44.0
697 38.0
698 180.0
699 204.0
700 32.0
701 203.0
702 0.0
703 0.0
704 204.0
705 204.0
706 38.0
707 44.0
708 0.0
709 203.0
710 251.0
711 251.0
712 251.0
713 0.0
714 251.0
715 203.0
716 204.0
717 203.0
718 203.0
719 444.0
720 0.0
721 0.0
722 251.0
723 203.0
724 0.0
725 44.0
726 203.0
727 44.0
728 203.0
729 203.0
730 44.0
731 32.0
732 203.0
733 0.0
734 204.0
735 203.0
736 33.0
737 203.0
738 0.0
739 44.0
740 203.0
741 0.0
742 251.0
743 251.0
744 204.0
745 204.0
746 251.0
747 33.0
748 33.0
749 175.0
750 33.0
751 33.0
752 0.0
753 6.0
754 204.0
755 0.0
756 203.0
757 32.0
758 251.0
759 32.0
760 203.0
761 253.0
762 32.0
763 203.0
764 251.0
765 444.0
766 203.0
767 251.0
768 203.0
769 204.0
770 186.0
771 0.0
772 0.0
773 49.0
774 44.0
775 0.0
776 203.0
777 0.0
778 203.0
779 252.0
780 203.0
781 49.0
782 32.0
783 204.0
784 0.0
785 38.0
786 203.0
787 33.0
788 203.0
789 0.0
790 251.0
791 251.0
792 203.0
793 32.0
794 251.0
795 0.0
796 32.0
797 44.0
798 204.0
799 1.0
800 180.0
801 203.0
802 33.0
803 33.0
804 203.0
805 251.0
806 6.0
807 43.0
808 203.0
809 203.0
810 32.0
811 44.0
812 0.0
813 251.0
814 38.0
815 0.0
816 444.0
817 203.0
818 203.0
819 203.0
820 204.0
821 251.0
822 38.0
823 0.0
824 186.0
825 44.0
826 0.0
827 251.0
828 0.0
829 191.0
830 44.0
831 44.0
832 203.0
833 32.0
834 231.0
835 0.0
836 30.0
837 203.0
838 33.0
839 203.0
840 0.0
841 204.0
842 49.0
843 38.0
844 203.0
845 251.0
846 0.0
847 203.0
848 251.0
849 203.0
850 30.0
851 204.0
852 0.0
853 33.0
854 203.0
855 0.0
856 44.0
857 203.0
858 203.0
859 32.0
860 44.0
861 0.0
862 203.0
863 285.0
864 203.0
865 251.0
866 44.0
867 444.0
868 251.0
869 44.0
870 204.0
871 203.0
872 251.0
873 0.0
874 0.0
875 251.0
876 204.0
877 0.0
878 49.0
879 203.0
880 251.0
881 44.0
882 251.0
883 1.0
884 32.0
885 0.0
886 0.0
887 0.0
888 251.0
889 103.0
890 49.0
891 32.0
892 33.0
893 203.0
894 0.0
895 204.0
896 443.0
897 204.0
898 204.0
899 203.0
900 44.0
901 6.0
902 180.0
903 204.0
904 44.0
905 203.0
906 204.0
907 204.0
908 0.0
909 203.0
910 204.0
911 30.0
912 203.0
913 203.0
914 251.0
915 204.0
916 203.0
917 203.0
918 444.0
919 49.0
920 251.0
921 204.0
922 204.0
923 203.0
924 32.0
925 0.0
926 55.0
927 203.0
928 0.0
929 251.0
930 203.0
931 44.0
932 203.0
933 203.0
934 204.0
935 32.0
936 204.0
937 203.0
938 32.0
939 203.0
940 33.0
941 6.0
942 0.0
943 251.0
944 204.0
945 0.0
946 25.0
947 203.0
948 203.0
949 204.0
950 251.0
951 204.0
952 0.0
953 203.0
954 44.0
955 33.0
956 0.0
957 6.0
958 49.0
959 6.0
960 0.0
961 204.0
962 203.0
963 32.0
964 44.0
965 0.0
966 33.0
967 203.0
968 0.0
969 444.0
970 203.0
971 0.0
972 203.0
973 204.0
974 251.0
975 38.0
976 0.0
977 204.0
978 203.0
979 1.0
980 251.0
981 0.0
982 443.0
983 44.0
984 49.0
985 38.0
986 32.0
987 49.0
988 0.0
989 203.0
990 203.0
991 33.0
992 203.0
993 44.0
994 204.0
995 251.0
996 38.0
997 204.0
998 443.0
999 203.0
1000 44.0
1001 186.0
1002 44.0
1003 0.0
1004 38.0
1005 251.0
1006 32.0
1007 0.0
1008 204.0
1009 49.0
1010 204.0
1011 203.0
1012 0.0
1013 180.0
1014 0.0
1015 203.0
1016 203.0
1017 180.0
1018 49.0
1019 0.0
1020 444.0
1021 203.0
1022 44.0
1023 204.0
1024 203.0
1025 444.0
1026 104.0
1027 0.0
1028 251.0
1029 38.0
1030 0.0
1031 49.0
1032 0.0
1033 204.0
1034 44.0
1035 203.0
1036 203.0
1037 32.0
1038 0.0
1039 0.0
1040 252.0
1041 203.0
1042 33.0
1043 203.0
1044 0.0
1045 443.0
1046 49.0
1047 25.0
1048 203.0
1049 251.0
1050 0.0
1051 180.0
1052 204.0
1053 44.0
1054 6.0
1055 38.0
1056 203.0
1057 33.0
1058 204.0
1059 38.0
1060 231.0
1061 251.0
1062 203.0
1063 25.0
1064 180.0
1065 6.0
1066 203.0
1067 251.0
1068 203.0
1069 49.0
1070 0.0
1071 444.0
1072 203.0
1073 0.0
1074 203.0
1075 204.0
1076 203.0
1077 251.0
1078 0.0
1079 37.0
1080 38.0
1081 0.0
1082 251.0
1083 0.0
1084 49.0
1085 44.0
1086 203.0
1087 1.0
1088 32.0
1089 203.0
1090 32.0
1091 251.0
1092 203.0
1093 103.0
1094 0.0
1095 44.0
1096 49.0
1097 251.0
1098 0.0
1099 1.0
1100 443.0
1101 203.0
1102 180.0
1103 203.0
1104 203.0
1105 6.0
1106 180.0
1107 203.0
1108 33.0
1109 180.0
1110 203.0
1111 203.0
1112 6.0
1113 5.0
1114 204.0
1115 30.0
1116 38.0
1117 0.0
1118 0.0
1119 33.0
1120 203.0
1121 0.0
1122 444.0
1123 251.0
1124 255.0
1125 204.0
1126 204.0
1127 251.0
1128 0.0
1129 0.0
1130 251.0
1131 204.0
1132 0.0
1133 443.0
1134 0.0
1135 44.0
1136 203.0
1137 203.0
1138 38.0
1139 32.0
1140 44.0
1141 6.0
1142 251.0
1143 203.0
1144 33.0
1145 203.0
1146 44.0
1147 203.0
1148 203.0
1149 0.0
1150 0.0
1151 444.0
1152 203.0
1153 251.0
1154 185.0
1155 33.0
1156 0.0
1157 180.0
1158 203.0
1159 33.0
1160 0.0
1161 32.0
1162 203.0
1163 203.0
1164 203.0
1165 32.0
1166 251.0
1167 38.0
1168 204.0
1169 170.0
1170 30.0
1171 203.0
1172 0.0
1173 444.0
1174 203.0
1175 186.0
1176 203.0
1177 203.0
1178 251.0
1179 44.0
1180 0.0
1181 203.0
1182 204.0
1183 0.0
1184 203.0
1185 0.0
1186 49.0
1187 251.0
1188 203.0
1189 251.0
1190 32.0
1191 225.0
1192 203.0
1193 251.0
1194 203.0
1195 33.0
1196 44.0
1197 98.0
1198 203.0
1199 49.0
1200 0.0
1201 204.0
1202 251.0
1203 204.0
1204 32.0
1205 203.0
1206 204.0
1207 6.0
1208 180.0
1209 203.0
1210 33.0
1211 0.0
1212 44.0
1213 44.0
1214 0.0
1215 203.0
1216 25.0
1217 38.0
1218 38.0
1219 6.0
1220 253.0
1221 191.0
1222 203.0
1223 0.0
1224 444.0
1225 251.0
1226 251.0
1227 49.0
1228 203.0
1229 203.0
1230 203.0
1231 0.0
1232 203.0
1233 38.0
1234 0.0
1235 251.0
1236 0.0
1237 204.0
1238 44.0
1239 251.0
1240 1.0
1241 32.0
1242 203.0
1243 0.0
1244 203.0
1245 203.0
1246 38.0
1247 203.0
1248 203.0
1249 251.0
1250 49.0
1251 0.0
1252 204.0
1253 251.0
1254 38.0
1255 203.0
1256 204.0
1257 204.0
1258 1.0
1259 204.0
1260 203.0
1261 33.0
1262 169.0
1263 0.0
1264 44.0
1265 203.0
1266 203.0
1267 204.0
1268 30.0
1269 0.0
1270 32.0
1271 0.0
1272 30.0
1273 203.0
1274 0.0
1275 444.0
1276 251.0
1277 251.0
1278 49.0
1279 203.0
1280 251.0
1281 0.0
1282 0.0
1283 203.0
1284 203.0
1285 1.0
1286 444.0
1287 0.0
1288 204.0
1289 44.0
1290 203.0
1291 203.0
1292 32.0
1293 251.0
1294 0.0
1295 444.0
1296 0.0
1297 103.0
1298 204.0
1299 44.0
1300 251.0
1301 251.0
1302 204.0
1303 19.0
1304 203.0
1305 204.0
1306 251.0
1307 180.0
1308 203.0
1309 0.0
1310 175.0
1311 203.0
1312 33.0
1313 0.0
1314 49.0
1315 203.0
1316 204.0
1317 203.0
1318 204.0
1319 180.0
1320 38.0
1321 33.0
1322 0.0
1323 33.0
1324 203.0
1325 203.0
1326 444.0
1327 203.0
1328 44.0
1329 203.0
1330 203.0
1331 444.0
1332 0.0
1333 0.0
1334 251.0
1335 204.0
1336 1.0
1337 186.0
1338 0.0
1339 44.0
1340 203.0
1341 203.0
1342 38.0
1343 32.0
1344 251.0
1345 6.0
1346 225.0
1347 203.0
1348 33.0
1349 180.0
1350 203.0
1351 251.0
1352 251.0
1353 0.0
1354 204.0
1355 444.0
1356 203.0
1357 251.0
1358 203.0
1359 33.0
1360 6.0
1361 203.0
1362 203.0
1363 33.0
1364 169.0
1365 32.0
1366 444.0
1367 6.0
1368 203.0
1369 204.0
1370 251.0
1371 38.0
1372 6.0
1373 251.0
1374 203.0
1375 203.0
1376 30.0
1377 444.0
1378 203.0
1379 251.0
1380 1.0
1381 203.0
1382 203.0
1383 104.0
1384 0.0
1385 38.0
1386 44.0
1387 0.0
1388 251.0
1389 0.0
1390 191.0
1391 203.0
1392 203.0
1393 1.0
1394 32.0
1395 203.0
1396 38.0
1397 251.0
1398 203.0
1399 38.0
1400 49.0
1401 251.0
1402 203.0
1403 203.0
1404 0.0
1405 0.0
1406 251.0
1407 32.0
1408 251.0
1409 203.0
1410 44.0
1411 6.0
1412 180.0
1413 203.0
1414 33.0
1415 38.0
1416 203.0
1417 43.0
1418 25.0
1419 203.0
1420 204.0
1421 3.0
1422 0.0
1423 0.0
1424 170.0
1425 203.0
1426 203.0
1427 0.0
1428 444.0
1429 203.0
1430 444.0
1431 6.0
1432 203.0
1433 251.0
1434 104.0
1435 0.0
1436 38.0
1437 203.0
1438 33.0
1439 251.0
1440 0.0
1441 204.0
1442 32.0
1443 203.0
1444 38.0
1445 32.0
1446 203.0
1447 0.0
1448 251.0
1449 203.0
1450 32.0
1451 49.0
1452 44.0
1453 203.0
1454 251.0
1455 25.0
1456 204.0
1457 203.0
1458 203.0
1459 251.0
1460 203.0
1461 203.0
1462 0.0
1463 203.0
1464 204.0
1465 32.0
1466 0.0
1467 0.0
1468 44.0
1469 204.0
1470 203.0
1471 204.0
1472 203.0
1473 0.0
1474 0.0
1475 32.0
1476 44.0
1477 251.0
1478 0.0
1479 444.0
1480 203.0
1481 203.0
1482 204.0
1483 203.0
1484 251.0
1485 104.0
1486 0.0
1487 203.0
1488 203.0
1489 0.0
1490 444.0
1491 0.0
1492 33.0
1493 32.0
1494 203.0
1495 38.0
1496 32.0
1497 252.0
1498 0.0
1499 231.0
1500 203.0
1501 33.0
1502 25.0
1503 204.0
1504 251.0
1505 251.0
1506 0.0
1507 204.0
1508 251.0
1509 204.0
1510 251.0
1511 180.0
1512 203.0
1513 0.0
1514 175.0
1515 30.0
1516 32.0
1517 0.0
1518 0.0
1519 203.0
1520 204.0
1521 204.0
1522 203.0
1523 231.0
1524 38.0
1525 203.0
1526 253.0
1527 251.0
1528 251.0
1529 251.0
1530 444.0
1531 203.0
1532 251.0
1533 203.0
1534 203.0
1535 44.0
1536 38.0
1537 0.0
1538 251.0
1539 49.0
1540 32.0
1541 203.0
1542 0.0
1543 33.0
1544 33.0
1545 252.0
1546 1.0
1547 32.0
1548 251.0
1549 0.0
1550 180.0
1551 203.0
1552 33.0
1553 0.0
1554 203.0
1555 251.0
1556 251.0
1557 25.0
1558 203.0
1559 444.0
1560 203.0
1561 203.0
1562 203.0
1563 44.0
1564 30.0
1565 175.0
1566 203.0
1567 33.0
1568 169.0
1569 25.0
1570 252.0
1571 38.0
1572 252.0
1573 0.0
1574 22.0
1575 38.0
1576 0.0
1577 170.0
1578 204.0
1579 203.0
1580 0.0
1581 444.0
1582 30.0
1583 443.0
1584 44.0
1585 203.0
1586 443.0
1587 104.0
1588 0.0
1589 32.0
1590 44.0
1591 0.0
1592 251.0
1593 30.0
1594 191.0
1595 25.0
1596 203.0
1597 49.0
1598 32.0
1599 203.0
1600 203.0
1601 203.0
1602 203.0
1603 32.0
1604 44.0
1605 30.0
1606 203.0
1607 203.0
1608 25.0
1609 204.0
1610 203.0
1611 203.0
1612 204.0
1613 204.0
1614 38.0
1615 6.0
1616 180.0
1617 191.0
1618 33.0
1619 203.0
1620 0.0
1621 38.0
1622 44.0
1623 203.0
1624 204.0
1625 203.0
1626 38.0
1627 203.0
1628 253.0
1629 49.0
1630 203.0
1631 203.0
1632 444.0
1633 186.0
1634 203.0
1635 203.0
1636 33.0
1637 251.0
1638 204.0
1639 0.0
1640 251.0
1641 251.0
1642 0.0
1643 251.0
1644 30.0
1645 252.0
1646 44.0
1647 252.0
1648 38.0
1649 32.0
1650 252.0
1651 0.0
1652 203.0
1653 203.0
1654 33.0
1655 203.0
1656 204.0
1657 444.0
1658 251.0
1659 25.0
1660 204.0
1661 251.0
1662 203.0
1663 251.0
1664 203.0
1665 203.0
1666 0.0
1667 180.0
1668 251.0
1669 33.0
1670 0.0
1671 0.0
1672 204.0
1673 30.0
1674 203.0
1675 204.0
1676 231.0
1677 0.0
1678 203.0
1679 44.0
1680 38.0
1681 444.0
1682 203.0
1683 444.0
1684 203.0
1685 203.0
1686 203.0
1687 203.0
1688 180.0
1689 0.0
1690 0.0
1691 203.0
1692 203.0
1693 0.0
1694 180.0
1695 0.0
1696 44.0
1697 30.0
1698 252.0
1699 204.0
1700 32.0
1701 251.0
1702 6.0
1703 231.0
1704 0.0
1705 33.0
1706 0.0
1707 191.0
1708 252.0
1709 251.0
1710 203.0
1711 1.0
1712 251.0
1713 203.0
1714 180.0
1715 180.0
1716 203.0
1717 1.0
1718 175.0
1719 30.0
1720 32.0
1721 0.0
1722 25.0
1723 203.0
1724 204.0
1725 203.0
1726 25.0
1727 251.0
1728 38.0
1729 0.0
1730 203.0
1731 203.0
1732 185.0
1733 33.0
1734 444.0
1735 251.0
1736 251.0
1737 203.0
1738 38.0
1739 444.0
1740 49.0
1741 0.0
1742 32.0
1743 251.0
1744 0.0
1745 203.0
1746 33.0
1747 203.0
1748 251.0
1749 252.0
1750 203.0
1751 32.0
1752 251.0
1753 0.0
1754 180.0
1755 203.0
1756 33.0
1757 49.0
1758 44.0
1759 444.0
1760 444.0
1761 0.0
1762 203.0
1763 203.0
1764 203.0
1765 251.0
1766 444.0
1767 44.0
1768 1.0
1769 180.0
1770 180.0
1771 33.0
1772 30.0
1773 0.0
1774 169.0
1775 32.0
1776 203.0
1777 44.0
1778 251.0
1779 0.0
1780 6.0
1781 253.0
1782 251.0
1783 251.0
1784 30.0
1785 444.0
1786 44.0
1787 251.0
1788 203.0
1789 203.0
1790 251.0
1791 44.0
1792 0.0
1793 203.0
1794 44.0
1795 0.0
1796 251.0
1797 0.0
1798 191.0
1799 19.0
1800 252.0
1801 38.0
1802 32.0
1803 203.0
1804 0.0
1805 252.0
1806 203.0
1807 33.0
1808 49.0
1809 203.0
1810 203.0
1811 38.0
1812 203.0
1813 204.0
1814 203.0
1815 203.0
1816 204.0
1817 204.0
1818 44.0
1819 0.0
1820 38.0
1821 180.0
1822 44.0
1823 169.0
1824 0.0
1825 38.0
1826 204.0
1827 203.0
1828 0.0
1829 251.0
1830 38.0
1831 203.0
1832 203.0
1833 32.0
1834 444.0
1835 203.0
1836 444.0
1837 251.0
1838 444.0
1839 204.0
1840 104.0
1841 185.0
1842 0.0
1843 0.0
1844 203.0
1845 251.0
1846 0.0
1847 203.0
1848 0.0
1849 49.0
1850 33.0
1851 443.0
1852 44.0
1853 32.0
1854 251.0
1855 33.0
1856 251.0
1857 0.0
1858 33.0
1859 0.0
1860 191.0
1861 444.0
1862 251.0
1863 25.0
1864 0.0
1865 251.0
1866 0.0
1867 251.0
1868 203.0
1869 203.0
1870 0.0
1871 180.0
1872 30.0
1873 32.0
1874 0.0
1875 25.0
1876 203.0
1877 32.0
1878 203.0
1879 204.0
1880 251.0
1881 38.0
1882 0.0
1883 0.0
1884 49.0
1885 225.0
1886 203.0
1887 444.0
1888 444.0
1889 203.0
1890 203.0
1891 203.0
1892 203.0
1893 44.0
1894 0.0
1895 203.0
1896 203.0
1897 0.0
1898 203.0
1899 0.0
1900 203.0
1901 30.0
1902 443.0
1903 1.0
1904 32.0
1905 251.0
1906 0.0
1907 180.0
1908 0.0
1909 33.0
1910 158.0
1911 44.0
1912 251.0
1913 43.0
1914 25.0
1915 204.0
1916 203.0
1917 25.0
1918 180.0
1919 185.0
1920 203.0
1921 1.0
1922 180.0
1923 185.0
1924 32.0
1925 0.0
1926 0.0
1927 444.0
1928 32.0
1929 203.0
1930 0.0
1931 30.0
1932 44.0
1933 6.0
1934 251.0
1935 251.0
1936 251.0
1937 33.0
1938 444.0
1939 180.0
1940 363.0
1941 49.0
1942 30.0
1943 251.0
1944 203.0
1945 0.0
1946 32.0
1947 203.0
1948 0.0
1949 251.0
1950 0.0
1951 203.0
1952 25.0
1953 443.0
1954 1.0
1955 32.0
1956 251.0
1957 6.0
1958 444.0
1959 203.0
1960 33.0
1961 44.0
1962 204.0
1963 444.0
1964 33.0
1965 204.0
1966 251.0
1967 203.0
1968 1.0
1969 251.0
1970 203.0
1971 32.0
1972 0.0
1973 180.0
1974 185.0
1975 0.0
1976 30.0
1977 0.0
1978 169.0
1979 204.0
1980 203.0
1981 32.0
1982 30.0
1983 6.0
1984 6.0
1985 0.0
1986 234.0
1987 251.0
1988 180.0
1989 444.0
1990 225.0
1991 444.0
1992 203.0
1993 93.0
1994 185.0
1995 0.0
1996 0.0
1997 203.0
1998 186.0
1999 0.0
2000 251.0
2001 0.0
2002 49.0
2003 25.0
2004 251.0
2005 38.0
2006 32.0
2007 252.0
2008 32.0
2009 251.0
2010 0.0
2011 33.0
2012 49.0
2013 38.0
2014 444.0
2015 0.0
2016 25.0
2017 25.0
2018 203.0
2019 25.0
2020 444.0
2021 185.0
2022 0.0
2023 0.0
2024 204.0
2025 203.0
2026 33.0
2027 30.0
2028 25.0
2029 38.0
2030 204.0
2031 203.0
2032 204.0
2033 109.0
2034 38.0
2035 0.0
2036 203.0
2037 33.0
2038 251.0
2039 203.0
2040 444.0
2041 251.0
2042 203.0
2043 204.0
2044 203.0
2045 180.0
2046 44.0
2047 0.0
2048 203.0
2049 30.0
2050 204.0
2051 204.0
2052 0.0
2053 203.0
2054 32.0
2055 443.0
2056 38.0
2057 32.0
2058 251.0
2059 33.0
2060 444.0
2061 0.0
2062 33.0
2063 30.0
2064 251.0
2065 251.0
2066 251.0
2067 203.0
2068 203.0
2069 251.0
2070 25.0
2071 251.0
2072 186.0
2073 6.0
2074 6.0
2075 180.0
2076 203.0
2077 44.0
2078 0.0
2079 25.0
2080 203.0
2081 32.0
2082 203.0
2083 204.0
2084 180.0
2085 38.0
2086 44.0
2087 251.0
2088 49.0
2089 49.0
2090 30.0
2091 444.0
2092 180.0
2093 444.0
2094 203.0
2095 204.0
2096 203.0
2097 103.0
2098 0.0
2099 32.0
2100 30.0
2101 0.0
2102 186.0
2103 203.0
2104 203.0
2105 203.0
2106 443.0
2107 1.0
2108 32.0
2109 251.0
2110 25.0
2111 251.0
2112 251.0
2113 0.0
2114 25.0
2115 204.0
2116 252.0
2117 43.0
2118 0.0
2119 204.0
2120 203.0
2121 25.0
2122 251.0
2123 252.0
2124 203.0
2125 6.0
2126 180.0
2127 203.0
2128 32.0
2129 0.0
2130 0.0
2131 204.0
2132 32.0
2133 203.0
2134 44.0
2135 30.0
2136 38.0
2137 0.0
2138 0.0
2139 251.0
2140 203.0
2141 251.0
2142 444.0
2143 251.0
2144 443.0
2145 44.0
2146 30.0
2147 180.0
2148 180.0
2149 0.0
2150 203.0
2151 180.0
2152 0.0
2153 203.0
2154 0.0
2155 203.0
2156 25.0
2157 251.0
2158 1.0
2159 32.0
2160 251.0
2161 0.0
2162 251.0
2163 203.0
2164 33.0
2165 203.0
2166 180.0
2167 444.0
2168 0.0
2169 0.0
2170 251.0
2171 44.0
2172 25.0
2173 203.0
2174 251.0
2175 38.0
2176 204.0
2177 180.0
2178 203.0
2179 33.0
2180 169.0
2181 44.0
2182 38.0
2183 3.0
2184 203.0
2185 32.0
2186 30.0
2187 38.0
2188 6.0
2189 0.0
2190 251.0
2191 251.0
2192 203.0
2193 444.0
2194 203.0
2195 444.0
2196 33.0
2197 204.0
2198 180.0
2199 103.0
2200 0.0
2201 32.0
2202 251.0
2203 0.0
2204 251.0
2205 0.0
2206 203.0
2207 25.0
2208 251.0
2209 38.0
2210 32.0
2211 251.0
2212 44.0
2213 251.0
2214 203.0
2215 32.0
2216 49.0
2217 185.0
2218 252.0
2219 251.0
2220 25.0
2221 33.0
2222 203.0
2223 25.0
2224 204.0
2225 203.0
2226 203.0
2227 0.0
2228 204.0
2229 251.0
2230 0.0
2231 169.0
2232 0.0
2233 49.0
2234 3.0
2235 203.0
2236 25.0
2237 180.0
2238 38.0
2239 203.0
2240 180.0
2241 44.0
2242 191.0
2243 251.0
2244 444.0
2245 180.0
2246 444.0
2247 204.0
2248 203.0
2249 203.0
2250 114.0
2251 0.0
2252 203.0
2253 30.0
2254 0.0
2255 186.0
2256 0.0
2257 203.0
2258 30.0
2259 203.0
2260 38.0
2261 32.0
2262 252.0
2263 44.0
2264 231.0
2265 0.0
2266 32.0
2267 234.0
2268 203.0
2269 252.0
2270 38.0
2271 203.0
2272 251.0
2273 251.0
2274 203.0
2275 251.0
2276 203.0
2277 0.0
2278 32.0
2279 203.0
2280 203.0
2281 32.0
2282 0.0
2283 25.0
2284 203.0
2285 204.0
2286 251.0
2287 0.0
2288 38.0
2289 0.0
2290 49.0
2291 170.0
2292 180.0
2293 251.0
2294 203.0
2295 444.0
2296 169.0
2297 443.0
2298 203.0
2299 203.0
2300 203.0
2301 180.0
2302 0.0
2303 203.0
2304 30.0
2305 0.0
2306 203.0
2307 0.0
2308 203.0
2309 30.0
2310 251.0
2311 251.0
2312 32.0
2313 252.0
2314 49.0
2315 231.0
2316 203.0
2317 33.0
2318 44.0
2319 203.0
2320 251.0
2321 32.0
2322 14.0
2323 204.0
2324 180.0
2325 25.0
2326 443.0
2327 251.0
2328 32.0
2329 6.0
2330 175.0
2331 203.0
2332 44.0
2333 0.0
2334 0.0
2335 203.0
2336 32.0
2337 203.0
2338 25.0
2339 30.0
2340 38.0
2341 33.0
2342 38.0
2343 231.0
2344 203.0
2345 203.0
2346 444.0
2347 251.0
2348 251.0
2349 0.0
2350 203.0
2351 180.0
2352 103.0
2353 0.0
2354 114.0
2355 185.0
2356 0.0
2357 251.0
2358 203.0
2359 49.0
2360 30.0
2361 252.0
2362 203.0
2363 32.0
2364 204.0
2365 0.0
2366 251.0
2367 203.0
2368 33.0
2369 203.0
2370 180.0
2371 203.0
2372 0.0
2373 25.0
2374 251.0
2375 203.0
2376 203.0
2377 186.0
2378 203.0
2379 0.0
2380 203.0
2381 203.0
2382 203.0
2383 44.0
2384 169.0
2385 0.0
2386 38.0
2387 32.0
2388 203.0
2389 25.0
2390 30.0
2391 38.0
2392 6.0
2393 0.0
2394 44.0
2395 185.0
2396 251.0
2397 444.0
2398 203.0
2399 444.0
2400 0.0
2401 33.0
2402 38.0
2403 49.0
2404 0.0
2405 251.0
2406 251.0
2407 169.0
2408 251.0
2409 0.0
2410 251.0
2411 25.0
2412 443.0
2413 251.0
2414 204.0
2415 252.0
2416 49.0
2417 443.0
2418 0.0
2419 32.0
2420 203.0
2421 203.0
2422 444.0
2423 33.0
2424 25.0
2425 49.0
2426 203.0
2427 1.0
2428 204.0
2429 444.0
2430 6.0
2431 0.0
2432 204.0
2433 251.0
2434 191.0
2435 169.0
2436 32.0
2437 252.0
2438 8.0
2439 203.0
2440 0.0
2441 180.0
2442 0.0
2443 204.0
2444 49.0
2445 251.0
2446 44.0
2447 251.0
2448 444.0
2449 169.0
2450 444.0
2451 25.0
2452 203.0
2453 203.0
2454 251.0
2455 0.0
2456 251.0
2457 30.0
2458 0.0
2459 203.0
2460 251.0
2461 204.0
2462 30.0
2463 443.0
2464 38.0
2465 32.0
2466 251.0
2467 203.0
2468 231.0
2469 251.0
2470 33.0
2471 203.0
2472 49.0
2473 251.0
2474 43.0
2475 14.0
2476 203.0
2477 251.0
2478 25.0
2479 204.0
2480 251.0
2481 49.0
2482 32.0
2483 204.0
2484 203.0
2485 30.0
2486 0.0
2487 32.0
2488 204.0
2489 8.0
2490 180.0
2491 204.0
2492 251.0
2493 0.0
2494 33.0
2495 38.0
2496 180.0
2497 203.0
2498 38.0
2499 444.0
2500 180.0
2501 444.0
2502 0.0
2503 30.0
2504 37.0
2505 103.0
2506 0.0
2507 251.0
2508 180.0
2509 0.0
2510 203.0
2511 30.0
2512 203.0
2513 25.0
2514 251.0
2515 203.0
2516 204.0
2517 49.0
2518 203.0
2519 251.0
2520 251.0
2521 33.0
2522 180.0
2523 251.0
2524 251.0
2525 0.0
2526 25.0
2527 251.0
2528 180.0
2529 25.0
2530 180.0
2531 251.0
2532 49.0
2533 0.0
2534 175.0
2535 251.0
2536 0.0
2537 0.0
2538 0.0
2539 203.0
2540 38.0
2541 180.0
2542 25.0
2543 30.0
2544 38.0
2545 32.0
2546 49.0
2547 180.0
2548 251.0
2549 38.0
2550 444.0
2551 203.0
2552 255.0
2553 0.0
2554 203.0
2555 203.0
2556 103.0
2557 0.0
2558 251.0
2559 203.0
2560 0.0
2561 251.0
2562 203.0
2563 49.0
2564 30.0
2565 251.0
2566 204.0
2567 203.0
2568 251.0
2569 203.0
2570 251.0
2571 49.0
2572 32.0
2573 203.0
2574 251.0
2575 203.0
2576 251.0
2577 25.0
2578 251.0
2579 203.0
2580 25.0
2581 251.0
2582 203.0
2583 44.0
2584 0.0
2585 203.0
2586 251.0
2587 49.0
2588 169.0
2589 203.0
2590 38.0
2591 38.0
2592 204.0
2593 203.0
2594 203.0
2595 0.0
2596 203.0
2597 191.0
2598 251.0
2599 185.0
2600 203.0
2601 444.0
2602 180.0
2603 444.0
2604 0.0
2605 203.0
2606 32.0
2607 203.0
2608 0.0
2609 251.0
2610 30.0
2611 0.0
2612 203.0
2613 0.0
2614 203.0
2615 33.0
2616 443.0
2617 251.0
2618 32.0
2619 251.0
2620 44.0
2621 251.0
2622 251.0
2623 0.0
2624 251.0
2625 251.0
2626 443.0
2627 443.0
2628 25.0
2629 203.0
2630 203.0
2631 25.0
2632 203.0
2633 289.0
2634 0.0
2635 0.0
2636 203.0
2637 252.0
2638 191.0
2639 0.0
2640 32.0
2641 203.0
2642 8.0
2643 0.0
2644 204.0
2645 444.0
2646 32.0
2647 203.0
2648 32.0
2649 203.0
2650 44.0
2651 30.0
2652 444.0
2653 180.0
2654 443.0
2655 204.0
2656 30.0
2657 38.0
2658 203.0
2659 0.0
2660 251.0
2661 38.0
2662 0.0
2663 203.0
2664 203.0
2665 251.0
2666 25.0
2667 443.0
2668 44.0
2669 203.0
2670 251.0
2671 203.0
2672 251.0
2673 203.0
2674 33.0
2675 185.0
2676 180.0
2677 251.0
2678 33.0
2679 25.0
2680 203.0
2681 444.0
2682 25.0
2683 251.0
2684 251.0
2685 44.0
2686 0.0
2687 203.0
2688 231.0
2689 49.0
2690 0.0
2691 203.0
2692 203.0
2693 30.0
2694 0.0
2695 204.0
2696 38.0
2697 38.0
2698 252.0
2699 0.0
2700 251.0
2701 251.0
2702 251.0
2703 444.0
2704 203.0
2705 444.0
2706 203.0
2707 93.0
2708 203.0
2709 103.0
2710 32.0
2711 251.0
2712 30.0
2713 0.0
2714 251.0
2715 203.0
2716 251.0
2717 30.0
2718 251.0
2719 203.0
2720 204.0
2721 251.0
2722 203.0
2723 231.0
2724 251.0
2725 33.0
2726 186.0
2727 180.0
2728 252.0
2729 251.0
2730 25.0
2731 49.0
2732 44.0
2733 25.0
2734 186.0
2735 444.0
2736 32.0
2737 0.0
2738 169.0
2739 251.0
2740 191.0
2741 169.0
2742 203.0
2743 32.0
2744 32.0
2745 204.0
2746 203.0
2747 203.0
2748 203.0
2749 49.0
2750 170.0
2751 180.0
2752 251.0
2753 203.0
2754 444.0
2755 38.0
2756 444.0
2757 32.0
2758 203.0
2759 38.0
2760 203.0
2761 0.0
2762 203.0
2763 30.0
2764 0.0
2765 443.0
2766 49.0
2767 251.0
2768 30.0
2769 251.0
2770 204.0
2771 204.0
2772 251.0
2773 44.0
2774 251.0
2775 251.0
2776 0.0
2777 203.0
2778 44.0
2779 251.0
2780 203.0
2781 14.0
2782 203.0
2783 203.0
2784 25.0
2785 204.0
2786 203.0
2787 0.0
2788 0.0
2789 191.0
2790 49.0
2791 120.0
2792 0.0
2793 38.0
2794 44.0
2795 38.0
2796 180.0
2797 0.0
2798 203.0
2799 0.0
2800 203.0
2801 170.0
2802 180.0
2803 191.0
2804 38.0
2805 444.0
2806 203.0
2807 444.0
2808 203.0
2809 204.0
2810 38.0
2811 203.0
2812 0.0
2813 251.0
2814 38.0
2815 0.0
2816 203.0
2817 0.0
2818 203.0
2819 30.0
2820 443.0
2821 44.0
2822 203.0
2823 204.0
2824 203.0
2825 251.0
2826 251.0
2827 0.0
2828 251.0
2829 203.0
2830 444.0
2831 32.0
2832 25.0
2833 444.0
2834 251.0
2835 1.0
2836 251.0
2837 251.0
2838 0.0
2839 0.0
2840 169.0
2841 38.0
2842 120.0
2843 1.0
2844 203.0
2845 203.0
2846 30.0
2847 203.0
2848 25.0
2849 203.0
2850 0.0
2851 251.0
2852 32.0
2853 203.0
2854 251.0
2855 38.0
2856 444.0
2857 203.0
2858 251.0
2859 203.0
2860 203.0
2861 180.0
2862 191.0
2863 0.0
2864 203.0
2865 30.0
2866 1.0
2867 251.0
2868 203.0
2869 203.0
2870 30.0
2871 443.0
2872 203.0
2873 204.0
2874 0.0
2875 204.0
2876 186.0
2877 443.0
2878 32.0
2879 203.0
2880 180.0
2881 251.0
2882 251.0
2883 25.0
2884 44.0
2885 203.0
2886 25.0
2887 251.0
2888 251.0
2889 0.0
2890 0.0
2891 191.0
2892 204.0
2893 32.0
2894 169.0
2895 49.0
2896 32.0
2897 38.0
2898 204.0
2899 32.0
2900 444.0
2901 203.0
2902 49.0
2903 203.0
2904 251.0
2905 203.0
2906 203.0
2907 444.0
2908 38.0
2909 444.0
2910 32.0
2911 203.0
2912 203.0
2913 93.0
2914 0.0
2915 203.0
2916 30.0
2917 1.0
2918 251.0
2919 49.0
2920 203.0
2921 30.0
2922 251.0
2923 203.0
2924 43.0
2925 0.0
2926 204.0
2927 180.0
2928 443.0
2929 203.0
2930 251.0
2931 180.0
2932 251.0
2933 251.0
2934 14.0
2935 444.0
2936 251.0
2937 25.0
2938 204.0
2939 203.0
2940 0.0
2941 0.0
2942 203.0
2943 203.0
2944 191.0
2945 30.0
2946 204.0
2947 38.0
2948 38.0
2949 63.0
2950 204.0
2951 203.0
2952 38.0
2953 49.0
2954 170.0
2955 180.0
2956 444.0
2957 38.0
2958 444.0
2959 203.0
2960 251.0
2961 0.0
2962 203.0
2963 203.0
2964 180.0
2965 0.0
2966 114.0
2967 38.0
2968 169.0
2969 204.0
2970 0.0
2971 443.0
2972 30.0
2973 443.0
2974 44.0
2975 32.0
2976 204.0
2977 203.0
2978 225.0
2979 443.0
2980 0.0
2981 251.0
2982 30.0
2983 444.0
2984 33.0
2985 25.0
2986 251.0
2987 251.0
2988 25.0
2989 251.0
2990 203.0
2991 0.0
2992 203.0
2993 169.0
2994 251.0
2995 38.0
2996 169.0
2997 203.0
2998 203.0
2999 16.0
3000 63.0
3001 44.0
3002 444.0
3003 0.0
3004 444.0
3005 251.0
3006 180.0
3007 191.0
3008 38.0
3009 444.0
3010 203.0
3011 444.0
3012 0.0
3013 33.0
3014 203.0
3015 180.0
3016 203.0
3017 251.0
3018 180.0
3019 0.0
3020 251.0
3021 203.0
3022 203.0
3023 25.0
3024 443.0
3025 49.0
3026 203.0
3027 203.0
3028 203.0
3029 251.0
3030 444.0
3031 32.0
3032 251.0
3033 30.0
3034 444.0
3035 251.0
3036 204.0
3037 231.0
3038 180.0
3039 25.0
3040 186.0
3041 251.0
3042 0.0
3043 44.0
3044 25.0
3045 180.0
3046 180.0
3047 163.0
3048 251.0
3049 44.0
3050 0.0
3051 180.0
3052 204.0
3053 251.0
3054 38.0
3055 203.0
3056 0.0
3057 31.0
3058 251.0
3059 203.0
3060 444.0
3061 38.0
3062 444.0
3063 203.0
3064 93.0
3065 38.0
3066 251.0
3067 0.0
3068 203.0
3069 30.0
3070 203.0
3071 180.0
3072 0.0
3073 203.0
3074 25.0
3075 251.0
3076 203.0
3077 204.0
3078 0.0
3079 203.0
3080 231.0
3081 444.0
3082 203.0
3083 203.0
3084 30.0
3085 444.0
3086 251.0
3087 0.0
3088 424.0
3089 203.0
3090 25.0
3091 204.0
3092 180.0
3093 0.0
3094 0.0
3095 191.0
3096 231.0
3097 120.0
3098 203.0
3099 49.0
3100 38.0
3101 38.0
3102 180.0
3103 32.0
3104 444.0
3105 203.0
3106 252.0
3107 38.0
3108 31.0
3109 44.0
3110 203.0
3111 444.0
3112 203.0
3113 251.0
3114 0.0
3115 203.0
3116 203.0
3117 103.0
3118 32.0
3119 32.0
3120 30.0
3121 1.0
3122 185.0
3123 203.0
3124 203.0
3125 25.0
3126 443.0
3127 203.0
3128 0.0
3129 0.0
3130 203.0
3131 185.0
3132 444.0
3133 203.0
3134 251.0
3135 180.0
3136 251.0
3137 49.0
3138 203.0
3139 251.0
3140 203.0
3141 25.0
3142 203.0
3143 203.0
3144 0.0
3145 32.0
3146 169.0
3147 204.0
3148 191.0
3149 1.0
3150 49.0
3151 6.0
3152 203.0
3153 0.0
3154 32.0
3155 203.0
3156 25.0
3157 251.0
3158 32.0
3159 203.0
3160 44.0
3161 38.0
3162 444.0
3163 203.0
3164 251.0
3165 38.0
3166 203.0
3167 38.0
3168 203.0
3169 203.0
3170 32.0
3171 38.0
3172 33.0
3173 251.0
3174 204.0
3175 203.0
3176 30.0
3177 443.0
3178 251.0
3179 0.0
3180 203.0
3181 203.0
3182 251.0
3183 444.0
3184 203.0
3185 203.0
3186 30.0
3187 444.0
3188 363.0
3189 25.0
3190 443.0
3191 251.0
3192 25.0
3193 180.0
3194 251.0
3195 0.0
3196 0.0
3197 98.0
3198 44.0
3199 180.0
3200 0.0
3201 203.0
3202 203.0
3203 203.0
3204 25.0
3205 0.0
3206 251.0
3207 443.0
3208 203.0
3209 38.0
3210 203.0
3211 251.0
3212 251.0
3213 444.0
3214 180.0
3215 251.0
3216 203.0
3217 203.0
3218 38.0
3219 186.0
3220 0.0
3221 44.0
3222 180.0
3223 0.0
3224 251.0
3225 49.0
3226 444.0
3227 30.0
3228 251.0
3229 49.0
3230 204.0
3231 203.0
3232 203.0
3233 251.0
3234 444.0
3235 32.0
3236 443.0
3237 203.0
3238 444.0
3239 251.0
3240 0.0
3241 251.0
3242 180.0
3243 1.0
3244 186.0
3245 251.0
3246 204.0
3247 0.0
3248 180.0
3249 38.0
3250 120.0
3251 169.0
3252 203.0
3253 25.0
3254 32.0
3255 0.0
3256 203.0
3257 251.0
3258 203.0
3259 49.0
3260 191.0
3261 203.0
3262 444.0
3263 251.0
3264 444.0
3265 169.0
3266 251.0
3267 204.0
3268 203.0
3269 203.0
3270 33.0
3271 0.0
3272 203.0
3273 30.0
3274 32.0
3275 180.0
3276 44.0
3277 251.0
3278 25.0
3279 444.0
3280 251.0
3281 203.0
3282 251.0
3283 0.0
3284 231.0
3285 444.0
3286 251.0
3287 185.0
3288 251.0
3289 251.0
3290 251.0
3291 14.0
3292 251.0
3293 444.0
3294 25.0
3295 203.0
3296 443.0
3297 0.0
3298 0.0
3299 38.0
3300 44.0
3301 120.0
3302 169.0
3303 104.0
3304 6.0
3305 0.0
3306 0.0
3307 204.0
3308 443.0
3309 203.0
3310 49.0
3311 191.0
3312 204.0
3313 251.0
3314 203.0
3315 444.0
3316 251.0
3317 251.0
3318 49.0
3319 104.0
3320 203.0
3321 103.0
3322 203.0
3323 203.0
3324 180.0
3325 1.0
3326 185.0
3327 204.0
3328 203.0
3329 25.0
3330 444.0
3331 203.0
3332 203.0
3333 0.0
3334 0.0
3335 231.0
3336 251.0
3337 203.0
3338 251.0
3339 203.0
3340 444.0
3341 33.0
3342 25.0
3343 251.0
3344 203.0
3345 25.0
3346 203.0
3347 203.0
3348 38.0
3349 32.0
3350 169.0
3351 203.0
3352 180.0
3353 1.0
3354 251.0
3355 204.0
3356 203.0
3357 25.0
3358 204.0
3359 251.0
3360 32.0
3361 203.0
3362 38.0
3363 33.0
3364 444.0
3365 251.0
3366 444.0
3367 203.0
3368 251.0
3369 203.0
3370 251.0
3371 38.0
3372 203.0
3373 0.0
3374 32.0
3375 251.0
3376 11.0
3377 30.0
3378 204.0
3379 203.0
3380 30.0
3381 251.0
3382 252.0
3383 204.0
3384 203.0
3385 38.0
3386 251.0
3387 444.0
3388 203.0
3389 251.0
3390 185.0
3391 251.0
3392 251.0
3393 203.0
3394 203.0
3395 180.0
3396 1.0
3397 180.0
3398 251.0
3399 0.0
3400 203.0
3401 191.0
3402 251.0
3403 98.0
3404 163.0
3405 203.0
3406 169.0
3407 30.0
3408 203.0
3409 204.0
3410 251.0
3411 203.0
3412 203.0
3413 32.0
3414 203.0
3415 251.0
3416 203.0
3417 444.0
3418 180.0
3419 251.0
3420 203.0
3421 93.0
3422 203.0
3423 203.0
3424 1.0
3425 203.0
3426 30.0
3427 32.0
3428 185.0
3429 49.0
3430 203.0
3431 30.0
3432 251.0
3433 203.0
3434 32.0
3435 203.0
3436 38.0
3437 251.0
3438 444.0
3439 109.0
3440 203.0
3441 22.0
3442 251.0
3443 251.0
3444 32.0
3445 444.0
3446 251.0
3447 0.0
3448 169.0
3449 251.0
3450 0.0
3451 0.0
3452 203.0
3453 44.0
3454 109.0
3455 169.0
3456 251.0
3457 204.0
3458 251.0
3459 0.0
3460 0.0
3461 251.0
3462 203.0
3463 49.0
3464 180.0
3465 203.0
3466 251.0
3467 251.0
3468 444.0
3469 203.0
3470 251.0
3471 49.0
3472 252.0
3473 203.0
3474 203.0
3475 0.0
3476 203.0
3477 251.0
3478 1.0
3479 180.0
3480 49.0
3481 203.0
3482 30.0
3483 444.0
3484 203.0
3485 204.0
3486 0.0
3487 14.0
3488 44.0
3489 444.0
3490 203.0
3491 186.0
3492 203.0
3493 251.0
3494 231.0
3495 0.0
3496 444.0
3497 251.0
3498 25.0
3499 30.0
3500 203.0
3501 0.0
3502 0.0
3503 98.0
3504 180.0
3505 109.0
3506 204.0
3507 49.0
3508 203.0
3509 0.0
3510 203.0
3511 204.0
3512 251.0
3513 203.0
3514 49.0
3515 170.0
3516 203.0
3517 444.0
3518 251.0
3519 444.0
3520 203.0
3521 251.0
3522 203.0
3523 104.0
3524 251.0
3525 203.0
3526 0.0
3527 32.0
3528 186.0
3529 203.0
3530 203.0
3531 204.0
3532 203.0
3533 25.0
3534 251.0
3535 251.0
3536 204.0
3537 251.0
3538 25.0
3539 251.0
3540 444.0
3541 203.0
3542 203.0
3543 251.0
3544 44.0
3545 363.0
3546 203.0
3547 251.0
3548 44.0
3549 1.0
3550 49.0
3551 203.0
3552 0.0
3553 0.0
3554 191.0
3555 251.0
3556 109.0
3557 0.0
3558 444.0
3559 203.0
3560 204.0
3561 180.0
3562 204.0
3563 443.0
3564 44.0
3565 204.0
3566 32.0
3567 31.0
3568 251.0
3569 251.0
3570 444.0
3571 169.0
3572 251.0
3573 203.0
3574 104.0
3575 38.0
3576 203.0
3577 0.0
3578 251.0
3579 251.0
3580 33.0
3581 251.0
3582 49.0
3583 203.0
3584 30.0
3585 251.0
3586 203.0
3587 204.0
3588 203.0
3589 38.0
3590 251.0
3591 444.0
3592 109.0
3593 203.0
3594 251.0
3595 444.0
3596 251.0
3597 203.0
3598 443.0
3599 203.0
3600 203.0
3601 191.0
3602 38.0
3603 6.0
3604 25.0
3605 191.0
3606 252.0
3607 109.0
3608 169.0
3609 203.0
3610 158.0
3611 32.0
3612 203.0
3613 204.0
3614 251.0
3615 203.0
3616 203.0
3617 180.0
3618 38.0
3619 251.0
3620 203.0
3621 444.0
3622 169.0
3623 251.0
3624 203.0
3625 93.0
3626 203.0
3627 203.0
3628 0.0
3629 203.0
3630 30.0
3631 364.0
3632 185.0
3633 443.0
3634 443.0
3635 30.0
3636 251.0
3637 251.0
3638 25.0
3639 203.0
3640 25.0
3641 231.0
3642 251.0
3643 33.0
3644 185.0
3645 203.0
3646 251.0
3647 38.0
3648 32.0
3649 444.0
3650 82.0
3651 203.0
3652 30.0
3653 203.0
3654 0.0
3655 0.0
3656 180.0
3657 180.0
3658 203.0
3659 169.0
3660 44.0
3661 204.0
3662 32.0
3663 5.0
3664 204.0
3665 251.0
3666 203.0
3667 38.0
3668 170.0
3669 38.0
3670 251.0
3671 251.0
3672 444.0
3673 203.0
3674 444.0
3675 32.0
3676 104.0
3677 203.0
3678 203.0
3679 0.0
3680 49.0
3681 251.0
3682 1.0
3683 185.0
3684 203.0
3685 203.0
3686 25.0
3687 444.0
3688 203.0
3689 203.0
3690 38.0
3691 32.0
3692 251.0
3693 443.0
3694 251.0
3695 251.0
3696 251.0
3697 444.0
3698 0.0
3699 25.0
3700 444.0
3701 203.0
3702 203.0
3703 169.0
3704 203.0
3705 0.0
3706 203.0
3707 204.0
3708 180.0
3709 109.0
3710 1.0
3711 203.0
3712 203.0
3713 3.0
3714 203.0
3715 203.0
3716 251.0
3717 38.0
3718 32.0
3719 32.0
3720 31.0
3721 251.0
3722 251.0
3723 444.0
3724 32.0
3725 251.0
3726 203.0
3727 104.0
3728 38.0
3729 251.0
3730 204.0
3731 44.0
3732 180.0
3733 1.0
3734 203.0
3735 49.0
3736 203.0
3737 30.0
3738 251.0
3739 251.0
3740 203.0
3741 38.0
3742 0.0
3743 251.0
3744 443.0
3745 98.0
3746 251.0
3747 251.0
3748 251.0
3749 43.0
3750 203.0
3751 251.0
3752 180.0
3753 0.0
3754 169.0
3755 443.0
3756 0.0
3757 0.0
3758 191.0
3759 203.0
3760 169.0
3761 180.0
3762 203.0
3763 444.0
3764 204.0
3765 180.0
3766 204.0
3767 444.0
3768 203.0
3769 0.0
3770 251.0
3771 203.0
3772 225.0
3773 251.0
3774 444.0
3775 180.0
3776 444.0
3777 251.0
3778 93.0
3779 203.0
3780 203.0
3781 44.0
3782 251.0
3783 251.0
3784 32.0
3785 251.0
3786 203.0
3787 203.0
3788 32.0
3789 251.0
3790 203.0
3791 203.0
3792 204.0
3793 203.0
3794 231.0
3795 251.0
3796 103.0
3797 203.0
3798 186.0
3799 251.0
3800 251.0
3801 0.0
3802 251.0
3803 180.0
3804 0.0
3805 49.0
3806 44.0
3807 0.0
3808 0.0
3809 175.0
3810 251.0
3811 98.0
3812 169.0
3813 38.0
3814 32.0
3815 32.0
3816 204.0
3817 25.0
3818 443.0
3819 203.0
3820 0.0
3821 180.0
3822 203.0
3823 444.0
3824 444.0
3825 444.0
3826 203.0
3827 251.0
3828 0.0
3829 93.0
3830 203.0
3831 203.0
3832 203.0
3833 203.0
3834 251.0
3835 32.0
3836 185.0
3837 203.0
3838 251.0
3839 25.0
3840 251.0
3841 203.0
3842 204.0
3843 203.0
3844 32.0
3845 231.0
3846 444.0
3847 98.0
3848 203.0
3849 203.0
3850 251.0
3851 38.0
3852 203.0
3853 203.0
3854 30.0
3855 25.0
3856 444.0
3857 203.0
3858 6.0
3859 0.0
3860 25.0
3861 32.0
3862 444.0
3863 1.0
3864 49.0
3865 38.0
3866 14.0
3867 204.0
3868 203.0
3869 251.0
3870 203.0
3871 0.0
3872 0.0
3873 203.0
3874 251.0
3875 203.0
3876 444.0
3877 203.0
3878 251.0
3879 204.0
3880 104.0
3881 203.0
3882 203.0
3883 203.0
3884 32.0
3885 203.0
3886 204.0
3887 443.0
3888 49.0
3889 203.0
3890 32.0
3891 444.0
3892 251.0
3893 204.0
3894 0.0
3895 203.0
3896 251.0
3897 443.0
3898 109.0
3899 251.0
3900 180.0
3901 444.0
3902 251.0
3903 203.0
3904 444.0
3905 30.0
3906 0.0
3907 180.0
3908 251.0
3909 0.0
3910 0.0
3911 180.0
3912 185.0
3913 120.0
3914 163.0
3915 203.0
3916 204.0
3917 32.0
3918 180.0
3919 443.0
3920 251.0
3921 44.0
3922 0.0
3923 49.0
3924 203.0
3925 251.0
3926 444.0
3927 444.0
3928 32.0
3929 251.0
3930 204.0
3931 252.0
3932 203.0
3933 203.0
3934 32.0
3935 203.0
3936 203.0
3937 204.0
3938 251.0
3939 203.0
3940 203.0
3941 30.0
3942 444.0
3943 251.0
3944 29.0
3945 0.0
3946 0.0
3947 251.0
3948 443.0
3949 204.0
3950 251.0
3951 251.0
3952 444.0
3953 38.0
3954 203.0
3955 443.0
3956 180.0
3957 1.0
3958 444.0
3959 203.0
3960 0.0
3961 0.0
3962 175.0
3963 203.0
3964 174.0
3965 169.0
3966 49.0
3967 203.0
3968 44.0
3969 5.0
3970 203.0
3971 443.0
3972 44.0
3973 0.0
3974 170.0
3975 30.0
3976 44.0
3977 251.0
3978 444.0
3979 203.0
3980 251.0
3981 0.0
3982 38.0
3983 203.0
3984 203.0
3985 0.0
3986 32.0
3987 203.0
3988 204.0
3989 203.0
3990 203.0
3991 203.0
3992 30.0
3993 251.0
3994 251.0
3995 203.0
3996 252.0
3997 44.0
3998 231.0
3999 203.0
4000 103.0
4001 186.0
4002 203.0
4003 444.0
4004 0.0
4005 32.0
4006 444.0
4007 180.0
4008 203.0
4009 191.0
4010 203.0
4011 0.0
4012 0.0
4013 191.0
4014 203.0
4015 174.0
4016 30.0
4017 203.0
4018 38.0
4019 204.0
4020 177.0
4021 203.0
4022 251.0
4023 203.0
4024 0.0
4025 170.0
4026 31.0
4027 444.0
4028 444.0
4029 444.0
4030 180.0
4031 203.0
4032 203.0
4033 251.0
4034 38.0
4035 203.0
4036 204.0
4037 114.0
4038 204.0
4039 203.0
4040 186.0
4041 203.0
4042 251.0
4043 32.0
4044 251.0
4045 251.0
4046 204.0
4047 203.0
4048 32.0
4049 231.0
4050 203.0
4051 103.0
4052 443.0
4053 180.0
4054 444.0
4055 251.0
4056 203.0
4057 203.0
4058 251.0
4059 25.0
4060 186.0
4061 251.0
4062 0.0
4063 0.0
4064 175.0
4065 180.0
4066 49.0
4067 163.0
4068 203.0
4069 204.0
4070 6.0
4071 180.0
4072 251.0
4073 251.0
4074 44.0
4075 0.0
4076 32.0
4077 203.0
4078 251.0
4079 203.0
4080 444.0
4081 32.0
4082 251.0
4083 204.0
4084 104.0
4085 38.0
4086 251.0
4087 0.0
4088 203.0
4089 251.0
4090 203.0
4091 443.0
4092 49.0
4093 203.0
4094 25.0
4095 444.0
4096 203.0
4097 204.0
4098 251.0
4099 44.0
4100 251.0
4101 443.0
4102 33.0
4103 203.0
4104 180.0
4105 444.0
4106 33.0
4107 203.0
4108 251.0
4109 82.0
4110 1.0
4111 30.0
4112 251.0
4113 38.0
4114 204.0
4115 180.0
4116 180.0
4117 203.0
4118 30.0
4119 251.0
4120 204.0
4121 38.0
4122 180.0
4123 203.0
4124 444.0
4125 44.0
4126 0.0
4127 253.0
4128 251.0
4129 444.0
4130 251.0
4131 444.0
4132 38.0
4133 44.0
4134 0.0
4135 204.0
4136 203.0
4137 203.0
4138 33.0
4139 32.0
4140 251.0
4141 204.0
4142 251.0
4143 203.0
4144 251.0
4145 44.0
4146 251.0
4147 251.0
4148 5.0
4149 203.0
4150 0.0
4151 251.0
4152 443.0
4153 103.0
4154 186.0
4155 203.0
4156 444.0
4157 38.0
4158 0.0
4159 444.0
4160 444.0
4161 444.0
4162 251.0
4163 444.0
4164 0.0
4165 0.0
4166 169.0
4167 203.0
4168 180.0
4169 203.0
4170 49.0
4171 169.0
4172 203.0
4173 5.0
4174 251.0
4175 444.0
4176 203.0
4177 0.0
4178 38.0
4179 203.0
4180 444.0
4181 444.0
4182 444.0
4183 180.0
4184 203.0
4185 203.0
4186 33.0
4187 203.0
4188 251.0
4189 0.0
4190 32.0
4191 203.0
4192 32.0
4193 203.0
4194 203.0
4195 251.0
4196 203.0
4197 251.0
4198 251.0
4199 204.0
4200 251.0
4201 44.0
4202 251.0
4203 203.0
4204 251.0
4205 203.0
4206 30.0
4207 444.0
4208 43.0
4209 203.0
4210 203.0
4211 180.0
4212 203.0
4213 180.0
4214 203.0
4215 203.0
4216 0.0
4217 204.0
4218 180.0
4219 174.0
4220 30.0
4221 203.0
4222 49.0
4223 203.0
4224 0.0
4225 251.0
4226 443.0
4227 203.0
4228 203.0
4229 32.0
4230 251.0
4231 251.0
4232 203.0
4233 444.0
4234 203.0
4235 251.0
4236 203.0
4237 104.0
4238 38.0
4239 251.0
4240 0.0
4241 203.0
4242 251.0
4243 251.0
4244 203.0
4245 203.0
4246 203.0
4247 44.0
4248 444.0
4249 251.0
4250 204.0
4251 38.0
4252 33.0
4253 251.0
4254 443.0
4255 109.0
4256 180.0
4257 180.0
4258 251.0
4259 444.0
4260 203.0
4261 251.0
4262 203.0
4263 1.0
4264 180.0
4265 444.0
4266 0.0
4267 0.0
4268 204.0
4269 185.0
4270 49.0
4271 30.0
4272 203.0
4273 203.0
4274 38.0
4275 32.0
4276 203.0
4277 251.0
4278 38.0
4279 0.0
4280 251.0
4281 38.0
4282 444.0
4283 443.0
4284 444.0
4285 251.0
4286 251.0
4287 0.0
4288 104.0
4289 180.0
4290 251.0
4291 0.0
4292 32.0
4293 203.0
4294 203.0
4295 251.0
4296 203.0
4297 443.0
4298 33.0
4299 251.0
4300 251.0
4301 203.0
4302 38.0
4303 0.0
4304 251.0
4305 443.0
4306 33.0
4307 180.0
4308 180.0
4309 444.0
4310 0.0
4311 251.0
4312 251.0
4313 82.0
4314 203.0
4315 169.0
4316 444.0
4317 6.0
4318 0.0
4319 44.0
4320 203.0
4321 38.0
4322 30.0
4323 49.0
4324 204.0
4325 1.0
4326 1.0
4327 251.0
4328 251.0
4329 32.0
4330 204.0
4331 203.0
4332 31.0
4333 444.0
4334 251.0
4335 444.0
4336 32.0
4337 203.0
4338 0.0
4339 93.0
4340 203.0
4341 203.0
4342 204.0
4343 32.0
4344 251.0
4345 252.0
4346 444.0
4347 251.0
4348 251.0
4349 203.0
4350 444.0
4351 203.0
4352 203.0
4353 203.0
4354 203.0
4355 251.0
4356 251.0
4357 109.0
4358 30.0
4359 203.0
4360 444.0
4361 251.0
4362 49.0
4363 444.0
4364 251.0
4365 203.0
4366 251.0
4367 444.0
4368 0.0
4369 0.0
4370 204.0
4371 251.0
4372 169.0
4373 30.0
4374 49.0
4375 38.0
4376 203.0
4377 33.0
4378 203.0
4379 444.0
4380 203.0
4381 0.0
4382 0.0
4383 31.0
4384 251.0
4385 251.0
4386 444.0
4387 32.0
4388 251.0
4389 203.0
4390 93.0
4391 203.0
4392 251.0
4393 0.0
4394 203.0
4395 186.0
4396 32.0
4397 203.0
4398 203.0
4399 251.0
4400 203.0
4401 444.0
4402 443.0
4403 203.0
4404 251.0
4405 204.0
4406 444.0
4407 203.0
4408 98.0
4409 30.0
4410 251.0
4411 444.0
4412 251.0
4413 44.0
4414 444.0
4415 180.0
4416 1.0
4417 180.0
4418 203.0
4419 0.0
4420 0.0
4421 204.0
4422 180.0
4423 169.0
4424 32.0
4425 203.0
4426 203.0
4427 424.0
4428 32.0
4429 251.0
4430 444.0
4431 38.0
4432 0.0
4433 32.0
4434 180.0
4435 251.0
4436 203.0
4437 444.0
4438 203.0
4439 251.0
4440 0.0
4441 104.0
4442 38.0
4443 251.0
4444 203.0
4445 203.0
4446 185.0
4447 203.0
4448 444.0
4449 49.0
4450 251.0
4451 44.0
4452 251.0
4453 251.0
4454 32.0
4455 38.0
4456 203.0
4457 251.0
4458 203.0
4459 103.0
4460 38.0
4461 186.0
4462 444.0
4463 0.0
4464 203.0
4465 251.0
4466 203.0
4467 1.0
4468 30.0
4469 444.0
4470 6.0
4471 0.0
4472 204.0
4473 44.0
4474 180.0
4475 30.0
4476 203.0
4477 203.0
4478 38.0
4479 1.0
4480 203.0
4481 251.0
4482 32.0
4483 33.0
4484 170.0
4485 38.0
4486 251.0
4487 251.0
4488 444.0
4489 203.0
4490 251.0
4491 204.0
4492 93.0
4493 203.0
4494 186.0
4495 0.0
4496 251.0
4497 30.0
4498 203.0
4499 444.0
4500 49.0
4501 443.0
4502 44.0
4503 251.0
4504 251.0
4505 204.0
4506 444.0
4507 44.0
4508 251.0
4509 203.0
4510 109.0
4511 186.0
4512 251.0
4513 251.0
4514 0.0
4515 251.0
4516 444.0
4517 82.0
4518 203.0
4519 38.0
4520 251.0
4521 38.0
4522 0.0
4523 169.0
4524 203.0
4525 109.0
4526 0.0
4527 203.0
4528 44.0
4529 203.0
4530 33.0
4531 203.0
4532 444.0
4533 203.0
4534 32.0
4535 44.0
4536 31.0
4537 251.0
4538 251.0
4539 444.0
4540 38.0
4541 251.0
4542 203.0
4543 104.0
4544 203.0
4545 203.0
4546 44.0
4547 32.0
4548 251.0
4549 32.0
4550 251.0
4551 203.0
4552 444.0
4553 44.0
4554 444.0
4555 443.0
4556 43.0
4557 204.0
4558 203.0
4559 251.0
4560 443.0
4561 104.0
4562 203.0
4563 251.0
4564 251.0
4565 31.0
4566 44.0
4567 203.0
4568 180.0
4569 203.0
4570 191.0
4571 203.0
4572 38.0
4573 0.0
4574 204.0
4575 203.0
4576 203.0
4577 1.0
4578 44.0
4579 252.0
4580 203.0
4581 180.0
4582 203.0
4583 251.0
4584 44.0
4585 0.0
4586 0.0
4587 31.0
4588 444.0
4589 203.0
4590 444.0
4591 38.0
4592 251.0
4593 25.0
4594 104.0
4595 38.0
4596 251.0
4597 0.0
4598 251.0
4599 180.0
4600 251.0
4601 444.0
4602 203.0
4603 251.0
4604 203.0
4605 444.0
4606 443.0
4607 32.0
4608 251.0
4609 0.0
4610 251.0
4611 203.0
4612 203.0
4613 251.0
4614 251.0
4615 444.0
4616 0.0
4617 203.0
4618 251.0
4619 185.0
4620 0.0
4621 203.0
4622 203.0
4623 203.0
4624 204.0
4625 191.0
4626 38.0
4627 169.0
4628 169.0
4629 44.0
4630 203.0
4631 32.0
4632 38.0
4633 49.0
4634 251.0
4635 32.0
4636 203.0
4637 49.0
4638 38.0
4639 443.0
4640 203.0
4641 444.0
4642 203.0
4643 444.0
4644 204.0
4645 30.0
4646 38.0
4647 251.0
4648 0.0
4649 203.0
4650 30.0
4651 204.0
4652 203.0
4653 444.0
4654 444.0
4655 203.0
4656 251.0
4657 251.0
4658 204.0
4659 251.0
4660 0.0
4661 231.0
4662 203.0
4663 204.0
4664 180.0
4665 251.0
4666 444.0
4667 124.0
4668 203.0
4669 203.0
4670 251.0
4671 203.0
4672 169.0
4673 251.0
4674 6.0
4675 0.0
4676 169.0
4677 169.0
4678 109.0
4679 30.0
4680 204.0
4681 203.0
4682 32.0
4683 33.0
4684 443.0
4685 444.0
4686 203.0
4687 0.0
4688 38.0
4689 203.0
4690 251.0
4691 251.0
4692 444.0
4693 203.0
4694 251.0
4695 49.0
4696 49.0
4697 38.0
4698 251.0
4699 0.0
4700 32.0
4701 180.0
4702 49.0
4703 251.0
4704 49.0
4705 444.0
4706 44.0
4707 251.0
4708 203.0
4709 32.0
4710 204.0
4711 203.0
4712 251.0
4713 443.0
4714 104.0
4715 251.0
4716 203.0
4717 251.0
4718 30.0
4719 251.0
4720 444.0
4721 82.0
4722 0.0
4723 204.0
4724 444.0
4725 32.0
4726 0.0
4727 203.0
4728 203.0
4729 109.0
4730 169.0
4731 38.0
4732 49.0
4733 32.0
4734 33.0
4735 203.0
4736 251.0
4737 203.0
4738 0.0
4739 203.0
4740 31.0
4741 251.0
4742 444.0
4743 444.0
4744 38.0
4745 251.0
4746 0.0
4747 364.0
4748 203.0
4749 251.0
4750 203.0
4751 44.0
4752 203.0
4753 252.0
4754 251.0
4755 444.0
4756 444.0
4757 44.0
4758 444.0
4759 443.0
4760 32.0
4761 251.0
4762 44.0
4763 251.0
4764 203.0
4765 103.0
4766 251.0
4767 251.0
4768 251.0
4769 30.0
4770 203.0
4771 251.0
4772 443.0
4773 204.0
4774 180.0
4775 203.0
4776 44.0
4777 0.0
4778 191.0
4779 169.0
4780 109.0
4781 1.0
4782 0.0
4783 203.0
4784 204.0
4785 1.0
4786 49.0
4787 251.0
4788 32.0
4789 0.0
4790 32.0
4791 203.0
4792 444.0
4793 203.0
4794 444.0
4795 203.0
4796 251.0
4797 49.0
4798 104.0
4799 203.0
4800 251.0
4801 0.0
4802 203.0
4803 30.0
4804 203.0
4805 444.0
4806 203.0
4807 444.0
4808 251.0
4809 444.0
4810 251.0
4811 32.0
4812 251.0
4813 203.0
4814 444.0
4815 203.0
4816 203.0
4817 186.0
4818 251.0
4819 251.0
4820 0.0
4821 203.0
4822 251.0
4823 180.0
4824 0.0
4825 38.0
4826 203.0
4827 203.0
4828 0.0
4829 191.0
4830 38.0
4831 180.0
4832 0.0
4833 204.0
4834 203.0
4835 203.0
4836 38.0
4837 203.0
4838 251.0
4839 32.0
4840 0.0
4841 180.0
4842 180.0
4843 251.0
4844 444.0
4845 444.0
4846 203.0
4847 444.0
4848 204.0
4849 204.0
4850 38.0
4851 251.0
4852 0.0
4853 251.0
4854 251.0
4855 49.0
4856 444.0
4857 203.0
4858 444.0
4859 203.0
4860 443.0
4861 251.0
4862 32.0
4863 204.0
4864 204.0
4865 444.0
4866 251.0
4867 104.0
4868 186.0
4869 443.0
4870 444.0
4871 30.0
4872 203.0
4873 444.0
4874 251.0
4875 32.0
4876 443.0
4877 252.0
4878 6.0
4879 0.0
4880 98.0
4881 38.0
4882 49.0
4883 169.0
4884 49.0
4885 203.0
4886 32.0
4887 32.0
4888 203.0
4889 251.0
4890 203.0
4891 0.0
4892 32.0
4893 203.0
4894 444.0
4895 251.0
4896 444.0
4897 38.0
4898 251.0
4899 38.0
4900 251.0
4901 38.0
4902 251.0
4903 203.0
4904 32.0
4905 203.0
4906 251.0
4907 444.0
4908 251.0
4909 444.0
4910 44.0
4911 251.0
4912 203.0
4913 32.0
4914 203.0
4915 204.0
4916 251.0
4917 203.0
4918 204.0
4919 203.0
4920 186.0
4921 251.0
4922 0.0
4923 252.0
4924 444.0
4925 203.0
4926 203.0
4927 180.0
4928 251.0
4929 203.0
4930 0.0
4931 204.0
4932 251.0
4933 204.0
4934 0.0
4935 38.0
4936 444.0
4937 38.0
4938 33.0
4939 32.0
4940 251.0
4941 203.0
4942 0.0
4943 38.0
4944 31.0
4945 251.0
4946 251.0
4947 444.0
4948 32.0
4949 251.0
4950 44.0
4951 252.0
4952 203.0
4953 443.0
4954 44.0
4955 203.0
4956 251.0
4957 204.0
4958 444.0
4959 203.0
4960 444.0
4961 44.0
4962 444.0
4963 251.0
4964 32.0
4965 38.0
4966 203.0
4967 251.0
4968 203.0
4969 251.0
4970 251.0
4971 251.0
4972 444.0
4973 0.0
4974 203.0
4975 444.0
4976 180.0
4977 444.0
4978 251.0
4979 251.0
4980 44.0
4981 203.0
4982 204.0
4983 203.0
4984 180.0
4985 0.0
4986 203.0
4987 251.0
4988 204.0
4989 32.0
4990 204.0
4991 251.0
4992 32.0
4993 0.0
4994 191.0
4995 31.0
4996 444.0
4997 443.0
4998 444.0
4999 203.0
5000 251.0
5001 204.0
5002 32.0
5003 38.0
5004 203.0
5005 0.0
5006 251.0
5007 203.0
5008 251.0
5009 444.0
5010 203.0
5011 444.0
5012 203.0
5013 443.0
5014 444.0
5015 32.0
5016 251.0
5017 251.0
5018 231.0
5019 203.0
5020 251.0
5021 185.0
5022 251.0
5023 444.0
5024 0.0
5025 251.0
5026 444.0
5027 203.0
5028 0.0
5029 204.0
5030 203.0
5031 33.0
5032 0.0
5033 98.0
5034 180.0
5035 120.0
5036 0.0
5037 203.0
5038 251.0
5039 203.0
5040 38.0
5041 204.0
5042 203.0
5043 203.0
5044 0.0
5045 170.0
5046 175.0
5047 444.0
5048 444.0
5049 444.0
5050 203.0
5051 251.0
5052 32.0
5053 44.0
5054 38.0
5055 251.0
5056 203.0
5057 251.0
5058 251.0
5059 204.0
5060 444.0
5061 203.0
5062 444.0
5063 203.0
5064 251.0
5065 443.0
5066 32.0
5067 204.0
5068 49.0
5069 251.0
5070 203.0
5071 180.0
5072 203.0
5073 203.0
5074 444.0
5075 43.0
5076 203.0
5077 444.0
5078 251.0
5079 203.0
5080 251.0
5081 251.0
5082 203.0
5083 0.0
5084 25.0
5085 180.0
5086 180.0
5087 30.0
5088 98.0
5089 443.0
5090 32.0
5091 33.0
5092 32.0
5093 444.0
5094 203.0
5095 0.0
5096 38.0
5097 175.0
5098 251.0
5099 444.0
5100 444.0
