1 0.0
2 12.0
3 0.0
4 0.0
5 0.0
6 20.0
7 66.0
8 0.0
9 30.0
10 0.0
11 203.0
12 115.0
13 0.0
14 91.0
15 0.0
16 99.0
17 52.0
18 0.0
19 203.0
20 44.0
21 4.0
22 204.0
23 31.0
24 32.0
25 203.0
26 251.0
27 0.0
28 161.0
29 0.0
30 31.0
31 0.0
32 17.0
33 133.0
34 136.0
35 0.0
36 204.0
37 203.0
38 204.0
39 78.0
40 0.0
41 176.0
42 1.0
43 0.0
44 203.0
45 9.0
46 0.0
47 50.0
48 204.0
49 32.0
50 176.0
51 251.0
52 0.0
53 12.0
54 203.0
55 0.0
56 0.0
57 91.0
58 66.0
59 63.0
60 30.0
61 0.0
62 203.0
63 32.0
64 115.0
65 91.0
66 78.0
67 99.0
68 188.0
69 132.0
70 203.0
71 251.0
72 222.0
73 204.0
74 163.0
75 204.0
76 0.0
77 251.0
78 203.0
79 161.0
80 0.0
81 31.0
82 0.0
83 80.0
84 136.0
85 136.0
86 164.0
87 204.0
88 186.0
89 204.0
90 203.0
91 0.0
92 176.0
93 0.0
94 89.0
95 203.0
96 67.0
97 203.0
98 153.0
99 204.0
100 0.0
101 176.0
102 251.0
103 0.0
104 113.0
105 0.0
106 0.0
107 117.0
108 74.0
109 203.0
110 0.0
111 204.0
112 192.0
113 203.0
114 109.0
115 136.0
116 27.0
117 176.0
118 252.0
119 149.0
120 203.0
121 251.0
122 203.0
123 158.0
124 169.0
125 203.0
126 203.0
127 11.0
128 251.0
129 99.0
130 170.0
131 25.0
132 31.0
133 174.0
134 134.0
135 204.0
136 204.0
137 174.0
138 204.0
139 146.0
140 204.0
141 157.0
142 66.0
143 176.0
144 109.0
145 32.0
146 203.0
147 113.0
148 203.0
149 71.0
150 204.0
151 203.0
152 176.0
153 252.0
154 0.0
155 28.0
156 82.0
157 0.0
158 0.0
159 203.0
160 58.0
161 251.0
162 203.0
163 203.0
164 203.0
165 29.0
166 139.0
167 192.0
168 164.0
169 166.0
170 201.0
171 251.0
172 251.0
173 39.0
174 110.0
175 251.0
176 110.0
177 32.0
178 0.0
179 251.0
180 203.0
181 4.0
182 187.0
183 203.0
184 251.0
185 203.0
186 203.0
187 204.0
188 174.0
189 204.0
190 347.0
191 204.0
192 203.0
193 203.0
194 176.0
195 32.0
196 0.0
197 203.0
198 29.0
199 203.0
200 181.0
201 204.0
202 204.0
203 47.0
204 347.0
205 203.0
206 37.0
207 0.0
208 0.0
209 0.0
210 203.0
211 203.0
212 203.0
213 203.0
214 204.0
215 203.0
216 0.0
217 251.0
218 179.0
219 122.0
220 203.0
221 88.0
222 119.0
223 203.0
224 0.0
225 203.0
226 251.0
227 195.0
228 203.0
229 0.0
230 251.0
231 0.0
232 177.0
233 93.0
234 203.0
235 74.0
236 203.0
237 204.0
238 204.0
239 204.0
240 187.0
241 204.0
242 347.0
243 203.0
244 131.0
245 251.0
246 87.0
247 203.0
248 203.0
249 203.0
250 0.0
251 139.0
252 204.0
253 204.0
254 204.0
255 347.0
256 93.0
257 0.0
258 20.0
259 203.0
260 37.0
261 203.0
262 204.0
263 251.0
264 203.0
265 203.0
266 88.0
267 0.0
268 154.0
269 251.0
270 158.0
271 186.0
272 100.0
273 251.0
274 203.0
275 203.0
276 203.0
277 252.0
278 203.0
279 203.0
280 0.0
281 251.0
282 203.0
283 4.0
284 196.0
285 123.0
286 180.0
287 203.0
288 204.0
289 165.0
290 203.0
291 205.0
292 347.0
293 203.0
294 204.0
295 251.0
296 203.0
297 203.0
298 36.0
299 203.0
300 1.0
301 0.0
302 197.0
303 204.0
304 204.0
305 203.0
306 347.0
307 93.0
308 0.0
309 37.0
310 0.0
311 47.0
312 134.0
313 203.0
314 251.0
315 203.0
316 204.0
317 203.0
318 0.0
319 169.0
320 251.0
321 146.0
322 166.0
323 166.0
324 251.0
325 51.0
326 203.0
327 204.0
328 252.0
329 120.0
330 32.0
331 186.0
332 251.0
333 203.0
334 4.0
335 202.0
336 186.0
337 180.0
338 203.0
339 203.0
340 203.0
341 203.0
342 204.0
343 204.0
344 204.0
345 203.0
346 203.0
347 251.0
348 203.0
349 203.0
350 203.0
351 29.0
352 203.0
353 57.0
354 204.0
355 204.0
356 203.0
357 347.0
358 169.0
359 203.0
360 28.0
361 0.0
362 203.0
363 203.0
364 251.0
365 204.0
366 203.0
367 204.0
368 187.0
369 23.0
370 213.0
371 225.0
372 203.0
373 166.0
374 149.0
375 119.0
376 121.0
377 251.0
378 104.0
379 251.0
380 120.0
381 0.0
382 0.0
383 251.0
384 203.0
385 177.0
386 179.0
387 0.0
388 204.0
389 203.0
390 204.0
391 204.0
392 203.0
393 251.0
394 347.0
395 204.0
396 203.0
397 251.0
398 203.0
399 203.0
400 0.0
401 203.0
402 203.0
403 0.0
404 194.0
405 204.0
406 204.0
407 203.0
408 347.0
409 169.0
410 36.0
411 111.0
412 0.0
413 40.0
414 203.0
415 203.0
416 251.0
417 203.0
418 203.0
419 203.0
420 28.0
421 428.0
422 154.0
423 203.0
424 187.0
425 138.0
426 347.0
427 203.0
428 0.0
429 203.0
430 251.0
431 182.0
432 204.0
433 55.0
434 251.0
435 203.0
436 177.0
437 191.0
438 203.0
439 186.0
440 203.0
441 204.0
442 204.0
443 336.0
444 204.0
445 204.0
446 204.0
447 204.0
448 51.0
449 203.0
450 203.0
451 29.0
452 203.0
453 67.0
454 92.0
455 181.0
456 204.0
457 204.0
458 204.0
459 428.0
460 77.0
461 36.0
462 28.0
463 0.0
464 251.0
465 134.0
466 79.0
467 140.0
468 203.0
469 203.0
470 203.0
471 23.0
472 185.0
473 169.0
474 171.0
475 184.0
476 104.0
477 203.0
478 203.0
479 203.0
480 163.0
481 175.0
482 181.0
483 203.0
484 0.0
485 251.0
486 7.0
487 4.0
488 203.0
489 204.0
490 186.0
491 203.0
492 204.0
493 92.0
494 32.0
495 347.0
496 347.0
497 204.0
498 204.0
499 203.0
500 203.0
501 203.0
502 50.0
503 203.0
504 67.0
505 203.0
506 71.0
507 204.0
508 203.0
509 204.0
510 428.0
511 203.0
512 65.0
513 20.0
514 203.0
515 122.0
516 251.0
517 203.0
518 251.0
519 251.0
520 204.0
521 187.0
522 0.0
523 194.0
524 90.0
525 171.0
526 166.0
527 251.0
528 251.0
529 337.0
530 203.0
531 163.0
532 169.0
533 120.0
534 203.0
535 0.0
536 251.0
537 203.0
538 204.0
539 114.0
540 204.0
541 251.0
542 347.0
543 203.0
544 203.0
545 65.0
546 427.0
547 203.0
548 347.0
549 347.0
550 203.0
551 203.0
552 368.0
553 203.0
554 203.0
555 203.0
556 0.0
557 203.0
558 204.0
559 202.0
560 204.0
561 428.0
562 0.0
563 203.0
564 19.0
565 79.0
566 0.0
567 19.0
568 251.0
569 251.0
570 203.0
571 251.0
572 203.0
573 137.0
574 347.0
575 158.0
576 200.0
577 252.0
578 203.0
579 119.0
580 337.0
581 37.0
582 70.0
583 175.0
584 93.0
585 203.0
586 191.0
587 251.0
588 8.0
589 203.0
590 175.0
591 180.0
592 203.0
593 347.0
594 203.0
595 204.0
596 203.0
597 347.0
598 203.0
599 203.0
600 157.0
601 32.0
602 203.0
603 0.0
604 203.0
605 203.0
606 27.0
607 37.0
608 185.0
609 204.0
610 204.0
611 204.0
612 428.0
613 143.0
614 36.0
615 29.0
616 322.0
617 0.0
618 203.0
619 203.0
620 140.0
621 204.0
622 251.0
623 251.0
624 148.0
625 246.0
626 251.0
627 175.0
628 188.0
629 63.0
630 251.0
631 178.0
632 203.0
633 8.0
634 175.0
635 203.0
636 203.0
637 38.0
638 251.0
639 8.0
640 4.0
641 58.0
642 203.0
643 203.0
644 203.0
645 203.0
646 204.0
647 32.0
648 332.0
649 347.0
650 203.0
651 203.0
652 203.0
653 251.0
654 252.0
655 83.0
656 203.0
657 51.0
658 203.0
659 175.0
660 204.0
661 204.0
662 203.0
663 428.0
664 203.0
665 203.0
666 100.0
667 98.0
668 1.0
669 129.0
670 203.0
671 251.0
672 203.0
673 251.0
674 203.0
675 158.0
676 186.0
677 194.0
678 203.0
679 139.0
680 361.0
681 251.0
682 251.0
683 106.0
684 163.0
685 252.0
686 203.0
687 203.0
688 251.0
689 251.0
690 203.0
691 203.0
692 104.0
693 204.0
694 231.0
695 203.0
696 204.0
697 203.0
698 248.0
699 363.0
700 347.0
701 157.0
702 203.0
703 203.0
704 203.0
705 203.0
706 79.0
707 203.0
708 171.0
709 203.0
710 203.0
711 204.0
712 204.0
713 204.0
714 428.0
715 108.0
716 0.0
717 251.0
718 245.0
719 39.0
720 203.0
721 203.0
722 251.0
723 204.0
724 204.0
725 65.0
726 402.0
727 347.0
728 194.0
729 176.0
730 203.0
731 203.0
732 103.0
733 158.0
734 158.0
735 203.0
736 175.0
737 87.0
738 203.0
739 0.0
740 251.0
741 203.0
742 204.0
743 175.0
744 203.0
745 203.0
746 347.0
747 203.0
748 204.0
749 90.0
750 363.0
751 347.0
752 203.0
753 203.0
754 251.0
755 203.0
756 25.0
757 204.0
758 203.0
759 53.0
760 0.0
761 194.0
762 204.0
763 203.0
764 204.0
765 428.0
766 204.0
767 203.0
768 68.0
769 203.0
770 98.0
771 144.0
772 119.0
773 251.0
774 204.0
775 251.0
776 203.0
777 18.0
778 198.0
779 347.0
780 175.0
781 109.0
782 203.0
783 109.0
784 251.0
785 37.0
786 0.0
787 252.0
788 204.0
789 251.0
790 10.0
791 251.0
792 0.0
793 203.0
794 7.0
795 203.0
796 203.0
797 347.0
798 203.0
799 92.0
800 347.0
801 347.0
802 203.0
803 204.0
804 434.0
805 55.0
806 182.0
807 203.0
808 203.0
809 104.0
810 69.0
811 203.0
812 181.0
813 204.0
814 204.0
815 204.0
816 204.0
817 203.0
818 14.0
819 65.0
820 95.0
821 98.0
822 134.0
823 179.0
824 251.0
825 60.0
826 251.0
827 138.0
828 178.0
829 251.0
830 250.0
831 68.0
832 427.0
833 63.0
834 0.0
835 203.0
836 337.0
837 203.0
838 175.0
839 202.0
840 203.0
841 30.0
842 251.0
843 0.0
844 66.0
845 202.0
846 180.0
847 203.0
848 203.0
849 203.0
850 204.0
851 123.0
852 347.0
853 204.0
854 204.0
855 251.0
856 203.0
857 203.0
858 203.0
859 204.0
860 90.0
861 127.0
862 203.0
863 203.0
864 204.0
865 204.0
866 204.0
867 204.0
868 204.0
869 0.0
870 39.0
871 318.0
872 25.0
873 203.0
874 203.0
875 251.0
876 204.0
877 251.0
878 0.0
879 45.0
880 186.0
881 347.0
882 185.0
883 119.0
884 12.0
885 427.0
886 203.0
887 344.0
888 36.0
889 252.0
890 87.0
891 204.0
892 251.0
893 251.0
894 203.0
895 251.0
896 158.0
897 251.0
898 203.0
899 203.0
900 204.0
901 203.0
902 203.0
903 427.0
904 347.0
905 204.0
906 204.0
907 203.0
908 0.0
909 25.0
910 204.0
911 204.0
912 86.0
913 203.0
914 203.0
915 204.0
916 202.0
917 204.0
918 434.0
919 169.0
920 203.0
921 22.0
922 203.0
923 203.0
924 143.0
925 181.0
926 251.0
927 204.0
928 251.0
929 8.0
930 145.0
931 186.0
932 198.0
933 174.0
934 427.0
935 131.0
936 251.0
937 240.0
938 203.0
939 35.0
940 252.0
941 203.0
942 21.0
943 64.0
944 251.0
945 251.0
946 251.0
947 231.0
948 203.0
949 203.0
950 203.0
951 203.0
952 203.0
953 204.0
954 347.0
955 347.0
956 219.0
957 204.0
958 208.0
959 251.0
960 32.0
961 204.0
962 203.0
963 131.0
964 50.0
965 181.0
966 204.0
967 203.0
968 204.0
969 434.0
970 204.0
971 251.0
972 34.0
973 95.0
974 203.0
975 134.0
976 101.0
977 251.0
978 66.0
979 251.0
980 23.0
981 113.0
982 203.0
983 428.0
984 155.0
985 110.0
986 203.0
987 109.0
988 203.0
989 203.0
990 152.0
991 175.0
992 202.0
993 181.0
994 198.0
995 251.0
996 204.0
997 0.0
998 204.0
999 186.0
1000 203.0
1001 347.0
1002 203.0
1003 33.0
1004 203.0
1005 347.0
1006 203.0
1007 204.0
1008 203.0
1009 35.0
1010 131.0
1011 203.0
1012 204.0
1013 96.0
1014 203.0
1015 1.0
1016 204.0
1017 204.0
1018 204.0
1019 204.0
1020 204.0
1021 64.0
1022 63.0
1023 76.0
1024 251.0
1025 203.0
1026 203.0
1027 203.0
1028 251.0
1029 20.0
1030 251.0
1031 62.0
1032 6.0
1033 165.0
1034 184.0
1035 8.0
1036 319.0
1037 42.0
1038 0.0
1039 128.0
1040 251.0
1041 347.0
1042 175.0
1043 204.0
1044 197.0
1045 196.0
1046 251.0
1047 204.0
1048 251.0
1049 203.0
1050 251.0
1051 347.0
1052 203.0
1053 251.0
1054 121.0
1055 192.0
1056 332.0
1057 347.0
1058 347.0
1059 203.0
1060 203.0
1061 164.0
1062 203.0
1063 160.0
1064 204.0
1065 204.0
1066 252.0
1067 203.0
1068 204.0
1069 123.0
1070 204.0
1071 204.0
1072 62.0
1073 203.0
1074 0.0
1075 203.0
1076 203.0
1077 16.0
1078 203.0
1079 251.0
1080 204.0
1081 251.0
1082 0.0
1083 32.0
1084 251.0
1085 251.0
1086 173.0
1087 367.0
1088 203.0
1089 39.0
1090 71.0
1091 168.0
1092 371.0
1093 158.0
1094 203.0
1095 240.0
1096 0.0
1097 251.0
1098 203.0
1099 203.0
1100 158.0
1101 347.0
1102 203.0
1103 203.0
1104 203.0
1105 93.0
1106 203.0
1107 347.0
1108 203.0
1109 203.0
1110 362.0
1111 203.0
1112 203.0
1113 143.0
1114 111.0
1115 204.0
1116 204.0
1117 190.0
1118 153.0
1119 204.0
1120 204.0
1121 204.0
1122 204.0
1123 32.0
1124 251.0
1125 67.0
1126 322.0
1127 203.0
1128 133.0
1129 203.0
1130 251.0
1131 204.0
1132 251.0
1133 23.0
1134 185.0
1135 194.0
1136 258.0
1137 203.0
1138 319.0
1139 178.0
1140 203.0
1141 0.0
1142 0.0
1143 0.0
1144 251.0
1145 119.0
1146 251.0
1147 332.0
1148 251.0
1149 90.0
1150 118.0
1151 203.0
1152 203.0
1153 203.0
1154 203.0
1155 203.0
1156 112.0
1157 203.0
1158 347.0
1159 203.0
1160 163.0
1161 203.0
1162 79.0
1163 251.0
1164 13.0
1165 153.0
1166 96.0
1167 203.0
1168 200.0
1169 203.0
1170 204.0
1171 204.0
1172 204.0
1173 434.0
1174 59.0
1175 63.0
1176 0.0
1177 245.0
1178 203.0
1179 204.0
1180 203.0
1181 251.0
1182 59.0
1183 251.0
1184 0.0
1185 192.0
1186 186.0
1187 146.0
1188 169.0
1189 109.0
1190 0.0
1191 126.0
1192 83.0
1193 203.0
1194 203.0
1195 334.0
1196 203.0
1197 72.0
1198 0.0
1199 251.0
1200 204.0
1201 251.0
1202 203.0
1203 347.0
1204 203.0
1205 203.0
1206 203.0
1207 0.0
1208 38.0
1209 430.0
1210 370.0
1211 204.0
1212 427.0
1213 251.0
1214 204.0
1215 125.0
1216 128.0
1217 203.0
1218 180.0
1219 112.0
1220 203.0
1221 204.0
1222 204.0
1223 204.0
1224 204.0
1225 154.0
1226 109.0
1227 129.0
1228 203.0
1229 203.0
1230 203.0
1231 203.0
1232 251.0
1233 251.0
1234 251.0
1235 10.0
1236 1.0
1237 184.0
1238 146.0
1239 169.0
1240 427.0
1241 175.0
1242 2.0
1243 251.0
1244 0.0
1245 130.0
1246 251.0
1247 181.0
1248 0.0
1249 203.0
1250 30.0
1251 204.0
1252 251.0
1253 203.0
1254 204.0
1255 203.0
1256 203.0
1257 203.0
1258 204.0
1259 38.0
1260 347.0
1261 204.0
1262 203.0
1263 427.0
1264 203.0
1265 251.0
1266 251.0
1267 16.0
1268 104.0
1269 203.0
1270 203.0
1271 202.0
1272 204.0
1273 204.0
1274 204.0
1275 434.0
1276 32.0
1277 63.0
1278 138.0
1279 95.0
1280 203.0
1281 203.0
1282 251.0
1283 251.0
1284 204.0
1285 251.0
1286 203.0
1287 32.0
1288 251.0
1289 150.0
1290 54.0
1291 427.0
1292 141.0
1293 203.0
1294 203.0
1295 203.0
1296 203.0
1297 424.0
1298 193.0
1299 203.0
1300 251.0
1301 251.0
1302 127.0
1303 118.0
1304 203.0
1305 203.0
1306 203.0
1307 203.0
1308 203.0
1309 204.0
1310 57.0
1311 347.0
1312 347.0
1313 204.0
1314 204.0
1315 203.0
1316 251.0
1317 203.0
1318 204.0
1319 203.0
1320 203.0
1321 106.0
1322 203.0
1323 204.0
1324 203.0
1325 204.0
1326 434.0
1327 0.0
1328 33.0
1329 8.0
1330 245.0
1331 99.0
1332 204.0
1333 117.0
1334 251.0
1335 204.0
1336 251.0
1337 25.0
1338 203.0
1339 186.0
1340 191.0
1341 202.0
1342 427.0
1343 0.0
1344 203.0
1345 251.0
1346 0.0
1347 84.0
1348 251.0
1349 107.0
1350 127.0
1351 50.0
1352 25.0
1353 149.0
1354 251.0
1355 203.0
1356 203.0
1357 204.0
1358 203.0
1359 203.0
1360 204.0
1361 121.0
1362 347.0
1363 203.0
1364 204.0
1365 434.0
1366 203.0
1367 125.0
1368 1.0
1369 204.0
1370 204.0
1371 180.0
1372 0.0
1373 203.0
1374 204.0
1375 204.0
1376 204.0
1377 434.0
1378 12.0
1379 251.0
1380 0.0
1381 203.0
1382 180.0
1383 161.0
1384 203.0
1385 251.0
1386 100.0
1387 251.0
1388 0.0
1389 181.0
1390 195.0
1391 196.0
1392 142.0
1393 109.0
1394 175.0
1395 137.0
1396 56.0
1397 203.0
1398 424.0
1399 345.0
1400 203.0
1401 0.0
1402 32.0
1403 77.0
1404 203.0
1405 127.0
1406 203.0
1407 203.0
1408 203.0
1409 347.0
1410 203.0
1411 204.0
1412 0.0
1413 347.0
1414 347.0
1415 204.0
1416 434.0
1417 203.0
1418 252.0
1419 0.0
1420 39.0
1421 203.0
1422 287.0
1423 40.0
1424 71.0
1425 204.0
1426 204.0
1427 204.0
1428 434.0
1429 251.0
1430 251.0
1431 126.0
1432 353.0
1433 98.0
1434 203.0
1435 203.0
1436 251.0
1437 203.0
1438 251.0
1439 2.0
1440 113.0
1441 146.0
1442 241.0
1443 0.0
1444 427.0
1445 203.0
1446 71.0
1447 251.0
1448 51.0
1449 327.0
1450 36.0
1451 251.0
1452 142.0
1453 65.0
1454 204.0
1455 204.0
1456 203.0
1457 203.0
1458 427.0
1459 203.0
1460 347.0
1461 203.0
1462 93.0
1463 203.0
1464 347.0
1465 204.0
1466 203.0
1467 434.0
1468 203.0
1469 251.0
1470 251.0
1471 88.0
1472 204.0
1473 203.0
1474 169.0
1475 71.0
1476 204.0
1477 204.0
1478 204.0
1479 434.0
1480 203.0
1481 63.0
1482 0.0
1483 322.0
1484 96.0
1485 203.0
1486 154.0
1487 251.0
1488 204.0
1489 251.0
1490 5.0
1491 89.0
1492 131.0
1493 258.0
1494 203.0
1495 427.0
1496 203.0
1497 162.0
1498 203.0
1499 0.0
1500 203.0
1501 251.0
1502 98.0
1503 203.0
1504 0.0
1505 251.0
1506 149.0
1507 203.0
1508 203.0
1509 203.0
1510 203.0
1511 203.0
1512 203.0
1513 32.0
1514 203.0
1515 347.0
1516 203.0
1517 204.0
1518 434.0
1519 251.0
1520 203.0
1521 204.0
1522 204.0
1523 203.0
1524 204.0
1525 64.0
1526 138.0
1527 204.0
1528 204.0
1529 203.0
1530 434.0
1531 59.0
1532 251.0
1533 25.0
1534 318.0
1535 98.0
1536 203.0
1537 154.0
1538 251.0
1539 203.0
1540 251.0
1541 0.0
1542 0.0
1543 131.0
1544 258.0
1545 245.0
1546 109.0
1547 130.0
1548 251.0
1549 33.0
1550 251.0
1551 214.0
1552 408.0
1553 251.0
1554 4.0
1555 30.0
1556 0.0
1557 203.0
1558 251.0
1559 203.0
1560 427.0
1561 203.0
1562 203.0
1563 203.0
1564 127.0
1565 204.0
1566 427.0
1567 204.0
1568 204.0
1569 204.0
1570 251.0
1571 187.0
1572 170.0
1573 204.0
1574 203.0
1575 169.0
1576 165.0
1577 138.0
1578 204.0
1579 55.0
1580 203.0
1581 434.0
1582 191.0
1583 251.0
1584 103.0
1585 203.0
1586 251.0
1587 203.0
1588 203.0
1589 251.0
1590 251.0
1591 251.0
1592 0.0
1593 236.0
1594 146.0
1595 168.0
1596 203.0
1597 109.0
1598 167.0
1599 126.0
1600 203.0
1601 203.0
1602 424.0
1603 424.0
1604 48.0
1605 139.0
1606 32.0
1607 251.0
1608 251.0
1609 203.0
1610 203.0
1611 203.0
1612 203.0
1613 347.0
1614 347.0
1615 204.0
1616 204.0
1617 427.0
1618 347.0
1619 362.0
1620 434.0
1621 186.0
1622 204.0
1623 97.0
1624 95.0
1625 203.0
1626 204.0
1627 203.0
1628 38.0
1629 204.0
1630 204.0
1631 203.0
1632 434.0
1633 203.0
1634 251.0
1635 96.0
1636 322.0
1637 96.0
1638 203.0
1639 203.0
1640 251.0
1641 203.0
1642 251.0
1643 12.0
1644 202.0
1645 108.0
1646 347.0
1647 203.0
1648 367.0
1649 104.0
1650 185.0
1651 203.0
1652 175.0
1653 36.0
1654 312.0
1655 146.0
1656 203.0
1657 0.0
1658 203.0
1659 251.0
1660 204.0
1661 203.0
1662 347.0
1663 203.0
1664 203.0
1665 203.0
1666 204.0
1667 203.0
1668 347.0
1669 275.0
1670 204.0
1671 204.0
1672 203.0
1673 204.0
1674 204.0
1675 204.0
1676 203.0
1677 203.0
1678 11.0
1679 38.0
1680 204.0
1681 204.0
1682 203.0
1683 434.0
1684 39.0
1685 251.0
1686 26.0
1687 251.0
1688 96.0
1689 203.0
1690 203.0
1691 251.0
1692 204.0
1693 251.0
1694 2.0
1695 71.0
1696 146.0
1697 258.0
1698 118.0
1699 427.0
1700 109.0
1701 251.0
1702 62.0
1703 39.0
1704 36.0
1705 312.0
1706 181.0
1707 181.0
1708 55.0
1709 192.0
1710 251.0
1711 251.0
1712 203.0
1713 204.0
1714 427.0
1715 203.0
1716 633.0
1717 33.0
1718 347.0
1719 347.0
1720 370.0
1721 203.0
1722 204.0
1723 150.0
1724 96.0
1725 204.0
1726 113.0
1727 347.0
1728 192.0
1729 0.0
1730 138.0
1731 204.0
1732 204.0
1733 203.0
1734 251.0
1735 39.0
1736 251.0
1737 96.0
1738 203.0
1739 76.0
1740 203.0
1741 203.0
1742 251.0
1743 33.0
1744 251.0
1745 19.0
1746 156.0
1747 192.0
1748 168.0
1749 180.0
1750 109.0
1751 0.0
1752 49.0
1753 87.0
1754 0.0
1755 312.0
1756 408.0
1757 58.0
1758 203.0
1759 0.0
1760 67.0
1761 203.0
1762 203.0
1763 203.0
1764 204.0
1765 203.0
1766 204.0
1767 203.0
1768 203.0
1769 203.0
1770 347.0
1771 204.0
1772 204.0
1773 434.0
1774 203.0
1775 187.0
1776 204.0
1777 203.0
1778 503.0
1779 347.0
1780 203.0
1781 38.0
1782 204.0
1783 49.0
1784 204.0
1785 251.0
1786 191.0
1787 251.0
1788 76.0
1789 203.0
1790 251.0
1791 162.0
1792 117.0
1793 251.0
1794 251.0
1795 251.0
1796 6.0
1797 31.0
1798 186.0
1799 194.0
1800 105.0
1801 361.0
1802 141.0
1803 169.0
1804 131.0
1805 0.0
1806 312.0
1807 371.0
1808 0.0
1809 142.0
1810 25.0
1811 6.0
1812 149.0
1813 204.0
1814 191.0
1815 347.0
1816 204.0
1817 347.0
1818 203.0
1819 204.0
1820 204.0
1821 347.0
1822 203.0
1823 362.0
1824 204.0
1825 203.0
1826 251.0
1827 204.0
1828 204.0
1829 503.0
1830 503.0
1831 360.0
1832 152.0
1833 204.0
1834 203.0
1835 203.0
1836 251.0
1837 203.0
1838 63.0
1839 100.0
1840 322.0
1841 96.0
1842 203.0
1843 158.0
1844 251.0
1845 204.0
1846 251.0
1847 19.0
1848 18.0
1849 146.0
1850 269.0
1851 203.0
1852 110.0
1853 142.0
1854 174.0
1855 0.0
1856 251.0
1857 203.0
1858 312.0
1859 196.0
1860 158.0
1861 251.0
1862 203.0
1863 251.0
1864 251.0
1865 204.0
1866 204.0
1867 203.0
1868 203.0
1869 347.0
1870 203.0
1871 204.0
1872 347.0
1873 203.0
1874 362.0
1875 434.0
1876 203.0
1877 252.0
1878 204.0
1879 204.0
1880 503.0
1881 503.0
1882 203.0
1883 204.0
1884 204.0
1885 204.0
1886 47.0
1887 251.0
1888 39.0
1889 251.0
1890 109.0
1891 245.0
1892 96.0
1893 203.0
1894 187.0
1895 251.0
1896 203.0
1897 251.0
1898 0.0
1899 199.0
1900 131.0
1901 203.0
1902 251.0
1903 119.0
1904 0.0
1905 71.0
1906 0.0
1907 203.0
1908 424.0
1909 36.0
1910 192.0
1911 53.0
1912 0.0
1913 203.0
1914 149.0
1915 251.0
1916 203.0
1917 203.0
1918 347.0
1919 203.0
1920 203.0
1921 204.0
1922 204.0
1923 347.0
1924 204.0
1925 204.0
1926 204.0
1927 203.0
1928 251.0
1929 126.0
1930 347.0
1931 503.0
1932 503.0
1933 347.0
1934 204.0
1935 204.0
1936 202.0
1937 203.0
1938 251.0
1939 39.0
1940 251.0
1941 99.0
1942 203.0
1943 251.0
1944 251.0
1945 101.0
1946 251.0
1947 60.0
1948 251.0
1949 23.0
1950 198.0
1951 347.0
1952 192.0
1953 175.0
1954 251.0
1955 36.0
1956 137.0
1957 57.0
1958 158.0
1959 312.0
1960 327.0
1961 203.0
1962 172.0
1963 0.0
1964 0.0
1965 251.0
1966 185.0
1967 99.0
1968 191.0
1969 203.0
1970 251.0
1971 347.0
1972 203.0
1973 204.0
1974 347.0
1975 427.0
1976 203.0
1977 434.0
1978 204.0
1979 204.0
1980 94.0
1981 203.0
1982 503.0
1983 503.0
1984 204.0
1985 204.0
1986 204.0
1987 203.0
1988 204.0
1989 251.0
1990 203.0
1991 251.0
1992 86.0
1993 203.0
1994 96.0
1995 203.0
1996 203.0
1997 251.0
1998 204.0
1999 251.0
2000 47.0
2001 0.0
2002 169.0
2003 244.0
2004 203.0
2005 203.0
2006 0.0
2007 182.0
2008 59.0
2009 17.0
2010 424.0
2011 312.0
2012 0.0
2013 32.0
2014 251.0
2015 64.0
2016 251.0
2017 203.0
2018 347.0
2019 468.0
2020 204.0
2021 347.0
2022 203.0
2023 251.0
2024 0.0
2025 347.0
2026 204.0
2027 204.0
2028 434.0
2029 203.0
2030 204.0
2031 95.0
2032 204.0
2033 503.0
2034 503.0
2035 503.0
2036 203.0
2037 204.0
2038 204.0
2039 203.0
2040 633.0
2041 203.0
2042 251.0
2043 142.0
2044 203.0
2045 96.0
2046 79.0
2047 187.0
2048 251.0
2049 204.0
2050 251.0
2051 0.0
2052 30.0
2053 165.0
2054 347.0
2055 121.0
2056 109.0
2057 169.0
2058 252.0
2059 31.0
2060 251.0
2061 203.0
2062 312.0
2063 0.0
2064 147.0
2065 25.0
2066 45.0
2067 149.0
2068 203.0
2069 204.0
2070 427.0
2071 427.0
2072 347.0
2073 203.0
2074 203.0
2075 0.0
2076 332.0
2077 203.0
2078 204.0
2079 204.0
2080 251.0
2081 252.0
2082 204.0
2083 203.0
2084 503.0
2085 503.0
2086 204.0
2087 347.0
2088 204.0
2089 204.0
2090 47.0
2091 251.0
2092 73.0
2093 251.0
2094 10.0
2095 245.0
2096 251.0
2097 203.0
2098 251.0
2099 251.0
2100 204.0
2101 251.0
2102 106.0
2103 251.0
2104 131.0
2105 165.0
2106 161.0
2107 191.0
2108 154.0
2109 49.0
2110 0.0
2111 142.0
2112 312.0
2113 408.0
2114 167.0
2115 203.0
2116 203.0
2117 55.0
2118 251.0
2119 203.0
2120 204.0
2121 203.0
2122 204.0
2123 203.0
2124 203.0
2125 203.0
2126 93.0
2127 347.0
2128 427.0
2129 203.0
2130 204.0
2131 251.0
2132 134.0
2133 372.0
2134 347.0
2135 503.0
2136 503.0
2137 347.0
2138 204.0
2139 347.0
2140 204.0
2141 203.0
2142 251.0
2143 251.0
2144 251.0
2145 0.0
2146 203.0
2147 251.0
2148 251.0
2149 75.0
2150 251.0
2151 203.0
2152 251.0
2153 125.0
2154 120.0
2155 251.0
2156 196.0
2157 0.0
2158 203.0
2159 69.0
2160 169.0
2161 198.0
2162 203.0
2163 312.0
2164 345.0
2165 251.0
2166 32.0
2167 0.0
2168 0.0
2169 203.0
2170 159.0
2171 203.0
2172 251.0
2173 203.0
2174 204.0
2175 203.0
2176 203.0
2177 0.0
2178 430.0
2179 347.0
2180 362.0
2181 434.0
2182 251.0
2183 203.0
2184 372.0
2185 204.0
2186 347.0
2187 503.0
2188 347.0
2189 503.0
2190 204.0
2191 204.0
2192 204.0
2193 251.0
2194 203.0
2195 251.0
2196 33.0
2197 353.0
2198 96.0
2199 83.0
2200 251.0
2201 251.0
2202 41.0
2203 251.0
2204 164.0
2205 117.0
2206 251.0
2207 347.0
2208 174.0
2209 367.0
2210 142.0
2211 251.0
2212 236.0
2213 251.0
2214 208.0
2215 312.0
2216 192.0
2217 158.0
2218 32.0
2219 251.0
2220 251.0
2221 203.0
2222 203.0
2223 427.0
2224 347.0
2225 203.0
2226 203.0
2227 203.0
2228 203.0
2229 347.0
2230 203.0
2231 204.0
2232 204.0
2233 203.0
2234 252.0
2235 372.0
2236 204.0
2237 503.0
2238 503.0
2239 347.0
2240 204.0
2241 347.0
2242 204.0
2243 203.0
2244 251.0
2245 224.0
2246 251.0
2247 0.0
2248 245.0
2249 251.0
2250 109.0
2251 203.0
2252 251.0
2253 203.0
2254 251.0
2255 0.0
2256 17.0
2257 244.0
2258 196.0
2259 158.0
2260 203.0
2261 66.0
2262 67.0
2263 0.0
2264 0.0
2265 424.0
2266 312.0
2267 203.0
2268 203.0
2269 203.0
2270 0.0
2271 251.0
2272 203.0
2273 203.0
2274 191.0
2275 203.0
2276 203.0
2277 203.0
2278 203.0
2279 203.0
2280 427.0
2281 203.0
2282 204.0
2283 204.0
2284 203.0
2285 361.0
2286 204.0
2287 347.0
2288 503.0
2289 503.0
2290 203.0
2291 503.0
2292 204.0
2293 203.0
2294 203.0
2295 251.0
2296 251.0
2297 251.0
2298 0.0
2299 251.0
2300 251.0
2301 203.0
2302 251.0
2303 251.0
2304 203.0
2305 251.0
2306 0.0
2307 0.0
2308 258.0
2309 203.0
2310 161.0
2311 117.0
2312 26.0
2313 251.0
2314 24.0
2315 0.0
2316 312.0
2317 36.0
2318 204.0
2319 147.0
2320 252.0
2321 0.0
2322 251.0
2323 0.0
2324 158.0
2325 251.0
2326 628.0
2327 251.0
2328 203.0
2329 203.0
2330 427.0
2331 347.0
2332 204.0
2333 434.0
2334 204.0
2335 251.0
2336 100.0
2337 204.0
2338 347.0
2339 347.0
2340 503.0
2341 203.0
2342 203.0
2343 204.0
2344 204.0
2345 203.0
2346 251.0
2347 203.0
2348 251.0
2349 67.0
2350 359.0
2351 251.0
2352 129.0
2353 251.0
2354 251.0
2355 203.0
2356 251.0
2357 28.0
2358 203.0
2359 183.0
2360 196.0
2361 203.0
2362 109.0
2363 32.0
2364 203.0
2365 73.0
2366 203.0
2367 208.0
2368 347.0
2369 251.0
2370 0.0
2371 0.0
2372 0.0
2373 251.0
2374 251.0
2375 203.0
2376 204.0
2377 347.0
2378 203.0
2379 203.0
2380 203.0
2381 203.0
2382 427.0
2383 347.0
2384 204.0
2385 434.0
2386 204.0
2387 363.0
2388 372.0
2389 204.0
2390 347.0
2391 503.0
2392 503.0
2393 204.0
2394 204.0
2395 204.0
2396 203.0
2397 633.0
2398 251.0
2399 251.0
2400 39.0
2401 196.0
2402 251.0
2403 203.0
2404 251.0
2405 251.0
2406 203.0
2407 251.0
2408 20.0
2409 203.0
2410 251.0
2411 347.0
2412 172.0
2413 252.0
2414 66.0
2415 251.0
2416 14.0
2417 203.0
2418 208.0
2419 312.0
2420 98.0
2421 32.0
2422 0.0
2423 0.0
2424 251.0
2425 169.0
2426 203.0
2427 203.0
2428 427.0
2429 251.0
2430 203.0
2431 203.0
2432 161.0
2433 430.0
2434 347.0
2435 204.0
2436 434.0
2437 203.0
2438 136.0
2439 372.0
2440 204.0
2441 503.0
2442 503.0
2443 203.0
2444 204.0
2445 204.0
2446 204.0
2447 203.0
2448 251.0
2449 251.0
2450 251.0
2451 0.0
2452 95.0
2453 251.0
2454 94.0
2455 251.0
2456 251.0
2457 203.0
2458 251.0
2459 0.0
2460 174.0
2461 347.0
2462 251.0
2463 203.0
2464 110.0
2465 128.0
2466 35.0
2467 0.0
2468 186.0
2469 312.0
2470 203.0
2471 327.0
2472 147.0
2473 0.0
2474 252.0
2475 251.0
2476 347.0
2477 203.0
2478 204.0
2479 203.0
2480 203.0
2481 203.0
2482 203.0
2483 90.0
2484 332.0
2485 252.0
2486 204.0
2487 204.0
2488 251.0
2489 173.0
2490 204.0
2491 64.0
2492 503.0
2493 503.0
2494 203.0
2495 503.0
2496 204.0
2497 204.0
2498 203.0
2499 251.0
2500 251.0
2501 251.0
2502 62.0
2503 203.0
2504 203.0
2505 133.0
2506 251.0
2507 251.0
2508 203.0
2509 251.0
2510 20.0
2511 33.0
2512 251.0
2513 196.0
2514 174.0
2515 114.0
2516 203.0
2517 0.0
2518 1.0
2519 136.0
2520 312.0
2521 203.0
2522 156.0
2523 203.0
2524 11.0
2525 30.0
2526 203.0
2527 203.0
2528 203.0
2529 203.0
2530 251.0
2531 347.0
2532 203.0
2533 203.0
2534 203.0
2535 427.0
2536 204.0
2537 203.0
2538 434.0
2539 251.0
2540 100.0
2541 372.0
2542 347.0
2543 503.0
2544 503.0
2545 503.0
2546 204.0
2547 204.0
2548 204.0
2549 203.0
2550 251.0
2551 251.0
2552 251.0
2553 55.0
2554 203.0
2555 203.0
2556 133.0
2557 251.0
2558 251.0
2559 203.0
2560 251.0
2561 150.0
2562 140.0
2563 251.0
2564 251.0
2565 78.0
2566 203.0
2567 99.0
2568 203.0
2569 40.0
2570 0.0
2571 203.0
2572 312.0
2573 196.0
2574 32.0
2575 203.0
2576 204.0
2577 347.0
2578 174.0
2579 203.0
2580 203.0
2581 204.0
2582 347.0
2583 203.0
2584 203.0
2585 0.0
2586 430.0
2587 203.0
2588 434.0
2589 434.0
2590 251.0
2591 361.0
2592 372.0
2593 347.0
2594 203.0
2595 503.0
2596 503.0
2597 204.0
2598 204.0
2599 204.0
2600 197.0
2601 251.0
2602 251.0
2603 251.0
2604 63.0
2605 203.0
2606 96.0
2607 251.0
2608 251.0
2609 251.0
2610 203.0
2611 251.0
2612 82.0
2613 135.0
2614 347.0
2615 347.0
2616 203.0
2617 109.0
2618 0.0
2619 251.0
2620 106.0
2621 203.0
2622 203.0
2623 424.0
2624 150.0
2625 147.0
2626 0.0
2627 187.0
2628 347.0
2629 203.0
2630 295.0
2631 203.0
2632 203.0
2633 347.0
2634 203.0
2635 204.0
2636 90.0
2637 430.0
2638 204.0
2639 204.0
2640 434.0
2641 154.0
2642 204.0
2643 372.0
2644 503.0
2645 204.0
2646 503.0
2647 203.0
2648 503.0
2649 204.0
2650 347.0
2651 203.0
2652 251.0
2653 203.0
2654 251.0
2655 72.0
2656 203.0
2657 203.0
2658 168.0
2659 251.0
2660 251.0
2661 203.0
2662 251.0
2663 20.0
2664 112.0
2665 203.0
2666 428.0
2667 252.0
2668 203.0
2669 171.0
2670 203.0
2671 203.0
2672 0.0
2673 312.0
2674 36.0
2675 362.0
2676 147.0
2677 332.0
2678 204.0
2679 347.0
2680 347.0
2681 347.0
2682 203.0
2683 203.0
2684 203.0
2685 203.0
2686 203.0
2687 32.0
2688 430.0
2689 204.0
2690 203.0
2691 204.0
2692 204.0
2693 96.0
2694 503.0
2695 204.0
2696 503.0
2697 503.0
2698 203.0
2699 503.0
2700 204.0
2701 204.0
2702 204.0
2703 251.0
2704 213.0
2705 33.0
2706 0.0
2707 203.0
2708 251.0
2709 251.0
2710 251.0
2711 251.0
2712 203.0
2713 251.0
2714 0.0
2715 170.0
2716 251.0
2717 203.0
2718 174.0
2719 251.0
2720 171.0
2721 12.0
2722 147.0
2723 251.0
2724 424.0
2725 203.0
2726 251.0
2727 6.0
2728 64.0
2729 176.0
2730 203.0
2731 203.0
2732 203.0
2733 203.0
2734 203.0
2735 203.0
2736 203.0
2737 203.0
2738 347.0
2739 430.0
2740 360.0
2741 362.0
2742 434.0
2743 204.0
2744 204.0
2745 204.0
2746 347.0
2747 503.0
2748 503.0
2749 503.0
2750 347.0
2751 204.0
2752 204.0
2753 204.0
2754 251.0
2755 213.0
2756 63.0
2757 5.0
2758 196.0
2759 251.0
2760 161.0
2761 251.0
2762 251.0
2763 203.0
2764 251.0
2765 132.0
2766 0.0
2767 244.0
2768 196.0
2769 203.0
2770 191.0
2771 126.0
2772 203.0
2773 203.0
2774 203.0
2775 347.0
2776 312.0
2777 48.0
2778 0.0
2779 251.0
2780 203.0
2781 203.0
2782 347.0
2783 347.0
2784 203.0
2785 203.0
2786 203.0
2787 347.0
2788 203.0
2789 203.0
2790 430.0
2791 347.0
2792 204.0
2793 434.0
2794 251.0
2795 204.0
2796 503.0
2797 204.0
2798 503.0
2799 503.0
2800 203.0
2801 347.0
2802 204.0
2803 427.0
2804 204.0
2805 633.0
2806 251.0
2807 251.0
2808 66.0
2809 196.0
2810 251.0
2811 76.0
2812 251.0
2813 251.0
2814 203.0
2815 251.0
2816 74.0
2817 203.0
2818 347.0
2819 347.0
2820 203.0
2821 109.0
2822 201.0
2823 139.0
2824 233.0
2825 203.0
2826 312.0
2827 203.0
2828 203.0
2829 197.0
2830 30.0
2831 245.0
2832 427.0
2833 347.0
2834 203.0
2835 347.0
2836 427.0
2837 204.0
2838 203.0
2839 204.0
2840 203.0
2841 430.0
2842 347.0
2843 203.0
2844 203.0
2845 251.0
2846 503.0
2847 204.0
2848 347.0
2849 204.0
2850 503.0
2851 203.0
2852 204.0
2853 204.0
2854 204.0
2855 158.0
2856 251.0
2857 251.0
2858 251.0
2859 0.0
2860 203.0
2861 251.0
2862 203.0
2863 251.0
2864 251.0
2865 203.0
2866 251.0
2867 119.0
2868 120.0
2869 251.0
2870 196.0
2871 181.0
2872 114.0
2873 142.0
2874 7.0
2875 427.0
2876 424.0
2877 208.0
2878 203.0
2879 0.0
2880 144.0
2881 0.0
2882 6.0
2883 203.0
2884 203.0
2885 204.0
2886 203.0
2887 203.0
2888 251.0
2889 203.0
2890 204.0
2891 0.0
2892 430.0
2893 203.0
2894 204.0
2895 204.0
2896 203.0
2897 204.0
2898 503.0
2899 204.0
2900 503.0
2901 503.0
2902 203.0
2903 204.0
2904 204.0
2905 503.0
2906 204.0
2907 251.0
2908 251.0
2909 63.0
2910 64.0
2911 203.0
2912 251.0
2913 203.0
2914 251.0
2915 251.0
2916 203.0
2917 251.0
2918 2.0
2919 38.0
2920 196.0
2921 347.0
2922 203.0
2923 109.0
2924 184.0
2925 18.0
2926 347.0
2927 203.0
2928 312.0
2929 203.0
2930 0.0
2931 76.0
2932 203.0
2933 203.0
2934 347.0
2935 203.0
2936 203.0
2937 191.0
2938 427.0
2939 203.0
2940 203.0
2941 203.0
2942 0.0
2943 430.0
2944 203.0
2945 362.0
2946 434.0
2947 503.0
2948 503.0
2949 503.0
2950 204.0
2951 503.0
2952 503.0
2953 503.0
2954 503.0
2955 204.0
2956 204.0
2957 204.0
2958 251.0
2959 251.0
2960 251.0
2961 0.0
2962 203.0
2963 203.0
2964 204.0
2965 251.0
2966 251.0
2967 203.0
2968 251.0
2969 12.0
2970 155.0
2971 347.0
2972 428.0
2973 203.0
2974 427.0
2975 87.0
2976 362.0
2977 203.0
2978 125.0
2979 312.0
2980 312.0
2981 203.0
2982 203.0
2983 203.0
2984 203.0
2985 203.0
2986 347.0
2987 204.0
2988 203.0
2989 204.0
2990 203.0
2991 203.0
2992 203.0
2993 203.0
2994 430.0
2995 203.0
2996 203.0
2997 347.0
2998 203.0
2999 503.0
3000 503.0
3001 203.0
3002 203.0
3003 503.0
3004 203.0
3005 204.0
3006 204.0
3007 427.0
3008 503.0
3009 251.0
3010 203.0
3011 251.0
3012 0.0
3013 203.0
3014 203.0
3015 203.0
3016 143.0
3017 251.0
3018 203.0
3019 251.0
3020 25.0
3021 140.0
3022 196.0
3023 428.0
3024 203.0
3025 119.0
3026 184.0
3027 427.0
3028 361.0
3029 251.0
3030 36.0
3031 312.0
3032 203.0
3033 37.0
3034 77.0
3035 203.0
3036 203.0
3037 347.0
3038 203.0
3039 203.0
3040 347.0
3041 203.0
3042 203.0
3043 204.0
3044 203.0
3045 430.0
3046 204.0
3047 204.0
3048 203.0
3049 202.0
3050 503.0
3051 347.0
3052 204.0
3053 503.0
3054 503.0
3055 203.0
3056 503.0
3057 204.0
3058 204.0
3059 204.0
3060 633.0
3061 347.0
3062 33.0
3063 70.0
3064 322.0
3065 203.0
3066 203.0
3067 49.0
3068 251.0
3069 203.0
3070 251.0
3071 0.0
3072 0.0
3073 196.0
3074 428.0
3075 172.0
3076 319.0
3077 69.0
3078 176.0
3079 252.0
3080 406.0
3081 424.0
3082 203.0
3083 0.0
3084 202.0
3085 55.0
3086 203.0
3087 209.0
3088 203.0
3089 203.0
3090 251.0
3091 204.0
3092 203.0
3093 203.0
3094 203.0
3095 203.0
3096 427.0
3097 203.0
3098 362.0
3099 203.0
3100 347.0
3101 347.0
3102 347.0
3103 204.0
3104 503.0
3105 503.0
3106 503.0
3107 503.0
3108 347.0
3109 204.0
3110 204.0
3111 251.0
3112 204.0
3113 204.0
3114 146.0
3115 203.0
3116 251.0
3117 76.0
3118 251.0
3119 251.0
3120 203.0
3121 251.0
3122 25.0
3123 203.0
3124 347.0
3125 428.0
3126 203.0
3127 110.0
3128 0.0
3129 109.0
3130 203.0
3131 203.0
3132 312.0
3133 203.0
3134 0.0
3135 213.0
3136 332.0
3137 209.0
3138 203.0
3139 347.0
3140 427.0
3141 203.0
3142 203.0
3143 203.0
3144 203.0
3145 204.0
3146 203.0
3147 430.0
3148 203.0
3149 347.0
3150 203.0
3151 347.0
3152 503.0
3153 204.0
3154 204.0
3155 347.0
3156 503.0
3157 203.0
3158 503.0
3159 204.0
3160 203.0
3161 204.0
3162 251.0
3163 203.0
3164 204.0
3165 0.0
3166 347.0
3167 251.0
3168 251.0
3169 251.0
3170 251.0
3171 203.0
3172 251.0
3173 203.0
3174 176.0
3175 518.0
3176 428.0
3177 161.0
3178 427.0
3179 184.0
3180 319.0
3181 369.0
3182 251.0
3183 36.0
3184 347.0
3185 251.0
3186 203.0
3187 269.0
3188 203.0
3189 117.0
3190 203.0
3191 203.0
3192 347.0
3193 347.0
3194 203.0
3195 203.0
3196 204.0
3197 203.0
3198 430.0
3199 204.0
3200 434.0
3201 347.0
3202 503.0
3203 503.0
3204 503.0
3205 204.0
3206 503.0
3207 503.0
3208 203.0
3209 503.0
3210 202.0
3211 204.0
3212 204.0
3213 633.0
3214 204.0
3215 202.0
3216 0.0
3217 347.0
3218 203.0
3219 251.0
3220 50.0
3221 251.0
3222 203.0
3223 251.0
3224 0.0
3225 174.0
3226 428.0
3227 428.0
3228 78.0
3229 427.0
3230 48.0
3231 251.0
3232 203.0
3233 203.0
3234 424.0
3235 312.0
3236 169.0
3237 213.0
3238 189.0
3239 203.0
3240 209.0
3241 198.0
3242 203.0
3243 427.0
3244 347.0
3245 203.0
3246 203.0
3247 203.0
3248 203.0
3249 430.0
3250 204.0
3251 362.0
3252 203.0
3253 203.0
3254 503.0
3255 204.0
3256 204.0
3257 503.0
3258 503.0
3259 203.0
3260 503.0
3261 204.0
3262 503.0
3263 204.0
3264 251.0
3265 204.0
3266 204.0
3267 0.0
3268 203.0
3269 203.0
3270 79.0
3271 251.0
3272 251.0
3273 204.0
3274 251.0
3275 34.0
3276 30.0
3277 428.0
3278 428.0
3279 203.0
3280 427.0
3281 0.0
3282 427.0
3283 203.0
3284 203.0
3285 312.0
3286 312.0
3287 0.0
3288 203.0
3289 192.0
3290 209.0
3291 203.0
3292 347.0
3293 203.0
3294 203.0
3295 203.0
3296 203.0
3297 203.0
3298 203.0
3299 204.0
3300 430.0
3301 427.0
3302 362.0
3303 347.0
3304 203.0
3305 347.0
3306 347.0
3307 347.0
3308 347.0
3309 503.0
3310 503.0
3311 503.0
3312 268.0
3313 347.0
3314 204.0
3315 251.0
3316 347.0
3317 204.0
3318 62.0
3319 353.0
3320 203.0
3321 203.0
3322 251.0
3323 251.0
3324 203.0
3325 251.0
3326 22.0
3327 140.0
3328 347.0
3329 347.0
3330 203.0
3331 109.0
3332 57.0
3333 203.0
3334 203.0
3335 203.0
3336 312.0
3337 424.0
3338 169.0
3339 17.0
3340 204.0
3341 203.0
3342 182.0
3343 203.0
3344 639.0
3345 347.0
3346 203.0
3347 347.0
3348 203.0
3349 204.0
3350 204.0
3351 430.0
3352 427.0
3353 203.0
3354 347.0
3355 203.0
3356 503.0
3357 204.0
3358 204.0
3359 503.0
3360 503.0
3361 203.0
3362 503.0
3363 204.0
3364 204.0
3365 204.0
3366 639.0
3367 503.0
3368 202.0
3369 72.0
3370 347.0
3371 203.0
3372 251.0
3373 203.0
3374 251.0
3375 203.0
3376 251.0
3377 88.0
3378 196.0
3379 196.0
3380 347.0
3381 203.0
3382 427.0
3383 62.0
3384 427.0
3385 73.0
3386 203.0
3387 36.0
3388 203.0
3389 81.0
3390 40.0
3391 189.0
3392 347.0
3393 203.0
3394 427.0
3395 229.0
3396 204.0
3397 203.0
3398 203.0
3399 203.0
3400 203.0
3401 203.0
3402 430.0
3403 204.0
3404 203.0
3405 427.0
3406 203.0
3407 347.0
3408 503.0
3409 204.0
3410 503.0
3411 503.0
3412 503.0
3413 503.0
3414 204.0
3415 204.0
3416 204.0
3417 639.0
3418 204.0
3419 204.0
3420 0.0
3421 203.0
3422 203.0
3423 49.0
3424 203.0
3425 251.0
3426 44.0
3427 251.0
3428 142.0
3429 0.0
3430 347.0
3431 428.0
3432 175.0
3433 109.0
3434 8.0
3435 203.0
3436 328.0
3437 60.0
3438 203.0
3439 312.0
3440 0.0
3441 149.0
3442 251.0
3443 204.0
3444 203.0
3445 251.0
3446 203.0
3447 203.0
3448 203.0
3449 203.0
3450 203.0
3451 229.0
3452 203.0
3453 430.0
3454 203.0
3455 362.0
3456 204.0
3457 347.0
3458 503.0
3459 503.0
3460 503.0
3461 347.0
3462 503.0
3463 503.0
3464 503.0
3465 204.0
3466 196.0
3467 204.0
3468 639.0
3469 503.0
3470 204.0
3471 151.0
3472 322.0
3473 203.0
3474 76.0
3475 158.0
3476 251.0
3477 203.0
3478 251.0
3479 25.0
3480 140.0
3481 347.0
3482 347.0
3483 175.0
3484 427.0
3485 0.0
3486 427.0
3487 24.0
3488 103.0
3489 312.0
3490 424.0
3491 0.0
3492 203.0
3493 203.0
3494 204.0
3495 203.0
3496 203.0
3497 203.0
3498 204.0
3499 203.0
3500 204.0
3501 203.0
3502 204.0
3503 203.0
3504 430.0
3505 537.0
3506 204.0
3507 347.0
3508 203.0
3509 347.0
3510 347.0
3511 176.0
3512 503.0
3513 503.0
3514 203.0
3515 503.0
3516 347.0
3517 204.0
3518 204.0
3519 639.0
3520 347.0
3521 503.0
3522 0.0
3523 196.0
3524 203.0
3525 76.0
3526 203.0
3527 251.0
3528 251.0
3529 251.0
3530 18.0
3531 203.0
3532 428.0
3533 347.0
3534 203.0
3535 427.0
3536 7.0
3537 203.0
3538 203.0
3539 204.0
3540 312.0
3541 36.0
3542 81.0
3543 203.0
3544 0.0
3545 203.0
3546 32.0
3547 347.0
3548 203.0
3549 204.0
3550 203.0
3551 203.0
3552 203.0
3553 251.0
3554 428.0
3555 203.0
3556 203.0
3557 203.0
3558 503.0
3559 203.0
3560 503.0
3561 503.0
3562 204.0
3563 503.0
3564 503.0
3565 503.0
3566 503.0
3567 204.0
3568 202.0
3569 347.0
3570 639.0
3571 503.0
3572 347.0
3573 204.0
3574 203.0
3575 203.0
3576 251.0
3577 203.0
3578 251.0
3579 37.0
3580 251.0
3581 123.0
3582 17.0
3583 428.0
3584 428.0
3585 203.0
3586 427.0
3587 7.0
3588 391.0
3589 251.0
3590 60.0
3591 203.0
3592 347.0
3593 416.0
3594 0.0
3595 203.0
3596 203.0
3597 209.0
3598 347.0
3599 203.0
3600 203.0
3601 203.0
3602 204.0
3603 203.0
3604 203.0
3605 203.0
3606 347.0
3607 203.0
3608 203.0
3609 347.0
3610 203.0
3611 503.0
3612 503.0
3613 347.0
3614 503.0
3615 503.0
3616 503.0
3617 503.0
3618 427.0
3619 427.0
3620 204.0
3621 639.0
3622 503.0
3623 347.0
3624 203.0
3625 203.0
3626 203.0
3627 251.0
3628 158.0
3629 251.0
3630 204.0
3631 251.0
3632 23.0
3633 124.0
3634 428.0
3635 428.0
3636 169.0
3637 109.0
3638 138.0
3639 110.0
3640 314.0
3641 203.0
3642 36.0
3643 312.0
3644 48.0
3645 203.0
3646 251.0
3647 204.0
3648 203.0
3649 203.0
3650 203.0
3651 204.0
3652 203.0
3653 203.0
3654 203.0
3655 196.0
3656 203.0
3657 421.0
3658 347.0
3659 203.0
3660 503.0
3661 204.0
3662 503.0
3663 503.0
3664 503.0
3665 347.0
3666 503.0
3667 503.0
3668 503.0
3669 204.0
3670 347.0
3671 503.0
3672 639.0
3673 503.0
3674 503.0
3675 188.0
3676 353.0
3677 203.0
3678 79.0
3679 203.0
3680 251.0
3681 203.0
3682 251.0
3683 203.0
3684 61.0
3685 347.0
3686 428.0
3687 163.0
3688 427.0
3689 66.0
3690 203.0
3691 126.0
3692 251.0
3693 312.0
3694 424.0
3695 0.0
3696 203.0
3697 347.0
3698 33.0
3699 234.0
3700 347.0
3701 203.0
3702 203.0
3703 203.0
3704 347.0
3705 203.0
3706 203.0
3707 203.0
3708 203.0
3709 203.0
3710 427.0
3711 503.0
3712 204.0
3713 503.0
3714 503.0
3715 503.0
3716 503.0
3717 503.0
3718 203.0
3719 503.0
3720 347.0
3721 347.0
3722 204.0
3723 639.0
3724 503.0
3725 503.0
3726 203.0
3727 347.0
3728 203.0
3729 251.0
3730 203.0
3731 251.0
3732 203.0
3733 251.0
3734 113.0
3735 135.0
3736 428.0
3737 347.0
3738 203.0
3739 427.0
3740 0.0
3741 427.0
3742 149.0
3743 114.0
3744 312.0
3745 347.0
3746 203.0
3747 77.0
3748 203.0
3749 41.0
3750 359.0
3751 347.0
3752 203.0
3753 204.0
3754 203.0
3755 347.0
3756 203.0
3757 203.0
3758 203.0
3759 427.0
3760 203.0
3761 427.0
3762 503.0
3763 203.0
3764 503.0
3765 503.0
3766 503.0
3767 503.0
3768 503.0
3769 503.0
3770 503.0
3771 347.0
3772 427.0
3773 204.0
3774 639.0
3775 503.0
3776 503.0
3777 203.0
3778 322.0
3779 251.0
3780 251.0
3781 174.0
3782 251.0
3783 44.0
3784 251.0
3785 251.0
3786 124.0
3787 518.0
3788 428.0
3789 175.0
3790 319.0
3791 32.0
3792 110.0
3793 255.0
3794 152.0
3795 203.0
3796 424.0
3797 158.0
3798 203.0
3799 347.0
3800 203.0
3801 203.0
3802 203.0
3803 203.0
3804 203.0
3805 347.0
3806 203.0
3807 203.0
3808 203.0
3809 203.0
3810 537.0
3811 203.0
3812 203.0
3813 503.0
3814 203.0
3815 503.0
3816 503.0
3817 347.0
3818 347.0
3819 503.0
3820 503.0
3821 503.0
3822 204.0
3823 503.0
3824 204.0
3825 639.0
3826 503.0
3827 503.0
3828 204.0
3829 203.0
3830 203.0
3831 76.0
3832 203.0
3833 251.0
3834 203.0
3835 251.0
3836 80.0
3837 30.0
3838 347.0
3839 518.0
3840 169.0
3841 109.0
3842 144.0
3843 203.0
3844 127.0
3845 251.0
3846 36.0
3847 312.0
3848 203.0
3849 202.0
3850 251.0
3851 347.0
3852 347.0
3853 203.0
3854 203.0
3855 203.0
3856 204.0
3857 347.0
3858 203.0
3859 251.0
3860 203.0
3861 203.0
3862 203.0
3863 203.0
3864 503.0
3865 203.0
3866 503.0
3867 503.0
3868 503.0
3869 503.0
3870 503.0
3871 203.0
3872 503.0
3873 503.0
3874 347.0
3875 503.0
3876 639.0
3877 503.0
3878 503.0
3879 169.0
3880 203.0
3881 203.0
3882 251.0
3883 101.0
3884 251.0
3885 204.0
3886 251.0
3887 98.0
3888 251.0
3889 518.0
3890 347.0
3891 203.0
3892 319.0
3893 174.0
3894 427.0
3895 17.0
3896 204.0
3897 312.0
3898 312.0
3899 146.0
3900 0.0
3901 251.0
3902 203.0
3903 203.0
3904 427.0
3905 203.0
3906 204.0
3907 203.0
3908 347.0
3909 203.0
3910 203.0
3911 203.0
3912 203.0
3913 203.0
3914 204.0
3915 503.0
3916 203.0
3917 503.0
3918 503.0
3919 204.0
3920 503.0
3921 503.0
3922 203.0
3923 503.0
3924 203.0
3925 427.0
3926 204.0
3927 639.0
3928 503.0
3929 503.0
3930 204.0
3931 359.0
3932 203.0
3933 251.0
3934 203.0
3935 251.0
3936 203.0
3937 251.0
3938 25.0
3939 108.0
3940 428.0
3941 347.0
3942 203.0
3943 427.0
3944 203.0
3945 427.0
3946 0.0
3947 251.0
3948 312.0
3949 203.0
3950 150.0
3951 140.0
3952 169.0
3953 203.0
3954 203.0
3955 427.0
3956 251.0
3957 204.0
3958 203.0
3959 251.0
3960 203.0
3961 203.0
3962 204.0
3963 203.0
3964 203.0
3965 203.0
3966 503.0
3967 203.0
3968 503.0
3969 503.0
3970 503.0
3971 503.0
3972 503.0
3973 503.0
3974 503.0
3975 203.0
3976 427.0
3977 204.0
3978 639.0
3979 503.0
3980 503.0
3981 203.0
3982 203.0
3983 203.0
3984 251.0
3985 187.0
3986 251.0
3987 203.0
3988 251.0
3989 33.0
3990 137.0
3991 347.0
3992 428.0
3993 163.0
3994 427.0
3995 41.0
3996 427.0
3997 0.0
3998 203.0
3999 36.0
4000 203.0
4001 203.0
4002 204.0
4003 203.0
4004 203.0
4005 203.0
4006 203.0
4007 229.0
4008 204.0
4009 347.0
4010 347.0
4011 347.0
4012 197.0
4013 173.0
4014 203.0
4015 427.0
4016 427.0
4017 503.0
4018 203.0
4019 503.0
4020 503.0
4021 347.0
4022 503.0
4023 503.0
4024 503.0
4025 503.0
4026 204.0
4027 347.0
4028 503.0
4029 639.0
4030 503.0
4031 503.0
4032 203.0
4033 359.0
4034 203.0
4035 76.0
4036 179.0
4037 251.0
4038 204.0
4039 251.0
4040 98.0
4041 120.0
4042 518.0
4043 347.0
4044 203.0
4045 319.0
4046 170.0
4047 391.0
4048 122.0
4049 203.0
4050 312.0
4051 312.0
4052 48.0
4053 203.0
4054 251.0
4055 347.0
4056 347.0
4057 203.0
4058 203.0
4059 203.0
4060 203.0
4061 347.0
4062 203.0
4063 203.0
4064 203.0
4065 203.0
4066 203.0
4067 204.0
4068 503.0
4069 347.0
4070 503.0
4071 503.0
4072 503.0
4073 503.0
4074 503.0
4075 203.0
4076 503.0
4077 204.0
4078 347.0
4079 204.0
4080 639.0
4081 503.0
4082 503.0
4083 203.0
4084 203.0
4085 251.0
4086 79.0
4087 90.0
4088 251.0
4089 203.0
4090 251.0
4091 20.0
4092 204.0
4093 518.0
4094 347.0
4095 203.0
4096 427.0
4097 203.0
4098 314.0
4099 0.0
4100 116.0
4101 36.0
4102 312.0
4103 203.0
4104 190.0
4105 169.0
4106 347.0
4107 203.0
4108 203.0
4109 251.0
4110 203.0
4111 203.0
4112 203.0
4113 203.0
4114 203.0
4115 203.0
4116 537.0
4117 204.0
4118 427.0
4119 503.0
4120 203.0
4121 503.0
4122 503.0
4123 347.0
4124 503.0
4125 503.0
4126 203.0
4127 503.0
4128 204.0
4129 204.0
4130 503.0
4131 639.0
4132 503.0
4133 503.0
4134 203.0
4135 203.0
4136 203.0
4137 79.0
4138 203.0
4139 251.0
4140 204.0
4141 251.0
4142 203.0
4143 0.0
4144 518.0
4145 428.0
4146 181.0
4147 427.0
4148 0.0
4149 391.0
4150 0.0
4151 251.0
4152 312.0
4153 371.0
4154 203.0
4155 225.0
4156 203.0
4157 251.0
4158 203.0
4159 203.0
4160 203.0
4161 203.0
4162 251.0
4163 203.0
4164 347.0
4165 203.0
4166 244.0
4167 203.0
4168 204.0
4169 204.0
4170 503.0
4171 503.0
4172 503.0
4173 503.0
4174 347.0
4175 503.0
4176 503.0
4177 503.0
4178 503.0
4179 204.0
4180 347.0
4181 203.0
4182 639.0
4183 503.0
4184 503.0
4185 204.0
4186 359.0
4187 203.0
4188 251.0
4189 251.0
4190 251.0
4191 203.0
4192 251.0
4193 88.0
4194 140.0
4195 518.0
4196 428.0
4197 181.0
4198 427.0
4199 203.0
4200 391.0
4201 0.0
4202 147.0
4203 214.0
4204 312.0
4205 169.0
4206 234.0
4207 169.0
4208 347.0
4209 359.0
4210 203.0
4211 229.0
4212 204.0
4213 203.0
4214 203.0
4215 203.0
4216 203.0
4217 204.0
4218 203.0
4219 203.0
4220 204.0
4221 503.0
4222 203.0
4223 503.0
4224 503.0
4225 347.0
4226 503.0
4227 503.0
4228 503.0
4229 503.0
4230 204.0
4231 347.0
4232 203.0
4233 639.0
4234 503.0
4235 503.0
4236 204.0
4237 203.0
4238 203.0
4239 79.0
4240 101.0
4241 251.0
4242 203.0
4243 251.0
4244 80.0
4245 176.0
4246 518.0
4247 347.0
4248 161.0
4249 320.0
4250 251.0
4251 427.0
4252 127.0
4253 47.0
4254 36.0
4255 312.0
4256 146.0
4257 251.0
4258 169.0
4259 203.0
4260 347.0
4261 427.0
4262 427.0
4263 203.0
4264 204.0
4265 347.0
4266 203.0
4267 203.0
4268 203.0
4269 203.0
4270 203.0
4271 203.0
4272 503.0
4273 203.0
4274 503.0
4275 503.0
4276 204.0
4277 203.0
4278 503.0
4279 203.0
4280 503.0
4281 204.0
4282 347.0
4283 347.0
4284 639.0
4285 503.0
4286 503.0
4287 347.0
4288 203.0
4289 203.0
4290 251.0
4291 203.0
4292 251.0
4293 100.0
4294 251.0
4295 158.0
4296 427.0
4297 518.0
4298 518.0
4299 203.0
4300 427.0
4301 203.0
4302 427.0
4303 0.0
4304 47.0
4305 36.0
4306 36.0
4307 94.0
4308 203.0
4309 347.0
4310 203.0
4311 427.0
4312 427.0
4313 203.0
4314 203.0
4315 347.0
4316 203.0
4317 204.0
4318 203.0
4319 203.0
4320 427.0
4321 203.0
4322 427.0
4323 503.0
4324 503.0
4325 503.0
4326 503.0
4327 204.0
4328 203.0
4329 503.0
4330 503.0
4331 503.0
4332 204.0
4333 204.0
4334 347.0
4335 639.0
4336 503.0
4337 503.0
4338 180.0
4339 203.0
4340 203.0
4341 251.0
4342 187.0
4343 251.0
4344 203.0
4345 251.0
4346 77.0
4347 50.0
4348 518.0
4349 428.0
4350 169.0
4351 427.0
4352 0.0
4353 427.0
4354 0.0
4355 366.0
4356 424.0
4357 371.0
4358 48.0
4359 201.0
4360 169.0
4361 203.0
4362 203.0
4363 203.0
4364 251.0
4365 204.0
4366 204.0
4367 203.0
4368 427.0
4369 203.0
4370 203.0
4371 537.0
4372 203.0
4373 204.0
4374 503.0
4375 203.0
4376 503.0
4377 503.0
4378 203.0
4379 503.0
4380 503.0
4381 503.0
4382 503.0
4383 204.0
4384 503.0
4385 202.0
4386 639.0
4387 503.0
4388 503.0
4389 59.0
4390 359.0
4391 203.0
4392 251.0
4393 204.0
4394 251.0
4395 57.0
4396 251.0
4397 98.0
4398 203.0
4399 518.0
4400 347.0
4401 169.0
4402 319.0
4403 203.0
4404 391.0
4405 122.0
4406 203.0
4407 312.0
4408 203.0
4409 0.0
4410 203.0
4411 251.0
4412 204.0
4413 427.0
4414 203.0
4415 203.0
4416 347.0
4417 204.0
4418 203.0
4419 347.0
4420 203.0
4421 251.0
4422 203.0
4423 203.0
4424 347.0
4425 503.0
4426 503.0
4427 503.0
4428 503.0
4429 503.0
4430 503.0
4431 503.0
4432 203.0
4433 503.0
4434 204.0
4435 347.0
4436 203.0
4437 639.0
4438 503.0
4439 503.0
4440 503.0
4441 203.0
4442 203.0
4443 251.0
4444 251.0
4445 251.0
4446 19.0
4447 251.0
4448 25.0
4449 137.0
4450 518.0
4451 347.0
4452 161.0
4453 320.0
4454 155.0
4455 427.0
4456 203.0
4457 203.0
4458 312.0
4459 312.0
4460 203.0
4461 203.0
4462 203.0
4463 347.0
4464 347.0
4465 203.0
4466 203.0
4467 203.0
4468 191.0
4469 347.0
4470 203.0
4471 203.0
4472 203.0
4473 535.0
4474 204.0
4475 203.0
4476 503.0
4477 202.0
4478 503.0
4479 503.0
4480 204.0
4481 347.0
4482 503.0
4483 203.0
4484 503.0
4485 347.0
4486 202.0
4487 347.0
4488 639.0
4489 503.0
4490 503.0
4491 204.0
4492 202.0
4493 203.0
4494 251.0
4495 158.0
4496 251.0
4497 203.0
4498 251.0
4499 25.0
4500 112.0
4501 518.0
4502 428.0
4503 203.0
4504 427.0
4505 203.0
4506 427.0
4507 0.0
4508 347.0
4509 208.0
4510 203.0
4511 0.0
4512 203.0
4513 251.0
4514 169.0
4515 347.0
4516 203.0
4517 427.0
4518 639.0
4519 427.0
4520 203.0
4521 204.0
4522 203.0
4523 45.0
4524 427.0
4525 203.0
4526 204.0
4527 503.0
4528 347.0
4529 503.0
4530 503.0
4531 204.0
4532 503.0
4533 503.0
4534 503.0
4535 503.0
4536 204.0
4537 204.0
4538 347.0
4539 639.0
4540 503.0
4541 503.0
4542 503.0
4543 503.0
4544 203.0
4545 251.0
4546 251.0
4547 251.0
4548 204.0
4549 251.0
4550 98.0
4551 0.0
4552 518.0
4553 428.0
4554 182.0
4555 427.0
4556 19.0
4557 427.0
4558 33.0
4559 203.0
4560 424.0
4561 203.0
4562 0.0
4563 152.0
4564 347.0
4565 203.0
4566 359.0
4567 203.0
4568 203.0
4569 347.0
4570 203.0
4571 347.0
4572 347.0
4573 203.0
4574 203.0
4575 203.0
4576 203.0
4577 204.0
4578 503.0
4579 503.0
4580 503.0
4581 503.0
4582 203.0
4583 503.0
4584 503.0
4585 503.0
4586 503.0
4587 204.0
4588 196.0
4589 347.0
4590 639.0
4591 503.0
4592 503.0
4593 162.0
4594 207.0
4595 39.0
4596 251.0
4597 251.0
4598 251.0
4599 59.0
4600 251.0
4601 0.0
4602 23.0
4603 518.0
4604 347.0
4605 181.0
4606 427.0
4607 203.0
4608 427.0
4609 77.0
4610 203.0
4611 312.0
4612 312.0
4613 159.0
4614 195.0
4615 347.0
4616 347.0
4617 347.0
4618 203.0
4619 229.0
4620 427.0
4621 204.0
4622 203.0
4623 347.0
4624 203.0
4625 203.0
4626 203.0
4627 537.0
4628 427.0
4629 503.0
4630 347.0
4631 503.0
4632 503.0
4633 204.0
4634 503.0
4635 503.0
4636 203.0
4637 503.0
4638 347.0
4639 347.0
4640 503.0
4641 639.0
4642 503.0
4643 503.0
4644 204.0
4645 503.0
4646 251.0
4647 251.0
4648 251.0
4649 251.0
4650 60.0
4651 251.0
4652 25.0
4653 245.0
4654 518.0
4655 428.0
4656 203.0
4657 427.0
4658 321.0
4659 427.0
4660 17.0
4661 204.0
4662 312.0
4663 312.0
4664 153.0
4665 143.0
4666 347.0
4667 347.0
4668 347.0
4669 359.0
4670 251.0
4671 203.0
4672 251.0
4673 427.0
4674 203.0
4675 203.0
4676 50.0
4677 535.0
4678 203.0
4679 427.0
4680 503.0
4681 347.0
4682 503.0
4683 503.0
4684 204.0
4685 503.0
4686 503.0
4687 203.0
4688 503.0
4689 204.0
4690 347.0
4691 347.0
4692 639.0
4693 503.0
4694 503.0
4695 204.0
4696 503.0
4697 251.0
4698 251.0
4699 251.0
4700 251.0
4701 204.0
4702 251.0
4703 25.0
4704 203.0
4705 518.0
4706 428.0
4707 203.0
4708 427.0
4709 203.0
4710 427.0
4711 73.0
4712 347.0
4713 347.0
4714 208.0
4715 0.0
4716 203.0
4717 347.0
4718 203.0
4719 427.0
4720 359.0
4721 203.0
4722 427.0
4723 347.0
4724 347.0
4725 203.0
4726 203.0
4727 19.0
4728 535.0
4729 203.0
4730 347.0
4731 503.0
4732 503.0
4733 503.0
4734 503.0
4735 347.0
4736 503.0
4737 503.0
4738 503.0
4739 503.0
4740 202.0
4741 204.0
4742 347.0
4743 639.0
4744 503.0
4745 503.0
4746 203.0
4747 503.0
4748 77.0
4749 251.0
4750 251.0
4751 251.0
4752 204.0
4753 251.0
4754 11.0
4755 124.0
4756 518.0
4757 347.0
4758 181.0
4759 427.0
4760 361.0
4761 427.0
4762 17.0
4763 152.0
4764 203.0
4765 347.0
4766 122.0
4767 203.0
4768 169.0
4769 203.0
4770 427.0
4771 203.0
4772 203.0
4773 427.0
4774 204.0
4775 427.0
4776 251.0
4777 203.0
4778 203.0
4779 203.0
4780 203.0
4781 360.0
4782 503.0
4783 347.0
4784 503.0
4785 503.0
4786 203.0
4787 503.0
4788 503.0
4789 503.0
4790 503.0
4791 204.0
4792 347.0
4793 503.0
4794 639.0
4795 503.0
4796 503.0
4797 204.0
4798 503.0
4799 251.0
4800 251.0
4801 251.0
4802 251.0
4803 37.0
4804 251.0
4805 21.0
4806 0.0
4807 518.0
4808 428.0
4809 203.0
4810 427.0
4811 109.0
4812 427.0
4813 122.0
4814 203.0
4815 312.0
4816 203.0
4817 427.0
4818 0.0
4819 169.0
4820 203.0
4821 427.0
4822 203.0
4823 203.0
4824 361.0
4825 203.0
4826 251.0
4827 204.0
4828 203.0
4829 203.0
4830 203.0
4831 427.0
4832 203.0
4833 503.0
4834 503.0
4835 503.0
4836 503.0
4837 503.0
4838 503.0
4839 503.0
4840 203.0
4841 503.0
4842 347.0
4843 347.0
4844 503.0
4845 639.0
4846 503.0
4847 503.0
4848 204.0
4849 503.0
4850 251.0
4851 251.0
4852 251.0
4853 251.0
4854 203.0
4855 251.0
4856 22.0
4857 120.0
4858 518.0
4859 428.0
4860 203.0
4861 427.0
4862 391.0
4863 427.0
4864 94.0
4865 251.0
4866 312.0
4867 204.0
4868 347.0
4869 250.0
4870 347.0
4871 203.0
4872 347.0
4873 427.0
4874 203.0
4875 427.0
4876 203.0
4877 427.0
4878 203.0
4879 203.0
4880 0.0
4881 427.0
4882 427.0
4883 203.0
4884 503.0
4885 503.0
4886 503.0
4887 503.0
4888 204.0
4889 503.0
4890 503.0
4891 203.0
4892 503.0
4893 204.0
4894 196.0
4895 347.0
4896 639.0
4897 503.0
4898 503.0
4899 503.0
4900 503.0
4901 251.0
4902 251.0
4903 251.0
4904 251.0
4905 203.0
4906 251.0
4907 42.0
4908 428.0
4909 518.0
4910 347.0
4911 251.0
4912 320.0
4913 336.0
4914 427.0
4915 115.0
4916 251.0
4917 203.0
4918 125.0
4919 347.0
4920 0.0
4921 347.0
4922 203.0
4923 427.0
4924 203.0
4925 229.0
4926 427.0
4927 203.0
4928 427.0
4929 347.0
4930 203.0
4931 251.0
4932 203.0
4933 427.0
4934 427.0
4935 503.0
4936 347.0
4937 503.0
4938 503.0
4939 503.0
4940 503.0
4941 503.0
4942 503.0
4943 503.0
4944 204.0
4945 285.0
4946 347.0
4947 639.0
4948 503.0
4949 503.0
4950 204.0
4951 503.0
4952 251.0
4953 251.0
4954 50.0
4955 251.0
4956 203.0
4957 251.0
4958 11.0
4959 245.0
4960 518.0
4961 428.0
4962 181.0
4963 427.0
4964 103.0
4965 427.0
4966 17.0
4967 203.0
4968 208.0
4969 126.0
4970 169.0
4971 0.0
4972 169.0
4973 347.0
4974 427.0
4975 203.0
4976 229.0
4977 639.0
4978 203.0
4979 251.0
4980 359.0
4981 203.0
4982 203.0
4983 203.0
4984 203.0
4985 360.0
4986 503.0
4987 347.0
4988 503.0
4989 503.0
4990 203.0
4991 503.0
4992 503.0
4993 503.0
4994 503.0
4995 204.0
4996 347.0
4997 503.0
4998 639.0
4999 503.0
5000 503.0
5001 203.0
5002 503.0
5003 203.0
5004 251.0
5005 251.0
5006 251.0
5007 203.0
5008 251.0
5009 203.0
5010 173.0
5011 518.0
5012 428.0
5013 178.0
5014 427.0
5015 203.0
5016 427.0
5017 127.0
5018 183.0
5019 312.0
5020 0.0
5021 153.0
5022 251.0
5023 169.0
5024 427.0
5025 427.0
5026 203.0
5027 251.0
5028 361.0
5029 203.0
5030 251.0
5031 203.0
5032 203.0
5033 0.0
5034 535.0
5035 203.0
5036 427.0
5037 503.0
5038 347.0
5039 503.0
5040 503.0
5041 126.0
5042 204.0
5043 503.0
5044 203.0
5045 503.0
5046 204.0
5047 204.0
5048 503.0
5049 639.0
5050 503.0
5051 503.0
5052 204.0
5053 503.0
5054 251.0
5055 251.0
5056 251.0
5057 251.0
5058 203.0
5059 251.0
5060 22.0
5061 103.0
5062 518.0
5063 347.0
5064 203.0
5065 427.0
5066 2.0
5067 427.0
5068 346.0
5069 109.0
5070 312.0
5071 170.0
5072 347.0
5073 204.0
5074 203.0
5075 203.0
5076 347.0
5077 362.0
5078 203.0
5079 427.0
5080 347.0
5081 347.0
5082 203.0
5083 203.0
5084 203.0
5085 537.0
5086 427.0
5087 204.0
5088 503.0
5089 347.0
5090 503.0
5091 503.0
5092 204.0
5093 503.0
5094 503.0
5095 203.0
5096 503.0
5097 204.0
5098 204.0
5099 347.0
5100 639.0
