1 0.0
2 38.0
3 103.0
4 12.0
5 0.0
6 32.0
7 103.0
8 0.0
9 203.0
10 0.0
11 0.0
12 25.0
13 203.0
14 32.0
15 38.0
16 0.0
17 175.0
18 0.0
19 32.0
20 163.0
21 32.0
22 0.0
23 38.0
24 32.0
25 32.0
26 0.0
27 204.0
28 1.0
29 38.0
30 43.0
31 32.0
32 0.0
33 104.0
34 32.0
35 32.0
36 30.0
37 0.0
38 98.0
39 32.0
40 169.0
41 0.0
42 109.0
43 0.0
44 30.0
45 32.0
46 0.0
47 38.0
48 38.0
49 109.0
50 1.0
51 204.0
52 32.0
53 33.0
54 103.0
55 33.0
56 1.0
57 183.0
58 103.0
59 203.0
60 203.0
61 204.0
62 33.0
63 203.0
64 203.0
65 203.0
66 38.0
67 169.0
68 175.0
69 180.0
70 203.0
71 163.0
72 163.0
73 0.0
74 38.0
75 33.0
76 32.0
77 204.0
78 204.0
79 33.0
80 43.0
81 43.0
82 203.0
83 175.0
84 104.0
85 180.0
86 32.0
87 203.0
88 0.0
89 98.0
90 169.0
91 169.0
92 32.0
93 109.0
94 32.0
95 33.0
96 32.0
97 38.0
98 38.0
99 41.0
100 109.0
101 12.0
102 204.0
103 32.0
104 6.0
105 103.0
106 33.0
107 109.0
108 98.0
109 203.0
110 33.0
111 204.0
112 204.0
113 38.0
114 185.0
115 203.0
116 203.0
117 204.0
118 169.0
119 175.0
120 203.0
121 203.0
122 204.0
123 175.0
124 163.0
125 38.0
126 32.0
127 204.0
128 203.0
129 204.0
130 33.0
131 33.0
132 20.0
133 203.0
134 0.0
135 38.0
136 104.0
137 203.0
138 32.0
139 203.0
140 169.0
141 169.0
142 169.0
143 32.0
144 109.0
145 109.0
146 0.0
147 180.0
148 33.0
149 30.0
150 32.0
151 109.0
152 11.0
153 204.0
154 0.0
155 203.0
156 103.0
157 38.0
158 150.0
159 38.0
160 203.0
161 33.0
162 251.0
163 0.0
164 204.0
165 185.0
166 203.0
167 204.0
168 38.0
169 169.0
170 203.0
171 4.0
172 203.0
173 203.0
174 203.0
175 33.0
176 30.0
177 32.0
178 203.0
179 203.0
180 204.0
181 33.0
182 33.0
183 38.0
184 203.0
185 203.0
186 104.0
187 109.0
188 203.0
189 203.0
190 44.0
191 191.0
192 169.0
193 169.0
194 0.0
195 109.0
196 109.0
197 0.0
198 0.0
199 180.0
200 32.0
201 0.0
202 109.0
203 1.0
204 251.0
205 32.0
206 103.0
207 103.0
208 109.0
209 6.0
210 204.0
211 203.0
212 0.0
213 251.0
214 203.0
215 33.0
216 203.0
217 204.0
218 204.0
219 203.0
220 175.0
221 203.0
222 203.0
223 204.0
224 163.0
225 0.0
226 180.0
227 30.0
228 0.0
229 32.0
230 252.0
231 204.0
232 1.0
233 38.0
234 19.0
235 30.0
236 32.0
237 104.0
238 38.0
239 203.0
240 203.0
241 49.0
242 38.0
243 38.0
244 169.0
245 0.0
246 109.0
247 30.0
248 38.0
249 0.0
250 0.0
251 38.0
252 38.0
253 109.0
254 203.0
255 252.0
256 32.0
257 204.0
258 103.0
259 109.0
260 204.0
261 103.0
262 203.0
263 203.0
264 251.0
265 204.0
266 32.0
267 203.0
268 203.0
269 204.0
270 203.0
271 32.0
272 175.0
273 180.0
274 33.0
275 186.0
276 175.0
277 25.0
278 38.0
279 33.0
280 204.0
281 185.0
282 204.0
283 33.0
284 30.0
285 19.0
286 30.0
287 1.0
288 203.0
289 32.0
290 32.0
291 32.0
292 38.0
293 180.0
294 204.0
295 169.0
296 32.0
297 109.0
298 109.0
299 32.0
300 180.0
301 180.0
302 203.0
303 38.0
304 203.0
305 203.0
306 252.0
307 33.0
308 204.0
309 33.0
310 204.0
311 204.0
312 103.0
313 103.0
314 38.0
315 204.0
316 204.0
317 203.0
318 204.0
319 203.0
320 204.0
321 204.0
322 203.0
323 203.0
324 0.0
325 158.0
326 204.0
327 33.0
328 33.0
329 33.0
330 32.0
331 32.0
332 203.0
333 180.0
334 1.0
335 33.0
336 30.0
337 43.0
338 203.0
339 0.0
340 32.0
341 32.0
342 203.0
343 0.0
344 180.0
345 191.0
346 204.0
347 32.0
348 109.0
349 38.0
350 33.0
351 161.0
352 6.0
353 203.0
354 203.0
355 203.0
356 33.0
357 252.0
358 33.0
359 103.0
360 103.0
361 204.0
362 204.0
363 251.0
364 203.0
365 203.0
366 204.0
367 0.0
368 33.0
369 49.0
370 0.0
371 204.0
372 204.0
373 203.0
374 203.0
375 10.0
376 30.0
377 203.0
378 175.0
379 0.0
380 175.0
381 204.0
382 32.0
383 203.0
384 104.0
385 1.0
386 38.0
387 30.0
388 43.0
389 203.0
390 0.0
391 32.0
392 203.0
393 203.0
394 44.0
395 180.0
396 204.0
397 204.0
398 204.0
399 109.0
400 109.0
401 0.0
402 32.0
403 203.0
404 203.0
405 33.0
406 109.0
407 203.0
408 252.0
409 33.0
410 203.0
411 204.0
412 204.0
413 203.0
414 203.0
415 203.0
416 32.0
417 251.0
418 204.0
419 33.0
420 203.0
421 98.0
422 204.0
423 203.0
424 204.0
425 203.0
426 203.0
427 32.0
428 203.0
429 203.0
430 25.0
431 204.0
432 32.0
433 30.0
434 43.0
435 204.0
436 1.0
437 33.0
438 33.0
439 203.0
440 1.0
441 32.0
442 0.0
443 32.0
444 203.0
445 44.0
446 109.0
447 38.0
448 169.0
449 204.0
450 204.0
451 109.0
452 169.0
453 0.0
454 6.0
455 203.0
456 32.0
457 203.0
458 203.0
459 252.0
460 203.0
461 204.0
462 204.0
463 204.0
464 203.0
465 251.0
466 204.0
467 203.0
468 251.0
469 204.0
470 203.0
471 204.0
472 204.0
473 204.0
474 204.0
475 32.0
476 57.0
477 31.0
478 204.0
479 186.0
480 0.0
481 204.0
482 204.0
483 32.0
484 169.0
485 252.0
486 252.0
487 33.0
488 43.0
489 0.0
490 30.0
491 1.0
492 32.0
493 30.0
494 203.0
495 203.0
496 203.0
497 251.0
498 191.0
499 203.0
500 204.0
501 204.0
502 203.0
503 32.0
504 30.0
505 203.0
506 203.0
507 32.0
508 203.0
509 203.0
510 252.0
511 6.0
512 204.0
513 204.0
514 109.0
515 204.0
516 103.0
517 103.0
518 33.0
519 204.0
520 203.0
521 38.0
522 49.0
523 203.0
524 204.0
525 204.0
526 204.0
527 204.0
528 30.0
529 25.0
530 203.0
531 204.0
532 203.0
533 30.0
534 32.0
535 32.0
536 203.0
537 203.0
538 114.0
539 38.0
540 30.0
541 203.0
542 203.0
543 0.0
544 180.0
545 203.0
546 203.0
547 0.0
548 203.0
549 180.0
550 204.0
551 169.0
552 204.0
553 180.0
554 158.0
555 38.0
556 191.0
557 203.0
558 0.0
559 203.0
560 44.0
561 252.0
562 33.0
563 103.0
564 204.0
565 33.0
566 204.0
567 338.0
568 203.0
569 30.0
570 251.0
571 0.0
572 33.0
573 49.0
574 203.0
575 204.0
576 204.0
577 204.0
578 33.0
579 203.0
580 204.0
581 203.0
582 203.0
583 32.0
584 0.0
585 204.0
586 25.0
587 180.0
588 203.0
589 6.0
590 38.0
591 43.0
592 43.0
593 203.0
594 203.0
595 38.0
596 203.0
597 203.0
598 49.0
599 38.0
600 191.0
601 98.0
602 32.0
603 203.0
604 203.0
605 203.0
606 17.0
607 203.0
608 203.0
609 32.0
610 203.0
611 44.0
612 338.0
613 109.0
614 203.0
615 204.0
616 38.0
617 30.0
618 203.0
619 203.0
620 0.0
621 204.0
622 204.0
623 204.0
624 203.0
625 204.0
626 203.0
627 203.0
628 204.0
629 32.0
630 203.0
631 32.0
632 204.0
633 203.0
634 203.0
635 204.0
636 32.0
637 38.0
638 180.0
639 204.0
640 203.0
641 207.0
642 19.0
643 38.0
644 203.0
645 38.0
646 180.0
647 32.0
648 203.0
649 44.0
650 38.0
651 204.0
652 204.0
653 204.0
654 204.0
655 203.0
656 252.0
657 49.0
658 203.0
659 203.0
660 203.0
661 203.0
662 203.0
663 338.0
664 6.0
665 103.0
666 204.0
667 204.0
668 204.0
669 103.0
670 103.0
671 33.0
672 204.0
673 204.0
674 204.0
675 49.0
676 204.0
677 204.0
678 204.0
679 204.0
680 0.0
681 203.0
682 32.0
683 186.0
684 203.0
685 203.0
686 203.0
687 32.0
688 32.0
689 203.0
690 180.0
691 203.0
692 33.0
693 203.0
694 32.0
695 1.0
696 0.0
697 30.0
698 203.0
699 203.0
700 251.0
701 203.0
702 191.0
703 98.0
704 204.0
705 204.0
706 203.0
707 252.0
708 203.0
709 203.0
710 180.0
711 1.0
712 203.0
713 33.0
714 338.0
715 33.0
716 204.0
717 103.0
718 204.0
719 31.0
720 251.0
721 103.0
722 203.0
723 251.0
724 32.0
725 204.0
726 204.0
727 203.0
728 204.0
729 204.0
730 204.0
731 203.0
732 204.0
733 25.0
734 203.0
735 204.0
736 204.0
737 32.0
738 203.0
739 32.0
740 203.0
741 180.0
742 6.0
743 33.0
744 6.0
745 43.0
746 203.0
747 104.0
748 180.0
749 203.0
750 38.0
751 0.0
752 203.0
753 191.0
754 204.0
755 169.0
756 203.0
757 203.0
758 203.0
759 203.0
760 0.0
761 203.0
762 32.0
763 203.0
764 33.0
765 338.0
766 38.0
767 204.0
768 204.0
769 204.0
770 203.0
771 203.0
772 103.0
773 0.0
774 251.0
775 204.0
776 204.0
777 204.0
778 204.0
779 103.0
780 204.0
781 204.0
782 30.0
783 204.0
784 32.0
785 203.0
786 203.0
787 204.0
788 204.0
789 32.0
790 32.0
791 0.0
792 204.0
793 203.0
794 32.0
795 19.0
796 30.0
797 203.0
798 203.0
799 38.0
800 32.0
801 203.0
802 44.0
803 38.0
804 191.0
805 203.0
806 204.0
807 204.0
808 203.0
809 203.0
810 203.0
811 203.0
812 203.0
813 203.0
814 203.0
815 203.0
816 338.0
817 38.0
818 203.0
819 204.0
820 103.0
821 204.0
822 203.0
823 103.0
824 33.0
825 204.0
826 204.0
827 204.0
828 49.0
829 204.0
830 204.0
831 204.0
832 204.0
833 204.0
834 204.0
835 32.0
836 186.0
837 203.0
838 204.0
839 204.0
840 32.0
841 32.0
842 203.0
843 43.0
844 33.0
845 207.0
846 207.0
847 30.0
848 203.0
849 0.0
850 38.0
851 203.0
852 203.0
853 251.0
854 203.0
855 191.0
856 203.0
857 204.0
858 204.0
859 98.0
860 252.0
861 203.0
862 203.0
863 203.0
864 1.0
865 203.0
866 203.0
867 338.0
868 103.0
869 204.0
870 204.0
871 103.0
872 204.0
873 365.0
874 204.0
875 33.0
876 251.0
877 204.0
878 204.0
879 204.0
880 204.0
881 38.0
882 204.0
883 204.0
884 203.0
885 204.0
886 158.0
887 203.0
888 204.0
889 204.0
890 204.0
891 33.0
892 25.0
893 104.0
894 180.0
895 0.0
896 33.0
897 204.0
898 207.0
899 1.0
900 203.0
901 32.0
902 203.0
903 203.0
904 0.0
905 203.0
906 203.0
907 204.0
908 204.0
909 203.0
910 204.0
911 203.0
912 203.0
913 203.0
914 203.0
915 203.0
916 203.0
917 44.0
918 365.0
919 33.0
920 204.0
921 103.0
922 204.0
923 98.0
924 251.0
925 203.0
926 0.0
927 251.0
928 32.0
929 32.0
930 204.0
931 204.0
932 204.0
933 204.0
934 204.0
935 0.0
936 204.0
937 32.0
938 203.0
939 203.0
940 204.0
941 32.0
942 32.0
943 32.0
944 0.0
945 203.0
946 203.0
947 207.0
948 203.0
949 33.0
950 203.0
951 33.0
952 180.0
953 32.0
954 251.0
955 44.0
956 38.0
957 204.0
958 98.0
959 204.0
960 204.0
961 0.0
962 203.0
963 252.0
964 203.0
965 203.0
966 203.0
967 203.0
968 203.0
969 365.0
970 103.0
971 204.0
972 103.0
973 103.0
974 204.0
975 251.0
976 203.0
977 1.0
978 204.0
979 204.0
980 32.0
981 204.0
982 204.0
983 103.0
984 204.0
985 204.0
986 0.0
987 204.0
988 203.0
989 186.0
990 203.0
991 203.0
992 204.0
993 204.0
994 204.0
995 114.0
996 203.0
997 32.0
998 38.0
999 0.0
1000 43.0
1001 207.0
1002 203.0
1003 180.0
1004 0.0
1005 25.0
1006 0.0
1007 38.0
1008 32.0
1009 204.0
1010 204.0
1011 204.0
1012 203.0
1013 252.0
1014 203.0
1015 203.0
1016 203.0
1017 203.0
1018 203.0
1019 203.0
1020 365.0
1021 38.0
1022 204.0
1023 204.0
1024 98.0
1025 203.0
1026 251.0
1027 103.0
1028 203.0
1029 204.0
1030 204.0
1031 204.0
1032 49.0
1033 204.0
1034 103.0
1035 204.0
1036 204.0
1037 203.0
1038 204.0
1039 204.0
1040 203.0
1041 204.0
1042 204.0
1043 204.0
1044 33.0
1045 203.0
1046 204.0
1047 180.0
1048 203.0
1049 207.0
1050 207.0
1051 203.0
1052 203.0
1053 30.0
1054 30.0
1055 203.0
1056 25.0
1057 38.0
1058 203.0
1059 203.0
1060 204.0
1061 204.0
1062 204.0
1063 204.0
1064 252.0
1065 252.0
1066 203.0
1067 203.0
1068 49.0
1069 203.0
1070 44.0
1071 365.0
1072 204.0
1073 204.0
1074 103.0
1075 103.0
1076 204.0
1077 251.0
1078 203.0
1079 0.0
1080 251.0
1081 32.0
1082 203.0
1083 204.0
1084 204.0
1085 204.0
1086 204.0
1087 204.0
1088 204.0
1089 204.0
1090 32.0
1091 203.0
1092 204.0
1093 204.0
1094 32.0
1095 33.0
1096 32.0
1097 204.0
1098 203.0
1099 0.0
1100 207.0
1101 204.0
1102 44.0
1103 207.0
1104 203.0
1105 32.0
1106 32.0
1107 203.0
1108 49.0
1109 203.0
1110 204.0
1111 169.0
1112 204.0
1113 203.0
1114 203.0
1115 203.0
1116 203.0
1117 203.0
1118 203.0
1119 203.0
1120 203.0
1121 203.0
1122 365.0
1123 33.0
1124 204.0
1125 204.0
1126 204.0
1127 0.0
1128 251.0
1129 203.0
1130 203.0
1131 251.0
1132 203.0
1133 203.0
1134 204.0
1135 204.0
1136 38.0
1137 204.0
1138 204.0
1139 30.0
1140 204.0
1141 204.0
1142 203.0
1143 203.0
1144 203.0
1145 204.0
1146 32.0
1147 32.0
1148 6.0
1149 114.0
1150 203.0
1151 207.0
1152 203.0
1153 207.0
1154 207.0
1155 30.0
1156 180.0
1157 203.0
1158 25.0
1159 0.0
1160 49.0
1161 38.0
1162 191.0
1163 204.0
1164 204.0
1165 204.0
1166 252.0
1167 252.0
1168 203.0
1169 203.0
1170 203.0
1171 203.0
1172 33.0
1173 365.0
1174 6.0
1175 204.0
1176 204.0
1177 204.0
1178 203.0
1179 203.0
1180 103.0
1181 1.0
1182 204.0
1183 204.0
1184 33.0
1185 204.0
1186 204.0
1187 103.0
1188 204.0
1189 204.0
1190 203.0
1191 204.0
1192 203.0
1193 203.0
1194 203.0
1195 204.0
1196 204.0
1197 32.0
1198 204.0
1199 104.0
1200 180.0
1201 114.0
1202 207.0
1203 33.0
1204 207.0
1205 125.0
1206 203.0
1207 180.0
1208 25.0
1209 25.0
1210 38.0
1211 38.0
1212 32.0
1213 203.0
1214 204.0
1215 203.0
1216 204.0
1217 203.0
1218 203.0
1219 203.0
1220 203.0
1221 203.0
1222 203.0
1223 30.0
1224 365.0
1225 33.0
1226 204.0
1227 204.0
1228 103.0
1229 204.0
1230 251.0
1231 103.0
1232 203.0
1233 251.0
1234 204.0
1235 44.0
1236 204.0
1237 204.0
1238 204.0
1239 204.0
1240 204.0
1241 30.0
1242 204.0
1243 204.0
1244 163.0
1245 204.0
1246 204.0
1247 204.0
1248 32.0
1249 93.0
1250 33.0
1251 203.0
1252 180.0
1253 207.0
1254 207.0
1255 44.0
1256 203.0
1257 43.0
1258 203.0
1259 203.0
1260 203.0
1261 44.0
1262 203.0
1263 169.0
1264 204.0
1265 204.0
1266 204.0
1267 204.0
1268 203.0
1269 203.0
1270 203.0
1271 180.0
1272 203.0
1273 203.0
1274 33.0
1275 365.0
1276 33.0
1277 204.0
1278 204.0
1279 103.0
1280 204.0
1281 203.0
1282 203.0
1283 0.0
1284 251.0
1285 203.0
1286 33.0
1287 204.0
1288 204.0
1289 38.0
1290 204.0
1291 204.0
1292 32.0
1293 204.0
1294 32.0
1295 203.0
1296 204.0
1297 203.0
1298 32.0
1299 204.0
1300 103.0
1301 203.0
1302 203.0
1303 203.0
1304 207.0
1305 203.0
1306 203.0
1307 75.0
1308 209.0
1309 32.0
1310 32.0
1311 203.0
1312 0.0
1313 203.0
1314 204.0
1315 204.0
1316 204.0
1317 203.0
1318 204.0
1319 203.0
1320 203.0
1321 203.0
1322 203.0
1323 203.0
1324 203.0
1325 33.0
1326 365.0
1327 203.0
1328 204.0
1329 204.0
1330 204.0
1331 0.0
1332 203.0
1333 103.0
1334 1.0
1335 204.0
1336 204.0
1337 38.0
1338 204.0
1339 204.0
1340 103.0
1341 204.0
1342 204.0
1343 203.0
1344 204.0
1345 204.0
1346 203.0
1347 203.0
1348 204.0
1349 204.0
1350 33.0
1351 186.0
1352 180.0
1353 180.0
1354 33.0
1355 207.0
1356 203.0
1357 203.0
1358 75.0
1359 203.0
1360 32.0
1361 251.0
1362 25.0
1363 0.0
1364 49.0
1365 204.0
1366 204.0
1367 204.0
1368 203.0
1369 204.0
1370 252.0
1371 252.0
1372 204.0
1373 203.0
1374 33.0
1375 203.0
1376 33.0
1377 365.0
1378 203.0
1379 204.0
1380 204.0
1381 204.0
1382 204.0
1383 251.0
1384 103.0
1385 0.0
1386 251.0
1387 204.0
1388 33.0
1389 204.0
1390 204.0
1391 204.0
1392 204.0
1393 204.0
1394 0.0
1395 204.0
1396 204.0
1397 186.0
1398 203.0
1399 204.0
1400 204.0
1401 32.0
1402 204.0
1403 203.0
1404 180.0
1405 203.0
1406 207.0
1407 33.0
1408 33.0
1409 125.0
1410 207.0
1411 38.0
1412 32.0
1413 203.0
1414 49.0
1415 251.0
1416 32.0
1417 204.0
1418 204.0
1419 204.0
1420 204.0
1421 203.0
1422 203.0
1423 203.0
1424 203.0
1425 203.0
1426 203.0
1427 32.0
1428 365.0
1429 33.0
1430 204.0
1431 204.0
1432 103.0
1433 204.0
1434 251.0
1435 203.0
1436 203.0
1437 251.0
1438 0.0
1439 32.0
1440 204.0
1441 204.0
1442 204.0
1443 204.0
1444 204.0
1445 33.0
1446 204.0
1447 32.0
1448 186.0
1449 204.0
1450 203.0
1451 204.0
1452 32.0
1453 203.0
1454 203.0
1455 114.0
1456 180.0
1457 207.0
1458 203.0
1459 203.0
1460 207.0
1461 75.0
1462 32.0
1463 32.0
1464 251.0
1465 0.0
1466 49.0
1467 204.0
1468 169.0
1469 204.0
1470 204.0
1471 251.0
1472 252.0
1473 203.0
1474 204.0
1475 203.0
1476 203.0
1477 203.0
1478 203.0
1479 365.0
1480 33.0
1481 204.0
1482 204.0
1483 103.0
1484 204.0
1485 251.0
1486 103.0
1487 1.0
1488 204.0
1489 203.0
1490 33.0
1491 204.0
1492 204.0
1493 204.0
1494 204.0
1495 204.0
1496 32.0
1497 204.0
1498 204.0
1499 203.0
1500 204.0
1501 204.0
1502 204.0
1503 33.0
1504 203.0
1505 203.0
1506 203.0
1507 203.0
1508 207.0
1509 207.0
1510 203.0
1511 75.0
1512 203.0
1513 33.0
1514 32.0
1515 25.0
1516 38.0
1517 49.0
1518 125.0
1519 98.0
1520 204.0
1521 251.0
1522 252.0
1523 252.0
1524 203.0
1525 252.0
1526 204.0
1527 203.0
1528 203.0
1529 38.0
1530 365.0
1531 33.0
1532 204.0
1533 204.0
1534 204.0
1535 204.0
1536 251.0
1537 103.0
1538 0.0
1539 251.0
1540 204.0
1541 33.0
1542 204.0
1543 204.0
1544 203.0
1545 204.0
1546 204.0
1547 44.0
1548 204.0
1549 204.0
1550 204.0
1551 204.0
1552 204.0
1553 204.0
1554 32.0
1555 0.0
1556 203.0
1557 180.0
1558 203.0
1559 207.0
1560 33.0
1561 44.0
1562 207.0
1563 203.0
1564 38.0
1565 32.0
1566 25.0
1567 44.0
1568 251.0
1569 38.0
1570 204.0
1571 251.0
1572 204.0
1573 204.0
1574 38.0
1575 203.0
1576 252.0
1577 204.0
1578 204.0
1579 203.0
1580 203.0
1581 365.0
1582 203.0
1583 204.0
1584 204.0
1585 103.0
1586 204.0
1587 251.0
1588 103.0
1589 203.0
1590 251.0
1591 204.0
1592 33.0
1593 204.0
1594 204.0
1595 204.0
1596 204.0
1597 204.0
1598 30.0
1599 204.0
1600 32.0
1601 186.0
1602 203.0
1603 204.0
1604 204.0
1605 32.0
1606 32.0
1607 203.0
1608 203.0
1609 114.0
1610 207.0
1611 204.0
1612 33.0
1613 75.0
1614 30.0
1615 38.0
1616 32.0
1617 203.0
1618 38.0
1619 251.0
1620 38.0
1621 251.0
1622 251.0
1623 204.0
1624 204.0
1625 158.0
1626 252.0
1627 252.0
1628 204.0
1629 203.0
1630 204.0
1631 33.0
1632 365.0
1633 33.0
1634 204.0
1635 204.0
1636 103.0
1637 204.0
1638 338.0
1639 30.0
1640 1.0
1641 251.0
1642 0.0
1643 204.0
1644 204.0
1645 204.0
1646 204.0
1647 204.0
1648 204.0
1649 32.0
1650 204.0
1651 204.0
1652 203.0
1653 203.0
1654 204.0
1655 204.0
1656 32.0
1657 203.0
1658 203.0
1659 203.0
1660 180.0
1661 207.0
1662 204.0
1663 43.0
1664 75.0
1665 43.0
1666 32.0
1667 32.0
1668 25.0
1669 0.0
1670 49.0
1671 251.0
1672 252.0
1673 203.0
1674 204.0
1675 251.0
1676 204.0
1677 203.0
1678 252.0
1679 203.0
1680 203.0
1681 203.0
1682 204.0
1683 365.0
1684 33.0
1685 204.0
1686 204.0
1687 204.0
1688 204.0
1689 251.0
1690 30.0
1691 0.0
1692 251.0
1693 204.0
1694 204.0
1695 204.0
1696 204.0
1697 204.0
1698 204.0
1699 204.0
1700 203.0
1701 204.0
1702 204.0
1703 203.0
1704 204.0
1705 204.0
1706 204.0
1707 204.0
1708 0.0
1709 203.0
1710 203.0
1711 203.0
1712 207.0
1713 19.0
1714 203.0
1715 75.0
1716 203.0
1717 32.0
1718 203.0
1719 203.0
1720 0.0
1721 251.0
1722 252.0
1723 251.0
1724 251.0
1725 251.0
1726 251.0
1727 252.0
1728 251.0
1729 252.0
1730 204.0
1731 203.0
1732 203.0
1733 33.0
1734 365.0
1735 203.0
1736 204.0
1737 204.0
1738 204.0
1739 204.0
1740 365.0
1741 103.0
1742 251.0
1743 251.0
1744 204.0
1745 32.0
1746 204.0
1747 204.0
1748 204.0
1749 204.0
1750 204.0
1751 0.0
1752 204.0
1753 32.0
1754 186.0
1755 204.0
1756 204.0
1757 204.0
1758 32.0
1759 32.0
1760 204.0
1761 180.0
1762 203.0
1763 207.0
1764 25.0
1765 203.0
1766 145.0
1767 203.0
1768 32.0
1769 231.0
1770 203.0
1771 38.0
1772 252.0
1773 251.0
1774 251.0
1775 252.0
1776 204.0
1777 251.0
1778 169.0
1779 186.0
1780 252.0
1781 204.0
1782 203.0
1783 204.0
1784 203.0
1785 365.0
1786 33.0
1787 204.0
1788 204.0
1789 103.0
1790 204.0
1791 387.0
1792 103.0
1793 1.0
1794 251.0
1795 0.0
1796 204.0
1797 204.0
1798 204.0
1799 204.0
1800 204.0
1801 204.0
1802 204.0
1803 204.0
1804 32.0
1805 203.0
1806 203.0
1807 204.0
1808 32.0
1809 33.0
1810 32.0
1811 203.0
1812 203.0
1813 203.0
1814 207.0
1815 204.0
1816 38.0
1817 207.0
1818 43.0
1819 49.0
1820 38.0
1821 25.0
1822 252.0
1823 252.0
1824 252.0
1825 251.0
1826 252.0
1827 251.0
1828 204.0
1829 252.0
1830 252.0
1831 252.0
1832 203.0
1833 204.0
1834 204.0
1835 30.0
1836 387.0
1837 33.0
1838 204.0
1839 204.0
1840 103.0
1841 204.0
1842 338.0
1843 203.0
1844 1.0
1845 251.0
1846 0.0
1847 203.0
1848 204.0
1849 204.0
1850 204.0
1851 204.0
1852 204.0
1853 30.0
1854 204.0
1855 204.0
1856 203.0
1857 204.0
1858 204.0
1859 204.0
1860 33.0
1861 0.0
1862 43.0
1863 252.0
1864 203.0
1865 207.0
1866 33.0
1867 33.0
1868 207.0
1869 125.0
1870 32.0
1871 251.0
1872 252.0
1873 251.0
1874 252.0
1875 252.0
1876 252.0
1877 252.0
1878 204.0
1879 204.0
1880 252.0
1881 252.0
1882 252.0
1883 203.0
1884 203.0
1885 203.0
1886 204.0
1887 387.0
1888 203.0
1889 204.0
1890 204.0
1891 103.0
1892 204.0
1893 332.0
1894 203.0
1895 203.0
1896 251.0
1897 204.0
1898 204.0
1899 204.0
1900 204.0
1901 203.0
1902 204.0
1903 204.0
1904 0.0
1905 204.0
1906 204.0
1907 203.0
1908 204.0
1909 204.0
1910 32.0
1911 32.0
1912 203.0
1913 203.0
1914 203.0
1915 114.0
1916 207.0
1917 33.0
1918 30.0
1919 203.0
1920 203.0
1921 251.0
1922 251.0
1923 251.0
1924 251.0
1925 252.0
1926 251.0
1927 252.0
1928 251.0
1929 204.0
1930 251.0
1931 203.0
1932 202.0
1933 252.0
1934 203.0
1935 203.0
1936 204.0
1937 33.0
1938 387.0
1939 33.0
1940 204.0
1941 204.0
1942 204.0
1943 204.0
1944 338.0
1945 103.0
1946 203.0
1947 251.0
1948 204.0
1949 32.0
1950 204.0
1951 204.0
1952 204.0
1953 204.0
1954 204.0
1955 203.0
1956 204.0
1957 32.0
1958 204.0
1959 203.0
1960 204.0
1961 32.0
1962 32.0
1963 32.0
1964 203.0
1965 203.0
1966 38.0
1967 207.0
1968 33.0
1969 33.0
1970 30.0
1971 103.0
1972 0.0
1973 204.0
1974 252.0
1975 251.0
1976 252.0
1977 252.0
1978 251.0
1979 252.0
1980 204.0
1981 252.0
1982 203.0
1983 252.0
1984 252.0
1985 203.0
1986 203.0
1987 203.0
1988 33.0
1989 387.0
1990 33.0
1991 204.0
1992 204.0
1993 204.0
1994 31.0
1995 332.0
1996 103.0
1997 1.0
1998 251.0
1999 251.0
2000 204.0
2001 204.0
2002 204.0
2003 204.0
2004 204.0
2005 204.0
2006 204.0
2007 204.0
2008 32.0
2009 203.0
2010 204.0
2011 204.0
2012 204.0
2013 32.0
2014 0.0
2015 180.0
2016 252.0
2017 203.0
2018 207.0
2019 207.0
2020 30.0
2021 38.0
2022 30.0
2023 38.0
2024 252.0
2025 251.0
2026 251.0
2027 252.0
2028 252.0
2029 252.0
2030 252.0
2031 204.0
2032 252.0
2033 252.0
2034 186.0
2035 252.0
2036 203.0
2037 203.0
2038 203.0
2039 204.0
2040 387.0
2041 103.0
2042 204.0
2043 204.0
2044 103.0
2045 204.0
2046 338.0
2047 203.0
2048 1.0
2049 204.0
2050 0.0
2051 203.0
2052 204.0
2053 204.0
2054 204.0
2055 204.0
2056 204.0
2057 0.0
2058 204.0
2059 32.0
2060 203.0
2061 204.0
2062 204.0
2063 204.0
2064 33.0
2065 33.0
2066 180.0
2067 252.0
2068 203.0
2069 207.0
2070 10.0
2071 33.0
2072 38.0
2073 63.0
2074 252.0
2075 251.0
2076 251.0
2077 251.0
2078 252.0
2079 252.0
2080 252.0
2081 252.0
2082 204.0
2083 252.0
2084 252.0
2085 252.0
2086 252.0
2087 203.0
2088 203.0
2089 203.0
2090 203.0
2091 387.0
2092 203.0
2093 204.0
2094 204.0
2095 103.0
2096 204.0
2097 387.0
2098 203.0
2099 0.0
2100 204.0
2101 204.0
2102 251.0
2103 204.0
2104 204.0
2105 203.0
2106 204.0
2107 204.0
2108 203.0
2109 204.0
2110 204.0
2111 203.0
2112 204.0
2113 204.0
2114 32.0
2115 204.0
2116 32.0
2117 203.0
2118 252.0
2119 203.0
2120 207.0
2121 33.0
2122 33.0
2123 38.0
2124 252.0
2125 252.0
2126 251.0
2127 252.0
2128 251.0
2129 252.0
2130 252.0
2131 252.0
2132 251.0
2133 204.0
2134 251.0
2135 169.0
2136 252.0
2137 252.0
2138 203.0
2139 203.0
2140 203.0
2141 33.0
2142 387.0
2143 203.0
2144 204.0
2145 204.0
2146 204.0
2147 204.0
2148 332.0
2149 103.0
2150 1.0
2151 251.0
2152 204.0
2153 203.0
2154 204.0
2155 204.0
2156 204.0
2157 204.0
2158 204.0
2159 0.0
2160 204.0
2161 204.0
2162 204.0
2163 204.0
2164 204.0
2165 32.0
2166 32.0
2167 32.0
2168 203.0
2169 203.0
2170 6.0
2171 207.0
2172 207.0
2173 33.0
2174 251.0
2175 252.0
2176 252.0
2177 251.0
2178 252.0
2179 251.0
2180 252.0
2181 252.0
2182 251.0
2183 252.0
2184 186.0
2185 252.0
2186 158.0
2187 191.0
2188 252.0
2189 203.0
2190 203.0
2191 203.0
2192 33.0
2193 387.0
2194 33.0
2195 204.0
2196 204.0
2197 204.0
2198 30.0
2199 387.0
2200 103.0
2201 1.0
2202 251.0
2203 203.0
2204 203.0
2205 49.0
2206 204.0
2207 204.0
2208 204.0
2209 204.0
2210 0.0
2211 204.0
2212 32.0
2213 203.0
2214 204.0
2215 204.0
2216 204.0
2217 33.0
2218 0.0
2219 204.0
2220 203.0
2221 203.0
2222 207.0
2223 203.0
2224 44.0
2225 252.0
2226 252.0
2227 251.0
2228 204.0
2229 251.0
2230 251.0
2231 252.0
2232 251.0
2233 252.0
2234 252.0
2235 203.0
2236 252.0
2237 204.0
2238 252.0
2239 252.0
2240 203.0
2241 203.0
2242 203.0
2243 203.0
2244 387.0
2245 103.0
2246 204.0
2247 204.0
2248 103.0
2249 204.0
2250 387.0
2251 203.0
2252 203.0
2253 204.0
2254 203.0
2255 203.0
2256 49.0
2257 204.0
2258 204.0
2259 204.0
2260 204.0
2261 203.0
2262 204.0
2263 32.0
2264 203.0
2265 203.0
2266 204.0
2267 203.0
2268 33.0
2269 203.0
2270 114.0
2271 252.0
2272 203.0
2273 207.0
2274 33.0
2275 252.0
2276 252.0
2277 251.0
2278 252.0
2279 251.0
2280 252.0
2281 251.0
2282 252.0
2283 252.0
2284 251.0
2285 251.0
2286 203.0
2287 251.0
2288 252.0
2289 252.0
2290 252.0
2291 203.0
2292 203.0
2293 203.0
2294 203.0
2295 387.0
2296 203.0
2297 204.0
2298 204.0
2299 103.0
2300 204.0
2301 332.0
2302 103.0
2303 0.0
2304 204.0
2305 251.0
2306 203.0
2307 49.0
2308 204.0
2309 204.0
2310 204.0
2311 204.0
2312 0.0
2313 204.0
2314 204.0
2315 204.0
2316 203.0
2317 204.0
2318 32.0
2319 204.0
2320 32.0
2321 43.0
2322 203.0
2323 203.0
2324 207.0
2325 251.0
2326 251.0
2327 252.0
2328 252.0
2329 252.0
2330 251.0
2331 252.0
2332 251.0
2333 252.0
2334 252.0
2335 251.0
2336 251.0
2337 203.0
2338 252.0
2339 252.0
2340 252.0
2341 252.0
2342 203.0
2343 203.0
2344 203.0
2345 204.0
2346 387.0
2347 103.0
2348 204.0
2349 204.0
2350 204.0
2351 103.0
2352 387.0
2353 204.0
2354 32.0
2355 251.0
2356 204.0
2357 251.0
2358 203.0
2359 204.0
2360 204.0
2361 204.0
2362 204.0
2363 0.0
2364 204.0
2365 204.0
2366 186.0
2367 204.0
2368 204.0
2369 32.0
2370 32.0
2371 203.0
2372 180.0
2373 203.0
2374 114.0
2375 251.0
2376 251.0
2377 251.0
2378 252.0
2379 252.0
2380 251.0
2381 252.0
2382 251.0
2383 251.0
2384 252.0
2385 252.0
2386 252.0
2387 252.0
2388 204.0
2389 252.0
2390 186.0
2391 191.0
2392 252.0
2393 203.0
2394 203.0
2395 203.0
2396 33.0
2397 387.0
2398 33.0
2399 204.0
2400 204.0
2401 204.0
2402 33.0
2403 387.0
2404 103.0
2405 1.0
2406 251.0
2407 204.0
2408 251.0
2409 204.0
2410 204.0
2411 204.0
2412 204.0
2413 204.0
2414 0.0
2415 204.0
2416 32.0
2417 203.0
2418 203.0
2419 204.0
2420 203.0
2421 33.0
2422 0.0
2423 104.0
2424 203.0
2425 38.0
2426 252.0
2427 252.0
2428 252.0
2429 252.0
2430 251.0
2431 252.0
2432 251.0
2433 251.0
2434 251.0
2435 252.0
2436 251.0
2437 251.0
2438 252.0
2439 203.0
2440 252.0
2441 186.0
2442 252.0
2443 252.0
2444 203.0
2445 203.0
2446 203.0
2447 203.0
2448 387.0
2449 204.0
2450 204.0
2451 204.0
2452 204.0
2453 204.0
2454 387.0
2455 103.0
2456 0.0
2457 204.0
2458 204.0
2459 251.0
2460 204.0
2461 204.0
2462 204.0
2463 204.0
2464 204.0
2465 204.0
2466 204.0
2467 32.0
2468 203.0
2469 203.0
2470 204.0
2471 32.0
2472 204.0
2473 33.0
2474 114.0
2475 203.0
2476 251.0
2477 252.0
2478 251.0
2479 251.0
2480 252.0
2481 252.0
2482 252.0
2483 251.0
2484 251.0
2485 252.0
2486 252.0
2487 251.0
2488 252.0
2489 252.0
2490 204.0
2491 251.0
2492 252.0
2493 252.0
2494 252.0
2495 203.0
2496 204.0
2497 203.0
2498 115.0
2499 387.0
2500 203.0
2501 204.0
2502 204.0
2503 204.0
2504 204.0
2505 387.0
2506 103.0
2507 1.0
2508 204.0
2509 204.0
2510 251.0
2511 203.0
2512 204.0
2513 204.0
2514 204.0
2515 204.0
2516 204.0
2517 204.0
2518 203.0
2519 204.0
2520 204.0
2521 204.0
2522 32.0
2523 32.0
2524 33.0
2525 180.0
2526 203.0
2527 251.0
2528 252.0
2529 252.0
2530 252.0
2531 252.0
2532 252.0
2533 252.0
2534 251.0
2535 252.0
2536 251.0
2537 252.0
2538 252.0
2539 251.0
2540 251.0
2541 203.0
2542 252.0
2543 252.0
2544 252.0
2545 252.0
2546 203.0
2547 204.0
2548 203.0
2549 38.0
2550 387.0
2551 33.0
2552 204.0
2553 204.0
2554 204.0
2555 204.0
2556 387.0
2557 204.0
2558 203.0
2559 251.0
2560 204.0
2561 251.0
2562 103.0
2563 204.0
2564 204.0
2565 204.0
2566 204.0
2567 204.0
2568 204.0
2569 203.0
2570 203.0
2571 204.0
2572 204.0
2573 204.0
2574 32.0
2575 98.0
2576 43.0
2577 203.0
2578 251.0
2579 252.0
2580 252.0
2581 44.0
2582 252.0
2583 251.0
2584 251.0
2585 251.0
2586 251.0
2587 251.0
2588 252.0
2589 252.0
2590 252.0
2591 252.0
2592 251.0
2593 252.0
2594 203.0
2595 252.0
2596 252.0
2597 203.0
2598 204.0
2599 203.0
2600 33.0
2601 387.0
2602 33.0
2603 204.0
2604 204.0
2605 204.0
2606 231.0
2607 387.0
2608 103.0
2609 32.0
2610 251.0
2611 204.0
2612 251.0
2613 33.0
2614 204.0
2615 204.0
2616 204.0
2617 204.0
2618 0.0
2619 203.0
2620 32.0
2621 203.0
2622 204.0
2623 204.0
2624 30.0
2625 33.0
2626 203.0
2627 180.0
2628 252.0
2629 252.0
2630 251.0
2631 251.0
2632 252.0
2633 252.0
2634 252.0
2635 252.0
2636 251.0
2637 251.0
2638 252.0
2639 252.0
2640 252.0
2641 251.0
2642 252.0
2643 204.0
2644 251.0
2645 180.0
2646 252.0
2647 252.0
2648 203.0
2649 204.0
2650 203.0
2651 38.0
2652 387.0
2653 33.0
2654 204.0
2655 204.0
2656 103.0
2657 203.0
2658 387.0
2659 93.0
2660 203.0
2661 251.0
2662 251.0
2663 251.0
2664 38.0
2665 204.0
2666 204.0
2667 204.0
2668 204.0
2669 204.0
2670 203.0
2671 204.0
2672 204.0
2673 204.0
2674 204.0
2675 32.0
2676 33.0
2677 0.0
2678 203.0
2679 203.0
2680 252.0
2681 252.0
2682 251.0
2683 251.0
2684 252.0
2685 252.0
2686 252.0
2687 252.0
2688 251.0
2689 251.0
2690 252.0
2691 252.0
2692 252.0
2693 251.0
2694 204.0
2695 252.0
2696 252.0
2697 252.0
2698 252.0
2699 203.0
2700 203.0
2701 203.0
2702 32.0
2703 387.0
2704 103.0
2705 204.0
2706 204.0
2707 103.0
2708 103.0
2709 387.0
2710 103.0
2711 203.0
2712 251.0
2713 204.0
2714 251.0
2715 204.0
2716 204.0
2717 204.0
2718 204.0
2719 204.0
2720 204.0
2721 204.0
2722 204.0
2723 203.0
2724 204.0
2725 204.0
2726 204.0
2727 204.0
2728 203.0
2729 203.0
2730 203.0
2731 252.0
2732 252.0
2733 252.0
2734 252.0
2735 252.0
2736 251.0
2737 252.0
2738 251.0
2739 251.0
2740 251.0
2741 252.0
2742 252.0
2743 251.0
2744 251.0
2745 204.0
2746 252.0
2747 251.0
2748 252.0
2749 252.0
2750 203.0
2751 203.0
2752 203.0
2753 38.0
2754 387.0
2755 204.0
2756 204.0
2757 204.0
2758 98.0
2759 32.0
2760 387.0
2761 103.0
2762 203.0
2763 251.0
2764 204.0
2765 203.0
2766 204.0
2767 204.0
2768 204.0
2769 204.0
2770 204.0
2771 204.0
2772 203.0
2773 32.0
2774 204.0
2775 204.0
2776 204.0
2777 32.0
2778 32.0
2779 32.0
2780 180.0
2781 203.0
2782 252.0
2783 252.0
2784 252.0
2785 252.0
2786 252.0
2787 252.0
2788 251.0
2789 252.0
2790 251.0
2791 252.0
2792 252.0
2793 252.0
2794 251.0
2795 252.0
2796 186.0
2797 252.0
2798 252.0
2799 252.0
2800 252.0
2801 203.0
2802 204.0
2803 203.0
2804 38.0
2805 387.0
2806 33.0
2807 204.0
2808 204.0
2809 204.0
2810 203.0
2811 387.0
2812 93.0
2813 0.0
2814 251.0
2815 1.0
2816 251.0
2817 204.0
2818 204.0
2819 204.0
2820 204.0
2821 204.0
2822 0.0
2823 203.0
2824 204.0
2825 204.0
2826 204.0
2827 204.0
2828 204.0
2829 33.0
2830 38.0
2831 180.0
2832 203.0
2833 252.0
2834 252.0
2835 251.0
2836 251.0
2837 252.0
2838 252.0
2839 251.0
2840 251.0
2841 251.0
2842 251.0
2843 252.0
2844 252.0
2845 252.0
2846 252.0
2847 204.0
2848 252.0
2849 158.0
2850 252.0
2851 252.0
2852 203.0
2853 203.0
2854 203.0
2855 204.0
2856 387.0
2857 33.0
2858 204.0
2859 204.0
2860 103.0
2861 203.0
2862 387.0
2863 30.0
2864 1.0
2865 251.0
2866 204.0
2867 251.0
2868 203.0
2869 204.0
2870 204.0
2871 204.0
2872 204.0
2873 204.0
2874 204.0
2875 204.0
2876 204.0
2877 204.0
2878 204.0
2879 203.0
2880 32.0
2881 203.0
2882 114.0
2883 203.0
2884 251.0
2885 252.0
2886 251.0
2887 252.0
2888 252.0
2889 252.0
2890 252.0
2891 251.0
2892 251.0
2893 251.0
2894 252.0
2895 252.0
2896 251.0
2897 252.0
2898 186.0
2899 252.0
2900 204.0
2901 252.0
2902 252.0
2903 203.0
2904 203.0
2905 203.0
2906 33.0
2907 387.0
2908 103.0
2909 204.0
2910 204.0
2911 103.0
2912 103.0
2913 387.0
2914 103.0
2915 32.0
2916 251.0
2917 251.0
2918 251.0
2919 204.0
2920 204.0
2921 204.0
2922 204.0
2923 204.0
2924 204.0
2925 204.0
2926 32.0
2927 203.0
2928 204.0
2929 204.0
2930 204.0
2931 32.0
2932 33.0
2933 252.0
2934 203.0
2935 252.0
2936 252.0
2937 251.0
2938 252.0
2939 252.0
2940 252.0
2941 252.0
2942 251.0
2943 251.0
2944 251.0
2945 252.0
2946 252.0
2947 251.0
2948 252.0
2949 203.0
2950 252.0
2951 204.0
2952 252.0
2953 252.0
2954 203.0
2955 203.0
2956 203.0
2957 33.0
2958 387.0
2959 204.0
2960 204.0
2961 204.0
2962 203.0
2963 203.0
2964 387.0
2965 30.0
2966 203.0
2967 251.0
2968 203.0
2969 251.0
2970 49.0
2971 204.0
2972 204.0
2973 204.0
2974 204.0
2975 0.0
2976 203.0
2977 32.0
2978 203.0
2979 204.0
2980 204.0
2981 32.0
2982 32.0
2983 204.0
2984 180.0
2985 203.0
2986 252.0
2987 251.0
2988 251.0
2989 251.0
2990 252.0
2991 252.0
2992 251.0
2993 251.0
2994 251.0
2995 251.0
2996 252.0
2997 252.0
2998 251.0
2999 252.0
3000 203.0
3001 252.0
3002 252.0
3003 252.0
3004 252.0
3005 203.0
3006 204.0
3007 203.0
3008 38.0
3009 387.0
3010 33.0
3011 204.0
3012 204.0
3013 204.0
3014 125.0
3015 387.0
3016 93.0
3017 251.0
3018 251.0
3019 203.0
3020 251.0
3021 204.0
3022 204.0
3023 204.0
3024 204.0
3025 204.0
3026 204.0
3027 204.0
3028 204.0
3029 204.0
3030 204.0
3031 204.0
3032 204.0
3033 33.0
3034 203.0
3035 203.0
3036 203.0
3037 252.0
3038 252.0
3039 251.0
3040 252.0
3041 252.0
3042 251.0
3043 252.0
3044 251.0
3045 251.0
3046 252.0
3047 252.0
3048 252.0
3049 252.0
3050 252.0
3051 0.0
3052 252.0
3053 203.0
3054 252.0
3055 252.0
3056 203.0
3057 203.0
3058 203.0
3059 203.0
3060 387.0
3061 204.0
3062 204.0
3063 204.0
3064 204.0
3065 203.0
3066 387.0
3067 103.0
3068 203.0
3069 251.0
3070 204.0
3071 251.0
3072 203.0
3073 204.0
3074 204.0
3075 204.0
3076 204.0
3077 204.0
3078 204.0
3079 32.0
3080 203.0
3081 204.0
3082 204.0
3083 204.0
3084 32.0
3085 203.0
3086 203.0
3087 203.0
3088 251.0
3089 252.0
3090 251.0
3091 252.0
3092 252.0
3093 252.0
3094 252.0
3095 251.0
3096 251.0
3097 251.0
3098 252.0
3099 252.0
3100 251.0
3101 252.0
3102 44.0
3103 252.0
3104 252.0
3105 252.0
3106 252.0
3107 203.0
3108 203.0
3109 203.0
3110 38.0
3111 387.0
3112 203.0
3113 204.0
3114 204.0
3115 31.0
3116 98.0
3117 387.0
3118 103.0
3119 203.0
3120 251.0
3121 251.0
3122 251.0
3123 204.0
3124 204.0
3125 204.0
3126 204.0
3127 204.0
3128 0.0
3129 203.0
3130 204.0
3131 203.0
3132 204.0
3133 204.0
3134 32.0
3135 32.0
3136 204.0
3137 203.0
3138 180.0
3139 251.0
3140 252.0
3141 252.0
3142 251.0
3143 252.0
3144 252.0
3145 252.0
3146 251.0
3147 251.0
3148 251.0
3149 252.0
3150 252.0
3151 251.0
3152 252.0
3153 180.0
3154 252.0
3155 251.0
3156 252.0
3157 252.0
3158 203.0
3159 203.0
3160 203.0
3161 33.0
3162 387.0
3163 203.0
3164 204.0
3165 204.0
3166 204.0
3167 26.0
3168 387.0
3169 103.0
3170 0.0
3171 251.0
3172 251.0
3173 251.0
3174 204.0
3175 204.0
3176 204.0
3177 204.0
3178 204.0
3179 0.0
3180 204.0
3181 204.0
3182 204.0
3183 204.0
3184 204.0
3185 32.0
3186 32.0
3187 203.0
3188 203.0
3189 203.0
3190 252.0
3191 251.0
3192 251.0
3193 251.0
3194 252.0
3195 251.0
3196 251.0
3197 251.0
3198 251.0
3199 251.0
3200 252.0
3201 252.0
3202 251.0
3203 252.0
3204 38.0
3205 252.0
3206 203.0
3207 252.0
3208 252.0
3209 203.0
3210 203.0
3211 203.0
3212 33.0
3213 387.0
3214 33.0
3215 204.0
3216 204.0
3217 204.0
3218 115.0
3219 387.0
3220 103.0
3221 1.0
3222 251.0
3223 251.0
3224 251.0
3225 49.0
3226 204.0
3227 204.0
3228 204.0
3229 204.0
3230 204.0
3231 204.0
3232 32.0
3233 204.0
3234 204.0
3235 204.0
3236 204.0
3237 32.0
3238 203.0
3239 203.0
3240 203.0
3241 252.0
3242 252.0
3243 251.0
3244 252.0
3245 252.0
3246 252.0
3247 252.0
3248 251.0
3249 251.0
3250 252.0
3251 252.0
3252 252.0
3253 252.0
3254 252.0
3255 38.0
3256 252.0
3257 169.0
3258 252.0
3259 252.0
3260 203.0
3261 203.0
3262 204.0
3263 33.0
3264 387.0
3265 203.0
3266 204.0
3267 204.0
3268 31.0
3269 98.0
3270 387.0
3271 93.0
3272 1.0
3273 251.0
3274 251.0
3275 203.0
3276 204.0
3277 204.0
3278 204.0
3279 204.0
3280 204.0
3281 204.0
3282 204.0
3283 32.0
3284 204.0
3285 204.0
3286 204.0
3287 204.0
3288 204.0
3289 204.0
3290 203.0
3291 203.0
3292 252.0
3293 252.0
3294 251.0
3295 251.0
3296 252.0
3297 251.0
3298 252.0
3299 252.0
3300 251.0
3301 252.0
3302 252.0
3303 252.0
3304 251.0
3305 252.0
3306 186.0
3307 252.0
3308 252.0
3309 252.0
3310 252.0
3311 203.0
3312 203.0
3313 203.0
3314 33.0
3315 387.0
3316 103.0
3317 204.0
3318 204.0
3319 203.0
3320 209.0
3321 387.0
3322 103.0
3323 0.0
3324 251.0
3325 251.0
3326 203.0
3327 49.0
3328 204.0
3329 204.0
3330 204.0
3331 204.0
3332 0.0
3333 204.0
3334 204.0
3335 203.0
3336 204.0
3337 204.0
3338 204.0
3339 32.0
3340 204.0
3341 203.0
3342 203.0
3343 252.0
3344 252.0
3345 251.0
3346 251.0
3347 252.0
3348 251.0
3349 252.0
3350 251.0
3351 251.0
3352 252.0
3353 252.0
3354 252.0
3355 252.0
3356 252.0
3357 38.0
3358 252.0
3359 252.0
3360 252.0
3361 252.0
3362 203.0
3363 203.0
3364 203.0
3365 204.0
3366 387.0
3367 33.0
3368 204.0
3369 204.0
3370 103.0
3371 203.0
3372 387.0
3373 103.0
3374 0.0
3375 251.0
3376 251.0
3377 251.0
3378 49.0
3379 204.0
3380 204.0
3381 204.0
3382 204.0
3383 0.0
3384 204.0
3385 204.0
3386 204.0
3387 204.0
3388 204.0
3389 204.0
3390 203.0
3391 203.0
3392 203.0
3393 203.0
3394 252.0
3395 252.0
3396 251.0
3397 252.0
3398 252.0
3399 252.0
3400 252.0
3401 251.0
3402 251.0
3403 252.0
3404 252.0
3405 252.0
3406 251.0
3407 252.0
3408 203.0
3409 252.0
3410 204.0
3411 252.0
3412 252.0
3413 203.0
3414 203.0
3415 203.0
3416 33.0
3417 387.0
3418 103.0
3419 204.0
3420 204.0
3421 103.0
3422 98.0
3423 387.0
3424 103.0
3425 1.0
3426 251.0
3427 251.0
3428 203.0
3429 204.0
3430 204.0
3431 204.0
3432 204.0
3433 204.0
3434 204.0
3435 204.0
3436 32.0
3437 204.0
3438 204.0
3439 204.0
3440 204.0
3441 32.0
3442 204.0
3443 203.0
3444 203.0
3445 251.0
3446 252.0
3447 251.0
3448 252.0
3449 252.0
3450 252.0
3451 252.0
3452 252.0
3453 251.0
3454 252.0
3455 252.0
3456 252.0
3457 251.0
3458 252.0
3459 203.0
3460 252.0
3461 204.0
3462 252.0
3463 252.0
3464 203.0
3465 203.0
3466 204.0
3467 33.0
3468 387.0
3469 203.0
3470 204.0
3471 204.0
3472 31.0
3473 209.0
3474 387.0
3475 103.0
3476 1.0
3477 251.0
3478 251.0
3479 203.0
3480 49.0
3481 204.0
3482 204.0
3483 204.0
3484 204.0
3485 0.0
3486 204.0
3487 204.0
3488 204.0
3489 204.0
3490 204.0
3491 32.0
3492 204.0
3493 203.0
3494 203.0
3495 203.0
3496 251.0
3497 252.0
3498 251.0
3499 251.0
3500 252.0
3501 251.0
3502 251.0
3503 251.0
3504 251.0
3505 252.0
3506 252.0
3507 252.0
3508 252.0
3509 252.0
3510 169.0
3511 252.0
3512 204.0
3513 252.0
3514 252.0
3515 203.0
3516 203.0
3517 203.0
3518 203.0
3519 387.0
3520 204.0
3521 204.0
3522 204.0
3523 103.0
3524 204.0
3525 387.0
3526 103.0
3527 1.0
3528 251.0
3529 251.0
3530 251.0
3531 49.0
3532 204.0
3533 204.0
3534 204.0
3535 204.0
3536 0.0
3537 204.0
3538 204.0
3539 203.0
3540 204.0
3541 204.0
3542 204.0
3543 204.0
3544 204.0
3545 203.0
3546 180.0
3547 252.0
3548 252.0
3549 251.0
3550 251.0
3551 252.0
3552 251.0
3553 252.0
3554 251.0
3555 251.0
3556 252.0
3557 252.0
3558 252.0
3559 252.0
3560 252.0
3561 204.0
3562 252.0
3563 204.0
3564 252.0
3565 252.0
3566 203.0
3567 174.0
3568 203.0
3569 204.0
3570 387.0
3571 33.0
3572 204.0
3573 204.0
3574 98.0
3575 203.0
3576 387.0
3577 103.0
3578 1.0
3579 251.0
3580 251.0
3581 251.0
3582 49.0
3583 204.0
3584 204.0
3585 204.0
3586 204.0
3587 204.0
3588 204.0
3589 32.0
3590 204.0
3591 204.0
3592 204.0
3593 204.0
3594 204.0
3595 204.0
3596 203.0
3597 203.0
3598 252.0
3599 252.0
3600 251.0
3601 252.0
3602 252.0
3603 252.0
3604 252.0
3605 251.0
3606 251.0
3607 252.0
3608 252.0
3609 252.0
3610 252.0
3611 252.0
3612 203.0
3613 252.0
3614 186.0
3615 252.0
3616 252.0
3617 203.0
3618 33.0
3619 203.0
3620 33.0
3621 387.0
3622 204.0
3623 204.0
3624 204.0
3625 31.0
3626 98.0
3627 387.0
3628 30.0
3629 1.0
3630 251.0
3631 251.0
3632 203.0
3633 49.0
3634 204.0
3635 204.0
3636 204.0
3637 204.0
3638 204.0
3639 204.0
3640 204.0
3641 204.0
3642 204.0
3643 204.0
3644 32.0
3645 204.0
3646 0.0
3647 203.0
3648 203.0
3649 251.0
3650 252.0
3651 252.0
3652 251.0
3653 252.0
3654 252.0
3655 252.0
3656 251.0
3657 251.0
3658 252.0
3659 252.0
3660 252.0
3661 252.0
3662 252.0
3663 204.0
3664 252.0
3665 44.0
3666 252.0
3667 252.0
3668 203.0
3669 204.0
3670 203.0
3671 204.0
3672 387.0
3673 203.0
3674 204.0
3675 204.0
3676 103.0
3677 98.0
3678 387.0
3679 93.0
3680 1.0
3681 251.0
3682 251.0
3683 251.0
3684 49.0
3685 204.0
3686 204.0
3687 204.0
3688 204.0
3689 0.0
3690 204.0
3691 204.0
3692 203.0
3693 204.0
3694 204.0
3695 204.0
3696 204.0
3697 203.0
3698 203.0
3699 203.0
3700 252.0
3701 252.0
3702 251.0
3703 251.0
3704 252.0
3705 251.0
3706 251.0
3707 251.0
3708 251.0
3709 252.0
3710 252.0
3711 252.0
3712 252.0
3713 252.0
3714 203.0
3715 252.0
3716 251.0
3717 252.0
3718 252.0
3719 203.0
3720 203.0
3721 203.0
3722 203.0
3723 387.0
3724 33.0
3725 204.0
3726 204.0
3727 103.0
3728 203.0
3729 387.0
3730 103.0
3731 1.0
3732 251.0
3733 251.0
3734 251.0
3735 49.0
3736 204.0
3737 204.0
3738 204.0
3739 204.0
3740 204.0
3741 204.0
3742 32.0
3743 204.0
3744 204.0
3745 204.0
3746 204.0
3747 204.0
3748 204.0
3749 203.0
3750 203.0
3751 252.0
3752 252.0
3753 252.0
3754 252.0
3755 252.0
3756 252.0
3757 252.0
3758 251.0
3759 252.0
3760 252.0
3761 252.0
3762 252.0
3763 252.0
3764 252.0
3765 204.0
3766 252.0
3767 203.0
3768 252.0
3769 252.0
3770 203.0
3771 204.0
3772 204.0
3773 120.0
3774 387.0
3775 103.0
3776 204.0
3777 204.0
3778 31.0
3779 98.0
3780 387.0
3781 103.0
3782 0.0
3783 251.0
3784 251.0
3785 203.0
3786 49.0
3787 204.0
3788 204.0
3789 204.0
3790 204.0
3791 204.0
3792 204.0
3793 204.0
3794 204.0
3795 204.0
3796 204.0
3797 32.0
3798 204.0
3799 203.0
3800 203.0
3801 252.0
3802 252.0
3803 252.0
3804 251.0
3805 252.0
3806 252.0
3807 252.0
3808 252.0
3809 251.0
3810 251.0
3811 252.0
3812 252.0
3813 252.0
3814 252.0
3815 252.0
3816 252.0
3817 252.0
3818 186.0
3819 252.0
3820 252.0
3821 203.0
3822 174.0
3823 203.0
3824 38.0
3825 387.0
3826 203.0
3827 204.0
3828 204.0
3829 204.0
3830 103.0
3831 387.0
3832 93.0
3833 1.0
3834 251.0
3835 251.0
3836 203.0
3837 204.0
3838 204.0
3839 204.0
3840 204.0
3841 204.0
3842 0.0
3843 204.0
3844 204.0
3845 204.0
3846 204.0
3847 204.0
3848 204.0
3849 204.0
3850 203.0
3851 252.0
3852 203.0
3853 252.0
3854 252.0
3855 251.0
3856 251.0
3857 252.0
3858 252.0
3859 252.0
3860 251.0
3861 251.0
3862 252.0
3863 252.0
3864 252.0
3865 252.0
3866 252.0
3867 186.0
3868 252.0
3869 252.0
3870 252.0
3871 252.0
3872 203.0
3873 204.0
3874 203.0
3875 32.0
3876 387.0
3877 33.0
3878 204.0
3879 204.0
3880 103.0
3881 103.0
3882 387.0
3883 93.0
3884 1.0
3885 251.0
3886 251.0
3887 203.0
3888 203.0
3889 204.0
3890 204.0
3891 204.0
3892 204.0
3893 0.0
3894 204.0
3895 204.0
3896 203.0
3897 204.0
3898 204.0
3899 204.0
3900 204.0
3901 204.0
3902 203.0
3903 203.0
3904 252.0
3905 252.0
3906 251.0
3907 251.0
3908 252.0
3909 251.0
3910 252.0
3911 251.0
3912 251.0
3913 252.0
3914 252.0
3915 252.0
3916 252.0
3917 252.0
3918 204.0
3919 252.0
3920 252.0
3921 252.0
3922 252.0
3923 203.0
3924 203.0
3925 203.0
3926 30.0
3927 387.0
3928 33.0
3929 204.0
3930 204.0
3931 98.0
3932 203.0
3933 387.0
3934 103.0
3935 203.0
3936 251.0
3937 251.0
3938 203.0
3939 191.0
3940 204.0
3941 204.0
3942 204.0
3943 204.0
3944 204.0
3945 204.0
3946 32.0
3947 204.0
3948 204.0
3949 204.0
3950 204.0
3951 204.0
3952 93.0
3953 203.0
3954 252.0
3955 252.0
3956 252.0
3957 251.0
3958 252.0
3959 252.0
3960 252.0
3961 252.0
3962 204.0
3963 251.0
3964 252.0
3965 252.0
3966 252.0
3967 251.0
3968 252.0
3969 251.0
3970 252.0
3971 203.0
3972 252.0
3973 252.0
3974 203.0
3975 204.0
3976 204.0
3977 38.0
3978 387.0
3979 203.0
3980 204.0
3981 204.0
3982 31.0
3983 203.0
3984 387.0
3985 103.0
3986 0.0
3987 251.0
3988 251.0
3989 203.0
3990 49.0
3991 204.0
3992 204.0
3993 204.0
3994 204.0
3995 204.0
3996 204.0
3997 204.0
3998 204.0
3999 204.0
4000 204.0
4001 204.0
4002 204.0
4003 98.0
4004 203.0
4005 252.0
4006 251.0
4007 252.0
4008 251.0
4009 252.0
4010 252.0
4011 252.0
4012 251.0
4013 251.0
4014 251.0
4015 252.0
4016 252.0
4017 252.0
4018 251.0
4019 252.0
4020 186.0
4021 252.0
4022 203.0
4023 252.0
4024 252.0
4025 203.0
4026 204.0
4027 204.0
4028 32.0
4029 387.0
4030 203.0
4031 204.0
4032 204.0
4033 103.0
4034 98.0
4035 387.0
4036 30.0
4037 1.0
4038 251.0
4039 203.0
4040 0.0
4041 204.0
4042 204.0
4043 204.0
4044 204.0
4045 204.0
4046 0.0
4047 204.0
4048 204.0
4049 204.0
4050 204.0
4051 204.0
4052 204.0
4053 204.0
4054 32.0
4055 203.0
4056 252.0
4057 252.0
4058 252.0
4059 251.0
4060 251.0
4061 251.0
4062 252.0
4063 251.0
4064 251.0
4065 251.0
4066 252.0
4067 252.0
4068 252.0
4069 252.0
4070 252.0
4071 251.0
4072 252.0
4073 252.0
4074 252.0
4075 252.0
4076 203.0
4077 204.0
4078 204.0
4079 32.0
4080 387.0
4081 204.0
4082 204.0
4083 204.0
4084 204.0
4085 32.0
4086 387.0
4087 30.0
4088 1.0
4089 251.0
4090 204.0
4091 32.0
4092 203.0
4093 204.0
4094 204.0
4095 204.0
4096 204.0
4097 0.0
4098 204.0
4099 204.0
4100 204.0
4101 204.0
4102 204.0
4103 204.0
4104 204.0
4105 251.0
4106 203.0
4107 203.0
4108 252.0
4109 252.0
4110 251.0
4111 251.0
4112 252.0
4113 251.0
4114 252.0
4115 251.0
4116 251.0
4117 252.0
4118 252.0
4119 252.0
4120 251.0
4121 252.0
4122 251.0
4123 252.0
4124 252.0
4125 252.0
4126 252.0
4127 203.0
4128 204.0
4129 203.0
4130 38.0
4131 387.0
4132 204.0
4133 204.0
4134 204.0
4135 31.0
4136 203.0
4137 387.0
4138 103.0
4139 1.0
4140 251.0
4141 203.0
4142 204.0
4143 204.0
4144 204.0
4145 204.0
4146 204.0
4147 204.0
4148 203.0
4149 204.0
4150 32.0
4151 204.0
4152 204.0
4153 204.0
4154 204.0
4155 32.0
4156 0.0
4157 203.0
4158 252.0
4159 252.0
4160 252.0
4161 251.0
4162 252.0
4163 252.0
4164 252.0
4165 252.0
4166 251.0
4167 251.0
4168 252.0
4169 252.0
4170 252.0
4171 252.0
4172 252.0
4173 251.0
4174 252.0
4175 203.0
4176 252.0
4177 252.0
4178 203.0
4179 204.0
4180 204.0
4181 33.0
4182 387.0
4183 204.0
4184 204.0
4185 204.0
4186 103.0
4187 203.0
4188 387.0
4189 103.0
4190 0.0
4191 251.0
4192 204.0
4193 38.0
4194 49.0
4195 204.0
4196 204.0
4197 204.0
4198 204.0
4199 0.0
4200 204.0
4201 204.0
4202 204.0
4203 204.0
4204 204.0
4205 204.0
4206 32.0
4207 0.0
4208 203.0
4209 252.0
4210 252.0
4211 252.0
4212 251.0
4213 252.0
4214 252.0
4215 252.0
4216 251.0
4217 251.0
4218 251.0
4219 252.0
4220 252.0
4221 252.0
4222 251.0
4223 252.0
4224 251.0
4225 252.0
4226 252.0
4227 252.0
4228 252.0
4229 203.0
4230 204.0
4231 204.0
4232 120.0
4233 387.0
4234 204.0
4235 204.0
4236 204.0
4237 203.0
4238 98.0
4239 387.0
4240 93.0
4241 1.0
4242 251.0
4243 204.0
4244 38.0
4245 49.0
4246 204.0
4247 204.0
4248 204.0
4249 204.0
4250 0.0
4251 204.0
4252 32.0
4253 204.0
4254 204.0
4255 204.0
4256 204.0
4257 32.0
4258 203.0
4259 203.0
4260 252.0
4261 252.0
4262 252.0
4263 251.0
4264 252.0
4265 252.0
4266 251.0
4267 252.0
4268 251.0
4269 251.0
4270 252.0
4271 252.0
4272 252.0
4273 252.0
4274 252.0
4275 204.0
4276 252.0
4277 252.0
4278 252.0
4279 252.0
4280 203.0
4281 204.0
4282 204.0
4283 33.0
4284 387.0
4285 204.0
4286 204.0
4287 204.0
4288 31.0
4289 203.0
4290 387.0
4291 103.0
4292 1.0
4293 251.0
4294 0.0
4295 0.0
4296 49.0
4297 204.0
4298 204.0
4299 204.0
4300 204.0
4301 203.0
4302 204.0
4303 204.0
4304 204.0
4305 204.0
4306 204.0
4307 204.0
4308 32.0
4309 32.0
4310 203.0
4311 203.0
4312 252.0
4313 252.0
4314 251.0
4315 251.0
4316 252.0
4317 191.0
4318 252.0
4319 251.0
4320 251.0
4321 252.0
4322 252.0
4323 252.0
4324 251.0
4325 252.0
4326 251.0
4327 252.0
4328 203.0
4329 252.0
4330 252.0
4331 203.0
4332 204.0
4333 204.0
4334 33.0
4335 387.0
4336 204.0
4337 204.0
4338 204.0
4339 204.0
4340 251.0
4341 387.0
4342 103.0
4343 0.0
4344 251.0
4345 204.0
4346 203.0
4347 49.0
4348 204.0
4349 204.0
4350 204.0
4351 204.0
4352 204.0
4353 204.0
4354 204.0
4355 204.0
4356 204.0
4357 204.0
4358 204.0
4359 33.0
4360 0.0
4361 203.0
4362 252.0
4363 252.0
4364 252.0
4365 251.0
4366 251.0
4367 252.0
4368 252.0
4369 252.0
4370 251.0
4371 252.0
4372 252.0
4373 252.0
4374 252.0
4375 251.0
4376 252.0
4377 251.0
4378 252.0
4379 252.0
4380 252.0
4381 252.0
4382 203.0
4383 204.0
4384 204.0
4385 38.0
4386 387.0
4387 204.0
4388 204.0
4389 204.0
4390 204.0
4391 98.0
4392 387.0
4393 93.0
4394 0.0
4395 251.0
4396 204.0
4397 203.0
4398 49.0
4399 204.0
4400 204.0
4401 204.0
4402 204.0
4403 0.0
4404 204.0
4405 32.0
4406 204.0
4407 204.0
4408 204.0
4409 204.0
4410 32.0
4411 0.0
4412 203.0
4413 252.0
4414 252.0
4415 252.0
4416 252.0
4417 252.0
4418 252.0
4419 252.0
4420 252.0
4421 251.0
4422 251.0
4423 252.0
4424 252.0
4425 252.0
4426 252.0
4427 252.0
4428 251.0
4429 252.0
4430 252.0
4431 252.0
4432 252.0
4433 203.0
4434 204.0
4435 204.0
4436 33.0
4437 387.0
4438 33.0
4439 204.0
4440 204.0
4441 204.0
4442 98.0
4443 387.0
4444 93.0
4445 1.0
4446 251.0
4447 0.0
4448 251.0
4449 49.0
4450 204.0
4451 204.0
4452 204.0
4453 204.0
4454 0.0
4455 204.0
4456 204.0
4457 204.0
4458 204.0
4459 204.0
4460 204.0
4461 32.0
4462 203.0
4463 203.0
4464 252.0
4465 252.0
4466 252.0
4467 251.0
4468 252.0
4469 252.0
4470 251.0
4471 252.0
4472 32.0
4473 251.0
4474 252.0
4475 252.0
4476 252.0
4477 252.0
4478 252.0
4479 252.0
4480 252.0
4481 252.0
4482 252.0
4483 252.0
4484 203.0
4485 204.0
4486 204.0
4487 33.0
4488 387.0
4489 103.0
4490 204.0
4491 204.0
4492 204.0
4493 204.0
4494 387.0
4495 103.0
4496 104.0
4497 251.0
4498 251.0
4499 251.0
4500 49.0
4501 204.0
4502 204.0
4503 204.0
4504 204.0
4505 203.0
4506 204.0
4507 204.0
4508 204.0
4509 204.0
4510 204.0
4511 204.0
4512 33.0
4513 203.0
4514 203.0
4515 203.0
4516 252.0
4517 252.0
4518 252.0
4519 251.0
4520 252.0
4521 191.0
4522 252.0
4523 251.0
4524 251.0
4525 252.0
4526 252.0
4527 252.0
4528 251.0
4529 252.0
4530 251.0
4531 252.0
4532 252.0
4533 252.0
4534 252.0
4535 203.0
4536 204.0
4537 204.0
4538 38.0
4539 387.0
4540 33.0
4541 204.0
4542 204.0
4543 204.0
4544 203.0
4545 387.0
4546 103.0
4547 0.0
4548 251.0
4549 204.0
4550 203.0
4551 49.0
4552 204.0
4553 204.0
4554 204.0
4555 204.0
4556 0.0
4557 204.0
4558 204.0
4559 204.0
4560 204.0
4561 204.0
4562 204.0
4563 32.0
4564 0.0
4565 203.0
4566 252.0
4567 252.0
4568 252.0
4569 251.0
4570 252.0
4571 252.0
4572 252.0
4573 252.0
4574 251.0
4575 252.0
4576 252.0
4577 252.0
4578 252.0
4579 252.0
4580 252.0
4581 252.0
4582 252.0
4583 252.0
4584 252.0
4585 252.0
4586 203.0
4587 204.0
4588 204.0
4589 203.0
4590 387.0
4591 204.0
4592 204.0
4593 204.0
4594 0.0
4595 98.0
4596 387.0
4597 93.0
4598 1.0
4599 251.0
4600 0.0
4601 203.0
4602 191.0
4603 204.0
4604 204.0
4605 204.0
4606 204.0
4607 0.0
4608 204.0
4609 32.0
4610 203.0
4611 204.0
4612 204.0
4613 204.0
4614 32.0
4615 6.0
4616 203.0
4617 252.0
4618 252.0
4619 252.0
4620 251.0
4621 252.0
4622 252.0
4623 252.0
4624 252.0
4625 251.0
4626 251.0
4627 252.0
4628 252.0
4629 252.0
4630 252.0
4631 252.0
4632 252.0
4633 252.0
4634 252.0
4635 252.0
4636 252.0
4637 203.0
4638 204.0
4639 204.0
4640 32.0
4641 387.0
4642 203.0
4643 204.0
4644 204.0
4645 0.0
4646 98.0
4647 387.0
4648 103.0
4649 1.0
4650 251.0
4651 204.0
4652 32.0
4653 49.0
4654 204.0
4655 204.0
4656 204.0
4657 204.0
4658 203.0
4659 204.0
4660 204.0
4661 203.0
4662 204.0
4663 204.0
4664 204.0
4665 32.0
4666 32.0
4667 252.0
4668 203.0
4669 252.0
4670 252.0
4671 252.0
4672 252.0
4673 252.0
4674 251.0
4675 251.0
4676 251.0
4677 252.0
4678 252.0
4679 252.0
4680 252.0
4681 251.0
4682 252.0
4683 251.0
4684 252.0
4685 203.0
4686 252.0
4687 252.0
4688 203.0
4689 204.0
4690 204.0
4691 33.0
4692 387.0
4693 204.0
4694 204.0
4695 204.0
4696 98.0
4697 204.0
4698 332.0
4699 103.0
4700 1.0
4701 251.0
4702 204.0
4703 32.0
4704 49.0
4705 204.0
4706 204.0
4707 204.0
4708 204.0
4709 0.0
4710 204.0
4711 204.0
4712 204.0
4713 204.0
4714 204.0
4715 204.0
4716 33.0
4717 0.0
4718 203.0
4719 203.0
4720 252.0
4721 252.0
4722 251.0
4723 252.0
4724 252.0
4725 252.0
4726 251.0
4727 251.0
4728 251.0
4729 252.0
4730 252.0
4731 252.0
4732 251.0
4733 252.0
4734 251.0
4735 252.0
4736 252.0
4737 252.0
4738 252.0
4739 203.0
4740 204.0
4741 204.0
4742 38.0
4743 387.0
4744 33.0
4745 204.0
4746 204.0
4747 103.0
4748 203.0
4749 338.0
4750 103.0
4751 0.0
4752 251.0
4753 204.0
4754 251.0
4755 49.0
4756 204.0
4757 204.0
4758 204.0
4759 204.0
4760 30.0
4761 204.0
4762 204.0
4763 204.0
4764 204.0
4765 204.0
4766 204.0
4767 32.0
4768 203.0
4769 203.0
4770 252.0
4771 252.0
4772 251.0
4773 251.0
4774 252.0
4775 252.0
4776 252.0
4777 252.0
4778 251.0
4779 251.0
4780 252.0
4781 252.0
4782 252.0
4783 252.0
4784 252.0
4785 204.0
4786 252.0
4787 252.0
4788 252.0
4789 252.0
4790 203.0
4791 204.0
4792 204.0
4793 38.0
4794 387.0
4795 204.0
4796 204.0
4797 204.0
4798 103.0
4799 204.0
4800 387.0
4801 103.0
4802 1.0
4803 251.0
4804 0.0
4805 203.0
4806 49.0
4807 204.0
4808 204.0
4809 204.0
4810 204.0
4811 203.0
4812 204.0
4813 204.0
4814 203.0
4815 204.0
4816 204.0
4817 204.0
4818 33.0
4819 203.0
4820 203.0
4821 203.0
4822 252.0
4823 252.0
4824 252.0
4825 252.0
4826 252.0
4827 252.0
4828 252.0
4829 252.0
4830 252.0
4831 252.0
4832 252.0
4833 252.0
4834 252.0
4835 252.0
4836 251.0
4837 252.0
4838 203.0
4839 252.0
4840 252.0
4841 203.0
4842 204.0
4843 204.0
4844 33.0
4845 387.0
4846 203.0
4847 204.0
4848 204.0
4849 204.0
4850 204.0
4851 332.0
4852 103.0
4853 1.0
4854 251.0
4855 204.0
4856 203.0
4857 49.0
4858 204.0
4859 204.0
4860 204.0
4861 204.0
4862 203.0
4863 204.0
4864 204.0
4865 204.0
4866 204.0
4867 204.0
4868 204.0
4869 32.0
4870 0.0
4871 252.0
4872 203.0
4873 252.0
4874 252.0
4875 251.0
4876 252.0
4877 252.0
4878 251.0
4879 251.0
4880 251.0
4881 251.0
4882 252.0
4883 252.0
4884 252.0
4885 252.0
4886 252.0
4887 251.0
4888 252.0
4889 203.0
4890 252.0
4891 252.0
4892 203.0
4893 204.0
4894 204.0
4895 33.0
4896 387.0
4897 204.0
4898 204.0
4899 204.0
4900 209.0
4901 204.0
4902 387.0
4903 103.0
4904 0.0
4905 251.0
4906 204.0
4907 32.0
4908 49.0
4909 204.0
4910 204.0
4911 204.0
4912 204.0
4913 30.0
4914 204.0
4915 204.0
4916 204.0
4917 204.0
4918 204.0
4919 204.0
4920 32.0
4921 0.0
4922 203.0
4923 252.0
4924 252.0
4925 252.0
4926 252.0
4927 252.0
4928 252.0
4929 252.0
4930 251.0
4931 251.0
4932 252.0
4933 252.0
4934 252.0
4935 252.0
4936 251.0
4937 252.0
4938 252.0
4939 252.0
4940 252.0
4941 252.0
4942 252.0
4943 203.0
4944 204.0
4945 204.0
4946 33.0
4947 387.0
4948 204.0
4949 204.0
4950 204.0
4951 203.0
4952 203.0
4953 387.0
4954 103.0
4955 0.0
4956 251.0
4957 204.0
4958 203.0
4959 49.0
4960 204.0
4961 204.0
4962 204.0
4963 204.0
4964 203.0
4965 204.0
4966 204.0
4967 204.0
4968 204.0
4969 204.0
4970 204.0
4971 33.0
4972 32.0
4973 252.0
4974 252.0
4975 252.0
4976 252.0
4977 252.0
4978 252.0
4979 252.0
4980 252.0
4981 252.0
4982 251.0
4983 251.0
4984 252.0
4985 252.0
4986 252.0
4987 252.0
4988 252.0
4989 251.0
4990 252.0
4991 252.0
4992 252.0
4993 252.0
4994 203.0
4995 204.0
4996 204.0
4997 33.0
4998 387.0
4999 204.0
5000 204.0
5001 204.0
5002 103.0
5003 0.0
5004 387.0
5005 103.0
5006 1.0
5007 251.0
5008 0.0
5009 203.0
5010 49.0
5011 204.0
5012 204.0
5013 204.0
5014 204.0
5015 204.0
5016 204.0
5017 204.0
5018 203.0
5019 204.0
5020 204.0
5021 204.0
5022 32.0
5023 203.0
5024 203.0
5025 203.0
5026 252.0
5027 252.0
5028 251.0
5029 252.0
5030 252.0
5031 252.0
5032 252.0
5033 251.0
5034 251.0
5035 252.0
5036 252.0
5037 252.0
5038 252.0
5039 252.0
5040 251.0
5041 252.0
5042 203.0
5043 252.0
5044 252.0
5045 203.0
5046 204.0
5047 204.0
5048 33.0
5049 387.0
5050 204.0
5051 204.0
5052 204.0
5053 103.0
5054 203.0
5055 387.0
5056 103.0
5057 1.0
5058 251.0
5059 0.0
5060 38.0
5061 49.0
5062 204.0
5063 204.0
5064 204.0
5065 204.0
5066 0.0
5067 204.0
5068 32.0
5069 204.0
5070 204.0
5071 204.0
5072 204.0
5073 33.0
5074 203.0
5075 203.0
5076 203.0
5077 252.0
5078 252.0
5079 252.0
5080 252.0
5081 252.0
5082 252.0
5083 191.0
5084 251.0
5085 251.0
5086 252.0
5087 252.0
5088 252.0
5089 251.0
5090 252.0
5091 252.0
5092 252.0
5093 252.0
5094 252.0
5095 252.0
5096 203.0
5097 204.0
5098 204.0
5099 33.0
5100 387.0
