1 103.0
2 175.0
3 103.0
4 186.0
5 0.0
6 0.0
7 0.0
8 103.0
9 98.0
10 169.0
11 0.0
12 0.0
13 33.0
14 103.0
15 203.0
16 109.0
17 32.0
18 109.0
19 38.0
20 32.0
21 32.0
22 109.0
23 30.0
24 0.0
25 30.0
26 31.0
27 38.0
28 103.0
29 32.0
30 38.0
31 25.0
32 33.0
33 0.0
34 204.0
35 98.0
36 103.0
37 103.0
38 98.0
39 32.0
40 204.0
41 103.0
42 38.0
43 33.0
44 204.0
45 49.0
46 180.0
47 30.0
48 38.0
49 180.0
50 98.0
51 204.0
52 204.0
53 203.0
54 114.0
55 203.0
56 0.0
57 0.0
58 0.0
59 204.0
60 109.0
61 103.0
62 0.0
63 203.0
64 203.0
65 203.0
66 203.0
67 180.0
68 204.0
69 103.0
70 204.0
71 25.0
72 204.0
73 204.0
74 204.0
75 109.0
76 33.0
77 33.0
78 175.0
79 204.0
80 38.0
81 49.0
82 204.0
83 109.0
84 0.0
85 175.0
86 204.0
87 93.0
88 103.0
89 103.0
90 175.0
91 204.0
92 204.0
93 204.0
94 204.0
95 203.0
96 204.0
97 103.0
98 32.0
99 38.0
100 103.0
101 203.0
102 204.0
103 204.0
104 204.0
105 114.0
106 175.0
107 204.0
108 0.0
109 0.0
110 204.0
111 109.0
112 169.0
113 32.0
114 175.0
115 203.0
116 204.0
117 32.0
118 175.0
119 204.0
120 12.0
121 203.0
122 0.0
123 175.0
124 204.0
125 204.0
126 204.0
127 175.0
128 33.0
129 204.0
130 204.0
131 33.0
132 180.0
133 175.0
134 109.0
135 204.0
136 33.0
137 204.0
138 0.0
139 203.0
140 204.0
141 175.0
142 163.0
143 204.0
144 204.0
145 175.0
146 203.0
147 204.0
148 185.0
149 204.0
150 38.0
151 0.0
152 204.0
153 204.0
154 204.0
155 6.0
156 203.0
157 204.0
158 204.0
159 0.0
160 0.0
161 204.0
162 204.0
163 204.0
164 203.0
165 0.0
166 169.0
167 204.0
168 203.0
169 204.0
170 103.0
171 12.0
172 203.0
173 204.0
174 175.0
175 204.0
176 204.0
177 204.0
178 204.0
179 0.0
180 203.0
181 204.0
182 0.0
183 203.0
184 204.0
185 204.0
186 175.0
187 33.0
188 103.0
189 103.0
190 44.0
191 204.0
192 32.0
193 25.0
194 103.0
195 33.0
196 175.0
197 180.0
198 33.0
199 185.0
200 33.0
201 204.0
202 103.0
203 204.0
204 204.0
205 204.0
206 203.0
207 32.0
208 204.0
209 204.0
210 203.0
211 0.0
212 175.0
213 0.0
214 204.0
215 203.0
216 0.0
217 32.0
218 169.0
219 120.0
220 204.0
221 204.0
222 103.0
223 204.0
224 204.0
225 204.0
226 203.0
227 204.0
228 204.0
229 204.0
230 203.0
231 204.0
232 204.0
233 1.0
234 32.0
235 98.0
236 203.0
237 251.0
238 186.0
239 204.0
240 98.0
241 103.0
242 103.0
243 175.0
244 204.0
245 204.0
246 204.0
247 203.0
248 203.0
249 204.0
250 203.0
251 204.0
252 169.0
253 32.0
254 98.0
255 251.0
256 0.0
257 6.0
258 104.0
259 25.0
260 0.0
261 203.0
262 0.0
263 204.0
264 204.0
265 204.0
266 0.0
267 0.0
268 203.0
269 204.0
270 0.0
271 0.0
272 203.0
273 33.0
274 203.0
275 0.0
276 32.0
277 32.0
278 203.0
279 203.0
280 224.0
281 203.0
282 0.0
283 0.0
284 251.0
285 203.0
286 204.0
287 0.0
288 0.0
289 203.0
290 0.0
291 169.0
292 114.0
293 204.0
294 204.0
295 1.0
296 25.0
297 203.0
298 33.0
299 0.0
300 203.0
301 204.0
302 204.0
303 0.0
304 0.0
305 33.0
306 251.0
307 203.0
308 204.0
309 186.0
310 25.0
311 0.0
312 204.0
313 38.0
314 0.0
315 203.0
316 0.0
317 0.0
318 203.0
319 0.0
320 204.0
321 203.0
322 0.0
323 204.0
324 33.0
325 25.0
326 175.0
327 537.0
328 103.0
329 32.0
330 204.0
331 0.0
332 109.0
333 203.0
334 93.0
335 180.0
336 204.0
337 103.0
338 204.0
339 204.0
340 33.0
341 0.0
342 169.0
343 12.0
344 38.0
345 0.0
346 38.0
347 204.0
348 203.0
349 0.0
350 0.0
351 33.0
352 0.0
353 251.0
354 204.0
355 0.0
356 203.0
357 537.0
358 203.0
359 203.0
360 38.0
361 510.0
362 169.0
363 11.0
364 17.0
365 0.0
366 38.0
367 203.0
368 175.0
369 203.0
370 363.0
371 204.0
372 203.0
373 33.0
374 204.0
375 203.0
376 203.0
377 203.0
378 284.0
379 204.0
380 203.0
381 204.0
382 518.0
383 251.0
384 191.0
385 203.0
386 203.0
387 98.0
388 93.0
389 186.0
390 204.0
391 191.0
392 93.0
393 175.0
394 191.0
395 204.0
396 0.0
397 203.0
398 175.0
399 0.0
400 32.0
401 0.0
402 203.0
403 204.0
404 203.0
405 203.0
406 38.0
407 203.0
408 537.0
409 175.0
410 204.0
411 0.0
412 6.0
413 25.0
414 204.0
415 32.0
416 203.0
417 38.0
418 203.0
419 103.0
420 30.0
421 203.0
422 203.0
423 0.0
424 0.0
425 204.0
426 203.0
427 0.0
428 0.0
429 284.0
430 1.0
431 203.0
432 175.0
433 525.0
434 33.0
435 0.0
436 0.0
437 38.0
438 38.0
439 6.0
440 203.0
441 251.0
442 32.0
443 203.0
444 175.0
445 203.0
446 204.0
447 203.0
448 33.0
449 180.0
450 0.0
451 32.0
452 0.0
453 203.0
454 0.0
455 537.0
456 204.0
457 109.0
458 203.0
459 537.0
460 203.0
461 0.0
462 0.0
463 175.0
464 25.0
465 251.0
466 0.0
467 204.0
468 25.0
469 203.0
470 0.0
471 0.0
472 363.0
473 204.0
474 1.0
475 30.0
476 251.0
477 564.0
478 25.0
479 204.0
480 332.0
481 103.0
482 204.0
483 203.0
484 203.0
485 44.0
486 203.0
487 203.0
488 251.0
489 0.0
490 25.0
491 251.0
492 1.0
493 33.0
494 0.0
495 186.0
496 203.0
497 203.0
498 0.0
499 204.0
500 204.0
501 203.0
502 33.0
503 1.0
504 204.0
505 203.0
506 354.0
507 158.0
508 0.0
509 32.0
510 564.0
511 204.0
512 203.0
513 363.0
514 203.0
515 109.0
516 463.0
517 191.0
518 204.0
519 203.0
520 203.0
521 0.0
522 251.0
523 180.0
524 203.0
525 203.0
526 33.0
527 386.0
528 203.0
529 204.0
530 203.0
531 32.0
532 289.0
533 180.0
534 180.0
535 251.0
536 25.0
537 204.0
538 204.0
539 203.0
540 0.0
541 30.0
542 203.0
543 0.0
544 191.0
545 203.0
546 169.0
547 38.0
548 203.0
549 32.0
550 203.0
551 204.0
552 203.0
553 0.0
554 196.0
555 203.0
556 33.0
557 564.0
558 204.0
559 32.0
560 33.0
561 564.0
562 203.0
563 180.0
564 293.0
565 44.0
566 185.0
567 326.0
568 191.0
569 25.0
570 363.0
571 203.0
572 203.0
573 251.0
574 169.0
575 25.0
576 203.0
577 33.0
578 203.0
579 203.0
580 251.0
581 204.0
582 251.0
583 1.0
584 363.0
585 204.0
586 395.0
587 251.0
588 49.0
589 203.0
590 203.0
591 203.0
592 312.0
593 203.0
594 204.0
595 203.0
596 175.0
597 98.0
598 204.0
599 203.0
600 391.0
601 1.0
602 204.0
603 251.0
604 0.0
605 3.0
606 251.0
607 0.0
608 363.0
609 387.0
610 0.0
611 203.0
612 564.0
613 203.0
614 203.0
615 203.0
616 203.0
617 0.0
618 534.0
619 0.0
620 203.0
621 387.0
622 25.0
623 82.0
624 6.0
625 169.0
626 486.0
627 38.0
628 33.0
629 564.0
630 203.0
631 194.0
632 548.0
633 180.0
634 482.0
635 203.0
636 203.0
637 482.0
638 203.0
639 33.0
640 0.0
641 203.0
642 6.0
643 34.0
644 251.0
645 203.0
646 175.0
647 0.0
648 103.0
649 204.0
650 203.0
651 203.0
652 114.0
653 203.0
654 0.0
655 169.0
656 203.0
657 203.0
658 203.0
659 251.0
660 203.0
661 0.0
662 0.0
663 564.0
664 251.0
665 203.0
666 394.0
667 180.0
668 25.0
669 363.0
670 0.0
671 204.0
672 203.0
673 0.0
674 0.0
675 204.0
676 180.0
677 6.0
678 32.0
679 33.0
680 251.0
681 203.0
682 251.0
683 49.0
684 203.0
685 203.0
686 203.0
687 204.0
688 395.0
689 363.0
690 32.0
691 1.0
692 251.0
693 0.0
694 93.0
695 251.0
696 203.0
697 186.0
698 186.0
699 103.0
700 203.0
701 203.0
702 316.0
703 49.0
704 204.0
705 251.0
706 180.0
707 30.0
708 203.0
709 203.0
710 204.0
711 203.0
712 25.0
713 391.0
714 564.0
715 251.0
716 203.0
717 382.0
718 494.0
719 180.0
720 203.0
721 49.0
722 33.0
723 203.0
724 25.0
725 0.0
726 235.0
727 363.0
728 203.0
729 321.0
730 33.0
731 539.0
732 203.0
733 203.0
734 453.0
735 204.0
736 33.0
737 564.0
738 203.0
739 382.0
740 203.0
741 0.0
742 103.0
743 203.0
744 180.0
745 203.0
746 105.0
747 0.0
748 251.0
749 251.0
750 98.0
751 38.0
752 203.0
753 38.0
754 204.0
755 204.0
756 203.0
757 0.0
758 306.0
759 203.0
760 33.0
761 388.0
762 251.0
763 0.0
764 203.0
765 564.0
766 203.0
767 203.0
768 587.0
769 203.0
770 203.0
771 534.0
772 17.0
773 38.0
774 450.0
775 203.0
776 103.0
777 203.0
778 169.0
779 0.0
780 203.0
781 33.0
782 251.0
783 203.0
784 203.0
785 204.0
786 38.0
787 204.0
788 180.0
789 204.0
790 251.0
791 483.0
792 204.0
793 93.0
794 203.0
795 38.0
796 0.0
797 203.0
798 203.0
799 251.0
800 0.0
801 98.0
802 203.0
803 251.0
804 203.0
805 363.0
806 14.0
807 203.0
808 363.0
809 172.0
810 251.0
811 203.0
812 203.0
813 363.0
814 482.0
815 180.0
816 587.0
817 568.0
818 204.0
819 587.0
820 489.0
821 251.0
822 319.0
823 363.0
824 203.0
825 38.0
826 203.0
827 103.0
828 251.0
829 392.0
830 0.0
831 103.0
832 0.0
833 251.0
834 351.0
835 203.0
836 587.0
837 180.0
838 204.0
839 385.0
840 397.0
841 207.0
842 317.0
843 33.0
844 0.0
845 308.0
846 203.0
847 0.0
848 251.0
849 568.0
850 587.0
851 207.0
852 103.0
853 203.0
854 251.0
855 390.0
856 385.0
857 204.0
858 87.0
859 251.0
860 191.0
861 316.0
862 203.0
863 251.0
864 316.0
865 203.0
866 38.0
867 587.0
868 313.0
869 191.0
870 321.0
871 545.0
872 0.0
873 203.0
874 0.0
875 33.0
876 321.0
877 180.0
878 0.0
879 251.0
880 203.0
881 400.0
882 203.0
883 33.0
884 251.0
885 38.0
886 488.0
887 363.0
888 204.0
889 1.0
890 313.0
891 363.0
892 171.0
893 363.0
894 33.0
895 461.0
896 308.0
897 180.0
898 25.0
899 351.0
900 587.0
901 6.0
902 175.0
903 251.0
904 203.0
905 251.0
906 382.0
907 207.0
908 204.0
909 192.0
910 0.0
911 181.0
912 317.0
913 0.0
914 459.0
915 579.0
916 203.0
917 203.0
918 587.0
919 318.0
920 203.0
921 587.0
922 563.0
923 0.0
924 0.0
925 0.0
926 203.0
927 507.0
928 169.0
929 0.0
930 203.0
931 203.0
932 203.0
933 203.0
934 33.0
935 312.0
936 0.0
937 389.0
938 203.0
939 25.0
940 1.0
941 587.0
942 203.0
943 0.0
944 587.0
945 0.0
946 265.0
947 316.0
948 0.0
949 0.0
950 480.0
951 300.0
952 0.0
953 0.0
954 98.0
955 203.0
956 312.0
957 32.0
958 251.0
959 158.0
960 203.0
961 318.0
962 251.0
963 317.0
964 204.0
965 482.0
966 394.0
967 0.0
968 251.0
969 587.0
970 310.0
971 203.0
972 587.0
973 251.0
974 392.0
975 363.0
976 0.0
977 204.0
978 587.0
979 181.0
980 175.0
981 204.0
982 17.0
983 389.0
984 298.0
985 186.0
986 49.0
987 319.0
988 532.0
989 203.0
990 32.0
991 103.0
992 587.0
993 389.0
994 0.0
995 392.0
996 0.0
997 536.0
998 33.0
999 203.0
1000 0.0
1001 319.0
1002 6.0
1003 245.0
1004 0.0
1005 169.0
1006 0.0
1007 203.0
1008 203.0
1009 587.0
1010 204.0
1011 251.0
1012 251.0
1013 483.0
1014 587.0
1015 204.0
1016 318.0
1017 573.0
1018 363.0
1019 0.0
1020 587.0
1021 363.0
1022 251.0
1023 587.0
1024 392.0
1025 251.0
1026 319.0
1027 0.0
1028 0.0
1029 317.0
1030 363.0
1031 175.0
1032 180.0
1033 169.0
1034 180.0
1035 103.0
1036 33.0
1037 203.0
1038 374.0
1039 381.0
1040 251.0
1041 17.0
1042 203.0
1043 313.0
1044 265.0
1045 391.0
1046 392.0
1047 0.0
1048 529.0
1049 308.0
1050 363.0
1051 0.0
1052 363.0
1053 394.0
1054 587.0
1055 175.0
1056 103.0
1057 180.0
1058 391.0
1059 391.0
1060 295.0
1061 204.0
1062 203.0
1063 0.0
1064 564.0
1065 363.0
1066 32.0
1067 382.0
1068 573.0
1069 203.0
1070 586.0
1071 587.0
1072 180.0
1073 203.0
1074 587.0
1075 455.0
1076 251.0
1077 363.0
1078 213.0
1079 319.0
1080 531.0
1081 319.0
1082 87.0
1083 44.0
1084 319.0
1085 175.0
1086 393.0
1087 204.0
1088 396.0
1089 539.0
1090 383.0
1091 363.0
1092 0.0
1093 1.0
1094 318.0
1095 251.0
1096 38.0
1097 587.0
1098 32.0
1099 555.0
1100 587.0
1101 218.0
1102 0.0
1103 38.0
1104 392.0
1105 25.0
1106 0.0
1107 103.0
1108 203.0
1109 587.0
1110 180.0
1111 316.0
1112 158.0
1113 121.0
1114 0.0
1115 491.0
1116 363.0
1117 0.0
1118 203.0
1119 564.0
1120 0.0
1121 203.0
1122 587.0
1123 314.0
1124 251.0
1125 587.0
1126 363.0
1127 0.0
1128 32.0
1129 6.0
1130 362.0
1131 349.0
1132 587.0
1133 12.0
1134 203.0
1135 203.0
1136 389.0
1137 203.0
1138 114.0
1139 316.0
1140 204.0
1141 389.0
1142 204.0
1143 6.0
1144 103.0
1145 587.0
1146 204.0
1147 392.0
1148 319.0
1149 0.0
1150 587.0
1151 30.0
1152 203.0
1153 203.0
1154 328.0
1155 385.0
1156 265.0
1157 203.0
1158 180.0
1159 49.0
1160 318.0
1161 180.0
1162 587.0
1163 203.0
1164 197.0
1165 180.0
1166 587.0
1167 587.0
1168 204.0
1169 319.0
1170 203.0
1171 203.0
1172 204.0
1173 587.0
1174 95.0
1175 204.0
1176 587.0
1177 583.0
1178 203.0
1179 587.0
1180 0.0
1181 321.0
1182 203.0
1183 321.0
1184 103.0
1185 180.0
1186 391.0
1187 38.0
1188 109.0
1189 33.0
1190 387.0
1191 251.0
1192 384.0
1193 25.0
1194 38.0
1195 33.0
1196 392.0
1197 363.0
1198 203.0
1199 587.0
1200 0.0
1201 294.0
1202 587.0
1203 204.0
1204 187.0
1205 207.0
1206 587.0
1207 251.0
1208 0.0
1209 169.0
1210 203.0
1211 312.0
1212 363.0
1213 543.0
1214 204.0
1215 251.0
1216 203.0
1217 309.0
1218 573.0
1219 0.0
1220 363.0
1221 203.0
1222 488.0
1223 269.0
1224 587.0
1225 363.0
1226 587.0
1227 587.0
1228 587.0
1229 203.0
1230 319.0
1231 0.0
1232 587.0
1233 38.0
1234 382.0
1235 203.0
1236 180.0
1237 390.0
1238 185.0
1239 32.0
1240 33.0
1241 203.0
1242 299.0
1243 98.0
1244 38.0
1245 38.0
1246 1.0
1247 557.0
1248 204.0
1249 6.0
1250 587.0
1251 0.0
1252 587.0
1253 308.0
1254 218.0
1255 308.0
1256 391.0
1257 392.0
1258 251.0
1259 0.0
1260 158.0
1261 204.0
1262 251.0
1263 207.0
1264 396.0
1265 204.0
1266 203.0
1267 0.0
1268 587.0
1269 587.0
1270 0.0
1271 6.0
1272 316.0
1273 587.0
1274 337.0
1275 587.0
1276 363.0
1277 317.0
1278 587.0
1279 587.0
1280 0.0
1281 32.0
1282 0.0
1283 587.0
1284 587.0
1285 307.0
1286 19.0
1287 203.0
1288 251.0
1289 401.0
1290 291.0
1291 44.0
1292 382.0
1293 251.0
1294 389.0
1295 191.0
1296 6.0
1297 1.0
1298 568.0
1299 316.0
1300 390.0
1301 587.0
1302 0.0
1303 396.0
1304 386.0
1305 319.0
1306 203.0
1307 532.0
1308 587.0
1309 32.0
1310 163.0
1311 103.0
1312 33.0
1313 313.0
1314 203.0
1315 587.0
1316 0.0
1317 192.0
1318 0.0
1319 506.0
1320 587.0
1321 204.0
1322 363.0
1323 251.0
1324 319.0
1325 204.0
1326 587.0
1327 363.0
1328 115.0
1329 587.0
1330 587.0
1331 0.0
1332 385.0
1333 0.0
1334 587.0
1335 531.0
1336 181.0
1337 0.0
1338 203.0
1339 392.0
1340 390.0
1341 203.0
1342 33.0
1343 316.0
1344 203.0
1345 532.0
1346 318.0
1347 180.0
1348 103.0
1349 392.0
1350 203.0
1351 204.0
1352 587.0
1353 204.0
1354 382.0
1355 203.0
1356 0.0
1357 203.0
1358 572.0
1359 318.0
1360 186.0
1361 203.0
1362 32.0
1363 204.0
1364 314.0
1365 204.0
1366 587.0
1367 0.0
1368 81.0
1369 550.0
1370 363.0
1371 316.0
1372 174.0
1373 6.0
1374 175.0
1375 488.0
1376 203.0
1377 587.0
1378 203.0
1379 251.0
1380 587.0
1381 587.0
1382 203.0
1383 363.0
1384 0.0
1385 587.0
1386 321.0
1387 488.0
1388 203.0
1389 180.0
1390 584.0
1391 175.0
1392 103.0
1393 33.0
1394 363.0
1395 207.0
1396 1.0
1397 587.0
1398 539.0
1399 33.0
1400 587.0
1401 397.0
1402 38.0
1403 587.0
1404 32.0
1405 390.0
1406 363.0
1407 180.0
1408 204.0
1409 299.0
1410 391.0
1411 231.0
1412 273.0
1413 169.0
1414 382.0
1415 393.0
1416 363.0
1417 386.0
1418 25.0
1419 0.0
1420 0.0
1421 321.0
1422 316.0
1423 0.0
1424 319.0
1425 203.0
1426 251.0
1427 38.0
1428 587.0
1429 180.0
1430 218.0
1431 587.0
1432 587.0
1433 251.0
1434 32.0
1435 0.0
1436 587.0
1437 203.0
1438 363.0
1439 103.0
1440 316.0
1441 587.0
1442 180.0
1443 363.0
1444 203.0
1445 382.0
1446 391.0
1447 1.0
1448 251.0
1449 204.0
1450 1.0
1451 313.0
1452 251.0
1453 6.0
1454 587.0
1455 0.0
1456 587.0
1457 308.0
1458 180.0
1459 169.0
1460 382.0
1461 587.0
1462 251.0
1463 203.0
1464 103.0
1465 33.0
1466 251.0
1467 587.0
1468 392.0
1469 175.0
1470 319.0
1471 251.0
1472 467.0
1473 382.0
1474 204.0
1475 203.0
1476 356.0
1477 207.0
1478 203.0
1479 587.0
1480 314.0
1481 317.0
1482 587.0
1483 587.0
1484 0.0
1485 392.0
1486 6.0
1487 563.0
1488 388.0
1489 587.0
1490 0.0
1491 203.0
1492 203.0
1493 533.0
1494 203.0
1495 203.0
1496 543.0
1497 204.0
1498 389.0
1499 587.0
1500 316.0
1501 576.0
1502 587.0
1503 334.0
1504 180.0
1505 587.0
1506 0.0
1507 389.0
1508 394.0
1509 38.0
1510 363.0
1511 391.0
1512 587.0
1513 38.0
1514 318.0
1515 186.0
1516 204.0
1517 0.0
1518 389.0
1519 317.0
1520 204.0
1521 305.0
1522 0.0
1523 314.0
1524 389.0
1525 319.0
1526 203.0
1527 93.0
1528 319.0
1529 203.0
1530 587.0
1531 363.0
1532 204.0
1533 587.0
1534 587.0
1535 38.0
1536 264.0
1537 384.0
1538 587.0
1539 349.0
1540 385.0
1541 19.0
1542 180.0
1543 316.0
1544 384.0
1545 109.0
1546 356.0
1547 387.0
1548 487.0
1549 381.0
1550 573.0
1551 180.0
1552 103.0
1553 587.0
1554 316.0
1555 6.0
1556 319.0
1557 0.0
1558 321.0
1559 394.0
1560 38.0
1561 207.0
1562 587.0
1563 392.0
1564 396.0
1565 251.0
1566 2.0
1567 169.0
1568 204.0
1569 363.0
1570 587.0
1571 152.0
1572 204.0
1573 0.0
1574 503.0
1575 587.0
1576 174.0
1577 251.0
1578 587.0
1579 169.0
1580 203.0
1581 587.0
1582 587.0
1583 587.0
1584 587.0
1585 587.0
1586 396.0
1587 1.0
1588 195.0
1589 321.0
1590 38.0
1591 587.0
1592 175.0
1593 180.0
1594 391.0
1595 49.0
1596 203.0
1597 38.0
1598 382.0
1599 317.0
1600 1.0
1601 564.0
1602 204.0
1603 308.0
1604 587.0
1605 335.0
1606 6.0
1607 319.0
1608 0.0
1609 391.0
1610 587.0
1611 38.0
1612 203.0
1613 587.0
1614 587.0
1615 251.0
1616 203.0
1617 320.0
1618 174.0
1619 169.0
1620 321.0
1621 386.0
1622 0.0
1623 308.0
1624 0.0
1625 391.0
1626 316.0
1627 204.0
1628 251.0
1629 356.0
1630 203.0
1631 38.0
1632 587.0
1633 318.0
1634 203.0
1635 587.0
1636 587.0
1637 251.0
1638 1.0
1639 391.0
1640 563.0
1641 38.0
1642 307.0
1643 87.0
1644 316.0
1645 587.0
1646 395.0
1647 103.0
1648 203.0
1649 587.0
1650 363.0
1651 389.0
1652 564.0
1653 319.0
1654 1.0
1655 587.0
1656 251.0
1657 559.0
1658 391.0
1659 363.0
1660 389.0
1661 316.0
1662 38.0
1663 255.0
1664 321.0
1665 318.0
1666 389.0
1667 316.0
1668 186.0
1669 203.0
1670 0.0
1671 389.0
1672 587.0
1673 313.0
1674 308.0
1675 363.0
1676 318.0
1677 389.0
1678 204.0
1679 6.0
1680 251.0
1681 207.0
1682 565.0
1683 587.0
1684 587.0
1685 0.0
1686 587.0
1687 587.0
1688 587.0
1689 264.0
1690 191.0
1691 587.0
1692 349.0
1693 587.0
1694 0.0
1695 169.0
1696 527.0
1697 341.0
1698 363.0
1699 363.0
1700 316.0
1701 6.0
1702 389.0
1703 573.0
1704 180.0
1705 103.0
1706 587.0
1707 316.0
1708 203.0
1709 319.0
1710 0.0
1711 382.0
1712 316.0
1713 38.0
1714 536.0
1715 382.0
1716 318.0
1717 6.0
1718 569.0
1719 555.0
1720 180.0
1721 203.0
1722 587.0
1723 315.0
1724 204.0
1725 251.0
1726 392.0
1727 309.0
1728 587.0
1729 174.0
1730 6.0
1731 505.0
1732 363.0
1733 203.0
1734 587.0
1735 363.0
1736 251.0
1737 587.0
1738 587.0
1739 38.0
1740 587.0
1741 213.0
1742 587.0
1743 203.0
1744 363.0
1745 363.0
1746 175.0
1747 316.0
1748 321.0
1749 203.0
1750 363.0
1751 573.0
1752 268.0
1753 98.0
1754 573.0
1755 391.0
1756 1.0
1757 587.0
1758 272.0
1759 398.0
1760 317.0
1761 0.0
1762 387.0
1763 363.0
1764 38.0
1765 203.0
1766 321.0
1767 587.0
1768 6.0
1769 587.0
1770 38.0
1771 251.0
1772 32.0
1773 587.0
1774 382.0
1775 38.0
1776 204.0
1777 363.0
1778 391.0
1779 587.0
1780 317.0
1781 392.0
1782 382.0
1783 495.0
1784 204.0
1785 587.0
1786 587.0
1787 317.0
1788 587.0
1789 587.0
1790 587.0
1791 0.0
1792 32.0
1793 587.0
1794 38.0
1795 587.0
1796 103.0
1797 240.0
1798 587.0
1799 533.0
1800 186.0
1801 207.0
1802 382.0
1803 363.0
1804 38.0
1805 203.0
1806 316.0
1807 204.0
1808 587.0
1809 397.0
1810 44.0
1811 392.0
1812 32.0
1813 389.0
1814 587.0
1815 38.0
1816 363.0
1817 587.0
1818 314.0
1819 225.0
1820 317.0
1821 180.0
1822 203.0
1823 313.0
1824 321.0
1825 382.0
1826 1.0
1827 207.0
1828 387.0
1829 564.0
1830 587.0
1831 251.0
1832 251.0
1833 316.0
1834 573.0
1835 38.0
1836 587.0
1837 587.0
1838 0.0
1839 587.0
1840 587.0
1841 396.0
1842 321.0
1843 191.0
1844 587.0
1845 251.0
1846 363.0
1847 0.0
1848 203.0
1849 587.0
1850 396.0
1851 363.0
1852 207.0
1853 587.0
1854 587.0
1855 389.0
1856 251.0
1857 395.0
1858 203.0
1859 587.0
1860 251.0
1861 382.0
1862 587.0
1863 0.0
1864 318.0
1865 319.0
1866 38.0
1867 386.0
1868 587.0
1869 0.0
1870 251.0
1871 363.0
1872 319.0
1873 251.0
1874 0.0
1875 587.0
1876 587.0
1877 203.0
1878 203.0
1879 370.0
1880 563.0
1881 587.0
1882 317.0
1883 0.0
1884 587.0
1885 485.0
1886 175.0
1887 587.0
1888 587.0
1889 494.0
1890 587.0
1891 587.0
1892 587.0
1893 319.0
1894 191.0
1895 587.0
1896 203.0
1897 319.0
1898 0.0
1899 251.0
1900 587.0
1901 389.0
1902 203.0
1903 312.0
1904 562.0
1905 266.0
1906 389.0
1907 203.0
1908 382.0
1909 139.0
1910 587.0
1911 400.0
1912 203.0
1913 319.0
1914 0.0
1915 363.0
1916 363.0
1917 38.0
1918 203.0
1919 382.0
1920 391.0
1921 251.0
1922 391.0
1923 38.0
1924 312.0
1925 169.0
1926 587.0
1927 587.0
1928 203.0
1929 587.0
1930 321.0
1931 573.0
1932 382.0
1933 174.0
1934 0.0
1935 395.0
1936 0.0
1937 203.0
1938 587.0
1939 363.0
1940 203.0
1941 587.0
1942 587.0
1943 538.0
1944 319.0
1945 307.0
1946 587.0
1947 317.0
1948 251.0
1949 98.0
1950 316.0
1951 587.0
1952 363.0
1953 286.0
1954 295.0
1955 573.0
1956 174.0
1957 38.0
1958 564.0
1959 316.0
1960 1.0
1961 587.0
1962 363.0
1963 363.0
1964 392.0
1965 0.0
1966 389.0
1967 316.0
1968 38.0
1969 207.0
1970 587.0
1971 587.0
1972 251.0
1973 573.0
1974 38.0
1975 387.0
1976 32.0
1977 587.0
1978 382.0
1979 0.0
1980 204.0
1981 363.0
1982 319.0
1983 303.0
1984 321.0
1985 251.0
1986 587.0
1987 0.0
1988 38.0
1989 587.0
1990 587.0
1991 251.0
1992 587.0
1993 587.0
1994 587.0
1995 386.0
1996 203.0
1997 587.0
1998 317.0
1999 363.0
2000 98.0
2001 203.0
2002 587.0
2003 389.0
2004 363.0
2005 398.0
2006 587.0
2007 310.0
2008 33.0
2009 587.0
2010 207.0
2011 204.0
2012 587.0
2013 485.0
2014 251.0
2015 319.0
2016 0.0
2017 587.0
2018 316.0
2019 38.0
2020 382.0
2021 587.0
2022 391.0
2023 44.0
2024 393.0
2025 203.0
2026 203.0
2027 0.0
2028 587.0
2029 382.0
2030 33.0
2031 0.0
2032 458.0
2033 203.0
2034 303.0
2035 251.0
2036 203.0
2037 573.0
2038 587.0
2039 175.0
2040 587.0
2041 587.0
2042 25.0
2043 587.0
2044 587.0
2045 587.0
2046 587.0
2047 307.0
2048 587.0
2049 567.0
2050 321.0
2051 19.0
2052 251.0
2053 319.0
2054 587.0
2055 203.0
2056 302.0
2057 587.0
2058 310.0
2059 389.0
2060 316.0
2061 394.0
2062 204.0
2063 587.0
2064 485.0
2065 203.0
2066 363.0
2067 0.0
2068 587.0
2069 382.0
2070 38.0
2071 204.0
2072 587.0
2073 203.0
2074 44.0
2075 579.0
2076 321.0
2077 38.0
2078 0.0
2079 587.0
2080 315.0
2081 512.0
2082 251.0
2083 363.0
2084 570.0
2085 517.0
2086 587.0
2087 6.0
2088 382.0
2089 360.0
2090 251.0
2091 587.0
2092 587.0
2093 203.0
2094 587.0
2095 587.0
2096 587.0
2097 319.0
2098 251.0
2099 587.0
2100 394.0
2101 318.0
2102 175.0
2103 251.0
2104 382.0
2105 319.0
2106 103.0
2107 321.0
2108 587.0
2109 33.0
2110 389.0
2111 587.0
2112 394.0
2113 1.0
2114 587.0
2115 587.0
2116 501.0
2117 0.0
2118 0.0
2119 389.0
2120 382.0
2121 38.0
2122 332.0
2123 382.0
2124 308.0
2125 363.0
2126 203.0
2127 203.0
2128 207.0
2129 0.0
2130 587.0
2131 587.0
2132 251.0
2133 203.0
2134 203.0
2135 573.0
2136 382.0
2137 319.0
2138 363.0
2139 382.0
2140 0.0
2141 175.0
2142 587.0
2143 587.0
2144 317.0
2145 587.0
2146 587.0
2147 587.0
2148 587.0
2149 389.0
2150 587.0
2151 587.0
2152 263.0
2153 98.0
2154 169.0
2155 382.0
2156 389.0
2157 363.0
2158 363.0
2159 573.0
2160 203.0
2161 381.0
2162 566.0
2163 587.0
2164 263.0
2165 321.0
2166 316.0
2167 396.0
2168 319.0
2169 0.0
2170 396.0
2171 316.0
2172 38.0
2173 302.0
2174 321.0
2175 392.0
2176 265.0
2177 392.0
2178 392.0
2179 207.0
2180 32.0
2181 587.0
2182 382.0
2183 508.0
2184 0.0
2185 391.0
2186 587.0
2187 304.0
2188 321.0
2189 318.0
2190 382.0
2191 587.0
2192 375.0
2193 587.0
2194 587.0
2195 204.0
2196 587.0
2197 587.0
2198 587.0
2199 363.0
2200 213.0
2201 587.0
2202 567.0
2203 264.0
2204 0.0
2205 251.0
2206 312.0
2207 386.0
2208 309.0
2209 295.0
2210 382.0
2211 307.0
2212 204.0
2213 395.0
2214 316.0
2215 204.0
2216 587.0
2217 485.0
2218 387.0
2219 317.0
2220 0.0
2221 263.0
2222 363.0
2223 38.0
2224 384.0
2225 587.0
2226 392.0
2227 44.0
2228 572.0
2229 320.0
2230 386.0
2231 0.0
2232 587.0
2233 587.0
2234 390.0
2235 319.0
2236 587.0
2237 251.0
2238 382.0
2239 382.0
2240 6.0
2241 573.0
2242 500.0
2243 363.0
2244 587.0
2245 587.0
2246 203.0
2247 587.0
2248 587.0
2249 587.0
2250 587.0
2251 363.0
2252 587.0
2253 394.0
2254 180.0
2255 0.0
2256 251.0
2257 180.0
2258 587.0
2259 363.0
2260 302.0
2261 573.0
2262 174.0
2263 386.0
2264 587.0
2265 396.0
2266 1.0
2267 587.0
2268 500.0
2269 393.0
2270 0.0
2271 0.0
2272 396.0
2273 203.0
2274 38.0
2275 203.0
2276 382.0
2277 587.0
2278 389.0
2279 317.0
2280 587.0
2281 44.0
2282 0.0
2283 587.0
2284 315.0
2285 467.0
2286 207.0
2287 394.0
2288 467.0
2289 272.0
2290 382.0
2291 0.0
2292 587.0
2293 312.0
2294 363.0
2295 587.0
2296 587.0
2297 203.0
2298 587.0
2299 587.0
2300 587.0
2301 557.0
2302 191.0
2303 587.0
2304 532.0
2305 363.0
2306 175.0
2307 203.0
2308 234.0
2309 321.0
2310 303.0
2311 363.0
2312 382.0
2313 203.0
2314 389.0
2315 587.0
2316 587.0
2317 204.0
2318 587.0
2319 316.0
2320 319.0
2321 203.0
2322 0.0
2323 396.0
2324 308.0
2325 38.0
2326 559.0
2327 587.0
2328 587.0
2329 432.0
2330 568.0
2331 587.0
2332 390.0
2333 0.0
2334 587.0
2335 382.0
2336 390.0
2337 532.0
2338 587.0
2339 313.0
2340 305.0
2341 319.0
2342 203.0
2343 382.0
2344 391.0
2345 587.0
2346 587.0
2347 587.0
2348 251.0
2349 587.0
2350 587.0
2351 587.0
2352 203.0
2353 49.0
2354 587.0
2355 567.0
2356 307.0
2357 103.0
2358 587.0
2359 38.0
2360 321.0
2361 203.0
2362 363.0
2363 487.0
2364 310.0
2365 251.0
2366 566.0
2367 316.0
2368 204.0
2369 587.0
2370 316.0
2371 363.0
2372 310.0
2373 0.0
2374 390.0
2375 304.0
2376 38.0
2377 363.0
2378 587.0
2379 392.0
2380 203.0
2381 573.0
2382 587.0
2383 286.0
2384 0.0
2385 587.0
2386 382.0
2387 251.0
2388 251.0
2389 587.0
2390 203.0
2391 272.0
2392 317.0
2393 587.0
2394 587.0
2395 500.0
2396 480.0
2397 587.0
2398 587.0
2399 203.0
2400 587.0
2401 587.0
2402 587.0
2403 387.0
2404 191.0
2405 587.0
2406 567.0
2407 363.0
2408 0.0
2409 316.0
2410 180.0
2411 587.0
2412 265.0
2413 295.0
2414 587.0
2415 373.0
2416 389.0
2417 587.0
2418 587.0
2419 275.0
2420 587.0
2421 363.0
2422 0.0
2423 310.0
2424 0.0
2425 587.0
2426 363.0
2427 38.0
2428 251.0
2429 382.0
2430 385.0
2431 347.0
2432 376.0
2433 382.0
2434 203.0
2435 0.0
2436 321.0
2437 294.0
2438 587.0
2439 203.0
2440 543.0
2441 574.0
2442 203.0
2443 382.0
2444 0.0
2445 587.0
2446 587.0
2447 395.0
2448 587.0
2449 587.0
2450 203.0
2451 587.0
2452 587.0
2453 587.0
2454 363.0
2455 0.0
2456 587.0
2457 545.0
2458 98.0
2459 38.0
2460 314.0
2461 180.0
2462 382.0
2463 203.0
2464 297.0
2465 319.0
2466 174.0
2467 370.0
2468 573.0
2469 394.0
2470 32.0
2471 587.0
2472 382.0
2473 393.0
2474 49.0
2475 0.0
2476 382.0
2477 203.0
2478 38.0
2479 382.0
2480 382.0
2481 321.0
2482 381.0
2483 251.0
2484 391.0
2485 313.0
2486 30.0
2487 587.0
2488 382.0
2489 317.0
2490 207.0
2491 318.0
2492 317.0
2493 304.0
2494 587.0
2495 203.0
2496 382.0
2497 363.0
2498 587.0
2499 587.0
2500 370.0
2501 277.0
2502 587.0
2503 587.0
2504 538.0
2505 33.0
2506 191.0
2507 587.0
2508 562.0
2509 587.0
2510 103.0
2511 203.0
2512 363.0
2513 587.0
2514 311.0
2515 363.0
2516 390.0
2517 319.0
2518 532.0
2519 587.0
2520 394.0
2521 409.0
2522 587.0
2523 587.0
2524 319.0
2525 317.0
2526 0.0
2527 389.0
2528 363.0
2529 38.0
2530 316.0
2531 587.0
2532 587.0
2533 532.0
2534 319.0
2535 587.0
2536 363.0
2537 204.0
2538 391.0
2539 587.0
2540 516.0
2541 0.0
2542 543.0
2543 313.0
2544 264.0
2545 534.0
2546 6.0
2547 587.0
2548 203.0
2549 395.0
2550 587.0
2551 370.0
2552 349.0
2553 587.0
2554 587.0
2555 587.0
2556 390.0
2557 191.0
2558 587.0
2559 203.0
2560 207.0
2561 396.0
2562 203.0
2563 587.0
2564 587.0
2565 203.0
2566 363.0
2567 319.0
2568 363.0
2569 532.0
2570 573.0
2571 382.0
2572 204.0
2573 587.0
2574 587.0
2575 363.0
2576 310.0
2577 0.0
2578 392.0
2579 394.0
2580 38.0
2581 587.0
2582 587.0
2583 392.0
2584 186.0
2585 203.0
2586 321.0
2587 264.0
2588 0.0
2589 587.0
2590 587.0
2591 363.0
2592 0.0
2593 587.0
2594 392.0
2595 587.0
2596 587.0
2597 0.0
2598 587.0
2599 500.0
2600 587.0
2601 587.0
2602 318.0
2603 204.0
2604 587.0
2605 587.0
2606 392.0
2607 587.0
2608 545.0
2609 587.0
2610 317.0
2611 488.0
2612 0.0
2613 251.0
2614 389.0
2615 382.0
2616 186.0
2617 295.0
2618 587.0
2619 17.0
2620 587.0
2621 316.0
2622 316.0
2623 1.0
2624 587.0
2625 382.0
2626 0.0
2627 203.0
2628 0.0
2629 321.0
2630 321.0
2631 38.0
2632 382.0
2633 321.0
2634 385.0
2635 376.0
2636 579.0
2637 393.0
2638 203.0
2639 0.0
2640 587.0
2641 587.0
2642 319.0
2643 203.0
2644 321.0
2645 203.0
2646 180.0
2647 321.0
2648 251.0
2649 587.0
2650 587.0
2651 396.0
2652 587.0
2653 363.0
2654 203.0
2655 587.0
2656 587.0
2657 587.0
2658 587.0
2659 198.0
2660 587.0
2661 333.0
2662 449.0
2663 175.0
2664 316.0
2665 392.0
2666 382.0
2667 393.0
2668 295.0
2669 363.0
2670 17.0
2671 462.0
2672 587.0
2673 251.0
2674 251.0
2675 587.0
2676 587.0
2677 363.0
2678 310.0
2679 0.0
2680 389.0
2681 363.0
2682 38.0
2683 587.0
2684 321.0
2685 391.0
2686 388.0
2687 579.0
2688 587.0
2689 587.0
2690 32.0
2691 587.0
2692 587.0
2693 251.0
2694 311.0
2695 543.0
2696 203.0
2697 389.0
2698 587.0
2699 0.0
2700 587.0
2701 385.0
2702 389.0
2703 587.0
2704 587.0
2705 317.0
2706 587.0
2707 587.0
2708 543.0
2709 539.0
2710 203.0
2711 587.0
2712 382.0
2713 587.0
2714 103.0
2715 204.0
2716 312.0
2717 319.0
2718 284.0
2719 295.0
2720 587.0
2721 319.0
2722 386.0
2723 587.0
2724 392.0
2725 204.0
2726 321.0
2727 587.0
2728 319.0
2729 251.0
2730 0.0
2731 587.0
2732 394.0
2733 38.0
2734 573.0
2735 587.0
2736 587.0
2737 186.0
2738 319.0
2739 391.0
2740 207.0
2741 0.0
2742 587.0
2743 313.0
2744 390.0
2745 0.0
2746 587.0
2747 203.0
2748 304.0
2749 573.0
2750 0.0
2751 587.0
2752 203.0
2753 389.0
2754 587.0
2755 587.0
2756 203.0
2757 587.0
2758 587.0
2759 587.0
2760 382.0
2761 203.0
2762 587.0
2763 203.0
2764 207.0
2765 0.0
2766 251.0
2767 587.0
2768 573.0
2769 186.0
2770 363.0
2771 587.0
2772 363.0
2773 587.0
2774 587.0
2775 316.0
2776 204.0
2777 587.0
2778 587.0
2779 374.0
2780 319.0
2781 0.0
2782 391.0
2783 328.0
2784 38.0
2785 382.0
2786 587.0
2787 587.0
2788 587.0
2789 573.0
2790 392.0
2791 207.0
2792 0.0
2793 587.0
2794 363.0
2795 319.0
2796 0.0
2797 318.0
2798 587.0
2799 389.0
2800 587.0
2801 363.0
2802 587.0
2803 392.0
2804 587.0
2805 587.0
2806 587.0
2807 203.0
2808 587.0
2809 587.0
2810 587.0
2811 587.0
2812 321.0
2813 587.0
2814 203.0
2815 587.0
2816 0.0
2817 44.0
2818 389.0
2819 397.0
2820 286.0
2821 295.0
2822 587.0
2823 0.0
2824 321.0
2825 396.0
2826 316.0
2827 203.0
2828 587.0
2829 382.0
2830 0.0
2831 310.0
2832 0.0
2833 321.0
2834 363.0
2835 38.0
2836 382.0
2837 587.0
2838 0.0
2839 363.0
2840 587.0
2841 321.0
2842 203.0
2843 25.0
2844 587.0
2845 587.0
2846 203.0
2847 305.0
2848 543.0
2849 175.0
2850 389.0
2851 321.0
2852 319.0
2853 587.0
2854 385.0
2855 587.0
2856 587.0
2857 587.0
2858 251.0
2859 587.0
2860 587.0
2861 587.0
2862 587.0
2863 203.0
2864 587.0
2865 203.0
2866 488.0
2867 103.0
2868 169.0
2869 234.0
2870 393.0
2871 203.0
2872 295.0
2873 321.0
2874 17.0
2875 388.0
2876 396.0
2877 251.0
2878 587.0
2879 587.0
2880 321.0
2881 342.0
2882 0.0
2883 0.0
2884 382.0
2885 308.0
2886 38.0
2887 587.0
2888 587.0
2889 587.0
2890 186.0
2891 393.0
2892 587.0
2893 203.0
2894 0.0
2895 587.0
2896 568.0
2897 203.0
2898 203.0
2899 587.0
2900 30.0
2901 305.0
2902 534.0
2903 203.0
2904 587.0
2905 321.0
2906 587.0
2907 587.0
2908 587.0
2909 358.0
2910 587.0
2911 587.0
2912 587.0
2913 483.0
2914 319.0
2915 587.0
2916 321.0
2917 363.0
2918 175.0
2919 251.0
2920 234.0
2921 319.0
2922 32.0
2923 363.0
2924 587.0
2925 587.0
2926 391.0
2927 587.0
2928 302.0
2929 203.0
2930 363.0
2931 587.0
2932 0.0
2933 17.0
2934 0.0
2935 391.0
2936 0.0
2937 38.0
2938 573.0
2939 587.0
2940 392.0
2941 542.0
2942 573.0
2943 587.0
2944 363.0
2945 0.0
2946 587.0
2947 587.0
2948 482.0
2949 0.0
2950 587.0
2951 203.0
2952 587.0
2953 587.0
2954 587.0
2955 587.0
2956 391.0
2957 587.0
2958 587.0
2959 587.0
2960 0.0
2961 587.0
2962 587.0
2963 587.0
2964 587.0
2965 203.0
2966 587.0
2967 38.0
2968 307.0
2969 0.0
2970 587.0
2971 392.0
2972 587.0
2973 103.0
2974 313.0
2975 587.0
2976 363.0
2977 383.0
2978 587.0
2979 321.0
2980 314.0
2981 319.0
2982 382.0
2983 6.0
2984 310.0
2985 0.0
2986 391.0
2987 204.0
2988 38.0
2989 382.0
2990 587.0
2991 321.0
2992 180.0
2993 317.0
2994 319.0
2995 207.0
2996 32.0
2997 321.0
2998 587.0
2999 0.0
3000 587.0
3001 363.0
3002 251.0
3003 272.0
3004 321.0
3005 319.0
3006 587.0
3007 587.0
3008 587.0
3009 587.0
3010 587.0
3011 203.0
3012 587.0
3013 587.0
3014 587.0
3015 319.0
3016 309.0
3017 587.0
3018 38.0
3019 587.0
3020 0.0
3021 203.0
3022 389.0
3023 395.0
3024 118.0
3025 302.0
3026 587.0
3027 203.0
3028 388.0
3029 396.0
3030 394.0
3031 1.0
3032 319.0
3033 587.0
3034 374.0
3035 309.0
3036 0.0
3037 388.0
3038 203.0
3039 38.0
3040 321.0
3041 587.0
3042 587.0
3043 114.0
3044 587.0
3045 587.0
3046 44.0
3047 169.0
3048 587.0
3049 587.0
3050 508.0
3051 203.0
3052 587.0
3053 204.0
3054 290.0
3055 587.0
3056 393.0
3057 587.0
3058 587.0
3059 318.0
3060 587.0
3061 587.0
3062 587.0
3063 587.0
3064 587.0
3065 320.0
3066 33.0
3067 309.0
3068 587.0
3069 587.0
3070 392.0
3071 103.0
3072 251.0
3073 316.0
3074 587.0
3075 363.0
3076 310.0
3077 587.0
3078 514.0
3079 381.0
3080 587.0
3081 391.0
3082 251.0
3083 385.0
3084 587.0
3085 180.0
3086 49.0
3087 0.0
3088 388.0
3089 203.0
3090 38.0
3091 316.0
3092 321.0
3093 392.0
3094 202.0
3095 587.0
3096 587.0
3097 49.0
3098 0.0
3099 587.0
3100 587.0
3101 587.0
3102 321.0
3103 587.0
3104 204.0
3105 305.0
3106 573.0
3107 363.0
3108 587.0
3109 587.0
3110 587.0
3111 587.0
3112 587.0
3113 251.0
3114 587.0
3115 587.0
3116 587.0
3117 319.0
3118 587.0
3119 587.0
3120 203.0
3121 363.0
3122 103.0
3123 251.0
3124 587.0
3125 587.0
3126 437.0
3127 295.0
3128 587.0
3129 363.0
3130 381.0
3131 570.0
3132 316.0
3133 204.0
3134 392.0
3135 321.0
3136 0.0
3137 33.0
3138 103.0
3139 536.0
3140 204.0
3141 38.0
3142 382.0
3143 587.0
3144 391.0
3145 203.0
3146 393.0
3147 310.0
3148 321.0
3149 0.0
3150 382.0
3151 587.0
3152 587.0
3153 204.0
3154 587.0
3155 207.0
3156 203.0
3157 587.0
3158 363.0
3159 587.0
3160 587.0
3161 395.0
3162 587.0
3163 370.0
3164 203.0
3165 587.0
3166 587.0
3167 587.0
3168 301.0
3169 545.0
3170 587.0
3171 203.0
3172 587.0
3173 25.0
3174 234.0
3175 389.0
3176 587.0
3177 103.0
3178 302.0
3179 587.0
3180 363.0
3181 391.0
3182 587.0
3183 587.0
3184 203.0
3185 587.0
3186 587.0
3187 0.0
3188 307.0
3189 33.0
3190 587.0
3191 316.0
3192 38.0
3193 363.0
3194 587.0
3195 318.0
3196 186.0
3197 573.0
3198 587.0
3199 313.0
3200 32.0
3201 587.0
3202 321.0
3203 387.0
3204 204.0
3205 587.0
3206 203.0
3207 203.0
3208 587.0
3209 374.0
3210 587.0
3211 587.0
3212 313.0
3213 587.0
3214 587.0
3215 0.0
3216 587.0
3217 587.0
3218 587.0
3219 483.0
3220 319.0
3221 587.0
3222 38.0
3223 385.0
3224 19.0
3225 321.0
3226 316.0
3227 395.0
3228 543.0
3229 391.0
3230 587.0
3231 32.0
3232 386.0
3233 587.0
3234 532.0
3235 0.0
3236 573.0
3237 587.0
3238 319.0
3239 310.0
3240 0.0
3241 251.0
3242 304.0
3243 38.0
3244 587.0
3245 587.0
3246 392.0
3247 186.0
3248 321.0
3249 251.0
3250 557.0
3251 32.0
3252 587.0
3253 587.0
3254 531.0
3255 203.0
3256 587.0
3257 0.0
3258 303.0
3259 573.0
3260 393.0
3261 587.0
3262 203.0
3263 318.0
3264 587.0
3265 318.0
3266 251.0
3267 587.0
3268 587.0
3269 587.0
3270 319.0
3271 564.0
3272 587.0
3273 38.0
3274 363.0
3275 175.0
3276 44.0
3277 319.0
3278 587.0
3279 320.0
3280 398.0
3281 587.0
3282 319.0
3283 381.0
3284 251.0
3285 319.0
3286 204.0
3287 392.0
3288 382.0
3289 319.0
3290 251.0
3291 363.0
3292 587.0
3293 308.0
3294 38.0
3295 382.0
3296 321.0
3297 392.0
3298 33.0
3299 391.0
3300 587.0
3301 587.0
3302 0.0
3303 587.0
3304 587.0
3305 587.0
3306 0.0
3307 587.0
3308 25.0
3309 203.0
3310 587.0
3311 203.0
3312 587.0
3313 390.0
3314 587.0
3315 587.0
3316 587.0
3317 203.0
3318 587.0
3319 587.0
3320 587.0
3321 557.0
3322 309.0
3323 587.0
3324 203.0
3325 321.0
3326 98.0
3327 203.0
3328 392.0
3329 587.0
3330 109.0
3331 363.0
3332 363.0
3333 319.0
3334 363.0
3335 587.0
3336 321.0
3337 363.0
3338 587.0
3339 321.0
3340 203.0
3341 310.0
3342 33.0
3343 587.0
3344 251.0
3345 38.0
3346 316.0
3347 587.0
3348 321.0
3349 203.0
3350 318.0
3351 310.0
3352 587.0
3353 0.0
3354 587.0
3355 587.0
3356 467.0
3357 203.0
3358 396.0
3359 186.0
3360 522.0
3361 321.0
3362 382.0
3363 587.0
3364 391.0
3365 395.0
3366 587.0
3367 370.0
3368 203.0
3369 587.0
3370 587.0
3371 587.0
3372 587.0
3373 321.0
3374 587.0
3375 382.0
3376 307.0
3377 0.0
3378 251.0
3379 389.0
3380 382.0
3381 103.0
3382 321.0
3383 321.0
3384 0.0
3385 386.0
3386 587.0
3387 382.0
3388 251.0
3389 587.0
3390 587.0
3391 363.0
3392 310.0
3393 390.0
3394 587.0
3395 316.0
3396 38.0
3397 382.0
3398 587.0
3399 181.0
3400 186.0
3401 587.0
3402 587.0
3403 587.0
3404 0.0
3405 587.0
3406 587.0
3407 25.0
3408 203.0
3409 396.0
3410 0.0
3411 203.0
3412 321.0
3413 319.0
3414 587.0
3415 203.0
3416 395.0
3417 587.0
3418 587.0
3419 203.0
3420 587.0
3421 587.0
3422 587.0
3423 488.0
3424 545.0
3425 587.0
3426 38.0
3427 296.0
3428 0.0
3429 587.0
3430 312.0
3431 587.0
3432 286.0
3433 302.0
3434 319.0
3435 17.0
3436 386.0
3437 587.0
3438 587.0
3439 541.0
3440 382.0
3441 321.0
3442 382.0
3443 174.0
3444 0.0
3445 203.0
3446 316.0
3447 38.0
3448 543.0
3449 321.0
3450 587.0
3451 186.0
3452 391.0
3453 203.0
3454 587.0
3455 0.0
3456 321.0
3457 587.0
3458 395.0
3459 0.0
3460 525.0
3461 0.0
3462 203.0
3463 573.0
3464 393.0
3465 587.0
3466 587.0
3467 294.0
3468 587.0
3469 587.0
3470 203.0
3471 587.0
3472 587.0
3473 587.0
3474 587.0
3475 545.0
3476 587.0
3477 38.0
3478 98.0
3479 203.0
3480 203.0
3481 312.0
3482 587.0
3483 103.0
3484 363.0
3485 587.0
3486 363.0
3487 251.0
3488 396.0
3489 587.0
3490 204.0
3491 587.0
3492 381.0
3493 532.0
3494 264.0
3495 0.0
3496 6.0
3497 382.0
3498 38.0
3499 316.0
3500 587.0
3501 587.0
3502 373.0
3503 587.0
3504 245.0
3505 587.0
3506 0.0
3507 363.0
3508 587.0
3509 575.0
3510 203.0
3511 388.0
3512 203.0
3513 203.0
3514 587.0
3515 319.0
3516 587.0
3517 392.0
3518 389.0
3519 587.0
3520 370.0
3521 251.0
3522 587.0
3523 587.0
3524 587.0
3525 319.0
3526 309.0
3527 587.0
3528 203.0
3529 307.0
3530 103.0
3531 203.0
3532 180.0
3533 587.0
3534 98.0
3535 363.0
3536 382.0
3537 363.0
3538 381.0
3539 587.0
3540 587.0
3541 33.0
3542 587.0
3543 587.0
3544 543.0
3545 310.0
3546 203.0
3547 390.0
3548 587.0
3549 38.0
3550 316.0
3551 587.0
3552 382.0
3553 203.0
3554 587.0
3555 203.0
3556 391.0
3557 0.0
3558 363.0
3559 587.0
3560 467.0
3561 203.0
3562 587.0
3563 203.0
3564 32.0
3565 587.0
3566 587.0
3567 587.0
3568 587.0
3569 587.0
3570 587.0
3571 370.0
3572 0.0
3573 587.0
3574 587.0
3575 587.0
3576 382.0
3577 313.0
3578 587.0
3579 38.0
3580 307.0
3581 0.0
3582 587.0
3583 331.0
3584 382.0
3585 109.0
3586 297.0
3587 587.0
3588 0.0
3589 587.0
3590 396.0
3591 587.0
3592 32.0
3593 587.0
3594 321.0
3595 319.0
3596 307.0
3597 498.0
3598 0.0
3599 587.0
3600 38.0
3601 363.0
3602 382.0
3603 203.0
3604 203.0
3605 587.0
3606 251.0
3607 562.0
3608 0.0
3609 363.0
3610 392.0
3611 395.0
3612 203.0
3613 587.0
3614 0.0
3615 203.0
3616 587.0
3617 363.0
3618 587.0
3619 587.0
3620 395.0
3621 587.0
3622 318.0
3623 203.0
3624 587.0
3625 587.0
3626 587.0
3627 385.0
3628 543.0
3629 587.0
3630 203.0
3631 385.0
3632 0.0
3633 314.0
3634 316.0
3635 587.0
3636 203.0
3637 391.0
3638 587.0
3639 319.0
3640 587.0
3641 319.0
3642 587.0
3643 204.0
3644 392.0
3645 321.0
3646 463.0
3647 251.0
3648 363.0
3649 203.0
3650 587.0
3651 38.0
3652 587.0
3653 587.0
3654 385.0
3655 186.0
3656 391.0
3657 310.0
3658 391.0
3659 0.0
3660 587.0
3661 587.0
3662 575.0
3663 163.0
3664 587.0
3665 0.0
3666 203.0
3667 587.0
3668 363.0
3669 587.0
3670 587.0
3671 318.0
3672 587.0
3673 318.0
3674 251.0
3675 587.0
3676 587.0
3677 587.0
3678 394.0
3679 309.0
3680 587.0
3681 567.0
3682 587.0
3683 175.0
3684 203.0
3685 392.0
3686 587.0
3687 203.0
3688 363.0
3689 587.0
3690 363.0
3691 381.0
3692 203.0
3693 587.0
3694 204.0
3695 587.0
3696 587.0
3697 482.0
3698 315.0
3699 251.0
3700 391.0
3701 587.0
3702 38.0
3703 316.0
3704 587.0
3705 587.0
3706 80.0
3707 392.0
3708 587.0
3709 587.0
3710 0.0
3711 363.0
3712 318.0
3713 14.0
3714 87.0
3715 587.0
3716 203.0
3717 577.0
3718 587.0
3719 363.0
3720 587.0
3721 0.0
3722 587.0
3723 587.0
3724 363.0
3725 203.0
3726 587.0
3727 587.0
3728 587.0
3729 587.0
3730 319.0
3731 587.0
3732 388.0
3733 382.0
3734 175.0
3735 203.0
3736 382.0
3737 382.0
3738 98.0
3739 363.0
3740 321.0
3741 0.0
3742 391.0
3743 38.0
3744 587.0
3745 33.0
3746 587.0
3747 587.0
3748 543.0
3749 309.0
3750 203.0
3751 363.0
3752 587.0
3753 38.0
3754 543.0
3755 587.0
3756 385.0
3757 271.0
3758 587.0
3759 251.0
3760 313.0
3761 0.0
3762 321.0
3763 587.0
3764 203.0
3765 161.0
3766 390.0
3767 203.0
3768 203.0
3769 587.0
3770 363.0
3771 587.0
3772 587.0
3773 587.0
3774 587.0
3775 587.0
3776 0.0
3777 587.0
3778 587.0
3779 587.0
3780 587.0
3781 536.0
3782 587.0
3783 587.0
3784 587.0
3785 0.0
3786 316.0
3787 312.0
3788 382.0
3789 203.0
3790 319.0
3791 392.0
3792 374.0
3793 386.0
3794 186.0
3795 382.0
3796 204.0
3797 363.0
3798 321.0
3799 402.0
3800 307.0
3801 0.0
3802 587.0
3803 587.0
3804 38.0
3805 316.0
3806 382.0
3807 391.0
3808 186.0
3809 587.0
3810 587.0
3811 587.0
3812 169.0
3813 363.0
3814 587.0
3815 467.0
3816 203.0
3817 587.0
3818 0.0
3819 203.0
3820 587.0
3821 587.0
3822 587.0
3823 587.0
3824 587.0
3825 587.0
3826 318.0
3827 364.0
3828 587.0
3829 587.0
3830 587.0
3831 382.0
3832 587.0
3833 587.0
3834 377.0
3835 587.0
3836 0.0
3837 555.0
3838 382.0
3839 587.0
3840 203.0
3841 319.0
3842 319.0
3843 319.0
3844 318.0
3845 587.0
3846 319.0
3847 32.0
3848 587.0
3849 321.0
3850 251.0
3851 180.0
3852 0.0
3853 313.0
3854 316.0
3855 38.0
3856 587.0
3857 321.0
3858 392.0
3859 488.0
3860 587.0
3861 314.0
3862 363.0
3863 0.0
3864 382.0
3865 318.0
3866 575.0
3867 203.0
3868 363.0
3869 30.0
3870 203.0
3871 587.0
3872 203.0
3873 587.0
3874 511.0
3875 587.0
3876 587.0
3877 370.0
3878 364.0
3879 587.0
3880 587.0
3881 587.0
3882 587.0
3883 309.0
3884 587.0
3885 321.0
3886 321.0
3887 98.0
3888 203.0
3889 363.0
3890 587.0
3891 32.0
3892 318.0
3893 321.0
3894 38.0
3895 318.0
3896 203.0
3897 587.0
3898 251.0
3899 587.0
3900 587.0
3901 363.0
3902 309.0
3903 397.0
3904 310.0
3905 363.0
3906 38.0
3907 382.0
3908 587.0
3909 392.0
3910 381.0
3911 587.0
3912 203.0
3913 463.0
3914 0.0
3915 587.0
3916 392.0
3917 575.0
3918 0.0
3919 390.0
3920 170.0
3921 290.0
3922 587.0
3923 203.0
3924 587.0
3925 203.0
3926 587.0
3927 587.0
3928 370.0
3929 0.0
3930 587.0
3931 587.0
3932 587.0
3933 587.0
3934 313.0
3935 587.0
3936 321.0
3937 317.0
3938 98.0
3939 384.0
3940 389.0
3941 395.0
3942 32.0
3943 265.0
3944 321.0
3945 374.0
3946 587.0
3947 316.0
3948 382.0
3949 204.0
3950 382.0
3951 587.0
3952 318.0
3953 309.0
3954 109.0
3955 545.0
3956 251.0
3957 38.0
3958 321.0
3959 587.0
3960 312.0
3961 203.0
3962 587.0
3963 587.0
3964 207.0
3965 0.0
3966 363.0
3967 587.0
3968 535.0
3969 0.0
3970 587.0
3971 170.0
3972 203.0
3973 587.0
3974 319.0
3975 587.0
3976 363.0
3977 587.0
3978 587.0
3979 587.0
3980 251.0
3981 587.0
3982 587.0
3983 587.0
3984 382.0
3985 545.0
3986 587.0
3987 203.0
3988 587.0
3989 25.0
3990 316.0
3991 587.0
3992 573.0
3993 38.0
3994 313.0
3995 587.0
3996 319.0
3997 587.0
3998 204.0
3999 587.0
4000 204.0
4001 382.0
4002 587.0
4003 392.0
4004 180.0
4005 204.0
4006 587.0
4007 587.0
4008 38.0
4009 316.0
4010 382.0
4011 392.0
4012 186.0
4013 587.0
4014 203.0
4015 313.0
4016 251.0
4017 587.0
4018 313.0
4019 467.0
4020 0.0
4021 587.0
4022 0.0
4023 180.0
4024 587.0
4025 373.0
4026 587.0
4027 390.0
4028 587.0
4029 587.0
4030 321.0
4031 265.0
4032 587.0
4033 587.0
4034 587.0
4035 587.0
4036 587.0
4037 587.0
4038 453.0
4039 321.0
4040 19.0
4041 203.0
4042 316.0
4043 573.0
4044 109.0
4045 363.0
4046 587.0
4047 203.0
4048 381.0
4049 203.0
4050 587.0
4051 1.0
4052 319.0
4053 321.0
4054 395.0
4055 180.0
4056 0.0
4057 310.0
4058 363.0
4059 38.0
4060 587.0
4061 587.0
4062 385.0
4063 186.0
4064 587.0
4065 186.0
4066 38.0
4067 0.0
4068 587.0
4069 587.0
4070 528.0
4071 203.0
4072 587.0
4073 251.0
4074 203.0
4075 587.0
4076 6.0
4077 587.0
4078 0.0
4079 395.0
4080 587.0
4081 363.0
4082 0.0
4083 587.0
4084 587.0
4085 587.0
4086 587.0
4087 318.0
4088 587.0
4089 268.0
4090 294.0
4091 98.0
4092 203.0
4093 382.0
4094 395.0
4095 32.0
4096 263.0
4097 587.0
4098 319.0
4099 587.0
4100 38.0
4101 382.0
4102 204.0
4103 363.0
4104 321.0
4105 251.0
4106 309.0
4107 138.0
4108 391.0
4109 382.0
4110 207.0
4111 386.0
4112 587.0
4113 391.0
4114 363.0
4115 587.0
4116 587.0
4117 251.0
4118 0.0
4119 587.0
4120 392.0
4121 528.0
4122 203.0
4123 587.0
4124 170.0
4125 203.0
4126 587.0
4127 203.0
4128 587.0
4129 587.0
4130 318.0
4131 587.0
4132 587.0
4133 0.0
4134 587.0
4135 587.0
4136 392.0
4137 587.0
4138 587.0
4139 587.0
4140 562.0
4141 587.0
4142 534.0
4143 450.0
4144 382.0
4145 587.0
4146 103.0
4147 203.0
4148 382.0
4149 363.0
4150 391.0
4151 203.0
4152 587.0
4153 204.0
4154 321.0
4155 321.0
4156 203.0
4157 309.0
4158 348.0
4159 395.0
4160 394.0
4161 38.0
4162 382.0
4163 321.0
4164 318.0
4165 251.0
4166 392.0
4167 38.0
4168 207.0
4169 0.0
4170 587.0
4171 587.0
4172 531.0
4173 0.0
4174 587.0
4175 390.0
4176 203.0
4177 587.0
4178 203.0
4179 587.0
4180 363.0
4181 392.0
4182 587.0
4183 318.0
4184 203.0
4185 587.0
4186 587.0
4187 203.0
4188 382.0
4189 587.0
4190 587.0
4191 377.0
4192 587.0
4193 0.0
4194 587.0
4195 587.0
4196 587.0
4197 194.0
4198 319.0
4199 321.0
4200 564.0
4201 321.0
4202 396.0
4203 587.0
4204 204.0
4205 587.0
4206 587.0
4207 587.0
4208 309.0
4209 389.0
4210 321.0
4211 363.0
4212 32.0
4213 373.0
4214 587.0
4215 314.0
4216 186.0
4217 587.0
4218 245.0
4219 207.0
4220 0.0
4221 587.0
4222 587.0
4223 474.0
4224 0.0
4225 543.0
4226 25.0
4227 203.0
4228 587.0
4229 203.0
4230 587.0
4231 203.0
4232 587.0
4233 587.0
4234 587.0
4235 587.0
4236 587.0
4237 587.0
4238 392.0
4239 382.0
4240 313.0
4241 587.0
4242 587.0
4243 587.0
4244 0.0
4245 321.0
4246 587.0
4247 321.0
4248 384.0
4249 363.0
4250 319.0
4251 203.0
4252 363.0
4253 534.0
4254 587.0
4255 33.0
4256 573.0
4257 587.0
4258 319.0
4259 180.0
4260 203.0
4261 313.0
4262 363.0
4263 382.0
4264 587.0
4265 587.0
4266 587.0
4267 33.0
4268 587.0
4269 229.0
4270 207.0
4271 0.0
4272 587.0
4273 587.0
4274 528.0
4275 203.0
4276 587.0
4277 207.0
4278 33.0
4279 587.0
4280 319.0
4281 587.0
4282 203.0
4283 313.0
4284 587.0
4285 363.0
4286 203.0
4287 587.0
4288 587.0
4289 396.0
4290 587.0
4291 363.0
4292 587.0
4293 386.0
4294 587.0
4295 98.0
4296 396.0
4297 587.0
4298 587.0
4299 98.0
4300 398.0
4301 587.0
4302 203.0
4303 587.0
4304 251.0
4305 587.0
4306 321.0
4307 587.0
4308 321.0
4309 573.0
4310 251.0
4311 392.0
4312 313.0
4313 394.0
4314 218.0
4315 382.0
4316 587.0
4317 587.0
4318 33.0
4319 392.0
4320 318.0
4321 363.0
4322 0.0
4323 587.0
4324 587.0
4325 203.0
4326 203.0
4327 587.0
4328 251.0
4329 587.0
4330 587.0
4331 374.0
4332 587.0
4333 587.0
4334 587.0
4335 587.0
4336 321.0
4337 203.0
4338 587.0
4339 587.0
4340 538.0
4341 587.0
4342 587.0
4343 587.0
4344 321.0
4345 587.0
4346 98.0
4347 321.0
4348 587.0
4349 587.0
4350 118.0
4351 295.0
4352 382.0
4353 374.0
4354 587.0
4355 251.0
4356 587.0
4357 204.0
4358 321.0
4359 321.0
4360 363.0
4361 309.0
4362 389.0
4363 396.0
4364 394.0
4365 316.0
4366 543.0
4367 321.0
4368 0.0
4369 186.0
4370 587.0
4371 587.0
4372 38.0
4373 0.0
4374 587.0
4375 392.0
4376 488.0
4377 0.0
4378 388.0
4379 204.0
4380 203.0
4381 587.0
4382 392.0
4383 587.0
4384 587.0
4385 587.0
4386 587.0
4387 587.0
4388 321.0
4389 587.0
4390 587.0
4391 543.0
4392 382.0
4393 318.0
4394 587.0
4395 203.0
4396 321.0
4397 87.0
4398 587.0
4399 587.0
4400 587.0
4401 109.0
4402 310.0
4403 319.0
4404 373.0
4405 318.0
4406 316.0
4407 587.0
4408 32.0
4409 587.0
4410 587.0
4411 392.0
4412 180.0
4413 338.0
4414 587.0
4415 587.0
4416 203.0
4417 302.0
4418 382.0
4419 251.0
4420 103.0
4421 587.0
4422 587.0
4423 587.0
4424 0.0
4425 587.0
4426 587.0
4427 528.0
4428 461.0
4429 587.0
4430 0.0
4431 32.0
4432 587.0
4433 203.0
4434 587.0
4435 0.0
4436 318.0
4437 587.0
4438 370.0
4439 104.0
4440 587.0
4441 587.0
4442 391.0
4443 394.0
4444 587.0
4445 587.0
4446 521.0
4447 296.0
4448 98.0
4449 587.0
4450 587.0
4451 587.0
4452 32.0
4453 391.0
4454 587.0
4455 373.0
4456 587.0
4457 564.0
4458 587.0
4459 363.0
4460 587.0
4461 587.0
4462 374.0
4463 295.0
4464 49.0
4465 318.0
4466 316.0
4467 382.0
4468 382.0
4469 321.0
4470 251.0
4471 33.0
4472 587.0
4473 587.0
4474 363.0
4475 0.0
4476 587.0
4477 318.0
4478 528.0
4479 203.0
4480 587.0
4481 170.0
4482 1.0
4483 587.0
4484 363.0
4485 587.0
4486 587.0
4487 363.0
4488 587.0
4489 318.0
4490 203.0
4491 587.0
4492 587.0
4493 568.0
4494 587.0
4495 587.0
4496 587.0
4497 587.0
4498 587.0
4499 0.0
4500 540.0
4501 319.0
4502 587.0
4503 5.0
4504 363.0
4505 382.0
4506 373.0
4507 587.0
4508 251.0
4509 587.0
4510 204.0
4511 587.0
4512 321.0
4513 319.0
4514 309.0
4515 348.0
4516 587.0
4517 587.0
4518 308.0
4519 382.0
4520 587.0
4521 169.0
4522 33.0
4523 587.0
4524 587.0
4525 587.0
4526 0.0
4527 587.0
4528 370.0
4529 203.0
4530 394.0
4531 587.0
4532 587.0
4533 0.0
4534 587.0
4535 363.0
4536 587.0
4537 390.0
4538 363.0
4539 587.0
4540 319.0
4541 0.0
4542 587.0
4543 587.0
4544 6.0
4545 321.0
4546 321.0
4547 587.0
4548 203.0
4549 487.0
4550 392.0
4551 321.0
4552 587.0
4553 587.0
4554 203.0
4555 363.0
4556 587.0
4557 38.0
4558 587.0
4559 313.0
4560 587.0
4561 33.0
4562 587.0
4563 321.0
4564 203.0
4565 251.0
4566 308.0
4567 587.0
4568 394.0
4569 203.0
4570 218.0
4571 587.0
4572 251.0
4573 87.0
4574 587.0
4575 587.0
4576 557.0
4577 0.0
4578 587.0
4579 370.0
4580 467.0
4581 0.0
4582 587.0
4583 30.0
4584 32.0
4585 587.0
4586 587.0
4587 587.0
4588 0.0
4589 318.0
4590 587.0
4591 370.0
4592 317.0
4593 587.0
4594 587.0
4595 0.0
4596 382.0
4597 587.0
4598 587.0
4599 268.0
4600 296.0
4601 103.0
4602 587.0
4603 587.0
4604 587.0
4605 33.0
4606 316.0
4607 587.0
4608 564.0
4609 587.0
4610 587.0
4611 587.0
4612 33.0
4613 587.0
4614 587.0
4615 363.0
4616 180.0
4617 251.0
4618 587.0
4619 363.0
4620 203.0
4621 316.0
4622 321.0
4623 569.0
4624 87.0
4625 392.0
4626 587.0
4627 313.0
4628 0.0
4629 587.0
4630 314.0
4631 528.0
4632 587.0
4633 587.0
4634 170.0
4635 32.0
4636 587.0
4637 363.0
4638 587.0
4639 203.0
4640 294.0
4641 587.0
4642 370.0
4643 218.0
4644 587.0
4645 587.0
4646 251.0
4647 587.0
4648 587.0
4649 587.0
4650 381.0
4651 587.0
4652 19.0
4653 398.0
4654 316.0
4655 587.0
4656 33.0
4657 394.0
4658 587.0
4659 363.0
4660 363.0
4661 251.0
4662 587.0
4663 204.0
4664 587.0
4665 587.0
4666 363.0
4667 309.0
4668 338.0
4669 587.0
4670 587.0
4671 308.0
4672 321.0
4673 587.0
4674 587.0
4675 33.0
4676 318.0
4677 587.0
4678 251.0
4679 0.0
4680 587.0
4681 318.0
4682 467.0
4683 203.0
4684 587.0
4685 56.0
4686 0.0
4687 587.0
4688 573.0
4689 587.0
4690 587.0
4691 392.0
4692 587.0
4693 587.0
4694 203.0
4695 587.0
4696 587.0
4697 568.0
4698 587.0
4699 318.0
4700 587.0
4701 587.0
4702 383.0
4703 0.0
4704 393.0
4705 587.0
4706 587.0
4707 502.0
4708 203.0
4709 321.0
4710 0.0
4711 587.0
4712 587.0
4713 587.0
4714 204.0
4715 587.0
4716 321.0
4717 363.0
4718 309.0
4719 349.0
4720 587.0
4721 382.0
4722 308.0
4723 382.0
4724 587.0
4725 38.0
4726 33.0
4727 587.0
4728 587.0
4729 363.0
4730 0.0
4731 587.0
4732 467.0
4733 531.0
4734 0.0
4735 587.0
4736 0.0
4737 587.0
4738 587.0
4739 573.0
4740 587.0
4741 587.0
4742 395.0
4743 587.0
4744 587.0
4745 316.0
4746 587.0
4747 543.0
4748 0.0
4749 587.0
4750 321.0
4751 587.0
4752 321.0
4753 319.0
4754 98.0
4755 316.0
4756 587.0
4757 587.0
4758 5.0
4759 316.0
4760 587.0
4761 363.0
4762 587.0
4763 534.0
4764 315.0
4765 204.0
4766 587.0
4767 587.0
4768 483.0
4769 307.0
4770 0.0
4771 587.0
4772 316.0
4773 251.0
4774 573.0
4775 382.0
4776 392.0
4777 87.0
4778 587.0
4779 311.0
4780 207.0
4781 0.0
4782 587.0
4783 318.0
4784 528.0
4785 207.0
4786 587.0
4787 6.0
4788 32.0
4789 321.0
4790 587.0
4791 587.0
4792 391.0
4793 313.0
4794 587.0
4795 370.0
4796 316.0
4797 587.0
4798 587.0
4799 6.0
4800 382.0
4801 587.0
4802 587.0
4803 567.0
4804 307.0
4805 175.0
4806 587.0
4807 587.0
4808 587.0
4809 38.0
4810 392.0
4811 587.0
4812 373.0
4813 363.0
4814 566.0
4815 587.0
4816 33.0
4817 587.0
4818 587.0
4819 363.0
4820 315.0
4821 587.0
4822 587.0
4823 363.0
4824 180.0
4825 587.0
4826 587.0
4827 587.0
4828 33.0
4829 587.0
4830 587.0
4831 207.0
4832 0.0
4833 587.0
4834 318.0
4835 531.0
4836 360.0
4837 587.0
4838 170.0
4839 203.0
4840 587.0
4841 363.0
4842 587.0
4843 587.0
4844 318.0
4845 587.0
4846 370.0
4847 587.0
4848 587.0
4849 543.0
4850 203.0
4851 587.0
4852 587.0
4853 587.0
4854 567.0
4855 387.0
4856 87.0
4857 203.0
4858 587.0
4859 587.0
4860 33.0
4861 297.0
4862 587.0
4863 321.0
4864 587.0
4865 564.0
4866 587.0
4867 204.0
4868 587.0
4869 587.0
4870 386.0
4871 309.0
4872 495.0
4873 587.0
4874 587.0
4875 207.0
4876 587.0
4877 587.0
4878 391.0
4879 33.0
4880 587.0
4881 468.0
4882 203.0
4883 0.0
4884 587.0
4885 587.0
4886 531.0
4887 0.0
4888 543.0
4889 186.0
4890 203.0
4891 573.0
4892 573.0
4893 587.0
4894 385.0
4895 587.0
4896 587.0
4897 587.0
4898 251.0
4899 587.0
4900 587.0
4901 568.0
4902 587.0
4903 318.0
4904 587.0
4905 587.0
4906 587.0
4907 103.0
4908 203.0
4909 382.0
4910 587.0
4911 33.0
4912 295.0
4913 587.0
4914 0.0
4915 587.0
4916 534.0
4917 587.0
4918 33.0
4919 587.0
4920 587.0
4921 388.0
4922 251.0
4923 203.0
4924 587.0
4925 394.0
4926 541.0
4927 587.0
4928 382.0
4929 391.0
4930 87.0
4931 587.0
4932 318.0
4933 203.0
4934 0.0
4935 587.0
4936 318.0
4937 531.0
4938 505.0
4939 587.0
4940 170.0
4941 203.0
4942 587.0
4943 587.0
4944 587.0
4945 391.0
4946 395.0
4947 587.0
4948 318.0
4949 494.0
4950 587.0
4951 587.0
4952 0.0
4953 587.0
4954 313.0
4955 587.0
4956 321.0
4957 307.0
4958 98.0
4959 316.0
4960 587.0
4961 587.0
4962 371.0
4963 203.0
4964 587.0
4965 319.0
4966 587.0
4967 251.0
4968 587.0
4969 33.0
4970 587.0
4971 321.0
4972 319.0
4973 315.0
4974 316.0
4975 395.0
4976 363.0
4977 38.0
4978 587.0
4979 321.0
4980 587.0
4981 87.0
4982 587.0
4983 587.0
4984 207.0
4985 0.0
4986 587.0
4987 587.0
4988 531.0
4989 207.0
4990 587.0
4991 0.0
4992 251.0
4993 321.0
4994 363.0
4995 587.0
4996 587.0
4997 313.0
4998 587.0
4999 587.0
5000 587.0
5001 587.0
5002 543.0
5003 0.0
5004 382.0
5005 587.0
5006 587.0
5007 587.0
5008 587.0
5009 560.0
5010 203.0
5011 587.0
5012 587.0
5013 118.0
5014 302.0
5015 587.0
5016 319.0
5017 318.0
5018 316.0
5019 587.0
5020 204.0
5021 587.0
5022 321.0
5023 363.0
5024 298.0
5025 335.0
5026 395.0
5027 363.0
5028 363.0
5029 587.0
5030 587.0
5031 587.0
5032 534.0
5033 587.0
5034 587.0
5035 587.0
5036 0.0
5037 587.0
5038 587.0
5039 531.0
5040 207.0
5041 587.0
5042 215.0
5043 517.0
5044 587.0
5045 319.0
5046 587.0
5047 385.0
5048 587.0
5049 587.0
5050 363.0
5051 587.0
5052 587.0
5053 576.0
5054 203.0
5055 394.0
5056 550.0
5057 587.0
5058 567.0
5059 363.0
5060 0.0
5061 316.0
5062 587.0
5063 587.0
5064 98.0
5065 398.0
5066 587.0
5067 203.0
5068 587.0
5069 587.0
5070 587.0
5071 204.0
5072 587.0
5073 587.0
5074 363.0
5075 251.0
5076 38.0
5077 587.0
5078 203.0
5079 544.0
5080 587.0
5081 587.0
5082 392.0
5083 33.0
5084 587.0
5085 314.0
5086 251.0
5087 0.0
5088 321.0
5089 587.0
5090 531.0
5091 392.0
5092 587.0
5093 6.0
5094 203.0
5095 587.0
5096 393.0
5097 587.0
5098 382.0
5099 389.0
5100 587.0
