1 32.0
2 0.0
3 0.0
4 169.0
5 0.0
6 33.0
7 0.0
8 32.0
9 30.0
10 0.0
11 0.0
12 0.0
13 180.0
14 0.0
15 32.0
16 104.0
17 25.0
18 273.0
19 25.0
20 0.0
21 30.0
22 248.0
23 38.0
24 0.0
25 32.0
26 32.0
27 0.0
28 33.0
29 0.0
30 0.0
31 0.0
32 235.0
33 38.0
34 30.0
35 30.0
36 32.0
37 32.0
38 104.0
39 6.0
40 0.0
41 175.0
42 109.0
43 33.0
44 187.0
45 278.0
46 260.0
47 0.0
48 0.0
49 0.0
50 0.0
51 278.0
52 32.0
53 32.0
54 38.0
55 169.0
56 0.0
57 33.0
58 30.0
59 32.0
60 275.0
61 25.0
62 0.0
63 38.0
64 180.0
65 180.0
66 104.0
67 104.0
68 224.0
69 273.0
70 32.0
71 0.0
72 33.0
73 248.0
74 375.0
75 109.0
76 32.0
77 32.0
78 33.0
79 33.0
80 33.0
81 0.0
82 0.0
83 235.0
84 8.0
85 32.0
86 235.0
87 32.0
88 104.0
89 104.0
90 38.0
91 32.0
92 175.0
93 38.0
94 32.0
95 174.0
96 278.0
97 292.0
98 180.0
99 0.0
100 0.0
101 32.0
102 375.0
103 32.0
104 25.0
105 0.0
106 169.0
107 169.0
108 33.0
109 276.0
110 278.0
111 275.0
112 0.0
113 14.0
114 38.0
115 180.0
116 109.0
117 250.0
118 0.0
119 202.0
120 273.0
121 32.0
122 202.0
123 250.0
124 378.0
125 290.0
126 38.0
127 43.0
128 33.0
129 0.0
130 33.0
131 33.0
132 30.0
133 0.0
134 235.0
135 17.0
136 32.0
137 282.0
138 235.0
139 114.0
140 104.0
141 169.0
142 32.0
143 175.0
144 175.0
145 187.0
146 278.0
147 294.0
148 290.0
149 281.0
150 0.0
151 32.0
152 32.0
153 378.0
154 32.0
155 158.0
156 0.0
157 169.0
158 0.0
159 276.0
160 269.0
161 275.0
162 275.0
163 275.0
164 38.0
165 0.0
166 180.0
167 38.0
168 38.0
169 292.0
170 25.0
171 273.0
172 30.0
173 104.0
174 109.0
175 290.0
176 246.0
177 30.0
178 0.0
179 33.0
180 249.0
181 33.0
182 0.0
183 38.0
184 0.0
185 235.0
186 32.0
187 169.0
188 193.0
189 193.0
190 44.0
191 98.0
192 104.0
193 32.0
194 175.0
195 197.0
196 180.0
197 32.0
198 292.0
199 290.0
200 292.0
201 265.0
202 32.0
203 0.0
204 378.0
205 93.0
206 98.0
207 169.0
208 169.0
209 14.0
210 30.0
211 265.0
212 278.0
213 233.0
214 281.0
215 0.0
216 180.0
217 180.0
218 307.0
219 267.0
220 283.0
221 192.0
222 273.0
223 273.0
224 109.0
225 313.0
226 290.0
227 313.0
228 109.0
229 0.0
230 38.0
231 0.0
232 44.0
233 87.0
234 33.0
235 0.0
236 235.0
237 32.0
238 109.0
239 284.0
240 282.0
241 262.0
242 98.0
243 0.0
244 32.0
245 192.0
246 180.0
247 25.0
248 0.0
249 278.0
250 281.0
251 281.0
252 25.0
253 32.0
254 0.0
255 378.0
256 98.0
257 98.0
258 169.0
259 169.0
260 30.0
261 276.0
262 265.0
263 278.0
264 275.0
265 103.0
266 281.0
267 38.0
268 256.0
269 271.0
270 271.0
271 292.0
272 120.0
273 273.0
274 32.0
275 185.0
276 109.0
277 109.0
278 378.0
279 268.0
280 0.0
281 109.0
282 0.0
283 231.0
284 93.0
285 0.0
286 0.0
287 235.0
288 198.0
289 214.0
290 282.0
291 214.0
292 32.0
293 262.0
294 6.0
295 0.0
296 180.0
297 49.0
298 0.0
299 25.0
300 290.0
301 294.0
302 284.0
303 25.0
304 169.0
305 20.0
306 378.0
307 38.0
308 32.0
309 0.0
310 169.0
311 0.0
312 251.0
313 30.0
314 278.0
315 103.0
316 273.0
317 285.0
318 281.0
319 307.0
320 271.0
321 249.0
322 275.0
323 109.0
324 273.0
325 30.0
326 275.0
327 313.0
328 378.0
329 375.0
330 104.0
331 49.0
332 109.0
333 1.0
334 0.0
335 0.0
336 0.0
337 0.0
338 235.0
339 199.0
340 236.0
341 284.0
342 193.0
343 109.0
344 262.0
345 262.0
346 44.0
347 232.0
348 249.0
349 0.0
350 32.0
351 292.0
352 290.0
353 294.0
354 0.0
355 164.0
356 287.0
357 378.0
358 293.0
359 158.0
360 169.0
361 169.0
362 33.0
363 276.0
364 273.0
365 278.0
366 269.0
367 285.0
368 280.0
369 259.0
370 279.0
371 38.0
372 271.0
373 43.0
374 330.0
375 273.0
376 0.0
377 109.0
378 257.0
379 290.0
380 313.0
381 381.0
382 250.0
383 268.0
384 0.0
385 249.0
386 0.0
387 93.0
388 0.0
389 235.0
390 191.0
391 193.0
392 284.0
393 193.0
394 103.0
395 104.0
396 262.0
397 38.0
398 0.0
399 169.0
400 0.0
401 294.0
402 278.0
403 292.0
404 262.0
405 262.0
406 169.0
407 43.0
408 381.0
409 287.0
410 180.0
411 169.0
412 169.0
413 0.0
414 30.0
415 33.0
416 278.0
417 288.0
418 205.0
419 285.0
420 249.0
421 307.0
422 269.0
423 280.0
424 175.0
425 25.0
426 346.0
427 38.0
428 290.0
429 109.0
430 33.0
431 375.0
432 109.0
433 278.0
434 109.0
435 109.0
436 33.0
437 33.0
438 93.0
439 0.0
440 235.0
441 263.0
442 283.0
443 284.0
444 282.0
445 32.0
446 262.0
447 262.0
448 262.0
449 0.0
450 211.0
451 0.0
452 0.0
453 292.0
454 294.0
455 262.0
456 14.0
457 32.0
458 25.0
459 381.0
460 293.0
461 300.0
462 169.0
463 169.0
464 0.0
465 276.0
466 104.0
467 269.0
468 0.0
469 370.0
470 285.0
471 193.0
472 281.0
473 271.0
474 125.0
475 98.0
476 347.0
477 109.0
478 169.0
479 109.0
480 104.0
481 378.0
482 375.0
483 268.0
484 104.0
485 279.0
486 194.0
487 249.0
488 196.0
489 0.0
490 0.0
491 6.0
492 197.0
493 330.0
494 284.0
495 214.0
496 32.0
497 262.0
498 30.0
499 25.0
500 38.0
501 169.0
502 0.0
503 0.0
504 294.0
505 294.0
506 269.0
507 0.0
508 30.0
509 32.0
510 381.0
511 289.0
512 282.0
513 289.0
514 169.0
515 0.0
516 276.0
517 279.0
518 191.0
519 278.0
520 0.0
521 0.0
522 54.0
523 307.0
524 306.0
525 298.0
526 264.0
527 109.0
528 25.0
529 30.0
530 109.0
531 260.0
532 290.0
533 313.0
534 104.0
535 109.0
536 104.0
537 169.0
538 12.0
539 54.0
540 180.0
541 0.0
542 263.0
543 98.0
544 284.0
545 284.0
546 193.0
547 214.0
548 32.0
549 262.0
550 262.0
551 191.0
552 169.0
553 0.0
554 278.0
555 290.0
556 294.0
557 0.0
558 0.0
559 267.0
560 261.0
561 381.0
562 300.0
563 289.0
564 300.0
565 288.0
566 0.0
567 279.0
568 282.0
569 0.0
570 285.0
571 191.0
572 191.0
573 98.0
574 279.0
575 262.0
576 262.0
577 32.0
578 25.0
579 109.0
580 198.0
581 290.0
582 375.0
583 290.0
584 378.0
585 268.0
586 109.0
587 278.0
588 259.0
589 249.0
590 190.0
591 104.0
592 6.0
593 263.0
594 103.0
595 284.0
596 330.0
597 282.0
598 44.0
599 32.0
600 38.0
601 192.0
602 38.0
603 180.0
604 0.0
605 278.0
606 290.0
607 294.0
608 272.0
609 0.0
610 293.0
611 290.0
612 381.0
613 278.0
614 289.0
615 290.0
616 300.0
617 0.0
618 282.0
619 279.0
620 278.0
621 370.0
622 252.0
623 103.0
624 271.0
625 307.0
626 269.0
627 298.0
628 296.0
629 109.0
630 346.0
631 175.0
632 290.0
633 378.0
634 109.0
635 375.0
636 109.0
637 282.0
638 268.0
639 247.0
640 277.0
641 30.0
642 0.0
643 6.0
644 263.0
645 4.0
646 283.0
647 330.0
648 282.0
649 261.0
650 197.0
651 32.0
652 262.0
653 185.0
654 0.0
655 0.0
656 0.0
657 294.0
658 294.0
659 0.0
660 270.0
661 276.0
662 38.0
663 381.0
664 32.0
665 287.0
666 300.0
667 300.0
668 300.0
669 279.0
670 273.0
671 259.0
672 32.0
673 288.0
674 276.0
675 274.0
676 307.0
677 271.0
678 314.0
679 311.0
680 0.0
681 256.0
682 32.0
683 246.0
684 313.0
685 290.0
686 313.0
687 268.0
688 285.0
689 282.0
690 361.0
691 271.0
692 104.0
693 0.0
694 230.0
695 263.0
696 38.0
697 193.0
698 330.0
699 214.0
700 259.0
701 248.0
702 262.0
703 32.0
704 191.0
705 186.0
706 0.0
707 0.0
708 294.0
709 294.0
710 0.0
711 0.0
712 191.0
713 43.0
714 381.0
715 300.0
716 300.0
717 300.0
718 300.0
719 282.0
720 109.0
721 291.0
722 288.0
723 169.0
724 169.0
725 279.0
726 284.0
727 303.0
728 307.0
729 125.0
730 311.0
731 0.0
732 109.0
733 281.0
734 290.0
735 375.0
736 290.0
737 290.0
738 268.0
739 109.0
740 158.0
741 32.0
742 32.0
743 256.0
744 221.0
745 109.0
746 38.0
747 49.0
748 284.0
749 330.0
750 282.0
751 103.0
752 33.0
753 262.0
754 264.0
755 262.0
756 180.0
757 277.0
758 32.0
759 294.0
760 294.0
761 262.0
762 0.0
763 191.0
764 32.0
765 381.0
766 278.0
767 289.0
768 300.0
769 300.0
770 288.0
771 279.0
772 266.0
773 279.0
774 276.0
775 278.0
776 262.0
777 278.0
778 303.0
779 301.0
780 307.0
781 326.0
782 109.0
783 297.0
784 278.0
785 312.0
786 266.0
787 32.0
788 286.0
789 254.0
790 282.0
791 32.0
792 279.0
793 271.0
794 256.0
795 174.0
796 6.0
797 38.0
798 192.0
799 283.0
800 330.0
801 282.0
802 33.0
803 33.0
804 6.0
805 0.0
806 219.0
807 0.0
808 0.0
809 276.0
810 290.0
811 294.0
812 262.0
813 169.0
814 293.0
815 191.0
816 381.0
817 278.0
818 300.0
819 300.0
820 288.0
821 300.0
822 281.0
823 291.0
824 296.0
825 303.0
826 288.0
827 276.0
828 265.0
829 303.0
830 301.0
831 109.0
832 330.0
833 109.0
834 272.0
835 273.0
836 104.0
837 259.0
838 313.0
839 257.0
840 253.0
841 287.0
842 289.0
843 269.0
844 313.0
845 174.0
846 174.0
847 6.0
848 6.0
849 6.0
850 283.0
851 330.0
852 282.0
853 33.0
854 197.0
855 262.0
856 262.0
857 262.0
858 38.0
859 0.0
860 0.0
861 294.0
862 294.0
863 0.0
864 0.0
865 276.0
866 292.0
867 381.0
868 258.0
869 287.0
870 300.0
871 180.0
872 293.0
873 281.0
874 254.0
875 296.0
876 191.0
877 169.0
878 278.0
879 277.0
880 307.0
881 271.0
882 277.0
883 191.0
884 32.0
885 109.0
886 30.0
887 290.0
888 375.0
889 290.0
890 313.0
891 253.0
892 285.0
893 279.0
894 293.0
895 281.0
896 298.0
897 33.0
898 49.0
899 6.0
900 0.0
901 284.0
902 330.0
903 214.0
904 103.0
905 225.0
906 262.0
907 262.0
908 191.0
909 0.0
910 0.0
911 0.0
912 294.0
913 294.0
914 0.0
915 0.0
916 278.0
917 292.0
918 381.0
919 300.0
920 300.0
921 300.0
922 180.0
923 0.0
924 49.0
925 38.0
926 296.0
927 263.0
928 261.0
929 288.0
930 278.0
931 307.0
932 249.0
933 279.0
934 104.0
935 0.0
936 326.0
937 303.0
938 109.0
939 255.0
940 290.0
941 313.0
942 381.0
943 49.0
944 258.0
945 32.0
946 169.0
947 313.0
948 266.0
949 1.0
950 38.0
951 49.0
952 193.0
953 330.0
954 282.0
955 120.0
956 225.0
957 32.0
958 262.0
959 0.0
960 38.0
961 0.0
962 278.0
963 290.0
964 294.0
965 272.0
966 0.0
967 267.0
968 292.0
969 381.0
970 278.0
971 300.0
972 300.0
973 282.0
974 300.0
975 275.0
976 38.0
977 304.0
978 370.0
979 0.0
980 169.0
981 284.0
982 303.0
983 356.0
984 272.0
985 309.0
986 109.0
987 277.0
988 237.0
989 313.0
990 259.0
991 246.0
992 257.0
993 381.0
994 274.0
995 282.0
996 265.0
997 374.0
998 313.0
999 2.0
1000 261.0
1001 0.0
1002 6.0
1003 283.0
1004 330.0
1005 330.0
1006 33.0
1007 33.0
1008 0.0
1009 0.0
1010 197.0
1011 185.0
1012 0.0
1013 290.0
1014 290.0
1015 294.0
1016 0.0
1017 25.0
1018 293.0
1019 191.0
1020 381.0
1021 300.0
1022 300.0
1023 300.0
1024 300.0
1025 300.0
1026 109.0
1027 254.0
1028 302.0
1029 191.0
1030 32.0
1031 201.0
1032 269.0
1033 331.0
1034 0.0
1035 278.0
1036 330.0
1037 109.0
1038 1.0
1039 109.0
1040 0.0
1041 278.0
1042 290.0
1043 378.0
1044 375.0
1045 282.0
1046 289.0
1047 313.0
1048 313.0
1049 313.0
1050 198.0
1051 261.0
1052 38.0
1053 0.0
1054 283.0
1055 330.0
1056 330.0
1057 262.0
1058 225.0
1059 0.0
1060 32.0
1061 109.0
1062 38.0
1063 0.0
1064 0.0
1065 294.0
1066 294.0
1067 272.0
1068 0.0
1069 276.0
1070 191.0
1071 381.0
1072 300.0
1073 300.0
1074 300.0
1075 38.0
1076 288.0
1077 279.0
1078 254.0
1079 288.0
1080 262.0
1081 275.0
1082 285.0
1083 284.0
1084 0.0
1085 269.0
1086 109.0
1087 191.0
1088 109.0
1089 109.0
1090 30.0
1091 290.0
1092 255.0
1093 290.0
1094 313.0
1095 375.0
1096 120.0
1097 169.0
1098 338.0
1099 293.0
1100 174.0
1101 33.0
1102 104.0
1103 38.0
1104 0.0
1105 284.0
1106 330.0
1107 330.0
1108 109.0
1109 262.0
1110 262.0
1111 25.0
1112 0.0
1113 49.0
1114 0.0
1115 0.0
1116 290.0
1117 294.0
1118 262.0
1119 158.0
1120 191.0
1121 180.0
1122 381.0
1123 293.0
1124 300.0
1125 300.0
1126 282.0
1127 288.0
1128 294.0
1129 38.0
1130 296.0
1131 288.0
1132 276.0
1133 288.0
1134 284.0
1135 339.0
1136 316.0
1137 253.0
1138 346.0
1139 109.0
1140 109.0
1141 259.0
1142 290.0
1143 375.0
1144 290.0
1145 375.0
1146 381.0
1147 272.0
1148 285.0
1149 25.0
1150 330.0
1151 313.0
1152 273.0
1153 266.0
1154 38.0
1155 49.0
1156 193.0
1157 330.0
1158 282.0
1159 44.0
1160 33.0
1161 6.0
1162 25.0
1163 32.0
1164 0.0
1165 0.0
1166 290.0
1167 294.0
1168 294.0
1169 0.0
1170 25.0
1171 191.0
1172 300.0
1173 381.0
1174 289.0
1175 300.0
1176 300.0
1177 180.0
1178 288.0
1179 109.0
1180 6.0
1181 288.0
1182 191.0
1183 1.0
1184 32.0
1185 284.0
1186 285.0
1187 0.0
1188 278.0
1189 311.0
1190 109.0
1191 272.0
1192 337.0
1193 190.0
1194 266.0
1195 375.0
1196 375.0
1197 381.0
1198 274.0
1199 289.0
1200 32.0
1201 290.0
1202 313.0
1203 284.0
1204 284.0
1205 0.0
1206 49.0
1207 283.0
1208 330.0
1209 330.0
1210 175.0
1211 225.0
1212 262.0
1213 25.0
1214 0.0
1215 0.0
1216 0.0
1217 290.0
1218 294.0
1219 294.0
1220 0.0
1221 262.0
1222 300.0
1223 191.0
1224 381.0
1225 300.0
1226 300.0
1227 300.0
1228 180.0
1229 300.0
1230 49.0
1231 254.0
1232 370.0
1233 269.0
1234 0.0
1235 275.0
1236 279.0
1237 0.0
1238 166.0
1239 272.0
1240 290.0
1241 0.0
1242 32.0
1243 369.0
1244 290.0
1245 259.0
1246 375.0
1247 254.0
1248 375.0
1249 208.0
1250 0.0
1251 293.0
1252 305.0
1253 313.0
1254 329.0
1255 283.0
1256 32.0
1257 0.0
1258 330.0
1259 330.0
1260 282.0
1261 49.0
1262 225.0
1263 262.0
1264 0.0
1265 32.0
1266 38.0
1267 0.0
1268 0.0
1269 294.0
1270 294.0
1271 272.0
1272 38.0
1273 32.0
1274 300.0
1275 381.0
1276 278.0
1277 300.0
1278 300.0
1279 300.0
1280 288.0
1281 279.0
1282 326.0
1283 370.0
1284 370.0
1285 265.0
1286 282.0
1287 284.0
1288 0.0
1289 0.0
1290 265.0
1291 264.0
1292 0.0
1293 334.0
1294 369.0
1295 109.0
1296 266.0
1297 266.0
1298 266.0
1299 381.0
1300 207.0
1301 0.0
1302 266.0
1303 338.0
1304 293.0
1305 349.0
1306 283.0
1307 104.0
1308 6.0
1309 330.0
1310 330.0
1311 282.0
1312 214.0
1313 33.0
1314 0.0
1315 0.0
1316 262.0
1317 0.0
1318 0.0
1319 32.0
1320 294.0
1321 294.0
1322 0.0
1323 43.0
1324 283.0
1325 292.0
1326 381.0
1327 191.0
1328 300.0
1329 300.0
1330 300.0
1331 288.0
1332 6.0
1333 38.0
1334 370.0
1335 288.0
1336 276.0
1337 0.0
1338 284.0
1339 256.0
1340 249.0
1341 265.0
1342 334.0
1343 109.0
1344 337.0
1345 338.0
1346 0.0
1347 381.0
1348 290.0
1349 375.0
1350 381.0
1351 208.0
1352 289.0
1353 293.0
1354 334.0
1355 313.0
1356 349.0
1357 277.0
1358 6.0
1359 49.0
1360 330.0
1361 330.0
1362 214.0
1363 273.0
1364 262.0
1365 262.0
1366 0.0
1367 32.0
1368 49.0
1369 0.0
1370 290.0
1371 294.0
1372 294.0
1373 0.0
1374 164.0
1375 293.0
1376 293.0
1377 381.0
1378 278.0
1379 300.0
1380 300.0
1381 289.0
1382 300.0
1383 6.0
1384 0.0
1385 288.0
1386 263.0
1387 260.0
1388 278.0
1389 287.0
1390 249.0
1391 0.0
1392 249.0
1393 311.0
1394 109.0
1395 370.0
1396 338.0
1397 201.0
1398 375.0
1399 313.0
1400 375.0
1401 375.0
1402 109.0
1403 289.0
1404 32.0
1405 338.0
1406 313.0
1407 349.0
1408 283.0
1409 49.0
1410 49.0
1411 283.0
1412 330.0
1413 330.0
1414 273.0
1415 103.0
1416 32.0
1417 0.0
1418 0.0
1419 193.0
1420 0.0
1421 278.0
1422 294.0
1423 294.0
1424 0.0
1425 32.0
1426 281.0
1427 292.0
1428 381.0
1429 278.0
1430 300.0
1431 300.0
1432 300.0
1433 300.0
1434 6.0
1435 282.0
1436 288.0
1437 370.0
1438 1.0
1439 276.0
1440 284.0
1441 174.0
1442 0.0
1443 265.0
1444 311.0
1445 282.0
1446 374.0
1447 369.0
1448 254.0
1449 266.0
1450 257.0
1451 266.0
1452 375.0
1453 207.0
1454 0.0
1455 32.0
1456 338.0
1457 289.0
1458 349.0
1459 283.0
1460 285.0
1461 0.0
1462 283.0
1463 330.0
1464 282.0
1465 273.0
1466 214.0
1467 0.0
1468 0.0
1469 33.0
1470 262.0
1471 0.0
1472 0.0
1473 294.0
1474 294.0
1475 0.0
1476 279.0
1477 281.0
1478 288.0
1479 381.0
1480 300.0
1481 300.0
1482 300.0
1483 300.0
1484 300.0
1485 279.0
1486 277.0
1487 370.0
1488 180.0
1489 276.0
1490 275.0
1491 287.0
1492 0.0
1493 307.0
1494 282.0
1495 191.0
1496 175.0
1497 240.0
1498 369.0
1499 290.0
1500 381.0
1501 313.0
1502 266.0
1503 381.0
1504 208.0
1505 169.0
1506 361.0
1507 321.0
1508 313.0
1509 329.0
1510 186.0
1511 271.0
1512 0.0
1513 284.0
1514 330.0
1515 214.0
1516 163.0
1517 175.0
1518 32.0
1519 262.0
1520 0.0
1521 38.0
1522 276.0
1523 278.0
1524 294.0
1525 294.0
1526 0.0
1527 33.0
1528 306.0
1529 293.0
1530 381.0
1531 300.0
1532 300.0
1533 282.0
1534 288.0
1535 300.0
1536 281.0
1537 301.0
1538 370.0
1539 340.0
1540 276.0
1541 0.0
1542 284.0
1543 174.0
1544 307.0
1545 346.0
1546 346.0
1547 214.0
1548 374.0
1549 369.0
1550 375.0
1551 375.0
1552 290.0
1553 378.0
1554 375.0
1555 272.0
1556 278.0
1557 293.0
1558 271.0
1559 338.0
1560 329.0
1561 283.0
1562 271.0
1563 49.0
1564 284.0
1565 330.0
1566 282.0
1567 273.0
1568 33.0
1569 32.0
1570 0.0
1571 0.0
1572 276.0
1573 0.0
1574 278.0
1575 294.0
1576 294.0
1577 0.0
1578 49.0
1579 191.0
1580 288.0
1581 381.0
1582 278.0
1583 300.0
1584 300.0
1585 300.0
1586 288.0
1587 0.0
1588 279.0
1589 370.0
1590 278.0
1591 260.0
1592 288.0
1593 249.0
1594 271.0
1595 0.0
1596 174.0
1597 311.0
1598 369.0
1599 374.0
1600 191.0
1601 109.0
1602 381.0
1603 290.0
1604 375.0
1605 375.0
1606 207.0
1607 369.0
1608 32.0
1609 370.0
1610 265.0
1611 365.0
1612 109.0
1613 32.0
1614 0.0
1615 283.0
1616 330.0
1617 330.0
1618 273.0
1619 120.0
1620 0.0
1621 0.0
1622 25.0
1623 32.0
1624 0.0
1625 0.0
1626 294.0
1627 294.0
1628 241.0
1629 276.0
1630 300.0
1631 300.0
1632 381.0
1633 300.0
1634 300.0
1635 300.0
1636 300.0
1637 300.0
1638 281.0
1639 304.0
1640 370.0
1641 288.0
1642 276.0
1643 276.0
1644 249.0
1645 114.0
1646 0.0
1647 185.0
1648 338.0
1649 369.0
1650 240.0
1651 352.0
1652 109.0
1653 266.0
1654 375.0
1655 375.0
1656 381.0
1657 274.0
1658 0.0
1659 32.0
1660 334.0
1661 313.0
1662 365.0
1663 0.0
1664 0.0
1665 0.0
1666 283.0
1667 330.0
1668 330.0
1669 175.0
1670 103.0
1671 0.0
1672 0.0
1673 261.0
1674 290.0
1675 0.0
1676 294.0
1677 294.0
1678 294.0
1679 272.0
1680 279.0
1681 300.0
1682 293.0
1683 381.0
1684 300.0
1685 300.0
1686 300.0
1687 180.0
1688 300.0
1689 281.0
1690 259.0
1691 370.0
1692 169.0
1693 260.0
1694 303.0
1695 284.0
1696 0.0
1697 287.0
1698 180.0
1699 338.0
1700 427.0
1701 370.0
1702 192.0
1703 375.0
1704 375.0
1705 250.0
1706 375.0
1707 375.0
1708 208.0
1709 0.0
1710 252.0
1711 330.0
1712 313.0
1713 365.0
1714 315.0
1715 49.0
1716 49.0
1717 284.0
1718 330.0
1719 330.0
1720 273.0
1721 175.0
1722 0.0
1723 25.0
1724 0.0
1725 276.0
1726 25.0
1727 278.0
1728 294.0
1729 294.0
1730 0.0
1731 287.0
1732 300.0
1733 293.0
1734 427.0
1735 278.0
1736 300.0
1737 300.0
1738 300.0
1739 300.0
1740 279.0
1741 327.0
1742 370.0
1743 263.0
1744 1.0
1745 0.0
1746 287.0
1747 314.0
1748 356.0
1749 328.0
1750 427.0
1751 427.0
1752 427.0
1753 192.0
1754 290.0
1755 375.0
1756 375.0
1757 266.0
1758 375.0
1759 207.0
1760 295.0
1761 104.0
1762 282.0
1763 313.0
1764 349.0
1765 283.0
1766 271.0
1767 49.0
1768 330.0
1769 330.0
1770 282.0
1771 273.0
1772 25.0
1773 38.0
1774 0.0
1775 49.0
1776 32.0
1777 0.0
1778 0.0
1779 294.0
1780 294.0
1781 292.0
1782 185.0
1783 293.0
1784 288.0
1785 427.0
1786 278.0
1787 300.0
1788 300.0
1789 300.0
1790 288.0
1791 0.0
1792 279.0
1793 370.0
1794 285.0
1795 257.0
1796 103.0
1797 249.0
1798 301.0
1799 339.0
1800 261.0
1801 369.0
1802 427.0
1803 427.0
1804 235.0
1805 280.0
1806 266.0
1807 257.0
1808 378.0
1809 381.0
1810 272.0
1811 309.0
1812 32.0
1813 293.0
1814 33.0
1815 349.0
1816 283.0
1817 271.0
1818 0.0
1819 283.0
1820 330.0
1821 330.0
1822 282.0
1823 38.0
1824 0.0
1825 0.0
1826 43.0
1827 290.0
1828 0.0
1829 0.0
1830 294.0
1831 294.0
1832 272.0
1833 286.0
1834 306.0
1835 292.0
1836 427.0
1837 300.0
1838 300.0
1839 300.0
1840 288.0
1841 300.0
1842 191.0
1843 279.0
1844 370.0
1845 0.0
1846 280.0
1847 103.0
1848 335.0
1849 0.0
1850 307.0
1851 338.0
1852 338.0
1853 374.0
1854 369.0
1855 369.0
1856 190.0
1857 381.0
1858 114.0
1859 375.0
1860 381.0
1861 208.0
1862 158.0
1863 32.0
1864 321.0
1865 395.0
1866 365.0
1867 0.0
1868 49.0
1869 0.0
1870 284.0
1871 330.0
1872 330.0
1873 175.0
1874 32.0
1875 32.0
1876 0.0
1877 296.0
1878 276.0
1879 277.0
1880 278.0
1881 294.0
1882 294.0
1883 0.0
1884 169.0
1885 300.0
1886 293.0
1887 427.0
1888 293.0
1889 300.0
1890 282.0
1891 300.0
1892 300.0
1893 281.0
1894 307.0
1895 370.0
1896 32.0
1897 169.0
1898 0.0
1899 286.0
1900 185.0
1901 347.0
1902 340.0
1903 340.0
1904 427.0
1905 427.0
1906 278.0
1907 290.0
1908 375.0
1909 259.0
1910 375.0
1911 381.0
1912 191.0
1913 169.0
1914 252.0
1915 284.0
1916 289.0
1917 291.0
1918 283.0
1919 49.0
1920 49.0
1921 284.0
1922 330.0
1923 330.0
1924 273.0
1925 175.0
1926 25.0
1927 285.0
1928 279.0
1929 279.0
1930 25.0
1931 294.0
1932 294.0
1933 294.0
1934 6.0
1935 32.0
1936 306.0
1937 288.0
1938 427.0
1939 278.0
1940 300.0
1941 300.0
1942 300.0
1943 288.0
1944 1.0
1945 275.0
1946 370.0
1947 269.0
1948 1.0
1949 169.0
1950 32.0
1951 318.0
1952 339.0
1953 331.0
1954 369.0
1955 427.0
1956 427.0
1957 289.0
1958 290.0
1959 375.0
1960 33.0
1961 268.0
1962 381.0
1963 274.0
1964 309.0
1965 249.0
1966 321.0
1967 33.0
1968 365.0
1969 109.0
1970 49.0
1971 190.0
1972 283.0
1973 330.0
1974 330.0
1975 273.0
1976 273.0
1977 255.0
1978 277.0
1979 0.0
1980 30.0
1981 0.0
1982 0.0
1983 294.0
1984 294.0
1985 272.0
1986 278.0
1987 288.0
1988 292.0
1989 427.0
1990 300.0
1991 300.0
1992 300.0
1993 288.0
1994 300.0
1995 43.0
1996 288.0
1997 370.0
1998 263.0
1999 276.0
2000 278.0
2001 32.0
2002 285.0
2003 347.0
2004 338.0
2005 369.0
2006 289.0
2007 427.0
2008 235.0
2009 252.0
2010 266.0
2011 109.0
2012 266.0
2013 381.0
2014 109.0
2015 295.0
2016 33.0
2017 289.0
2018 293.0
2019 349.0
2020 0.0
2021 284.0
2022 0.0
2023 330.0
2024 330.0
2025 330.0
2026 214.0
2027 273.0
2028 247.0
2029 30.0
2030 294.0
2031 276.0
2032 0.0
2033 294.0
2034 294.0
2035 294.0
2036 192.0
2037 270.0
2038 306.0
2039 293.0
2040 427.0
2041 300.0
2042 300.0
2043 290.0
2044 288.0
2045 300.0
2046 262.0
2047 312.0
2048 370.0
2049 32.0
2050 0.0
2051 180.0
2052 284.0
2053 0.0
2054 338.0
2055 280.0
2056 340.0
2057 427.0
2058 33.0
2059 273.0
2060 104.0
2061 375.0
2062 104.0
2063 378.0
2064 381.0
2065 109.0
2066 169.0
2067 33.0
2068 374.0
2069 289.0
2070 109.0
2071 221.0
2072 271.0
2073 0.0
2074 284.0
2075 330.0
2076 330.0
2077 175.0
2078 266.0
2079 247.0
2080 104.0
2081 279.0
2082 294.0
2083 25.0
2084 294.0
2085 294.0
2086 294.0
2087 0.0
2088 32.0
2089 306.0
2090 292.0
2091 427.0
2092 300.0
2093 300.0
2094 290.0
2095 300.0
2096 300.0
2097 1.0
2098 296.0
2099 370.0
2100 195.0
2101 1.0
2102 288.0
2103 249.0
2104 174.0
2105 331.0
2106 270.0
2107 338.0
2108 427.0
2109 427.0
2110 219.0
2111 290.0
2112 375.0
2113 375.0
2114 375.0
2115 381.0
2116 274.0
2117 0.0
2118 32.0
2119 369.0
2120 369.0
2121 109.0
2122 365.0
2123 49.0
2124 49.0
2125 330.0
2126 330.0
2127 330.0
2128 214.0
2129 32.0
2130 32.0
2131 285.0
2132 291.0
2133 279.0
2134 277.0
2135 25.0
2136 294.0
2137 294.0
2138 262.0
2139 61.0
2140 306.0
2141 288.0
2142 427.0
2143 278.0
2144 300.0
2145 290.0
2146 300.0
2147 300.0
2148 0.0
2149 288.0
2150 370.0
2151 285.0
2152 276.0
2153 370.0
2154 287.0
2155 311.0
2156 331.0
2157 338.0
2158 340.0
2159 427.0
2160 427.0
2161 283.0
2162 202.0
2163 378.0
2164 109.0
2165 378.0
2166 381.0
2167 274.0
2168 295.0
2169 33.0
2170 369.0
2171 269.0
2172 301.0
2173 283.0
2174 49.0
2175 49.0
2176 283.0
2177 330.0
2178 330.0
2179 214.0
2180 273.0
2181 278.0
2182 277.0
2183 278.0
2184 32.0
2185 0.0
2186 32.0
2187 294.0
2188 294.0
2189 272.0
2190 32.0
2191 300.0
2192 300.0
2193 427.0
2194 278.0
2195 300.0
2196 289.0
2197 300.0
2198 300.0
2199 274.0
2200 288.0
2201 275.0
2202 0.0
2203 276.0
2204 265.0
2205 32.0
2206 325.0
2207 347.0
2208 369.0
2209 340.0
2210 427.0
2211 427.0
2212 219.0
2213 290.0
2214 378.0
2215 114.0
2216 266.0
2217 381.0
2218 192.0
2219 289.0
2220 249.0
2221 370.0
2222 285.0
2223 104.0
2224 338.0
2225 38.0
2226 0.0
2227 330.0
2228 330.0
2229 282.0
2230 282.0
2231 282.0
2232 278.0
2233 39.0
2234 279.0
2235 32.0
2236 25.0
2237 294.0
2238 294.0
2239 294.0
2240 270.0
2241 270.0
2242 300.0
2243 300.0
2244 427.0
2245 278.0
2246 300.0
2247 300.0
2248 288.0
2249 300.0
2250 265.0
2251 0.0
2252 370.0
2253 307.0
2254 1.0
2255 288.0
2256 283.0
2257 0.0
2258 369.0
2259 49.0
2260 369.0
2261 427.0
2262 427.0
2263 197.0
2264 290.0
2265 375.0
2266 257.0
2267 375.0
2268 381.0
2269 292.0
2270 158.0
2271 33.0
2272 374.0
2273 369.0
2274 109.0
2275 315.0
2276 38.0
2277 0.0
2278 283.0
2279 330.0
2280 330.0
2281 32.0
2282 32.0
2283 25.0
2284 109.0
2285 296.0
2286 277.0
2287 277.0
2288 294.0
2289 294.0
2290 294.0
2291 0.0
2292 32.0
2293 306.0
2294 306.0
2295 427.0
2296 38.0
2297 300.0
2298 290.0
2299 300.0
2300 300.0
2301 278.0
2302 6.0
2303 370.0
2304 103.0
2305 276.0
2306 288.0
2307 286.0
2308 369.0
2309 369.0
2310 369.0
2311 340.0
2312 427.0
2313 427.0
2314 219.0
2315 280.0
2316 375.0
2317 257.0
2318 378.0
2319 381.0
2320 274.0
2321 0.0
2322 33.0
2323 289.0
2324 369.0
2325 284.0
2326 283.0
2327 32.0
2328 0.0
2329 330.0
2330 330.0
2331 330.0
2332 214.0
2333 32.0
2334 247.0
2335 33.0
2336 294.0
2337 294.0
2338 0.0
2339 32.0
2340 294.0
2341 294.0
2342 267.0
2343 288.0
2344 306.0
2345 292.0
2346 427.0
2347 278.0
2348 300.0
2349 290.0
2350 300.0
2351 300.0
2352 278.0
2353 6.0
2354 370.0
2355 370.0
2356 282.0
2357 263.0
2358 283.0
2359 235.0
2360 369.0
2361 338.0
2362 340.0
2363 427.0
2364 427.0
2365 202.0
2366 280.0
2367 266.0
2368 109.0
2369 378.0
2370 381.0
2371 191.0
2372 289.0
2373 249.0
2374 287.0
2375 395.0
2376 284.0
2377 311.0
2378 104.0
2379 0.0
2380 330.0
2381 330.0
2382 330.0
2383 214.0
2384 257.0
2385 268.0
2386 32.0
2387 278.0
2388 223.0
2389 0.0
2390 32.0
2391 294.0
2392 294.0
2393 262.0
2394 32.0
2395 306.0
2396 306.0
2397 427.0
2398 300.0
2399 300.0
2400 290.0
2401 300.0
2402 300.0
2403 276.0
2404 288.0
2405 370.0
2406 0.0
2407 1.0
2408 288.0
2409 116.0
2410 370.0
2411 369.0
2412 338.0
2413 338.0
2414 427.0
2415 427.0
2416 219.0
2417 313.0
2418 313.0
2419 266.0
2420 381.0
2421 381.0
2422 49.0
2423 169.0
2424 32.0
2425 169.0
2426 395.0
2427 104.0
2428 0.0
2429 33.0
2430 0.0
2431 330.0
2432 330.0
2433 282.0
2434 32.0
2435 282.0
2436 255.0
2437 294.0
2438 296.0
2439 279.0
2440 25.0
2441 294.0
2442 294.0
2443 294.0
2444 0.0
2445 32.0
2446 300.0
2447 300.0
2448 427.0
2449 288.0
2450 300.0
2451 180.0
2452 300.0
2453 300.0
2454 275.0
2455 280.0
2456 370.0
2457 0.0
2458 1.0
2459 288.0
2460 235.0
2461 180.0
2462 369.0
2463 49.0
2464 369.0
2465 427.0
2466 369.0
2467 352.0
2468 290.0
2469 381.0
2470 109.0
2471 375.0
2472 381.0
2473 274.0
2474 0.0
2475 33.0
2476 285.0
2477 369.0
2478 104.0
2479 283.0
2480 98.0
2481 49.0
2482 283.0
2483 330.0
2484 330.0
2485 214.0
2486 33.0
2487 295.0
2488 109.0
2489 294.0
2490 279.0
2491 290.0
2492 32.0
2493 294.0
2494 294.0
2495 262.0
2496 32.0
2497 306.0
2498 292.0
2499 427.0
2500 293.0
2501 300.0
2502 290.0
2503 300.0
2504 300.0
2505 285.0
2506 0.0
2507 370.0
2508 275.0
2509 265.0
2510 370.0
2511 240.0
2512 235.0
2513 370.0
2514 250.0
2515 340.0
2516 427.0
2517 427.0
2518 370.0
2519 290.0
2520 375.0
2521 375.0
2522 378.0
2523 381.0
2524 266.0
2525 306.0
2526 32.0
2527 338.0
2528 395.0
2529 38.0
2530 283.0
2531 49.0
2532 49.0
2533 330.0
2534 330.0
2535 330.0
2536 273.0
2537 38.0
2538 0.0
2539 39.0
2540 294.0
2541 1.0
2542 0.0
2543 25.0
2544 294.0
2545 294.0
2546 252.0
2547 32.0
2548 306.0
2549 292.0
2550 427.0
2551 293.0
2552 300.0
2553 290.0
2554 300.0
2555 300.0
2556 109.0
2557 301.0
2558 370.0
2559 262.0
2560 276.0
2561 269.0
2562 104.0
2563 214.0
2564 214.0
2565 214.0
2566 427.0
2567 427.0
2568 427.0
2569 219.0
2570 262.0
2571 313.0
2572 290.0
2573 378.0
2574 381.0
2575 43.0
2576 289.0
2577 254.0
2578 338.0
2579 395.0
2580 284.0
2581 221.0
2582 33.0
2583 0.0
2584 330.0
2585 330.0
2586 282.0
2587 30.0
2588 262.0
2589 255.0
2590 290.0
2591 294.0
2592 6.0
2593 294.0
2594 294.0
2595 294.0
2596 294.0
2597 294.0
2598 32.0
2599 300.0
2600 306.0
2601 427.0
2602 288.0
2603 300.0
2604 289.0
2605 300.0
2606 300.0
2607 273.0
2608 288.0
2609 275.0
2610 32.0
2611 260.0
2612 288.0
2613 329.0
2614 374.0
2615 370.0
2616 238.0
2617 369.0
2618 427.0
2619 427.0
2620 214.0
2621 256.0
2622 259.0
2623 375.0
2624 381.0
2625 381.0
2626 274.0
2627 289.0
2628 32.0
2629 293.0
2630 369.0
2631 284.0
2632 316.0
2633 370.0
2634 0.0
2635 330.0
2636 330.0
2637 282.0
2638 175.0
2639 32.0
2640 25.0
2641 32.0
2642 294.0
2643 259.0
2644 277.0
2645 294.0
2646 294.0
2647 294.0
2648 269.0
2649 32.0
2650 288.0
2651 292.0
2652 427.0
2653 293.0
2654 300.0
2655 290.0
2656 300.0
2657 300.0
2658 285.0
2659 280.0
2660 370.0
2661 0.0
2662 103.0
2663 373.0
2664 283.0
2665 370.0
2666 370.0
2667 33.0
2668 369.0
2669 427.0
2670 32.0
2671 219.0
2672 290.0
2673 378.0
2674 257.0
2675 378.0
2676 381.0
2677 274.0
2678 33.0
2679 32.0
2680 169.0
2681 395.0
2682 104.0
2683 114.0
2684 49.0
2685 284.0
2686 283.0
2687 330.0
2688 214.0
2689 273.0
2690 32.0
2691 25.0
2692 296.0
2693 294.0
2694 279.0
2695 0.0
2696 25.0
2697 294.0
2698 294.0
2699 262.0
2700 180.0
2701 300.0
2702 292.0
2703 427.0
2704 300.0
2705 300.0
2706 290.0
2707 300.0
2708 300.0
2709 274.0
2710 296.0
2711 370.0
2712 303.0
2713 103.0
2714 295.0
2715 98.0
2716 370.0
2717 214.0
2718 304.0
2719 346.0
2720 427.0
2721 427.0
2722 278.0
2723 290.0
2724 257.0
2725 378.0
2726 381.0
2727 381.0
2728 249.0
2729 169.0
2730 252.0
2731 313.0
2732 395.0
2733 320.0
2734 370.0
2735 283.0
2736 0.0
2737 330.0
2738 330.0
2739 282.0
2740 273.0
2741 205.0
2742 255.0
2743 33.0
2744 294.0
2745 210.0
2746 32.0
2747 294.0
2748 294.0
2749 294.0
2750 252.0
2751 32.0
2752 300.0
2753 287.0
2754 427.0
2755 288.0
2756 300.0
2757 169.0
2758 300.0
2759 300.0
2760 275.0
2761 0.0
2762 370.0
2763 285.0
2764 103.0
2765 269.0
2766 169.0
2767 374.0
2768 214.0
2769 304.0
2770 340.0
2771 427.0
2772 427.0
2773 278.0
2774 190.0
2775 266.0
2776 313.0
2777 381.0
2778 381.0
2779 268.0
2780 289.0
2781 169.0
2782 338.0
2783 395.0
2784 284.0
2785 298.0
2786 104.0
2787 0.0
2788 330.0
2789 330.0
2790 282.0
2791 30.0
2792 267.0
2793 255.0
2794 32.0
2795 294.0
2796 279.0
2797 290.0
2798 32.0
2799 294.0
2800 294.0
2801 294.0
2802 32.0
2803 293.0
2804 300.0
2805 427.0
2806 282.0
2807 300.0
2808 300.0
2809 300.0
2810 300.0
2811 276.0
2812 280.0
2813 370.0
2814 370.0
2815 103.0
2816 288.0
2817 109.0
2818 214.0
2819 374.0
2820 32.0
2821 340.0
2822 427.0
2823 427.0
2824 235.0
2825 109.0
2826 259.0
2827 375.0
2828 381.0
2829 381.0
2830 274.0
2831 0.0
2832 32.0
2833 293.0
2834 395.0
2835 104.0
2836 366.0
2837 49.0
2838 49.0
2839 283.0
2840 330.0
2841 330.0
2842 32.0
2843 282.0
2844 25.0
2845 109.0
2846 294.0
2847 279.0
2848 294.0
2849 25.0
2850 294.0
2851 294.0
2852 281.0
2853 191.0
2854 191.0
2855 292.0
2856 427.0
2857 278.0
2858 300.0
2859 290.0
2860 300.0
2861 300.0
2862 104.0
2863 280.0
2864 370.0
2865 32.0
2866 103.0
2867 370.0
2868 294.0
2869 214.0
2870 370.0
2871 270.0
2872 340.0
2873 427.0
2874 240.0
2875 352.0
2876 254.0
2877 375.0
2878 109.0
2879 381.0
2880 381.0
2881 191.0
2882 169.0
2883 252.0
2884 169.0
2885 395.0
2886 395.0
2887 114.0
2888 279.0
2889 49.0
2890 283.0
2891 330.0
2892 330.0
2893 273.0
2894 205.0
2895 255.0
2896 33.0
2897 294.0
2898 247.0
2899 0.0
2900 294.0
2901 294.0
2902 294.0
2903 252.0
2904 32.0
2905 283.0
2906 292.0
2907 427.0
2908 288.0
2909 300.0
2910 290.0
2911 300.0
2912 300.0
2913 278.0
2914 33.0
2915 275.0
2916 285.0
2917 103.0
2918 278.0
2919 290.0
2920 370.0
2921 214.0
2922 292.0
2923 369.0
2924 427.0
2925 427.0
2926 104.0
2927 290.0
2928 255.0
2929 313.0
2930 381.0
2931 381.0
2932 284.0
2933 289.0
2934 32.0
2935 290.0
2936 395.0
2937 349.0
2938 109.0
2939 283.0
2940 0.0
2941 330.0
2942 330.0
2943 282.0
2944 282.0
2945 38.0
2946 255.0
2947 30.0
2948 294.0
2949 252.0
2950 290.0
2951 294.0
2952 294.0
2953 294.0
2954 294.0
2955 38.0
2956 300.0
2957 293.0
2958 427.0
2959 300.0
2960 300.0
2961 289.0
2962 300.0
2963 300.0
2964 359.0
2965 33.0
2966 275.0
2967 273.0
2968 103.0
2969 373.0
2970 104.0
2971 374.0
2972 214.0
2973 338.0
2974 340.0
2975 427.0
2976 240.0
2977 427.0
2978 202.0
2979 375.0
2980 290.0
2981 381.0
2982 381.0
2983 274.0
2984 306.0
2985 32.0
2986 370.0
2987 395.0
2988 104.0
2989 266.0
2990 104.0
2991 0.0
2992 330.0
2993 330.0
2994 330.0
2995 268.0
2996 289.0
2997 255.0
2998 109.0
2999 296.0
3000 1.0
3001 290.0
3002 0.0
3003 294.0
3004 294.0
3005 281.0
3006 32.0
3007 191.0
3008 282.0
3009 427.0
3010 282.0
3011 300.0
3012 300.0
3013 300.0
3014 320.0
3015 278.0
3016 262.0
3017 370.0
3018 32.0
3019 103.0
3020 336.0
3021 294.0
3022 214.0
3023 370.0
3024 33.0
3025 369.0
3026 427.0
3027 427.0
3028 427.0
3029 427.0
3030 286.0
3031 375.0
3032 381.0
3033 381.0
3034 109.0
3035 0.0
3036 252.0
3037 269.0
3038 369.0
3039 104.0
3040 277.0
3041 286.0
3042 49.0
3043 283.0
3044 330.0
3045 282.0
3046 103.0
3047 32.0
3048 255.0
3049 33.0
3050 296.0
3051 294.0
3052 294.0
3053 294.0
3054 294.0
3055 294.0
3056 278.0
3057 279.0
3058 306.0
3059 292.0
3060 427.0
3061 290.0
3062 300.0
3063 290.0
3064 348.0
3065 284.0
3066 342.0
3067 262.0
3068 288.0
3069 262.0
3070 103.0
3071 336.0
3072 334.0
3073 370.0
3074 374.0
3075 338.0
3076 427.0
3077 427.0
3078 240.0
3079 427.0
3080 427.0
3081 427.0
3082 109.0
3083 381.0
3084 381.0
3085 282.0
3086 169.0
3087 252.0
3088 180.0
3089 369.0
3090 284.0
3091 114.0
3092 278.0
3093 0.0
3094 284.0
3095 330.0
3096 330.0
3097 193.0
3098 25.0
3099 255.0
3100 290.0
3101 296.0
3102 199.0
3103 294.0
3104 294.0
3105 294.0
3106 294.0
3107 262.0
3108 32.0
3109 283.0
3110 300.0
3111 427.0
3112 191.0
3113 300.0
3114 374.0
3115 277.0
3116 296.0
3117 344.0
3118 33.0
3119 370.0
3120 195.0
3121 103.0
3122 373.0
3123 109.0
3124 370.0
3125 214.0
3126 38.0
3127 240.0
3128 427.0
3129 427.0
3130 427.0
3131 240.0
3132 427.0
3133 427.0
3134 381.0
3135 381.0
3136 109.0
3137 288.0
3138 293.0
3139 313.0
3140 395.0
3141 320.0
3142 284.0
3143 283.0
3144 49.0
3145 330.0
3146 330.0
3147 330.0
3148 330.0
3149 262.0
3150 25.0
3151 169.0
3152 294.0
3153 1.0
3154 25.0
3155 25.0
3156 294.0
3157 294.0
3158 292.0
3159 175.0
3160 300.0
3161 306.0
3162 427.0
3163 290.0
3164 291.0
3165 291.0
3166 306.0
3167 294.0
3168 308.0
3169 33.0
3170 370.0
3171 180.0
3172 103.0
3173 373.0
3174 300.0
3175 374.0
3176 214.0
3177 214.0
3178 427.0
3179 427.0
3180 427.0
3181 427.0
3182 427.0
3183 427.0
3184 427.0
3185 427.0
3186 381.0
3187 274.0
3188 0.0
3189 33.0
3190 395.0
3191 293.0
3192 104.0
3193 284.0
3194 279.0
3195 49.0
3196 283.0
3197 330.0
3198 330.0
3199 283.0
3200 38.0
3201 255.0
3202 32.0
3203 296.0
3204 259.0
3205 294.0
3206 0.0
3207 294.0
3208 294.0
3209 278.0
3210 169.0
3211 191.0
3212 292.0
3213 427.0
3214 293.0
3215 6.0
3216 374.0
3217 348.0
3218 284.0
3219 276.0
3220 322.0
3221 288.0
3222 370.0
3223 103.0
3224 373.0
3225 109.0
3226 214.0
3227 214.0
3228 280.0
3229 369.0
3230 427.0
3231 240.0
3232 427.0
3233 427.0
3234 427.0
3235 427.0
3236 427.0
3237 427.0
3238 109.0
3239 158.0
3240 32.0
3241 33.0
3242 369.0
3243 104.0
3244 114.0
3245 279.0
3246 0.0
3247 330.0
3248 330.0
3249 330.0
3250 330.0
3251 267.0
3252 255.0
3253 33.0
3254 296.0
3255 251.0
3256 294.0
3257 294.0
3258 294.0
3259 294.0
3260 262.0
3261 278.0
3262 191.0
3263 306.0
3264 427.0
3265 300.0
3266 285.0
3267 265.0
3268 359.0
3269 294.0
3270 344.0
3271 262.0
3272 275.0
3273 273.0
3274 103.0
3275 373.0
3276 295.0
3277 374.0
3278 370.0
3279 304.0
3280 240.0
3281 427.0
3282 427.0
3283 427.0
3284 427.0
3285 427.0
3286 427.0
3287 427.0
3288 427.0
3289 427.0
3290 306.0
3291 104.0
3292 33.0
3293 369.0
3294 349.0
3295 338.0
3296 284.0
3297 49.0
3298 330.0
3299 330.0
3300 330.0
3301 330.0
3302 267.0
3303 255.0
3304 33.0
3305 294.0
3306 199.0
3307 294.0
3308 32.0
3309 294.0
3310 294.0
3311 262.0
3312 32.0
3313 300.0
3314 306.0
3315 427.0
3316 300.0
3317 296.0
3318 291.0
3319 320.0
3320 279.0
3321 344.0
3322 264.0
3323 370.0
3324 169.0
3325 103.0
3326 373.0
3327 331.0
3328 370.0
3329 370.0
3330 33.0
3331 169.0
3332 427.0
3333 427.0
3334 427.0
3335 427.0
3336 427.0
3337 427.0
3338 427.0
3339 427.0
3340 427.0
3341 185.0
3342 274.0
3343 338.0
3344 395.0
3345 284.0
3346 104.0
3347 370.0
3348 0.0
3349 330.0
3350 330.0
3351 330.0
3352 283.0
3353 267.0
3354 0.0
3355 109.0
3356 294.0
3357 245.0
3358 32.0
3359 0.0
3360 294.0
3361 294.0
3362 262.0
3363 288.0
3364 281.0
3365 306.0
3366 427.0
3367 282.0
3368 296.0
3369 374.0
3370 292.0
3371 284.0
3372 359.0
3373 104.0
3374 370.0
3375 288.0
3376 103.0
3377 336.0
3378 272.0
3379 214.0
3380 32.0
3381 369.0
3382 427.0
3383 427.0
3384 427.0
3385 427.0
3386 427.0
3387 427.0
3388 427.0
3389 427.0
3390 214.0
3391 235.0
3392 240.0
3393 32.0
3394 285.0
3395 395.0
3396 253.0
3397 277.0
3398 286.0
3399 0.0
3400 330.0
3401 330.0
3402 330.0
3403 330.0
3404 32.0
3405 25.0
3406 109.0
3407 296.0
3408 251.0
3409 294.0
3410 294.0
3411 294.0
3412 294.0
3413 294.0
3414 84.0
3415 306.0
3416 306.0
3417 427.0
3418 300.0
3419 291.0
3420 292.0
3421 38.0
3422 300.0
3423 359.0
3424 33.0
3425 288.0
3426 279.0
3427 103.0
3428 373.0
3429 208.0
3430 214.0
3431 214.0
3432 214.0
3433 369.0
3434 427.0
3435 427.0
3436 427.0
3437 427.0
3438 427.0
3439 427.0
3440 427.0
3441 289.0
3442 427.0
3443 427.0
3444 32.0
3445 33.0
3446 369.0
3447 104.0
3448 277.0
3449 279.0
3450 0.0
3451 330.0
3452 330.0
3453 330.0
3454 330.0
3455 267.0
3456 255.0
3457 33.0
3458 296.0
3459 1.0
3460 294.0
3461 32.0
3462 294.0
3463 294.0
3464 192.0
3465 32.0
3466 191.0
3467 306.0
3468 427.0
3469 300.0
3470 1.0
3471 292.0
3472 265.0
3473 391.0
3474 344.0
3475 262.0
3476 370.0
3477 336.0
3478 103.0
3479 373.0
3480 290.0
3481 374.0
3482 370.0
3483 369.0
3484 214.0
3485 427.0
3486 240.0
3487 427.0
3488 427.0
3489 427.0
3490 427.0
3491 427.0
3492 427.0
3493 427.0
3494 427.0
3495 352.0
3496 259.0
3497 395.0
3498 284.0
3499 114.0
3500 284.0
3501 0.0
3502 330.0
3503 330.0
3504 330.0
3505 330.0
3506 267.0
3507 255.0
3508 33.0
3509 296.0
3510 279.0
3511 294.0
3512 25.0
3513 294.0
3514 294.0
3515 269.0
3516 293.0
3517 300.0
3518 306.0
3519 427.0
3520 306.0
3521 11.0
3522 291.0
3523 294.0
3524 347.0
3525 391.0
3526 259.0
3527 370.0
3528 288.0
3529 278.0
3530 373.0
3531 272.0
3532 374.0
3533 370.0
3534 336.0
3535 169.0
3536 427.0
3537 427.0
3538 427.0
3539 427.0
3540 427.0
3541 427.0
3542 427.0
3543 427.0
3544 427.0
3545 427.0
3546 283.0
3547 338.0
3548 395.0
3549 104.0
3550 288.0
3551 283.0
3552 0.0
3553 330.0
3554 330.0
3555 330.0
3556 330.0
3557 32.0
3558 255.0
3559 32.0
3560 294.0
3561 229.0
3562 294.0
3563 294.0
3564 294.0
3565 294.0
3566 281.0
3567 32.0
3568 300.0
3569 306.0
3570 427.0
3571 292.0
3572 285.0
3573 311.0
3574 180.0
3575 279.0
3576 294.0
3577 1.0
3578 288.0
3579 340.0
3580 103.0
3581 370.0
3582 319.0
3583 374.0
3584 98.0
3585 169.0
3586 369.0
3587 427.0
3588 427.0
3589 427.0
3590 427.0
3591 427.0
3592 427.0
3593 427.0
3594 260.0
3595 214.0
3596 427.0
3597 214.0
3598 313.0
3599 369.0
3600 104.0
3601 104.0
3602 43.0
3603 0.0
3604 330.0
3605 330.0
3606 330.0
3607 330.0
3608 267.0
3609 25.0
3610 295.0
3611 294.0
3612 259.0
3613 294.0
3614 294.0
3615 294.0
3616 294.0
3617 192.0
3618 279.0
3619 191.0
3620 306.0
3621 427.0
3622 306.0
3623 288.0
3624 292.0
3625 294.0
3626 306.0
3627 391.0
3628 33.0
3629 288.0
3630 282.0
3631 103.0
3632 373.0
3633 109.0
3634 374.0
3635 38.0
3636 338.0
3637 369.0
3638 427.0
3639 240.0
3640 427.0
3641 427.0
3642 427.0
3643 427.0
3644 427.0
3645 427.0
3646 427.0
3647 427.0
3648 352.0
3649 289.0
3650 369.0
3651 370.0
3652 277.0
3653 286.0
3654 0.0
3655 330.0
3656 330.0
3657 330.0
3658 330.0
3659 32.0
3660 255.0
3661 282.0
3662 294.0
3663 259.0
3664 294.0
3665 32.0
3666 294.0
3667 294.0
3668 294.0
3669 279.0
3670 300.0
3671 306.0
3672 427.0
3673 300.0
3674 374.0
3675 374.0
3676 284.0
3677 279.0
3678 311.0
3679 33.0
3680 316.0
3681 288.0
3682 103.0
3683 373.0
3684 276.0
3685 374.0
3686 370.0
3687 340.0
3688 340.0
3689 427.0
3690 240.0
3691 427.0
3692 427.0
3693 427.0
3694 427.0
3695 427.0
3696 427.0
3697 235.0
3698 427.0
3699 234.0
3700 32.0
3701 395.0
3702 365.0
3703 256.0
3704 30.0
3705 49.0
3706 330.0
3707 330.0
3708 330.0
3709 330.0
3710 267.0
3711 255.0
3712 169.0
3713 294.0
3714 279.0
3715 294.0
3716 294.0
3717 294.0
3718 294.0
3719 262.0
3720 175.0
3721 300.0
3722 306.0
3723 427.0
3724 291.0
3725 285.0
3726 366.0
3727 38.0
3728 307.0
3729 294.0
3730 262.0
3731 370.0
3732 278.0
3733 103.0
3734 370.0
3735 262.0
3736 374.0
3737 369.0
3738 235.0
3739 340.0
3740 427.0
3741 427.0
3742 427.0
3743 427.0
3744 427.0
3745 427.0
3746 427.0
3747 235.0
3748 427.0
3749 427.0
3750 352.0
3751 33.0
3752 395.0
3753 289.0
3754 0.0
3755 271.0
3756 0.0
3757 330.0
3758 330.0
3759 330.0
3760 330.0
3761 267.0
3762 255.0
3763 294.0
3764 294.0
3765 25.0
3766 294.0
3767 294.0
3768 294.0
3769 294.0
3770 292.0
3771 292.0
3772 191.0
3773 306.0
3774 427.0
3775 306.0
3776 288.0
3777 374.0
3778 294.0
3779 294.0
3780 307.0
3781 1.0
3782 304.0
3783 370.0
3784 103.0
3785 373.0
3786 115.0
3787 374.0
3788 235.0
3789 340.0
3790 340.0
3791 427.0
3792 427.0
3793 427.0
3794 427.0
3795 427.0
3796 235.0
3797 427.0
3798 427.0
3799 427.0
3800 427.0
3801 299.0
3802 313.0
3803 369.0
3804 109.0
3805 114.0
3806 49.0
3807 0.0
3808 330.0
3809 330.0
3810 330.0
3811 330.0
3812 267.0
3813 25.0
3814 290.0
3815 296.0
3816 279.0
3817 294.0
3818 32.0
3819 294.0
3820 294.0
3821 252.0
3822 278.0
3823 293.0
3824 306.0
3825 427.0
3826 6.0
3827 6.0
3828 311.0
3829 331.0
3830 359.0
3831 311.0
3832 270.0
3833 296.0
3834 180.0
3835 103.0
3836 278.0
3837 93.0
3838 374.0
3839 370.0
3840 340.0
3841 369.0
3842 427.0
3843 240.0
3844 427.0
3845 240.0
3846 427.0
3847 253.0
3848 427.0
3849 427.0
3850 289.0
3851 427.0
3852 370.0
3853 38.0
3854 293.0
3855 365.0
3856 288.0
3857 38.0
3858 49.0
3859 330.0
3860 330.0
3861 330.0
3862 330.0
3863 32.0
3864 255.0
3865 294.0
3866 294.0
3867 279.0
3868 294.0
3869 32.0
3870 294.0
3871 294.0
3872 262.0
3873 288.0
3874 283.0
3875 306.0
3876 427.0
3877 359.0
3878 285.0
3879 374.0
3880 293.0
3881 391.0
3882 307.0
3883 201.0
3884 304.0
3885 370.0
3886 103.0
3887 370.0
3888 384.0
3889 374.0
3890 369.0
3891 340.0
3892 340.0
3893 427.0
3894 427.0
3895 427.0
3896 427.0
3897 427.0
3898 427.0
3899 427.0
3900 235.0
3901 240.0
3902 427.0
3903 240.0
3904 104.0
3905 369.0
3906 349.0
3907 109.0
3908 286.0
3909 49.0
3910 283.0
3911 330.0
3912 330.0
3913 330.0
3914 267.0
3915 263.0
3916 284.0
3917 296.0
3918 6.0
3919 294.0
3920 294.0
3921 294.0
3922 294.0
3923 270.0
3924 191.0
3925 191.0
3926 306.0
3927 427.0
3928 291.0
3929 296.0
3930 374.0
3931 294.0
3932 294.0
3933 294.0
3934 32.0
3935 307.0
3936 340.0
3937 103.0
3938 384.0
3939 344.0
3940 109.0
3941 370.0
3942 340.0
3943 340.0
3944 427.0
3945 427.0
3946 427.0
3947 240.0
3948 427.0
3949 427.0
3950 427.0
3951 235.0
3952 427.0
3953 427.0
3954 370.0
3955 313.0
3956 169.0
3957 32.0
3958 277.0
3959 49.0
3960 0.0
3961 330.0
3962 330.0
3963 330.0
3964 330.0
3965 267.0
3966 255.0
3967 296.0
3968 294.0
3969 279.0
3970 294.0
3971 294.0
3972 294.0
3973 294.0
3974 192.0
3975 185.0
3976 300.0
3977 311.0
3978 427.0
3979 6.0
3980 288.0
3981 311.0
3982 265.0
3983 359.0
3984 391.0
3985 280.0
3986 288.0
3987 180.0
3988 103.0
3989 283.0
3990 334.0
3991 109.0
3992 38.0
3993 340.0
3994 369.0
3995 427.0
3996 240.0
3997 427.0
3998 240.0
3999 427.0
4000 235.0
4001 427.0
4002 427.0
4003 427.0
4004 427.0
4005 352.0
4006 313.0
4007 293.0
4008 104.0
4009 33.0
4010 286.0
4011 0.0
4012 330.0
4013 330.0
4014 330.0
4015 330.0
4016 32.0
4017 255.0
4018 294.0
4019 294.0
4020 294.0
4021 294.0
4022 32.0
4023 294.0
4024 294.0
4025 269.0
4026 191.0
4027 301.0
4028 374.0
4029 427.0
4030 348.0
4031 285.0
4032 374.0
4033 291.0
4034 359.0
4035 391.0
4036 288.0
4037 304.0
4038 288.0
4039 103.0
4040 104.0
4041 93.0
4042 208.0
4043 369.0
4044 340.0
4045 340.0
4046 427.0
4047 240.0
4048 427.0
4049 427.0
4050 427.0
4051 427.0
4052 427.0
4053 427.0
4054 235.0
4055 427.0
4056 427.0
4057 313.0
4058 369.0
4059 374.0
4060 114.0
4061 0.0
4062 0.0
4063 330.0
4064 330.0
4065 330.0
4066 330.0
4067 32.0
4068 270.0
4069 294.0
4070 296.0
4071 1.0
4072 294.0
4073 32.0
4074 294.0
4075 294.0
4076 269.0
4077 191.0
4078 374.0
4079 291.0
4080 427.0
4081 291.0
4082 11.0
4083 374.0
4084 294.0
4085 294.0
4086 307.0
4087 2.0
4088 370.0
4089 263.0
4090 103.0
4091 336.0
4092 93.0
4093 214.0
4094 369.0
4095 338.0
4096 340.0
4097 427.0
4098 427.0
4099 427.0
4100 427.0
4101 427.0
4102 427.0
4103 427.0
4104 427.0
4105 427.0
4106 427.0
4107 427.0
4108 427.0
4109 369.0
4110 291.0
4111 109.0
4112 271.0
4113 0.0
4114 330.0
4115 330.0
4116 330.0
4117 330.0
4118 6.0
4119 247.0
4120 284.0
4121 296.0
4122 279.0
4123 294.0
4124 294.0
4125 294.0
4126 294.0
4127 262.0
4128 286.0
4129 169.0
4130 374.0
4131 427.0
4132 109.0
4133 272.0
4134 311.0
4135 294.0
4136 359.0
4137 294.0
4138 274.0
4139 370.0
4140 288.0
4141 103.0
4142 255.0
4143 208.0
4144 370.0
4145 235.0
4146 338.0
4147 369.0
4148 427.0
4149 427.0
4150 427.0
4151 427.0
4152 427.0
4153 427.0
4154 427.0
4155 235.0
4156 427.0
4157 427.0
4158 370.0
4159 427.0
4160 427.0
4161 32.0
4162 109.0
4163 18.0
4164 0.0
4165 330.0
4166 330.0
4167 330.0
4168 330.0
4169 267.0
4170 278.0
4171 290.0
4172 296.0
4173 279.0
4174 294.0
4175 294.0
4176 294.0
4177 294.0
4178 272.0
4179 169.0
4180 374.0
4181 374.0
4182 427.0
4183 6.0
4184 296.0
4185 292.0
4186 293.0
4187 359.0
4188 391.0
4189 281.0
4190 288.0
4191 288.0
4192 103.0
4193 255.0
4194 93.0
4195 104.0
4196 369.0
4197 340.0
4198 340.0
4199 427.0
4200 427.0
4201 427.0
4202 427.0
4203 427.0
4204 427.0
4205 427.0
4206 427.0
4207 427.0
4208 427.0
4209 427.0
4210 299.0
4211 427.0
4212 427.0
4213 114.0
4214 104.0
4215 0.0
4216 330.0
4217 330.0
4218 330.0
4219 330.0
4220 32.0
4221 252.0
4222 284.0
4223 296.0
4224 279.0
4225 294.0
4226 294.0
4227 294.0
4228 294.0
4229 6.0
4230 284.0
4231 296.0
4232 374.0
4233 427.0
4234 109.0
4235 291.0
4236 374.0
4237 293.0
4238 307.0
4239 391.0
4240 38.0
4241 370.0
4242 307.0
4243 103.0
4244 336.0
4245 384.0
4246 208.0
4247 369.0
4248 340.0
4249 340.0
4250 427.0
4251 240.0
4252 427.0
4253 427.0
4254 427.0
4255 427.0
4256 427.0
4257 427.0
4258 427.0
4259 427.0
4260 427.0
4261 306.0
4262 214.0
4263 427.0
4264 38.0
4265 271.0
4266 0.0
4267 330.0
4268 330.0
4269 330.0
4270 330.0
4271 267.0
4272 25.0
4273 294.0
4274 296.0
4275 240.0
4276 294.0
4277 32.0
4278 294.0
4279 294.0
4280 267.0
4281 49.0
4282 374.0
4283 374.0
4284 427.0
4285 311.0
4286 6.0
4287 366.0
4288 294.0
4289 307.0
4290 391.0
4291 277.0
4292 370.0
4293 288.0
4294 103.0
4295 0.0
4296 334.0
4297 290.0
4298 38.0
4299 340.0
4300 340.0
4301 427.0
4302 427.0
4303 427.0
4304 427.0
4305 427.0
4306 427.0
4307 427.0
4308 427.0
4309 427.0
4310 427.0
4311 370.0
4312 427.0
4313 258.0
4314 427.0
4315 214.0
4316 271.0
4317 0.0
4318 330.0
4319 330.0
4320 330.0
4321 330.0
4322 267.0
4323 290.0
4324 290.0
4325 296.0
4326 259.0
4327 294.0
4328 32.0
4329 294.0
4330 294.0
4331 252.0
4332 427.0
4333 353.0
4334 374.0
4335 427.0
4336 275.0
4337 374.0
4338 374.0
4339 294.0
4340 359.0
4341 307.0
4342 38.0
4343 370.0
4344 288.0
4345 103.0
4346 290.0
4347 93.0
4348 290.0
4349 32.0
4350 340.0
4351 340.0
4352 427.0
4353 427.0
4354 427.0
4355 427.0
4356 427.0
4357 427.0
4358 427.0
4359 289.0
4360 427.0
4361 427.0
4362 427.0
4363 299.0
4364 258.0
4365 427.0
4366 214.0
4367 38.0
4368 33.0
4369 330.0
4370 330.0
4371 330.0
4372 330.0
4373 38.0
4374 290.0
4375 296.0
4376 296.0
4377 279.0
4378 294.0
4379 294.0
4380 294.0
4381 294.0
4382 259.0
4383 311.0
4384 43.0
4385 374.0
4386 427.0
4387 292.0
4388 296.0
4389 311.0
4390 294.0
4391 359.0
4392 391.0
4393 294.0
4394 304.0
4395 307.0
4396 103.0
4397 290.0
4398 109.0
4399 382.0
4400 369.0
4401 340.0
4402 340.0
4403 427.0
4404 240.0
4405 427.0
4406 427.0
4407 427.0
4408 427.0
4409 427.0
4410 240.0
4411 427.0
4412 427.0
4413 427.0
4414 38.0
4415 369.0
4416 427.0
4417 214.0
4418 285.0
4419 0.0
4420 330.0
4421 330.0
4422 330.0
4423 330.0
4424 32.0
4425 0.0
4426 284.0
4427 296.0
4428 210.0
4429 294.0
4430 294.0
4431 294.0
4432 294.0
4433 0.0
4434 49.0
4435 191.0
4436 374.0
4437 427.0
4438 296.0
4439 311.0
4440 374.0
4441 294.0
4442 294.0
4443 391.0
4444 277.0
4445 288.0
4446 370.0
4447 103.0
4448 325.0
4449 109.0
4450 384.0
4451 370.0
4452 338.0
4453 340.0
4454 427.0
4455 240.0
4456 427.0
4457 427.0
4458 427.0
4459 427.0
4460 289.0
4461 427.0
4462 214.0
4463 427.0
4464 299.0
4465 427.0
4466 214.0
4467 427.0
4468 38.0
4469 271.0
4470 0.0
4471 330.0
4472 330.0
4473 330.0
4474 330.0
4475 267.0
4476 0.0
4477 290.0
4478 296.0
4479 279.0
4480 294.0
4481 294.0
4482 294.0
4483 294.0
4484 256.0
4485 357.0
4486 249.0
4487 374.0
4488 427.0
4489 374.0
4490 285.0
4491 374.0
4492 273.0
4493 391.0
4494 294.0
4495 6.0
4496 307.0
4497 191.0
4498 103.0
4499 318.0
4500 93.0
4501 391.0
4502 214.0
4503 235.0
4504 340.0
4505 427.0
4506 427.0
4507 427.0
4508 427.0
4509 427.0
4510 427.0
4511 427.0
4512 427.0
4513 240.0
4514 427.0
4515 370.0
4516 427.0
4517 214.0
4518 427.0
4519 193.0
4520 104.0
4521 0.0
4522 330.0
4523 330.0
4524 330.0
4525 330.0
4526 267.0
4527 263.0
4528 290.0
4529 296.0
4530 279.0
4531 294.0
4532 32.0
4533 294.0
4534 294.0
4535 262.0
4536 269.0
4537 290.0
4538 374.0
4539 427.0
4540 359.0
4541 296.0
4542 374.0
4543 293.0
4544 359.0
4545 391.0
4546 294.0
4547 279.0
4548 336.0
4549 103.0
4550 280.0
4551 348.0
4552 391.0
4553 98.0
4554 340.0
4555 340.0
4556 427.0
4557 427.0
4558 427.0
4559 427.0
4560 427.0
4561 427.0
4562 427.0
4563 427.0
4564 427.0
4565 427.0
4566 427.0
4567 44.0
4568 427.0
4569 427.0
4570 189.0
4571 33.0
4572 0.0
4573 330.0
4574 330.0
4575 330.0
4576 330.0
4577 32.0
4578 273.0
4579 32.0
4580 296.0
4581 235.0
4582 294.0
4583 294.0
4584 294.0
4585 294.0
4586 269.0
4587 294.0
4588 49.0
4589 374.0
4590 427.0
4591 359.0
4592 374.0
4593 374.0
4594 294.0
4595 359.0
4596 391.0
4597 277.0
4598 370.0
4599 370.0
4600 103.0
4601 290.0
4602 104.0
4603 384.0
4604 334.0
4605 340.0
4606 340.0
4607 427.0
4608 427.0
4609 427.0
4610 427.0
4611 427.0
4612 427.0
4613 427.0
4614 214.0
4615 427.0
4616 427.0
4617 427.0
4618 427.0
4619 427.0
4620 427.0
4621 38.0
4622 271.0
4623 0.0
4624 330.0
4625 330.0
4626 330.0
4627 330.0
4628 32.0
4629 293.0
4630 294.0
4631 296.0
4632 294.0
4633 294.0
4634 294.0
4635 294.0
4636 294.0
4637 262.0
4638 191.0
4639 347.0
4640 374.0
4641 427.0
4642 291.0
4643 49.0
4644 374.0
4645 294.0
4646 273.0
4647 391.0
4648 326.0
4649 304.0
4650 303.0
4651 103.0
4652 384.0
4653 93.0
4654 391.0
4655 214.0
4656 338.0
4657 369.0
4658 427.0
4659 427.0
4660 427.0
4661 427.0
4662 427.0
4663 427.0
4664 427.0
4665 427.0
4666 427.0
4667 427.0
4668 370.0
4669 427.0
4670 427.0
4671 427.0
4672 427.0
4673 33.0
4674 49.0
4675 330.0
4676 330.0
4677 330.0
4678 330.0
4679 6.0
4680 0.0
4681 290.0
4682 296.0
4683 277.0
4684 294.0
4685 32.0
4686 294.0
4687 294.0
4688 0.0
4689 395.0
4690 291.0
4691 374.0
4692 427.0
4693 359.0
4694 296.0
4695 374.0
4696 293.0
4697 391.0
4698 391.0
4699 269.0
4700 370.0
4701 370.0
4702 103.0
4703 325.0
4704 109.0
4705 391.0
4706 93.0
4707 340.0
4708 340.0
4709 427.0
4710 427.0
4711 427.0
4712 427.0
4713 427.0
4714 427.0
4715 427.0
4716 427.0
4717 283.0
4718 427.0
4719 370.0
4720 214.0
4721 427.0
4722 427.0
4723 214.0
4724 240.0
4725 0.0
4726 330.0
4727 330.0
4728 330.0
4729 330.0
4730 267.0
4731 39.0
4732 33.0
4733 296.0
4734 32.0
4735 294.0
4736 32.0
4737 294.0
4738 294.0
4739 262.0
4740 564.0
4741 326.0
4742 374.0
4743 564.0
4744 359.0
4745 6.0
4746 374.0
4747 273.0
4748 391.0
4749 391.0
4750 280.0
4751 302.0
4752 370.0
4753 103.0
4754 290.0
4755 370.0
4756 391.0
4757 0.0
4758 374.0
4759 340.0
4760 427.0
4761 427.0
4762 427.0
4763 240.0
4764 427.0
4765 427.0
4766 427.0
4767 427.0
4768 427.0
4769 427.0
4770 427.0
4771 299.0
4772 427.0
4773 427.0
4774 427.0
4775 240.0
4776 49.0
4777 330.0
4778 330.0
4779 330.0
4780 330.0
4781 32.0
4782 259.0
4783 109.0
4784 296.0
4785 235.0
4786 294.0
4787 294.0
4788 294.0
4789 294.0
4790 259.0
4791 699.0
4792 294.0
4793 374.0
4794 699.0
4795 374.0
4796 296.0
4797 374.0
4798 294.0
4799 391.0
4800 391.0
4801 277.0
4802 304.0
4803 370.0
4804 103.0
4805 290.0
4806 109.0
4807 384.0
4808 352.0
4809 269.0
4810 427.0
4811 427.0
4812 427.0
4813 427.0
4814 427.0
4815 427.0
4816 427.0
4817 427.0
4818 427.0
4819 427.0
4820 427.0
4821 427.0
4822 427.0
4823 427.0
4824 427.0
4825 38.0
4826 185.0
4827 49.0
4828 330.0
4829 330.0
4830 330.0
4831 330.0
4832 6.0
4833 0.0
4834 33.0
4835 296.0
4836 259.0
4837 294.0
4838 294.0
4839 294.0
4840 294.0
4841 262.0
4842 698.0
4843 324.0
4844 374.0
4845 699.0
4846 359.0
4847 296.0
4848 374.0
4849 294.0
4850 391.0
4851 391.0
4852 277.0
4853 370.0
4854 303.0
4855 103.0
4856 384.0
4857 93.0
4858 391.0
4859 208.0
4860 369.0
4861 340.0
4862 427.0
4863 427.0
4864 427.0
4865 427.0
4866 427.0
4867 427.0
4868 427.0
4869 427.0
4870 289.0
4871 427.0
4872 370.0
4873 427.0
4874 427.0
4875 427.0
4876 214.0
4877 185.0
4878 49.0
4879 330.0
4880 330.0
4881 330.0
4882 330.0
4883 32.0
4884 38.0
4885 33.0
4886 296.0
4887 279.0
4888 294.0
4889 32.0
4890 294.0
4891 294.0
4892 270.0
4893 651.0
4894 291.0
4895 374.0
4896 699.0
4897 311.0
4898 6.0
4899 374.0
4900 273.0
4901 391.0
4902 391.0
4903 1.0
4904 320.0
4905 370.0
4906 103.0
4907 329.0
4908 44.0
4909 391.0
4910 93.0
4911 340.0
4912 340.0
4913 427.0
4914 240.0
4915 427.0
4916 427.0
4917 427.0
4918 427.0
4919 427.0
4920 427.0
4921 235.0
4922 427.0
4923 427.0
4924 236.0
4925 427.0
4926 427.0
4927 299.0
4928 235.0
4929 0.0
4930 330.0
4931 330.0
4932 330.0
4933 330.0
4934 267.0
4935 33.0
4936 32.0
4937 296.0
4938 199.0
4939 294.0
4940 25.0
4941 294.0
4942 294.0
4943 0.0
4944 651.0
4945 311.0
4946 374.0
4947 699.0
4948 374.0
4949 272.0
4950 374.0
4951 294.0
4952 391.0
4953 391.0
4954 1.0
4955 316.0
4956 370.0
4957 103.0
4958 384.0
4959 214.0
4960 391.0
4961 214.0
4962 374.0
4963 340.0
4964 427.0
4965 240.0
4966 427.0
4967 427.0
4968 427.0
4969 427.0
4970 427.0
4971 427.0
4972 427.0
4973 427.0
4974 427.0
4975 185.0
4976 427.0
4977 427.0
4978 38.0
4979 235.0
4980 49.0
4981 330.0
4982 330.0
4983 330.0
4984 330.0
4985 6.0
4986 30.0
4987 169.0
4988 296.0
4989 247.0
4990 294.0
4991 294.0
4992 294.0
4993 294.0
4994 262.0
4995 901.0
4996 294.0
4997 374.0
4998 901.0
4999 359.0
5000 291.0
5001 374.0
5002 282.0
5003 391.0
5004 391.0
5005 277.0
5006 296.0
5007 303.0
5008 103.0
5009 290.0
5010 109.0
5011 384.0
5012 214.0
5013 369.0
5014 340.0
5015 427.0
5016 427.0
5017 427.0
5018 427.0
5019 427.0
5020 427.0
5021 427.0
5022 427.0
5023 427.0
5024 427.0
5025 427.0
5026 427.0
5027 427.0
5028 427.0
5029 427.0
5030 301.0
5031 49.0
5032 330.0
5033 330.0
5034 330.0
5035 330.0
5036 32.0
5037 0.0
5038 290.0
5039 296.0
5040 259.0
5041 294.0
5042 294.0
5043 294.0
5044 294.0
5045 98.0
5046 698.0
5047 286.0
5048 374.0
5049 901.0
5050 374.0
5051 11.0
5052 374.0
5053 293.0
5054 391.0
5055 391.0
5056 265.0
5057 323.0
5058 370.0
5059 103.0
5060 322.0
5061 93.0
5062 391.0
5063 214.0
5064 374.0
5065 340.0
5066 427.0
5067 427.0
5068 427.0
5069 427.0
5070 427.0
5071 427.0
5072 427.0
5073 427.0
5074 235.0
5075 427.0
5076 299.0
5077 427.0
5078 427.0
5079 427.0
5080 214.0
5081 44.0
5082 0.0
5083 330.0
5084 330.0
5085 330.0
5086 330.0
5087 32.0
5088 109.0
5089 296.0
5090 296.0
5091 294.0
5092 294.0
5093 0.0
5094 294.0
5095 294.0
5096 0.0
5097 651.0
5098 191.0
5099 374.0
5100 901.0
