1 103.0
2 150.0
3 44.0
4 0.0
5 172.0
6 209.0
7 0.0
8 271.0
9 1.0
10 273.0
11 39.0
12 0.0
13 222.0
14 0.0
15 0.0
16 251.0
17 158.0
18 0.0
19 264.0
20 158.0
21 0.0
22 0.0
23 49.0
24 229.0
25 9.0
26 268.0
27 0.0
28 223.0
29 181.0
30 0.0
31 254.0
32 0.0
33 273.0
34 30.0
35 169.0
36 93.0
37 209.0
38 83.0
39 0.0
40 0.0
41 0.0
42 0.0
43 276.0
44 213.0
45 259.0
46 0.0
47 0.0
48 4.0
49 262.0
50 0.0
51 276.0
52 98.0
53 177.0
54 0.0
55 196.0
56 39.0
57 209.0
58 274.0
59 271.0
60 275.0
61 273.0
62 239.0
63 334.0
64 222.0
65 189.0
66 254.0
67 251.0
68 45.0
69 264.0
70 264.0
71 0.0
72 147.0
73 0.0
74 185.0
75 229.0
76 263.0
77 268.0
78 59.0
79 223.0
80 0.0
81 302.0
82 254.0
83 0.0
84 273.0
85 44.0
86 169.0
87 38.0
88 209.0
89 204.0
90 0.0
91 0.0
92 0.0
93 51.0
94 276.0
95 43.0
96 259.0
97 288.0
98 0.0
99 235.0
100 262.0
101 32.0
102 334.0
103 287.0
104 177.0
105 94.0
106 248.0
107 0.0
108 283.0
109 285.0
110 271.0
111 273.0
112 275.0
113 158.0
114 33.0
115 264.0
116 43.0
117 160.0
118 254.0
119 32.0
120 33.0
121 264.0
122 0.0
123 142.0
124 197.0
125 221.0
126 39.0
127 258.0
128 268.0
129 37.0
130 223.0
131 32.0
132 300.0
133 254.0
134 0.0
135 273.0
136 44.0
137 169.0
138 0.0
139 209.0
140 124.0
141 0.0
142 0.0
143 65.0
144 270.0
145 276.0
146 106.0
147 285.0
148 90.0
149 185.0
150 0.0
151 262.0
152 32.0
153 334.0
154 147.0
155 98.0
156 158.0
157 0.0
158 2.0
159 283.0
160 285.0
161 285.0
162 273.0
163 191.0
164 39.0
165 33.0
166 153.0
167 250.0
168 278.0
169 259.0
170 0.0
171 53.0
172 264.0
173 264.0
174 312.0
175 32.0
176 224.0
177 263.0
178 0.0
179 268.0
180 0.0
181 223.0
182 280.0
183 297.0
184 299.0
185 270.0
186 273.0
187 281.0
188 169.0
189 92.0
190 209.0
191 209.0
192 0.0
193 65.0
194 269.0
195 1.0
196 276.0
197 180.0
198 275.0
199 0.0
200 265.0
201 37.0
202 262.0
203 29.0
204 334.0
205 98.0
206 282.0
207 230.0
208 202.0
209 52.0
210 267.0
211 285.0
212 285.0
213 288.0
214 191.0
215 234.0
216 0.0
217 263.0
218 93.0
219 174.0
220 0.0
221 6.0
222 276.0
223 264.0
224 282.0
225 142.0
226 25.0
227 234.0
228 208.0
229 0.0
230 268.0
231 251.0
232 270.0
233 277.0
234 2.0
235 302.0
236 0.0
237 273.0
238 30.0
239 282.0
240 92.0
241 209.0
242 205.0
243 0.0
244 31.0
245 252.0
246 276.0
247 276.0
248 202.0
249 290.0
250 0.0
251 279.0
252 276.0
253 262.0
254 32.0
255 334.0
256 103.0
257 287.0
258 158.0
259 258.0
260 42.0
261 30.0
262 285.0
263 248.0
264 293.0
265 288.0
266 196.0
267 22.0
268 244.0
269 175.0
270 281.0
271 43.0
272 33.0
273 267.0
274 268.0
275 282.0
276 142.0
277 32.0
278 0.0
279 0.0
280 263.0
281 268.0
282 249.0
283 323.0
284 0.0
285 300.0
286 300.0
287 219.0
288 278.0
289 326.0
290 270.0
291 291.0
292 209.0
293 33.0
294 0.0
295 53.0
296 257.0
297 279.0
298 276.0
299 158.0
300 285.0
301 266.0
302 0.0
303 296.0
304 258.0
305 241.0
306 334.0
307 282.0
308 158.0
309 274.0
310 158.0
311 0.0
312 285.0
313 285.0
314 113.0
315 284.0
316 284.0
317 191.0
318 153.0
319 153.0
320 153.0
321 43.0
322 281.0
323 268.0
324 267.0
325 268.0
326 316.0
327 113.0
328 276.0
329 0.0
330 0.0
331 269.0
332 268.0
333 313.0
334 303.0
335 295.0
336 267.0
337 299.0
338 209.0
339 263.0
340 142.0
341 261.0
342 32.0
343 38.0
344 33.0
345 0.0
346 44.0
347 56.0
348 100.0
349 276.0
350 273.0
351 275.0
352 38.0
353 269.0
354 287.0
355 280.0
356 110.0
357 334.0
358 185.0
359 282.0
360 286.0
361 245.0
362 285.0
363 285.0
364 285.0
365 49.0
366 284.0
367 284.0
368 163.0
369 202.0
370 263.0
371 277.0
372 281.0
373 281.0
374 256.0
375 58.0
376 283.0
377 0.0
378 320.0
379 1.0
380 90.0
381 222.0
382 65.0
383 304.0
384 308.0
385 270.0
386 295.0
387 254.0
388 299.0
389 263.0
390 270.0
391 142.0
392 260.0
393 271.0
394 294.0
395 209.0
396 0.0
397 252.0
398 63.0
399 51.0
400 100.0
401 282.0
402 285.0
403 0.0
404 32.0
405 278.0
406 283.0
407 263.0
408 334.0
409 103.0
410 294.0
411 269.0
412 0.0
413 55.0
414 285.0
415 285.0
416 288.0
417 288.0
418 264.0
419 192.0
420 33.0
421 158.0
422 155.0
423 281.0
424 7.0
425 23.0
426 278.0
427 36.0
428 15.0
429 323.0
430 32.0
431 267.0
432 16.0
433 297.0
434 311.0
435 323.0
436 323.0
437 303.0
438 261.0
439 302.0
440 83.0
441 257.0
442 279.0
443 0.0
444 32.0
445 169.0
446 290.0
447 0.0
448 208.0
449 252.0
450 276.0
451 265.0
452 295.0
453 288.0
454 32.0
455 30.0
456 283.0
457 283.0
458 217.0
459 334.0
460 185.0
461 158.0
462 158.0
463 281.0
464 285.0
465 283.0
466 293.0
467 284.0
468 284.0
469 284.0
470 252.0
471 153.0
472 244.0
473 353.0
474 175.0
475 158.0
476 271.0
477 283.0
478 268.0
479 301.0
480 323.0
481 32.0
482 204.0
483 297.0
484 297.0
485 322.0
486 313.0
487 303.0
488 37.0
489 322.0
490 303.0
491 213.0
492 263.0
493 267.0
494 274.0
495 282.0
496 169.0
497 169.0
498 258.0
499 269.0
500 98.0
501 115.0
502 295.0
503 292.0
504 277.0
505 32.0
506 267.0
507 294.0
508 280.0
509 269.0
510 353.0
511 158.0
512 294.0
513 282.0
514 278.0
515 93.0
516 264.0
517 293.0
518 284.0
519 284.0
520 284.0
521 196.0
522 263.0
523 262.0
524 32.0
525 280.0
526 281.0
527 0.0
528 268.0
529 283.0
530 0.0
531 323.0
532 0.0
533 208.0
534 297.0
535 268.0
536 318.0
537 323.0
538 270.0
539 295.0
540 323.0
541 270.0
542 260.0
543 270.0
544 142.0
545 142.0
546 246.0
547 294.0
548 169.0
549 262.0
550 52.0
551 241.0
552 298.0
553 33.0
554 174.0
555 207.0
556 0.0
557 277.0
558 294.0
559 284.0
560 110.0
561 353.0
562 98.0
563 282.0
564 282.0
565 282.0
566 55.0
567 265.0
568 284.0
569 287.0
570 293.0
571 245.0
572 163.0
573 153.0
574 49.0
575 256.0
576 43.0
577 0.0
578 297.0
579 268.0
580 301.0
581 0.0
582 255.0
583 0.0
584 247.0
585 296.0
586 297.0
587 313.0
588 313.0
589 303.0
590 275.0
591 305.0
592 309.0
593 285.0
594 263.0
595 279.0
596 1.0
597 262.0
598 49.0
599 294.0
600 30.0
601 269.0
602 246.0
603 44.0
604 258.0
605 292.0
606 207.0
607 0.0
608 286.0
609 296.0
610 276.0
611 269.0
612 353.0
613 287.0
614 158.0
615 331.0
616 257.0
617 55.0
618 38.0
619 288.0
620 285.0
621 288.0
622 288.0
623 239.0
624 264.0
625 259.0
626 260.0
627 267.0
628 291.0
629 303.0
630 287.0
631 0.0
632 6.0
633 316.0
634 32.0
635 273.0
636 319.0
637 314.0
638 290.0
639 323.0
640 303.0
641 272.0
642 311.0
643 303.0
644 277.0
645 89.0
646 267.0
647 283.0
648 87.0
649 169.0
650 285.0
651 257.0
652 205.0
653 31.0
654 44.0
655 49.0
656 288.0
657 267.0
658 32.0
659 39.0
660 278.0
661 296.0
662 269.0
663 353.0
664 286.0
665 286.0
666 203.0
667 158.0
668 93.0
669 49.0
670 293.0
671 285.0
672 284.0
673 293.0
674 37.0
675 264.0
676 160.0
677 33.0
678 128.0
679 301.0
680 295.0
681 279.0
682 147.0
683 317.0
684 323.0
685 0.0
686 254.0
687 255.0
688 322.0
689 322.0
690 308.0
691 295.0
692 295.0
693 305.0
694 303.0
695 135.0
696 273.0
697 142.0
698 136.0
699 87.0
700 169.0
701 169.0
702 269.0
703 249.0
704 0.0
705 186.0
706 286.0
707 292.0
708 158.0
709 225.0
710 9.0
711 278.0
712 280.0
713 281.0
714 353.0
715 291.0
716 264.0
717 286.0
718 282.0
719 0.0
720 240.0
721 284.0
722 288.0
723 288.0
724 293.0
725 250.0
726 158.0
727 158.0
728 292.0
729 176.0
730 295.0
731 303.0
732 285.0
733 283.0
734 0.0
735 329.0
736 38.0
737 256.0
738 319.0
739 334.0
740 323.0
741 323.0
742 303.0
743 290.0
744 305.0
745 280.0
746 39.0
747 264.0
748 274.0
749 245.0
750 0.0
751 98.0
752 82.0
753 93.0
754 261.0
755 45.0
756 202.0
757 33.0
758 295.0
759 185.0
760 0.0
761 269.0
762 294.0
763 296.0
764 284.0
765 353.0
766 282.0
767 322.0
768 269.0
769 282.0
770 43.0
771 32.0
772 284.0
773 293.0
774 288.0
775 293.0
776 158.0
777 158.0
778 392.0
779 252.0
780 25.0
781 301.0
782 301.0
783 291.0
784 311.0
785 280.0
786 33.0
787 32.0
788 271.0
789 329.0
790 290.0
791 289.0
792 323.0
793 291.0
794 290.0
795 323.0
796 270.0
797 263.0
798 82.0
799 292.0
800 281.0
801 87.0
802 285.0
803 38.0
804 266.0
805 269.0
806 260.0
807 115.0
808 33.0
809 269.0
810 272.0
811 68.0
812 266.0
813 296.0
814 284.0
815 273.0
816 392.0
817 332.0
818 291.0
819 288.0
820 269.0
821 43.0
822 25.0
823 293.0
824 283.0
825 284.0
826 284.0
827 48.0
828 158.0
829 271.0
830 284.0
831 24.0
832 301.0
833 287.0
834 268.0
835 323.0
836 277.0
837 323.0
838 32.0
839 252.0
840 307.0
841 334.0
842 334.0
843 308.0
844 303.0
845 103.0
846 313.0
847 278.0
848 49.0
849 32.0
850 142.0
851 271.0
852 30.0
853 164.0
854 169.0
855 266.0
856 50.0
857 257.0
858 298.0
859 96.0
860 297.0
861 202.0
862 90.0
863 0.0
864 278.0
865 283.0
866 267.0
867 392.0
868 270.0
869 332.0
870 158.0
871 197.0
872 249.0
873 109.0
874 293.0
875 293.0
876 284.0
877 293.0
878 163.0
879 255.0
880 158.0
881 277.0
882 278.0
883 303.0
884 295.0
885 0.0
886 322.0
887 343.0
888 316.0
889 38.0
890 256.0
891 307.0
892 303.0
893 308.0
894 286.0
895 303.0
896 284.0
897 323.0
898 295.0
899 130.0
900 263.0
901 274.0
902 258.0
903 253.0
904 0.0
905 294.0
906 37.0
907 250.0
908 0.0
909 199.0
910 299.0
911 290.0
912 264.0
913 260.0
914 0.0
915 278.0
916 284.0
917 111.0
918 392.0
919 283.0
920 273.0
921 229.0
922 203.0
923 285.0
924 267.0
925 284.0
926 293.0
927 158.0
928 293.0
929 260.0
930 263.0
931 158.0
932 158.0
933 250.0
934 36.0
935 301.0
936 301.0
937 316.0
938 0.0
939 98.0
940 32.0
941 258.0
942 304.0
943 308.0
944 308.0
945 308.0
946 280.0
947 290.0
948 323.0
949 285.0
950 92.0
951 88.0
952 279.0
953 278.0
954 93.0
955 0.0
956 49.0
957 278.0
958 269.0
959 31.0
960 170.0
961 286.0
962 282.0
963 148.0
964 0.0
965 0.0
966 285.0
967 294.0
968 267.0
969 392.0
970 270.0
971 286.0
972 282.0
973 290.0
974 43.0
975 14.0
976 293.0
977 293.0
978 288.0
979 284.0
980 239.0
981 266.0
982 271.0
983 158.0
984 0.0
985 301.0
986 297.0
987 297.0
988 316.0
989 316.0
990 285.0
991 32.0
992 129.0
993 287.0
994 292.0
995 295.0
996 303.0
997 303.0
998 32.0
999 323.0
1000 254.0
1001 258.0
1002 32.0
1003 142.0
1004 262.0
1005 116.0
1006 25.0
1007 290.0
1008 269.0
1009 207.0
1010 247.0
1011 316.0
1012 96.0
1013 170.0
1014 189.0
1015 90.0
1016 270.0
1017 294.0
1018 284.0
1019 285.0
1020 392.0
1021 284.0
1022 292.0
1023 203.0
1024 282.0
1025 0.0
1026 14.0
1027 293.0
1028 283.0
1029 284.0
1030 288.0
1031 185.0
1032 268.0
1033 267.0
1034 263.0
1035 193.0
1036 36.0
1037 303.0
1038 291.0
1039 312.0
1040 317.0
1041 33.0
1042 33.0
1043 329.0
1044 335.0
1045 275.0
1046 308.0
1047 323.0
1048 296.0
1049 37.0
1050 323.0
1051 295.0
1052 264.0
1053 82.0
1054 286.0
1055 267.0
1056 30.0
1057 0.0
1058 294.0
1059 98.0
1060 236.0
1061 32.0
1062 316.0
1063 44.0
1064 275.0
1065 38.0
1066 264.0
1067 270.0
1068 278.0
1069 285.0
1070 292.0
1071 392.0
1072 284.0
1073 284.0
1074 284.0
1075 186.0
1076 43.0
1077 273.0
1078 284.0
1079 293.0
1080 284.0
1081 293.0
1082 163.0
1083 158.0
1084 353.0
1085 223.0
1086 25.0
1087 301.0
1088 303.0
1089 264.0
1090 0.0
1091 334.0
1092 261.0
1093 38.0
1094 306.0
1095 279.0
1096 290.0
1097 308.0
1098 295.0
1099 309.0
1100 278.0
1101 323.0
1102 277.0
1103 262.0
1104 241.0
1105 279.0
1106 280.0
1107 30.0
1108 0.0
1109 291.0
1110 294.0
1111 236.0
1112 0.0
1113 170.0
1114 44.0
1115 287.0
1116 297.0
1117 0.0
1118 0.0
1119 285.0
1120 296.0
1121 287.0
1122 392.0
1123 311.0
1124 288.0
1125 288.0
1126 197.0
1127 43.0
1128 288.0
1129 284.0
1130 293.0
1131 288.0
1132 293.0
1133 163.0
1134 274.0
1135 158.0
1136 158.0
1137 0.0
1138 303.0
1139 301.0
1140 297.0
1141 267.0
1142 0.0
1143 142.0
1144 32.0
1145 298.0
1146 279.0
1147 322.0
1148 286.0
1149 308.0
1150 303.0
1151 283.0
1152 323.0
1153 278.0
1154 273.0
1155 32.0
1156 295.0
1157 330.0
1158 49.0
1159 25.0
1160 290.0
1161 294.0
1162 45.0
1163 208.0
1164 316.0
1165 274.0
1166 299.0
1167 181.0
1168 38.0
1169 39.0
1170 294.0
1171 284.0
1172 273.0
1173 392.0
1174 310.0
1175 332.0
1176 288.0
1177 282.0
1178 43.0
1179 266.0
1180 293.0
1181 283.0
1182 284.0
1183 293.0
1184 98.0
1185 261.0
1186 273.0
1187 269.0
1188 0.0
1189 293.0
1190 303.0
1191 292.0
1192 0.0
1193 317.0
1194 142.0
1195 32.0
1196 93.0
1197 306.0
1198 322.0
1199 290.0
1200 322.0
1201 303.0
1202 295.0
1203 323.0
1204 287.0
1205 262.0
1206 268.0
1207 142.0
1208 248.0
1209 0.0
1210 25.0
1211 290.0
1212 291.0
1213 44.0
1214 257.0
1215 316.0
1216 44.0
1217 207.0
1218 285.0
1219 38.0
1220 267.0
1221 280.0
1222 284.0
1223 273.0
1224 392.0
1225 284.0
1226 372.0
1227 203.0
1228 276.0
1229 285.0
1230 273.0
1231 284.0
1232 288.0
1233 284.0
1234 293.0
1235 158.0
1236 273.0
1237 273.0
1238 277.0
1239 32.0
1240 303.0
1241 303.0
1242 310.0
1243 0.0
1244 317.0
1245 147.0
1246 38.0
1247 0.0
1248 262.0
1249 284.0
1250 308.0
1251 308.0
1252 323.0
1253 278.0
1254 323.0
1255 284.0
1256 257.0
1257 242.0
1258 279.0
1259 288.0
1260 264.0
1261 290.0
1262 170.0
1263 294.0
1264 265.0
1265 30.0
1266 316.0
1267 44.0
1268 299.0
1269 651.0
1270 0.0
1271 269.0
1272 285.0
1273 286.0
1274 289.0
1275 651.0
1276 322.0
1277 337.0
1278 282.0
1279 276.0
1280 43.0
1281 273.0
1282 284.0
1283 293.0
1284 288.0
1285 293.0
1286 25.0
1287 273.0
1288 160.0
1289 261.0
1290 13.0
1291 303.0
1292 292.0
1293 297.0
1294 334.0
1295 0.0
1296 230.0
1297 158.0
1298 315.0
1299 325.0
1300 286.0
1301 334.0
1302 295.0
1303 309.0
1304 293.0
1305 323.0
1306 286.0
1307 273.0
1308 82.0
1309 263.0
1310 267.0
1311 290.0
1312 0.0
1313 98.0
1314 294.0
1315 216.0
1316 32.0
1317 316.0
1318 202.0
1319 0.0
1320 38.0
1321 103.0
1322 32.0
1323 294.0
1324 285.0
1325 196.0
1326 651.0
1327 291.0
1328 332.0
1329 282.0
1330 270.0
1331 285.0
1332 266.0
1333 293.0
1334 293.0
1335 288.0
1336 293.0
1337 25.0
1338 158.0
1339 272.0
1340 245.0
1341 3.0
1342 293.0
1343 296.0
1344 292.0
1345 316.0
1346 317.0
1347 285.0
1348 32.0
1349 318.0
1350 196.0
1351 304.0
1352 314.0
1353 323.0
1354 303.0
1355 323.0
1356 323.0
1357 287.0
1358 273.0
1359 269.0
1360 142.0
1361 330.0
1362 32.0
1363 0.0
1364 290.0
1365 288.0
1366 44.0
1367 38.0
1368 316.0
1369 289.0
1370 0.0
1371 23.0
1372 32.0
1373 29.0
1374 294.0
1375 282.0
1376 163.0
1377 651.0
1378 291.0
1379 332.0
1380 158.0
1381 270.0
1382 55.0
1383 263.0
1384 284.0
1385 293.0
1386 288.0
1387 293.0
1388 153.0
1389 261.0
1390 287.0
1391 160.0
1392 0.0
1393 303.0
1394 301.0
1395 294.0
1396 36.0
1397 317.0
1398 0.0
1399 32.0
1400 180.0
1401 329.0
1402 284.0
1403 308.0
1404 308.0
1405 303.0
1406 278.0
1407 323.0
1408 276.0
1409 273.0
1410 274.0
1411 267.0
1412 142.0
1413 283.0
1414 25.0
1415 283.0
1416 291.0
1417 37.0
1418 258.0
1419 316.0
1420 252.0
1421 261.0
1422 283.0
1423 103.0
1424 274.0
1425 278.0
1426 286.0
1427 277.0
1428 651.0
1429 282.0
1430 284.0
1431 291.0
1432 225.0
1433 43.0
1434 273.0
1435 284.0
1436 288.0
1437 284.0
1438 293.0
1439 48.0
1440 158.0
1441 273.0
1442 254.0
1443 0.0
1444 303.0
1445 292.0
1446 297.0
1447 0.0
1448 0.0
1449 44.0
1450 44.0
1451 260.0
1452 325.0
1453 292.0
1454 308.0
1455 286.0
1456 323.0
1457 283.0
1458 323.0
1459 288.0
1460 257.0
1461 72.0
1462 267.0
1463 263.0
1464 32.0
1465 268.0
1466 294.0
1467 294.0
1468 93.0
1469 31.0
1470 316.0
1471 296.0
1472 0.0
1473 0.0
1474 144.0
1475 0.0
1476 278.0
1477 294.0
1478 272.0
1479 651.0
1480 284.0
1481 158.0
1482 286.0
1483 270.0
1484 43.0
1485 273.0
1486 293.0
1487 293.0
1488 288.0
1489 293.0
1490 202.0
1491 320.0
1492 261.0
1493 275.0
1494 0.0
1495 293.0
1496 301.0
1497 292.0
1498 334.0
1499 317.0
1500 142.0
1501 38.0
1502 281.0
1503 311.0
1504 314.0
1505 308.0
1506 308.0
1507 309.0
1508 284.0
1509 323.0
1510 278.0
1511 284.0
1512 70.0
1513 248.0
1514 267.0
1515 291.0
1516 0.0
1517 291.0
1518 294.0
1519 98.0
1520 38.0
1521 316.0
1522 322.0
1523 262.0
1524 0.0
1525 103.0
1526 0.0
1527 285.0
1528 296.0
1529 229.0
1530 651.0
1531 261.0
1532 292.0
1533 202.0
1534 225.0
1535 43.0
1536 14.0
1537 293.0
1538 284.0
1539 288.0
1540 293.0
1541 158.0
1542 160.0
1543 93.0
1544 158.0
1545 0.0
1546 303.0
1547 292.0
1548 292.0
1549 316.0
1550 317.0
1551 260.0
1552 32.0
1553 328.0
1554 329.0
1555 298.0
1556 314.0
1557 304.0
1558 303.0
1559 284.0
1560 323.0
1561 287.0
1562 245.0
1563 260.0
1564 286.0
1565 254.0
1566 33.0
1567 285.0
1568 290.0
1569 291.0
1570 32.0
1571 258.0
1572 0.0
1573 280.0
1574 279.0
1575 213.0
1576 103.0
1577 269.0
1578 283.0
1579 286.0
1580 224.0
1581 651.0
1582 332.0
1583 57.0
1584 203.0
1585 270.0
1586 43.0
1587 25.0
1588 293.0
1589 288.0
1590 284.0
1591 293.0
1592 48.0
1593 267.0
1594 334.0
1595 158.0
1596 18.0
1597 293.0
1598 292.0
1599 301.0
1600 176.0
1601 36.0
1602 288.0
1603 44.0
1604 225.0
1605 281.0
1606 224.0
1607 314.0
1608 323.0
1609 323.0
1610 32.0
1611 323.0
1612 278.0
1613 258.0
1614 263.0
1615 279.0
1616 263.0
1617 290.0
1618 25.0
1619 290.0
1620 294.0
1621 222.0
1622 213.0
1623 44.0
1624 322.0
1625 94.0
1626 355.0
1627 38.0
1628 273.0
1629 294.0
1630 285.0
1631 274.0
1632 651.0
1633 282.0
1634 292.0
1635 158.0
1636 270.0
1637 43.0
1638 268.0
1639 284.0
1640 98.0
1641 284.0
1642 293.0
1643 180.0
1644 267.0
1645 93.0
1646 276.0
1647 0.0
1648 293.0
1649 297.0
1650 301.0
1651 173.0
1652 176.0
1653 331.0
1654 33.0
1655 37.0
1656 311.0
1657 197.0
1658 308.0
1659 323.0
1660 296.0
1661 251.0
1662 323.0
1663 278.0
1664 118.0
1665 263.0
1666 259.0
1667 288.0
1668 32.0
1669 294.0
1670 290.0
1671 294.0
1672 153.0
1673 32.0
1674 115.0
1675 330.0
1676 88.0
1677 0.0
1678 32.0
1679 30.0
1680 296.0
1681 286.0
1682 281.0
1683 651.0
1684 284.0
1685 337.0
1686 282.0
1687 282.0
1688 43.0
1689 14.0
1690 293.0
1691 292.0
1692 288.0
1693 293.0
1694 158.0
1695 243.0
1696 270.0
1697 43.0
1698 124.0
1699 301.0
1700 268.0
1701 292.0
1702 316.0
1703 329.0
1704 323.0
1705 44.0
1706 329.0
1707 311.0
1708 207.0
1709 334.0
1710 286.0
1711 323.0
1712 323.0
1713 323.0
1714 284.0
1715 308.0
1716 261.0
1717 245.0
1718 288.0
1719 33.0
1720 38.0
1721 291.0
1722 294.0
1723 281.0
1724 208.0
1725 261.0
1726 283.0
1727 109.0
1728 0.0
1729 93.0
1730 274.0
1731 283.0
1732 282.0
1733 259.0
1734 651.0
1735 285.0
1736 57.0
1737 282.0
1738 270.0
1739 43.0
1740 14.0
1741 293.0
1742 283.0
1743 284.0
1744 293.0
1745 158.0
1746 259.0
1747 158.0
1748 158.0
1749 25.0
1750 295.0
1751 292.0
1752 292.0
1753 316.0
1754 334.0
1755 313.0
1756 6.0
1757 297.0
1758 299.0
1759 255.0
1760 314.0
1761 323.0
1762 323.0
1763 284.0
1764 323.0
1765 295.0
1766 284.0
1767 270.0
1768 267.0
1769 288.0
1770 0.0
1771 132.0
1772 49.0
1773 284.0
1774 38.0
1775 208.0
1776 330.0
1777 283.0
1778 88.0
1779 202.0
1780 150.0
1781 263.0
1782 296.0
1783 294.0
1784 100.0
1785 651.0
1786 57.0
1787 288.0
1788 203.0
1789 225.0
1790 43.0
1791 14.0
1792 284.0
1793 288.0
1794 293.0
1795 293.0
1796 60.0
1797 158.0
1798 334.0
1799 158.0
1800 0.0
1801 19.0
1802 291.0
1803 297.0
1804 178.0
1805 0.0
1806 142.0
1807 38.0
1808 158.0
1809 329.0
1810 255.0
1811 308.0
1812 305.0
1813 323.0
1814 284.0
1815 323.0
1816 278.0
1817 122.0
1818 211.0
1819 267.0
1820 254.0
1821 290.0
1822 82.0
1823 290.0
1824 294.0
1825 98.0
1826 252.0
1827 295.0
1828 292.0
1829 98.0
1830 218.0
1831 127.0
1832 29.0
1833 294.0
1834 284.0
1835 288.0
1836 651.0
1837 282.0
1838 158.0
1839 203.0
1840 276.0
1841 55.0
1842 109.0
1843 284.0
1844 293.0
1845 288.0
1846 293.0
1847 60.0
1848 286.0
1849 248.0
1850 158.0
1851 78.0
1852 301.0
1853 297.0
1854 292.0
1855 343.0
1856 316.0
1857 323.0
1858 38.0
1859 25.0
1860 311.0
1861 102.0
1862 308.0
1863 295.0
1864 323.0
1865 303.0
1866 323.0
1867 275.0
1868 131.0
1869 330.0
1870 142.0
1871 263.0
1872 98.0
1873 98.0
1874 294.0
1875 294.0
1876 289.0
1877 207.0
1878 322.0
1879 282.0
1880 109.0
1881 0.0
1882 44.0
1883 273.0
1884 280.0
1885 286.0
1886 254.0
1887 651.0
1888 282.0
1889 332.0
1890 288.0
1891 277.0
1892 285.0
1893 142.0
1894 284.0
1895 292.0
1896 284.0
1897 293.0
1898 244.0
1899 267.0
1900 158.0
1901 259.0
1902 19.0
1903 291.0
1904 0.0
1905 292.0
1906 334.0
1907 316.0
1908 147.0
1909 44.0
1910 329.0
1911 311.0
1912 255.0
1913 290.0
1914 308.0
1915 323.0
1916 290.0
1917 323.0
1918 295.0
1919 263.0
1920 260.0
1921 142.0
1922 288.0
1923 259.0
1924 291.0
1925 294.0
1926 291.0
1927 281.0
1928 280.0
1929 293.0
1930 277.0
1931 109.0
1932 294.0
1933 173.0
1934 283.0
1935 283.0
1936 284.0
1937 251.0
1938 651.0
1939 274.0
1940 313.0
1941 209.0
1942 225.0
1943 43.0
1944 14.0
1945 293.0
1946 283.0
1947 284.0
1948 293.0
1949 158.0
1950 266.0
1951 245.0
1952 158.0
1953 175.0
1954 309.0
1955 292.0
1956 292.0
1957 343.0
1958 212.0
1959 142.0
1960 38.0
1961 315.0
1962 329.0
1963 266.0
1964 334.0
1965 297.0
1966 323.0
1967 303.0
1968 323.0
1969 278.0
1970 295.0
1971 261.0
1972 208.0
1973 288.0
1974 283.0
1975 290.0
1976 290.0
1977 294.0
1978 87.0
1979 43.0
1980 294.0
1981 292.0
1982 121.0
1983 286.0
1984 356.0
1985 0.0
1986 296.0
1987 286.0
1988 272.0
1989 651.0
1990 158.0
1991 332.0
1992 202.0
1993 225.0
1994 43.0
1995 25.0
1996 284.0
1997 285.0
1998 288.0
1999 293.0
2000 239.0
2001 158.0
2002 267.0
2003 318.0
2004 17.0
2005 0.0
2006 296.0
2007 292.0
2008 173.0
2009 173.0
2010 142.0
2011 38.0
2012 288.0
2013 295.0
2014 263.0
2015 308.0
2016 295.0
2017 323.0
2018 323.0
2019 323.0
2020 295.0
2021 173.0
2022 249.0
2023 247.0
2024 330.0
2025 278.0
2026 290.0
2027 291.0
2028 294.0
2029 98.0
2030 38.0
2031 293.0
2032 322.0
2033 109.0
2034 0.0
2035 103.0
2036 271.0
2037 273.0
2038 286.0
2039 292.0
2040 651.0
2041 359.0
2042 292.0
2043 284.0
2044 282.0
2045 43.0
2046 109.0
2047 284.0
2048 49.0
2049 284.0
2050 293.0
2051 94.0
2052 158.0
2053 158.0
2054 273.0
2055 0.0
2056 293.0
2057 297.0
2058 292.0
2059 343.0
2060 334.0
2061 142.0
2062 38.0
2063 304.0
2064 325.0
2065 229.0
2066 286.0
2067 323.0
2068 323.0
2069 290.0
2070 323.0
2071 295.0
2072 260.0
2073 261.0
2074 267.0
2075 254.0
2076 33.0
2077 294.0
2078 290.0
2079 291.0
2080 176.0
2081 258.0
2082 330.0
2083 283.0
2084 109.0
2085 193.0
2086 38.0
2087 229.0
2088 285.0
2089 284.0
2090 259.0
2091 651.0
2092 275.0
2093 57.0
2094 288.0
2095 277.0
2096 43.0
2097 269.0
2098 293.0
2099 234.0
2100 293.0
2101 293.0
2102 180.0
2103 267.0
2104 334.0
2105 284.0
2106 27.0
2107 301.0
2108 292.0
2109 292.0
2110 343.0
2111 316.0
2112 181.0
2113 38.0
2114 303.0
2115 316.0
2116 278.0
2117 308.0
2118 313.0
2119 323.0
2120 323.0
2121 323.0
2122 278.0
2123 286.0
2124 276.0
2125 299.0
2126 288.0
2127 33.0
2128 294.0
2129 290.0
2130 98.0
2131 49.0
2132 231.0
2133 298.0
2134 296.0
2135 109.0
2136 3.0
2137 206.0
2138 288.0
2139 296.0
2140 296.0
2141 101.0
2142 651.0
2143 276.0
2144 288.0
2145 288.0
2146 270.0
2147 43.0
2148 213.0
2149 293.0
2150 288.0
2151 288.0
2152 293.0
2153 158.0
2154 337.0
2155 245.0
2156 318.0
2157 0.0
2158 0.0
2159 295.0
2160 292.0
2161 343.0
2162 343.0
2163 142.0
2164 38.0
2165 296.0
2166 316.0
2167 278.0
2168 308.0
2169 295.0
2170 296.0
2171 323.0
2172 323.0
2173 323.0
2174 329.0
2175 267.0
2176 248.0
2177 288.0
2178 38.0
2179 294.0
2180 291.0
2181 289.0
2182 290.0
2183 285.0
2184 283.0
2185 294.0
2186 109.0
2187 0.0
2188 36.0
2189 38.0
2190 286.0
2191 284.0
2192 271.0
2193 651.0
2194 158.0
2195 158.0
2196 286.0
2197 225.0
2198 43.0
2199 14.0
2200 284.0
2201 288.0
2202 284.0
2203 293.0
2204 54.0
2205 104.0
2206 158.0
2207 158.0
2208 274.0
2209 0.0
2210 303.0
2211 292.0
2212 173.0
2213 212.0
2214 142.0
2215 38.0
2216 275.0
2217 325.0
2218 235.0
2219 286.0
2220 297.0
2221 303.0
2222 290.0
2223 323.0
2224 281.0
2225 260.0
2226 267.0
2227 248.0
2228 254.0
2229 274.0
2230 294.0
2231 291.0
2232 294.0
2233 87.0
2234 38.0
2235 293.0
2236 278.0
2237 109.0
2238 213.0
2239 333.0
2240 271.0
2241 273.0
2242 294.0
2243 279.0
2244 651.0
2245 158.0
2246 313.0
2247 159.0
2248 276.0
2249 43.0
2250 104.0
2251 293.0
2252 293.0
2253 288.0
2254 293.0
2255 38.0
2256 334.0
2257 270.0
2258 263.0
2259 164.0
2260 303.0
2261 271.0
2262 292.0
2263 173.0
2264 334.0
2265 147.0
2266 38.0
2267 315.0
2268 286.0
2269 266.0
2270 286.0
2271 314.0
2272 303.0
2273 290.0
2274 323.0
2275 47.0
2276 307.0
2277 264.0
2278 279.0
2279 288.0
2280 32.0
2281 294.0
2282 294.0
2283 37.0
2284 87.0
2285 255.0
2286 330.0
2287 283.0
2288 98.0
2289 334.0
2290 49.0
2291 49.0
2292 285.0
2293 285.0
2294 277.0
2295 651.0
2296 260.0
2297 57.0
2298 159.0
2299 276.0
2300 43.0
2301 267.0
2302 293.0
2303 285.0
2304 293.0
2305 293.0
2306 268.0
2307 273.0
2308 267.0
2309 158.0
2310 162.0
2311 301.0
2312 295.0
2313 278.0
2314 343.0
2315 334.0
2316 321.0
2317 44.0
2318 276.0
2319 309.0
2320 278.0
2321 308.0
2322 295.0
2323 309.0
2324 303.0
2325 323.0
2326 47.0
2327 319.0
2328 264.0
2329 255.0
2330 330.0
2331 0.0
2332 294.0
2333 290.0
2334 294.0
2335 271.0
2336 288.0
2337 283.0
2338 269.0
2339 109.0
2340 0.0
2341 35.0
2342 38.0
2343 286.0
2344 286.0
2345 289.0
2346 651.0
2347 170.0
2348 292.0
2349 277.0
2350 197.0
2351 43.0
2352 32.0
2353 284.0
2354 293.0
2355 284.0
2356 293.0
2357 25.0
2358 261.0
2359 273.0
2360 160.0
2361 25.0
2362 293.0
2363 259.0
2364 292.0
2365 173.0
2366 343.0
2367 142.0
2368 38.0
2369 323.0
2370 311.0
2371 234.0
2372 295.0
2373 323.0
2374 323.0
2375 303.0
2376 323.0
2377 296.0
2378 314.0
2379 267.0
2380 248.0
2381 330.0
2382 32.0
2383 290.0
2384 294.0
2385 289.0
2386 271.0
2387 38.0
2388 293.0
2389 278.0
2390 98.0
2391 193.0
2392 23.0
2393 34.0
2394 285.0
2395 296.0
2396 290.0
2397 651.0
2398 170.0
2399 292.0
2400 277.0
2401 219.0
2402 43.0
2403 104.0
2404 284.0
2405 293.0
2406 288.0
2407 293.0
2408 38.0
2409 158.0
2410 93.0
2411 266.0
2412 274.0
2413 0.0
2414 295.0
2415 297.0
2416 343.0
2417 343.0
2418 147.0
2419 38.0
2420 329.0
2421 325.0
2422 32.0
2423 303.0
2424 297.0
2425 303.0
2426 290.0
2427 323.0
2428 295.0
2429 295.0
2430 267.0
2431 274.0
2432 330.0
2433 33.0
2434 294.0
2435 98.0
2436 37.0
2437 98.0
2438 0.0
2439 330.0
2440 292.0
2441 109.0
2442 202.0
2443 420.0
2444 169.0
2445 278.0
2446 282.0
2447 153.0
2448 651.0
2449 282.0
2450 57.0
2451 282.0
2452 276.0
2453 43.0
2454 254.0
2455 293.0
2456 98.0
2457 284.0
2458 293.0
2459 32.0
2460 273.0
2461 158.0
2462 267.0
2463 153.0
2464 19.0
2465 303.0
2466 292.0
2467 343.0
2468 334.0
2469 323.0
2470 44.0
2471 296.0
2472 325.0
2473 240.0
2474 308.0
2475 297.0
2476 296.0
2477 290.0
2478 323.0
2479 270.0
2480 247.0
2481 330.0
2482 275.0
2483 330.0
2484 32.0
2485 294.0
2486 294.0
2487 37.0
2488 176.0
2489 298.0
2490 330.0
2491 266.0
2492 109.0
2493 0.0
2494 53.0
2495 269.0
2496 283.0
2497 294.0
2498 267.0
2499 651.0
2500 275.0
2501 332.0
2502 288.0
2503 276.0
2504 43.0
2505 32.0
2506 293.0
2507 262.0
2508 284.0
2509 293.0
2510 25.0
2511 266.0
2512 267.0
2513 261.0
2514 181.0
2515 303.0
2516 6.0
2517 296.0
2518 173.0
2519 343.0
2520 142.0
2521 38.0
2522 313.0
2523 44.0
2524 252.0
2525 217.0
2526 295.0
2527 323.0
2528 290.0
2529 323.0
2530 109.0
2531 295.0
2532 264.0
2533 142.0
2534 330.0
2535 33.0
2536 290.0
2537 290.0
2538 270.0
2539 0.0
2540 208.0
2541 330.0
2542 330.0
2543 98.0
2544 0.0
2545 395.0
2546 272.0
2547 296.0
2548 296.0
2549 287.0
2550 651.0
2551 158.0
2552 284.0
2553 288.0
2554 270.0
2555 43.0
2556 256.0
2557 284.0
2558 288.0
2559 288.0
2560 293.0
2561 32.0
2562 104.0
2563 267.0
2564 261.0
2565 234.0
2566 293.0
2567 323.0
2568 276.0
2569 343.0
2570 343.0
2571 323.0
2572 44.0
2573 307.0
2574 287.0
2575 229.0
2576 312.0
2577 286.0
2578 323.0
2579 323.0
2580 323.0
2581 285.0
2582 302.0
2583 326.0
2584 247.0
2585 330.0
2586 269.0
2587 294.0
2588 294.0
2589 33.0
2590 44.0
2591 208.0
2592 330.0
2593 291.0
2594 98.0
2595 3.0
2596 393.0
2597 169.0
2598 285.0
2599 286.0
2600 279.0
2601 651.0
2602 158.0
2603 292.0
2604 273.0
2605 282.0
2606 43.0
2607 256.0
2608 293.0
2609 285.0
2610 293.0
2611 293.0
2612 288.0
2613 273.0
2614 158.0
2615 259.0
2616 0.0
2617 317.0
2618 7.0
2619 292.0
2620 334.0
2621 343.0
2622 276.0
2623 44.0
2624 290.0
2625 279.0
2626 54.0
2627 219.0
2628 297.0
2629 296.0
2630 323.0
2631 323.0
2632 312.0
2633 302.0
2634 267.0
2635 286.0
2636 330.0
2637 32.0
2638 294.0
2639 294.0
2640 287.0
2641 82.0
2642 284.0
2643 330.0
2644 330.0
2645 32.0
2646 213.0
2647 191.0
2648 293.0
2649 283.0
2650 294.0
2651 286.0
2652 651.0
2653 158.0
2654 294.0
2655 273.0
2656 276.0
2657 43.0
2658 285.0
2659 293.0
2660 288.0
2661 284.0
2662 293.0
2663 0.0
2664 351.0
2665 267.0
2666 261.0
2667 0.0
2668 292.0
2669 263.0
2670 295.0
2671 343.0
2672 343.0
2673 331.0
2674 38.0
2675 276.0
2676 279.0
2677 266.0
2678 207.0
2679 286.0
2680 323.0
2681 290.0
2682 323.0
2683 33.0
2684 240.0
2685 264.0
2686 280.0
2687 330.0
2688 32.0
2689 294.0
2690 294.0
2691 270.0
2692 33.0
2693 181.0
2694 330.0
2695 290.0
2696 109.0
2697 0.0
2698 420.0
2699 169.0
2700 286.0
2701 294.0
2702 285.0
2703 651.0
2704 252.0
2705 284.0
2706 286.0
2707 225.0
2708 43.0
2709 104.0
2710 293.0
2711 1.0
2712 284.0
2713 284.0
2714 266.0
2715 257.0
2716 271.0
2717 242.0
2718 181.0
2719 317.0
2720 0.0
2721 294.0
2722 173.0
2723 343.0
2724 331.0
2725 38.0
2726 315.0
2727 309.0
2728 284.0
2729 322.0
2730 295.0
2731 303.0
2732 323.0
2733 323.0
2734 323.0
2735 98.0
2736 264.0
2737 295.0
2738 330.0
2739 229.0
2740 294.0
2741 294.0
2742 90.0
2743 269.0
2744 38.0
2745 330.0
2746 322.0
2747 98.0
2748 554.0
2749 266.0
2750 294.0
2751 296.0
2752 296.0
2753 207.0
2754 651.0
2755 278.0
2756 332.0
2757 284.0
2758 225.0
2759 43.0
2760 293.0
2761 284.0
2762 49.0
2763 288.0
2764 293.0
2765 38.0
2766 158.0
2767 271.0
2768 260.0
2769 0.0
2770 43.0
2771 267.0
2772 295.0
2773 343.0
2774 343.0
2775 323.0
2776 44.0
2777 305.0
2778 262.0
2779 197.0
2780 280.0
2781 308.0
2782 323.0
2783 323.0
2784 323.0
2785 322.0
2786 284.0
2787 326.0
2788 252.0
2789 330.0
2790 32.0
2791 294.0
2792 294.0
2793 32.0
2794 44.0
2795 208.0
2796 330.0
2797 283.0
2798 32.0
2799 202.0
2800 202.0
2801 169.0
2802 269.0
2803 296.0
2804 281.0
2805 651.0
2806 170.0
2807 332.0
2808 284.0
2809 282.0
2810 293.0
2811 223.0
2812 293.0
2813 288.0
2814 288.0
2815 293.0
2816 266.0
2817 158.0
2818 263.0
2819 267.0
2820 153.0
2821 0.0
2822 257.0
2823 268.0
2824 343.0
2825 343.0
2826 323.0
2827 44.0
2828 275.0
2829 311.0
2830 252.0
2831 308.0
2832 313.0
2833 296.0
2834 323.0
2835 323.0
2836 315.0
2837 235.0
2838 326.0
2839 279.0
2840 330.0
2841 32.0
2842 294.0
2843 294.0
2844 264.0
2845 38.0
2846 33.0
2847 330.0
2848 330.0
2849 109.0
2850 286.0
2851 198.0
2852 158.0
2853 285.0
2854 296.0
2855 305.0
2856 651.0
2857 240.0
2858 372.0
2859 159.0
2860 284.0
2861 55.0
2862 256.0
2863 293.0
2864 234.0
2865 293.0
2866 293.0
2867 272.0
2868 93.0
2869 158.0
2870 160.0
2871 48.0
2872 0.0
2873 322.0
2874 295.0
2875 343.0
2876 334.0
2877 323.0
2878 44.0
2879 297.0
2880 329.0
2881 314.0
2882 307.0
2883 286.0
2884 303.0
2885 290.0
2886 323.0
2887 317.0
2888 247.0
2889 326.0
2890 272.0
2891 330.0
2892 291.0
2893 294.0
2894 294.0
2895 273.0
2896 38.0
2897 283.0
2898 330.0
2899 330.0
2900 132.0
2901 3.0
2902 208.0
2903 158.0
2904 284.0
2905 271.0
2906 285.0
2907 651.0
2908 170.0
2909 292.0
2910 282.0
2911 0.0
2912 43.0
2913 288.0
2914 284.0
2915 1.0
2916 284.0
2917 293.0
2918 204.0
2919 160.0
2920 271.0
2921 274.0
2922 127.0
2923 16.0
2924 308.0
2925 292.0
2926 212.0
2927 343.0
2928 176.0
2929 44.0
2930 297.0
2931 325.0
2932 32.0
2933 254.0
2934 286.0
2935 303.0
2936 323.0
2937 323.0
2938 266.0
2939 270.0
2940 264.0
2941 295.0
2942 330.0
2943 33.0
2944 294.0
2945 294.0
2946 93.0
2947 274.0
2948 38.0
2949 330.0
2950 283.0
2951 98.0
2952 554.0
2953 392.0
2954 198.0
2955 273.0
2956 250.0
2957 285.0
2958 651.0
2959 163.0
2960 332.0
2961 288.0
2962 257.0
2963 43.0
2964 280.0
2965 284.0
2966 287.0
2967 293.0
2968 293.0
2969 33.0
2970 269.0
2971 158.0
2972 242.0
2973 288.0
2974 292.0
2975 19.0
2976 276.0
2977 343.0
2978 343.0
2979 142.0
2980 44.0
2981 298.0
2982 298.0
2983 295.0
2984 280.0
2985 297.0
2986 296.0
2987 323.0
2988 323.0
2989 329.0
2990 262.0
2991 264.0
2992 142.0
2993 330.0
2994 0.0
2995 294.0
2996 294.0
2997 93.0
2998 271.0
2999 283.0
3000 330.0
3001 330.0
3002 88.0
3003 157.0
3004 187.0
3005 294.0
3006 280.0
3007 281.0
3008 266.0
3009 651.0
3010 281.0
3011 372.0
3012 203.0
3013 282.0
3014 55.0
3015 142.0
3016 293.0
3017 293.0
3018 293.0
3019 293.0
3020 266.0
3021 273.0
3022 158.0
3023 223.0
3024 288.0
3025 292.0
3026 328.0
3027 295.0
3028 343.0
3029 343.0
3030 142.0
3031 44.0
3032 317.0
3033 311.0
3034 256.0
3035 308.0
3036 297.0
3037 303.0
3038 323.0
3039 311.0
3040 273.0
3041 245.0
3042 267.0
3043 279.0
3044 330.0
3045 0.0
3046 294.0
3047 294.0
3048 272.0
3049 38.0
3050 181.0
3051 330.0
3052 330.0
3053 109.0
3054 3.0
3055 198.0
3056 289.0
3057 285.0
3058 285.0
3059 109.0
3060 651.0
3061 252.0
3062 292.0
3063 203.0
3064 0.0
3065 55.0
3066 260.0
3067 293.0
3068 267.0
3069 284.0
3070 293.0
3071 216.0
3072 93.0
3073 273.0
3074 256.0
3075 260.0
3076 0.0
3077 0.0
3078 292.0
3079 343.0
3080 334.0
3081 98.0
3082 44.0
3083 317.0
3084 208.0
3085 313.0
3086 322.0
3087 334.0
3088 303.0
3089 323.0
3090 262.0
3091 269.0
3092 271.0
3093 330.0
3094 288.0
3095 330.0
3096 0.0
3097 294.0
3098 294.0
3099 287.0
3100 260.0
3101 208.0
3102 330.0
3103 330.0
3104 88.0
3105 3.0
3106 0.0
3107 169.0
3108 286.0
3109 98.0
3110 263.0
3111 651.0
3112 163.0
3113 332.0
3114 203.0
3115 109.0
3116 49.0
3117 104.0
3118 293.0
3119 285.0
3120 293.0
3121 293.0
3122 0.0
3123 257.0
3124 267.0
3125 271.0
3126 264.0
3127 292.0
3128 267.0
3129 303.0
3130 343.0
3131 343.0
3132 147.0
3133 44.0
3134 316.0
3135 262.0
3136 229.0
3137 207.0
3138 295.0
3139 301.0
3140 323.0
3141 269.0
3142 271.0
3143 287.0
3144 264.0
3145 142.0
3146 330.0
3147 0.0
3148 294.0
3149 294.0
3150 1.0
3151 289.0
3152 272.0
3153 330.0
3154 283.0
3155 109.0
3156 283.0
3157 146.0
3158 170.0
3159 278.0
3160 287.0
3161 285.0
3162 651.0
3163 163.0
3164 332.0
3165 282.0
3166 286.0
3167 49.0
3168 285.0
3169 284.0
3170 293.0
3171 293.0
3172 293.0
3173 266.0
3174 158.0
3175 93.0
3176 158.0
3177 284.0
3178 0.0
3179 263.0
3180 295.0
3181 343.0
3182 343.0
3183 142.0
3184 38.0
3185 273.0
3186 211.0
3187 314.0
3188 219.0
3189 314.0
3190 308.0
3191 323.0
3192 299.0
3193 269.0
3194 265.0
3195 264.0
3196 274.0
3197 330.0
3198 0.0
3199 294.0
3200 294.0
3201 265.0
3202 223.0
3203 38.0
3204 330.0
3205 322.0
3206 109.0
3207 38.0
3208 169.0
3209 174.0
3210 285.0
3211 287.0
3212 292.0
3213 651.0
3214 163.0
3215 337.0
3216 288.0
3217 0.0
3218 55.0
3219 284.0
3220 284.0
3221 289.0
3222 293.0
3223 293.0
3224 208.0
3225 392.0
3226 158.0
3227 353.0
3228 288.0
3229 0.0
3230 318.0
3231 0.0
3232 343.0
3233 334.0
3234 142.0
3235 44.0
3236 290.0
3237 335.0
3238 314.0
3239 307.0
3240 323.0
3241 289.0
3242 323.0
3243 289.0
3244 273.0
3245 245.0
3246 267.0
3247 288.0
3248 330.0
3249 42.0
3250 294.0
3251 294.0
3252 37.0
3253 99.0
3254 38.0
3255 330.0
3256 330.0
3257 109.0
3258 38.0
3259 198.0
3260 174.0
3261 294.0
3262 286.0
3263 297.0
3264 651.0
3265 281.0
3266 292.0
3267 202.0
3268 294.0
3269 55.0
3270 264.0
3271 293.0
3272 283.0
3273 293.0
3274 293.0
3275 340.0
3276 266.0
3277 273.0
3278 158.0
3279 284.0
3280 33.0
3281 283.0
3282 0.0
3283 343.0
3284 343.0
3285 147.0
3286 44.0
3287 263.0
3288 316.0
3289 207.0
3290 307.0
3291 286.0
3292 305.0
3293 323.0
3294 269.0
3295 329.0
3296 280.0
3297 326.0
3298 142.0
3299 330.0
3300 32.0
3301 294.0
3302 294.0
3303 33.0
3304 284.0
3305 48.0
3306 330.0
3307 283.0
3308 109.0
3309 38.0
3310 234.0
3311 169.0
3312 278.0
3313 203.0
3314 280.0
3315 651.0
3316 281.0
3317 288.0
3318 202.0
3319 234.0
3320 55.0
3321 283.0
3322 293.0
3323 285.0
3324 293.0
3325 186.0
3326 321.0
3327 158.0
3328 158.0
3329 245.0
3330 0.0
3331 0.0
3332 323.0
3333 321.0
3334 343.0
3335 343.0
3336 142.0
3337 44.0
3338 267.0
3339 286.0
3340 322.0
3341 296.0
3342 295.0
3343 307.0
3344 323.0
3345 266.0
3346 271.0
3347 276.0
3348 264.0
3349 277.0
3350 330.0
3351 32.0
3352 294.0
3353 294.0
3354 287.0
3355 185.0
3356 33.0
3357 330.0
3358 330.0
3359 109.0
3360 148.0
3361 292.0
3362 291.0
3363 285.0
3364 296.0
3365 259.0
3366 651.0
3367 280.0
3368 332.0
3369 288.0
3370 290.0
3371 55.0
3372 289.0
3373 293.0
3374 293.0
3375 293.0
3376 191.0
3377 158.0
3378 158.0
3379 158.0
3380 158.0
3381 261.0
3382 315.0
3383 267.0
3384 297.0
3385 343.0
3386 334.0
3387 142.0
3388 44.0
3389 179.0
3390 335.0
3391 297.0
3392 307.0
3393 297.0
3394 308.0
3395 323.0
3396 313.0
3397 269.0
3398 271.0
3399 264.0
3400 267.0
3401 330.0
3402 267.0
3403 294.0
3404 294.0
3405 270.0
3406 289.0
3407 208.0
3408 330.0
3409 330.0
3410 109.0
3411 202.0
3412 334.0
3413 291.0
3414 291.0
3415 287.0
3416 259.0
3417 651.0
3418 170.0
3419 372.0
3420 288.0
3421 158.0
3422 55.0
3423 260.0
3424 284.0
3425 285.0
3426 293.0
3427 293.0
3428 48.0
3429 259.0
3430 266.0
3431 160.0
3432 30.0
3433 272.0
3434 322.0
3435 169.0
3436 343.0
3437 343.0
3438 142.0
3439 44.0
3440 304.0
3441 334.0
3442 218.0
3443 322.0
3444 323.0
3445 323.0
3446 323.0
3447 299.0
3448 269.0
3449 245.0
3450 267.0
3451 136.0
3452 330.0
3453 223.0
3454 294.0
3455 294.0
3456 294.0
3457 289.0
3458 0.0
3459 330.0
3460 283.0
3461 109.0
3462 38.0
3463 202.0
3464 141.0
3465 294.0
3466 271.0
3467 271.0
3468 651.0
3469 252.0
3470 372.0
3471 159.0
3472 44.0
3473 55.0
3474 234.0
3475 293.0
3476 104.0
3477 293.0
3478 293.0
3479 163.0
3480 266.0
3481 267.0
3482 104.0
3483 30.0
3484 308.0
3485 265.0
3486 267.0
3487 343.0
3488 343.0
3489 142.0
3490 44.0
3491 298.0
3492 282.0
3493 255.0
3494 296.0
3495 286.0
3496 308.0
3497 323.0
3498 269.0
3499 315.0
3500 298.0
3501 264.0
3502 295.0
3503 330.0
3504 32.0
3505 294.0
3506 294.0
3507 33.0
3508 32.0
3509 208.0
3510 330.0
3511 330.0
3512 137.0
3513 299.0
3514 266.0
3515 163.0
3516 278.0
3517 296.0
3518 273.0
3519 651.0
3520 278.0
3521 332.0
3522 158.0
3523 0.0
3524 55.0
3525 288.0
3526 293.0
3527 293.0
3528 293.0
3529 306.0
3530 159.0
3531 158.0
3532 266.0
3533 242.0
3534 277.0
3535 319.0
3536 265.0
3537 297.0
3538 343.0
3539 343.0
3540 142.0
3541 44.0
3542 296.0
3543 282.0
3544 229.0
3545 280.0
3546 286.0
3547 286.0
3548 323.0
3549 299.0
3550 271.0
3551 265.0
3552 264.0
3553 267.0
3554 330.0
3555 290.0
3556 294.0
3557 294.0
3558 33.0
3559 223.0
3560 208.0
3561 330.0
3562 330.0
3563 109.0
3564 543.0
3565 48.0
3566 174.0
3567 285.0
3568 284.0
3569 285.0
3570 651.0
3571 170.0
3572 372.0
3573 288.0
3574 44.0
3575 43.0
3576 223.0
3577 293.0
3578 283.0
3579 259.0
3580 191.0
3581 158.0
3582 266.0
3583 158.0
3584 85.0
3585 282.0
3586 320.0
3587 263.0
3588 297.0
3589 343.0
3590 343.0
3591 176.0
3592 44.0
3593 296.0
3594 335.0
3595 290.0
3596 307.0
3597 307.0
3598 308.0
3599 323.0
3600 309.0
3601 315.0
3602 253.0
3603 326.0
3604 267.0
3605 330.0
3606 32.0
3607 294.0
3608 294.0
3609 264.0
3610 282.0
3611 33.0
3612 330.0
3613 330.0
3614 109.0
3615 38.0
3616 282.0
3617 342.0
3618 294.0
3619 287.0
3620 159.0
3621 651.0
3622 275.0
3623 372.0
3624 288.0
3625 0.0
3626 55.0
3627 289.0
3628 293.0
3629 288.0
3630 285.0
3631 191.0
3632 273.0
3633 267.0
3634 267.0
3635 261.0
3636 153.0
3637 331.0
3638 264.0
3639 301.0
3640 343.0
3641 343.0
3642 142.0
3643 44.0
3644 187.0
3645 335.0
3646 252.0
3647 307.0
3648 308.0
3649 303.0
3650 323.0
3651 266.0
3652 284.0
3653 30.0
3654 326.0
3655 142.0
3656 330.0
3657 32.0
3658 294.0
3659 294.0
3660 274.0
3661 282.0
3662 0.0
3663 330.0
3664 330.0
3665 109.0
3666 23.0
3667 202.0
3668 169.0
3669 287.0
3670 288.0
3671 272.0
3672 651.0
3673 284.0
3674 372.0
3675 159.0
3676 280.0
3677 55.0
3678 293.0
3679 293.0
3680 283.0
3681 285.0
3682 293.0
3683 245.0
3684 158.0
3685 273.0
3686 261.0
3687 281.0
3688 265.0
3689 0.0
3690 0.0
3691 343.0
3692 343.0
3693 142.0
3694 44.0
3695 273.0
3696 314.0
3697 314.0
3698 254.0
3699 334.0
3700 329.0
3701 323.0
3702 261.0
3703 329.0
3704 266.0
3705 264.0
3706 288.0
3707 330.0
3708 32.0
3709 294.0
3710 294.0
3711 93.0
3712 261.0
3713 208.0
3714 330.0
3715 330.0
3716 98.0
3717 277.0
3718 207.0
3719 174.0
3720 281.0
3721 288.0
3722 261.0
3723 651.0
3724 158.0
3725 332.0
3726 203.0
3727 32.0
3728 55.0
3729 260.0
3730 293.0
3731 284.0
3732 25.0
3733 186.0
3734 169.0
3735 158.0
3736 259.0
3737 158.0
3738 277.0
3739 0.0
3740 267.0
3741 291.0
3742 343.0
3743 334.0
3744 147.0
3745 33.0
3746 30.0
3747 314.0
3748 230.0
3749 289.0
3750 334.0
3751 301.0
3752 300.0
3753 0.0
3754 315.0
3755 280.0
3756 330.0
3757 267.0
3758 330.0
3759 32.0
3760 294.0
3761 294.0
3762 33.0
3763 261.0
3764 208.0
3765 330.0
3766 330.0
3767 109.0
3768 38.0
3769 286.0
3770 169.0
3771 282.0
3772 281.0
3773 274.0
3774 651.0
3775 260.0
3776 372.0
3777 288.0
3778 219.0
3779 55.0
3780 109.0
3781 293.0
3782 293.0
3783 25.0
3784 272.0
3785 158.0
3786 266.0
3787 186.0
3788 261.0
3789 180.0
3790 267.0
3791 331.0
3792 291.0
3793 343.0
3794 343.0
3795 323.0
3796 44.0
3797 298.0
3798 335.0
3799 280.0
3800 307.0
3801 308.0
3802 334.0
3803 323.0
3804 150.0
3805 315.0
3806 267.0
3807 326.0
3808 288.0
3809 330.0
3810 33.0
3811 294.0
3812 294.0
3813 275.0
3814 282.0
3815 283.0
3816 330.0
3817 283.0
3818 109.0
3819 38.0
3820 282.0
3821 169.0
3822 282.0
3823 281.0
3824 297.0
3825 651.0
3826 280.0
3827 372.0
3828 288.0
3829 49.0
3830 43.0
3831 38.0
3832 293.0
3833 293.0
3834 259.0
3835 186.0
3836 158.0
3837 267.0
3838 333.0
3839 95.0
3840 153.0
3841 319.0
3842 0.0
3843 0.0
3844 343.0
3845 343.0
3846 142.0
3847 44.0
3848 267.0
3849 335.0
3850 12.0
3851 288.0
3852 307.0
3853 308.0
3854 290.0
3855 257.0
3856 315.0
3857 298.0
3858 326.0
3859 295.0
3860 330.0
3861 0.0
3862 294.0
3863 294.0
3864 265.0
3865 93.0
3866 214.0
3867 330.0
3868 283.0
3869 109.0
3870 202.0
3871 190.0
3872 169.0
3873 297.0
3874 281.0
3875 213.0
3876 651.0
3877 158.0
3878 332.0
3879 159.0
3880 269.0
3881 43.0
3882 32.0
3883 293.0
3884 293.0
3885 377.0
3886 293.0
3887 253.0
3888 158.0
3889 104.0
3890 85.0
3891 180.0
3892 0.0
3893 331.0
3894 0.0
3895 343.0
3896 343.0
3897 98.0
3898 38.0
3899 258.0
3900 314.0
3901 70.0
3902 308.0
3903 334.0
3904 335.0
3905 289.0
3906 267.0
3907 284.0
3908 306.0
3909 326.0
3910 288.0
3911 330.0
3912 0.0
3913 294.0
3914 294.0
3915 33.0
3916 254.0
3917 38.0
3918 330.0
3919 330.0
3920 88.0
3921 194.0
3922 196.0
3923 285.0
3924 255.0
3925 281.0
3926 252.0
3927 651.0
3928 276.0
3929 372.0
3930 284.0
3931 158.0
3932 55.0
3933 267.0
3934 293.0
3935 285.0
3936 263.0
3937 293.0
3938 300.0
3939 158.0
3940 320.0
3941 94.0
3942 294.0
3943 264.0
3944 319.0
3945 49.0
3946 343.0
3947 334.0
3948 147.0
3949 44.0
3950 322.0
3951 314.0
3952 60.0
3953 322.0
3954 334.0
3955 301.0
3956 298.0
3957 265.0
3958 329.0
3959 283.0
3960 264.0
3961 267.0
3962 330.0
3963 33.0
3964 294.0
3965 294.0
3966 33.0
3967 268.0
3968 38.0
3969 330.0
3970 330.0
3971 132.0
3972 214.0
3973 195.0
3974 169.0
3975 279.0
3976 274.0
3977 245.0
3978 651.0
3979 278.0
3980 372.0
3981 158.0
3982 109.0
3983 43.0
3984 265.0
3985 293.0
3986 6.0
3987 259.0
3988 276.0
3989 261.0
3990 158.0
3991 264.0
3992 95.0
3993 180.0
3994 316.0
3995 323.0
3996 291.0
3997 343.0
3998 343.0
3999 142.0
4000 38.0
4001 268.0
4002 334.0
4003 260.0
4004 308.0
4005 334.0
4006 308.0
4007 289.0
4008 292.0
4009 315.0
4010 21.0
4011 267.0
4012 267.0
4013 330.0
4014 0.0
4015 294.0
4016 294.0
4017 294.0
4018 282.0
4019 214.0
4020 330.0
4021 330.0
4022 148.0
4023 157.0
4024 213.0
4025 169.0
4026 279.0
4027 287.0
4028 218.0
4029 651.0
4030 158.0
4031 332.0
4032 202.0
4033 274.0
4034 55.0
4035 38.0
4036 293.0
4037 32.0
4038 270.0
4039 186.0
4040 64.0
4041 266.0
4042 248.0
4043 353.0
4044 0.0
4045 0.0
4046 331.0
4047 0.0
4048 343.0
4049 343.0
4050 334.0
4051 44.0
4052 272.0
4053 314.0
4054 236.0
4055 283.0
4056 334.0
4057 334.0
4058 290.0
4059 287.0
4060 315.0
4061 282.0
4062 264.0
4063 259.0
4064 330.0
4065 32.0
4066 294.0
4067 294.0
4068 275.0
4069 255.0
4070 229.0
4071 330.0
4072 330.0
4073 98.0
4074 394.0
4075 218.0
4076 163.0
4077 259.0
4078 281.0
4079 218.0
4080 651.0
4081 158.0
4082 372.0
4083 282.0
4084 158.0
4085 293.0
4086 267.0
4087 293.0
4088 284.0
4089 263.0
4090 293.0
4091 274.0
4092 263.0
4093 261.0
4094 94.0
4095 284.0
4096 0.0
4097 305.0
4098 300.0
4099 343.0
4100 334.0
4101 147.0
4102 33.0
4103 274.0
4104 286.0
4105 256.0
4106 303.0
4107 334.0
4108 301.0
4109 290.0
4110 289.0
4111 315.0
4112 276.0
4113 264.0
4114 261.0
4115 330.0
4116 32.0
4117 294.0
4118 294.0
4119 37.0
4120 30.0
4121 38.0
4122 330.0
4123 330.0
4124 38.0
4125 38.0
4126 294.0
4127 294.0
4128 74.0
4129 287.0
4130 153.0
4131 651.0
4132 260.0
4133 372.0
4134 288.0
4135 181.0
4136 285.0
4137 273.0
4138 293.0
4139 240.0
4140 268.0
4141 186.0
4142 250.0
4143 158.0
4144 158.0
4145 245.0
4146 147.0
4147 0.0
4148 318.0
4149 291.0
4150 343.0
4151 173.0
4152 142.0
4153 44.0
4154 272.0
4155 314.0
4156 232.0
4157 304.0
4158 334.0
4159 301.0
4160 289.0
4161 289.0
4162 328.0
4163 273.0
4164 326.0
4165 279.0
4166 330.0
4167 269.0
4168 294.0
4169 294.0
4170 37.0
4171 268.0
4172 284.0
4173 330.0
4174 330.0
4175 137.0
4176 295.0
4177 282.0
4178 169.0
4179 284.0
4180 273.0
4181 213.0
4182 651.0
4183 284.0
4184 332.0
4185 202.0
4186 282.0
4187 43.0
4188 223.0
4189 293.0
4190 270.0
4191 259.0
4192 191.0
4193 253.0
4194 158.0
4195 287.0
4196 261.0
4197 43.0
4198 273.0
4199 319.0
4200 301.0
4201 343.0
4202 212.0
4203 142.0
4204 44.0
4205 307.0
4206 334.0
4207 207.0
4208 308.0
4209 334.0
4210 334.0
4211 298.0
4212 273.0
4213 315.0
4214 207.0
4215 267.0
4216 267.0
4217 330.0
4218 295.0
4219 294.0
4220 294.0
4221 264.0
4222 32.0
4223 98.0
4224 330.0
4225 330.0
4226 98.0
4227 278.0
4228 0.0
4229 169.0
4230 296.0
4231 281.0
4232 153.0
4233 651.0
4234 158.0
4235 332.0
4236 158.0
4237 288.0
4238 284.0
4239 14.0
4240 293.0
4241 276.0
4242 259.0
4243 293.0
4244 158.0
4245 263.0
4246 158.0
4247 245.0
4248 275.0
4249 267.0
4250 331.0
4251 0.0
4252 343.0
4253 334.0
4254 147.0
4255 44.0
4256 285.0
4257 335.0
4258 308.0
4259 289.0
4260 334.0
4261 335.0
4262 154.0
4263 271.0
4264 315.0
4265 273.0
4266 264.0
4267 261.0
4268 330.0
4269 65.0
4270 270.0
4271 294.0
4272 37.0
4273 254.0
4274 208.0
4275 330.0
4276 330.0
4277 88.0
4278 33.0
4279 212.0
4280 264.0
4281 282.0
4282 285.0
4283 169.0
4284 651.0
4285 284.0
4286 372.0
4287 288.0
4288 197.0
4289 284.0
4290 32.0
4291 293.0
4292 321.0
4293 377.0
4294 293.0
4295 175.0
4296 158.0
4297 261.0
4298 43.0
4299 172.0
4300 305.0
4301 331.0
4302 326.0
4303 343.0
4304 316.0
4305 147.0
4306 44.0
4307 307.0
4308 314.0
4309 298.0
4310 286.0
4311 335.0
4312 301.0
4313 294.0
4314 293.0
4315 328.0
4316 329.0
4317 267.0
4318 267.0
4319 330.0
4320 104.0
4321 38.0
4322 294.0
4323 90.0
4324 289.0
4325 289.0
4326 330.0
4327 330.0
4328 109.0
4329 105.0
4330 420.0
4331 169.0
4332 348.0
4333 281.0
4334 268.0
4335 651.0
4336 275.0
4337 372.0
4338 158.0
4339 277.0
4340 98.0
4341 269.0
4342 271.0
4343 186.0
4344 273.0
4345 191.0
4346 256.0
4347 392.0
4348 261.0
4349 353.0
4350 147.0
4351 265.0
4352 315.0
4353 0.0
4354 343.0
4355 176.0
4356 220.0
4357 44.0
4358 266.0
4359 314.0
4360 322.0
4361 308.0
4362 329.0
4363 329.0
4364 286.0
4365 271.0
4366 315.0
4367 278.0
4368 267.0
4369 326.0
4370 330.0
4371 296.0
4372 288.0
4373 294.0
4374 264.0
4375 114.0
4376 33.0
4377 330.0
4378 330.0
4379 109.0
4380 87.0
4381 0.0
4382 294.0
4383 7.0
4384 281.0
4385 169.0
4386 651.0
4387 158.0
4388 372.0
4389 288.0
4390 158.0
4391 293.0
4392 14.0
4393 284.0
4394 186.0
4395 259.0
4396 263.0
4397 242.0
4398 263.0
4399 316.0
4400 158.0
4401 153.0
4402 331.0
4403 331.0
4404 276.0
4405 343.0
4406 316.0
4407 142.0
4408 44.0
4409 297.0
4410 334.0
4411 196.0
4412 308.0
4413 329.0
4414 334.0
4415 286.0
4416 269.0
4417 315.0
4418 282.0
4419 264.0
4420 245.0
4421 330.0
4422 270.0
4423 298.0
4424 294.0
4425 294.0
4426 288.0
4427 208.0
4428 330.0
4429 330.0
4430 32.0
4431 110.0
4432 202.0
4433 169.0
4434 234.0
4435 281.0
4436 218.0
4437 651.0
4438 158.0
4439 332.0
4440 288.0
4441 197.0
4442 293.0
4443 223.0
4444 196.0
4445 276.0
4446 32.0
4447 293.0
4448 251.0
4449 158.0
4450 316.0
4451 158.0
4452 153.0
4453 312.0
4454 331.0
4455 0.0
4456 343.0
4457 316.0
4458 323.0
4459 44.0
4460 191.0
4461 314.0
4462 314.0
4463 291.0
4464 335.0
4465 329.0
4466 0.0
4467 148.0
4468 315.0
4469 315.0
4470 264.0
4471 267.0
4472 330.0
4473 267.0
4474 290.0
4475 288.0
4476 33.0
4477 93.0
4478 284.0
4479 330.0
4480 330.0
4481 98.0
4482 164.0
4483 207.0
4484 163.0
4485 288.0
4486 284.0
4487 268.0
4488 651.0
4489 278.0
4490 372.0
4491 288.0
4492 282.0
4493 165.0
4494 267.0
4495 261.0
4496 285.0
4497 385.0
4498 186.0
4499 258.0
4500 158.0
4501 272.0
4502 158.0
4503 281.0
4504 312.0
4505 331.0
4506 98.0
4507 343.0
4508 0.0
4509 147.0
4510 44.0
4511 256.0
4512 335.0
4513 304.0
4514 334.0
4515 335.0
4516 301.0
4517 7.0
4518 313.0
4519 328.0
4520 267.0
4521 326.0
4522 288.0
4523 330.0
4524 259.0
4525 153.0
4526 275.0
4527 294.0
4528 284.0
4529 214.0
4530 330.0
4531 330.0
4532 88.0
4533 33.0
4534 213.0
4535 294.0
4536 7.0
4537 281.0
4538 163.0
4539 651.0
4540 57.0
4541 332.0
4542 202.0
4543 283.0
4544 289.0
4545 289.0
4546 276.0
4547 191.0
4548 276.0
4549 191.0
4550 158.0
4551 263.0
4552 277.0
4553 271.0
4554 277.0
4555 0.0
4556 318.0
4557 0.0
4558 343.0
4559 0.0
4560 98.0
4561 44.0
4562 271.0
4563 335.0
4564 284.0
4565 292.0
4566 335.0
4567 334.0
4568 165.0
4569 273.0
4570 328.0
4571 296.0
4572 264.0
4573 261.0
4574 330.0
4575 255.0
4576 290.0
4577 87.0
4578 270.0
4579 278.0
4580 289.0
4581 330.0
4582 330.0
4583 109.0
4584 33.0
4585 304.0
4586 169.0
4587 7.0
4588 283.0
4589 24.0
4590 651.0
4591 283.0
4592 332.0
4593 282.0
4594 158.0
4595 293.0
4596 38.0
4597 276.0
4598 276.0
4599 276.0
4600 276.0
4601 158.0
4602 392.0
4603 158.0
4604 261.0
4605 30.0
4606 305.0
4607 331.0
4608 49.0
4609 343.0
4610 317.0
4611 142.0
4612 44.0
4613 259.0
4614 314.0
4615 297.0
4616 328.0
4617 335.0
4618 329.0
4619 165.0
4620 271.0
4621 315.0
4622 280.0
4623 264.0
4624 278.0
4625 330.0
4626 283.0
4627 290.0
4628 294.0
4629 93.0
4630 249.0
4631 33.0
4632 330.0
4633 330.0
4634 109.0
4635 287.0
4636 146.0
4637 186.0
4638 271.0
4639 278.0
4640 96.0
4641 651.0
4642 292.0
4643 337.0
4644 288.0
4645 158.0
4646 293.0
4647 98.0
4648 32.0
4649 293.0
4650 274.0
4651 191.0
4652 153.0
4653 392.0
4654 273.0
4655 260.0
4656 30.0
4657 331.0
4658 331.0
4659 98.0
4660 343.0
4661 316.0
4662 209.0
4663 44.0
4664 253.0
4665 314.0
4666 309.0
4667 286.0
4668 335.0
4669 329.0
4670 28.0
4671 289.0
4672 315.0
4673 282.0
4674 326.0
4675 136.0
4676 330.0
4677 104.0
4678 104.0
4679 287.0
4680 33.0
4681 302.0
4682 38.0
4683 330.0
4684 330.0
4685 98.0
4686 33.0
4687 207.0
4688 294.0
4689 84.0
4690 271.0
4691 163.0
4692 651.0
4693 273.0
4694 332.0
4695 282.0
4696 291.0
4697 43.0
4698 267.0
4699 256.0
4700 339.0
4701 377.0
4702 191.0
4703 158.0
4704 158.0
4705 153.0
4706 261.0
4707 180.0
4708 312.0
4709 311.0
4710 98.0
4711 343.0
4712 0.0
4713 274.0
4714 44.0
4715 315.0
4716 335.0
4717 284.0
4718 284.0
4719 335.0
4720 334.0
4721 57.0
4722 289.0
4723 328.0
4724 284.0
4725 326.0
4726 261.0
4727 330.0
4728 0.0
4729 288.0
4730 290.0
4731 30.0
4732 255.0
4733 288.0
4734 330.0
4735 330.0
4736 109.0
4737 44.0
4738 207.0
4739 169.0
4740 218.0
4741 282.0
4742 305.0
4743 651.0
4744 278.0
4745 332.0
4746 202.0
4747 331.0
4748 213.0
4749 14.0
4750 256.0
4751 276.0
4752 276.0
4753 276.0
4754 158.0
4755 263.0
4756 158.0
4757 261.0
4758 277.0
4759 265.0
4760 331.0
4761 276.0
4762 343.0
4763 212.0
4764 153.0
4765 44.0
4766 251.0
4767 334.0
4768 280.0
4769 292.0
4770 335.0
4771 334.0
4772 154.0
4773 296.0
4774 329.0
4775 284.0
4776 264.0
4777 267.0
4778 330.0
4779 38.0
4780 290.0
4781 294.0
4782 255.0
4783 254.0
4784 181.0
4785 330.0
4786 330.0
4787 109.0
4788 148.0
4789 385.0
4790 169.0
4791 190.0
4792 282.0
4793 268.0
4794 651.0
4795 282.0
4796 292.0
4797 202.0
4798 332.0
4799 293.0
4800 267.0
4801 276.0
4802 259.0
4803 257.0
4804 191.0
4805 158.0
4806 158.0
4807 273.0
4808 271.0
4809 30.0
4810 331.0
4811 331.0
4812 276.0
4813 343.0
4814 316.0
4815 142.0
4816 44.0
4817 251.0
4818 334.0
4819 307.0
4820 334.0
4821 335.0
4822 301.0
4823 298.0
4824 323.0
4825 315.0
4826 48.0
4827 264.0
4828 288.0
4829 330.0
4830 104.0
4831 287.0
4832 159.0
4833 31.0
4834 254.0
4835 289.0
4836 330.0
4837 330.0
4838 196.0
4839 44.0
4840 304.0
4841 158.0
4842 218.0
4843 272.0
4844 262.0
4845 651.0
4846 283.0
4847 332.0
4848 288.0
4849 282.0
4850 293.0
4851 269.0
4852 276.0
4853 25.0
4854 273.0
4855 186.0
4856 158.0
4857 263.0
4858 273.0
4859 266.0
4860 281.0
4861 312.0
4862 316.0
4863 0.0
4864 343.0
4865 343.0
4866 142.0
4867 44.0
4868 315.0
4869 314.0
4870 308.0
4871 340.0
4872 335.0
4873 300.0
4874 38.0
4875 296.0
4876 315.0
4877 275.0
4878 267.0
4879 288.0
4880 330.0
4881 0.0
4882 287.0
4883 87.0
4884 154.0
4885 255.0
4886 261.0
4887 330.0
4888 330.0
4889 32.0
4890 386.0
4891 298.0
4892 169.0
4893 218.0
4894 277.0
4895 305.0
4896 651.0
4897 282.0
4898 332.0
4899 284.0
4900 282.0
4901 293.0
4902 283.0
4903 191.0
4904 259.0
4905 261.0
4906 276.0
4907 158.0
4908 392.0
4909 160.0
4910 85.0
4911 147.0
4912 331.0
4913 331.0
4914 308.0
4915 343.0
4916 176.0
4917 147.0
4918 44.0
4919 217.0
4920 286.0
4921 313.0
4922 287.0
4923 274.0
4924 308.0
4925 290.0
4926 277.0
4927 328.0
4928 262.0
4929 264.0
4930 288.0
4931 330.0
4932 321.0
4933 287.0
4934 87.0
4935 202.0
4936 255.0
4937 286.0
4938 330.0
4939 330.0
4940 137.0
4941 297.0
4942 202.0
4943 289.0
4944 161.0
4945 283.0
4946 218.0
4947 651.0
4948 332.0
4949 372.0
4950 159.0
4951 57.0
4952 147.0
4953 25.0
4954 276.0
4955 196.0
4956 276.0
4957 191.0
4958 158.0
4959 158.0
4960 271.0
4961 261.0
4962 153.0
4963 331.0
4964 331.0
4965 0.0
4966 343.0
4967 334.0
4968 142.0
4969 44.0
4970 152.0
4971 334.0
4972 275.0
4973 286.0
4974 362.0
4975 301.0
4976 165.0
4977 269.0
4978 328.0
4979 245.0
4980 264.0
4981 288.0
4982 330.0
4983 104.0
4984 295.0
4985 263.0
4986 266.0
4987 223.0
4988 286.0
4989 330.0
4990 330.0
4991 137.0
4992 288.0
4993 48.0
4994 163.0
4995 56.0
4996 281.0
4997 207.0
4998 651.0
4999 274.0
5000 337.0
5001 288.0
5002 57.0
5003 262.0
5004 256.0
5005 276.0
5006 385.0
5007 248.0
5008 191.0
5009 158.0
5010 263.0
5011 334.0
5012 261.0
5013 127.0
5014 312.0
5015 331.0
5016 173.0
5017 343.0
5018 334.0
5019 142.0
5020 44.0
5021 258.0
5022 335.0
5023 308.0
5024 305.0
5025 362.0
5026 295.0
5027 1.0
5028 147.0
5029 315.0
5030 286.0
5031 326.0
5032 326.0
5033 330.0
5034 321.0
5035 104.0
5036 294.0
5037 264.0
5038 223.0
5039 298.0
5040 330.0
5041 330.0
5042 33.0
5043 38.0
5044 51.0
5045 141.0
5046 348.0
5047 283.0
5048 266.0
5049 651.0
5050 272.0
5051 372.0
5052 288.0
5053 284.0
5054 293.0
5055 98.0
5056 276.0
5057 254.0
5058 32.0
5059 276.0
5060 48.0
5061 392.0
5062 158.0
5063 261.0
5064 147.0
5065 331.0
5066 331.0
5067 265.0
5068 343.0
5069 212.0
5070 142.0
5071 44.0
5072 255.0
5073 314.0
5074 290.0
5075 362.0
5076 336.0
5077 323.0
5078 300.0
5079 313.0
5080 315.0
5081 280.0
5082 330.0
5083 326.0
5084 330.0
5085 315.0
5086 287.0
5087 87.0
5088 260.0
5089 302.0
5090 275.0
5091 330.0
5092 330.0
5093 137.0
5094 38.0
5095 273.0
5096 163.0
5097 218.0
5098 280.0
5099 253.0
5100 651.0
