1 30.0
2 0.0
3 93.0
4 0.0
5 32.0
6 0.0
7 0.0
8 6.0
9 88.0
10 315.0
11 203.0
12 25.0
13 203.0
14 120.0
15 203.0
16 180.0
17 29.0
18 0.0
19 0.0
20 203.0
21 18.0
22 108.0
23 1.0
24 33.0
25 0.0
26 0.0
27 0.0
28 0.0
29 25.0
30 33.0
31 0.0
32 0.0
33 0.0
34 105.0
35 0.0
36 203.0
37 97.0
38 0.0
39 65.0
40 203.0
41 0.0
42 33.0
43 0.0
44 203.0
45 97.0
46 13.0
47 32.0
48 175.0
49 203.0
50 0.0
51 315.0
52 30.0
53 180.0
54 93.0
55 0.0
56 32.0
57 1.0
58 6.0
59 0.0
60 185.0
61 315.0
62 331.0
63 33.0
64 203.0
65 203.0
66 203.0
67 203.0
68 180.0
69 6.0
70 157.0
71 203.0
72 143.0
73 108.0
74 0.0
75 33.0
76 183.0
77 0.0
78 0.0
79 0.0
80 0.0
81 33.0
82 0.0
83 0.0
84 0.0
85 105.0
86 25.0
87 203.0
88 203.0
89 0.0
90 0.0
91 203.0
92 0.0
93 33.0
94 203.0
95 203.0
96 251.0
97 0.0
98 0.0
99 203.0
100 203.0
101 0.0
102 331.0
103 32.0
104 138.0
105 158.0
106 93.0
107 32.0
108 18.0
109 0.0
110 0.0
111 315.0
112 315.0
113 199.0
114 203.0
115 203.0
116 203.0
117 203.0
118 203.0
119 203.0
120 197.0
121 12.0
122 203.0
123 0.0
124 203.0
125 203.0
126 30.0
127 25.0
128 203.0
129 0.0
130 0.0
131 49.0
132 33.0
133 175.0
134 0.0
135 105.0
136 105.0
137 251.0
138 203.0
139 25.0
140 25.0
141 33.0
142 203.0
143 0.0
144 203.0
145 38.0
146 203.0
147 116.0
148 203.0
149 50.0
150 168.0
151 203.0
152 203.0
153 315.0
154 187.0
155 203.0
156 180.0
157 169.0
158 169.0
159 2.0
160 0.0
161 203.0
162 4.0
163 331.0
164 331.0
165 203.0
166 203.0
167 251.0
168 203.0
169 404.0
170 203.0
171 203.0
172 39.0
173 203.0
174 144.0
175 204.0
176 1.0
177 25.0
178 239.0
179 203.0
180 0.0
181 30.0
182 184.0
183 175.0
184 163.0
185 187.0
186 93.0
187 251.0
188 251.0
189 251.0
190 25.0
191 251.0
192 77.0
193 203.0
194 125.0
195 50.0
196 32.0
197 251.0
198 72.0
199 0.0
200 50.0
201 203.0
202 203.0
203 203.0
204 404.0
205 120.0
206 122.0
207 127.0
208 191.0
209 38.0
210 1.0
211 0.0
212 204.0
213 0.0
214 331.0
215 331.0
216 32.0
217 204.0
218 203.0
219 325.0
220 251.0
221 331.0
222 251.0
223 20.0
224 203.0
225 203.0
226 144.0
227 0.0
228 202.0
229 203.0
230 19.0
231 30.0
232 0.0
233 49.0
234 117.0
235 0.0
236 60.0
237 251.0
238 251.0
239 251.0
240 251.0
241 126.0
242 51.0
243 39.0
244 203.0
245 162.0
246 0.0
247 0.0
248 224.0
249 203.0
250 203.0
251 50.0
252 204.0
253 203.0
254 204.0
255 404.0
256 39.0
257 203.0
258 101.0
259 169.0
260 191.0
261 169.0
262 175.0
263 0.0
264 315.0
265 316.0
266 315.0
267 32.0
268 117.0
269 203.0
270 169.0
271 304.0
272 251.0
273 203.0
274 32.0
275 203.0
276 203.0
277 203.0
278 0.0
279 50.0
280 203.0
281 19.0
282 0.0
283 156.0
284 169.0
285 175.0
286 72.0
287 203.0
288 251.0
289 251.0
290 251.0
291 251.0
292 86.0
293 25.0
294 25.0
295 203.0
296 6.0
297 0.0
298 32.0
299 251.0
300 116.0
301 203.0
302 33.0
303 203.0
304 203.0
305 0.0
306 404.0
307 71.0
308 138.0
309 93.0
310 180.0
311 39.0
312 158.0
313 0.0
314 0.0
315 0.0
316 331.0
317 315.0
318 331.0
319 203.0
320 72.0
321 169.0
322 203.0
323 203.0
324 251.0
325 204.0
326 203.0
327 204.0
328 203.0
329 203.0
330 30.0
331 30.0
332 203.0
333 174.0
334 19.0
335 191.0
336 175.0
337 202.0
338 0.0
339 251.0
340 203.0
341 203.0
342 203.0
343 126.0
344 30.0
345 29.0
346 203.0
347 203.0
348 77.0
349 32.0
350 251.0
351 224.0
352 203.0
353 0.0
354 203.0
355 203.0
356 87.0
357 404.0
358 186.0
359 122.0
360 189.0
361 180.0
362 169.0
363 158.0
364 0.0
365 204.0
366 2.0
367 322.0
368 204.0
369 203.0
370 315.0
371 203.0
372 299.0
373 23.0
374 203.0
375 203.0
376 230.0
377 203.0
378 204.0
379 153.0
380 191.0
381 0.0
382 30.0
383 19.0
384 29.0
385 1.0
386 67.0
387 160.0
388 251.0
389 251.0
390 164.0
391 251.0
392 251.0
393 251.0
394 25.0
395 0.0
396 30.0
397 203.0
398 187.0
399 50.0
400 0.0
401 224.0
402 203.0
403 94.0
404 49.0
405 203.0
406 203.0
407 202.0
408 404.0
409 203.0
410 122.0
411 27.0
412 191.0
413 33.0
414 33.0
415 0.0
416 211.0
417 0.0
418 331.0
419 331.0
420 411.0
421 121.0
422 203.0
423 23.0
424 180.0
425 251.0
426 251.0
427 251.0
428 203.0
429 203.0
430 203.0
431 203.0
432 73.0
433 30.0
434 19.0
435 30.0
436 1.0
437 191.0
438 175.0
439 251.0
440 203.0
441 251.0
442 251.0
443 251.0
444 251.0
445 184.0
446 45.0
447 2.0
448 203.0
449 160.0
450 77.0
451 32.0
452 224.0
453 116.0
454 33.0
455 38.0
456 175.0
457 203.0
458 203.0
459 411.0
460 203.0
461 138.0
462 127.0
463 169.0
464 33.0
465 98.0
466 0.0
467 0.0
468 0.0
469 331.0
470 331.0
471 203.0
472 203.0
473 203.0
474 325.0
475 203.0
476 251.0
477 203.0
478 161.0
479 216.0
480 204.0
481 204.0
482 79.0
483 30.0
484 203.0
485 40.0
486 13.0
487 6.0
488 203.0
489 164.0
490 49.0
491 80.0
492 203.0
493 251.0
494 251.0
495 203.0
496 203.0
497 51.0
498 33.0
499 203.0
500 169.0
501 0.0
502 38.0
503 224.0
504 171.0
505 203.0
506 50.0
507 170.0
508 203.0
509 0.0
510 411.0
511 32.0
512 203.0
513 38.0
514 180.0
515 0.0
516 158.0
517 0.0
518 0.0
519 162.0
520 331.0
521 411.0
522 204.0
523 252.0
524 203.0
525 203.0
526 203.0
527 203.0
528 202.0
529 161.0
530 169.0
531 216.0
532 203.0
533 203.0
534 203.0
535 203.0
536 0.0
537 0.0
538 0.0
539 169.0
540 17.0
541 203.0
542 17.0
543 98.0
544 251.0
545 251.0
546 203.0
547 198.0
548 14.0
549 33.0
550 203.0
551 6.0
552 56.0
553 0.0
554 251.0
555 203.0
556 203.0
557 49.0
558 61.0
559 203.0
560 203.0
561 411.0
562 203.0
563 122.0
564 127.0
565 191.0
566 30.0
567 197.0
568 0.0
569 251.0
570 0.0
571 252.0
572 203.0
573 331.0
574 38.0
575 203.0
576 404.0
577 203.0
578 172.0
579 161.0
580 235.0
581 0.0
582 203.0
583 220.0
584 203.0
585 5.0
586 30.0
587 32.0
588 1.0
589 0.0
590 143.0
591 203.0
592 49.0
593 203.0
594 251.0
595 251.0
596 251.0
597 251.0
598 31.0
599 75.0
600 25.0
601 203.0
602 91.0
603 56.0
604 32.0
605 224.0
606 224.0
607 251.0
608 0.0
609 204.0
610 204.0
611 203.0
612 411.0
613 78.0
614 203.0
615 127.0
616 169.0
617 30.0
618 203.0
619 157.0
620 203.0
621 191.0
622 98.0
623 331.0
624 411.0
625 315.0
626 203.0
627 324.0
628 203.0
629 203.0
630 203.0
631 251.0
632 230.0
633 222.0
634 216.0
635 315.0
636 33.0
637 30.0
638 40.0
639 0.0
640 25.0
641 186.0
642 77.0
643 203.0
644 251.0
645 203.0
646 251.0
647 251.0
648 251.0
649 203.0
650 315.0
651 29.0
652 203.0
653 91.0
654 203.0
655 203.0
656 251.0
657 203.0
658 0.0
659 38.0
660 163.0
661 203.0
662 202.0
663 411.0
664 203.0
665 203.0
666 122.0
667 169.0
668 0.0
669 0.0
670 127.0
671 203.0
672 0.0
673 331.0
674 252.0
675 331.0
676 203.0
677 203.0
678 404.0
679 203.0
680 72.0
681 251.0
682 203.0
683 203.0
684 238.0
685 203.0
686 215.0
687 169.0
688 17.0
689 203.0
690 0.0
691 0.0
692 143.0
693 251.0
694 315.0
695 128.0
696 203.0
697 251.0
698 251.0
699 25.0
700 202.0
701 53.0
702 38.0
703 203.0
704 202.0
705 203.0
706 30.0
707 251.0
708 203.0
709 203.0
710 49.0
711 168.0
712 203.0
713 203.0
714 411.0
715 203.0
716 203.0
717 122.0
718 169.0
719 0.0
720 98.0
721 165.0
722 203.0
723 236.0
724 252.0
725 411.0
726 411.0
727 252.0
728 252.0
729 251.0
730 203.0
731 203.0
732 189.0
733 203.0
734 251.0
735 133.0
736 201.0
737 315.0
738 315.0
739 203.0
740 0.0
741 0.0
742 32.0
743 203.0
744 203.0
745 315.0
746 80.0
747 203.0
748 251.0
749 251.0
750 203.0
751 158.0
752 49.0
753 142.0
754 203.0
755 203.0
756 203.0
757 203.0
758 224.0
759 203.0
760 203.0
761 43.0
762 43.0
763 202.0
764 30.0
765 411.0
766 203.0
767 122.0
768 122.0
769 191.0
770 30.0
771 0.0
772 191.0
773 203.0
774 0.0
775 316.0
776 315.0
777 251.0
778 32.0
779 203.0
780 411.0
781 203.0
782 203.0
783 197.0
784 235.0
785 205.0
786 203.0
787 239.0
788 203.0
789 315.0
790 315.0
791 30.0
792 0.0
793 90.0
794 203.0
795 68.0
796 203.0
797 251.0
798 251.0
799 251.0
800 251.0
801 203.0
802 19.0
803 45.0
804 30.0
805 203.0
806 139.0
807 56.0
808 38.0
809 224.0
810 203.0
811 0.0
812 43.0
813 203.0
814 203.0
815 0.0
816 411.0
817 83.0
818 203.0
819 160.0
820 169.0
821 197.0
822 0.0
823 203.0
824 204.0
825 0.0
826 33.0
827 411.0
828 411.0
829 252.0
830 252.0
831 411.0
832 180.0
833 203.0
834 33.0
835 185.0
836 205.0
837 187.0
838 203.0
839 315.0
840 315.0
841 316.0
842 203.0
843 0.0
844 0.0
845 56.0
846 33.0
847 315.0
848 251.0
849 203.0
850 251.0
851 251.0
852 251.0
853 75.0
854 64.0
855 38.0
856 203.0
857 203.0
858 203.0
859 203.0
860 251.0
861 251.0
862 0.0
863 29.0
864 81.0
865 128.0
866 203.0
867 411.0
868 203.0
869 203.0
870 138.0
871 202.0
872 0.0
873 93.0
874 0.0
875 204.0
876 0.0
877 251.0
878 411.0
879 331.0
880 203.0
881 252.0
882 251.0
883 203.0
884 203.0
885 203.0
886 161.0
887 210.0
888 175.0
889 209.0
890 331.0
891 316.0
892 316.0
893 58.0
894 0.0
895 0.0
896 158.0
897 32.0
898 203.0
899 0.0
900 164.0
901 251.0
902 251.0
903 251.0
904 203.0
905 203.0
906 49.0
907 203.0
908 203.0
909 203.0
910 203.0
911 251.0
912 203.0
913 0.0
914 33.0
915 203.0
916 203.0
917 203.0
918 411.0
919 203.0
920 122.0
921 122.0
922 191.0
923 30.0
924 93.0
925 217.0
926 203.0
927 0.0
928 177.0
929 411.0
930 331.0
931 183.0
932 203.0
933 404.0
934 203.0
935 203.0
936 176.0
937 235.0
938 210.0
939 201.0
940 202.0
941 251.0
942 174.0
943 251.0
944 204.0
945 0.0
946 0.0
947 203.0
948 33.0
949 203.0
950 0.0
951 251.0
952 251.0
953 251.0
954 203.0
955 45.0
956 38.0
957 163.0
958 203.0
959 203.0
960 180.0
961 251.0
962 224.0
963 251.0
964 203.0
965 50.0
966 43.0
967 203.0
968 30.0
969 411.0
970 6.0
971 122.0
972 127.0
973 191.0
974 30.0
975 217.0
976 211.0
977 203.0
978 0.0
979 331.0
980 411.0
981 315.0
982 203.0
983 203.0
984 411.0
985 203.0
986 251.0
987 213.0
988 185.0
989 210.0
990 176.0
991 152.0
992 331.0
993 154.0
994 316.0
995 203.0
996 203.0
997 51.0
998 203.0
999 33.0
1000 315.0
1001 28.0
1002 203.0
1003 251.0
1004 251.0
1005 203.0
1006 0.0
1007 14.0
1008 50.0
1009 203.0
1010 203.0
1011 33.0
1012 0.0
1013 251.0
1014 251.0
1015 0.0
1016 38.0
1017 175.0
1018 203.0
1019 30.0
1020 411.0
1021 204.0
1022 203.0
1023 127.0
1024 180.0
1025 0.0
1026 225.0
1027 182.0
1028 203.0
1029 0.0
1030 331.0
1031 411.0
1032 331.0
1033 331.0
1034 252.0
1035 251.0
1036 203.0
1037 203.0
1038 251.0
1039 203.0
1040 223.0
1041 222.0
1042 206.0
1043 331.0
1044 72.0
1045 316.0
1046 204.0
1047 315.0
1048 6.0
1049 0.0
1050 244.0
1051 315.0
1052 251.0
1053 98.0
1054 251.0
1055 251.0
1056 251.0
1057 49.0
1058 92.0
1059 55.0
1060 203.0
1061 169.0
1062 38.0
1063 251.0
1064 251.0
1065 224.0
1066 0.0
1067 33.0
1068 168.0
1069 203.0
1070 191.0
1071 411.0
1072 203.0
1073 6.0
1074 180.0
1075 191.0
1076 0.0
1077 225.0
1078 206.0
1079 204.0
1080 0.0
1081 0.0
1082 331.0
1083 331.0
1084 203.0
1085 203.0
1086 411.0
1087 203.0
1088 251.0
1089 251.0
1090 203.0
1091 241.0
1092 204.0
1093 165.0
1094 331.0
1095 203.0
1096 251.0
1097 316.0
1098 315.0
1099 42.0
1100 0.0
1101 203.0
1102 251.0
1103 0.0
1104 203.0
1105 251.0
1106 251.0
1107 203.0
1108 38.0
1109 92.0
1110 49.0
1111 203.0
1112 203.0
1113 203.0
1114 251.0
1115 224.0
1116 224.0
1117 203.0
1118 33.0
1119 61.0
1120 203.0
1121 315.0
1122 411.0
1123 315.0
1124 251.0
1125 183.0
1126 202.0
1127 0.0
1128 225.0
1129 218.0
1130 204.0
1131 0.0
1132 0.0
1133 331.0
1134 411.0
1135 315.0
1136 203.0
1137 411.0
1138 203.0
1139 251.0
1140 251.0
1141 185.0
1142 221.0
1143 221.0
1144 163.0
1145 331.0
1146 204.0
1147 251.0
1148 58.0
1149 32.0
1150 315.0
1151 203.0
1152 68.0
1153 248.0
1154 251.0
1155 203.0
1156 251.0
1157 251.0
1158 251.0
1159 63.0
1160 0.0
1161 163.0
1162 203.0
1163 203.0
1164 204.0
1165 0.0
1166 224.0
1167 224.0
1168 94.0
1169 0.0
1170 106.0
1171 196.0
1172 331.0
1173 411.0
1174 202.0
1175 153.0
1176 125.0
1177 191.0
1178 0.0
1179 203.0
1180 176.0
1181 204.0
1182 0.0
1183 315.0
1184 411.0
1185 331.0
1186 251.0
1187 203.0
1188 251.0
1189 203.0
1190 315.0
1191 203.0
1192 185.0
1193 223.0
1194 205.0
1195 47.0
1196 315.0
1197 203.0
1198 316.0
1199 316.0
1200 249.0
1201 315.0
1202 203.0
1203 203.0
1204 315.0
1205 6.0
1206 251.0
1207 251.0
1208 251.0
1209 251.0
1210 79.0
1211 45.0
1212 49.0
1213 203.0
1214 203.0
1215 71.0
1216 251.0
1217 251.0
1218 251.0
1219 0.0
1220 18.0
1221 106.0
1222 202.0
1223 315.0
1224 411.0
1225 315.0
1226 191.0
1227 66.0
1228 202.0
1229 30.0
1230 225.0
1231 204.0
1232 0.0
1233 0.0
1234 331.0
1235 411.0
1236 411.0
1237 203.0
1238 252.0
1239 404.0
1240 236.0
1241 203.0
1242 75.0
1243 251.0
1244 205.0
1245 210.0
1246 203.0
1247 331.0
1248 67.0
1249 316.0
1250 58.0
1251 315.0
1252 59.0
1253 315.0
1254 218.0
1255 315.0
1256 28.0
1257 203.0
1258 251.0
1259 251.0
1260 203.0
1261 45.0
1262 92.0
1263 185.0
1264 203.0
1265 203.0
1266 0.0
1267 251.0
1268 251.0
1269 251.0
1270 0.0
1271 29.0
1272 81.0
1273 315.0
1274 315.0
1275 411.0
1276 196.0
1277 169.0
1278 50.0
1279 191.0
1280 0.0
1281 225.0
1282 203.0
1283 209.0
1284 0.0
1285 411.0
1286 331.0
1287 331.0
1288 411.0
1289 203.0
1290 411.0
1291 203.0
1292 251.0
1293 203.0
1294 185.0
1295 220.0
1296 251.0
1297 203.0
1298 315.0
1299 204.0
1300 316.0
1301 58.0
1302 76.0
1303 315.0
1304 315.0
1305 33.0
1306 249.0
1307 0.0
1308 251.0
1309 251.0
1310 251.0
1311 251.0
1312 38.0
1313 45.0
1314 315.0
1315 203.0
1316 30.0
1317 203.0
1318 251.0
1319 251.0
1320 224.0
1321 203.0
1322 33.0
1323 202.0
1324 202.0
1325 315.0
1326 411.0
1327 315.0
1328 52.0
1329 70.0
1330 191.0
1331 0.0
1332 220.0
1333 223.0
1334 220.0
1335 251.0
1336 331.0
1337 331.0
1338 331.0
1339 315.0
1340 252.0
1341 251.0
1342 203.0
1343 203.0
1344 176.0
1345 185.0
1346 223.0
1347 205.0
1348 365.0
1349 331.0
1350 204.0
1351 251.0
1352 316.0
1353 204.0
1354 315.0
1355 315.0
1356 203.0
1357 248.0
1358 28.0
1359 93.0
1360 251.0
1361 251.0
1362 251.0
1363 0.0
1364 126.0
1365 49.0
1366 203.0
1367 203.0
1368 203.0
1369 0.0
1370 224.0
1371 251.0
1372 94.0
1373 82.0
1374 202.0
1375 30.0
1376 315.0
1377 411.0
1378 315.0
1379 163.0
1380 104.0
1381 202.0
1382 0.0
1383 225.0
1384 216.0
1385 0.0
1386 252.0
1387 411.0
1388 411.0
1389 411.0
1390 411.0
1391 252.0
1392 411.0
1393 180.0
1394 315.0
1395 251.0
1396 251.0
1397 203.0
1398 203.0
1399 203.0
1400 30.0
1401 209.0
1402 316.0
1403 316.0
1404 315.0
1405 315.0
1406 315.0
1407 218.0
1408 246.0
1409 6.0
1410 87.0
1411 251.0
1412 251.0
1413 251.0
1414 38.0
1415 53.0
1416 55.0
1417 2.0
1418 251.0
1419 71.0
1420 251.0
1421 251.0
1422 251.0
1423 0.0
1424 61.0
1425 32.0
1426 88.0
1427 331.0
1428 411.0
1429 315.0
1430 251.0
1431 315.0
1432 191.0
1433 0.0
1434 225.0
1435 204.0
1436 0.0
1437 332.0
1438 316.0
1439 331.0
1440 518.0
1441 331.0
1442 252.0
1443 411.0
1444 180.0
1445 251.0
1446 331.0
1447 251.0
1448 210.0
1449 203.0
1450 203.0
1451 53.0
1452 316.0
1453 316.0
1454 58.0
1455 315.0
1456 47.0
1457 315.0
1458 203.0
1459 315.0
1460 0.0
1461 251.0
1462 251.0
1463 251.0
1464 203.0
1465 38.0
1466 64.0
1467 66.0
1468 38.0
1469 204.0
1470 203.0
1471 203.0
1472 224.0
1473 224.0
1474 203.0
1475 61.0
1476 202.0
1477 202.0
1478 315.0
1479 518.0
1480 331.0
1481 98.0
1482 222.0
1483 331.0
1484 203.0
1485 210.0
1486 251.0
1487 0.0
1488 252.0
1489 316.0
1490 411.0
1491 331.0
1492 251.0
1493 252.0
1494 411.0
1495 203.0
1496 203.0
1497 315.0
1498 203.0
1499 203.0
1500 203.0
1501 203.0
1502 251.0
1503 204.0
1504 251.0
1505 204.0
1506 76.0
1507 73.0
1508 315.0
1509 48.0
1510 246.0
1511 251.0
1512 251.0
1513 251.0
1514 251.0
1515 251.0
1516 57.0
1517 32.0
1518 55.0
1519 0.0
1520 251.0
1521 251.0
1522 0.0
1523 251.0
1524 224.0
1525 94.0
1526 33.0
1527 138.0
1528 202.0
1529 315.0
1530 518.0
1531 295.0
1532 38.0
1533 104.0
1534 126.0
1535 71.0
1536 191.0
1537 223.0
1538 0.0
1539 203.0
1540 315.0
1541 203.0
1542 331.0
1543 331.0
1544 252.0
1545 411.0
1546 23.0
1547 251.0
1548 213.0
1549 33.0
1550 203.0
1551 205.0
1552 222.0
1553 137.0
1554 210.0
1555 251.0
1556 204.0
1557 315.0
1558 315.0
1559 315.0
1560 251.0
1561 251.0
1562 203.0
1563 251.0
1564 251.0
1565 251.0
1566 251.0
1567 0.0
1568 92.0
1569 38.0
1570 32.0
1571 251.0
1572 31.0
1573 204.0
1574 251.0
1575 251.0
1576 188.0
1577 38.0
1578 196.0
1579 315.0
1580 331.0
1581 518.0
1582 295.0
1583 169.0
1584 222.0
1585 196.0
1586 251.0
1587 225.0
1588 223.0
1589 0.0
1590 331.0
1591 411.0
1592 315.0
1593 411.0
1594 411.0
1595 252.0
1596 411.0
1597 169.0
1598 203.0
1599 331.0
1600 223.0
1601 210.0
1602 66.0
1603 203.0
1604 105.0
1605 204.0
1606 316.0
1607 58.0
1608 247.0
1609 315.0
1610 315.0
1611 247.0
1612 203.0
1613 0.0
1614 111.0
1615 251.0
1616 251.0
1617 251.0
1618 38.0
1619 36.0
1620 63.0
1621 203.0
1622 251.0
1623 251.0
1624 203.0
1625 224.0
1626 251.0
1627 0.0
1628 61.0
1629 191.0
1630 202.0
1631 315.0
1632 518.0
1633 315.0
1634 169.0
1635 222.0
1636 191.0
1637 11.0
1638 203.0
1639 223.0
1640 19.0
1641 316.0
1642 316.0
1643 203.0
1644 411.0
1645 315.0
1646 203.0
1647 411.0
1648 169.0
1649 203.0
1650 331.0
1651 203.0
1652 205.0
1653 203.0
1654 203.0
1655 127.0
1656 204.0
1657 316.0
1658 58.0
1659 32.0
1660 73.0
1661 315.0
1662 68.0
1663 249.0
1664 203.0
1665 203.0
1666 251.0
1667 251.0
1668 203.0
1669 53.0
1670 0.0
1671 49.0
1672 38.0
1673 204.0
1674 203.0
1675 203.0
1676 251.0
1677 224.0
1678 0.0
1679 33.0
1680 38.0
1681 196.0
1682 315.0
1683 518.0
1684 315.0
1685 38.0
1686 104.0
1687 196.0
1688 48.0
1689 235.0
1690 223.0
1691 0.0
1692 315.0
1693 315.0
1694 411.0
1695 315.0
1696 203.0
1697 252.0
1698 411.0
1699 324.0
1700 203.0
1701 213.0
1702 185.0
1703 223.0
1704 203.0
1705 251.0
1706 203.0
1707 203.0
1708 316.0
1709 316.0
1710 315.0
1711 315.0
1712 315.0
1713 68.0
1714 203.0
1715 251.0
1716 203.0
1717 251.0
1718 251.0
1719 251.0
1720 53.0
1721 158.0
1722 49.0
1723 38.0
1724 204.0
1725 93.0
1726 29.0
1727 251.0
1728 251.0
1729 94.0
1730 33.0
1731 169.0
1732 202.0
1733 315.0
1734 518.0
1735 191.0
1736 98.0
1737 120.0
1738 174.0
1739 117.0
1740 191.0
1741 203.0
1742 0.0
1743 230.0
1744 315.0
1745 315.0
1746 411.0
1747 331.0
1748 252.0
1749 411.0
1750 411.0
1751 203.0
1752 213.0
1753 251.0
1754 210.0
1755 203.0
1756 147.0
1757 42.0
1758 204.0
1759 315.0
1760 316.0
1761 315.0
1762 315.0
1763 315.0
1764 32.0
1765 203.0
1766 6.0
1767 251.0
1768 251.0
1769 251.0
1770 251.0
1771 38.0
1772 53.0
1773 49.0
1774 0.0
1775 204.0
1776 52.0
1777 203.0
1778 251.0
1779 251.0
1780 94.0
1781 61.0
1782 100.0
1783 315.0
1784 331.0
1785 518.0
1786 331.0
1787 169.0
1788 222.0
1789 181.0
1790 204.0
1791 224.0
1792 204.0
1793 0.0
1794 251.0
1795 411.0
1796 411.0
1797 411.0
1798 331.0
1799 252.0
1800 411.0
1801 251.0
1802 180.0
1803 315.0
1804 203.0
1805 210.0
1806 203.0
1807 47.0
1808 203.0
1809 204.0
1810 251.0
1811 58.0
1812 251.0
1813 204.0
1814 315.0
1815 25.0
1816 251.0
1817 242.0
1818 251.0
1819 251.0
1820 251.0
1821 203.0
1822 47.0
1823 158.0
1824 49.0
1825 203.0
1826 251.0
1827 251.0
1828 203.0
1829 224.0
1830 224.0
1831 203.0
1832 61.0
1833 87.0
1834 203.0
1835 315.0
1836 518.0
1837 331.0
1838 72.0
1839 169.0
1840 175.0
1841 0.0
1842 223.0
1843 215.0
1844 0.0
1845 252.0
1846 411.0
1847 331.0
1848 411.0
1849 316.0
1850 197.0
1851 411.0
1852 299.0
1853 203.0
1854 331.0
1855 33.0
1856 203.0
1857 203.0
1858 203.0
1859 55.0
1860 204.0
1861 251.0
1862 316.0
1863 315.0
1864 315.0
1865 315.0
1866 32.0
1867 203.0
1868 315.0
1869 251.0
1870 251.0
1871 251.0
1872 251.0
1873 49.0
1874 64.0
1875 38.0
1876 38.0
1877 251.0
1878 203.0
1879 204.0
1880 251.0
1881 224.0
1882 0.0
1883 33.0
1884 32.0
1885 202.0
1886 315.0
1887 518.0
1888 191.0
1889 98.0
1890 222.0
1891 195.0
1892 33.0
1893 203.0
1894 223.0
1895 0.0
1896 252.0
1897 315.0
1898 331.0
1899 331.0
1900 203.0
1901 252.0
1902 411.0
1903 325.0
1904 251.0
1905 213.0
1906 251.0
1907 221.0
1908 205.0
1909 203.0
1910 163.0
1911 204.0
1912 315.0
1913 316.0
1914 315.0
1915 315.0
1916 315.0
1917 32.0
1918 203.0
1919 148.0
1920 203.0
1921 251.0
1922 251.0
1923 251.0
1924 53.0
1925 0.0
1926 38.0
1927 0.0
1928 204.0
1929 203.0
1930 0.0
1931 251.0
1932 251.0
1933 94.0
1934 203.0
1935 203.0
1936 315.0
1937 331.0
1938 518.0
1939 331.0
1940 169.0
1941 125.0
1942 181.0
1943 204.0
1944 223.0
1945 223.0
1946 0.0
1947 0.0
1948 316.0
1949 203.0
1950 331.0
1951 331.0
1952 252.0
1953 411.0
1954 251.0
1955 251.0
1956 331.0
1957 203.0
1958 221.0
1959 203.0
1960 147.0
1961 203.0
1962 204.0
1963 316.0
1964 316.0
1965 0.0
1966 47.0
1967 315.0
1968 0.0
1969 315.0
1970 315.0
1971 315.0
1972 251.0
1973 251.0
1974 203.0
1975 51.0
1976 53.0
1977 63.0
1978 0.0
1979 251.0
1980 0.0
1981 203.0
1982 251.0
1983 251.0
1984 94.0
1985 38.0
1986 203.0
1987 31.0
1988 315.0
1989 518.0
1990 315.0
1991 98.0
1992 121.0
1993 196.0
1994 0.0
1995 237.0
1996 204.0
1997 0.0
1998 251.0
1999 316.0
2000 331.0
2001 411.0
2002 331.0
2003 252.0
2004 411.0
2005 203.0
2006 315.0
2007 331.0
2008 331.0
2009 0.0
2010 205.0
2011 165.0
2012 133.0
2013 204.0
2014 316.0
2015 58.0
2016 0.0
2017 315.0
2018 315.0
2019 33.0
2020 315.0
2021 203.0
2022 64.0
2023 251.0
2024 251.0
2025 203.0
2026 29.0
2027 315.0
2028 203.0
2029 0.0
2030 251.0
2031 0.0
2032 203.0
2033 251.0
2034 224.0
2035 0.0
2036 61.0
2037 32.0
2038 88.0
2039 315.0
2040 518.0
2041 315.0
2042 98.0
2043 222.0
2044 195.0
2045 0.0
2046 223.0
2047 215.0
2048 36.0
2049 251.0
2050 316.0
2051 315.0
2052 411.0
2053 411.0
2054 252.0
2055 411.0
2056 304.0
2057 203.0
2058 213.0
2059 251.0
2060 210.0
2061 204.0
2062 201.0
2063 147.0
2064 204.0
2065 203.0
2066 316.0
2067 58.0
2068 315.0
2069 315.0
2070 32.0
2071 203.0
2072 252.0
2073 251.0
2074 315.0
2075 251.0
2076 251.0
2077 29.0
2078 51.0
2079 38.0
2080 45.0
2081 251.0
2082 203.0
2083 37.0
2084 251.0
2085 224.0
2086 25.0
2087 33.0
2088 203.0
2089 202.0
2090 331.0
2091 518.0
2092 191.0
2093 138.0
2094 222.0
2095 196.0
2096 96.0
2097 240.0
2098 203.0
2099 1.0
2100 252.0
2101 316.0
2102 204.0
2103 251.0
2104 315.0
2105 252.0
2106 411.0
2107 411.0
2108 315.0
2109 331.0
2110 251.0
2111 203.0
2112 204.0
2113 251.0
2114 331.0
2115 204.0
2116 316.0
2117 316.0
2118 315.0
2119 315.0
2120 315.0
2121 32.0
2122 315.0
2123 315.0
2124 30.0
2125 203.0
2126 310.0
2127 251.0
2128 53.0
2129 36.0
2130 315.0
2131 95.0
2132 251.0
2133 251.0
2134 0.0
2135 251.0
2136 251.0
2137 94.0
2138 32.0
2139 86.0
2140 202.0
2141 331.0
2142 518.0
2143 315.0
2144 169.0
2145 104.0
2146 196.0
2147 79.0
2148 217.0
2149 204.0
2150 0.0
2151 252.0
2152 411.0
2153 315.0
2154 251.0
2155 331.0
2156 252.0
2157 411.0
2158 251.0
2159 251.0
2160 331.0
2161 251.0
2162 180.0
2163 203.0
2164 165.0
2165 105.0
2166 204.0
2167 316.0
2168 316.0
2169 58.0
2170 315.0
2171 315.0
2172 0.0
2173 315.0
2174 328.0
2175 143.0
2176 315.0
2177 56.0
2178 203.0
2179 38.0
2180 45.0
2181 315.0
2182 136.0
2183 204.0
2184 16.0
2185 38.0
2186 224.0
2187 251.0
2188 0.0
2189 61.0
2190 32.0
2191 202.0
2192 315.0
2193 518.0
2194 315.0
2195 169.0
2196 70.0
2197 173.0
2198 0.0
2199 223.0
2200 203.0
2201 0.0
2202 251.0
2203 315.0
2204 203.0
2205 411.0
2206 411.0
2207 252.0
2208 411.0
2209 299.0
2210 251.0
2211 331.0
2212 251.0
2213 201.0
2214 203.0
2215 203.0
2216 203.0
2217 204.0
2218 316.0
2219 316.0
2220 315.0
2221 315.0
2222 315.0
2223 251.0
2224 246.0
2225 203.0
2226 203.0
2227 251.0
2228 203.0
2229 203.0
2230 29.0
2231 45.0
2232 38.0
2233 45.0
2234 251.0
2235 203.0
2236 0.0
2237 251.0
2238 224.0
2239 203.0
2240 203.0
2241 32.0
2242 203.0
2243 331.0
2244 518.0
2245 196.0
2246 98.0
2247 187.0
2248 174.0
2249 97.0
2250 196.0
2251 223.0
2252 0.0
2253 251.0
2254 315.0
2255 331.0
2256 411.0
2257 203.0
2258 252.0
2259 411.0
2260 251.0
2261 203.0
2262 331.0
2263 203.0
2264 230.0
2265 251.0
2266 203.0
2267 53.0
2268 204.0
2269 59.0
2270 316.0
2271 315.0
2272 315.0
2273 315.0
2274 32.0
2275 315.0
2276 203.0
2277 251.0
2278 50.0
2279 315.0
2280 28.0
2281 0.0
2282 125.0
2283 38.0
2284 95.0
2285 251.0
2286 251.0
2287 0.0
2288 251.0
2289 251.0
2290 203.0
2291 33.0
2292 203.0
2293 202.0
2294 331.0
2295 518.0
2296 315.0
2297 203.0
2298 104.0
2299 331.0
2300 71.0
2301 223.0
2302 216.0
2303 315.0
2304 252.0
2305 331.0
2306 331.0
2307 315.0
2308 204.0
2309 252.0
2310 251.0
2311 251.0
2312 203.0
2313 331.0
2314 251.0
2315 1.0
2316 203.0
2317 251.0
2318 251.0
2319 204.0
2320 251.0
2321 316.0
2322 315.0
2323 315.0
2324 315.0
2325 31.0
2326 251.0
2327 203.0
2328 30.0
2329 203.0
2330 251.0
2331 119.0
2332 27.0
2333 315.0
2334 315.0
2335 203.0
2336 251.0
2337 0.0
2338 32.0
2339 251.0
2340 251.0
2341 251.0
2342 33.0
2343 196.0
2344 202.0
2345 331.0
2346 518.0
2347 315.0
2348 169.0
2349 195.0
2350 196.0
2351 0.0
2352 203.0
2353 0.0
2354 0.0
2355 252.0
2356 411.0
2357 315.0
2358 331.0
2359 251.0
2360 252.0
2361 411.0
2362 404.0
2363 251.0
2364 331.0
2365 251.0
2366 0.0
2367 54.0
2368 203.0
2369 203.0
2370 204.0
2371 316.0
2372 316.0
2373 315.0
2374 315.0
2375 315.0
2376 68.0
2377 246.0
2378 203.0
2379 251.0
2380 203.0
2381 203.0
2382 203.0
2383 29.0
2384 51.0
2385 315.0
2386 0.0
2387 251.0
2388 251.0
2389 203.0
2390 251.0
2391 224.0
2392 203.0
2393 61.0
2394 190.0
2395 315.0
2396 315.0
2397 518.0
2398 315.0
2399 38.0
2400 222.0
2401 331.0
2402 144.0
2403 191.0
2404 223.0
2405 0.0
2406 251.0
2407 315.0
2408 315.0
2409 331.0
2410 331.0
2411 252.0
2412 411.0
2413 411.0
2414 251.0
2415 331.0
2416 203.0
2417 203.0
2418 251.0
2419 203.0
2420 53.0
2421 204.0
2422 203.0
2423 58.0
2424 251.0
2425 315.0
2426 315.0
2427 60.0
2428 246.0
2429 203.0
2430 203.0
2431 203.0
2432 315.0
2433 251.0
2434 315.0
2435 49.0
2436 55.0
2437 1.0
2438 251.0
2439 203.0
2440 0.0
2441 251.0
2442 224.0
2443 203.0
2444 203.0
2445 203.0
2446 202.0
2447 331.0
2448 518.0
2449 315.0
2450 98.0
2451 222.0
2452 196.0
2453 59.0
2454 223.0
2455 0.0
2456 331.0
2457 251.0
2458 315.0
2459 203.0
2460 331.0
2461 203.0
2462 252.0
2463 411.0
2464 251.0
2465 203.0
2466 331.0
2467 251.0
2468 168.0
2469 200.0
2470 222.0
2471 190.0
2472 204.0
2473 203.0
2474 316.0
2475 315.0
2476 315.0
2477 315.0
2478 68.0
2479 246.0
2480 203.0
2481 251.0
2482 25.0
2483 251.0
2484 203.0
2485 49.0
2486 125.0
2487 315.0
2488 38.0
2489 251.0
2490 204.0
2491 32.0
2492 251.0
2493 251.0
2494 251.0
2495 33.0
2496 191.0
2497 202.0
2498 331.0
2499 518.0
2500 315.0
2501 251.0
2502 80.0
2503 181.0
2504 1.0
2505 219.0
2506 203.0
2507 203.0
2508 252.0
2509 411.0
2510 203.0
2511 203.0
2512 251.0
2513 252.0
2514 251.0
2515 411.0
2516 203.0
2517 331.0
2518 203.0
2519 206.0
2520 203.0
2521 203.0
2522 203.0
2523 204.0
2524 204.0
2525 316.0
2526 315.0
2527 315.0
2528 315.0
2529 203.0
2530 203.0
2531 246.0
2532 30.0
2533 14.0
2534 203.0
2535 141.0
2536 125.0
2537 64.0
2538 315.0
2539 55.0
2540 251.0
2541 251.0
2542 32.0
2543 251.0
2544 224.0
2545 203.0
2546 61.0
2547 191.0
2548 203.0
2549 331.0
2550 518.0
2551 331.0
2552 169.0
2553 125.0
2554 113.0
2555 0.0
2556 135.0
2557 203.0
2558 203.0
2559 251.0
2560 411.0
2561 411.0
2562 331.0
2563 331.0
2564 252.0
2565 411.0
2566 299.0
2567 251.0
2568 331.0
2569 223.0
2570 200.0
2571 166.0
2572 203.0
2573 165.0
2574 203.0
2575 203.0
2576 58.0
2577 315.0
2578 315.0
2579 315.0
2580 203.0
2581 249.0
2582 203.0
2583 251.0
2584 203.0
2585 315.0
2586 152.0
2587 29.0
2588 315.0
2589 55.0
2590 32.0
2591 251.0
2592 251.0
2593 0.0
2594 251.0
2595 224.0
2596 203.0
2597 203.0
2598 172.0
2599 202.0
2600 315.0
2601 518.0
2602 295.0
2603 163.0
2604 121.0
2605 331.0
2606 115.0
2607 219.0
2608 0.0
2609 180.0
2610 251.0
2611 315.0
2612 315.0
2613 331.0
2614 315.0
2615 252.0
2616 411.0
2617 411.0
2618 331.0
2619 331.0
2620 251.0
2621 203.0
2622 54.0
2623 203.0
2624 47.0
2625 204.0
2626 315.0
2627 316.0
2628 315.0
2629 315.0
2630 315.0
2631 251.0
2632 246.0
2633 246.0
2634 203.0
2635 315.0
2636 251.0
2637 203.0
2638 49.0
2639 53.0
2640 55.0
2641 38.0
2642 251.0
2643 251.0
2644 0.0
2645 251.0
2646 251.0
2647 251.0
2648 33.0
2649 38.0
2650 202.0
2651 331.0
2652 518.0
2653 331.0
2654 169.0
2655 0.0
2656 331.0
2657 67.0
2658 224.0
2659 0.0
2660 315.0
2661 252.0
2662 411.0
2663 203.0
2664 331.0
2665 252.0
2666 252.0
2667 411.0
2668 251.0
2669 203.0
2670 331.0
2671 175.0
2672 203.0
2673 181.0
2674 203.0
2675 203.0
2676 203.0
2677 316.0
2678 316.0
2679 316.0
2680 315.0
2681 315.0
2682 127.0
2683 246.0
2684 203.0
2685 203.0
2686 25.0
2687 251.0
2688 331.0
2689 138.0
2690 32.0
2691 315.0
2692 55.0
2693 251.0
2694 251.0
2695 32.0
2696 251.0
2697 251.0
2698 247.0
2699 32.0
2700 191.0
2701 202.0
2702 331.0
2703 518.0
2704 331.0
2705 169.0
2706 121.0
2707 113.0
2708 9.0
2709 226.0
2710 2.0
2711 203.0
2712 252.0
2713 411.0
2714 331.0
2715 204.0
2716 411.0
2717 252.0
2718 411.0
2719 411.0
2720 251.0
2721 331.0
2722 203.0
2723 207.0
2724 251.0
2725 203.0
2726 168.0
2727 204.0
2728 316.0
2729 316.0
2730 316.0
2731 315.0
2732 315.0
2733 28.0
2734 246.0
2735 203.0
2736 18.0
2737 25.0
2738 132.0
2739 203.0
2740 49.0
2741 315.0
2742 315.0
2743 0.0
2744 251.0
2745 251.0
2746 32.0
2747 251.0
2748 224.0
2749 251.0
2750 38.0
2751 196.0
2752 202.0
2753 315.0
2754 518.0
2755 331.0
2756 98.0
2757 203.0
2758 251.0
2759 96.0
2760 223.0
2761 0.0
2762 331.0
2763 251.0
2764 411.0
2765 411.0
2766 315.0
2767 411.0
2768 252.0
2769 411.0
2770 404.0
2771 122.0
2772 331.0
2773 251.0
2774 251.0
2775 251.0
2776 158.0
2777 197.0
2778 203.0
2779 203.0
2780 316.0
2781 316.0
2782 136.0
2783 315.0
2784 33.0
2785 315.0
2786 203.0
2787 251.0
2788 203.0
2789 52.0
2790 53.0
2791 38.0
2792 53.0
2793 55.0
2794 38.0
2795 251.0
2796 251.0
2797 0.0
2798 251.0
2799 251.0
2800 251.0
2801 203.0
2802 98.0
2803 202.0
2804 315.0
2805 518.0
2806 331.0
2807 163.0
2808 143.0
2809 195.0
2810 89.0
2811 219.0
2812 315.0
2813 180.0
2814 252.0
2815 411.0
2816 411.0
2817 411.0
2818 204.0
2819 252.0
2820 411.0
2821 251.0
2822 169.0
2823 331.0
2824 203.0
2825 205.0
2826 181.0
2827 248.0
2828 203.0
2829 203.0
2830 316.0
2831 316.0
2832 136.0
2833 315.0
2834 315.0
2835 48.0
2836 203.0
2837 246.0
2838 203.0
2839 203.0
2840 203.0
2841 103.0
2842 138.0
2843 49.0
2844 315.0
2845 49.0
2846 251.0
2847 204.0
2848 45.0
2849 251.0
2850 251.0
2851 203.0
2852 33.0
2853 109.0
2854 202.0
2855 331.0
2856 518.0
2857 331.0
2858 169.0
2859 121.0
2860 251.0
2861 0.0
2862 4.0
2863 176.0
2864 315.0
2865 252.0
2866 411.0
2867 251.0
2868 411.0
2869 315.0
2870 252.0
2871 411.0
2872 251.0
2873 169.0
2874 331.0
2875 95.0
2876 331.0
2877 67.0
2878 315.0
2879 203.0
2880 204.0
2881 316.0
2882 316.0
2883 315.0
2884 316.0
2885 315.0
2886 60.0
2887 0.0
2888 246.0
2889 19.0
2890 25.0
2891 139.0
2892 158.0
2893 158.0
2894 32.0
2895 315.0
2896 0.0
2897 251.0
2898 251.0
2899 203.0
2900 251.0
2901 224.0
2902 203.0
2903 61.0
2904 93.0
2905 202.0
2906 331.0
2907 518.0
2908 331.0
2909 169.0
2910 125.0
2911 331.0
2912 97.0
2913 203.0
2914 6.0
2915 203.0
2916 252.0
2917 411.0
2918 331.0
2919 331.0
2920 411.0
2921 252.0
2922 411.0
2923 404.0
2924 331.0
2925 331.0
2926 170.0
2927 201.0
2928 204.0
2929 202.0
2930 203.0
2931 331.0
2932 315.0
2933 316.0
2934 58.0
2935 316.0
2936 204.0
2937 251.0
2938 203.0
2939 203.0
2940 203.0
2941 203.0
2942 25.0
2943 45.0
2944 38.0
2945 51.0
2946 315.0
2947 315.0
2948 251.0
2949 251.0
2950 251.0
2951 251.0
2952 251.0
2953 203.0
2954 33.0
2955 202.0
2956 202.0
2957 331.0
2958 518.0
2959 331.0
2960 98.0
2961 121.0
2962 181.0
2963 30.0
2964 0.0
2965 33.0
2966 331.0
2967 251.0
2968 411.0
2969 411.0
2970 331.0
2971 204.0
2972 203.0
2973 411.0
2974 404.0
2975 331.0
2976 331.0
2977 173.0
2978 203.0
2979 203.0
2980 203.0
2981 203.0
2982 204.0
2983 331.0
2984 316.0
2985 251.0
2986 316.0
2987 315.0
2988 33.0
2989 203.0
2990 246.0
2991 203.0
2992 203.0
2993 25.0
2994 38.0
2995 84.0
2996 53.0
2997 55.0
2998 38.0
2999 203.0
3000 203.0
3001 0.0
3002 251.0
3003 251.0
3004 251.0
3005 61.0
3006 191.0
3007 202.0
3008 331.0
3009 518.0
3010 331.0
3011 169.0
3012 119.0
3013 181.0
3014 29.0
3015 226.0
3016 138.0
3017 331.0
3018 315.0
3019 411.0
3020 251.0
3021 411.0
3022 411.0
3023 252.0
3024 411.0
3025 411.0
3026 331.0
3027 331.0
3028 33.0
3029 205.0
3030 189.0
3031 251.0
3032 315.0
3033 204.0
3034 315.0
3035 316.0
3036 251.0
3037 316.0
3038 315.0
3039 127.0
3040 0.0
3041 246.0
3042 0.0
3043 129.0
3044 199.0
3045 53.0
3046 315.0
3047 36.0
3048 315.0
3049 38.0
3050 315.0
3051 204.0
3052 203.0
3053 251.0
3054 251.0
3055 203.0
3056 173.0
3057 196.0
3058 202.0
3059 331.0
3060 518.0
3061 331.0
3062 191.0
3063 125.0
3064 331.0
3065 35.0
3066 154.0
3067 181.0
3068 315.0
3069 315.0
3070 411.0
3071 411.0
3072 411.0
3073 411.0
3074 203.0
3075 411.0
3076 411.0
3077 41.0
3078 331.0
3079 223.0
3080 116.0
3081 203.0
3082 99.0
3083 147.0
3084 204.0
3085 331.0
3086 316.0
3087 316.0
3088 316.0
3089 204.0
3090 60.0
3091 251.0
3092 246.0
3093 30.0
3094 14.0
3095 146.0
3096 29.0
3097 38.0
3098 0.0
3099 315.0
3100 32.0
3101 60.0
3102 188.0
3103 203.0
3104 251.0
3105 251.0
3106 203.0
3107 32.0
3108 109.0
3109 202.0
3110 331.0
3111 518.0
3112 331.0
3113 34.0
3114 315.0
3115 331.0
3116 30.0
3117 251.0
3118 0.0
3119 332.0
3120 315.0
3121 411.0
3122 315.0
3123 331.0
3124 251.0
3125 252.0
3126 411.0
3127 411.0
3128 203.0
3129 331.0
3130 173.0
3131 251.0
3132 203.0
3133 315.0
3134 331.0
3135 204.0
3136 315.0
3137 58.0
3138 316.0
3139 316.0
3140 204.0
3141 251.0
3142 203.0
3143 246.0
3144 203.0
3145 125.0
3146 203.0
3147 53.0
3148 38.0
3149 315.0
3150 315.0
3151 38.0
3152 315.0
3153 60.0
3154 251.0
3155 251.0
3156 251.0
3157 251.0
3158 203.0
3159 196.0
3160 202.0
3161 331.0
3162 518.0
3163 331.0
3164 165.0
3165 121.0
3166 331.0
3167 20.0
3168 240.0
3169 316.0
3170 203.0
3171 315.0
3172 411.0
3173 203.0
3174 331.0
3175 411.0
3176 252.0
3177 411.0
3178 404.0
3179 64.0
3180 331.0
3181 331.0
3182 205.0
3183 315.0
3184 203.0
3185 163.0
3186 204.0
3187 331.0
3188 316.0
3189 251.0
3190 316.0
3191 315.0
3192 163.0
3193 0.0
3194 246.0
3195 33.0
3196 315.0
3197 315.0
3198 53.0
3199 187.0
3200 53.0
3201 315.0
3202 38.0
3203 188.0
3204 315.0
3205 203.0
3206 251.0
3207 224.0
3208 251.0
3209 61.0
3210 231.0
3211 202.0
3212 331.0
3213 518.0
3214 331.0
3215 41.0
3216 121.0
3217 331.0
3218 0.0
3219 203.0
3220 252.0
3221 315.0
3222 251.0
3223 411.0
3224 203.0
3225 411.0
3226 411.0
3227 252.0
3228 411.0
3229 411.0
3230 251.0
3231 331.0
3232 203.0
3233 205.0
3234 158.0
3235 61.0
3236 203.0
3237 204.0
3238 331.0
3239 58.0
3240 316.0
3241 316.0
3242 315.0
3243 68.0
3244 25.0
3245 246.0
3246 33.0
3247 14.0
3248 203.0
3249 99.0
3250 84.0
3251 14.0
3252 315.0
3253 38.0
3254 60.0
3255 38.0
3256 203.0
3257 251.0
3258 251.0
3259 251.0
3260 61.0
3261 174.0
3262 202.0
3263 331.0
3264 518.0
3265 331.0
3266 98.0
3267 112.0
3268 331.0
3269 89.0
3270 214.0
3271 75.0
3272 331.0
3273 252.0
3274 411.0
3275 411.0
3276 411.0
3277 251.0
3278 252.0
3279 411.0
3280 411.0
3281 203.0
3282 331.0
3283 203.0
3284 251.0
3285 203.0
3286 203.0
3287 203.0
3288 204.0
3289 315.0
3290 316.0
3291 316.0
3292 316.0
3293 203.0
3294 60.0
3295 203.0
3296 246.0
3297 203.0
3298 203.0
3299 203.0
3300 158.0
3301 99.0
3302 53.0
3303 315.0
3304 1.0
3305 38.0
3306 60.0
3307 251.0
3308 251.0
3309 251.0
3310 251.0
3311 33.0
3312 185.0
3313 202.0
3314 331.0
3315 518.0
3316 331.0
3317 169.0
3318 200.0
3319 331.0
3320 153.0
3321 203.0
3322 161.0
3323 332.0
3324 252.0
3325 411.0
3326 315.0
3327 518.0
3328 316.0
3329 203.0
3330 411.0
3331 411.0
3332 203.0
3333 331.0
3334 170.0
3335 179.0
3336 181.0
3337 203.0
3338 203.0
3339 204.0
3340 331.0
3341 316.0
3342 316.0
3343 316.0
3344 316.0
3345 32.0
3346 251.0
3347 246.0
3348 185.0
3349 185.0
3350 -1.0
3351 125.0
3352 53.0
3353 92.0
3354 315.0
3355 38.0
3356 38.0
3357 315.0
3358 203.0
3359 251.0
3360 251.0
3361 251.0
3362 61.0
3363 185.0
3364 202.0
3365 331.0
3366 518.0
3367 331.0
3368 169.0
3369 125.0
3370 331.0
3371 29.0
3372 203.0
3373 251.0
3374 316.0
3375 252.0
3376 411.0
3377 203.0
3378 331.0
3379 411.0
3380 252.0
3381 411.0
3382 411.0
3383 203.0
3384 331.0
3385 251.0
3386 205.0
3387 181.0
3388 137.0
3389 315.0
3390 331.0
3391 331.0
3392 315.0
3393 315.0
3394 316.0
3395 315.0
3396 203.0
3397 19.0
3398 246.0
3399 33.0
3400 324.0
3401 25.0
3402 38.0
3403 38.0
3404 203.0
3405 315.0
3406 55.0
3407 60.0
3408 315.0
3409 203.0
3410 251.0
3411 251.0
3412 251.0
3413 61.0
3414 315.0
3415 202.0
3416 331.0
3417 518.0
3418 331.0
3419 159.0
3420 199.0
3421 331.0
3422 153.0
3423 203.0
3424 203.0
3425 332.0
3426 251.0
3427 411.0
3428 331.0
3429 411.0
3430 316.0
3431 252.0
3432 411.0
3433 411.0
3434 166.0
3435 331.0
3436 33.0
3437 201.0
3438 203.0
3439 252.0
3440 225.0
3441 204.0
3442 331.0
3443 315.0
3444 316.0
3445 316.0
3446 204.0
3447 203.0
3448 203.0
3449 246.0
3450 18.0
3451 25.0
3452 82.0
3453 29.0
3454 38.0
3455 203.0
3456 315.0
3457 0.0
3458 38.0
3459 315.0
3460 38.0
3461 251.0
3462 251.0
3463 251.0
3464 97.0
3465 106.0
3466 202.0
3467 331.0
3468 518.0
3469 331.0
3470 169.0
3471 78.0
3472 331.0
3473 153.0
3474 203.0
3475 252.0
3476 251.0
3477 252.0
3478 411.0
3479 203.0
3480 331.0
3481 315.0
3482 252.0
3483 411.0
3484 411.0
3485 203.0
3486 331.0
3487 251.0
3488 188.0
3489 150.0
3490 203.0
3491 55.0
3492 204.0
3493 315.0
3494 204.0
3495 316.0
3496 316.0
3497 204.0
3498 172.0
3499 246.0
3500 246.0
3501 203.0
3502 28.0
3503 148.0
3504 103.0
3505 53.0
3506 53.0
3507 315.0
3508 125.0
3509 315.0
3510 38.0
3511 38.0
3512 251.0
3513 251.0
3514 251.0
3515 169.0
3516 106.0
3517 202.0
3518 331.0
3519 518.0
3520 331.0
3521 169.0
3522 120.0
3523 331.0
3524 315.0
3525 203.0
3526 315.0
3527 332.0
3528 252.0
3529 411.0
3530 331.0
3531 518.0
3532 411.0
3533 252.0
3534 411.0
3535 411.0
3536 315.0
3537 331.0
3538 251.0
3539 203.0
3540 181.0
3541 203.0
3542 62.0
3543 204.0
3544 331.0
3545 203.0
3546 316.0
3547 316.0
3548 315.0
3549 169.0
3550 0.0
3551 246.0
3552 203.0
3553 203.0
3554 164.0
3555 203.0
3556 103.0
3557 0.0
3558 315.0
3559 38.0
3560 315.0
3561 315.0
3562 203.0
3563 251.0
3564 251.0
3565 251.0
3566 203.0
3567 163.0
3568 202.0
3569 331.0
3570 518.0
3571 331.0
3572 203.0
3573 203.0
3574 331.0
3575 0.0
3576 203.0
3577 0.0
3578 315.0
3579 252.0
3580 411.0
3581 331.0
3582 411.0
3583 411.0
3584 252.0
3585 411.0
3586 411.0
3587 203.0
3588 331.0
3589 203.0
3590 179.0
3591 203.0
3592 331.0
3593 365.0
3594 204.0
3595 331.0
3596 203.0
3597 315.0
3598 316.0
3599 316.0
3600 203.0
3601 0.0
3602 246.0
3603 33.0
3604 251.0
3605 38.0
3606 48.0
3607 315.0
3608 0.0
3609 315.0
3610 203.0
3611 315.0
3612 38.0
3613 240.0
3614 251.0
3615 251.0
3616 251.0
3617 191.0
3618 163.0
3619 202.0
3620 331.0
3621 518.0
3622 331.0
3623 98.0
3624 203.0
3625 331.0
3626 153.0
3627 203.0
3628 203.0
3629 315.0
3630 252.0
3631 411.0
3632 331.0
3633 518.0
3634 411.0
3635 252.0
3636 411.0
3637 411.0
3638 315.0
3639 331.0
3640 170.0
3641 201.0
3642 144.0
3643 203.0
3644 251.0
3645 204.0
3646 316.0
3647 204.0
3648 316.0
3649 316.0
3650 316.0
3651 203.0
3652 203.0
3653 246.0
3654 203.0
3655 130.0
3656 146.0
3657 138.0
3658 45.0
3659 125.0
3660 315.0
3661 315.0
3662 315.0
3663 315.0
3664 136.0
3665 251.0
3666 251.0
3667 251.0
3668 315.0
3669 106.0
3670 202.0
3671 331.0
3672 518.0
3673 331.0
3674 38.0
3675 125.0
3676 331.0
3677 252.0
3678 203.0
3679 252.0
3680 264.0
3681 252.0
3682 411.0
3683 331.0
3684 331.0
3685 315.0
3686 252.0
3687 411.0
3688 411.0
3689 251.0
3690 331.0
3691 203.0
3692 193.0
3693 203.0
3694 203.0
3695 203.0
3696 204.0
3697 316.0
3698 203.0
3699 316.0
3700 316.0
3701 316.0
3702 187.0
3703 251.0
3704 246.0
3705 123.0
3706 159.0
3707 146.0
3708 103.0
3709 53.0
3710 92.0
3711 315.0
3712 38.0
3713 315.0
3714 60.0
3715 0.0
3716 251.0
3717 251.0
3718 315.0
3719 191.0
3720 191.0
3721 202.0
3722 331.0
3723 518.0
3724 331.0
3725 169.0
3726 195.0
3727 331.0
3728 35.0
3729 203.0
3730 6.0
3731 251.0
3732 252.0
3733 411.0
3734 315.0
3735 331.0
3736 331.0
3737 252.0
3738 411.0
3739 411.0
3740 169.0
3741 331.0
3742 203.0
3743 205.0
3744 251.0
3745 203.0
3746 57.0
3747 204.0
3748 155.0
3749 331.0
3750 315.0
3751 316.0
3752 315.0
3753 203.0
3754 251.0
3755 246.0
3756 203.0
3757 251.0
3758 146.0
3759 53.0
3760 53.0
3761 0.0
3762 315.0
3763 203.0
3764 315.0
3765 315.0
3766 45.0
3767 251.0
3768 315.0
3769 315.0
3770 203.0
3771 185.0
3772 202.0
3773 331.0
3774 518.0
3775 331.0
3776 331.0
3777 78.0
3778 331.0
3779 203.0
3780 203.0
3781 0.0
3782 331.0
3783 252.0
3784 411.0
3785 412.0
3786 518.0
3787 331.0
3788 252.0
3789 411.0
3790 411.0
3791 169.0
3792 331.0
3793 47.0
3794 251.0
3795 203.0
3796 202.0
3797 203.0
3798 204.0
3799 218.0
3800 316.0
3801 315.0
3802 316.0
3803 316.0
3804 185.0
3805 254.0
3806 246.0
3807 0.0
3808 203.0
3809 203.0
3810 203.0
3811 53.0
3812 92.0
3813 315.0
3814 38.0
3815 315.0
3816 315.0
3817 151.0
3818 315.0
3819 315.0
3820 191.0
3821 203.0
3822 202.0
3823 202.0
3824 331.0
3825 518.0
3826 331.0
3827 110.0
3828 331.0
3829 331.0
3830 158.0
3831 203.0
3832 203.0
3833 315.0
3834 252.0
3835 331.0
3836 203.0
3837 518.0
3838 315.0
3839 252.0
3840 411.0
3841 411.0
3842 251.0
3843 331.0
3844 170.0
3845 251.0
3846 6.0
3847 163.0
3848 303.0
3849 58.0
3850 203.0
3851 155.0
3852 331.0
3853 316.0
3854 252.0
3855 203.0
3856 0.0
3857 246.0
3858 203.0
3859 28.0
3860 150.0
3861 203.0
3862 38.0
3863 251.0
3864 315.0
3865 38.0
3866 315.0
3867 315.0
3868 315.0
3869 315.0
3870 315.0
3871 315.0
3872 191.0
3873 203.0
3874 202.0
3875 331.0
3876 518.0
3877 331.0
3878 169.0
3879 125.0
3880 331.0
3881 251.0
3882 203.0
3883 251.0
3884 316.0
3885 252.0
3886 204.0
3887 315.0
3888 331.0
3889 316.0
3890 252.0
3891 411.0
3892 411.0
3893 251.0
3894 331.0
3895 251.0
3896 205.0
3897 181.0
3898 203.0
3899 203.0
3900 203.0
3901 147.0
3902 251.0
3903 203.0
3904 203.0
3905 316.0
3906 203.0
3907 315.0
3908 246.0
3909 19.0
3910 315.0
3911 251.0
3912 45.0
3913 158.0
3914 0.0
3915 315.0
3916 38.0
3917 315.0
3918 38.0
3919 315.0
3920 315.0
3921 315.0
3922 315.0
3923 251.0
3924 191.0
3925 202.0
3926 331.0
3927 518.0
3928 331.0
3929 169.0
3930 203.0
3931 331.0
3932 29.0
3933 203.0
3934 0.0
3935 332.0
3936 252.0
3937 203.0
3938 315.0
3939 518.0
3940 331.0
3941 203.0
3942 411.0
3943 411.0
3944 203.0
3945 331.0
3946 203.0
3947 204.0
3948 251.0
3949 53.0
3950 315.0
3951 204.0
3952 204.0
3953 315.0
3954 72.0
3955 203.0
3956 316.0
3957 172.0
3958 203.0
3959 246.0
3960 203.0
3961 315.0
3962 148.0
3963 48.0
3964 158.0
3965 92.0
3966 315.0
3967 315.0
3968 315.0
3969 315.0
3970 315.0
3971 315.0
3972 315.0
3973 331.0
3974 61.0
3975 191.0
3976 202.0
3977 331.0
3978 518.0
3979 331.0
3980 331.0
3981 121.0
3982 331.0
3983 89.0
3984 203.0
3985 203.0
3986 264.0
3987 252.0
3988 204.0
3989 331.0
3990 518.0
3991 331.0
3992 203.0
3993 411.0
3994 411.0
3995 169.0
3996 331.0
3997 62.0
3998 251.0
3999 45.0
4000 165.0
4001 203.0
4002 203.0
4003 331.0
4004 316.0
4005 315.0
4006 316.0
4007 316.0
4008 303.0
4009 0.0
4010 246.0
4011 203.0
4012 203.0
4013 55.0
4014 38.0
4015 331.0
4016 51.0
4017 315.0
4018 203.0
4019 315.0
4020 315.0
4021 191.0
4022 315.0
4023 315.0
4024 191.0
4025 31.0
4026 203.0
4027 202.0
4028 331.0
4029 518.0
4030 331.0
4031 13.0
4032 331.0
4033 331.0
4034 153.0
4035 331.0
4036 15.0
4037 332.0
4038 251.0
4039 411.0
4040 315.0
4041 331.0
4042 252.0
4043 252.0
4044 411.0
4045 411.0
4046 203.0
4047 331.0
4048 170.0
4049 251.0
4050 190.0
4051 203.0
4052 251.0
4053 204.0
4054 315.0
4055 331.0
4056 315.0
4057 316.0
4058 316.0
4059 285.0
4060 203.0
4061 246.0
4062 30.0
4063 203.0
4064 150.0
4065 103.0
4066 38.0
4067 127.0
4068 315.0
4069 38.0
4070 315.0
4071 60.0
4072 315.0
4073 315.0
4074 251.0
4075 191.0
4076 191.0
4077 315.0
4078 202.0
4079 331.0
4080 518.0
4081 331.0
4082 165.0
4083 125.0
4084 331.0
4085 202.0
4086 203.0
4087 252.0
4088 316.0
4089 252.0
4090 331.0
4091 251.0
4092 518.0
4093 411.0
4094 252.0
4095 411.0
4096 411.0
4097 203.0
4098 331.0
4099 203.0
4100 205.0
4101 203.0
4102 203.0
4103 203.0
4104 315.0
4105 316.0
4106 331.0
4107 331.0
4108 315.0
4109 316.0
4110 32.0
4111 203.0
4112 246.0
4113 0.0
4114 251.0
4115 150.0
4116 29.0
4117 158.0
4118 92.0
4119 315.0
4120 38.0
4121 315.0
4122 315.0
4123 315.0
4124 315.0
4125 315.0
4126 315.0
4127 315.0
4128 191.0
4129 202.0
4130 331.0
4131 518.0
4132 331.0
4133 165.0
4134 125.0
4135 331.0
4136 133.0
4137 203.0
4138 316.0
4139 264.0
4140 252.0
4141 331.0
4142 412.0
4143 518.0
4144 252.0
4145 203.0
4146 411.0
4147 411.0
4148 251.0
4149 331.0
4150 237.0
4151 205.0
4152 203.0
4153 47.0
4154 365.0
4155 203.0
4156 316.0
4157 331.0
4158 203.0
4159 203.0
4160 316.0
4161 187.0
4162 203.0
4163 246.0
4164 30.0
4165 251.0
4166 82.0
4167 38.0
4168 158.0
4169 53.0
4170 315.0
4171 95.0
4172 315.0
4173 315.0
4174 251.0
4175 315.0
4176 315.0
4177 315.0
4178 315.0
4179 203.0
4180 202.0
4181 331.0
4182 518.0
4183 331.0
4184 180.0
4185 136.0
4186 331.0
4187 153.0
4188 203.0
4189 251.0
4190 264.0
4191 251.0
4192 203.0
4193 203.0
4194 518.0
4195 411.0
4196 252.0
4197 411.0
4198 411.0
4199 251.0
4200 331.0
4201 170.0
4202 251.0
4203 203.0
4204 251.0
4205 203.0
4206 204.0
4207 182.0
4208 315.0
4209 331.0
4210 251.0
4211 316.0
4212 152.0
4213 203.0
4214 246.0
4215 203.0
4216 159.0
4217 146.0
4218 103.0
4219 38.0
4220 203.0
4221 315.0
4222 49.0
4223 315.0
4224 60.0
4225 203.0
4226 315.0
4227 315.0
4228 169.0
4229 175.0
4230 32.0
4231 202.0
4232 331.0
4233 518.0
4234 331.0
4235 180.0
4236 116.0
4237 331.0
4238 203.0
4239 203.0
4240 203.0
4241 315.0
4242 251.0
4243 203.0
4244 315.0
4245 518.0
4246 411.0
4247 252.0
4248 411.0
4249 411.0
4250 169.0
4251 331.0
4252 203.0
4253 251.0
4254 89.0
4255 203.0
4256 315.0
4257 316.0
4258 144.0
4259 315.0
4260 316.0
4261 332.0
4262 316.0
4263 48.0
4264 203.0
4265 246.0
4266 0.0
4267 203.0
4268 146.0
4269 45.0
4270 158.0
4271 203.0
4272 315.0
4273 38.0
4274 315.0
4275 315.0
4276 315.0
4277 315.0
4278 315.0
4279 169.0
4280 131.0
4281 203.0
4282 191.0
4283 331.0
4284 518.0
4285 331.0
4286 203.0
4287 125.0
4288 331.0
4289 198.0
4290 203.0
4291 252.0
4292 332.0
4293 252.0
4294 203.0
4295 315.0
4296 518.0
4297 518.0
4298 252.0
4299 411.0
4300 411.0
4301 331.0
4302 331.0
4303 203.0
4304 251.0
4305 203.0
4306 203.0
4307 315.0
4308 203.0
4309 100.0
4310 316.0
4311 316.0
4312 315.0
4313 315.0
4314 203.0
4315 251.0
4316 246.0
4317 0.0
4318 251.0
4319 158.0
4320 48.0
4321 158.0
4322 53.0
4323 315.0
4324 38.0
4325 315.0
4326 36.0
4327 315.0
4328 315.0
4329 315.0
4330 315.0
4331 202.0
4332 191.0
4333 202.0
4334 331.0
4335 518.0
4336 331.0
4337 315.0
4338 125.0
4339 331.0
4340 194.0
4341 203.0
4342 316.0
4343 251.0
4344 251.0
4345 203.0
4346 331.0
4347 518.0
4348 315.0
4349 251.0
4350 411.0
4351 411.0
4352 169.0
4353 331.0
4354 251.0
4355 251.0
4356 251.0
4357 203.0
4358 251.0
4359 140.0
4360 316.0
4361 251.0
4362 251.0
4363 251.0
4364 251.0
4365 203.0
4366 203.0
4367 246.0
4368 87.0
4369 315.0
4370 203.0
4371 203.0
4372 158.0
4373 204.0
4374 315.0
4375 45.0
4376 315.0
4377 60.0
4378 315.0
4379 315.0
4380 315.0
4381 315.0
4382 251.0
4383 38.0
4384 202.0
4385 331.0
4386 518.0
4387 301.0
4388 180.0
4389 121.0
4390 331.0
4391 40.0
4392 203.0
4393 252.0
4394 315.0
4395 252.0
4396 331.0
4397 331.0
4398 518.0
4399 411.0
4400 203.0
4401 411.0
4402 411.0
4403 203.0
4404 331.0
4405 251.0
4406 205.0
4407 203.0
4408 203.0
4409 251.0
4410 204.0
4411 155.0
4412 163.0
4413 316.0
4414 316.0
4415 251.0
4416 315.0
4417 0.0
4418 246.0
4419 203.0
4420 159.0
4421 0.0
4422 158.0
4423 38.0
4424 158.0
4425 315.0
4426 203.0
4427 315.0
4428 60.0
4429 315.0
4430 315.0
4431 315.0
4432 191.0
4433 191.0
4434 32.0
4435 202.0
4436 331.0
4437 518.0
4438 331.0
4439 301.0
4440 170.0
4441 331.0
4442 252.0
4443 203.0
4444 251.0
4445 251.0
4446 197.0
4447 203.0
4448 315.0
4449 518.0
4450 411.0
4451 252.0
4452 411.0
4453 411.0
4454 251.0
4455 331.0
4456 203.0
4457 251.0
4458 251.0
4459 203.0
4460 365.0
4461 316.0
4462 222.0
4463 331.0
4464 315.0
4465 332.0
4466 316.0
4467 172.0
4468 251.0
4469 246.0
4470 1.0
4471 315.0
4472 251.0
4473 99.0
4474 38.0
4475 92.0
4476 315.0
4477 38.0
4478 315.0
4479 203.0
4480 191.0
4481 315.0
4482 315.0
4483 191.0
4484 191.0
4485 231.0
4486 202.0
4487 331.0
4488 518.0
4489 331.0
4490 191.0
4491 196.0
4492 331.0
4493 203.0
4494 203.0
4495 203.0
4496 332.0
4497 331.0
4498 315.0
4499 411.0
4500 518.0
4501 252.0
4502 252.0
4503 411.0
4504 411.0
4505 251.0
4506 331.0
4507 198.0
4508 251.0
4509 203.0
4510 153.0
4511 365.0
4512 204.0
4513 203.0
4514 316.0
4515 315.0
4516 315.0
4517 316.0
4518 203.0
4519 203.0
4520 246.0
4521 1.0
4522 315.0
4523 52.0
4524 38.0
4525 158.0
4526 0.0
4527 315.0
4528 38.0
4529 315.0
4530 203.0
4531 315.0
4532 315.0
4533 315.0
4534 315.0
4535 191.0
4536 191.0
4537 196.0
4538 331.0
4539 518.0
4540 331.0
4541 180.0
4542 195.0
4543 331.0
4544 203.0
4545 203.0
4546 252.0
4547 316.0
4548 251.0
4549 203.0
4550 331.0
4551 518.0
4552 331.0
4553 252.0
4554 411.0
4555 411.0
4556 203.0
4557 331.0
4558 251.0
4559 203.0
4560 203.0
4561 203.0
4562 251.0
4563 203.0
4564 155.0
4565 315.0
4566 315.0
4567 315.0
4568 316.0
4569 203.0
4570 0.0
4571 246.0
4572 6.0
4573 323.0
4574 26.0
4575 53.0
4576 158.0
4577 203.0
4578 315.0
4579 38.0
4580 315.0
4581 203.0
4582 180.0
4583 315.0
4584 331.0
4585 191.0
4586 203.0
4587 185.0
4588 203.0
4589 331.0
4590 518.0
4591 331.0
4592 203.0
4593 203.0
4594 331.0
4595 175.0
4596 203.0
4597 203.0
4598 332.0
4599 203.0
4600 331.0
4601 331.0
4602 518.0
4603 411.0
4604 252.0
4605 411.0
4606 411.0
4607 203.0
4608 331.0
4609 203.0
4610 251.0
4611 251.0
4612 203.0
4613 251.0
4614 204.0
4615 176.0
4616 215.0
4617 315.0
4618 251.0
4619 251.0
4620 29.0
4621 246.0
4622 246.0
4623 38.0
4624 203.0
4625 52.0
4626 38.0
4627 38.0
4628 92.0
4629 315.0
4630 101.0
4631 315.0
4632 203.0
4633 180.0
4634 191.0
4635 191.0
4636 191.0
4637 315.0
4638 191.0
4639 196.0
4640 331.0
4641 518.0
4642 331.0
4643 180.0
4644 125.0
4645 331.0
4646 204.0
4647 203.0
4648 332.0
4649 262.0
4650 331.0
4651 204.0
4652 331.0
4653 518.0
4654 411.0
4655 252.0
4656 411.0
4657 411.0
4658 251.0
4659 331.0
4660 223.0
4661 251.0
4662 203.0
4663 202.0
4664 365.0
4665 315.0
4666 203.0
4667 331.0
4668 251.0
4669 315.0
4670 251.0
4671 203.0
4672 251.0
4673 246.0
4674 51.0
4675 315.0
4676 169.0
4677 38.0
4678 158.0
4679 64.0
4680 315.0
4681 45.0
4682 315.0
4683 203.0
4684 315.0
4685 169.0
4686 191.0
4687 315.0
4688 191.0
4689 91.0
4690 202.0
4691 331.0
4692 518.0
4693 331.0
4694 163.0
4695 251.0
4696 331.0
4697 204.0
4698 203.0
4699 252.0
4700 251.0
4701 251.0
4702 203.0
4703 411.0
4704 518.0
4705 315.0
4706 252.0
4707 411.0
4708 411.0
4709 251.0
4710 331.0
4711 198.0
4712 203.0
4713 203.0
4714 121.0
4715 365.0
4716 204.0
4717 315.0
4718 331.0
4719 203.0
4720 315.0
4721 251.0
4722 203.0
4723 246.0
4724 246.0
4725 33.0
4726 315.0
4727 0.0
4728 158.0
4729 158.0
4730 203.0
4731 315.0
4732 55.0
4733 315.0
4734 203.0
4735 315.0
4736 315.0
4737 331.0
4738 191.0
4739 203.0
4740 191.0
4741 202.0
4742 331.0
4743 518.0
4744 331.0
4745 202.0
4746 176.0
4747 331.0
4748 197.0
4749 203.0
4750 203.0
4751 332.0
4752 331.0
4753 204.0
4754 315.0
4755 518.0
4756 331.0
4757 252.0
4758 411.0
4759 411.0
4760 203.0
4761 331.0
4762 170.0
4763 251.0
4764 365.0
4765 109.0
4766 365.0
4767 203.0
4768 155.0
4769 331.0
4770 204.0
4771 251.0
4772 316.0
4773 29.0
4774 203.0
4775 246.0
4776 30.0
4777 315.0
4778 150.0
4779 158.0
4780 315.0
4781 53.0
4782 315.0
4783 101.0
4784 315.0
4785 203.0
4786 180.0
4787 169.0
4788 315.0
4789 191.0
4790 315.0
4791 185.0
4792 191.0
4793 331.0
4794 518.0
4795 331.0
4796 34.0
4797 125.0
4798 331.0
4799 203.0
4800 203.0
4801 203.0
4802 264.0
4803 252.0
4804 198.0
4805 331.0
4806 518.0
4807 411.0
4808 252.0
4809 411.0
4810 411.0
4811 203.0
4812 331.0
4813 251.0
4814 228.0
4815 203.0
4816 203.0
4817 365.0
4818 203.0
4819 203.0
4820 315.0
4821 316.0
4822 251.0
4823 315.0
4824 315.0
4825 249.0
4826 246.0
4827 1.0
4828 203.0
4829 25.0
4830 38.0
4831 158.0
4832 203.0
4833 315.0
4834 315.0
4835 315.0
4836 203.0
4837 315.0
4838 315.0
4839 191.0
4840 315.0
4841 315.0
4842 191.0
4843 196.0
4844 331.0
4845 518.0
4846 315.0
4847 165.0
4848 125.0
4849 331.0
4850 203.0
4851 203.0
4852 203.0
4853 315.0
4854 315.0
4855 203.0
4856 252.0
4857 518.0
4858 411.0
4859 252.0
4860 411.0
4861 411.0
4862 203.0
4863 331.0
4864 251.0
4865 251.0
4866 315.0
4867 247.0
4868 365.0
4869 204.0
4870 331.0
4871 331.0
4872 204.0
4873 251.0
4874 251.0
4875 203.0
4876 246.0
4877 246.0
4878 30.0
4879 315.0
4880 158.0
4881 38.0
4882 158.0
4883 158.0
4884 315.0
4885 38.0
4886 315.0
4887 203.0
4888 158.0
4889 315.0
4890 315.0
4891 315.0
4892 315.0
4893 38.0
4894 202.0
4895 331.0
4896 518.0
4897 331.0
4898 169.0
4899 331.0
4900 331.0
4901 315.0
4902 203.0
4903 203.0
4904 315.0
4905 251.0
4906 203.0
4907 315.0
4908 518.0
4909 251.0
4910 252.0
4911 411.0
4912 411.0
4913 203.0
4914 331.0
4915 203.0
4916 203.0
4917 251.0
4918 181.0
4919 365.0
4920 204.0
4921 222.0
4922 331.0
4923 316.0
4924 315.0
4925 251.0
4926 203.0
4927 246.0
4928 246.0
4929 203.0
4930 203.0
4931 0.0
4932 158.0
4933 251.0
4934 36.0
4935 315.0
4936 55.0
4937 315.0
4938 203.0
4939 315.0
4940 191.0
4941 331.0
4942 331.0
4943 191.0
4944 32.0
4945 196.0
4946 331.0
4947 518.0
4948 331.0
4949 169.0
4950 203.0
4951 331.0
4952 315.0
4953 203.0
4954 251.0
4955 332.0
4956 203.0
4957 204.0
4958 331.0
4959 518.0
4960 252.0
4961 252.0
4962 411.0
4963 411.0
4964 63.0
4965 331.0
4966 95.0
4967 251.0
4968 251.0
4969 203.0
4970 365.0
4971 204.0
4972 180.0
4973 331.0
4974 315.0
4975 251.0
4976 251.0
4977 167.0
4978 203.0
4979 246.0
4980 203.0
4981 315.0
4982 32.0
4983 158.0
4984 315.0
4985 38.0
4986 315.0
4987 265.0
4988 315.0
4989 203.0
4990 315.0
4991 315.0
4992 191.0
4993 331.0
4994 315.0
4995 231.0
4996 88.0
4997 331.0
4998 518.0
4999 331.0
5000 180.0
5001 125.0
5002 331.0
5003 315.0
5004 203.0
5005 316.0
5006 332.0
5007 252.0
5008 191.0
5009 315.0
5010 518.0
5011 411.0
5012 252.0
5013 411.0
5014 411.0
5015 122.0
5016 331.0
5017 251.0
5018 203.0
5019 203.0
5020 251.0
5021 365.0
5022 204.0
5023 331.0
5024 331.0
5025 315.0
5026 251.0
5027 251.0
5028 316.0
5029 251.0
5030 246.0
5031 0.0
5032 315.0
5033 224.0
5034 38.0
5035 158.0
5036 51.0
5037 315.0
5038 38.0
5039 315.0
5040 203.0
5041 315.0
5042 315.0
5043 331.0
5044 315.0
5045 315.0
5046 202.0
5047 315.0
5048 331.0
5049 518.0
5050 331.0
5051 202.0
5052 125.0
5053 331.0
5054 203.0
5055 203.0
5056 252.0
5057 332.0
5058 251.0
5059 203.0
5060 411.0
5061 518.0
5062 411.0
5063 252.0
5064 411.0
5065 411.0
5066 93.0
5067 331.0
5068 173.0
5069 251.0
5070 251.0
5071 251.0
5072 365.0
5073 204.0
5074 203.0
5075 251.0
5076 61.0
5077 251.0
5078 315.0
5079 187.0
5080 203.0
5081 246.0
5082 251.0
5083 315.0
5084 203.0
5085 158.0
5086 315.0
5087 167.0
5088 315.0
5089 55.0
5090 315.0
5091 203.0
5092 315.0
5093 315.0
5094 315.0
5095 315.0
5096 169.0
5097 33.0
5098 202.0
5099 331.0
5100 518.0
