1 0.0
2 0.0
3 33.0
4 33.0
5 32.0
6 0.0
7 169.0
8 0.0
9 131.0
10 0.0
11 37.0
12 30.0
13 1.0
14 32.0
15 203.0
16 149.0
17 204.0
18 33.0
19 39.0
20 38.0
21 6.0
22 0.0
23 18.0
24 0.0
25 32.0
26 30.0
27 54.0
28 0.0
29 0.0
30 6.0
31 200.0
32 203.0
33 33.0
34 23.0
35 33.0
36 0.0
37 33.0
38 25.0
39 203.0
40 203.0
41 158.0
42 30.0
43 203.0
44 55.0
45 0.0
46 25.0
47 30.0
48 203.0
49 203.0
50 38.0
51 204.0
52 0.0
53 0.0
54 33.0
55 33.0
56 153.0
57 202.0
58 169.0
59 162.0
60 131.0
61 38.0
62 37.0
63 65.0
64 158.0
65 32.0
66 203.0
67 0.0
68 204.0
69 1.0
70 39.0
71 158.0
72 33.0
73 25.0
74 18.0
75 32.0
76 32.0
77 34.0
78 54.0
79 54.0
80 25.0
81 211.0
82 32.0
83 203.0
84 203.0
85 154.0
86 33.0
87 33.0
88 33.0
89 165.0
90 203.0
91 203.0
92 105.0
93 93.0
94 203.0
95 30.0
96 20.0
97 87.0
98 204.0
99 203.0
100 203.0
101 203.0
102 211.0
103 25.0
104 33.0
105 33.0
106 30.0
107 33.0
108 147.0
109 203.0
110 45.0
111 169.0
112 203.0
113 30.0
114 110.0
115 32.0
116 203.0
117 203.0
118 71.0
119 204.0
120 204.0
121 147.0
122 39.0
123 0.0
124 38.0
125 32.0
126 0.0
127 34.0
128 34.0
129 54.0
130 158.0
131 220.0
132 135.0
133 130.0
134 203.0
135 203.0
136 203.0
137 159.0
138 33.0
139 6.0
140 203.0
141 203.0
142 203.0
143 32.0
144 93.0
145 203.0
146 204.0
147 0.0
148 204.0
149 203.0
150 203.0
151 203.0
152 203.0
153 220.0
154 32.0
155 32.0
156 33.0
157 30.0
158 0.0
159 202.0
160 155.0
161 45.0
162 0.0
163 153.0
164 169.0
165 45.0
166 158.0
167 148.0
168 203.0
169 4.0
170 204.0
171 204.0
172 203.0
173 39.0
174 0.0
175 33.0
176 38.0
177 14.0
178 25.0
179 34.0
180 54.0
181 209.0
182 122.0
183 203.0
184 94.0
185 203.0
186 94.0
187 32.0
188 0.0
189 32.0
190 203.0
191 203.0
192 203.0
193 203.0
194 32.0
195 158.0
196 203.0
197 203.0
198 204.0
199 203.0
200 180.0
201 203.0
202 203.0
203 30.0
204 220.0
205 37.0
206 32.0
207 33.0
208 87.0
209 0.0
210 97.0
211 0.0
212 180.0
213 203.0
214 203.0
215 169.0
216 29.0
217 11.0
218 251.0
219 203.0
220 142.0
221 204.0
222 1.0
223 203.0
224 33.0
225 6.0
226 18.0
227 33.0
228 0.0
229 25.0
230 44.0
231 251.0
232 251.0
233 203.0
234 203.0
235 20.0
236 203.0
237 203.0
238 251.0
239 203.0
240 33.0
241 203.0
242 203.0
243 203.0
244 203.0
245 104.0
246 25.0
247 203.0
248 203.0
249 203.0
250 203.0
251 67.0
252 203.0
253 203.0
254 98.0
255 251.0
256 203.0
257 203.0
258 30.0
259 153.0
260 30.0
261 175.0
262 174.0
263 164.0
264 25.0
265 169.0
266 169.0
267 169.0
268 203.0
269 203.0
270 203.0
271 26.0
272 204.0
273 32.0
274 0.0
275 203.0
276 33.0
277 14.0
278 0.0
279 18.0
280 14.0
281 34.0
282 251.0
283 191.0
284 192.0
285 0.0
286 153.0
287 203.0
288 74.0
289 30.0
290 103.0
291 30.0
292 203.0
293 203.0
294 203.0
295 203.0
296 107.0
297 93.0
298 203.0
299 203.0
300 204.0
301 204.0
302 251.0
303 203.0
304 203.0
305 203.0
306 251.0
307 203.0
308 203.0
309 203.0
310 153.0
311 0.0
312 0.0
313 149.0
314 164.0
315 0.0
316 203.0
317 30.0
318 45.0
319 139.0
320 148.0
321 203.0
322 0.0
323 204.0
324 5.0
325 26.0
326 204.0
327 204.0
328 33.0
329 0.0
330 0.0
331 14.0
332 203.0
333 212.0
334 191.0
335 192.0
336 0.0
337 87.0
338 203.0
339 65.0
340 121.0
341 77.0
342 33.0
343 203.0
344 203.0
345 203.0
346 203.0
347 32.0
348 93.0
349 204.0
350 203.0
351 51.0
352 136.0
353 147.0
354 147.0
355 203.0
356 203.0
357 251.0
358 93.0
359 33.0
360 204.0
361 203.0
362 33.0
363 0.0
364 169.0
365 0.0
366 153.0
367 203.0
368 203.0
369 38.0
370 32.0
371 203.0
372 251.0
373 204.0
374 204.0
375 203.0
376 203.0
377 204.0
378 204.0
379 33.0
380 33.0
381 0.0
382 25.0
383 11.0
384 209.0
385 251.0
386 214.0
387 203.0
388 87.0
389 203.0
390 203.0
391 203.0
392 204.0
393 180.0
394 203.0
395 203.0
396 203.0
397 203.0
398 71.0
399 25.0
400 203.0
401 203.0
402 204.0
403 203.0
404 30.0
405 147.0
406 203.0
407 38.0
408 251.0
409 203.0
410 204.0
411 203.0
412 203.0
413 0.0
414 0.0
415 170.0
416 153.0
417 158.0
418 203.0
419 169.0
420 169.0
421 203.0
422 203.0
423 251.0
424 0.0
425 204.0
426 204.0
427 203.0
428 204.0
429 204.0
430 203.0
431 33.0
432 0.0
433 34.0
434 251.0
435 251.0
436 251.0
437 251.0
438 204.0
439 203.0
440 203.0
441 43.0
442 32.0
443 94.0
444 1.0
445 203.0
446 203.0
447 203.0
448 203.0
449 105.0
450 158.0
451 203.0
452 203.0
453 203.0
454 204.0
455 147.0
456 89.0
457 203.0
458 203.0
459 251.0
460 204.0
461 204.0
462 203.0
463 203.0
464 0.0
465 0.0
466 169.0
467 72.0
468 0.0
469 203.0
470 153.0
471 169.0
472 180.0
473 203.0
474 251.0
475 175.0
476 204.0
477 32.0
478 204.0
479 203.0
480 204.0
481 229.0
482 52.0
483 0.0
484 25.0
485 30.0
486 209.0
487 190.0
488 192.0
489 223.0
490 83.0
491 203.0
492 195.0
493 29.0
494 316.0
495 0.0
496 181.0
497 203.0
498 203.0
499 203.0
500 203.0
501 180.0
502 203.0
503 203.0
504 0.0
505 136.0
506 131.0
507 89.0
508 203.0
509 203.0
510 316.0
511 203.0
512 204.0
513 203.0
514 204.0
515 0.0
516 0.0
517 174.0
518 25.0
519 153.0
520 203.0
521 65.0
522 169.0
523 251.0
524 251.0
525 251.0
526 203.0
527 204.0
528 203.0
529 0.0
530 204.0
531 203.0
532 131.0
533 37.0
534 0.0
535 32.0
536 11.0
537 251.0
538 190.0
539 249.0
540 61.0
541 94.0
542 203.0
543 38.0
544 203.0
545 59.0
546 32.0
547 202.0
548 203.0
549 203.0
550 203.0
551 188.0
552 203.0
553 204.0
554 203.0
555 204.0
556 203.0
557 203.0
558 251.0
559 203.0
560 204.0
561 316.0
562 203.0
563 204.0
564 203.0
565 204.0
566 158.0
567 0.0
568 175.0
569 0.0
570 158.0
571 203.0
572 169.0
573 38.0
574 32.0
575 203.0
576 251.0
577 0.0
578 204.0
579 204.0
580 203.0
581 204.0
582 229.0
583 36.0
584 0.0
585 47.0
586 14.0
587 203.0
588 251.0
589 192.0
590 250.0
591 203.0
592 94.0
593 203.0
594 158.0
595 32.0
596 315.0
597 32.0
598 203.0
599 203.0
600 203.0
601 203.0
602 191.0
603 138.0
604 203.0
605 204.0
606 203.0
607 204.0
608 251.0
609 203.0
610 203.0
611 203.0
612 316.0
613 204.0
614 204.0
615 204.0
616 204.0
617 258.0
618 170.0
619 202.0
620 0.0
621 0.0
622 203.0
623 169.0
624 203.0
625 139.0
626 203.0
627 251.0
628 203.0
629 204.0
630 203.0
631 222.0
632 204.0
633 198.0
634 131.0
635 25.0
636 0.0
637 25.0
638 19.0
639 212.0
640 192.0
641 191.0
642 251.0
643 20.0
644 203.0
645 30.0
646 32.0
647 203.0
648 32.0
649 203.0
650 203.0
651 203.0
652 203.0
653 107.0
654 180.0
655 203.0
656 203.0
657 203.0
658 203.0
659 147.0
660 251.0
661 251.0
662 203.0
663 316.0
664 203.0
665 204.0
666 203.0
667 315.0
668 252.0
669 187.0
670 202.0
671 0.0
672 149.0
673 203.0
674 33.0
675 77.0
676 165.0
677 203.0
678 251.0
679 203.0
680 204.0
681 203.0
682 158.0
683 93.0
684 233.0
685 204.0
686 78.0
687 0.0
688 34.0
689 47.0
690 251.0
691 193.0
692 220.0
693 191.0
694 153.0
695 203.0
696 49.0
697 32.0
698 38.0
699 32.0
700 203.0
701 203.0
702 203.0
703 203.0
704 203.0
705 203.0
706 204.0
707 203.0
708 203.0
709 251.0
710 147.0
711 251.0
712 251.0
713 89.0
714 316.0
715 203.0
716 204.0
717 264.0
718 131.0
719 0.0
720 267.0
721 175.0
722 0.0
723 25.0
724 203.0
725 169.0
726 203.0
727 32.0
728 203.0
729 251.0
730 36.0
731 204.0
732 204.0
733 204.0
734 93.0
735 48.0
736 203.0
737 37.0
738 20.0
739 25.0
740 94.0
741 178.0
742 190.0
743 204.0
744 203.0
745 140.0
746 203.0
747 132.0
748 29.0
749 38.0
750 32.0
751 203.0
752 203.0
753 203.0
754 203.0
755 204.0
756 135.0
757 203.0
758 203.0
759 203.0
760 147.0
761 121.0
762 251.0
763 251.0
764 94.0
765 316.0
766 203.0
767 315.0
768 101.0
769 145.0
770 204.0
771 0.0
772 202.0
773 0.0
774 163.0
775 203.0
776 169.0
777 158.0
778 251.0
779 55.0
780 251.0
781 203.0
782 204.0
783 200.0
784 203.0
785 203.0
786 5.0
787 203.0
788 0.0
789 25.0
790 25.0
791 19.0
792 251.0
793 192.0
794 191.0
795 251.0
796 30.0
797 203.0
798 153.0
799 32.0
800 203.0
801 32.0
802 203.0
803 203.0
804 203.0
805 188.0
806 188.0
807 180.0
808 204.0
809 203.0
810 88.0
811 204.0
812 251.0
813 251.0
814 251.0
815 83.0
816 316.0
817 252.0
818 0.0
819 274.0
820 315.0
821 38.0
822 187.0
823 251.0
824 0.0
825 153.0
826 203.0
827 65.0
828 203.0
829 101.0
830 203.0
831 203.0
832 203.0
833 204.0
834 204.0
835 25.0
836 93.0
837 190.0
838 191.0
839 1.0
840 0.0
841 25.0
842 19.0
843 251.0
844 220.0
845 191.0
846 251.0
847 193.0
848 203.0
849 38.0
850 203.0
851 315.0
852 32.0
853 203.0
854 203.0
855 203.0
856 164.0
857 203.0
858 203.0
859 203.0
860 203.0
861 88.0
862 251.0
863 203.0
864 251.0
865 251.0
866 203.0
867 316.0
868 1.0
869 267.0
870 315.0
871 252.0
872 315.0
873 251.0
874 230.0
875 0.0
876 25.0
877 203.0
878 33.0
879 117.0
880 33.0
881 203.0
882 203.0
883 203.0
884 204.0
885 8.0
886 7.0
887 203.0
888 203.0
889 251.0
890 98.0
891 1.0
892 203.0
893 204.0
894 209.0
895 191.0
896 214.0
897 251.0
898 203.0
899 203.0
900 203.0
901 32.0
902 38.0
903 32.0
904 203.0
905 203.0
906 203.0
907 203.0
908 203.0
909 135.0
910 203.0
911 203.0
912 142.0
913 147.0
914 203.0
915 251.0
916 251.0
917 203.0
918 316.0
919 0.0
920 315.0
921 204.0
922 262.0
923 204.0
924 97.0
925 142.0
926 0.0
927 169.0
928 203.0
929 153.0
930 203.0
931 158.0
932 79.0
933 203.0
934 204.0
935 204.0
936 203.0
937 204.0
938 203.0
939 204.0
940 204.0
941 25.0
942 161.0
943 34.0
944 94.0
945 209.0
946 209.0
947 192.0
948 256.0
949 0.0
950 203.0
951 104.0
952 32.0
953 41.0
954 32.0
955 203.0
956 203.0
957 203.0
958 188.0
959 186.0
960 203.0
961 203.0
962 203.0
963 81.0
964 251.0
965 147.0
966 251.0
967 251.0
968 39.0
969 316.0
970 251.0
971 103.0
972 315.0
973 177.0
974 258.0
975 0.0
976 224.0
977 0.0
978 153.0
979 203.0
980 169.0
981 203.0
982 139.0
983 251.0
984 203.0
985 203.0
986 204.0
987 39.0
988 204.0
989 203.0
990 193.0
991 204.0
992 1.0
993 0.0
994 203.0
995 50.0
996 251.0
997 203.0
998 256.0
999 203.0
1000 256.0
1001 203.0
1002 49.0
1003 32.0
1004 33.0
1005 32.0
1006 32.0
1007 203.0
1008 203.0
1009 186.0
1010 203.0
1011 203.0
1012 203.0
1013 203.0
1014 88.0
1015 204.0
1016 251.0
1017 251.0
1018 251.0
1019 204.0
1020 316.0
1021 204.0
1022 315.0
1023 315.0
1024 179.0
1025 0.0
1026 315.0
1027 273.0
1028 0.0
1029 163.0
1030 203.0
1031 33.0
1032 203.0
1033 251.0
1034 203.0
1035 251.0
1036 202.0
1037 204.0
1038 204.0
1039 7.0
1040 68.0
1041 36.0
1042 251.0
1043 105.0
1044 1.0
1045 25.0
1046 19.0
1047 251.0
1048 251.0
1049 251.0
1050 256.0
1051 251.0
1052 256.0
1053 203.0
1054 30.0
1055 6.0
1056 32.0
1057 203.0
1058 203.0
1059 203.0
1060 203.0
1061 203.0
1062 204.0
1063 203.0
1064 203.0
1065 204.0
1066 147.0
1067 204.0
1068 251.0
1069 251.0
1070 169.0
1071 316.0
1072 43.0
1073 315.0
1074 252.0
1075 251.0
1076 203.0
1077 89.0
1078 0.0
1079 0.0
1080 29.0
1081 203.0
1082 33.0
1083 158.0
1084 158.0
1085 251.0
1086 251.0
1087 203.0
1088 204.0
1089 8.0
1090 0.0
1091 203.0
1092 33.0
1093 229.0
1094 33.0
1095 0.0
1096 251.0
1097 94.0
1098 251.0
1099 182.0
1100 251.0
1101 251.0
1102 0.0
1103 192.0
1104 203.0
1105 32.0
1106 38.0
1107 32.0
1108 203.0
1109 203.0
1110 203.0
1111 105.0
1112 203.0
1113 204.0
1114 203.0
1115 203.0
1116 147.0
1117 147.0
1118 147.0
1119 251.0
1120 251.0
1121 251.0
1122 316.0
1123 251.0
1124 315.0
1125 315.0
1126 139.0
1127 315.0
1128 187.0
1129 251.0
1130 0.0
1131 203.0
1132 169.0
1133 169.0
1134 203.0
1135 203.0
1136 203.0
1137 251.0
1138 176.0
1139 204.0
1140 0.0
1141 204.0
1142 203.0
1143 204.0
1144 204.0
1145 97.0
1146 0.0
1147 180.0
1148 19.0
1149 209.0
1150 30.0
1151 251.0
1152 256.0
1153 251.0
1154 243.0
1155 114.0
1156 203.0
1157 33.0
1158 32.0
1159 66.0
1160 203.0
1161 203.0
1162 32.0
1163 204.0
1164 203.0
1165 203.0
1166 203.0
1167 204.0
1168 204.0
1169 147.0
1170 251.0
1171 251.0
1172 45.0
1173 316.0
1174 204.0
1175 103.0
1176 315.0
1177 177.0
1178 38.0
1179 217.0
1180 203.0
1181 0.0
1182 169.0
1183 203.0
1184 169.0
1185 38.0
1186 86.0
1187 251.0
1188 251.0
1189 251.0
1190 204.0
1191 7.0
1192 204.0
1193 204.0
1194 54.0
1195 203.0
1196 36.0
1197 0.0
1198 25.0
1199 19.0
1200 251.0
1201 22.0
1202 203.0
1203 203.0
1204 267.0
1205 256.0
1206 251.0
1207 49.0
1208 34.0
1209 191.0
1210 203.0
1211 203.0
1212 203.0
1213 203.0
1214 204.0
1215 203.0
1216 203.0
1217 203.0
1218 88.0
1219 147.0
1220 251.0
1221 251.0
1222 251.0
1223 252.0
1224 316.0
1225 43.0
1226 103.0
1227 252.0
1228 264.0
1229 204.0
1230 203.0
1231 315.0
1232 0.0
1233 203.0
1234 203.0
1235 65.0
1236 169.0
1237 191.0
1238 203.0
1239 251.0
1240 251.0
1241 203.0
1242 6.0
1243 204.0
1244 32.0
1245 192.0
1246 204.0
1247 217.0
1248 0.0
1249 14.0
1250 94.0
1251 248.0
1252 203.0
1253 203.0
1254 251.0
1255 201.0
1256 192.0
1257 181.0
1258 32.0
1259 6.0
1260 32.0
1261 204.0
1262 203.0
1263 203.0
1264 105.0
1265 203.0
1266 204.0
1267 204.0
1268 203.0
1269 251.0
1270 251.0
1271 251.0
1272 251.0
1273 72.0
1274 252.0
1275 316.0
1276 98.0
1277 315.0
1278 315.0
1279 251.0
1280 204.0
1281 247.0
1282 0.0
1283 0.0
1284 163.0
1285 203.0
1286 169.0
1287 169.0
1288 158.0
1289 251.0
1290 251.0
1291 251.0
1292 251.0
1293 49.0
1294 32.0
1295 203.0
1296 31.0
1297 191.0
1298 203.0
1299 6.0
1300 40.0
1301 32.0
1302 251.0
1303 31.0
1304 251.0
1305 293.0
1306 267.0
1307 191.0
1308 181.0
1309 203.0
1310 21.0
1311 32.0
1312 204.0
1313 54.0
1314 203.0
1315 83.0
1316 203.0
1317 204.0
1318 204.0
1319 203.0
1320 142.0
1321 251.0
1322 147.0
1323 251.0
1324 89.0
1325 234.0
1326 316.0
1327 87.0
1328 138.0
1329 315.0
1330 139.0
1331 1.0
1332 187.0
1333 251.0
1334 0.0
1335 169.0
1336 203.0
1337 37.0
1338 169.0
1339 251.0
1340 251.0
1341 251.0
1342 251.0
1343 179.0
1344 203.0
1345 7.0
1346 204.0
1347 26.0
1348 233.0
1349 211.0
1350 98.0
1351 32.0
1352 33.0
1353 209.0
1354 108.0
1355 203.0
1356 240.0
1357 192.0
1358 254.0
1359 126.0
1360 66.0
1361 33.0
1362 0.0
1363 204.0
1364 54.0
1365 203.0
1366 104.0
1367 204.0
1368 203.0
1369 203.0
1370 91.0
1371 61.0
1372 251.0
1373 251.0
1374 251.0
1375 262.0
1376 185.0
1377 316.0
1378 204.0
1379 86.0
1380 315.0
1381 315.0
1382 38.0
1383 267.0
1384 251.0
1385 203.0
1386 169.0
1387 203.0
1388 33.0
1389 175.0
1390 203.0
1391 251.0
1392 251.0
1393 251.0
1394 203.0
1395 251.0
1396 204.0
1397 32.0
1398 225.0
1399 203.0
1400 41.0
1401 0.0
1402 14.0
1403 30.0
1404 209.0
1405 251.0
1406 267.0
1407 240.0
1408 203.0
1409 256.0
1410 253.0
1411 154.0
1412 119.0
1413 32.0
1414 203.0
1415 180.0
1416 203.0
1417 71.0
1418 204.0
1419 203.0
1420 203.0
1421 174.0
1422 1.0
1423 251.0
1424 251.0
1425 72.0
1426 203.0
1427 204.0
1428 316.0
1429 43.0
1430 311.0
1431 252.0
1432 252.0
1433 204.0
1434 187.0
1435 0.0
1436 0.0
1437 163.0
1438 203.0
1439 169.0
1440 169.0
1441 203.0
1442 251.0
1443 251.0
1444 203.0
1445 203.0
1446 66.0
1447 203.0
1448 203.0
1449 153.0
1450 159.0
1451 203.0
1452 32.0
1453 34.0
1454 101.0
1455 248.0
1456 203.0
1457 203.0
1458 251.0
1459 189.0
1460 256.0
1461 191.0
1462 102.0
1463 203.0
1464 39.0
1465 203.0
1466 33.0
1467 203.0
1468 66.0
1469 204.0
1470 204.0
1471 204.0
1472 94.0
1473 251.0
1474 251.0
1475 147.0
1476 251.0
1477 252.0
1478 251.0
1479 316.0
1480 251.0
1481 0.0
1482 315.0
1483 181.0
1484 251.0
1485 187.0
1486 242.0
1487 39.0
1488 169.0
1489 169.0
1490 169.0
1491 169.0
1492 203.0
1493 251.0
1494 251.0
1495 251.0
1496 251.0
1497 16.0
1498 203.0
1499 203.0
1500 26.0
1501 98.0
1502 137.0
1503 24.0
1504 40.0
1505 101.0
1506 209.0
1507 211.0
1508 293.0
1509 251.0
1510 203.0
1511 253.0
1512 127.0
1513 32.0
1514 41.0
1515 32.0
1516 204.0
1517 54.0
1518 203.0
1519 105.0
1520 204.0
1521 203.0
1522 204.0
1523 98.0
1524 251.0
1525 251.0
1526 204.0
1527 203.0
1528 251.0
1529 203.0
1530 316.0
1531 250.0
1532 267.0
1533 315.0
1534 315.0
1535 1.0
1536 203.0
1537 203.0
1538 0.0
1539 203.0
1540 203.0
1541 38.0
1542 169.0
1543 203.0
1544 251.0
1545 251.0
1546 251.0
1547 251.0
1548 203.0
1549 203.0
1550 204.0
1551 32.0
1552 22.0
1553 37.0
1554 30.0
1555 174.0
1556 203.0
1557 251.0
1558 30.0
1559 226.0
1560 224.0
1561 203.0
1562 191.0
1563 245.0
1564 203.0
1565 122.0
1566 32.0
1567 204.0
1568 54.0
1569 203.0
1570 104.0
1571 204.0
1572 204.0
1573 203.0
1574 204.0
1575 51.0
1576 147.0
1577 147.0
1578 191.0
1579 72.0
1580 203.0
1581 316.0
1582 203.0
1583 204.0
1584 252.0
1585 315.0
1586 315.0
1587 247.0
1588 147.0
1589 0.0
1590 163.0
1591 203.0
1592 38.0
1593 169.0
1594 203.0
1595 251.0
1596 251.0
1597 203.0
1598 251.0
1599 16.0
1600 203.0
1601 98.0
1602 38.0
1603 16.0
1604 203.0
1605 251.0
1606 14.0
1607 30.0
1608 248.0
1609 71.0
1610 293.0
1611 229.0
1612 61.0
1613 192.0
1614 177.0
1615 65.0
1616 38.0
1617 32.0
1618 204.0
1619 203.0
1620 203.0
1621 56.0
1622 204.0
1623 204.0
1624 203.0
1625 204.0
1626 110.0
1627 251.0
1628 251.0
1629 251.0
1630 69.0
1631 252.0
1632 316.0
1633 315.0
1634 0.0
1635 252.0
1636 179.0
1637 203.0
1638 187.0
1639 251.0
1640 37.0
1641 169.0
1642 203.0
1643 38.0
1644 169.0
1645 251.0
1646 251.0
1647 251.0
1648 203.0
1649 251.0
1650 251.0
1651 203.0
1652 203.0
1653 198.0
1654 207.0
1655 251.0
1656 175.0
1657 175.0
1658 105.0
1659 209.0
1660 172.0
1661 256.0
1662 251.0
1663 229.0
1664 192.0
1665 203.0
1666 32.0
1667 315.0
1668 203.0
1669 204.0
1670 33.0
1671 203.0
1672 65.0
1673 204.0
1674 203.0
1675 204.0
1676 98.0
1677 251.0
1678 251.0
1679 251.0
1680 89.0
1681 203.0
1682 204.0
1683 316.0
1684 98.0
1685 0.0
1686 315.0
1687 315.0
1688 38.0
1689 187.0
1690 227.0
1691 174.0
1692 163.0
1693 203.0
1694 38.0
1695 169.0
1696 203.0
1697 251.0
1698 251.0
1699 251.0
1700 251.0
1701 251.0
1702 203.0
1703 208.0
1704 203.0
1705 22.0
1706 251.0
1707 30.0
1708 174.0
1709 49.0
1710 251.0
1711 203.0
1712 267.0
1713 240.0
1714 235.0
1715 233.0
1716 99.0
1717 32.0
1718 39.0
1719 32.0
1720 204.0
1721 54.0
1722 203.0
1723 104.0
1724 204.0
1725 203.0
1726 204.0
1727 203.0
1728 147.0
1729 251.0
1730 251.0
1731 49.0
1732 240.0
1733 203.0
1734 316.0
1735 315.0
1736 204.0
1737 252.0
1738 315.0
1739 101.0
1740 203.0
1741 0.0
1742 0.0
1743 203.0
1744 203.0
1745 38.0
1746 158.0
1747 251.0
1748 251.0
1749 251.0
1750 251.0
1751 251.0
1752 251.0
1753 251.0
1754 93.0
1755 204.0
1756 158.0
1757 121.0
1758 175.0
1759 25.0
1760 32.0
1761 248.0
1762 203.0
1763 226.0
1764 224.0
1765 6.0
1766 191.0
1767 82.0
1768 32.0
1769 38.0
1770 32.0
1771 203.0
1772 54.0
1773 203.0
1774 203.0
1775 204.0
1776 203.0
1777 203.0
1778 203.0
1779 1.0
1780 147.0
1781 251.0
1782 251.0
1783 252.0
1784 203.0
1785 316.0
1786 251.0
1787 0.0
1788 315.0
1789 179.0
1790 204.0
1791 187.0
1792 251.0
1793 0.0
1794 169.0
1795 203.0
1796 38.0
1797 169.0
1798 251.0
1799 251.0
1800 251.0
1801 203.0
1802 251.0
1803 16.0
1804 203.0
1805 24.0
1806 204.0
1807 185.0
1808 203.0
1809 251.0
1810 180.0
1811 32.0
1812 248.0
1813 192.0
1814 293.0
1815 267.0
1816 189.0
1817 191.0
1818 192.0
1819 32.0
1820 0.0
1821 0.0
1822 204.0
1823 33.0
1824 203.0
1825 203.0
1826 204.0
1827 204.0
1828 203.0
1829 251.0
1830 251.0
1831 251.0
1832 251.0
1833 251.0
1834 203.0
1835 154.0
1836 316.0
1837 43.0
1838 163.0
1839 315.0
1840 203.0
1841 247.0
1842 251.0
1843 251.0
1844 98.0
1845 203.0
1846 203.0
1847 38.0
1848 169.0
1849 203.0
1850 251.0
1851 251.0
1852 252.0
1853 251.0
1854 16.0
1855 251.0
1856 6.0
1857 51.0
1858 134.0
1859 251.0
1860 0.0
1861 185.0
1862 94.0
1863 209.0
1864 178.0
1865 256.0
1866 251.0
1867 225.0
1868 192.0
1869 191.0
1870 32.0
1871 41.0
1872 32.0
1873 204.0
1874 33.0
1875 203.0
1876 203.0
1877 204.0
1878 203.0
1879 137.0
1880 203.0
1881 251.0
1882 204.0
1883 204.0
1884 72.0
1885 164.0
1886 173.0
1887 316.0
1888 315.0
1889 204.0
1890 252.0
1891 105.0
1892 123.0
1893 203.0
1894 315.0
1895 104.0
1896 163.0
1897 203.0
1898 38.0
1899 169.0
1900 251.0
1901 251.0
1902 251.0
1903 203.0
1904 251.0
1905 251.0
1906 16.0
1907 6.0
1908 204.0
1909 22.0
1910 203.0
1911 251.0
1912 25.0
1913 19.0
1914 209.0
1915 251.0
1916 256.0
1917 251.0
1918 25.0
1919 251.0
1920 264.0
1921 32.0
1922 203.0
1923 32.0
1924 204.0
1925 203.0
1926 203.0
1927 107.0
1928 204.0
1929 203.0
1930 204.0
1931 203.0
1932 51.0
1933 251.0
1934 147.0
1935 203.0
1936 203.0
1937 227.0
1938 316.0
1939 203.0
1940 204.0
1941 315.0
1942 315.0
1943 203.0
1944 187.0
1945 0.0
1946 0.0
1947 163.0
1948 203.0
1949 38.0
1950 169.0
1951 251.0
1952 251.0
1953 251.0
1954 252.0
1955 251.0
1956 251.0
1957 192.0
1958 32.0
1959 203.0
1960 0.0
1961 204.0
1962 203.0
1963 203.0
1964 101.0
1965 248.0
1966 192.0
1967 229.0
1968 240.0
1969 192.0
1970 192.0
1971 203.0
1972 32.0
1973 203.0
1974 32.0
1975 203.0
1976 54.0
1977 203.0
1978 203.0
1979 204.0
1980 138.0
1981 110.0
1982 105.0
1983 251.0
1984 251.0
1985 251.0
1986 89.0
1987 155.0
1988 203.0
1989 316.0
1990 252.0
1991 163.0
1992 315.0
1993 315.0
1994 186.0
1995 247.0
1996 251.0
1997 0.0
1998 203.0
1999 169.0
2000 169.0
2001 203.0
2002 203.0
2003 251.0
2004 251.0
2005 251.0
2006 251.0
2007 9.0
2008 203.0
2009 203.0
2010 204.0
2011 204.0
2012 251.0
2013 203.0
2014 180.0
2015 203.0
2016 251.0
2017 203.0
2018 267.0
2019 267.0
2020 203.0
2021 251.0
2022 191.0
2023 38.0
2024 45.0
2025 32.0
2026 204.0
2027 54.0
2028 203.0
2029 203.0
2030 203.0
2031 180.0
2032 203.0
2033 203.0
2034 251.0
2035 147.0
2036 204.0
2037 252.0
2038 203.0
2039 230.0
2040 316.0
2041 33.0
2042 0.0
2043 315.0
2044 315.0
2045 258.0
2046 203.0
2047 220.0
2048 142.0
2049 169.0
2050 203.0
2051 38.0
2052 169.0
2053 251.0
2054 251.0
2055 251.0
2056 251.0
2057 251.0
2058 16.0
2059 251.0
2060 88.0
2061 186.0
2062 204.0
2063 251.0
2064 0.0
2065 25.0
2066 50.0
2067 251.0
2068 251.0
2069 256.0
2070 293.0
2071 6.0
2072 251.0
2073 271.0
2074 32.0
2075 67.0
2076 0.0
2077 203.0
2078 8.0
2079 203.0
2080 105.0
2081 203.0
2082 204.0
2083 104.0
2084 203.0
2085 204.0
2086 147.0
2087 252.0
2088 89.0
2089 69.0
2090 204.0
2091 316.0
2092 43.0
2093 315.0
2094 273.0
2095 105.0
2096 251.0
2097 247.0
2098 0.0
2099 83.0
2100 169.0
2101 203.0
2102 38.0
2103 43.0
2104 251.0
2105 251.0
2106 252.0
2107 203.0
2108 204.0
2109 251.0
2110 192.0
2111 203.0
2112 204.0
2113 32.0
2114 203.0
2115 203.0
2116 25.0
2117 120.0
2118 209.0
2119 191.0
2120 256.0
2121 229.0
2122 273.0
2123 256.0
2124 191.0
2125 32.0
2126 38.0
2127 32.0
2128 204.0
2129 203.0
2130 203.0
2131 203.0
2132 204.0
2133 203.0
2134 137.0
2135 203.0
2136 251.0
2137 89.0
2138 252.0
2139 251.0
2140 234.0
2141 251.0
2142 316.0
2143 204.0
2144 252.0
2145 315.0
2146 315.0
2147 132.0
2148 187.0
2149 0.0
2150 0.0
2151 163.0
2152 203.0
2153 38.0
2154 175.0
2155 203.0
2156 203.0
2157 203.0
2158 251.0
2159 252.0
2160 251.0
2161 251.0
2162 203.0
2163 33.0
2164 98.0
2165 251.0
2166 175.0
2167 34.0
2168 209.0
2169 251.0
2170 251.0
2171 230.0
2172 267.0
2173 203.0
2174 203.0
2175 253.0
2176 32.0
2177 97.0
2178 32.0
2179 204.0
2180 54.0
2181 203.0
2182 145.0
2183 204.0
2184 180.0
2185 203.0
2186 204.0
2187 251.0
2188 203.0
2189 252.0
2190 203.0
2191 191.0
2192 203.0
2193 316.0
2194 204.0
2195 0.0
2196 315.0
2197 315.0
2198 251.0
2199 253.0
2200 195.0
2201 144.0
2202 169.0
2203 203.0
2204 38.0
2205 175.0
2206 203.0
2207 18.0
2208 251.0
2209 251.0
2210 251.0
2211 203.0
2212 251.0
2213 203.0
2214 223.0
2215 204.0
2216 251.0
2217 30.0
2218 23.0
2219 251.0
2220 248.0
2221 190.0
2222 293.0
2223 293.0
2224 203.0
2225 251.0
2226 254.0
2227 32.0
2228 57.0
2229 32.0
2230 203.0
2231 203.0
2232 203.0
2233 32.0
2234 204.0
2235 158.0
2236 203.0
2237 131.0
2238 251.0
2239 252.0
2240 89.0
2241 251.0
2242 251.0
2243 251.0
2244 316.0
2245 43.0
2246 86.0
2247 315.0
2248 100.0
2249 258.0
2250 251.0
2251 0.0
2252 104.0
2253 203.0
2254 203.0
2255 38.0
2256 203.0
2257 251.0
2258 251.0
2259 251.0
2260 251.0
2261 251.0
2262 49.0
2263 251.0
2264 78.0
2265 115.0
2266 98.0
2267 251.0
2268 175.0
2269 14.0
2270 34.0
2271 251.0
2272 251.0
2273 256.0
2274 229.0
2275 203.0
2276 192.0
2277 256.0
2278 38.0
2279 204.0
2280 32.0
2281 203.0
2282 31.0
2283 203.0
2284 104.0
2285 204.0
2286 135.0
2287 203.0
2288 251.0
2289 252.0
2290 252.0
2291 252.0
2292 203.0
2293 203.0
2294 252.0
2295 316.0
2296 43.0
2297 204.0
2298 315.0
2299 105.0
2300 123.0
2301 251.0
2302 0.0
2303 0.0
2304 163.0
2305 203.0
2306 169.0
2307 169.0
2308 251.0
2309 203.0
2310 203.0
2311 252.0
2312 204.0
2313 203.0
2314 203.0
2315 32.0
2316 67.0
2317 0.0
2318 204.0
2319 0.0
2320 185.0
2321 251.0
2322 203.0
2323 191.0
2324 267.0
2325 267.0
2326 30.0
2327 300.0
2328 256.0
2329 32.0
2330 203.0
2331 32.0
2332 204.0
2333 204.0
2334 203.0
2335 104.0
2336 204.0
2337 49.0
2338 203.0
2339 252.0
2340 252.0
2341 89.0
2342 252.0
2343 89.0
2344 251.0
2345 252.0
2346 316.0
2347 203.0
2348 315.0
2349 252.0
2350 315.0
2351 204.0
2352 187.0
2353 251.0
2354 0.0
2355 203.0
2356 169.0
2357 38.0
2358 38.0
2359 203.0
2360 203.0
2361 203.0
2362 251.0
2363 251.0
2364 16.0
2365 274.0
2366 251.0
2367 169.0
2368 165.0
2369 203.0
2370 251.0
2371 180.0
2372 222.0
2373 251.0
2374 190.0
2375 256.0
2376 293.0
2377 203.0
2378 0.0
2379 0.0
2380 32.0
2381 316.0
2382 32.0
2383 204.0
2384 54.0
2385 203.0
2386 30.0
2387 204.0
2388 203.0
2389 66.0
2390 252.0
2391 252.0
2392 203.0
2393 252.0
2394 49.0
2395 203.0
2396 251.0
2397 316.0
2398 98.0
2399 0.0
2400 315.0
2401 315.0
2402 204.0
2403 187.0
2404 187.0
2405 0.0
2406 203.0
2407 153.0
2408 38.0
2409 38.0
2410 203.0
2411 18.0
2412 203.0
2413 251.0
2414 251.0
2415 251.0
2416 115.0
2417 203.0
2418 189.0
2419 42.0
2420 251.0
2421 204.0
2422 14.0
2423 203.0
2424 251.0
2425 192.0
2426 254.0
2427 240.0
2428 204.0
2429 218.0
2430 31.0
2431 38.0
2432 316.0
2433 32.0
2434 203.0
2435 33.0
2436 203.0
2437 104.0
2438 204.0
2439 180.0
2440 203.0
2441 252.0
2442 89.0
2443 252.0
2444 252.0
2445 72.0
2446 203.0
2447 38.0
2448 316.0
2449 0.0
2450 0.0
2451 315.0
2452 105.0
2453 38.0
2454 203.0
2455 0.0
2456 142.0
2457 203.0
2458 203.0
2459 38.0
2460 169.0
2461 251.0
2462 203.0
2463 251.0
2464 251.0
2465 180.0
2466 251.0
2467 251.0
2468 0.0
2469 223.0
2470 42.0
2471 251.0
2472 203.0
2473 25.0
2474 30.0
2475 251.0
2476 251.0
2477 293.0
2478 240.0
2479 0.0
2480 236.0
2481 176.0
2482 32.0
2483 203.0
2484 32.0
2485 203.0
2486 54.0
2487 203.0
2488 38.0
2489 204.0
2490 180.0
2491 57.0
2492 252.0
2493 252.0
2494 89.0
2495 252.0
2496 203.0
2497 209.0
2498 38.0
2499 316.0
2500 252.0
2501 315.0
2502 252.0
2503 315.0
2504 203.0
2505 203.0
2506 203.0
2507 142.0
2508 203.0
2509 203.0
2510 169.0
2511 175.0
2512 251.0
2513 203.0
2514 251.0
2515 252.0
2516 203.0
2517 251.0
2518 251.0
2519 0.0
2520 203.0
2521 42.0
2522 203.0
2523 251.0
2524 34.0
2525 114.0
2526 251.0
2527 192.0
2528 293.0
2529 251.0
2530 203.0
2531 248.0
2532 203.0
2533 32.0
2534 316.0
2535 32.0
2536 54.0
2537 54.0
2538 203.0
2539 39.0
2540 204.0
2541 25.0
2542 251.0
2543 252.0
2544 252.0
2545 89.0
2546 252.0
2547 72.0
2548 234.0
2549 204.0
2550 316.0
2551 204.0
2552 174.0
2553 252.0
2554 315.0
2555 204.0
2556 187.0
2557 251.0
2558 0.0
2559 203.0
2560 203.0
2561 169.0
2562 169.0
2563 203.0
2564 251.0
2565 203.0
2566 251.0
2567 252.0
2568 251.0
2569 115.0
2570 6.0
2571 1.0
2572 171.0
2573 251.0
2574 203.0
2575 185.0
2576 11.0
2577 251.0
2578 251.0
2579 293.0
2580 232.0
2581 203.0
2582 204.0
2583 47.0
2584 6.0
2585 315.0
2586 32.0
2587 203.0
2588 54.0
2589 204.0
2590 188.0
2591 204.0
2592 251.0
2593 251.0
2594 252.0
2595 252.0
2596 252.0
2597 252.0
2598 252.0
2599 203.0
2600 203.0
2601 316.0
2602 87.0
2603 103.0
2604 315.0
2605 315.0
2606 1.0
2607 187.0
2608 0.0
2609 0.0
2610 203.0
2611 203.0
2612 38.0
2613 169.0
2614 203.0
2615 203.0
2616 203.0
2617 252.0
2618 180.0
2619 251.0
2620 274.0
2621 253.0
2622 204.0
2623 169.0
2624 251.0
2625 251.0
2626 0.0
2627 19.0
2628 251.0
2629 192.0
2630 251.0
2631 293.0
2632 0.0
2633 0.0
2634 36.0
2635 30.0
2636 316.0
2637 32.0
2638 204.0
2639 203.0
2640 54.0
2641 38.0
2642 251.0
2643 251.0
2644 252.0
2645 252.0
2646 252.0
2647 252.0
2648 203.0
2649 89.0
2650 204.0
2651 251.0
2652 316.0
2653 99.0
2654 268.0
2655 315.0
2656 315.0
2657 203.0
2658 251.0
2659 251.0
2660 160.0
2661 203.0
2662 203.0
2663 53.0
2664 43.0
2665 251.0
2666 112.0
2667 251.0
2668 251.0
2669 251.0
2670 203.0
2671 192.0
2672 181.0
2673 184.0
2674 206.0
2675 251.0
2676 251.0
2677 206.0
2678 94.0
2679 251.0
2680 232.0
2681 293.0
2682 240.0
2683 0.0
2684 0.0
2685 203.0
2686 32.0
2687 203.0
2688 32.0
2689 54.0
2690 203.0
2691 203.0
2692 251.0
2693 251.0
2694 121.0
2695 66.0
2696 252.0
2697 203.0
2698 252.0
2699 252.0
2700 180.0
2701 203.0
2702 155.0
2703 316.0
2704 252.0
2705 268.0
2706 252.0
2707 315.0
2708 38.0
2709 251.0
2710 315.0
2711 144.0
2712 203.0
2713 203.0
2714 169.0
2715 43.0
2716 251.0
2717 251.0
2718 203.0
2719 251.0
2720 251.0
2721 203.0
2722 251.0
2723 203.0
2724 251.0
2725 158.0
2726 203.0
2727 251.0
2728 34.0
2729 19.0
2730 251.0
2731 190.0
2732 293.0
2733 293.0
2734 256.0
2735 226.0
2736 0.0
2737 203.0
2738 316.0
2739 32.0
2740 204.0
2741 54.0
2742 252.0
2743 252.0
2744 204.0
2745 89.0
2746 252.0
2747 252.0
2748 252.0
2749 252.0
2750 252.0
2751 89.0
2752 204.0
2753 251.0
2754 316.0
2755 251.0
2756 315.0
2757 315.0
2758 315.0
2759 123.0
2760 187.0
2761 0.0
2762 0.0
2763 203.0
2764 203.0
2765 38.0
2766 169.0
2767 203.0
2768 203.0
2769 203.0
2770 251.0
2771 203.0
2772 251.0
2773 251.0
2774 203.0
2775 146.0
2776 98.0
2777 171.0
2778 251.0
2779 40.0
2780 19.0
2781 251.0
2782 251.0
2783 251.0
2784 293.0
2785 203.0
2786 248.0
2787 47.0
2788 38.0
2789 315.0
2790 32.0
2791 203.0
2792 252.0
2793 252.0
2794 252.0
2795 252.0
2796 251.0
2797 251.0
2798 252.0
2799 66.0
2800 252.0
2801 252.0
2802 89.0
2803 203.0
2804 203.0
2805 316.0
2806 252.0
2807 315.0
2808 315.0
2809 315.0
2810 251.0
2811 187.0
2812 0.0
2813 0.0
2814 203.0
2815 203.0
2816 38.0
2817 203.0
2818 203.0
2819 203.0
2820 251.0
2821 251.0
2822 180.0
2823 251.0
2824 251.0
2825 165.0
2826 45.0
2827 204.0
2828 251.0
2829 251.0
2830 0.0
2831 38.0
2832 251.0
2833 251.0
2834 293.0
2835 240.0
2836 118.0
2837 181.0
2838 192.0
2839 315.0
2840 203.0
2841 32.0
2842 252.0
2843 252.0
2844 34.0
2845 252.0
2846 252.0
2847 252.0
2848 252.0
2849 252.0
2850 252.0
2851 252.0
2852 203.0
2853 203.0
2854 204.0
2855 155.0
2856 316.0
2857 86.0
2858 315.0
2859 315.0
2860 179.0
2861 252.0
2862 267.0
2863 251.0
2864 0.0
2865 203.0
2866 203.0
2867 169.0
2868 203.0
2869 251.0
2870 203.0
2871 252.0
2872 252.0
2873 252.0
2874 274.0
2875 192.0
2876 203.0
2877 218.0
2878 0.0
2879 251.0
2880 251.0
2881 0.0
2882 101.0
2883 251.0
2884 267.0
2885 293.0
2886 240.0
2887 0.0
2888 200.0
2889 203.0
2890 32.0
2891 204.0
2892 32.0
2893 251.0
2894 204.0
2895 252.0
2896 251.0
2897 89.0
2898 89.0
2899 251.0
2900 252.0
2901 252.0
2902 252.0
2903 252.0
2904 49.0
2905 203.0
2906 155.0
2907 316.0
2908 252.0
2909 315.0
2910 252.0
2911 315.0
2912 105.0
2913 89.0
2914 220.0
2915 34.0
2916 203.0
2917 203.0
2918 169.0
2919 169.0
2920 251.0
2921 36.0
2922 203.0
2923 251.0
2924 251.0
2925 251.0
2926 274.0
2927 203.0
2928 137.0
2929 159.0
2930 251.0
2931 251.0
2932 34.0
2933 30.0
2934 186.0
2935 267.0
2936 293.0
2937 293.0
2938 203.0
2939 273.0
2940 203.0
2941 29.0
2942 38.0
2943 32.0
2944 252.0
2945 204.0
2946 203.0
2947 252.0
2948 252.0
2949 252.0
2950 251.0
2951 252.0
2952 252.0
2953 252.0
2954 252.0
2955 203.0
2956 204.0
2957 251.0
2958 316.0
2959 315.0
2960 138.0
2961 315.0
2962 315.0
2963 315.0
2964 203.0
2965 112.0
2966 63.0
2967 203.0
2968 203.0
2969 169.0
2970 158.0
2971 203.0
2972 36.0
2973 203.0
2974 251.0
2975 269.0
2976 251.0
2977 251.0
2978 251.0
2979 203.0
2980 204.0
2981 204.0
2982 203.0
2983 180.0
2984 50.0
2985 215.0
2986 267.0
2987 251.0
2988 294.0
2989 203.0
2990 226.0
2991 47.0
2992 32.0
2993 38.0
2994 32.0
2995 252.0
2996 252.0
2997 252.0
2998 252.0
2999 252.0
3000 251.0
3001 49.0
3002 252.0
3003 89.0
3004 252.0
3005 89.0
3006 203.0
3007 252.0
3008 203.0
3009 316.0
3010 103.0
3011 315.0
3012 315.0
3013 181.0
3014 274.0
3015 315.0
3016 187.0
3017 0.0
3018 203.0
3019 203.0
3020 38.0
3021 43.0
3022 203.0
3023 18.0
3024 251.0
3025 203.0
3026 192.0
3027 251.0
3028 251.0
3029 251.0
3030 184.0
3031 211.0
3032 251.0
3033 203.0
3034 0.0
3035 32.0
3036 203.0
3037 267.0
3038 251.0
3039 240.0
3040 30.0
3041 114.0
3042 36.0
3043 32.0
3044 203.0
3045 32.0
3046 251.0
3047 204.0
3048 252.0
3049 252.0
3050 252.0
3051 89.0
3052 251.0
3053 252.0
3054 252.0
3055 252.0
3056 252.0
3057 69.0
3058 234.0
3059 204.0
3060 316.0
3061 252.0
3062 315.0
3063 315.0
3064 181.0
3065 315.0
3066 187.0
3067 251.0
3068 180.0
3069 203.0
3070 203.0
3071 169.0
3072 169.0
3073 251.0
3074 112.0
3075 251.0
3076 251.0
3077 203.0
3078 251.0
3079 251.0
3080 251.0
3081 143.0
3082 20.0
3083 251.0
3084 203.0
3085 34.0
3086 140.0
3087 192.0
3088 251.0
3089 240.0
3090 293.0
3091 203.0
3092 204.0
3093 75.0
3094 32.0
3095 38.0
3096 32.0
3097 251.0
3098 251.0
3099 252.0
3100 252.0
3101 252.0
3102 89.0
3103 251.0
3104 252.0
3105 252.0
3106 252.0
3107 252.0
3108 203.0
3109 233.0
3110 155.0
3111 316.0
3112 251.0
3113 103.0
3114 315.0
3115 262.0
3116 315.0
3117 89.0
3118 315.0
3119 0.0
3120 203.0
3121 203.0
3122 38.0
3123 158.0
3124 203.0
3125 203.0
3126 203.0
3127 61.0
3128 203.0
3129 251.0
3130 251.0
3131 203.0
3132 203.0
3133 38.0
3134 251.0
3135 203.0
3136 153.0
3137 30.0
3138 192.0
3139 203.0
3140 267.0
3141 293.0
3142 0.0
3143 234.0
3144 203.0
3145 65.0
3146 316.0
3147 7.0
3148 251.0
3149 251.0
3150 252.0
3151 252.0
3152 204.0
3153 251.0
3154 252.0
3155 252.0
3156 252.0
3157 252.0
3158 204.0
3159 203.0
3160 204.0
3161 252.0
3162 316.0
3163 251.0
3164 315.0
3165 315.0
3166 315.0
3167 274.0
3168 251.0
3169 0.0
3170 251.0
3171 203.0
3172 203.0
3173 38.0
3174 43.0
3175 203.0
3176 203.0
3177 251.0
3178 203.0
3179 192.0
3180 251.0
3181 251.0
3182 38.0
3183 203.0
3184 204.0
3185 251.0
3186 251.0
3187 0.0
3188 203.0
3189 185.0
3190 251.0
3191 267.0
3192 240.0
3193 127.0
3194 204.0
3195 36.0
3196 32.0
3197 203.0
3198 203.0
3199 252.0
3200 37.0
3201 252.0
3202 252.0
3203 252.0
3204 203.0
3205 251.0
3206 252.0
3207 252.0
3208 252.0
3209 252.0
3210 203.0
3211 203.0
3212 203.0
3213 316.0
3214 251.0
3215 315.0
3216 315.0
3217 139.0
3218 315.0
3219 203.0
3220 0.0
3221 0.0
3222 315.0
3223 203.0
3224 38.0
3225 38.0
3226 251.0
3227 18.0
3228 251.0
3229 203.0
3230 251.0
3231 251.0
3232 251.0
3233 136.0
3234 251.0
3235 229.0
3236 251.0
3237 0.0
3238 34.0
3239 251.0
3240 203.0
3241 0.0
3242 251.0
3243 294.0
3244 6.0
3245 204.0
3246 36.0
3247 32.0
3248 38.0
3249 176.0
3250 204.0
3251 203.0
3252 252.0
3253 252.0
3254 252.0
3255 121.0
3256 252.0
3257 252.0
3258 252.0
3259 252.0
3260 252.0
3261 203.0
3262 234.0
3263 252.0
3264 316.0
3265 252.0
3266 315.0
3267 315.0
3268 315.0
3269 315.0
3270 187.0
3271 251.0
3272 0.0
3273 203.0
3274 315.0
3275 38.0
3276 169.0
3277 251.0
3278 204.0
3279 251.0
3280 203.0
3281 251.0
3282 251.0
3283 251.0
3284 251.0
3285 213.0
3286 22.0
3287 251.0
3288 175.0
3289 204.0
3290 120.0
3291 251.0
3292 251.0
3293 293.0
3294 293.0
3295 189.0
3296 278.0
3297 39.0
3298 32.0
3299 203.0
3300 203.0
3301 251.0
3302 251.0
3303 252.0
3304 252.0
3305 252.0
3306 252.0
3307 66.0
3308 252.0
3309 252.0
3310 252.0
3311 252.0
3312 252.0
3313 234.0
3314 175.0
3315 316.0
3316 268.0
3317 315.0
3318 315.0
3319 262.0
3320 315.0
3321 187.0
3322 251.0
3323 39.0
3324 203.0
3325 204.0
3326 169.0
3327 169.0
3328 203.0
3329 203.0
3330 203.0
3331 61.0
3332 203.0
3333 251.0
3334 251.0
3335 38.0
3336 147.0
3337 22.0
3338 251.0
3339 175.0
3340 14.0
3341 120.0
3342 185.0
3343 191.0
3344 293.0
3345 240.0
3346 0.0
3347 247.0
3348 36.0
3349 203.0
3350 315.0
3351 33.0
3352 204.0
3353 252.0
3354 252.0
3355 252.0
3356 252.0
3357 251.0
3358 66.0
3359 252.0
3360 89.0
3361 252.0
3362 89.0
3363 89.0
3364 203.0
3365 203.0
3366 316.0
3367 252.0
3368 174.0
3369 315.0
3370 179.0
3371 315.0
3372 247.0
3373 0.0
3374 0.0
3375 229.0
3376 204.0
3377 169.0
3378 38.0
3379 251.0
3380 36.0
3381 251.0
3382 203.0
3383 189.0
3384 274.0
3385 251.0
3386 203.0
3387 251.0
3388 204.0
3389 251.0
3390 184.0
3391 25.0
3392 203.0
3393 186.0
3394 241.0
3395 240.0
3396 240.0
3397 61.0
3398 203.0
3399 198.0
3400 30.0
3401 38.0
3402 45.0
3403 252.0
3404 251.0
3405 252.0
3406 252.0
3407 252.0
3408 57.0
3409 251.0
3410 252.0
3411 252.0
3412 252.0
3413 252.0
3414 251.0
3415 204.0
3416 252.0
3417 316.0
3418 252.0
3419 268.0
3420 315.0
3421 179.0
3422 315.0
3423 203.0
3424 0.0
3425 45.0
3426 203.0
3427 203.0
3428 169.0
3429 77.0
3430 251.0
3431 251.0
3432 251.0
3433 251.0
3434 203.0
3435 251.0
3436 274.0
3437 251.0
3438 203.0
3439 0.0
3440 251.0
3441 30.0
3442 34.0
3443 251.0
3444 203.0
3445 203.0
3446 293.0
3447 240.0
3448 30.0
3449 300.0
3450 203.0
3451 32.0
3452 59.0
3453 203.0
3454 252.0
3455 204.0
3456 252.0
3457 252.0
3458 252.0
3459 89.0
3460 203.0
3461 252.0
3462 252.0
3463 252.0
3464 252.0
3465 203.0
3466 234.0
3467 38.0
3468 316.0
3469 315.0
3470 263.0
3471 315.0
3472 315.0
3473 262.0
3474 187.0
3475 185.0
3476 0.0
3477 315.0
3478 32.0
3479 46.0
3480 169.0
3481 251.0
3482 76.0
3483 251.0
3484 251.0
3485 203.0
3486 251.0
3487 251.0
3488 184.0
3489 144.0
3490 204.0
3491 251.0
3492 175.0
3493 175.0
3494 120.0
3495 227.0
3496 191.0
3497 254.0
3498 293.0
3499 159.0
3500 300.0
3501 0.0
3502 315.0
3503 203.0
3504 203.0
3505 251.0
3506 251.0
3507 252.0
3508 252.0
3509 252.0
3510 251.0
3511 251.0
3512 252.0
3513 252.0
3514 252.0
3515 252.0
3516 203.0
3517 204.0
3518 252.0
3519 316.0
3520 315.0
3521 174.0
3522 315.0
3523 315.0
3524 315.0
3525 187.0
3526 112.0
3527 83.0
3528 204.0
3529 203.0
3530 169.0
3531 32.0
3532 203.0
3533 251.0
3534 252.0
3535 203.0
3536 203.0
3537 251.0
3538 251.0
3539 203.0
3540 203.0
3541 204.0
3542 251.0
3543 175.0
3544 0.0
3545 251.0
3546 185.0
3547 251.0
3548 293.0
3549 294.0
3550 204.0
3551 300.0
3552 203.0
3553 27.0
3554 315.0
3555 203.0
3556 252.0
3557 251.0
3558 203.0
3559 252.0
3560 252.0
3561 251.0
3562 252.0
3563 252.0
3564 252.0
3565 252.0
3566 252.0
3567 89.0
3568 203.0
3569 252.0
3570 316.0
3571 251.0
3572 315.0
3573 315.0
3574 181.0
3575 315.0
3576 203.0
3577 0.0
3578 203.0
3579 315.0
3580 204.0
3581 169.0
3582 38.0
3583 251.0
3584 203.0
3585 252.0
3586 190.0
3587 251.0
3588 251.0
3589 251.0
3590 204.0
3591 213.0
3592 203.0
3593 251.0
3594 0.0
3595 25.0
3596 248.0
3597 203.0
3598 267.0
3599 294.0
3600 240.0
3601 25.0
3602 247.0
3603 75.0
3604 203.0
3605 203.0
3606 203.0
3607 252.0
3608 252.0
3609 251.0
3610 252.0
3611 89.0
3612 57.0
3613 252.0
3614 252.0
3615 252.0
3616 252.0
3617 252.0
3618 203.0
3619 233.0
3620 34.0
3621 316.0
3622 252.0
3623 315.0
3624 315.0
3625 179.0
3626 315.0
3627 203.0
3628 112.0
3629 0.0
3630 203.0
3631 203.0
3632 38.0
3633 158.0
3634 251.0
3635 203.0
3636 251.0
3637 61.0
3638 203.0
3639 274.0
3640 251.0
3641 203.0
3642 165.0
3643 22.0
3644 251.0
3645 0.0
3646 40.0
3647 32.0
3648 267.0
3649 251.0
3650 240.0
3651 294.0
3652 30.0
3653 300.0
3654 36.0
3655 108.0
3656 38.0
3657 203.0
3658 252.0
3659 204.0
3660 252.0
3661 252.0
3662 116.0
3663 251.0
3664 89.0
3665 252.0
3666 252.0
3667 252.0
3668 252.0
3669 89.0
3670 203.0
3671 252.0
3672 316.0
3673 315.0
3674 268.0
3675 252.0
3676 252.0
3677 315.0
3678 187.0
3679 203.0
3680 0.0
3681 282.0
3682 202.0
3683 169.0
3684 203.0
3685 203.0
3686 252.0
3687 251.0
3688 203.0
3689 251.0
3690 251.0
3691 251.0
3692 203.0
3693 215.0
3694 189.0
3695 251.0
3696 175.0
3697 180.0
3698 180.0
3699 196.0
3700 251.0
3701 293.0
3702 294.0
3703 0.0
3704 300.0
3705 36.0
3706 173.0
3707 203.0
3708 224.0
3709 252.0
3710 204.0
3711 251.0
3712 252.0
3713 252.0
3714 251.0
3715 121.0
3716 252.0
3717 89.0
3718 252.0
3719 252.0
3720 203.0
3721 203.0
3722 196.0
3723 316.0
3724 315.0
3725 103.0
3726 252.0
3727 181.0
3728 274.0
3729 187.0
3730 257.0
3731 0.0
3732 203.0
3733 204.0
3734 169.0
3735 203.0
3736 251.0
3737 251.0
3738 251.0
3739 203.0
3740 156.0
3741 251.0
3742 251.0
3743 203.0
3744 149.0
3745 38.0
3746 251.0
3747 30.0
3748 251.0
3749 203.0
3750 251.0
3751 267.0
3752 240.0
3753 240.0
3754 241.0
3755 300.0
3756 36.0
3757 203.0
3758 204.0
3759 33.0
3760 252.0
3761 252.0
3762 251.0
3763 252.0
3764 252.0
3765 252.0
3766 252.0
3767 252.0
3768 252.0
3769 252.0
3770 252.0
3771 89.0
3772 234.0
3773 34.0
3774 316.0
3775 252.0
3776 174.0
3777 315.0
3778 315.0
3779 262.0
3780 187.0
3781 187.0
3782 48.0
3783 203.0
3784 203.0
3785 38.0
3786 77.0
3787 251.0
3788 251.0
3789 251.0
3790 203.0
3791 251.0
3792 251.0
3793 16.0
3794 204.0
3795 251.0
3796 22.0
3797 251.0
3798 251.0
3799 25.0
3800 267.0
3801 203.0
3802 251.0
3803 240.0
3804 240.0
3805 203.0
3806 247.0
3807 0.0
3808 203.0
3809 67.0
3810 204.0
3811 252.0
3812 251.0
3813 252.0
3814 252.0
3815 252.0
3816 89.0
3817 252.0
3818 252.0
3819 252.0
3820 252.0
3821 252.0
3822 171.0
3823 262.0
3824 252.0
3825 316.0
3826 252.0
3827 315.0
3828 315.0
3829 262.0
3830 315.0
3831 253.0
3832 251.0
3833 0.0
3834 184.0
3835 315.0
3836 38.0
3837 158.0
3838 203.0
3839 251.0
3840 251.0
3841 203.0
3842 203.0
3843 251.0
3844 192.0
3845 204.0
3846 251.0
3847 134.0
3848 251.0
3849 175.0
3850 180.0
3851 33.0
3852 203.0
3853 267.0
3854 240.0
3855 240.0
3856 224.0
3857 300.0
3858 39.0
3859 249.0
3860 315.0
3861 204.0
3862 252.0
3863 251.0
3864 203.0
3865 252.0
3866 252.0
3867 252.0
3868 203.0
3869 252.0
3870 89.0
3871 252.0
3872 89.0
3873 89.0
3874 203.0
3875 252.0
3876 316.0
3877 315.0
3878 315.0
3879 315.0
3880 315.0
3881 315.0
3882 240.0
3883 251.0
3884 60.0
3885 203.0
3886 229.0
3887 38.0
3888 158.0
3889 251.0
3890 251.0
3891 252.0
3892 203.0
3893 203.0
3894 274.0
3895 203.0
3896 204.0
3897 203.0
3898 191.0
3899 251.0
3900 203.0
3901 180.0
3902 203.0
3903 192.0
3904 267.0
3905 293.0
3906 294.0
3907 204.0
3908 300.0
3909 36.0
3910 121.0
3911 204.0
3912 251.0
3913 252.0
3914 204.0
3915 252.0
3916 252.0
3917 252.0
3918 252.0
3919 252.0
3920 252.0
3921 252.0
3922 252.0
3923 252.0
3924 89.0
3925 262.0
3926 204.0
3927 316.0
3928 315.0
3929 103.0
3930 252.0
3931 179.0
3932 315.0
3933 251.0
3934 187.0
3935 203.0
3936 203.0
3937 203.0
3938 38.0
3939 150.0
3940 315.0
3941 252.0
3942 252.0
3943 203.0
3944 203.0
3945 274.0
3946 251.0
3947 203.0
3948 184.0
3949 98.0
3950 251.0
3951 24.0
3952 0.0
3953 251.0
3954 251.0
3955 293.0
3956 293.0
3957 240.0
3958 203.0
3959 247.0
3960 192.0
3961 203.0
3962 38.0
3963 55.0
3964 252.0
3965 251.0
3966 252.0
3967 252.0
3968 252.0
3969 252.0
3970 252.0
3971 252.0
3972 252.0
3973 252.0
3974 252.0
3975 69.0
3976 234.0
3977 38.0
3978 316.0
3979 252.0
3980 267.0
3981 252.0
3982 315.0
3983 315.0
3984 315.0
3985 191.0
3986 0.0
3987 282.0
3988 214.0
3989 38.0
3990 203.0
3991 203.0
3992 203.0
3993 251.0
3994 203.0
3995 203.0
3996 251.0
3997 16.0
3998 204.0
3999 203.0
4000 203.0
4001 251.0
4002 251.0
4003 180.0
4004 120.0
4005 251.0
4006 203.0
4007 240.0
4008 294.0
4009 251.0
4010 300.0
4011 0.0
4012 203.0
4013 315.0
4014 203.0
4015 252.0
4016 251.0
4017 252.0
4018 252.0
4019 252.0
4020 203.0
4021 203.0
4022 252.0
4023 252.0
4024 252.0
4025 147.0
4026 203.0
4027 203.0
4028 252.0
4029 316.0
4030 315.0
4031 315.0
4032 315.0
4033 315.0
4034 315.0
4035 187.0
4036 251.0
4037 0.0
4038 184.0
4039 224.0
4040 38.0
4041 203.0
4042 203.0
4043 203.0
4044 252.0
4045 203.0
4046 203.0
4047 251.0
4048 251.0
4049 204.0
4050 155.0
4051 185.0
4052 251.0
4053 203.0
4054 56.0
4055 245.0
4056 165.0
4057 267.0
4058 240.0
4059 294.0
4060 235.0
4061 300.0
4062 0.0
4063 0.0
4064 204.0
4065 203.0
4066 252.0
4067 252.0
4068 252.0
4069 252.0
4070 252.0
4071 251.0
4072 203.0
4073 252.0
4074 252.0
4075 252.0
4076 252.0
4077 69.0
4078 234.0
4079 204.0
4080 316.0
4081 315.0
4082 315.0
4083 315.0
4084 315.0
4085 315.0
4086 251.0
4087 191.0
4088 0.0
4089 203.0
4090 203.0
4091 38.0
4092 158.0
4093 203.0
4094 203.0
4095 251.0
4096 264.0
4097 99.0
4098 251.0
4099 251.0
4100 204.0
4101 160.0
4102 251.0
4103 251.0
4104 251.0
4105 14.0
4106 203.0
4107 165.0
4108 254.0
4109 256.0
4110 240.0
4111 0.0
4112 300.0
4113 36.0
4114 141.0
4115 54.0
4116 237.0
4117 252.0
4118 252.0
4119 252.0
4120 252.0
4121 252.0
4122 252.0
4123 252.0
4124 252.0
4125 252.0
4126 252.0
4127 252.0
4128 203.0
4129 234.0
4130 99.0
4131 316.0
4132 315.0
4133 263.0
4134 252.0
4135 315.0
4136 274.0
4137 187.0
4138 191.0
4139 203.0
4140 251.0
4141 251.0
4142 38.0
4143 203.0
4144 203.0
4145 191.0
4146 203.0
4147 203.0
4148 203.0
4149 251.0
4150 274.0
4151 204.0
4152 203.0
4153 175.0
4154 251.0
4155 251.0
4156 0.0
4157 251.0
4158 220.0
4159 251.0
4160 240.0
4161 240.0
4162 203.0
4163 247.0
4164 130.0
4165 203.0
4166 315.0
4167 203.0
4168 252.0
4169 252.0
4170 66.0
4171 252.0
4172 252.0
4173 203.0
4174 89.0
4175 252.0
4176 252.0
4177 252.0
4178 252.0
4179 203.0
4180 204.0
4181 67.0
4182 316.0
4183 252.0
4184 315.0
4185 315.0
4186 179.0
4187 315.0
4188 187.0
4189 251.0
4190 0.0
4191 315.0
4192 202.0
4193 38.0
4194 55.0
4195 203.0
4196 152.0
4197 203.0
4198 203.0
4199 9.0
4200 274.0
4201 251.0
4202 204.0
4203 203.0
4204 185.0
4205 251.0
4206 251.0
4207 34.0
4208 251.0
4209 267.0
4210 267.0
4211 232.0
4212 294.0
4213 192.0
4214 300.0
4215 18.0
4216 20.0
4217 203.0
4218 203.0
4219 252.0
4220 251.0
4221 252.0
4222 252.0
4223 252.0
4224 252.0
4225 203.0
4226 252.0
4227 252.0
4228 252.0
4229 252.0
4230 89.0
4231 203.0
4232 204.0
4233 316.0
4234 252.0
4235 315.0
4236 315.0
4237 315.0
4238 315.0
4239 203.0
4240 315.0
4241 0.0
4242 203.0
4243 315.0
4244 38.0
4245 38.0
4246 251.0
4247 180.0
4248 78.0
4249 203.0
4250 203.0
4251 251.0
4252 251.0
4253 204.0
4254 7.0
4255 191.0
4256 251.0
4257 203.0
4258 32.0
4259 142.0
4260 203.0
4261 254.0
4262 256.0
4263 294.0
4264 192.0
4265 300.0
4266 36.0
4267 54.0
4268 204.0
4269 223.0
4270 252.0
4271 251.0
4272 252.0
4273 252.0
4274 252.0
4275 203.0
4276 252.0
4277 252.0
4278 252.0
4279 252.0
4280 252.0
4281 203.0
4282 234.0
4283 251.0
4284 316.0
4285 315.0
4286 315.0
4287 315.0
4288 315.0
4289 315.0
4290 203.0
4291 191.0
4292 0.0
4293 203.0
4294 203.0
4295 38.0
4296 169.0
4297 251.0
4298 197.0
4299 203.0
4300 29.0
4301 203.0
4302 251.0
4303 251.0
4304 204.0
4305 104.0
4306 251.0
4307 251.0
4308 203.0
4309 0.0
4310 251.0
4311 203.0
4312 251.0
4313 293.0
4314 294.0
4315 0.0
4316 300.0
4317 0.0
4318 203.0
4319 316.0
4320 252.0
4321 252.0
4322 204.0
4323 252.0
4324 252.0
4325 252.0
4326 203.0
4327 252.0
4328 252.0
4329 89.0
4330 252.0
4331 252.0
4332 252.0
4333 234.0
4334 38.0
4335 316.0
4336 315.0
4337 315.0
4338 252.0
4339 315.0
4340 315.0
4341 187.0
4342 251.0
4343 77.0
4344 184.0
4345 299.0
4346 169.0
4347 203.0
4348 203.0
4349 251.0
4350 251.0
4351 203.0
4352 251.0
4353 251.0
4354 251.0
4355 203.0
4356 140.0
4357 203.0
4358 251.0
4359 203.0
4360 40.0
4361 251.0
4362 189.0
4363 293.0
4364 184.0
4365 294.0
4366 203.0
4367 300.0
4368 9.0
4369 32.0
4370 316.0
4371 204.0
4372 252.0
4373 251.0
4374 252.0
4375 252.0
4376 252.0
4377 252.0
4378 203.0
4379 252.0
4380 252.0
4381 252.0
4382 252.0
4383 89.0
4384 204.0
4385 203.0
4386 316.0
4387 315.0
4388 315.0
4389 252.0
4390 315.0
4391 274.0
4392 251.0
4393 251.0
4394 0.0
4395 315.0
4396 203.0
4397 169.0
4398 315.0
4399 197.0
4400 169.0
4401 203.0
4402 203.0
4403 203.0
4404 251.0
4405 251.0
4406 204.0
4407 255.0
4408 204.0
4409 251.0
4410 203.0
4411 25.0
4412 142.0
4413 166.0
4414 267.0
4415 184.0
4416 240.0
4417 191.0
4418 300.0
4419 18.0
4420 175.0
4421 203.0
4422 204.0
4423 252.0
4424 251.0
4425 252.0
4426 252.0
4427 252.0
4428 252.0
4429 203.0
4430 252.0
4431 252.0
4432 252.0
4433 252.0
4434 89.0
4435 203.0
4436 204.0
4437 316.0
4438 315.0
4439 315.0
4440 315.0
4441 315.0
4442 105.0
4443 251.0
4444 251.0
4445 0.0
4446 203.0
4447 251.0
4448 169.0
4449 203.0
4450 203.0
4451 158.0
4452 251.0
4453 28.0
4454 251.0
4455 274.0
4456 251.0
4457 204.0
4458 203.0
4459 230.0
4460 251.0
4461 251.0
4462 0.0
4463 204.0
4464 197.0
4465 254.0
4466 240.0
4467 294.0
4468 192.0
4469 300.0
4470 0.0
4471 30.0
4472 203.0
4473 203.0
4474 252.0
4475 252.0
4476 252.0
4477 252.0
4478 252.0
4479 203.0
4480 252.0
4481 252.0
4482 252.0
4483 252.0
4484 252.0
4485 49.0
4486 234.0
4487 203.0
4488 316.0
4489 315.0
4490 315.0
4491 315.0
4492 105.0
4493 315.0
4494 187.0
4495 315.0
4496 0.0
4497 224.0
4498 282.0
4499 38.0
4500 203.0
4501 251.0
4502 203.0
4503 251.0
4504 2.0
4505 203.0
4506 251.0
4507 274.0
4508 204.0
4509 104.0
4510 204.0
4511 251.0
4512 251.0
4513 34.0
4514 251.0
4515 1.0
4516 240.0
4517 256.0
4518 294.0
4519 251.0
4520 300.0
4521 203.0
4522 32.0
4523 315.0
4524 204.0
4525 252.0
4526 252.0
4527 252.0
4528 252.0
4529 252.0
4530 252.0
4531 252.0
4532 252.0
4533 252.0
4534 252.0
4535 252.0
4536 203.0
4537 204.0
4538 171.0
4539 316.0
4540 315.0
4541 315.0
4542 315.0
4543 315.0
4544 315.0
4545 247.0
4546 257.0
4547 0.0
4548 193.0
4549 251.0
4550 169.0
4551 38.0
4552 202.0
4553 158.0
4554 251.0
4555 203.0
4556 262.0
4557 251.0
4558 251.0
4559 204.0
4560 203.0
4561 147.0
4562 251.0
4563 251.0
4564 25.0
4565 251.0
4566 180.0
4567 240.0
4568 240.0
4569 294.0
4570 203.0
4571 300.0
4572 202.0
4573 203.0
4574 316.0
4575 196.0
4576 252.0
4577 252.0
4578 252.0
4579 252.0
4580 252.0
4581 252.0
4582 203.0
4583 252.0
4584 252.0
4585 252.0
4586 252.0
4587 203.0
4588 262.0
4589 251.0
4590 316.0
4591 315.0
4592 315.0
4593 315.0
4594 105.0
4595 315.0
4596 217.0
4597 315.0
4598 203.0
4599 251.0
4600 315.0
4601 169.0
4602 203.0
4603 203.0
4604 251.0
4605 251.0
4606 203.0
4607 251.0
4608 251.0
4609 274.0
4610 204.0
4611 251.0
4612 203.0
4613 251.0
4614 251.0
4615 14.0
4616 251.0
4617 152.0
4618 293.0
4619 232.0
4620 294.0
4621 192.0
4622 300.0
4623 203.0
4624 29.0
4625 203.0
4626 316.0
4627 252.0
4628 251.0
4629 252.0
4630 252.0
4631 252.0
4632 252.0
4633 252.0
4634 252.0
4635 252.0
4636 252.0
4637 203.0
4638 72.0
4639 262.0
4640 251.0
4641 316.0
4642 315.0
4643 315.0
4644 315.0
4645 315.0
4646 315.0
4647 187.0
4648 315.0
4649 0.0
4650 203.0
4651 315.0
4652 169.0
4653 203.0
4654 251.0
4655 203.0
4656 203.0
4657 203.0
4658 251.0
4659 251.0
4660 251.0
4661 204.0
4662 255.0
4663 251.0
4664 251.0
4665 251.0
4666 34.0
4667 251.0
4668 220.0
4669 293.0
4670 240.0
4671 294.0
4672 251.0
4673 300.0
4674 203.0
4675 32.0
4676 316.0
4677 315.0
4678 252.0
4679 252.0
4680 252.0
4681 252.0
4682 252.0
4683 203.0
4684 252.0
4685 252.0
4686 252.0
4687 252.0
4688 252.0
4689 203.0
4690 262.0
4691 171.0
4692 316.0
4693 315.0
4694 315.0
4695 315.0
4696 105.0
4697 315.0
4698 217.0
4699 315.0
4700 203.0
4701 315.0
4702 315.0
4703 203.0
4704 203.0
4705 251.0
4706 203.0
4707 49.0
4708 203.0
4709 203.0
4710 251.0
4711 251.0
4712 204.0
4713 104.0
4714 45.0
4715 251.0
4716 251.0
4717 34.0
4718 267.0
4719 203.0
4720 293.0
4721 293.0
4722 240.0
4723 225.0
4724 300.0
4725 201.0
4726 203.0
4727 315.0
4728 203.0
4729 252.0
4730 252.0
4731 252.0
4732 252.0
4733 252.0
4734 252.0
4735 252.0
4736 252.0
4737 252.0
4738 252.0
4739 252.0
4740 89.0
4741 262.0
4742 203.0
4743 316.0
4744 315.0
4745 315.0
4746 315.0
4747 315.0
4748 315.0
4749 253.0
4750 315.0
4751 0.0
4752 282.0
4753 315.0
4754 169.0
4755 203.0
4756 169.0
4757 203.0
4758 61.0
4759 0.0
4760 315.0
4761 251.0
4762 251.0
4763 204.0
4764 203.0
4765 32.0
4766 251.0
4767 203.0
4768 25.0
4769 251.0
4770 172.0
4771 240.0
4772 293.0
4773 240.0
4774 0.0
4775 300.0
4776 190.0
4777 60.0
4778 316.0
4779 251.0
4780 252.0
4781 252.0
4782 252.0
4783 252.0
4784 252.0
4785 252.0
4786 203.0
4787 252.0
4788 252.0
4789 252.0
4790 252.0
4791 89.0
4792 262.0
4793 203.0
4794 316.0
4795 315.0
4796 315.0
4797 315.0
4798 315.0
4799 274.0
4800 315.0
4801 315.0
4802 203.0
4803 315.0
4804 315.0
4805 169.0
4806 251.0
4807 203.0
4808 251.0
4809 251.0
4810 203.0
4811 203.0
4812 251.0
4813 251.0
4814 204.0
4815 184.0
4816 93.0
4817 251.0
4818 203.0
4819 34.0
4820 251.0
4821 251.0
4822 293.0
4823 240.0
4824 293.0
4825 192.0
4826 300.0
4827 203.0
4828 60.0
4829 203.0
4830 252.0
4831 252.0
4832 252.0
4833 252.0
4834 252.0
4835 252.0
4836 252.0
4837 252.0
4838 252.0
4839 89.0
4840 252.0
4841 252.0
4842 203.0
4843 262.0
4844 251.0
4845 316.0
4846 315.0
4847 315.0
4848 315.0
4849 105.0
4850 252.0
4851 315.0
4852 315.0
4853 0.0
4854 203.0
4855 315.0
4856 158.0
4857 203.0
4858 203.0
4859 203.0
4860 203.0
4861 204.0
4862 39.0
4863 156.0
4864 274.0
4865 204.0
4866 184.0
4867 144.0
4868 251.0
4869 203.0
4870 14.0
4871 251.0
4872 135.0
4873 293.0
4874 232.0
4875 294.0
4876 259.0
4877 300.0
4878 198.0
4879 32.0
4880 316.0
4881 316.0
4882 252.0
4883 252.0
4884 252.0
4885 252.0
4886 252.0
4887 252.0
4888 252.0
4889 252.0
4890 49.0
4891 252.0
4892 252.0
4893 89.0
4894 262.0
4895 204.0
4896 316.0
4897 315.0
4898 315.0
4899 315.0
4900 315.0
4901 315.0
4902 217.0
4903 315.0
4904 0.0
4905 315.0
4906 315.0
4907 169.0
4908 203.0
4909 203.0
4910 203.0
4911 203.0
4912 203.0
4913 8.0
4914 251.0
4915 251.0
4916 204.0
4917 184.0
4918 155.0
4919 251.0
4920 203.0
4921 45.0
4922 251.0
4923 192.0
4924 240.0
4925 256.0
4926 240.0
4927 0.0
4928 300.0
4929 203.0
4930 32.0
4931 316.0
4932 252.0
4933 252.0
4934 252.0
4935 252.0
4936 252.0
4937 252.0
4938 252.0
4939 203.0
4940 252.0
4941 252.0
4942 252.0
4943 203.0
4944 89.0
4945 204.0
4946 202.0
4947 316.0
4948 315.0
4949 315.0
4950 315.0
4951 315.0
4952 315.0
4953 249.0
4954 315.0
4955 0.0
4956 251.0
4957 315.0
4958 169.0
4959 251.0
4960 203.0
4961 251.0
4962 203.0
4963 168.0
4964 203.0
4965 156.0
4966 274.0
4967 204.0
4968 203.0
4969 32.0
4970 251.0
4971 203.0
4972 180.0
4973 251.0
4974 203.0
4975 240.0
4976 256.0
4977 240.0
4978 186.0
4979 300.0
4980 200.0
4981 38.0
4982 316.0
4983 316.0
4984 252.0
4985 252.0
4986 252.0
4987 252.0
4988 252.0
4989 252.0
4990 252.0
4991 252.0
4992 89.0
4993 252.0
4994 252.0
4995 171.0
4996 262.0
4997 251.0
4998 316.0
4999 315.0
5000 315.0
5001 315.0
5002 315.0
5003 315.0
5004 315.0
5005 315.0
5006 0.0
5007 251.0
5008 315.0
5009 158.0
5010 251.0
5011 203.0
5012 203.0
5013 203.0
5014 203.0
5015 8.0
5016 251.0
5017 251.0
5018 204.0
5019 184.0
5020 93.0
5021 251.0
5022 251.0
5023 0.0
5024 251.0
5025 218.0
5026 293.0
5027 232.0
5028 294.0
5029 251.0
5030 300.0
5031 200.0
5032 32.0
5033 316.0
5034 315.0
5035 252.0
5036 252.0
5037 252.0
5038 252.0
5039 252.0
5040 252.0
5041 252.0
5042 252.0
5043 203.0
5044 252.0
5045 252.0
5046 69.0
5047 262.0
5048 204.0
5049 316.0
5050 315.0
5051 315.0
5052 315.0
5053 315.0
5054 315.0
5055 315.0
5056 315.0
5057 0.0
5058 203.0
5059 315.0
5060 32.0
5061 203.0
5062 203.0
5063 251.0
5064 203.0
5065 203.0
5066 201.0
5067 274.0
5068 251.0
5069 204.0
5070 184.0
5071 155.0
5072 251.0
5073 203.0
5074 32.0
5075 267.0
5076 192.0
5077 293.0
5078 256.0
5079 240.0
5080 203.0
5081 300.0
5082 203.0
5083 146.0
5084 316.0
5085 315.0
5086 252.0
5087 252.0
5088 252.0
5089 252.0
5090 252.0
5091 252.0
5092 252.0
5093 252.0
5094 252.0
5095 252.0
5096 252.0
5097 203.0
5098 262.0
5099 204.0
5100 316.0
