1 1.0
2 33.0
3 0.0
4 169.0
5 248.0
6 98.0
7 203.0
8 32.0
9 203.0
10 0.0
11 0.0
12 0.0
13 0.0
14 203.0
15 0.0
16 203.0
17 180.0
18 98.0
19 203.0
20 0.0
21 204.0
22 0.0
23 25.0
24 204.0
25 0.0
26 0.0
27 180.0
28 0.0
29 0.0
30 0.0
31 0.0
32 0.0
33 32.0
34 32.0
35 180.0
36 0.0
37 0.0
38 0.0
39 32.0
40 98.0
41 203.0
42 0.0
43 25.0
44 0.0
45 203.0
46 43.0
47 0.0
48 38.0
49 0.0
50 0.0
51 248.0
52 33.0
53 33.0
54 169.0
55 38.0
56 248.0
57 43.0
58 203.0
59 203.0
60 203.0
61 203.0
62 0.0
63 0.0
64 6.0
65 203.0
66 33.0
67 203.0
68 203.0
69 204.0
70 203.0
71 30.0
72 204.0
73 204.0
74 203.0
75 204.0
76 203.0
77 7.0
78 180.0
79 0.0
80 0.0
81 0.0
82 0.0
83 32.0
84 32.0
85 32.0
86 180.0
87 169.0
88 0.0
89 0.0
90 0.0
91 169.0
92 203.0
93 0.0
94 25.0
95 0.0
96 203.0
97 203.0
98 1.0
99 38.0
100 0.0
101 0.0
102 248.0
103 38.0
104 0.0
105 0.0
106 0.0
107 233.0
108 0.0
109 203.0
110 122.0
111 203.0
112 234.0
113 6.0
114 38.0
115 203.0
116 203.0
117 203.0
118 203.0
119 204.0
120 203.0
121 204.0
122 38.0
123 204.0
124 33.0
125 204.0
126 204.0
127 204.0
128 32.0
129 180.0
130 0.0
131 0.0
132 0.0
133 0.0
134 32.0
135 32.0
136 48.0
137 180.0
138 169.0
139 169.0
140 0.0
141 204.0
142 169.0
143 203.0
144 191.0
145 25.0
146 196.0
147 203.0
148 203.0
149 204.0
150 38.0
151 38.0
152 32.0
153 248.0
154 33.0
155 0.0
156 169.0
157 38.0
158 248.0
159 104.0
160 203.0
161 204.0
162 203.0
163 203.0
164 204.0
165 49.0
166 203.0
167 203.0
168 203.0
169 204.0
170 204.0
171 98.0
172 203.0
173 44.0
174 204.0
175 33.0
176 203.0
177 204.0
178 204.0
179 203.0
180 180.0
181 0.0
182 0.0
183 0.0
184 0.0
185 0.0
186 25.0
187 180.0
188 180.0
189 180.0
190 180.0
191 14.0
192 0.0
193 204.0
194 203.0
195 180.0
196 204.0
197 191.0
198 203.0
199 204.0
200 204.0
201 38.0
202 0.0
203 38.0
204 258.0
205 38.0
206 25.0
207 98.0
208 169.0
209 214.0
210 104.0
211 203.0
212 0.0
213 195.0
214 203.0
215 114.0
216 204.0
217 203.0
218 203.0
219 38.0
220 204.0
221 204.0
222 203.0
223 204.0
224 32.0
225 204.0
226 0.0
227 204.0
228 204.0
229 204.0
230 204.0
231 180.0
232 0.0
233 0.0
234 0.0
235 0.0
236 32.0
237 180.0
238 180.0
239 180.0
240 507.0
241 411.0
242 30.0
243 204.0
244 203.0
245 203.0
246 180.0
247 204.0
248 196.0
249 203.0
250 203.0
251 1.0
252 204.0
253 104.0
254 33.0
255 507.0
256 38.0
257 33.0
258 0.0
259 32.0
260 248.0
261 104.0
262 204.0
263 38.0
264 203.0
265 203.0
266 14.0
267 204.0
268 204.0
269 203.0
270 204.0
271 204.0
272 204.0
273 204.0
274 204.0
275 204.0
276 204.0
277 38.0
278 204.0
279 204.0
280 204.0
281 0.0
282 180.0
283 109.0
284 0.0
285 0.0
286 32.0
287 180.0
288 180.0
289 0.0
290 180.0
291 59.0
292 167.0
293 411.0
294 186.0
295 204.0
296 30.0
297 169.0
298 203.0
299 203.0
300 204.0
301 203.0
302 38.0
303 203.0
304 204.0
305 98.0
306 507.0
307 104.0
308 25.0
309 169.0
310 248.0
311 233.0
312 43.0
313 204.0
314 32.0
315 203.0
316 203.0
317 14.0
318 204.0
319 109.0
320 204.0
321 204.0
322 203.0
323 204.0
324 203.0
325 203.0
326 44.0
327 204.0
328 38.0
329 203.0
330 204.0
331 204.0
332 204.0
333 203.0
334 180.0
335 180.0
336 30.0
337 180.0
338 180.0
339 32.0
340 180.0
341 176.0
342 180.0
343 48.0
344 109.0
345 38.0
346 204.0
347 203.0
348 180.0
349 191.0
350 203.0
351 203.0
352 204.0
353 204.0
354 204.0
355 203.0
356 38.0
357 507.0
358 98.0
359 32.0
360 0.0
361 38.0
362 248.0
363 98.0
364 203.0
365 32.0
366 1.0
367 195.0
368 203.0
369 204.0
370 203.0
371 203.0
372 204.0
373 204.0
374 204.0
375 204.0
376 204.0
377 203.0
378 204.0
379 6.0
380 203.0
381 204.0
382 204.0
383 204.0
384 203.0
385 324.0
386 174.0
387 180.0
388 180.0
389 203.0
390 32.0
391 180.0
392 411.0
393 180.0
394 181.0
395 411.0
396 38.0
397 203.0
398 204.0
399 109.0
400 0.0
401 203.0
402 204.0
403 203.0
404 204.0
405 204.0
406 203.0
407 203.0
408 507.0
409 203.0
410 32.0
411 0.0
412 33.0
413 248.0
414 104.0
415 33.0
416 0.0
417 203.0
418 203.0
419 114.0
420 204.0
421 203.0
422 204.0
423 204.0
424 204.0
425 204.0
426 204.0
427 203.0
428 32.0
429 204.0
430 38.0
431 32.0
432 204.0
433 203.0
434 204.0
435 204.0
436 352.0
437 180.0
438 180.0
439 169.0
440 0.0
441 203.0
442 0.0
443 180.0
444 181.0
445 32.0
446 0.0
447 38.0
448 203.0
449 30.0
450 203.0
451 204.0
452 204.0
453 204.0
454 203.0
455 204.0
456 204.0
457 33.0
458 203.0
459 507.0
460 204.0
461 32.0
462 203.0
463 33.0
464 248.0
465 104.0
466 204.0
467 169.0
468 234.0
469 234.0
470 204.0
471 204.0
472 204.0
473 203.0
474 204.0
475 204.0
476 204.0
477 203.0
478 204.0
479 204.0
480 204.0
481 38.0
482 204.0
483 204.0
484 204.0
485 204.0
486 180.0
487 203.0
488 204.0
489 333.0
490 180.0
491 180.0
492 203.0
493 0.0
494 180.0
495 180.0
496 25.0
497 109.0
498 120.0
499 203.0
500 203.0
501 203.0
502 204.0
503 203.0
504 204.0
505 203.0
506 204.0
507 204.0
508 33.0
509 204.0
510 507.0
511 203.0
512 32.0
513 203.0
514 33.0
515 248.0
516 43.0
517 204.0
518 131.0
519 203.0
520 203.0
521 204.0
522 49.0
523 180.0
524 204.0
525 204.0
526 204.0
527 204.0
528 204.0
529 203.0
530 44.0
531 204.0
532 203.0
533 203.0
534 204.0
535 204.0
536 30.0
537 191.0
538 203.0
539 204.0
540 38.0
541 203.0
542 180.0
543 203.0
544 180.0
545 340.0
546 180.0
547 181.0
548 180.0
549 185.0
550 32.0
551 203.0
552 180.0
553 32.0
554 203.0
555 204.0
556 204.0
557 204.0
558 204.0
559 203.0
560 203.0
561 507.0
562 204.0
563 32.0
564 0.0
565 33.0
566 248.0
567 43.0
568 204.0
569 204.0
570 203.0
571 195.0
572 109.0
573 204.0
574 203.0
575 204.0
576 204.0
577 204.0
578 204.0
579 204.0
580 204.0
581 204.0
582 204.0
583 6.0
584 203.0
585 204.0
586 204.0
587 203.0
588 203.0
589 185.0
590 204.0
591 180.0
592 38.0
593 174.0
594 32.0
595 180.0
596 180.0
597 48.0
598 0.0
599 143.0
600 38.0
601 203.0
602 203.0
603 203.0
604 204.0
605 204.0
606 204.0
607 203.0
608 38.0
609 204.0
610 203.0
611 204.0
612 507.0
613 203.0
614 32.0
615 32.0
616 33.0
617 248.0
618 98.0
619 204.0
620 12.0
621 203.0
622 203.0
623 204.0
624 204.0
625 203.0
626 204.0
627 204.0
628 204.0
629 204.0
630 204.0
631 204.0
632 204.0
633 204.0
634 0.0
635 204.0
636 204.0
637 204.0
638 204.0
639 204.0
640 203.0
641 204.0
642 180.0
643 180.0
644 180.0
645 203.0
646 180.0
647 180.0
648 351.0
649 163.0
650 0.0
651 308.0
652 203.0
653 0.0
654 203.0
655 204.0
656 203.0
657 204.0
658 203.0
659 204.0
660 204.0
661 203.0
662 203.0
663 507.0
664 38.0
665 32.0
666 203.0
667 33.0
668 248.0
669 104.0
670 204.0
671 0.0
672 203.0
673 203.0
674 204.0
675 114.0
676 203.0
677 204.0
678 204.0
679 203.0
680 204.0
681 203.0
682 204.0
683 38.0
684 204.0
685 38.0
686 204.0
687 204.0
688 204.0
689 1.0
690 186.0
691 316.0
692 87.0
693 203.0
694 180.0
695 180.0
696 203.0
697 0.0
698 136.0
699 180.0
700 181.0
701 180.0
702 181.0
703 190.0
704 203.0
705 204.0
706 120.0
707 203.0
708 204.0
709 203.0
710 204.0
711 204.0
712 203.0
713 204.0
714 507.0
715 203.0
716 32.0
717 180.0
718 33.0
719 248.0
720 43.0
721 203.0
722 1.0
723 203.0
724 203.0
725 212.0
726 204.0
727 203.0
728 204.0
729 204.0
730 204.0
731 204.0
732 204.0
733 203.0
734 32.0
735 204.0
736 38.0
737 203.0
738 204.0
739 204.0
740 33.0
741 294.0
742 402.0
743 204.0
744 203.0
745 174.0
746 180.0
747 203.0
748 180.0
749 136.0
750 180.0
751 48.0
752 180.0
753 181.0
754 38.0
755 203.0
756 204.0
757 204.0
758 204.0
759 204.0
760 33.0
761 204.0
762 25.0
763 203.0
764 204.0
765 507.0
766 203.0
767 32.0
768 169.0
769 33.0
770 233.0
771 104.0
772 204.0
773 0.0
774 203.0
775 203.0
776 145.0
777 33.0
778 203.0
779 204.0
780 204.0
781 204.0
782 204.0
783 204.0
784 204.0
785 44.0
786 204.0
787 6.0
788 204.0
789 204.0
790 204.0
791 190.0
792 223.0
793 370.0
794 0.0
795 333.0
796 38.0
797 174.0
798 203.0
799 180.0
800 180.0
801 180.0
802 32.0
803 0.0
804 33.0
805 203.0
806 0.0
807 204.0
808 204.0
809 203.0
810 204.0
811 203.0
812 204.0
813 204.0
814 203.0
815 203.0
816 507.0
817 203.0
818 32.0
819 169.0
820 33.0
821 248.0
822 104.0
823 204.0
824 201.0
825 203.0
826 203.0
827 234.0
828 204.0
829 203.0
830 204.0
831 204.0
832 203.0
833 204.0
834 204.0
835 204.0
836 203.0
837 204.0
838 38.0
839 203.0
840 204.0
841 204.0
842 0.0
843 185.0
844 385.0
845 0.0
846 173.0
847 38.0
848 180.0
849 203.0
850 180.0
851 180.0
852 180.0
853 411.0
854 0.0
855 33.0
856 160.0
857 203.0
858 203.0
859 196.0
860 203.0
861 204.0
862 203.0
863 204.0
864 204.0
865 204.0
866 203.0
867 507.0
868 203.0
869 32.0
870 203.0
871 33.0
872 248.0
873 43.0
874 204.0
875 204.0
876 234.0
877 203.0
878 204.0
879 270.0
880 204.0
881 203.0
882 38.0
883 204.0
884 204.0
885 204.0
886 204.0
887 204.0
888 204.0
889 6.0
890 203.0
891 204.0
892 204.0
893 203.0
894 382.0
895 316.0
896 204.0
897 411.0
898 180.0
899 180.0
900 203.0
901 180.0
902 507.0
903 411.0
904 181.0
905 180.0
906 185.0
907 191.0
908 203.0
909 203.0
910 204.0
911 203.0
912 204.0
913 33.0
914 204.0
915 204.0
916 204.0
917 203.0
918 507.0
919 33.0
920 32.0
921 169.0
922 248.0
923 248.0
924 98.0
925 203.0
926 1.0
927 203.0
928 195.0
929 203.0
930 32.0
931 203.0
932 204.0
933 204.0
934 204.0
935 204.0
936 204.0
937 204.0
938 44.0
939 204.0
940 38.0
941 203.0
942 204.0
943 204.0
944 203.0
945 383.0
946 388.0
947 403.0
948 203.0
949 204.0
950 180.0
951 203.0
952 180.0
953 136.0
954 181.0
955 198.0
956 180.0
957 0.0
958 48.0
959 204.0
960 204.0
961 204.0
962 204.0
963 204.0
964 204.0
965 204.0
966 204.0
967 203.0
968 204.0
969 507.0
970 204.0
971 32.0
972 33.0
973 182.0
974 248.0
975 104.0
976 204.0
977 203.0
978 203.0
979 195.0
980 255.0
981 260.0
982 203.0
983 203.0
984 204.0
985 203.0
986 204.0
987 204.0
988 204.0
989 38.0
990 204.0
991 38.0
992 203.0
993 204.0
994 204.0
995 203.0
996 402.0
997 242.0
998 203.0
999 203.0
1000 38.0
1001 174.0
1002 203.0
1003 409.0
1004 340.0
1005 340.0
1006 32.0
1007 0.0
1008 204.0
1009 180.0
1010 0.0
1011 204.0
1012 196.0
1013 203.0
1014 204.0
1015 203.0
1016 203.0
1017 204.0
1018 203.0
1019 203.0
1020 507.0
1021 203.0
1022 0.0
1023 203.0
1024 248.0
1025 233.0
1026 104.0
1027 204.0
1028 0.0
1029 203.0
1030 411.0
1031 204.0
1032 204.0
1033 203.0
1034 203.0
1035 204.0
1036 204.0
1037 204.0
1038 204.0
1039 203.0
1040 204.0
1041 204.0
1042 0.0
1043 203.0
1044 204.0
1045 204.0
1046 203.0
1047 185.0
1048 203.0
1049 204.0
1050 330.0
1051 33.0
1052 180.0
1053 203.0
1054 0.0
1055 494.0
1056 180.0
1057 169.0
1058 0.0
1059 220.0
1060 180.0
1061 203.0
1062 196.0
1063 202.0
1064 204.0
1065 204.0
1066 204.0
1067 204.0
1068 204.0
1069 204.0
1070 204.0
1071 507.0
1072 203.0
1073 32.0
1074 204.0
1075 33.0
1076 248.0
1077 43.0
1078 204.0
1079 0.0
1080 203.0
1081 203.0
1082 203.0
1083 0.0
1084 203.0
1085 203.0
1086 204.0
1087 204.0
1088 204.0
1089 204.0
1090 109.0
1091 203.0
1092 204.0
1093 6.0
1094 203.0
1095 204.0
1096 204.0
1097 466.0
1098 203.0
1099 203.0
1100 411.0
1101 411.0
1102 213.0
1103 180.0
1104 203.0
1105 180.0
1106 411.0
1107 180.0
1108 169.0
1109 180.0
1110 0.0
1111 38.0
1112 30.0
1113 204.0
1114 204.0
1115 204.0
1116 204.0
1117 203.0
1118 204.0
1119 204.0
1120 204.0
1121 204.0
1122 507.0
1123 203.0
1124 158.0
1125 33.0
1126 33.0
1127 258.0
1128 104.0
1129 204.0
1130 0.0
1131 203.0
1132 483.0
1133 203.0
1134 270.0
1135 204.0
1136 203.0
1137 204.0
1138 203.0
1139 204.0
1140 204.0
1141 203.0
1142 38.0
1143 204.0
1144 38.0
1145 203.0
1146 204.0
1147 264.0
1148 203.0
1149 204.0
1150 203.0
1151 411.0
1152 203.0
1153 180.0
1154 174.0
1155 180.0
1156 507.0
1157 340.0
1158 340.0
1159 48.0
1160 38.0
1161 38.0
1162 109.0
1163 0.0
1164 204.0
1165 204.0
1166 204.0
1167 204.0
1168 204.0
1169 203.0
1170 204.0
1171 203.0
1172 204.0
1173 507.0
1174 204.0
1175 32.0
1176 203.0
1177 248.0
1178 248.0
1179 33.0
1180 204.0
1181 0.0
1182 203.0
1183 374.0
1184 404.0
1185 203.0
1186 203.0
1187 203.0
1188 204.0
1189 203.0
1190 204.0
1191 204.0
1192 203.0
1193 44.0
1194 204.0
1195 203.0
1196 204.0
1197 314.0
1198 391.0
1199 203.0
1200 203.0
1201 203.0
1202 32.0
1203 394.0
1204 38.0
1205 180.0
1206 191.0
1207 411.0
1208 411.0
1209 365.0
1210 198.0
1211 0.0
1212 38.0
1213 204.0
1214 203.0
1215 204.0
1216 196.0
1217 204.0
1218 204.0
1219 203.0
1220 204.0
1221 204.0
1222 203.0
1223 204.0
1224 507.0
1225 203.0
1226 0.0
1227 204.0
1228 248.0
1229 233.0
1230 98.0
1231 204.0
1232 171.0
1233 203.0
1234 192.0
1235 203.0
1236 203.0
1237 266.0
1238 203.0
1239 204.0
1240 204.0
1241 204.0
1242 204.0
1243 203.0
1244 203.0
1245 204.0
1246 0.0
1247 32.0
1248 399.0
1249 204.0
1250 203.0
1251 192.0
1252 203.0
1253 32.0
1254 203.0
1255 180.0
1256 174.0
1257 203.0
1258 491.0
1259 411.0
1260 411.0
1261 169.0
1262 30.0
1263 0.0
1264 48.0
1265 203.0
1266 203.0
1267 204.0
1268 204.0
1269 204.0
1270 204.0
1271 204.0
1272 204.0
1273 204.0
1274 204.0
1275 507.0
1276 204.0
1277 32.0
1278 0.0
1279 33.0
1280 248.0
1281 104.0
1282 204.0
1283 1.0
1284 169.0
1285 203.0
1286 507.0
1287 203.0
1288 376.0
1289 204.0
1290 204.0
1291 204.0
1292 204.0
1293 204.0
1294 203.0
1295 204.0
1296 204.0
1297 38.0
1298 203.0
1299 242.0
1300 400.0
1301 203.0
1302 203.0
1303 0.0
1304 467.0
1305 203.0
1306 176.0
1307 174.0
1308 203.0
1309 180.0
1310 365.0
1311 411.0
1312 198.0
1313 1.0
1314 38.0
1315 161.0
1316 0.0
1317 204.0
1318 204.0
1319 204.0
1320 204.0
1321 204.0
1322 204.0
1323 204.0
1324 203.0
1325 204.0
1326 507.0
1327 204.0
1328 169.0
1329 32.0
1330 258.0
1331 248.0
1332 104.0
1333 204.0
1334 0.0
1335 204.0
1336 203.0
1337 203.0
1338 204.0
1339 376.0
1340 204.0
1341 204.0
1342 203.0
1343 204.0
1344 204.0
1345 204.0
1346 44.0
1347 204.0
1348 38.0
1349 30.0
1350 454.0
1351 311.0
1352 204.0
1353 203.0
1354 480.0
1355 507.0
1356 203.0
1357 180.0
1358 174.0
1359 203.0
1360 409.0
1361 365.0
1362 340.0
1363 169.0
1364 180.0
1365 38.0
1366 180.0
1367 203.0
1368 204.0
1369 204.0
1370 204.0
1371 204.0
1372 204.0
1373 204.0
1374 204.0
1375 204.0
1376 203.0
1377 507.0
1378 204.0
1379 0.0
1380 204.0
1381 258.0
1382 248.0
1383 33.0
1384 204.0
1385 0.0
1386 204.0
1387 190.0
1388 479.0
1389 203.0
1390 376.0
1391 32.0
1392 204.0
1393 204.0
1394 204.0
1395 204.0
1396 203.0
1397 38.0
1398 204.0
1399 0.0
1400 209.0
1401 32.0
1402 399.0
1403 203.0
1404 379.0
1405 480.0
1406 411.0
1407 203.0
1408 38.0
1409 180.0
1410 87.0
1411 409.0
1412 411.0
1413 365.0
1414 169.0
1415 38.0
1416 308.0
1417 33.0
1418 32.0
1419 204.0
1420 196.0
1421 204.0
1422 204.0
1423 203.0
1424 204.0
1425 204.0
1426 204.0
1427 203.0
1428 507.0
1429 204.0
1430 0.0
1431 204.0
1432 248.0
1433 245.0
1434 0.0
1435 204.0
1436 0.0
1437 375.0
1438 203.0
1439 397.0
1440 203.0
1441 386.0
1442 32.0
1443 204.0
1444 204.0
1445 204.0
1446 204.0
1447 98.0
1448 32.0
1449 204.0
1450 0.0
1451 411.0
1452 393.0
1453 466.0
1454 314.0
1455 26.0
1456 203.0
1457 474.0
1458 0.0
1459 180.0
1460 0.0
1461 203.0
1462 180.0
1463 365.0
1464 494.0
1465 198.0
1466 32.0
1467 0.0
1468 48.0
1469 0.0
1470 204.0
1471 196.0
1472 204.0
1473 204.0
1474 204.0
1475 204.0
1476 204.0
1477 203.0
1478 204.0
1479 507.0
1480 204.0
1481 32.0
1482 0.0
1483 248.0
1484 253.0
1485 104.0
1486 204.0
1487 0.0
1488 408.0
1489 203.0
1490 169.0
1491 203.0
1492 203.0
1493 203.0
1494 204.0
1495 204.0
1496 204.0
1497 204.0
1498 204.0
1499 203.0
1500 204.0
1501 204.0
1502 391.0
1503 476.0
1504 204.0
1505 466.0
1506 482.0
1507 486.0
1508 411.0
1509 204.0
1510 180.0
1511 169.0
1512 87.0
1513 180.0
1514 365.0
1515 411.0
1516 198.0
1517 180.0
1518 38.0
1519 204.0
1520 0.0
1521 204.0
1522 204.0
1523 204.0
1524 204.0
1525 204.0
1526 204.0
1527 204.0
1528 204.0
1529 204.0
1530 507.0
1531 204.0
1532 158.0
1533 204.0
1534 253.0
1535 248.0
1536 98.0
1537 204.0
1538 203.0
1539 50.0
1540 254.0
1541 169.0
1542 396.0
1543 386.0
1544 203.0
1545 204.0
1546 203.0
1547 204.0
1548 204.0
1549 203.0
1550 38.0
1551 204.0
1552 32.0
1553 204.0
1554 404.0
1555 404.0
1556 482.0
1557 480.0
1558 480.0
1559 411.0
1560 390.0
1561 0.0
1562 174.0
1563 203.0
1564 375.0
1565 507.0
1566 340.0
1567 179.0
1568 38.0
1569 216.0
1570 38.0
1571 32.0
1572 204.0
1573 204.0
1574 204.0
1575 204.0
1576 204.0
1577 204.0
1578 204.0
1579 203.0
1580 203.0
1581 507.0
1582 203.0
1583 158.0
1584 0.0
1585 253.0
1586 248.0
1587 33.0
1588 204.0
1589 203.0
1590 396.0
1591 203.0
1592 411.0
1593 203.0
1594 32.0
1595 32.0
1596 204.0
1597 204.0
1598 204.0
1599 204.0
1600 203.0
1601 32.0
1602 204.0
1603 33.0
1604 391.0
1605 391.0
1606 242.0
1607 242.0
1608 482.0
1609 203.0
1610 390.0
1611 204.0
1612 180.0
1613 174.0
1614 203.0
1615 411.0
1616 411.0
1617 365.0
1618 198.0
1619 38.0
1620 0.0
1621 38.0
1622 0.0
1623 204.0
1624 196.0
1625 204.0
1626 204.0
1627 204.0
1628 204.0
1629 204.0
1630 203.0
1631 204.0
1632 507.0
1633 204.0
1634 0.0
1635 0.0
1636 253.0
1637 248.0
1638 104.0
1639 204.0
1640 0.0
1641 203.0
1642 203.0
1643 398.0
1644 403.0
1645 203.0
1646 204.0
1647 204.0
1648 204.0
1649 204.0
1650 204.0
1651 98.0
1652 204.0
1653 204.0
1654 203.0
1655 391.0
1656 476.0
1657 248.0
1658 482.0
1659 213.0
1660 203.0
1661 411.0
1662 204.0
1663 180.0
1664 169.0
1665 203.0
1666 375.0
1667 507.0
1668 494.0
1669 169.0
1670 180.0
1671 38.0
1672 204.0
1673 203.0
1674 204.0
1675 196.0
1676 204.0
1677 204.0
1678 204.0
1679 204.0
1680 204.0
1681 203.0
1682 203.0
1683 507.0
1684 204.0
1685 0.0
1686 0.0
1687 248.0
1688 248.0
1689 104.0
1690 204.0
1691 1.0
1692 481.0
1693 203.0
1694 169.0
1695 203.0
1696 275.0
1697 204.0
1698 204.0
1699 204.0
1700 204.0
1701 204.0
1702 6.0
1703 38.0
1704 204.0
1705 273.0
1706 208.0
1707 402.0
1708 245.0
1709 25.0
1710 485.0
1711 392.0
1712 507.0
1713 408.0
1714 411.0
1715 174.0
1716 203.0
1717 180.0
1718 365.0
1719 411.0
1720 198.0
1721 32.0
1722 38.0
1723 169.0
1724 203.0
1725 204.0
1726 203.0
1727 204.0
1728 204.0
1729 204.0
1730 204.0
1731 204.0
1732 204.0
1733 203.0
1734 507.0
1735 204.0
1736 25.0
1737 203.0
1738 248.0
1739 248.0
1740 104.0
1741 204.0
1742 0.0
1743 61.0
1744 203.0
1745 203.0
1746 203.0
1747 203.0
1748 204.0
1749 204.0
1750 204.0
1751 204.0
1752 204.0
1753 38.0
1754 38.0
1755 174.0
1756 236.0
1757 258.0
1758 476.0
1759 203.0
1760 242.0
1761 480.0
1762 481.0
1763 385.0
1764 411.0
1765 175.0
1766 0.0
1767 203.0
1768 409.0
1769 507.0
1770 365.0
1771 198.0
1772 32.0
1773 38.0
1774 38.0
1775 203.0
1776 204.0
1777 204.0
1778 204.0
1779 204.0
1780 204.0
1781 204.0
1782 204.0
1783 204.0
1784 203.0
1785 507.0
1786 204.0
1787 203.0
1788 204.0
1789 248.0
1790 248.0
1791 33.0
1792 204.0
1793 224.0
1794 158.0
1795 203.0
1796 203.0
1797 203.0
1798 203.0
1799 33.0
1800 204.0
1801 204.0
1802 204.0
1803 204.0
1804 6.0
1805 32.0
1806 33.0
1807 289.0
1808 476.0
1809 476.0
1810 242.0
1811 482.0
1812 158.0
1813 507.0
1814 474.0
1815 204.0
1816 180.0
1817 169.0
1818 203.0
1819 409.0
1820 411.0
1821 411.0
1822 209.0
1823 0.0
1824 176.0
1825 203.0
1826 0.0
1827 204.0
1828 191.0
1829 204.0
1830 204.0
1831 204.0
1832 204.0
1833 204.0
1834 204.0
1835 203.0
1836 507.0
1837 204.0
1838 0.0
1839 248.0
1840 248.0
1841 248.0
1842 104.0
1843 196.0
1844 203.0
1845 203.0
1846 19.0
1847 203.0
1848 169.0
1849 204.0
1850 204.0
1851 204.0
1852 204.0
1853 204.0
1854 204.0
1855 204.0
1856 44.0
1857 273.0
1858 203.0
1859 392.0
1860 394.0
1861 387.0
1862 32.0
1863 203.0
1864 251.0
1865 474.0
1866 204.0
1867 204.0
1868 1.0
1869 203.0
1870 375.0
1871 365.0
1872 507.0
1873 198.0
1874 38.0
1875 38.0
1876 204.0
1877 203.0
1878 204.0
1879 202.0
1880 204.0
1881 204.0
1882 204.0
1883 204.0
1884 204.0
1885 204.0
1886 203.0
1887 507.0
1888 204.0
1889 32.0
1890 0.0
1891 248.0
1892 248.0
1893 0.0
1894 203.0
1895 0.0
1896 264.0
1897 481.0
1898 169.0
1899 203.0
1900 169.0
1901 204.0
1902 204.0
1903 204.0
1904 204.0
1905 204.0
1906 33.0
1907 385.0
1908 245.0
1909 32.0
1910 392.0
1911 476.0
1912 203.0
1913 480.0
1914 349.0
1915 507.0
1916 507.0
1917 411.0
1918 185.0
1919 174.0
1920 203.0
1921 375.0
1922 507.0
1923 365.0
1924 198.0
1925 180.0
1926 38.0
1927 221.0
1928 0.0
1929 204.0
1930 204.0
1931 204.0
1932 204.0
1933 204.0
1934 204.0
1935 204.0
1936 204.0
1937 203.0
1938 507.0
1939 204.0
1940 203.0
1941 204.0
1942 248.0
1943 248.0
1944 98.0
1945 196.0
1946 157.0
1947 203.0
1948 169.0
1949 411.0
1950 203.0
1951 203.0
1952 204.0
1953 204.0
1954 204.0
1955 204.0
1956 204.0
1957 38.0
1958 194.0
1959 203.0
1960 32.0
1961 258.0
1962 476.0
1963 242.0
1964 242.0
1965 203.0
1966 203.0
1967 390.0
1968 507.0
1969 180.0
1970 174.0
1971 203.0
1972 409.0
1973 411.0
1974 365.0
1975 198.0
1976 30.0
1977 411.0
1978 191.0
1979 164.0
1980 204.0
1981 204.0
1982 204.0
1983 204.0
1984 204.0
1985 204.0
1986 204.0
1987 204.0
1988 204.0
1989 507.0
1990 203.0
1991 12.0
1992 0.0
1993 248.0
1994 248.0
1995 0.0
1996 201.0
1997 224.0
1998 203.0
1999 380.0
2000 507.0
2001 158.0
2002 203.0
2003 203.0
2004 204.0
2005 204.0
2006 204.0
2007 204.0
2008 0.0
2009 32.0
2010 203.0
2011 203.0
2012 258.0
2013 476.0
2014 256.0
2015 345.0
2016 251.0
2017 507.0
2018 507.0
2019 204.0
2020 175.0
2021 169.0
2022 203.0
2023 375.0
2024 365.0
2025 507.0
2026 179.0
2027 30.0
2028 38.0
2029 204.0
2030 204.0
2031 204.0
2032 196.0
2033 204.0
2034 204.0
2035 204.0
2036 204.0
2037 204.0
2038 204.0
2039 203.0
2040 507.0
2041 203.0
2042 1.0
2043 0.0
2044 248.0
2045 233.0
2046 98.0
2047 193.0
2048 203.0
2049 204.0
2050 402.0
2051 507.0
2052 203.0
2053 203.0
2054 203.0
2055 204.0
2056 204.0
2057 204.0
2058 204.0
2059 87.0
2060 317.0
2061 209.0
2062 32.0
2063 395.0
2064 476.0
2065 399.0
2066 242.0
2067 405.0
2068 507.0
2069 507.0
2070 507.0
2071 203.0
2072 0.0
2073 203.0
2074 180.0
2075 507.0
2076 507.0
2077 169.0
2078 38.0
2079 32.0
2080 38.0
2081 0.0
2082 204.0
2083 204.0
2084 204.0
2085 204.0
2086 204.0
2087 204.0
2088 204.0
2089 204.0
2090 203.0
2091 507.0
2092 204.0
2093 12.0
2094 204.0
2095 248.0
2096 233.0
2097 98.0
2098 193.0
2099 203.0
2100 203.0
2101 400.0
2102 411.0
2103 169.0
2104 104.0
2105 204.0
2106 204.0
2107 204.0
2108 204.0
2109 204.0
2110 203.0
2111 383.0
2112 253.0
2113 32.0
2114 476.0
2115 476.0
2116 203.0
2117 482.0
2118 391.0
2119 507.0
2120 411.0
2121 411.0
2122 174.0
2123 0.0
2124 203.0
2125 409.0
2126 411.0
2127 411.0
2128 198.0
2129 0.0
2130 38.0
2131 210.0
2132 203.0
2133 204.0
2134 204.0
2135 204.0
2136 204.0
2137 204.0
2138 204.0
2139 204.0
2140 204.0
2141 203.0
2142 507.0
2143 203.0
2144 1.0
2145 204.0
2146 253.0
2147 248.0
2148 98.0
2149 174.0
2150 203.0
2151 203.0
2152 203.0
2153 482.0
2154 488.0
2155 104.0
2156 204.0
2157 204.0
2158 204.0
2159 204.0
2160 204.0
2161 203.0
2162 300.0
2163 316.0
2164 204.0
2165 258.0
2166 476.0
2167 30.0
2168 480.0
2169 251.0
2170 507.0
2171 411.0
2172 390.0
2173 180.0
2174 169.0
2175 203.0
2176 375.0
2177 411.0
2178 365.0
2179 411.0
2180 30.0
2181 33.0
2182 180.0
2183 38.0
2184 204.0
2185 196.0
2186 204.0
2187 204.0
2188 204.0
2189 204.0
2190 204.0
2191 204.0
2192 203.0
2193 507.0
2194 204.0
2195 1.0
2196 33.0
2197 248.0
2198 248.0
2199 104.0
2200 196.0
2201 199.0
2202 253.0
2203 411.0
2204 507.0
2205 482.0
2206 203.0
2207 204.0
2208 204.0
2209 204.0
2210 204.0
2211 204.0
2212 98.0
2213 253.0
2214 264.0
2215 392.0
2216 258.0
2217 476.0
2218 402.0
2219 480.0
2220 242.0
2221 507.0
2222 507.0
2223 180.0
2224 203.0
2225 174.0
2226 203.0
2227 284.0
2228 365.0
2229 411.0
2230 179.0
2231 33.0
2232 308.0
2233 180.0
2234 38.0
2235 204.0
2236 196.0
2237 204.0
2238 204.0
2239 204.0
2240 204.0
2241 204.0
2242 204.0
2243 203.0
2244 507.0
2245 204.0
2246 0.0
2247 0.0
2248 248.0
2249 248.0
2250 43.0
2251 224.0
2252 203.0
2253 203.0
2254 482.0
2255 169.0
2256 403.0
2257 203.0
2258 32.0
2259 204.0
2260 204.0
2261 204.0
2262 204.0
2263 32.0
2264 286.0
2265 253.0
2266 286.0
2267 392.0
2268 476.0
2269 204.0
2270 482.0
2271 169.0
2272 507.0
2273 411.0
2274 507.0
2275 203.0
2276 0.0
2277 203.0
2278 375.0
2279 365.0
2280 365.0
2281 198.0
2282 38.0
2283 38.0
2284 38.0
2285 303.0
2286 204.0
2287 204.0
2288 204.0
2289 204.0
2290 204.0
2291 204.0
2292 204.0
2293 204.0
2294 204.0
2295 507.0
2296 204.0
2297 1.0
2298 0.0
2299 248.0
2300 233.0
2301 32.0
2302 226.0
2303 0.0
2304 262.0
2305 203.0
2306 411.0
2307 397.0
2308 98.0
2309 33.0
2310 204.0
2311 204.0
2312 204.0
2313 204.0
2314 203.0
2315 203.0
2316 203.0
2317 204.0
2318 258.0
2319 476.0
2320 475.0
2321 479.0
2322 507.0
2323 507.0
2324 507.0
2325 390.0
2326 169.0
2327 169.0
2328 203.0
2329 409.0
2330 494.0
2331 411.0
2332 198.0
2333 30.0
2334 38.0
2335 120.0
2336 38.0
2337 150.0
2338 25.0
2339 204.0
2340 204.0
2341 204.0
2342 204.0
2343 204.0
2344 204.0
2345 203.0
2346 507.0
2347 204.0
2348 12.0
2349 204.0
2350 248.0
2351 248.0
2352 98.0
2353 218.0
2354 0.0
2355 203.0
2356 203.0
2357 507.0
2358 480.0
2359 203.0
2360 204.0
2361 204.0
2362 204.0
2363 204.0
2364 204.0
2365 203.0
2366 384.0
2367 203.0
2368 395.0
2369 258.0
2370 476.0
2371 203.0
2372 203.0
2373 391.0
2374 507.0
2375 507.0
2376 390.0
2377 203.0
2378 32.0
2379 203.0
2380 409.0
2381 411.0
2382 411.0
2383 169.0
2384 0.0
2385 38.0
2386 181.0
2387 203.0
2388 180.0
2389 204.0
2390 204.0
2391 204.0
2392 204.0
2393 204.0
2394 204.0
2395 204.0
2396 203.0
2397 507.0
2398 203.0
2399 12.0
2400 204.0
2401 248.0
2402 248.0
2403 98.0
2404 203.0
2405 203.0
2406 203.0
2407 169.0
2408 479.0
2409 488.0
2410 203.0
2411 247.0
2412 204.0
2413 204.0
2414 204.0
2415 204.0
2416 180.0
2417 286.0
2418 392.0
2419 286.0
2420 392.0
2421 476.0
2422 482.0
2423 411.0
2424 203.0
2425 507.0
2426 507.0
2427 402.0
2428 204.0
2429 0.0
2430 203.0
2431 409.0
2432 340.0
2433 507.0
2434 411.0
2435 38.0
2436 0.0
2437 180.0
2438 38.0
2439 169.0
2440 204.0
2441 204.0
2442 204.0
2443 204.0
2444 204.0
2445 204.0
2446 204.0
2447 203.0
2448 507.0
2449 204.0
2450 158.0
2451 0.0
2452 248.0
2453 248.0
2454 0.0
2455 224.0
2456 203.0
2457 203.0
2458 401.0
2459 411.0
2460 411.0
2461 98.0
2462 382.0
2463 247.0
2464 204.0
2465 204.0
2466 204.0
2467 204.0
2468 262.0
2469 392.0
2470 280.0
2471 395.0
2472 242.0
2473 482.0
2474 391.0
2475 169.0
2476 507.0
2477 411.0
2478 507.0
2479 411.0
2480 164.0
2481 203.0
2482 284.0
2483 411.0
2484 507.0
2485 0.0
2486 30.0
2487 38.0
2488 38.0
2489 38.0
2490 180.0
2491 109.0
2492 204.0
2493 204.0
2494 204.0
2495 204.0
2496 204.0
2497 204.0
2498 203.0
2499 507.0
2500 203.0
2501 1.0
2502 0.0
2503 214.0
2504 248.0
2505 104.0
2506 218.0
2507 0.0
2508 6.0
2509 484.0
2510 490.0
2511 397.0
2512 169.0
2513 204.0
2514 381.0
2515 203.0
2516 204.0
2517 204.0
2518 203.0
2519 203.0
2520 258.0
2521 204.0
2522 392.0
2523 245.0
2524 482.0
2525 203.0
2526 391.0
2527 507.0
2528 507.0
2529 390.0
2530 203.0
2531 203.0
2532 203.0
2533 507.0
2534 494.0
2535 507.0
2536 32.0
2537 33.0
2538 38.0
2539 38.0
2540 38.0
2541 303.0
2542 204.0
2543 204.0
2544 204.0
2545 204.0
2546 204.0
2547 204.0
2548 204.0
2549 203.0
2550 507.0
2551 203.0
2552 32.0
2553 0.0
2554 248.0
2555 233.0
2556 43.0
2557 226.0
2558 0.0
2559 1.0
2560 411.0
2561 479.0
2562 486.0
2563 203.0
2564 204.0
2565 393.0
2566 32.0
2567 204.0
2568 204.0
2569 160.0
2570 229.0
2571 262.0
2572 286.0
2573 258.0
2574 242.0
2575 482.0
2576 482.0
2577 507.0
2578 507.0
2579 507.0
2580 203.0
2581 411.0
2582 0.0
2583 203.0
2584 409.0
2585 411.0
2586 507.0
2587 169.0
2588 167.0
2589 38.0
2590 206.0
2591 169.0
2592 180.0
2593 180.0
2594 204.0
2595 204.0
2596 204.0
2597 204.0
2598 204.0
2599 204.0
2600 204.0
2601 507.0
2602 204.0
2603 0.0
2604 0.0
2605 233.0
2606 248.0
2607 104.0
2608 226.0
2609 0.0
2610 203.0
2611 396.0
2612 411.0
2613 403.0
2614 385.0
2615 101.0
2616 204.0
2617 203.0
2618 204.0
2619 204.0
2620 180.0
2621 258.0
2622 392.0
2623 286.0
2624 394.0
2625 267.0
2626 482.0
2627 32.0
2628 203.0
2629 507.0
2630 507.0
2631 408.0
2632 0.0
2633 204.0
2634 203.0
2635 409.0
2636 351.0
2637 507.0
2638 411.0
2639 38.0
2640 308.0
2641 180.0
2642 203.0
2643 150.0
2644 180.0
2645 204.0
2646 204.0
2647 204.0
2648 204.0
2649 204.0
2650 204.0
2651 203.0
2652 507.0
2653 203.0
2654 0.0
2655 0.0
2656 248.0
2657 248.0
2658 104.0
2659 218.0
2660 0.0
2661 399.0
2662 411.0
2663 490.0
2664 397.0
2665 218.0
2666 204.0
2667 377.0
2668 397.0
2669 204.0
2670 204.0
2671 204.0
2672 400.0
2673 392.0
2674 203.0
2675 392.0
2676 378.0
2677 482.0
2678 251.0
2679 203.0
2680 507.0
2681 507.0
2682 390.0
2683 331.0
2684 507.0
2685 203.0
2686 491.0
2687 340.0
2688 507.0
2689 0.0
2690 32.0
2691 38.0
2692 185.0
2693 1.0
2694 180.0
2695 203.0
2696 204.0
2697 204.0
2698 204.0
2699 204.0
2700 204.0
2701 204.0
2702 203.0
2703 507.0
2704 204.0
2705 1.0
2706 204.0
2707 214.0
2708 257.0
2709 0.0
2710 226.0
2711 0.0
2712 203.0
2713 489.0
2714 507.0
2715 397.0
2716 203.0
2717 392.0
2718 275.0
2719 101.0
2720 392.0
2721 204.0
2722 203.0
2723 203.0
2724 398.0
2725 175.0
2726 258.0
2727 242.0
2728 482.0
2729 203.0
2730 507.0
2731 507.0
2732 507.0
2733 390.0
2734 397.0
2735 333.0
2736 203.0
2737 491.0
2738 180.0
2739 507.0
2740 198.0
2741 32.0
2742 164.0
2743 218.0
2744 38.0
2745 180.0
2746 276.0
2747 204.0
2748 204.0
2749 204.0
2750 204.0
2751 204.0
2752 204.0
2753 204.0
2754 507.0
2755 203.0
2756 1.0
2757 0.0
2758 248.0
2759 248.0
2760 43.0
2761 226.0
2762 197.0
2763 98.0
2764 494.0
2765 411.0
2766 204.0
2767 203.0
2768 382.0
2769 391.0
2770 377.0
2771 275.0
2772 204.0
2773 203.0
2774 203.0
2775 400.0
2776 275.0
2777 392.0
2778 242.0
2779 482.0
2780 346.0
2781 411.0
2782 507.0
2783 507.0
2784 203.0
2785 382.0
2786 507.0
2787 203.0
2788 409.0
2789 494.0
2790 507.0
2791 181.0
2792 191.0
2793 38.0
2794 318.0
2795 0.0
2796 276.0
2797 180.0
2798 180.0
2799 204.0
2800 204.0
2801 204.0
2802 204.0
2803 204.0
2804 203.0
2805 507.0
2806 204.0
2807 32.0
2808 0.0
2809 248.0
2810 248.0
2811 104.0
2812 226.0
2813 0.0
2814 203.0
2815 507.0
2816 411.0
2817 486.0
2818 204.0
2819 377.0
2820 388.0
2821 204.0
2822 203.0
2823 204.0
2824 203.0
2825 262.0
2826 180.0
2827 258.0
2828 476.0
2829 204.0
2830 482.0
2831 411.0
2832 391.0
2833 507.0
2834 507.0
2835 203.0
2836 204.0
2837 204.0
2838 203.0
2839 409.0
2840 136.0
2841 507.0
2842 25.0
2843 173.0
2844 164.0
2845 180.0
2846 180.0
2847 314.0
2848 203.0
2849 180.0
2850 204.0
2851 204.0
2852 204.0
2853 204.0
2854 204.0
2855 204.0
2856 507.0
2857 204.0
2858 1.0
2859 204.0
2860 233.0
2861 248.0
2862 185.0
2863 203.0
2864 0.0
2865 203.0
2866 486.0
2867 490.0
2868 203.0
2869 275.0
2870 203.0
2871 393.0
2872 204.0
2873 275.0
2874 204.0
2875 203.0
2876 203.0
2877 398.0
2878 203.0
2879 258.0
2880 204.0
2881 203.0
2882 479.0
2883 382.0
2884 507.0
2885 411.0
2886 411.0
2887 401.0
2888 221.0
2889 203.0
2890 375.0
2891 180.0
2892 507.0
2893 32.0
2894 32.0
2895 33.0
2896 169.0
2897 6.0
2898 150.0
2899 176.0
2900 203.0
2901 204.0
2902 204.0
2903 204.0
2904 204.0
2905 204.0
2906 203.0
2907 507.0
2908 204.0
2909 0.0
2910 0.0
2911 253.0
2912 248.0
2913 185.0
2914 203.0
2915 0.0
2916 485.0
2917 486.0
2918 490.0
2919 203.0
2920 203.0
2921 203.0
2922 204.0
2923 275.0
2924 264.0
2925 203.0
2926 203.0
2927 203.0
2928 318.0
2929 203.0
2930 258.0
2931 203.0
2932 203.0
2933 507.0
2934 104.0
2935 507.0
2936 507.0
2937 390.0
2938 205.0
2939 182.0
2940 203.0
2941 491.0
2942 180.0
2943 507.0
2944 169.0
2945 38.0
2946 38.0
2947 205.0
2948 180.0
2949 276.0
2950 180.0
2951 396.0
2952 204.0
2953 204.0
2954 204.0
2955 204.0
2956 204.0
2957 203.0
2958 507.0
2959 204.0
2960 12.0
2961 0.0
2962 248.0
2963 248.0
2964 185.0
2965 226.0
2966 0.0
2967 32.0
2968 485.0
2969 479.0
2970 203.0
2971 203.0
2972 377.0
2973 388.0
2974 204.0
2975 264.0
2976 204.0
2977 203.0
2978 258.0
2979 203.0
2980 275.0
2981 394.0
2982 508.0
2983 203.0
2984 378.0
2985 382.0
2986 507.0
2987 507.0
2988 222.0
2989 411.0
2990 204.0
2991 203.0
2992 491.0
2993 181.0
2994 507.0
2995 32.0
2996 203.0
2997 213.0
2998 226.0
2999 38.0
3000 276.0
3001 180.0
3002 38.0
3003 180.0
3004 204.0
3005 204.0
3006 204.0
3007 204.0
3008 203.0
3009 508.0
3010 204.0
3011 25.0
3012 203.0
3013 245.0
3014 248.0
3015 104.0
3016 226.0
3017 0.0
3018 488.0
3019 485.0
3020 411.0
3021 482.0
3022 203.0
3023 203.0
3024 382.0
3025 377.0
3026 1.0
3027 406.0
3028 203.0
3029 262.0
3030 180.0
3031 289.0
3032 378.0
3033 203.0
3034 267.0
3035 322.0
3036 391.0
3037 507.0
3038 411.0
3039 203.0
3040 411.0
3041 507.0
3042 203.0
3043 409.0
3044 180.0
3045 507.0
3046 17.0
3047 0.0
3048 0.0
3049 221.0
3050 38.0
3051 150.0
3052 180.0
3053 276.0
3054 204.0
3055 204.0
3056 204.0
3057 204.0
3058 204.0
3059 30.0
3060 508.0
3061 204.0
3062 14.0
3063 203.0
3064 233.0
3065 248.0
3066 185.0
3067 226.0
3068 0.0
3069 203.0
3070 481.0
3071 411.0
3072 397.0
3073 204.0
3074 377.0
3075 377.0
3076 377.0
3077 203.0
3078 203.0
3079 38.0
3080 203.0
3081 398.0
3082 204.0
3083 378.0
3084 203.0
3085 376.0
3086 203.0
3087 391.0
3088 507.0
3089 507.0
3090 390.0
3091 205.0
3092 197.0
3093 203.0
3094 507.0
3095 181.0
3096 507.0
3097 198.0
3098 166.0
3099 0.0
3100 229.0
3101 164.0
3102 276.0
3103 180.0
3104 180.0
3105 203.0
3106 204.0
3107 204.0
3108 204.0
3109 204.0
3110 203.0
3111 508.0
3112 204.0
3113 12.0
3114 33.0
3115 248.0
3116 248.0
3117 185.0
3118 226.0
3119 203.0
3120 496.0
3121 485.0
3122 411.0
3123 397.0
3124 382.0
3125 396.0
3126 393.0
3127 397.0
3128 388.0
3129 203.0
3130 402.0
3131 203.0
3132 398.0
3133 177.0
3134 376.0
3135 242.0
3136 311.0
3137 507.0
3138 32.0
3139 507.0
3140 507.0
3141 390.0
3142 400.0
3143 203.0
3144 203.0
3145 491.0
3146 181.0
3147 507.0
3148 198.0
3149 188.0
3150 38.0
3151 411.0
3152 158.0
3153 276.0
3154 180.0
3155 180.0
3156 155.0
3157 204.0
3158 204.0
3159 204.0
3160 204.0
3161 203.0
3162 508.0
3163 204.0
3164 1.0
3165 0.0
3166 248.0
3167 248.0
3168 104.0
3169 226.0
3170 0.0
3171 203.0
3172 494.0
3173 479.0
3174 480.0
3175 385.0
3176 203.0
3177 388.0
3178 392.0
3179 275.0
3180 203.0
3181 382.0
3182 204.0
3183 203.0
3184 286.0
3185 203.0
3186 242.0
3187 387.0
3188 507.0
3189 507.0
3190 507.0
3191 507.0
3192 203.0
3193 472.0
3194 411.0
3195 203.0
3196 409.0
3197 181.0
3198 507.0
3199 0.0
3200 0.0
3201 214.0
3202 0.0
3203 38.0
3204 303.0
3205 180.0
3206 317.0
3207 177.0
3208 204.0
3209 204.0
3210 204.0
3211 204.0
3212 203.0
3213 508.0
3214 204.0
3215 0.0
3216 203.0
3217 248.0
3218 248.0
3219 185.0
3220 226.0
3221 0.0
3222 507.0
3223 507.0
3224 485.0
3225 169.0
3226 98.0
3227 392.0
3228 391.0
3229 388.0
3230 275.0
3231 203.0
3232 396.0
3233 401.0
3234 318.0
3235 203.0
3236 204.0
3237 203.0
3238 387.0
3239 392.0
3240 391.0
3241 507.0
3242 507.0
3243 411.0
3244 203.0
3245 182.0
3246 203.0
3247 507.0
3248 180.0
3249 507.0
3250 198.0
3251 189.0
3252 38.0
3253 33.0
3254 203.0
3255 276.0
3256 180.0
3257 153.0
3258 203.0
3259 204.0
3260 204.0
3261 204.0
3262 204.0
3263 203.0
3264 508.0
3265 204.0
3266 1.0
3267 33.0
3268 248.0
3269 233.0
3270 104.0
3271 226.0
3272 0.0
3273 486.0
3274 486.0
3275 507.0
3276 169.0
3277 203.0
3278 397.0
3279 377.0
3280 377.0
3281 203.0
3282 203.0
3283 392.0
3284 204.0
3285 409.0
3286 286.0
3287 376.0
3288 203.0
3289 399.0
3290 507.0
3291 391.0
3292 507.0
3293 507.0
3294 390.0
3295 411.0
3296 0.0
3297 203.0
3298 491.0
3299 180.0
3300 507.0
3301 32.0
3302 30.0
3303 38.0
3304 0.0
3305 152.0
3306 276.0
3307 180.0
3308 180.0
3309 156.0
3310 204.0
3311 204.0
3312 204.0
3313 204.0
3314 203.0
3315 508.0
3316 204.0
3317 1.0
3318 0.0
3319 248.0
3320 248.0
3321 104.0
3322 226.0
3323 0.0
3324 507.0
3325 507.0
3326 411.0
3327 486.0
3328 203.0
3329 377.0
3330 204.0
3331 388.0
3332 32.0
3333 204.0
3334 278.0
3335 410.0
3336 203.0
3337 244.0
3338 32.0
3339 203.0
3340 215.0
3341 507.0
3342 180.0
3343 507.0
3344 507.0
3345 390.0
3346 322.0
3347 411.0
3348 203.0
3349 409.0
3350 181.0
3351 507.0
3352 169.0
3353 32.0
3354 38.0
3355 204.0
3356 0.0
3357 314.0
3358 186.0
3359 180.0
3360 154.0
3361 204.0
3362 204.0
3363 204.0
3364 204.0
3365 203.0
3366 508.0
3367 204.0
3368 12.0
3369 203.0
3370 248.0
3371 248.0
3372 185.0
3373 226.0
3374 231.0
3375 203.0
3376 507.0
3377 411.0
3378 203.0
3379 98.0
3380 386.0
3381 392.0
3382 388.0
3383 364.0
3384 203.0
3385 203.0
3386 204.0
3387 204.0
3388 275.0
3389 203.0
3390 203.0
3391 480.0
3392 507.0
3393 203.0
3394 507.0
3395 507.0
3396 203.0
3397 0.0
3398 333.0
3399 203.0
3400 409.0
3401 181.0
3402 507.0
3403 32.0
3404 203.0
3405 38.0
3406 216.0
3407 204.0
3408 303.0
3409 180.0
3410 317.0
3411 102.0
3412 204.0
3413 204.0
3414 204.0
3415 204.0
3416 203.0
3417 508.0
3418 204.0
3419 0.0
3420 203.0
3421 248.0
3422 248.0
3423 104.0
3424 218.0
3425 203.0
3426 507.0
3427 486.0
3428 378.0
3429 486.0
3430 204.0
3431 388.0
3432 393.0
3433 388.0
3434 374.0
3435 204.0
3436 389.0
3437 394.0
3438 204.0
3439 204.0
3440 32.0
3441 204.0
3442 204.0
3443 392.0
3444 480.0
3445 507.0
3446 507.0
3447 180.0
3448 204.0
3449 333.0
3450 0.0
3451 507.0
3452 351.0
3453 507.0
3454 198.0
3455 180.0
3456 38.0
3457 0.0
3458 152.0
3459 314.0
3460 203.0
3461 317.0
3462 159.0
3463 204.0
3464 204.0
3465 204.0
3466 204.0
3467 204.0
3468 508.0
3469 204.0
3470 0.0
3471 0.0
3472 253.0
3473 248.0
3474 104.0
3475 226.0
3476 0.0
3477 486.0
3478 507.0
3479 507.0
3480 203.0
3481 203.0
3482 377.0
3483 275.0
3484 377.0
3485 203.0
3486 204.0
3487 203.0
3488 388.0
3489 204.0
3490 275.0
3491 508.0
3492 203.0
3493 203.0
3494 32.0
3495 507.0
3496 507.0
3497 507.0
3498 411.0
3499 203.0
3500 203.0
3501 203.0
3502 491.0
3503 180.0
3504 507.0
3505 179.0
3506 32.0
3507 38.0
3508 200.0
3509 154.0
3510 276.0
3511 169.0
3512 180.0
3513 159.0
3514 204.0
3515 204.0
3516 204.0
3517 204.0
3518 204.0
3519 508.0
3520 204.0
3521 0.0
3522 0.0
3523 248.0
3524 248.0
3525 43.0
3526 218.0
3527 0.0
3528 507.0
3529 507.0
3530 378.0
3531 203.0
3532 204.0
3533 377.0
3534 382.0
3535 382.0
3536 203.0
3537 406.0
3538 203.0
3539 203.0
3540 399.0
3541 204.0
3542 203.0
3543 203.0
3544 488.0
3545 251.0
3546 405.0
3547 507.0
3548 507.0
3549 222.0
3550 204.0
3551 411.0
3552 203.0
3553 507.0
3554 494.0
3555 507.0
3556 179.0
3557 38.0
3558 38.0
3559 181.0
3560 175.0
3561 303.0
3562 180.0
3563 317.0
3564 152.0
3565 204.0
3566 204.0
3567 204.0
3568 204.0
3569 203.0
3570 508.0
3571 203.0
3572 12.0
3573 33.0
3574 253.0
3575 248.0
3576 43.0
3577 203.0
3578 104.0
3579 203.0
3580 507.0
3581 380.0
3582 203.0
3583 203.0
3584 388.0
3585 388.0
3586 392.0
3587 275.0
3588 203.0
3589 203.0
3590 203.0
3591 391.0
3592 482.0
3593 32.0
3594 203.0
3595 203.0
3596 251.0
3597 251.0
3598 507.0
3599 507.0
3600 404.0
3601 203.0
3602 411.0
3603 0.0
3604 409.0
3605 136.0
3606 507.0
3607 198.0
3608 38.0
3609 38.0
3610 0.0
3611 169.0
3612 303.0
3613 180.0
3614 317.0
3615 176.0
3616 204.0
3617 204.0
3618 204.0
3619 204.0
3620 30.0
3621 508.0
3622 204.0
3623 0.0
3624 169.0
3625 248.0
3626 214.0
3627 43.0
3628 231.0
3629 0.0
3630 486.0
3631 507.0
3632 380.0
3633 411.0
3634 386.0
3635 388.0
3636 397.0
3637 377.0
3638 32.0
3639 387.0
3640 203.0
3641 204.0
3642 382.0
3643 686.0
3644 387.0
3645 203.0
3646 683.0
3647 251.0
3648 256.0
3649 507.0
3650 507.0
3651 390.0
3652 204.0
3653 204.0
3654 203.0
3655 507.0
3656 180.0
3657 507.0
3658 198.0
3659 180.0
3660 9.0
3661 411.0
3662 154.0
3663 276.0
3664 304.0
3665 276.0
3666 176.0
3667 204.0
3668 204.0
3669 204.0
3670 204.0
3671 203.0
3672 686.0
3673 203.0
3674 0.0
3675 33.0
3676 248.0
3677 248.0
3678 185.0
3679 231.0
3680 0.0
3681 507.0
3682 507.0
3683 479.0
3684 490.0
3685 203.0
3686 393.0
3687 382.0
3688 377.0
3689 203.0
3690 405.0
3691 404.0
3692 387.0
3693 203.0
3694 251.0
3695 204.0
3696 203.0
3697 203.0
3698 251.0
3699 203.0
3700 507.0
3701 507.0
3702 507.0
3703 204.0
3704 218.0
3705 203.0
3706 507.0
3707 507.0
3708 507.0
3709 198.0
3710 30.0
3711 38.0
3712 181.0
3713 180.0
3714 303.0
3715 44.0
3716 396.0
3717 177.0
3718 204.0
3719 204.0
3720 204.0
3721 204.0
3722 203.0
3723 686.0
3724 204.0
3725 1.0
3726 33.0
3727 248.0
3728 233.0
3729 185.0
3730 155.0
3731 197.0
3732 507.0
3733 507.0
3734 479.0
3735 479.0
3736 203.0
3737 393.0
3738 388.0
3739 507.0
3740 275.0
3741 203.0
3742 203.0
3743 396.0
3744 203.0
3745 251.0
3746 0.0
3747 203.0
3748 256.0
3749 251.0
3750 391.0
3751 507.0
3752 507.0
3753 203.0
3754 205.0
3755 333.0
3756 203.0
3757 409.0
3758 340.0
3759 507.0
3760 198.0
3761 38.0
3762 0.0
3763 181.0
3764 169.0
3765 314.0
3766 180.0
3767 317.0
3768 105.0
3769 204.0
3770 204.0
3771 204.0
3772 204.0
3773 33.0
3774 686.0
3775 204.0
3776 0.0
3777 33.0
3778 248.0
3779 253.0
3780 185.0
3781 226.0
3782 0.0
3783 507.0
3784 507.0
3785 380.0
3786 411.0
3787 386.0
3788 386.0
3789 388.0
3790 44.0
3791 275.0
3792 508.0
3793 203.0
3794 204.0
3795 203.0
3796 376.0
3797 479.0
3798 203.0
3799 0.0
3800 392.0
3801 391.0
3802 507.0
3803 507.0
3804 507.0
3805 401.0
3806 333.0
3807 203.0
3808 507.0
3809 180.0
3810 507.0
3811 179.0
3812 38.0
3813 38.0
3814 0.0
3815 169.0
3816 314.0
3817 180.0
3818 276.0
3819 180.0
3820 204.0
3821 204.0
3822 204.0
3823 204.0
3824 38.0
3825 686.0
3826 204.0
3827 0.0
3828 33.0
3829 248.0
3830 253.0
3831 104.0
3832 226.0
3833 0.0
3834 486.0
3835 507.0
3836 380.0
3837 484.0
3838 203.0
3839 397.0
3840 508.0
3841 203.0
3842 1.0
3843 392.0
3844 204.0
3845 401.0
3846 203.0
3847 482.0
3848 203.0
3849 203.0
3850 203.0
3851 507.0
3852 390.0
3853 507.0
3854 507.0
3855 411.0
3856 204.0
3857 87.0
3858 0.0
3859 491.0
3860 180.0
3861 507.0
3862 198.0
3863 0.0
3864 38.0
3865 181.0
3866 154.0
3867 314.0
3868 169.0
3869 276.0
3870 176.0
3871 204.0
3872 204.0
3873 204.0
3874 204.0
3875 169.0
3876 686.0
3877 204.0
3878 1.0
3879 33.0
3880 248.0
3881 248.0
3882 104.0
3883 226.0
3884 0.0
3885 507.0
3886 507.0
3887 411.0
3888 507.0
3889 491.0
3890 204.0
3891 204.0
3892 204.0
3893 204.0
3894 203.0
3895 204.0
3896 396.0
3897 203.0
3898 245.0
3899 245.0
3900 203.0
3901 595.0
3902 251.0
3903 203.0
3904 507.0
3905 507.0
3906 408.0
3907 472.0
3908 30.0
3909 203.0
3910 507.0
3911 180.0
3912 507.0
3913 198.0
3914 0.0
3915 159.0
3916 160.0
3917 154.0
3918 314.0
3919 180.0
3920 396.0
3921 203.0
3922 204.0
3923 204.0
3924 204.0
3925 204.0
3926 169.0
3927 686.0
3928 204.0
3929 1.0
3930 248.0
3931 253.0
3932 248.0
3933 185.0
3934 155.0
3935 223.0
3936 507.0
3937 507.0
3938 507.0
3939 411.0
3940 204.0
3941 204.0
3942 405.0
3943 397.0
3944 393.0
3945 508.0
3946 203.0
3947 409.0
3948 203.0
3949 387.0
3950 481.0
3951 203.0
3952 245.0
3953 251.0
3954 507.0
3955 507.0
3956 411.0
3957 408.0
3958 205.0
3959 319.0
3960 203.0
3961 409.0
3962 181.0
3963 507.0
3964 198.0
3965 109.0
3966 38.0
3967 0.0
3968 154.0
3969 314.0
3970 180.0
3971 396.0
3972 177.0
3973 204.0
3974 204.0
3975 204.0
3976 204.0
3977 38.0
3978 686.0
3979 204.0
3980 1.0
3981 38.0
3982 248.0
3983 248.0
3984 104.0
3985 218.0
3986 0.0
3987 507.0
3988 507.0
3989 479.0
3990 484.0
3991 300.0
3992 381.0
3993 392.0
3994 204.0
3995 382.0
3996 394.0
3997 390.0
3998 401.0
3999 203.0
4000 245.0
4001 411.0
4002 203.0
4003 507.0
4004 251.0
4005 507.0
4006 507.0
4007 507.0
4008 411.0
4009 203.0
4010 0.0
4011 203.0
4012 507.0
4013 167.0
4014 507.0
4015 198.0
4016 32.0
4017 215.0
4018 181.0
4019 150.0
4020 314.0
4021 203.0
4022 276.0
4023 176.0
4024 204.0
4025 204.0
4026 204.0
4027 204.0
4028 33.0
4029 686.0
4030 204.0
4031 0.0
4032 33.0
4033 248.0
4034 248.0
4035 0.0
4036 203.0
4037 0.0
4038 507.0
4039 507.0
4040 411.0
4041 484.0
4042 203.0
4043 54.0
4044 204.0
4045 204.0
4046 396.0
4047 508.0
4048 203.0
4049 394.0
4050 203.0
4051 9.0
4052 203.0
4053 203.0
4054 507.0
4055 251.0
4056 507.0
4057 507.0
4058 507.0
4059 507.0
4060 203.0
4061 43.0
4062 203.0
4063 491.0
4064 180.0
4065 507.0
4066 198.0
4067 165.0
4068 0.0
4069 411.0
4070 169.0
4071 314.0
4072 180.0
4073 396.0
4074 176.0
4075 204.0
4076 204.0
4077 204.0
4078 204.0
4079 169.0
4080 686.0
4081 204.0
4082 1.0
4083 33.0
4084 233.0
4085 248.0
4086 185.0
4087 155.0
4088 0.0
4089 507.0
4090 486.0
4091 411.0
4092 479.0
4093 383.0
4094 33.0
4095 392.0
4096 388.0
4097 33.0
4098 508.0
4099 203.0
4100 403.0
4101 202.0
4102 376.0
4103 242.0
4104 203.0
4105 507.0
4106 251.0
4107 405.0
4108 507.0
4109 507.0
4110 408.0
4111 411.0
4112 182.0
4113 203.0
4114 409.0
4115 48.0
4116 507.0
4117 198.0
4118 38.0
4119 308.0
4120 0.0
4121 169.0
4122 314.0
4123 276.0
4124 317.0
4125 178.0
4126 204.0
4127 204.0
4128 204.0
4129 204.0
4130 33.0
4131 686.0
4132 203.0
4133 1.0
4134 33.0
4135 248.0
4136 248.0
4137 185.0
4138 218.0
4139 0.0
4140 507.0
4141 485.0
4142 378.0
4143 490.0
4144 204.0
4145 382.0
4146 507.0
4147 392.0
4148 204.0
4149 508.0
4150 203.0
4151 403.0
4152 203.0
4153 387.0
4154 242.0
4155 203.0
4156 595.0
4157 251.0
4158 507.0
4159 507.0
4160 507.0
4161 203.0
4162 400.0
4163 182.0
4164 203.0
4165 491.0
4166 411.0
4167 507.0
4168 198.0
4169 0.0
4170 179.0
4171 411.0
4172 154.0
4173 314.0
4174 276.0
4175 276.0
4176 155.0
4177 204.0
4178 204.0
4179 204.0
4180 204.0
4181 38.0
4182 686.0
4183 204.0
4184 32.0
4185 163.0
4186 248.0
4187 248.0
4188 43.0
4189 203.0
4190 0.0
4191 507.0
4192 507.0
4193 411.0
4194 479.0
4195 169.0
4196 381.0
4197 508.0
4198 204.0
4199 380.0
4200 508.0
4201 203.0
4202 401.0
4203 203.0
4204 411.0
4205 203.0
4206 203.0
4207 507.0
4208 251.0
4209 507.0
4210 507.0
4211 507.0
4212 390.0
4213 203.0
4214 0.0
4215 203.0
4216 507.0
4217 180.0
4218 507.0
4219 198.0
4220 0.0
4221 181.0
4222 181.0
4223 152.0
4224 314.0
4225 310.0
4226 276.0
4227 176.0
4228 204.0
4229 204.0
4230 204.0
4231 204.0
4232 169.0
4233 686.0
4234 204.0
4235 0.0
4236 33.0
4237 248.0
4238 248.0
4239 185.0
4240 153.0
4241 0.0
4242 507.0
4243 486.0
4244 411.0
4245 411.0
4246 180.0
4247 204.0
4248 392.0
4249 392.0
4250 507.0
4251 508.0
4252 390.0
4253 401.0
4254 203.0
4255 30.0
4256 203.0
4257 203.0
4258 595.0
4259 203.0
4260 203.0
4261 507.0
4262 507.0
4263 203.0
4264 203.0
4265 0.0
4266 203.0
4267 409.0
4268 48.0
4269 507.0
4270 411.0
4271 109.0
4272 0.0
4273 181.0
4274 169.0
4275 314.0
4276 247.0
4277 396.0
4278 204.0
4279 204.0
4280 204.0
4281 204.0
4282 204.0
4283 169.0
4284 686.0
4285 203.0
4286 1.0
4287 248.0
4288 248.0
4289 214.0
4290 185.0
4291 0.0
4292 197.0
4293 507.0
4294 485.0
4295 411.0
4296 507.0
4297 204.0
4298 33.0
4299 508.0
4300 392.0
4301 204.0
4302 508.0
4303 203.0
4304 410.0
4305 203.0
4306 387.0
4307 203.0
4308 203.0
4309 245.0
4310 251.0
4311 507.0
4312 507.0
4313 507.0
4314 203.0
4315 322.0
4316 0.0
4317 203.0
4318 409.0
4319 180.0
4320 507.0
4321 198.0
4322 143.0
4323 167.0
4324 191.0
4325 180.0
4326 314.0
4327 114.0
4328 396.0
4329 102.0
4330 204.0
4331 204.0
4332 204.0
4333 204.0
4334 30.0
4335 686.0
4336 203.0
4337 0.0
4338 33.0
4339 248.0
4340 253.0
4341 185.0
4342 202.0
4343 0.0
4344 507.0
4345 481.0
4346 479.0
4347 507.0
4348 169.0
4349 275.0
4350 508.0
4351 204.0
4352 392.0
4353 508.0
4354 204.0
4355 406.0
4356 411.0
4357 387.0
4358 203.0
4359 203.0
4360 507.0
4361 251.0
4362 391.0
4363 507.0
4364 507.0
4365 390.0
4366 322.0
4367 0.0
4368 203.0
4369 491.0
4370 180.0
4371 507.0
4372 179.0
4373 0.0
4374 164.0
4375 0.0
4376 180.0
4377 314.0
4378 310.0
4379 396.0
4380 155.0
4381 204.0
4382 204.0
4383 204.0
4384 204.0
4385 38.0
4386 686.0
4387 204.0
4388 0.0
4389 33.0
4390 248.0
4391 248.0
4392 185.0
4393 152.0
4394 0.0
4395 507.0
4396 486.0
4397 411.0
4398 507.0
4399 169.0
4400 381.0
4401 392.0
4402 204.0
4403 385.0
4404 508.0
4405 203.0
4406 405.0
4407 203.0
4408 482.0
4409 203.0
4410 203.0
4411 507.0
4412 251.0
4413 391.0
4414 507.0
4415 507.0
4416 411.0
4417 203.0
4418 209.0
4419 204.0
4420 491.0
4421 180.0
4422 507.0
4423 186.0
4424 0.0
4425 156.0
4426 154.0
4427 152.0
4428 314.0
4429 276.0
4430 276.0
4431 176.0
4432 204.0
4433 204.0
4434 204.0
4435 204.0
4436 169.0
4437 686.0
4438 203.0
4439 0.0
4440 33.0
4441 248.0
4442 248.0
4443 185.0
4444 152.0
4445 203.0
4446 507.0
4447 507.0
4448 490.0
4449 507.0
4450 204.0
4451 204.0
4452 508.0
4453 392.0
4454 508.0
4455 508.0
4456 399.0
4457 405.0
4458 44.0
4459 32.0
4460 242.0
4461 507.0
4462 595.0
4463 251.0
4464 169.0
4465 507.0
4466 507.0
4467 408.0
4468 204.0
4469 0.0
4470 203.0
4471 409.0
4472 59.0
4473 507.0
4474 198.0
4475 180.0
4476 164.0
4477 181.0
4478 154.0
4479 314.0
4480 317.0
4481 317.0
4482 163.0
4483 204.0
4484 204.0
4485 204.0
4486 204.0
4487 32.0
4488 686.0
4489 203.0
4490 0.0
4491 248.0
4492 233.0
4493 248.0
4494 104.0
4495 0.0
4496 204.0
4497 507.0
4498 169.0
4499 507.0
4500 507.0
4501 378.0
4502 204.0
4503 508.0
4504 392.0
4505 204.0
4506 394.0
4507 390.0
4508 203.0
4509 411.0
4510 411.0
4511 242.0
4512 203.0
4513 507.0
4514 251.0
4515 507.0
4516 507.0
4517 507.0
4518 390.0
4519 203.0
4520 411.0
4521 203.0
4522 507.0
4523 411.0
4524 507.0
4525 179.0
4526 173.0
4527 164.0
4528 411.0
4529 180.0
4530 318.0
4531 153.0
4532 396.0
4533 299.0
4534 204.0
4535 204.0
4536 204.0
4537 204.0
4538 38.0
4539 686.0
4540 204.0
4541 32.0
4542 33.0
4543 248.0
4544 248.0
4545 104.0
4546 231.0
4547 203.0
4548 507.0
4549 481.0
4550 411.0
4551 507.0
4552 203.0
4553 388.0
4554 392.0
4555 204.0
4556 385.0
4557 508.0
4558 204.0
4559 411.0
4560 203.0
4561 411.0
4562 204.0
4563 203.0
4564 507.0
4565 251.0
4566 391.0
4567 507.0
4568 507.0
4569 507.0
4570 205.0
4571 212.0
4572 203.0
4573 507.0
4574 180.0
4575 507.0
4576 179.0
4577 0.0
4578 411.0
4579 0.0
4580 169.0
4581 313.0
4582 235.0
4583 276.0
4584 290.0
4585 180.0
4586 204.0
4587 204.0
4588 204.0
4589 169.0
4590 686.0
4591 204.0
4592 0.0
4593 33.0
4594 253.0
4595 245.0
4596 185.0
4597 155.0
4598 0.0
4599 507.0
4600 486.0
4601 507.0
4602 507.0
4603 204.0
4604 382.0
4605 508.0
4606 204.0
4607 508.0
4608 508.0
4609 204.0
4610 405.0
4611 411.0
4612 245.0
4613 508.0
4614 203.0
4615 595.0
4616 251.0
4617 507.0
4618 507.0
4619 507.0
4620 203.0
4621 407.0
4622 182.0
4623 0.0
4624 507.0
4625 365.0
4626 507.0
4627 198.0
4628 180.0
4629 393.0
4630 0.0
4631 180.0
4632 314.0
4633 319.0
4634 276.0
4635 389.0
4636 176.0
4637 204.0
4638 204.0
4639 204.0
4640 33.0
4641 686.0
4642 204.0
4643 32.0
4644 33.0
4645 248.0
4646 248.0
4647 185.0
4648 202.0
4649 105.0
4650 507.0
4651 485.0
4652 484.0
4653 507.0
4654 203.0
4655 397.0
4656 508.0
4657 385.0
4658 204.0
4659 508.0
4660 387.0
4661 411.0
4662 204.0
4663 411.0
4664 476.0
4665 203.0
4666 595.0
4667 251.0
4668 203.0
4669 507.0
4670 507.0
4671 398.0
4672 203.0
4673 0.0
4674 203.0
4675 507.0
4676 181.0
4677 507.0
4678 179.0
4679 180.0
4680 203.0
4681 191.0
4682 180.0
4683 151.0
4684 153.0
4685 317.0
4686 159.0
4687 299.0
4688 204.0
4689 204.0
4690 204.0
4691 38.0
4692 686.0
4693 204.0
4694 32.0
4695 33.0
4696 248.0
4697 248.0
4698 43.0
4699 0.0
4700 203.0
4701 507.0
4702 486.0
4703 507.0
4704 484.0
4705 204.0
4706 204.0
4707 392.0
4708 508.0
4709 507.0
4710 508.0
4711 398.0
4712 407.0
4713 204.0
4714 376.0
4715 204.0
4716 203.0
4717 507.0
4718 486.0
4719 391.0
4720 507.0
4721 507.0
4722 411.0
4723 0.0
4724 0.0
4725 203.0
4726 507.0
4727 180.0
4728 507.0
4729 169.0
4730 0.0
4731 213.0
4732 191.0
4733 152.0
4734 292.0
4735 180.0
4736 276.0
4737 103.0
4738 290.0
4739 32.0
4740 204.0
4741 204.0
4742 203.0
4743 686.0
4744 204.0
4745 0.0
4746 33.0
4747 248.0
4748 248.0
4749 104.0
4750 152.0
4751 0.0
4752 507.0
4753 507.0
4754 484.0
4755 507.0
4756 410.0
4757 388.0
4758 392.0
4759 204.0
4760 385.0
4761 508.0
4762 203.0
4763 410.0
4764 203.0
4765 507.0
4766 169.0
4767 203.0
4768 683.0
4769 251.0
4770 104.0
4771 507.0
4772 507.0
4773 411.0
4774 205.0
4775 209.0
4776 203.0
4777 507.0
4778 180.0
4779 507.0
4780 198.0
4781 0.0
4782 411.0
4783 411.0
4784 152.0
4785 314.0
4786 317.0
4787 276.0
4788 389.0
4789 389.0
4790 146.0
4791 204.0
4792 204.0
4793 169.0
4794 686.0
4795 204.0
4796 0.0
4797 233.0
4798 257.0
4799 245.0
4800 43.0
4801 203.0
4802 203.0
4803 507.0
4804 507.0
4805 484.0
4806 479.0
4807 203.0
4808 101.0
4809 508.0
4810 204.0
4811 204.0
4812 508.0
4813 391.0
4814 409.0
4815 409.0
4816 245.0
4817 245.0
4818 203.0
4819 683.0
4820 251.0
4821 382.0
4822 507.0
4823 507.0
4824 203.0
4825 407.0
4826 182.0
4827 203.0
4828 507.0
4829 181.0
4830 507.0
4831 198.0
4832 1.0
4833 411.0
4834 411.0
4835 38.0
4836 187.0
4837 317.0
4838 317.0
4839 290.0
4840 317.0
4841 389.0
4842 204.0
4843 204.0
4844 169.0
4845 686.0
4846 204.0
4847 32.0
4848 33.0
4849 233.0
4850 248.0
4851 185.0
4852 0.0
4853 218.0
4854 507.0
4855 507.0
4856 507.0
4857 484.0
4858 399.0
4859 392.0
4860 392.0
4861 385.0
4862 392.0
4863 508.0
4864 391.0
4865 410.0
4866 204.0
4867 376.0
4868 387.0
4869 203.0
4870 683.0
4871 251.0
4872 391.0
4873 507.0
4874 507.0
4875 507.0
4876 203.0
4877 0.0
4878 203.0
4879 507.0
4880 136.0
4881 507.0
4882 179.0
4883 180.0
4884 167.0
4885 191.0
4886 154.0
4887 314.0
4888 276.0
4889 317.0
4890 389.0
4891 276.0
4892 389.0
4893 180.0
4894 204.0
4895 33.0
4896 686.0
4897 204.0
4898 0.0
4899 248.0
4900 233.0
4901 248.0
4902 43.0
4903 155.0
4904 0.0
4905 507.0
4906 486.0
4907 507.0
4908 490.0
4909 204.0
4910 203.0
4911 392.0
4912 507.0
4913 385.0
4914 508.0
4915 387.0
4916 411.0
4917 203.0
4918 376.0
4919 376.0
4920 203.0
4921 507.0
4922 251.0
4923 203.0
4924 507.0
4925 507.0
4926 390.0
4927 0.0
4928 0.0
4929 203.0
4930 507.0
4931 180.0
4932 507.0
4933 198.0
4934 173.0
4935 393.0
4936 154.0
4937 158.0
4938 319.0
4939 313.0
4940 276.0
4941 163.0
4942 389.0
4943 389.0
4944 389.0
4945 204.0
4946 38.0
4947 686.0
4948 204.0
4949 32.0
4950 33.0
4951 248.0
4952 253.0
4953 43.0
4954 218.0
4955 215.0
4956 507.0
4957 507.0
4958 507.0
4959 507.0
4960 169.0
4961 33.0
4962 508.0
4963 204.0
4964 508.0
4965 508.0
4966 387.0
4967 411.0
4968 203.0
4969 245.0
4970 376.0
4971 203.0
4972 683.0
4973 507.0
4974 507.0
4975 507.0
4976 507.0
4977 507.0
4978 333.0
4979 507.0
4980 203.0
4981 507.0
4982 180.0
4983 507.0
4984 198.0
4985 0.0
4986 411.0
4987 411.0
4988 152.0
4989 154.0
4990 299.0
4991 317.0
4992 323.0
4993 389.0
4994 162.0
4995 204.0
4996 0.0
4997 169.0
4998 686.0
4999 204.0
5000 0.0
5001 253.0
5002 248.0
5003 248.0
5004 185.0
5005 226.0
5006 203.0
5007 507.0
5008 507.0
5009 507.0
5010 479.0
5011 403.0
5012 101.0
5013 392.0
5014 392.0
5015 507.0
5016 508.0
5017 203.0
5018 411.0
5019 203.0
5020 207.0
5021 376.0
5022 203.0
5023 696.0
5024 251.0
5025 507.0
5026 507.0
5027 507.0
5028 203.0
5029 204.0
5030 235.0
5031 203.0
5032 507.0
5033 176.0
5034 507.0
5035 198.0
5036 1.0
5037 167.0
5038 181.0
5039 204.0
5040 150.0
5041 276.0
5042 317.0
5043 290.0
5044 299.0
5045 389.0
5046 182.0
5047 290.0
5048 169.0
5049 696.0
5050 204.0
5051 0.0
5052 248.0
5053 248.0
5054 248.0
5055 43.0
5056 220.0
5057 207.0
5058 507.0
5059 507.0
5060 507.0
5061 484.0
5062 484.0
5063 101.0
5064 392.0
5065 385.0
5066 385.0
5067 508.0
5068 398.0
5069 410.0
5070 203.0
5071 376.0
5072 473.0
5073 203.0
5074 378.0
5075 251.0
5076 32.0
5077 507.0
5078 507.0
5079 408.0
5080 0.0
5081 0.0
5082 203.0
5083 507.0
5084 181.0
5085 507.0
5086 198.0
5087 193.0
5088 9.0
5089 243.0
5090 154.0
5091 317.0
5092 313.0
5093 276.0
5094 163.0
5095 176.0
5096 162.0
5097 290.0
5098 180.0
5099 203.0
5100 696.0
