1 204.0
2 66.0
3 44.0
4 246.0
5 204.0
6 94.0
7 143.0
8 88.0
9 204.0
10 204.0
11 87.0
12 39.0
13 66.0
14 204.0
15 190.0
16 204.0
17 116.0
18 204.0
19 48.0
20 139.0
21 24.0
22 203.0
23 204.0
24 24.0
25 158.0
26 204.0
27 72.0
28 203.0
29 94.0
30 204.0
31 203.0
32 203.0
33 33.0
34 74.0
35 0.0
36 203.0
37 203.0
38 66.0
39 48.0
40 203.0
41 17.0
42 203.0
43 6.0
44 131.0
45 49.0
46 204.0
47 90.0
48 204.0
49 203.0
50 204.0
51 246.0
52 203.0
53 0.0
54 203.0
55 198.0
56 204.0
57 203.0
58 203.0
59 411.0
60 126.0
61 203.0
62 246.0
63 6.0
64 30.0
65 122.0
66 311.0
67 85.0
68 203.0
69 203.0
70 130.0
71 397.0
72 203.0
73 163.0
74 187.0
75 203.0
76 507.0
77 204.0
78 122.0
79 0.0
80 203.0
81 203.0
82 38.0
83 157.0
84 0.0
85 148.0
86 0.0
87 203.0
88 203.0
89 203.0
90 0.0
91 203.0
92 203.0
93 203.0
94 220.0
95 122.0
96 86.0
97 169.0
98 203.0
99 203.0
100 21.0
101 290.0
102 507.0
103 207.0
104 0.0
105 251.0
106 203.0
107 203.0
108 193.0
109 203.0
110 475.0
111 63.0
112 273.0
113 109.0
114 0.0
115 235.0
116 0.0
117 203.0
118 0.0
119 203.0
120 203.0
121 169.0
122 191.0
123 203.0
124 163.0
125 161.0
126 203.0
127 200.0
128 17.0
129 61.0
130 203.0
131 203.0
132 203.0
133 34.0
134 120.0
135 32.0
136 0.0
137 178.0
138 229.0
139 270.0
140 7.0
141 203.0
142 402.0
143 507.0
144 32.0
145 203.0
146 203.0
147 203.0
148 140.0
149 203.0
150 155.0
151 2.0
152 165.0
153 507.0
154 207.0
155 0.0
156 203.0
157 203.0
158 204.0
159 0.0
160 0.0
161 199.0
162 203.0
163 196.0
164 101.0
165 0.0
166 262.0
167 33.0
168 203.0
169 108.0
170 32.0
171 30.0
172 251.0
173 402.0
174 411.0
175 175.0
176 203.0
177 8.0
178 507.0
179 204.0
180 0.0
181 203.0
182 507.0
183 204.0
184 77.0
185 203.0
186 34.0
187 409.0
188 202.0
189 0.0
190 203.0
191 0.0
192 137.0
193 203.0
194 204.0
195 84.0
196 203.0
197 0.0
198 306.0
199 39.0
200 0.0
201 33.0
202 203.0
203 203.0
204 507.0
205 382.0
206 33.0
207 190.0
208 203.0
209 203.0
210 180.0
211 203.0
212 203.0
213 13.0
214 382.0
215 203.0
216 63.0
217 131.0
218 382.0
219 300.0
220 203.0
221 311.0
222 258.0
223 0.0
224 203.0
225 401.0
226 163.0
227 203.0
228 204.0
229 203.0
230 204.0
231 122.0
232 11.0
233 100.0
234 114.0
235 204.0
236 203.0
237 0.0
238 203.0
239 203.0
240 203.0
241 184.0
242 0.0
243 0.0
244 393.0
245 199.0
246 0.0
247 204.0
248 203.0
249 203.0
250 198.0
251 0.0
252 203.0
253 204.0
254 204.0
255 507.0
256 203.0
257 0.0
258 203.0
259 149.0
260 204.0
261 144.0
262 203.0
263 405.0
264 39.0
265 203.0
266 84.0
267 0.0
268 203.0
269 0.0
270 203.0
271 107.0
272 246.0
273 136.0
274 203.0
275 198.0
276 203.0
277 204.0
278 162.0
279 203.0
280 200.0
281 204.0
282 147.0
283 203.0
284 507.0
285 142.0
286 0.0
287 109.0
288 203.0
289 203.0
290 203.0
291 203.0
292 203.0
293 0.0
294 13.0
295 203.0
296 203.0
297 0.0
298 203.0
299 203.0
300 111.0
301 217.0
302 404.0
303 30.0
304 203.0
305 74.0
306 507.0
307 203.0
308 0.0
309 191.0
310 258.0
311 204.0
312 77.0
313 203.0
314 203.0
315 0.0
316 203.0
317 203.0
318 0.0
319 203.0
320 203.0
321 38.0
322 203.0
323 153.0
324 98.0
325 203.0
326 203.0
327 411.0
328 169.0
329 262.0
330 203.0
331 203.0
332 169.0
333 2.0
334 247.0
335 391.0
336 203.0
337 203.0
338 98.0
339 203.0
340 203.0
341 411.0
342 0.0
343 203.0
344 0.0
345 0.0
346 203.0
347 203.0
348 203.0
349 200.0
350 122.0
351 134.0
352 216.0
353 142.0
354 37.0
355 203.0
356 32.0
357 507.0
358 125.0
359 0.0
360 203.0
361 203.0
362 204.0
363 143.0
364 203.0
365 203.0
366 170.0
367 205.0
368 203.0
369 0.0
370 148.0
371 177.0
372 315.0
373 203.0
374 204.0
375 101.0
376 203.0
377 203.0
378 203.0
379 163.0
380 113.0
381 204.0
382 507.0
383 159.0
384 150.0
385 0.0
386 38.0
387 0.0
388 0.0
389 124.0
390 0.0
391 207.0
392 203.0
393 203.0
394 203.0
395 0.0
396 18.0
397 381.0
398 203.0
399 67.0
400 203.0
401 80.0
402 0.0
403 203.0
404 203.0
405 23.0
406 203.0
407 106.0
408 507.0
409 41.0
410 203.0
411 191.0
412 203.0
413 203.0
414 0.0
415 203.0
416 474.0
417 0.0
418 201.0
419 267.0
420 403.0
421 131.0
422 0.0
423 376.0
424 409.0
425 203.0
426 66.0
427 71.0
428 507.0
429 203.0
430 203.0
431 120.0
432 203.0
433 480.0
434 204.0
435 122.0
436 408.0
437 49.0
438 507.0
439 144.0
440 111.0
441 72.0
442 378.0
443 203.0
444 203.0
445 203.0
446 0.0
447 13.0
448 203.0
449 203.0
450 68.0
451 56.0
452 203.0
453 113.0
454 204.0
455 411.0
456 83.0
457 203.0
458 121.0
459 507.0
460 85.0
461 0.0
462 203.0
463 263.0
464 203.0
465 0.0
466 104.0
467 203.0
468 203.0
469 203.0
470 507.0
471 0.0
472 203.0
473 296.0
474 388.0
475 252.0
476 155.0
477 203.0
478 203.0
479 487.0
480 203.0
481 103.0
482 203.0
483 203.0
484 507.0
485 203.0
486 203.0
487 203.0
488 83.0
489 0.0
490 203.0
491 37.0
492 180.0
493 198.0
494 203.0
495 0.0
496 203.0
497 0.0
498 0.0
499 203.0
500 203.0
501 0.0
502 203.0
503 203.0
504 203.0
505 203.0
506 203.0
507 0.0
508 203.0
509 41.0
510 507.0
511 109.0
512 390.0
513 251.0
514 407.0
515 203.0
516 191.0
517 203.0
518 203.0
519 174.0
520 203.0
521 203.0
522 0.0
523 203.0
524 83.0
525 88.0
526 147.0
527 382.0
528 6.0
529 375.0
530 203.0
531 203.0
532 203.0
533 203.0
534 110.0
535 507.0
536 203.0
537 17.0
538 474.0
539 142.0
540 0.0
541 110.0
542 101.0
543 196.0
544 378.0
545 203.0
546 0.0
547 376.0
548 0.0
549 0.0
550 335.0
551 93.0
552 68.0
553 203.0
554 61.0
555 17.0
556 203.0
557 469.0
558 0.0
559 185.0
560 70.0
561 507.0
562 203.0
563 6.0
564 144.0
565 203.0
566 176.0
567 138.0
568 203.0
569 203.0
570 0.0
571 203.0
572 208.0
573 0.0
574 203.0
575 33.0
576 203.0
577 203.0
578 204.0
579 402.0
580 0.0
581 203.0
582 203.0
583 166.0
584 0.0
585 122.0
586 507.0
587 203.0
588 398.0
589 203.0
590 164.0
591 203.0
592 0.0
593 104.0
594 38.0
595 382.0
596 203.0
597 203.0
598 203.0
599 58.0
600 0.0
601 381.0
602 411.0
603 44.0
604 56.0
605 0.0
606 44.0
607 403.0
608 203.0
609 196.0
610 203.0
611 203.0
612 507.0
613 203.0
614 203.0
615 203.0
616 134.0
617 75.0
618 203.0
619 0.0
620 203.0
621 38.0
622 204.0
623 268.0
624 6.0
625 203.0
626 35.0
627 203.0
628 252.0
629 0.0
630 203.0
631 203.0
632 406.0
633 203.0
634 163.0
635 204.0
636 203.0
637 507.0
638 170.0
639 95.0
640 130.0
641 0.0
642 203.0
643 203.0
644 203.0
645 203.0
646 409.0
647 203.0
648 203.0
649 408.0
650 0.0
651 209.0
652 203.0
653 394.0
654 0.0
655 149.0
656 203.0
657 26.0
658 191.0
659 251.0
660 196.0
661 203.0
662 0.0
663 507.0
664 97.0
665 0.0
666 203.0
667 329.0
668 203.0
669 192.0
670 391.0
671 203.0
672 56.0
673 204.0
674 647.0
675 0.0
676 143.0
677 21.0
678 378.0
679 203.0
680 155.0
681 67.0
682 203.0
683 496.0
684 203.0
685 103.0
686 127.0
687 203.0
688 507.0
689 360.0
690 203.0
691 408.0
692 161.0
693 0.0
694 160.0
695 130.0
696 251.0
697 203.0
698 507.0
699 0.0
700 399.0
701 0.0
702 0.0
703 171.0
704 203.0
705 0.0
706 120.0
707 133.0
708 62.0
709 408.0
710 147.0
711 0.0
712 204.0
713 61.0
714 647.0
715 203.0
716 411.0
717 203.0
718 408.0
719 204.0
720 160.0
721 203.0
722 0.0
723 0.0
724 411.0
725 203.0
726 170.0
727 203.0
728 267.0
729 45.0
730 140.0
731 230.0
732 118.0
733 67.0
734 411.0
735 262.0
736 169.0
737 55.0
738 122.0
739 203.0
740 0.0
741 0.0
742 203.0
743 267.0
744 204.0
745 110.0
746 104.0
747 68.0
748 20.0
749 203.0
750 0.0
751 267.0
752 0.0
753 0.0
754 239.0
755 93.0
756 0.0
757 3.0
758 0.0
759 0.0
760 227.0
761 195.0
762 0.0
763 223.0
764 203.0
765 647.0
766 411.0
767 203.0
768 203.0
769 383.0
770 392.0
771 203.0
772 78.0
773 203.0
774 0.0
775 203.0
776 327.0
777 122.0
778 115.0
779 256.0
780 476.0
781 203.0
782 0.0
783 118.0
784 300.0
785 693.0
786 203.0
787 163.0
788 203.0
789 0.0
790 507.0
791 139.0
792 203.0
793 507.0
794 0.0
795 204.0
796 87.0
797 104.0
798 109.0
799 300.0
800 203.0
801 203.0
802 252.0
803 58.0
804 238.0
805 203.0
806 394.0
807 97.0
808 0.0
809 203.0
810 11.0
811 225.0
812 17.0
813 196.0
814 205.0
815 192.0
816 693.0
817 507.0
818 486.0
819 203.0
820 203.0
821 105.0
822 180.0
823 203.0
824 488.0
825 123.0
826 389.0
827 705.0
828 400.0
829 198.0
830 0.0
831 411.0
832 203.0
833 87.0
834 11.0
835 680.0
836 203.0
837 154.0
838 163.0
839 203.0
840 203.0
841 410.0
842 204.0
843 187.0
844 410.0
845 403.0
846 203.0
847 203.0
848 87.0
849 203.0
850 186.0
851 482.0
852 203.0
853 204.0
854 0.0
855 0.0
856 488.0
857 507.0
858 121.0
859 203.0
860 169.0
861 30.0
862 138.0
863 65.0
864 201.0
865 185.0
866 32.0
867 705.0
868 411.0
869 403.0
870 0.0
871 203.0
872 0.0
873 203.0
874 488.0
875 57.0
876 136.0
877 203.0
878 659.0
879 387.0
880 204.0
881 71.0
882 393.0
883 203.0
884 83.0
885 12.0
886 393.0
887 402.0
888 407.0
889 169.0
890 396.0
891 204.0
892 390.0
893 132.0
894 203.0
895 391.0
896 404.0
897 0.0
898 0.0
899 55.0
900 131.0
901 203.0
902 411.0
903 0.0
904 204.0
905 302.0
906 150.0
907 311.0
908 133.0
909 203.0
910 1.0
911 377.0
912 0.0
913 203.0
914 203.0
915 0.0
916 17.0
917 0.0
918 705.0
919 405.0
920 399.0
921 203.0
922 203.0
923 204.0
924 33.0
925 203.0
926 203.0
927 202.0
928 122.0
929 405.0
930 0.0
931 256.0
932 161.0
933 203.0
934 0.0
935 128.0
936 79.0
937 203.0
938 132.0
939 70.0
940 38.0
941 203.0
942 66.0
943 386.0
944 409.0
945 107.0
946 121.0
947 203.0
948 411.0
949 204.0
950 104.0
951 203.0
952 82.0
953 410.0
954 35.0
955 102.0
956 0.0
957 28.0
958 360.0
959 411.0
960 25.0
961 144.0
962 39.0
963 0.0
964 203.0
965 151.0
966 0.0
967 73.0
968 60.0
969 705.0
970 479.0
971 174.0
972 203.0
973 398.0
974 219.0
975 375.0
976 408.0
977 683.0
978 0.0
979 390.0
980 205.0
981 407.0
982 83.0
983 87.0
984 203.0
985 203.0
986 0.0
987 0.0
988 203.0
989 475.0
990 31.0
991 163.0
992 191.0
993 131.0
994 401.0
995 661.0
996 156.0
997 482.0
998 203.0
999 30.0
1000 204.0
1001 87.0
1002 328.0
1003 203.0
1004 388.0
1005 181.0
1006 264.0
1007 0.0
1008 0.0
1009 203.0
1010 203.0
1011 196.0
1012 0.0
1013 406.0
1014 35.0
1015 391.0
1016 0.0
1017 0.0
1018 10.0
1019 203.0
1020 705.0
1021 191.0
1022 411.0
1023 203.0
1024 404.0
1025 2.0
1026 203.0
1027 397.0
1028 0.0
1029 60.0
1030 475.0
1031 208.0
1032 157.0
1033 203.0
1034 204.0
1035 355.0
1036 411.0
1037 19.0
1038 203.0
1039 411.0
1040 203.0
1041 198.0
1042 95.0
1043 139.0
1044 156.0
1045 203.0
1046 411.0
1047 67.0
1048 203.0
1049 403.0
1050 203.0
1051 0.0
1052 141.0
1053 411.0
1054 159.0
1055 476.0
1056 198.0
1057 125.0
1058 0.0
1059 0.0
1060 666.0
1061 143.0
1062 203.0
1063 230.0
1064 398.0
1065 107.0
1066 406.0
1067 0.0
1068 89.0
1069 229.0
1070 38.0
1071 705.0
1072 203.0
1073 363.0
1074 72.0
1075 202.0
1076 203.0
1077 203.0
1078 385.0
1079 388.0
1080 203.0
1081 360.0
1082 489.0
1083 382.0
1084 197.0
1085 245.0
1086 264.0
1087 485.0
1088 19.0
1089 112.0
1090 507.0
1091 203.0
1092 11.0
1093 169.0
1094 131.0
1095 221.0
1096 203.0
1097 409.0
1098 203.0
1099 115.0
1100 203.0
1101 148.0
1102 0.0
1103 71.0
1104 405.0
1105 203.0
1106 279.0
1107 0.0
1108 88.0
1109 0.0
1110 0.0
1111 84.0
1112 404.0
1113 130.0
1114 240.0
1115 203.0
1116 0.0
1117 204.0
1118 0.0
1119 203.0
1120 24.0
1121 60.0
1122 705.0
1123 241.0
1124 401.0
1125 0.0
1126 204.0
1127 204.0
1128 482.0
1129 407.0
1130 196.0
1131 61.0
1132 401.0
1133 203.0
1134 203.0
1135 411.0
1136 391.0
1137 32.0
1138 130.0
1139 134.0
1140 11.0
1141 174.0
1142 303.0
1143 203.0
1144 39.0
1145 410.0
1146 105.0
1147 203.0
1148 203.0
1149 187.0
1150 203.0
1151 203.0
1152 203.0
1153 0.0
1154 98.0
1155 329.0
1156 239.0
1157 33.0
1158 0.0
1159 204.0
1160 107.0
1161 0.0
1162 488.0
1163 386.0
1164 278.0
1165 203.0
1166 238.0
1167 203.0
1168 401.0
1169 395.0
1170 0.0
1171 203.0
1172 251.0
1173 705.0
1174 179.0
1175 203.0
1176 203.0
1177 118.0
1178 83.0
1179 406.0
1180 373.0
1181 397.0
1182 411.0
1183 490.0
1184 234.0
1185 478.0
1186 203.0
1187 203.0
1188 72.0
1189 204.0
1190 236.0
1191 100.0
1192 507.0
1193 203.0
1194 204.0
1195 163.0
1196 478.0
1197 84.0
1198 407.0
1199 409.0
1200 67.0
1201 123.0
1202 203.0
1203 203.0
1204 37.0
1205 88.0
1206 115.0
1207 157.0
1208 362.0
1209 408.0
1210 246.0
1211 0.0
1212 39.0
1213 479.0
1214 362.0
1215 203.0
1216 13.0
1217 490.0
1218 406.0
1219 396.0
1220 0.0
1221 185.0
1222 472.0
1223 384.0
1224 705.0
1225 396.0
1226 482.0
1227 0.0
1228 138.0
1229 204.0
1230 385.0
1231 391.0
1232 32.0
1233 399.0
1234 411.0
1235 204.0
1236 175.0
1237 705.0
1238 407.0
1239 411.0
1240 203.0
1241 93.0
1242 79.0
1243 391.0
1244 273.0
1245 81.0
1246 274.0
1247 74.0
1248 64.0
1249 491.0
1250 244.0
1251 379.0
1252 210.0
1253 122.0
1254 246.0
1255 0.0
1256 108.0
1257 203.0
1258 203.0
1259 333.0
1260 203.0
1261 196.0
1262 0.0
1263 64.0
1264 203.0
1265 164.0
1266 243.0
1267 485.0
1268 182.0
1269 0.0
1270 182.0
1271 0.0
1272 61.0
1273 203.0
1274 902.0
1275 902.0
1276 203.0
1277 203.0
1278 381.0
1279 406.0
1280 204.0
1281 200.0
1282 393.0
1283 362.0
1284 70.0
1285 411.0
1286 508.0
1287 356.0
1288 665.0
1289 204.0
1290 411.0
1291 715.0
1292 110.0
1293 0.0
1294 395.0
1295 203.0
1296 314.0
1297 94.0
1298 204.0
1299 88.0
1300 204.0
1301 411.0
1302 379.0
1303 395.0
1304 410.0
1305 678.0
1306 0.0
1307 30.0
1308 472.0
1309 374.0
1310 327.0
1311 100.0
1312 203.0
1313 124.0
1314 203.0
1315 403.0
1316 197.0
1317 203.0
1318 393.0
1319 403.0
1320 203.0
1321 83.0
1322 397.0
1323 0.0
1324 203.0
1325 203.0
1326 902.0
1327 108.0
1328 507.0
1329 411.0
1330 634.0
1331 1.0
1332 174.0
1333 479.0
1334 398.0
1335 203.0
1336 386.0
1337 203.0
1338 405.0
1339 411.0
1340 408.0
1341 203.0
1342 204.0
1343 204.0
1344 74.0
1345 267.0
1346 472.0
1347 674.0
1348 397.0
1349 400.0
1350 204.0
1351 191.0
1352 469.0
1353 395.0
1354 355.0
1355 176.0
1356 203.0
1357 203.0
1358 204.0
1359 203.0
1360 411.0
1361 203.0
1362 47.0
1363 411.0
1364 93.0
1365 400.0
1366 203.0
1367 203.0
1368 173.0
1369 120.0
1370 411.0
1371 174.0
1372 507.0
1373 0.0
1374 291.0
1375 33.0
1376 468.0
1377 902.0
1378 32.0
1379 411.0
1380 411.0
1381 112.0
1382 1.0
1383 411.0
1384 203.0
1385 411.0
1386 203.0
1387 392.0
1388 305.0
1389 62.0
1390 203.0
1391 411.0
1392 204.0
1393 154.0
1394 203.0
1395 203.0
1396 203.0
1397 0.0
1398 473.0
1399 384.0
1400 204.0
1401 100.0
1402 203.0
1403 411.0
1404 345.0
1405 203.0
1406 203.0
1407 411.0
1408 37.0
1409 389.0
1410 203.0
1411 203.0
1412 203.0
1413 169.0
1414 395.0
1415 47.0
1416 409.0
1417 203.0
1418 164.0
1419 377.0
1420 85.0
1421 708.0
1422 203.0
1423 160.0
1424 0.0
1425 136.0
1426 203.0
1427 476.0
1428 902.0
1429 204.0
1430 507.0
1431 160.0
1432 410.0
1433 13.0
1434 390.0
1435 234.0
1436 203.0
1437 410.0
1438 203.0
1439 204.0
1440 203.0
1441 203.0
1442 411.0
1443 300.0
1444 408.0
1445 110.0
1446 204.0
1447 683.0
1448 203.0
1449 312.0
1450 138.0
1451 0.0
1452 322.0
1453 411.0
1454 203.0
1455 203.0
1456 306.0
1457 404.0
1458 204.0
1459 28.0
1460 392.0
1461 469.0
1462 119.0
1463 38.0
1464 152.0
1465 411.0
1466 186.0
1467 392.0
1468 203.0
1469 164.0
1470 390.0
1471 299.0
1472 410.0
1473 408.0
1474 185.0
1475 203.0
1476 37.0
1477 203.0
1478 486.0
1479 902.0
1480 411.0
1481 507.0
1482 161.0
1483 411.0
1484 13.0
1485 101.0
1486 204.0
1487 411.0
1488 411.0
1489 392.0
1490 411.0
1491 404.0
1492 683.0
1493 204.0
1494 65.0
1495 389.0
1496 90.0
1497 0.0
1498 262.0
1499 203.0
1500 508.0
1501 486.0
1502 0.0
1503 67.0
1504 398.0
1505 507.0
1506 411.0
1507 478.0
1508 410.0
1509 203.0
1510 14.0
1511 68.0
1512 204.0
1513 411.0
1514 186.0
1515 33.0
1516 411.0
1517 0.0
1518 203.0
1519 411.0
1520 507.0
1521 478.0
1522 203.0
1523 411.0
1524 811.0
1525 411.0
1526 295.0
1527 47.0
1528 203.0
1529 795.0
1530 902.0
1531 231.0
1532 204.0
1533 485.0
1534 373.0
1535 1.0
1536 204.0
1537 0.0
1538 403.0
1539 32.0
1540 203.0
1541 251.0
1542 171.0
1543 804.0
1544 401.0
1545 405.0
1546 411.0
1547 154.0
1548 397.0
1549 475.0
1550 632.0
1551 203.0
1552 163.0
1553 203.0
1554 57.0
1555 114.0
1556 411.0
1557 203.0
1558 381.0
1559 203.0
1560 392.0
1561 37.0
1562 93.0
1563 411.0
1564 32.0
1565 217.0
1566 14.0
1567 396.0
1568 0.0
1569 204.0
1570 485.0
1571 165.0
1572 203.0
1573 204.0
1574 411.0
1575 402.0
1576 203.0
1577 0.0
1578 122.0
1579 0.0
1580 471.0
1581 902.0
1582 38.0
1583 204.0
1584 360.0
1585 411.0
1586 51.0
1587 399.0
1588 395.0
1589 23.0
1590 23.0
1591 203.0
1592 0.0
1593 203.0
1594 204.0
1595 405.0
1596 366.0
1597 475.0
1598 147.0
1599 0.0
1600 383.0
1601 399.0
1602 411.0
1603 2.0
1604 159.0
1605 116.0
1606 407.0
1607 143.0
1608 400.0
1609 394.0
1610 203.0
1611 397.0
1612 376.0
1613 267.0
1614 411.0
1615 76.0
1616 472.0
1617 104.0
1618 204.0
1619 141.0
1620 387.0
1621 384.0
1622 203.0
1623 411.0
1624 147.0
1625 390.0
1626 391.0
1627 407.0
1628 389.0
1629 399.0
1630 411.0
1631 468.0
1632 902.0
1633 204.0
1634 409.0
1635 207.0
1636 398.0
1637 34.0
1638 203.0
1639 312.0
1640 219.0
1641 102.0
1642 630.0
1643 401.0
1644 203.0
1645 411.0
1646 384.0
1647 204.0
1648 411.0
1649 103.0
1650 204.0
1651 508.0
1652 747.0
1653 647.0
1654 411.0
1655 203.0
1656 411.0
1657 402.0
1658 401.0
1659 203.0
1660 386.0
1661 390.0
1662 405.0
1663 0.0
1664 411.0
1665 383.0
1666 84.0
1667 203.0
1668 100.0
1669 411.0
1670 203.0
1671 204.0
1672 473.0
1673 507.0
1674 389.0
1675 6.0
1676 399.0
1677 203.0
1678 475.0
1679 251.0
1680 411.0
1681 203.0
1682 486.0
1683 902.0
1684 203.0
1685 410.0
1686 171.0
1687 206.0
1688 204.0
1689 77.0
1690 203.0
1691 381.0
1692 163.0
1693 203.0
1694 203.0
1695 352.0
1696 110.0
1697 490.0
1698 203.0
1699 472.0
1700 128.0
1701 0.0
1702 385.0
1703 203.0
1704 411.0
1705 203.0
1706 715.0
1707 96.0
1708 411.0
1709 401.0
1710 400.0
1711 203.0
1712 334.0
1713 203.0
1714 203.0
1715 472.0
1716 204.0
1717 0.0
1718 143.0
1719 0.0
1720 405.0
1721 203.0
1722 411.0
1723 105.0
1724 149.0
1725 407.0
1726 204.0
1727 661.0
1728 411.0
1729 487.0
1730 382.0
1731 204.0
1732 203.0
1733 468.0
1734 902.0
1735 408.0
1736 204.0
1737 171.0
1738 203.0
1739 203.0
1740 400.0
1741 203.0
1742 203.0
1743 411.0
1744 204.0
1745 470.0
1746 60.0
1747 747.0
1748 204.0
1749 407.0
1750 203.0
1751 203.0
1752 397.0
1753 411.0
1754 203.0
1755 411.0
1756 360.0
1757 411.0
1758 105.0
1759 474.0
1760 206.0
1761 478.0
1762 383.0
1763 203.0
1764 683.0
1765 203.0
1766 244.0
1767 153.0
1768 0.0
1769 398.0
1770 32.0
1771 411.0
1772 386.0
1773 204.0
1774 175.0
1775 203.0
1776 394.0
1777 406.0
1778 507.0
1779 470.0
1780 203.0
1781 86.0
1782 204.0
1783 475.0
1784 476.0
1785 902.0
1786 395.0
1787 811.0
1788 400.0
1789 653.0
1790 204.0
1791 401.0
1792 409.0
1793 203.0
1794 48.0
1795 383.0
1796 203.0
1797 485.0
1798 203.0
1799 204.0
1800 203.0
1801 203.0
1802 203.0
1803 38.0
1804 204.0
1805 473.0
1806 203.0
1807 478.0
1808 204.0
1809 88.0
1810 38.0
1811 203.0
1812 472.0
1813 203.0
1814 400.0
1815 269.0
1816 204.0
1817 466.0
1818 411.0
1819 25.0
1820 205.0
1821 203.0
1822 396.0
1823 220.0
1824 204.0
1825 664.0
1826 411.0
1827 396.0
1828 179.0
1829 358.0
1830 478.0
1831 390.0
1832 403.0
1833 383.0
1834 411.0
1835 904.0
1836 904.0
1837 49.0
1838 507.0
1839 262.0
1840 203.0
1841 204.0
1842 119.0
1843 406.0
1844 203.0
1845 162.0
1846 203.0
1847 407.0
1848 203.0
1849 203.0
1850 468.0
1851 204.0
1852 401.0
1853 395.0
1854 50.0
1855 472.0
1856 468.0
1857 408.0
1858 203.0
1859 204.0
1860 204.0
1861 38.0
1862 203.0
1863 203.0
1864 121.0
1865 411.0
1866 411.0
1867 0.0
1868 382.0
1869 398.0
1870 0.0
1871 382.0
1872 394.0
1873 32.0
1874 479.0
1875 98.0
1876 183.0
1877 203.0
1878 203.0
1879 203.0
1880 472.0
1881 798.0
1882 204.0
1883 411.0
1884 330.0
1885 356.0
1886 795.0
1887 904.0
1888 185.0
1889 403.0
1890 337.0
1891 633.0
1892 204.0
1893 323.0
1894 203.0
1895 468.0
1896 162.0
1897 30.0
1898 507.0
1899 203.0
1900 683.0
1901 395.0
1902 395.0
1903 411.0
1904 283.0
1905 411.0
1906 626.0
1907 472.0
1908 652.0
1909 479.0
1910 488.0
1911 245.0
1912 351.0
1913 409.0
1914 483.0
1915 468.0
1916 203.0
1917 477.0
1918 0.0
1919 203.0
1920 204.0
1921 25.0
1922 204.0
1923 203.0
1924 396.0
1925 662.0
1926 98.0
1927 355.0
1928 409.0
1929 204.0
1930 218.0
1931 411.0
1932 662.0
1933 32.0
1934 94.0
1935 209.0
1936 33.0
1937 468.0
1938 904.0
1939 204.0
1940 472.0
1941 160.0
1942 813.0
1943 204.0
1944 401.0
1945 49.0
1946 397.0
1947 67.0
1948 204.0
1949 357.0
1950 407.0
1951 403.0
1952 468.0
1953 203.0
1954 384.0
1955 376.0
1956 204.0
1957 204.0
1958 203.0
1959 477.0
1960 138.0
1961 508.0
1962 105.0
1963 473.0
1964 411.0
1965 407.0
1966 411.0
1967 110.0
1968 269.0
1969 203.0
1970 486.0
1971 411.0
1972 25.0
1973 342.0
1974 203.0
1975 405.0
1976 637.0
1977 0.0
1978 4.0
1979 195.0
1980 203.0
1981 470.0
1982 683.0
1983 701.0
1984 147.0
1985 411.0
1986 203.0
1987 43.0
1988 468.0
1989 904.0
1990 180.0
1991 411.0
1992 360.0
1993 634.0
1994 34.0
1995 99.0
1996 203.0
1997 386.0
1998 93.0
1999 397.0
2000 73.0
2001 355.0
2002 638.0
2003 405.0
2004 204.0
2005 203.0
2006 203.0
2007 407.0
2008 683.0
2009 203.0
2010 185.0
2011 94.0
2012 204.0
2013 379.0
2014 170.0
2015 204.0
2016 400.0
2017 149.0
2018 404.0
2019 403.0
2020 659.0
2021 203.0
2022 398.0
2023 0.0
2024 203.0
2025 203.0
2026 79.0
2027 390.0
2028 399.0
2029 381.0
2030 202.0
2031 203.0
2032 486.0
2033 411.0
2034 273.0
2035 204.0
2036 146.0
2037 396.0
2038 203.0
2039 683.0
2040 904.0
2041 203.0
2042 204.0
2043 256.0
2044 405.0
2045 204.0
2046 119.0
2047 474.0
2048 683.0
2049 33.0
2050 65.0
2051 305.0
2052 203.0
2053 88.0
2054 468.0
2055 411.0
2056 0.0
2057 132.0
2058 0.0
2059 393.0
2060 105.0
2061 203.0
2062 180.0
2063 203.0
2064 203.0
2065 32.0
2066 354.0
2067 477.0
2068 393.0
2069 411.0
2070 398.0
2071 16.0
2072 391.0
2073 385.0
2074 33.0
2075 411.0
2076 131.0
2077 411.0
2078 393.0
2079 103.0
2080 243.0
2081 203.0
2082 396.0
2083 472.0
2084 204.0
2085 411.0
2086 172.0
2087 46.0
2088 473.0
2089 94.0
2090 683.0
2091 904.0
2092 470.0
2093 203.0
2094 185.0
2095 105.0
2096 204.0
2097 401.0
2098 390.0
2099 203.0
2100 155.0
2101 203.0
2102 411.0
2103 66.0
2104 203.0
2105 411.0
2106 507.0
2107 187.0
2108 240.0
2109 237.0
2110 0.0
2111 204.0
2112 403.0
2113 163.0
2114 660.0
2115 64.0
2116 376.0
2117 354.0
2118 203.0
2119 411.0
2120 203.0
2121 411.0
2122 402.0
2123 384.0
2124 397.0
2125 25.0
2126 411.0
2127 246.0
2128 470.0
2129 204.0
2130 17.0
2131 203.0
2132 191.0
2133 204.0
2134 203.0
2135 474.0
2136 405.0
2137 77.0
2138 204.0
2139 388.0
2140 0.0
2141 902.0
2142 904.0
2143 683.0
2144 26.0
2145 409.0
2146 401.0
2147 203.0
2148 204.0
2149 93.0
2150 357.0
2151 385.0
2152 397.0
2153 203.0
2154 411.0
2155 390.0
2156 395.0
2157 410.0
2158 187.0
2159 203.0
2160 203.0
2161 122.0
2162 203.0
2163 202.0
2164 94.0
2165 411.0
2166 85.0
2167 462.0
2168 411.0
2169 408.0
2170 183.0
2171 176.0
2172 683.0
2173 204.0
2174 507.0
2175 398.0
2176 0.0
2177 474.0
2178 801.0
2179 411.0
2180 60.0
2181 13.0
2182 49.0
2183 111.0
2184 396.0
2185 0.0
2186 470.0
2187 466.0
2188 251.0
2189 73.0
2190 476.0
2191 203.0
2192 468.0
2193 904.0
2194 652.0
2195 204.0
2196 274.0
2197 683.0
2198 35.0
2199 79.0
2200 93.0
2201 73.0
2202 93.0
2203 0.0
2204 468.0
2205 406.0
2206 387.0
2207 405.0
2208 411.0
2209 245.0
2210 203.0
2211 399.0
2212 411.0
2213 203.0
2214 116.0
2215 38.0
2216 411.0
2217 204.0
2218 398.0
2219 132.0
2220 104.0
2221 387.0
2222 204.0
2223 683.0
2224 204.0
2225 392.0
2226 394.0
2227 25.0
2228 411.0
2229 403.0
2230 470.0
2231 395.0
2232 793.0
2233 174.0
2234 203.0
2235 203.0
2236 411.0
2237 203.0
2238 411.0
2239 55.0
2240 411.0
2241 396.0
2242 399.0
2243 468.0
2244 904.0
2245 204.0
2246 204.0
2247 274.0
2248 191.0
2249 204.0
2250 49.0
2251 203.0
2252 396.0
2253 22.0
2254 475.0
2255 203.0
2256 60.0
2257 411.0
2258 468.0
2259 203.0
2260 248.0
2261 203.0
2262 203.0
2263 473.0
2264 375.0
2265 208.0
2266 18.0
2267 203.0
2268 402.0
2269 32.0
2270 411.0
2271 482.0
2272 411.0
2273 409.0
2274 388.0
2275 381.0
2276 470.0
2277 403.0
2278 0.0
2279 472.0
2280 397.0
2281 476.0
2282 508.0
2283 98.0
2284 204.0
2285 405.0
2286 203.0
2287 411.0
2288 411.0
2289 507.0
2290 145.0
2291 466.0
2292 476.0
2293 204.0
2294 683.0
2295 904.0
2296 683.0
2297 0.0
2298 204.0
2299 5.0
2300 1.0
2301 403.0
2302 390.0
2303 204.0
2304 508.0
2305 203.0
2306 124.0
2307 405.0
2308 383.0
2309 490.0
2310 473.0
2311 204.0
2312 203.0
2313 32.0
2314 475.0
2315 398.0
2316 203.0
2317 38.0
2318 715.0
2319 77.0
2320 117.0
2321 203.0
2322 214.0
2323 204.0
2324 53.0
2325 355.0
2326 473.0
2327 491.0
2328 409.0
2329 0.0
2330 479.0
2331 507.0
2332 479.0
2333 204.0
2334 473.0
2335 49.0
2336 394.0
2337 411.0
2338 382.0
2339 411.0
2340 814.0
2341 353.0
2342 328.0
2343 473.0
2344 204.0
2345 902.0
2346 904.0
2347 683.0
2348 203.0
2349 175.0
2350 698.0
2351 83.0
2352 77.0
2353 203.0
2354 203.0
2355 19.0
2356 399.0
2357 203.0
2358 356.0
2359 376.0
2360 904.0
2361 473.0
2362 203.0
2363 383.0
2364 798.0
2365 411.0
2366 203.0
2367 185.0
2368 176.0
2369 507.0
2370 155.0
2371 476.0
2372 470.0
2373 89.0
2374 383.0
2375 203.0
2376 404.0
2377 487.0
2378 407.0
2379 692.0
2380 115.0
2381 203.0
2382 203.0
2383 411.0
2384 204.0
2385 267.0
2386 446.0
2387 383.0
2388 273.0
2389 178.0
2390 408.0
2391 701.0
2392 205.0
2393 411.0
2394 477.0
2395 84.0
2396 904.0
2397 904.0
2398 203.0
2399 902.0
2400 408.0
2401 411.0
2402 204.0
2403 400.0
2404 38.0
2405 400.0
2406 111.0
2407 392.0
2408 391.0
2409 904.0
2410 7.0
2411 904.0
2412 507.0
2413 191.0
2414 203.0
2415 203.0
2416 468.0
2417 204.0
2418 676.0
2419 203.0
2420 621.0
2421 154.0
2422 507.0
2423 411.0
2424 390.0
2425 204.0
2426 402.0
2427 203.0
2428 478.0
2429 818.0
2430 411.0
2431 0.0
2432 388.0
2433 472.0
2434 411.0
2435 203.0
2436 394.0
2437 246.0
2438 203.0
2439 479.0
2440 407.0
2441 204.0
2442 902.0
2443 153.0
2444 696.0
2445 797.0
2446 193.0
2447 904.0
2448 904.0
2449 203.0
2450 203.0
2451 411.0
2452 0.0
2453 411.0
2454 400.0
2455 203.0
2456 399.0
2457 110.0
2458 203.0
2459 389.0
2460 411.0
2461 410.0
2462 904.0
2463 796.0
2464 187.0
2465 203.0
2466 203.0
2467 473.0
2468 482.0
2469 116.0
2470 33.0
2471 203.0
2472 165.0
2473 376.0
2474 393.0
2475 210.0
2476 351.0
2477 411.0
2478 477.0
2479 411.0
2480 203.0
2481 399.0
2482 0.0
2483 203.0
2484 411.0
2485 411.0
2486 411.0
2487 403.0
2488 21.0
2489 204.0
2490 479.0
2491 203.0
2492 390.0
2493 204.0
2494 485.0
2495 204.0
2496 394.0
2497 204.0
2498 902.0
2499 904.0
2500 401.0
2501 204.0
2502 409.0
2503 747.0
2504 203.0
2505 203.0
2506 813.0
2507 203.0
2508 93.0
2509 203.0
2510 656.0
2511 471.0
2512 203.0
2513 807.0
2514 473.0
2515 185.0
2516 204.0
2517 411.0
2518 476.0
2519 85.0
2520 88.0
2521 33.0
2522 411.0
2523 165.0
2524 411.0
2525 397.0
2526 411.0
2527 508.0
2528 203.0
2529 397.0
2530 406.0
2531 391.0
2532 411.0
2533 0.0
2534 399.0
2535 411.0
2536 73.0
2537 33.0
2538 411.0
2539 38.0
2540 683.0
2541 470.0
2542 173.0
2543 390.0
2544 701.0
2545 683.0
2546 203.0
2547 796.0
2548 203.0
2549 904.0
2550 904.0
2551 203.0
2552 204.0
2553 203.0
2554 813.0
2555 204.0
2556 128.0
2557 410.0
2558 402.0
2559 60.0
2560 203.0
2561 812.0
2562 355.0
2563 411.0
2564 411.0
2565 395.0
2566 206.0
2567 203.0
2568 401.0
2569 411.0
2570 101.0
2571 402.0
2572 152.0
2573 411.0
2574 124.0
2575 396.0
2576 683.0
2577 798.0
2578 330.0
2579 236.0
2580 204.0
2581 203.0
2582 805.0
2583 474.0
2584 25.0
2585 411.0
2586 472.0
2587 396.0
2588 391.0
2589 403.0
2590 446.0
2591 401.0
2592 481.0
2593 409.0
2594 670.0
2595 363.0
2596 204.0
2597 203.0
2598 904.0
2599 86.0
2600 904.0
2601 904.0
2602 472.0
2603 391.0
2604 204.0
2605 357.0
2606 203.0
2607 411.0
2608 203.0
2609 817.0
2610 166.0
2611 403.0
2612 203.0
2613 411.0
2614 110.0
2615 904.0
2616 469.0
2617 203.0
2618 203.0
2619 411.0
2620 411.0
2621 203.0
2622 401.0
2623 405.0
2624 411.0
2625 203.0
2626 203.0
2627 411.0
2628 411.0
2629 411.0
2630 391.0
2631 476.0
2632 204.0
2633 471.0
2634 488.0
2635 0.0
2636 203.0
2637 665.0
2638 672.0
2639 203.0
2640 411.0
2641 407.0
2642 466.0
2643 479.0
2644 203.0
2645 401.0
2646 902.0
2647 411.0
2648 386.0
2649 388.0
2650 0.0
2651 902.0
2652 904.0
2653 204.0
2654 395.0
2655 411.0
2656 390.0
2657 203.0
2658 683.0
2659 203.0
2660 393.0
2661 476.0
2662 49.0
2663 391.0
2664 397.0
2665 204.0
2666 490.0
2667 381.0
2668 185.0
2669 149.0
2670 473.0
2671 203.0
2672 203.0
2673 53.0
2674 38.0
2675 203.0
2676 165.0
2677 203.0
2678 411.0
2679 408.0
2680 388.0
2681 661.0
2682 203.0
2683 508.0
2684 392.0
2685 845.0
2686 0.0
2687 203.0
2688 203.0
2689 476.0
2690 507.0
2691 473.0
2692 5.0
2693 204.0
2694 400.0
2695 485.0
2696 411.0
2697 798.0
2698 507.0
2699 204.0
2700 683.0
2701 203.0
2702 902.0
2703 904.0
2704 681.0
2705 203.0
2706 204.0
2707 399.0
2708 203.0
2709 497.0
2710 798.0
2711 204.0
2712 48.0
2713 49.0
2714 630.0
2715 204.0
2716 399.0
2717 904.0
2718 411.0
2719 196.0
2720 351.0
2721 473.0
2722 203.0
2723 375.0
2724 407.0
2725 40.0
2726 507.0
2727 170.0
2728 203.0
2729 411.0
2730 798.0
2731 355.0
2732 203.0
2733 203.0
2734 204.0
2735 802.0
2736 507.0
2737 25.0
2738 203.0
2739 203.0
2740 410.0
2741 507.0
2742 474.0
2743 203.0
2744 402.0
2745 408.0
2746 411.0
2747 462.0
2748 411.0
2749 406.0
2750 360.0
2751 476.0
2752 204.0
2753 904.0
2754 904.0
2755 203.0
2756 203.0
2757 204.0
2758 747.0
2759 203.0
2760 379.0
2761 633.0
2762 400.0
2763 162.0
2764 675.0
2765 203.0
2766 490.0
2767 396.0
2768 411.0
2769 395.0
2770 203.0
2771 203.0
2772 472.0
2773 507.0
2774 634.0
2775 185.0
2776 169.0
2777 493.0
2778 124.0
2779 411.0
2780 663.0
2781 411.0
2782 203.0
2783 203.0
2784 402.0
2785 472.0
2786 798.0
2787 411.0
2788 0.0
2789 204.0
2790 361.0
2791 411.0
2792 474.0
2793 403.0
2794 246.0
2795 411.0
2796 402.0
2797 904.0
2798 408.0
2799 476.0
2800 390.0
2801 462.0
2802 394.0
2803 203.0
2804 904.0
2805 904.0
2806 683.0
2807 670.0
2808 477.0
2809 630.0
2810 203.0
2811 411.0
2812 381.0
2813 474.0
2814 33.0
2815 204.0
2816 203.0
2817 395.0
2818 203.0
2819 904.0
2820 411.0
2821 203.0
2822 468.0
2823 794.0
2824 203.0
2825 203.0
2826 138.0
2827 401.0
2828 204.0
2829 98.0
2830 203.0
2831 397.0
2832 411.0
2833 113.0
2834 81.0
2835 477.0
2836 203.0
2837 405.0
2838 651.0
2839 82.0
2840 411.0
2841 358.0
2842 411.0
2843 474.0
2844 800.0
2845 203.0
2846 203.0
2847 481.0
2848 191.0
2849 373.0
2850 411.0
2851 507.0
2852 411.0
2853 473.0
2854 203.0
2855 904.0
2856 904.0
2857 203.0
2858 203.0
2859 203.0
2860 379.0
2861 0.0
2862 409.0
2863 411.0
2864 406.0
2865 411.0
2866 411.0
2867 807.0
2868 813.0
2869 410.0
2870 904.0
2871 632.0
2872 87.0
2873 203.0
2874 468.0
2875 398.0
2876 204.0
2877 86.0
2878 203.0
2879 203.0
2880 129.0
2881 203.0
2882 204.0
2883 402.0
2884 97.0
2885 468.0
2886 396.0
2887 411.0
2888 798.0
2889 411.0
2890 25.0
2891 346.0
2892 203.0
2893 680.0
2894 391.0
2895 411.0
2896 38.0
2897 407.0
2898 481.0
2899 476.0
2900 619.0
2901 472.0
2902 121.0
2903 468.0
2904 802.0
2905 203.0
2906 902.0
2907 904.0
2908 203.0
2909 204.0
2910 392.0
2911 810.0
2912 204.0
2913 411.0
2914 674.0
2915 638.0
2916 67.0
2917 683.0
2918 394.0
2919 204.0
2920 203.0
2921 904.0
2922 411.0
2923 185.0
2924 203.0
2925 479.0
2926 406.0
2927 798.0
2928 809.0
2929 175.0
2930 492.0
2931 67.0
2932 411.0
2933 204.0
2934 482.0
2935 406.0
2936 795.0
2937 404.0
2938 393.0
2939 491.0
2940 411.0
2941 0.0
2942 473.0
2943 401.0
2944 110.0
2945 507.0
2946 478.0
2947 192.0
2948 409.0
2949 474.0
2950 629.0
2951 623.0
2952 411.0
2953 507.0
2954 204.0
2955 476.0
2956 203.0
2957 902.0
2958 904.0
2959 683.0
2960 715.0
2961 203.0
2962 633.0
2963 203.0
2964 411.0
2965 411.0
2966 660.0
2967 209.0
2968 683.0
2969 411.0
2970 647.0
2971 396.0
2972 807.0
2973 395.0
2974 180.0
2975 203.0
2976 411.0
2977 405.0
2978 381.0
2979 203.0
2980 399.0
2981 39.0
2982 103.0
2983 904.0
2984 470.0
2985 408.0
2986 361.0
2987 475.0
2988 402.0
2989 411.0
2990 390.0
2991 904.0
2992 0.0
2993 204.0
2994 105.0
2995 216.0
2996 411.0
2997 808.0
2998 149.0
2999 409.0
3000 468.0
3001 411.0
3002 401.0
3003 663.0
3004 203.0
3005 390.0
3006 394.0
3007 203.0
3008 904.0
3009 904.0
3010 488.0
3011 204.0
3012 411.0
3013 904.0
3014 1.0
3015 809.0
3016 473.0
3017 411.0
3018 35.0
3019 490.0
3020 391.0
3021 476.0
3022 630.0
3023 904.0
3024 410.0
3025 191.0
3026 203.0
3027 410.0
3028 111.0
3029 747.0
3030 116.0
3031 396.0
3032 203.0
3033 165.0
3034 475.0
3035 405.0
3036 813.0
3037 203.0
3038 902.0
3039 401.0
3040 411.0
3041 392.0
3042 411.0
3043 185.0
3044 203.0
3045 382.0
3046 411.0
3047 404.0
3048 477.0
3049 38.0
3050 204.0
3051 399.0
3052 407.0
3053 472.0
3054 397.0
3055 475.0
3056 203.0
3057 802.0
3058 394.0
3059 904.0
3060 904.0
3061 386.0
3062 403.0
3063 203.0
3064 358.0
3065 204.0
3066 475.0
3067 411.0
3068 813.0
3069 398.0
3070 204.0
3071 507.0
3072 902.0
3073 0.0
3074 490.0
3075 411.0
3076 203.0
3077 203.0
3078 480.0
3079 0.0
3080 203.0
3081 49.0
3082 163.0
3083 507.0
3084 154.0
3085 476.0
3086 391.0
3087 411.0
3088 350.0
3089 379.0
3090 404.0
3091 798.0
3092 491.0
3093 904.0
3094 25.0
3095 203.0
3096 203.0
3097 402.0
3098 204.0
3099 798.0
3100 5.0
3101 398.0
3102 204.0
3103 391.0
3104 358.0
3105 476.0
3106 669.0
3107 468.0
3108 798.0
3109 203.0
3110 902.0
3111 904.0
3112 402.0
3113 470.0
3114 396.0
3115 399.0
3116 127.0
3117 473.0
3118 902.0
3119 469.0
3120 116.0
3121 203.0
3122 409.0
3123 813.0
3124 474.0
3125 807.0
3126 472.0
3127 204.0
3128 203.0
3129 473.0
3130 139.0
3131 204.0
3132 203.0
3133 702.0
3134 492.0
3135 149.0
3136 904.0
3137 399.0
3138 411.0
3139 201.0
3140 394.0
3141 203.0
3142 802.0
3143 904.0
3144 411.0
3145 0.0
3146 474.0
3147 507.0
3148 203.0
3149 474.0
3150 380.0
3151 204.0
3152 483.0
3153 474.0
3154 398.0
3155 411.0
3156 476.0
3157 203.0
3158 204.0
3159 477.0
3160 262.0
3161 902.0
3162 904.0
3163 491.0
3164 387.0
3165 397.0
3166 399.0
3167 0.0
3168 473.0
3169 663.0
3170 810.0
3171 203.0
3172 49.0
3173 665.0
3174 902.0
3175 411.0
3176 683.0
3177 411.0
3178 204.0
3179 203.0
3180 410.0
3181 48.0
3182 318.0
3183 203.0
3184 138.0
3185 185.0
3186 132.0
3187 490.0
3188 400.0
3189 408.0
3190 204.0
3191 394.0
3192 398.0
3193 393.0
3194 697.0
3195 411.0
3196 0.0
3197 387.0
3198 665.0
3199 400.0
3200 656.0
3201 411.0
3202 409.0
3203 153.0
3204 904.0
3205 407.0
3206 817.0
3207 411.0
3208 203.0
3209 406.0
3210 476.0
3211 204.0
3212 807.0
3213 904.0
3214 394.0
3215 411.0
3216 409.0
3217 402.0
3218 0.0
3219 398.0
3220 476.0
3221 387.0
3222 185.0
3223 675.0
3224 474.0
3225 490.0
3226 391.0
3227 904.0
3228 476.0
3229 203.0
3230 476.0
3231 402.0
3232 405.0
3233 203.0
3234 0.0
3235 411.0
3236 204.0
3237 154.0
3238 902.0
3239 663.0
3240 411.0
3241 204.0
3242 203.0
3243 394.0
3244 476.0
3245 807.0
3246 904.0
3247 25.0
3248 475.0
3249 813.0
3250 479.0
3251 395.0
3252 399.0
3253 355.0
3254 403.0
3255 683.0
3256 629.0
3257 708.0
3258 476.0
3259 472.0
3260 462.0
3261 902.0
3262 403.0
3263 904.0
3264 904.0
3265 683.0
3266 411.0
3267 411.0
3268 379.0
3269 111.0
3270 474.0
3271 203.0
3272 471.0
3273 204.0
3274 204.0
3275 664.0
3276 807.0
3277 411.0
3278 490.0
3279 411.0
3280 203.0
3281 403.0
3282 411.0
3283 203.0
3284 508.0
3285 22.0
3286 203.0
3287 411.0
3288 124.0
3289 902.0
3290 207.0
3291 477.0
3292 411.0
3293 411.0
3294 478.0
3295 393.0
3296 807.0
3297 807.0
3298 76.0
3299 470.0
3300 402.0
3301 193.0
3302 401.0
3303 397.0
3304 203.0
3305 386.0
3306 474.0
3307 203.0
3308 470.0
3309 472.0
3310 411.0
3311 204.0
3312 904.0
3313 165.0
3314 902.0
3315 904.0
3316 683.0
3317 387.0
3318 411.0
3319 203.0
3320 204.0
3321 379.0
3322 203.0
3323 204.0
3324 169.0
3325 637.0
3326 204.0
3327 476.0
3328 411.0
3329 490.0
3330 507.0
3331 204.0
3332 476.0
3333 482.0
3334 507.0
3335 85.0
3336 203.0
3337 203.0
3338 633.0
3339 107.0
3340 490.0
3341 475.0
3342 377.0
3343 393.0
3344 479.0
3345 203.0
3346 411.0
3347 810.0
3348 411.0
3349 0.0
3350 411.0
3351 392.0
3352 411.0
3353 395.0
3354 798.0
3355 399.0
3356 203.0
3357 399.0
3358 804.0
3359 708.0
3360 477.0
3361 392.0
3362 204.0
3363 477.0
3364 397.0
3365 904.0
3366 904.0
3367 394.0
3368 807.0
3369 669.0
3370 470.0
3371 111.0
3372 411.0
3373 204.0
3374 507.0
3375 203.0
3376 145.0
3377 812.0
3378 507.0
3379 807.0
3380 411.0
3381 411.0
3382 204.0
3383 394.0
3384 479.0
3385 197.0
3386 747.0
3387 203.0
3388 471.0
3389 203.0
3390 154.0
3391 691.0
3392 663.0
3393 476.0
3394 396.0
3395 809.0
3396 398.0
3397 411.0
3398 807.0
3399 904.0
3400 0.0
3401 387.0
3402 475.0
3403 411.0
3404 411.0
3405 378.0
3406 0.0
3407 356.0
3408 468.0
3409 407.0
3410 408.0
3411 472.0
3412 671.0
3413 507.0
3414 904.0
3415 245.0
3416 904.0
3417 904.0
3418 379.0
3419 403.0
3420 203.0
3421 464.0
3422 204.0
3423 469.0
3424 0.0
3425 683.0
3426 204.0
3427 406.0
3428 660.0
3429 400.0
3430 398.0
3431 807.0
3432 394.0
3433 204.0
3434 204.0
3435 203.0
3436 400.0
3437 410.0
3438 47.0
3439 406.0
3440 204.0
3441 99.0
3442 904.0
3443 363.0
3444 477.0
3445 477.0
3446 476.0
3447 392.0
3448 800.0
3449 807.0
3450 634.0
3451 25.0
3452 140.0
3453 692.0
3454 203.0
3455 508.0
3456 470.0
3457 21.0
3458 203.0
3459 468.0
3460 395.0
3461 411.0
3462 472.0
3463 644.0
3464 203.0
3465 902.0
3466 125.0
3467 904.0
3468 904.0
3469 411.0
3470 411.0
3471 661.0
3472 473.0
3473 0.0
3474 388.0
3475 32.0
3476 204.0
3477 204.0
3478 382.0
3479 691.0
3480 507.0
3481 203.0
3482 468.0
3483 391.0
3484 203.0
3485 204.0
3486 411.0
3487 404.0
3488 204.0
3489 16.0
3490 204.0
3491 203.0
3492 170.0
3493 490.0
3494 902.0
3495 411.0
3496 134.0
3497 477.0
3498 203.0
3499 411.0
3500 904.0
3501 490.0
3502 0.0
3503 507.0
3504 203.0
3505 396.0
3506 411.0
3507 680.0
3508 149.0
3509 203.0
3510 508.0
3511 490.0
3512 671.0
3513 482.0
3514 203.0
3515 378.0
3516 477.0
3517 394.0
3518 902.0
3519 904.0
3520 679.0
3521 815.0
3522 403.0
3523 203.0
3524 0.0
3525 411.0
3526 203.0
3527 204.0
3528 203.0
3529 49.0
3530 473.0
3531 810.0
3532 411.0
3533 490.0
3534 394.0
3535 203.0
3536 397.0
3537 795.0
3538 203.0
3539 411.0
3540 204.0
3541 387.0
3542 633.0
3543 203.0
3544 902.0
3545 470.0
3546 411.0
3547 203.0
3548 411.0
3549 203.0
3550 479.0
3551 904.0
3552 902.0
3553 472.0
3554 410.0
3555 472.0
3556 402.0
3557 399.0
3558 476.0
3559 183.0
3560 406.0
3561 904.0
3562 396.0
3563 681.0
3564 472.0
3565 203.0
3566 204.0
3567 802.0
3568 203.0
3569 902.0
3570 904.0
3571 388.0
3572 683.0
3573 382.0
3574 462.0
3575 95.0
3576 403.0
3577 411.0
3578 390.0
3579 386.0
3580 204.0
3581 204.0
3582 481.0
3583 203.0
3584 411.0
3585 411.0
3586 204.0
3587 392.0
3588 476.0
3589 392.0
3590 486.0
3591 204.0
3592 394.0
3593 335.0
3594 203.0
3595 902.0
3596 411.0
3597 401.0
3598 204.0
3599 634.0
3600 398.0
3601 802.0
3602 807.0
3603 904.0
3604 25.0
3605 385.0
3606 662.0
3607 203.0
3608 411.0
3609 411.0
3610 28.0
3611 203.0
3612 468.0
3613 408.0
3614 817.0
3615 472.0
3616 411.0
3617 476.0
3618 904.0
3619 389.0
3620 904.0
3621 904.0
3622 683.0
3623 807.0
3624 401.0
3625 904.0
3626 204.0
3627 904.0
3628 49.0
3629 204.0
3630 209.0
3631 203.0
3632 396.0
3633 490.0
3634 403.0
3635 904.0
3636 474.0
3637 180.0
3638 670.0
3639 203.0
3640 190.0
3641 471.0
3642 0.0
3643 204.0
3644 204.0
3645 41.0
3646 904.0
3647 411.0
3648 411.0
3649 204.0
3650 474.0
3651 392.0
3652 411.0
3653 807.0
3654 807.0
3655 25.0
3656 203.0
3657 393.0
3658 134.0
3659 395.0
3660 805.0
3661 0.0
3662 411.0
3663 508.0
3664 411.0
3665 708.0
3666 664.0
3667 411.0
3668 395.0
3669 904.0
3670 57.0
3671 904.0
3672 904.0
3673 800.0
3674 902.0
3675 385.0
3676 473.0
3677 0.0
3678 398.0
3679 384.0
3680 204.0
3681 97.0
3682 145.0
3683 399.0
3684 904.0
3685 411.0
3686 468.0
3687 391.0
3688 191.0
3689 481.0
3690 402.0
3691 203.0
3692 411.0
3693 16.0
3694 180.0
3695 411.0
3696 154.0
3697 904.0
3698 411.0
3699 384.0
3700 203.0
3701 471.0
3702 402.0
3703 203.0
3704 904.0
3705 807.0
3706 0.0
3707 470.0
3708 411.0
3709 411.0
3710 203.0
3711 807.0
3712 110.0
3713 203.0
3714 904.0
3715 411.0
3716 411.0
3717 904.0
3718 411.0
3719 406.0
3720 904.0
3721 807.0
3722 904.0
3723 904.0
3724 485.0
3725 634.0
3726 411.0
3727 471.0
3728 40.0
3729 472.0
3730 374.0
3731 406.0
3732 411.0
3733 0.0
3734 204.0
3735 481.0
3736 411.0
3737 904.0
3738 387.0
3739 188.0
3740 904.0
3741 203.0
3742 404.0
3743 683.0
3744 203.0
3745 477.0
3746 633.0
3747 119.0
3748 902.0
3749 472.0
3750 120.0
3751 203.0
3752 471.0
3753 404.0
3754 476.0
3755 630.0
3756 681.0
3757 128.0
3758 407.0
3759 411.0
3760 204.0
3761 475.0
3762 411.0
3763 115.0
3764 203.0
3765 468.0
3766 335.0
3767 411.0
3768 476.0
3769 667.0
3770 204.0
3771 902.0
3772 203.0
3773 902.0
3774 904.0
3775 683.0
3776 490.0
3777 474.0
3778 485.0
3779 203.0
3780 401.0
3781 476.0
3782 389.0
3783 180.0
3784 382.0
3785 203.0
3786 490.0
3787 403.0
3788 411.0
3789 411.0
3790 180.0
3791 410.0
3792 474.0
3793 405.0
3794 203.0
3795 692.0
3796 138.0
3797 204.0
3798 141.0
3799 902.0
3800 397.0
3801 211.0
3802 251.0
3803 800.0
3804 404.0
3805 411.0
3806 904.0
3807 490.0
3808 25.0
3809 203.0
3810 410.0
3811 203.0
3812 663.0
3813 411.0
3814 246.0
3815 204.0
3816 902.0
3817 407.0
3818 411.0
3819 476.0
3820 411.0
3821 376.0
3822 904.0
3823 0.0
3824 904.0
3825 904.0
3826 385.0
3827 490.0
3828 476.0
3829 902.0
3830 1.0
3831 411.0
3832 0.0
3833 204.0
3834 471.0
3835 499.0
3836 805.0
3837 400.0
3838 408.0
3839 411.0
3840 411.0
3841 405.0
3842 204.0
3843 411.0
3844 411.0
3845 476.0
3846 0.0
3847 203.0
3848 203.0
3849 411.0
3850 490.0
3851 397.0
3852 390.0
3853 204.0
3854 471.0
3855 411.0
3856 203.0
3857 807.0
3858 507.0
3859 0.0
3860 204.0
3861 411.0
3862 204.0
3863 88.0
3864 411.0
3865 192.0
3866 203.0
3867 802.0
3868 411.0
3869 671.0
3870 482.0
3871 477.0
3872 468.0
3873 904.0
3874 203.0
3875 904.0
3876 904.0
3877 402.0
3878 675.0
3879 203.0
3880 692.0
3881 5.0
3882 398.0
3883 32.0
3884 393.0
3885 659.0
3886 49.0
3887 392.0
3888 398.0
3889 203.0
3890 807.0
3891 507.0
3892 206.0
3893 410.0
3894 407.0
3895 203.0
3896 203.0
3897 204.0
3898 477.0
3899 411.0
3900 174.0
3901 904.0
3902 798.0
3903 0.0
3904 203.0
3905 471.0
3906 392.0
3907 411.0
3908 630.0
3909 904.0
3910 25.0
3911 203.0
3912 386.0
3913 396.0
3914 403.0
3915 397.0
3916 121.0
3917 411.0
3918 902.0
3919 204.0
3920 411.0
3921 482.0
3922 386.0
3923 462.0
3924 904.0
3925 58.0
3926 902.0
3927 904.0
3928 381.0
3929 807.0
3930 385.0
3931 485.0
3932 203.0
3933 204.0
3934 203.0
3935 390.0
3936 173.0
3937 203.0
3938 411.0
3939 507.0
3940 403.0
3941 807.0
3942 474.0
3943 203.0
3944 468.0
3945 203.0
3946 386.0
3947 683.0
3948 203.0
3949 203.0
3950 805.0
3951 104.0
3952 902.0
3953 904.0
3954 204.0
3955 392.0
3956 661.0
3957 411.0
3958 411.0
3959 807.0
3960 634.0
3961 82.0
3962 203.0
3963 396.0
3964 411.0
3965 204.0
3966 904.0
3967 170.0
3968 203.0
3969 490.0
3970 169.0
3971 401.0
3972 472.0
3973 185.0
3974 473.0
3975 902.0
3976 7.0
3977 904.0
3978 904.0
3979 481.0
3980 807.0
3981 411.0
3982 902.0
3983 203.0
3984 410.0
3985 214.0
3986 314.0
3987 395.0
3988 0.0
3989 203.0
3990 902.0
3991 403.0
3992 904.0
3993 391.0
3994 180.0
3995 671.0
3996 411.0
3997 400.0
3998 471.0
3999 16.0
4000 634.0
4001 203.0
4002 267.0
4003 904.0
4004 476.0
4005 411.0
4006 204.0
4007 681.0
4008 388.0
4009 203.0
4010 902.0
4011 507.0
4012 0.0
4013 351.0
4014 411.0
4015 81.0
4016 402.0
4017 704.0
4018 204.0
4019 203.0
4020 904.0
4021 203.0
4022 404.0
4023 472.0
4024 185.0
4025 462.0
4026 904.0
4027 32.0
4028 904.0
4029 904.0
4030 508.0
4031 683.0
4032 411.0
4033 902.0
4034 203.0
4035 801.0
4036 87.0
4037 398.0
4038 411.0
4039 203.0
4040 135.0
4041 400.0
4042 474.0
4043 904.0
4044 683.0
4045 180.0
4046 664.0
4047 203.0
4048 405.0
4049 476.0
4050 133.0
4051 203.0
4052 203.0
4053 508.0
4054 807.0
4055 798.0
4056 34.0
4057 468.0
4058 471.0
4059 411.0
4060 393.0
4061 630.0
4062 683.0
4063 25.0
4064 411.0
4065 683.0
4066 204.0
4067 402.0
4068 397.0
4069 110.0
4070 406.0
4071 902.0
4072 110.0
4073 203.0
4074 472.0
4075 804.0
4076 462.0
4077 475.0
4078 402.0
4079 904.0
4080 904.0
4081 394.0
4082 904.0
4083 476.0
4084 904.0
4085 204.0
4086 472.0
4087 125.0
4088 204.0
4089 399.0
4090 1086.0
4091 390.0
4092 807.0
4093 203.0
4094 904.0
4095 407.0
4096 212.0
4097 664.0
4098 411.0
4099 203.0
4100 203.0
4101 133.0
4102 203.0
4103 411.0
4104 394.0
4105 807.0
4106 902.0
4107 477.0
4108 350.0
4109 902.0
4110 392.0
4111 407.0
4112 693.0
4113 796.0
4114 0.0
4115 203.0
4116 411.0
4117 672.0
4118 902.0
4119 204.0
4120 99.0
4121 203.0
4122 902.0
4123 0.0
4124 470.0
4125 411.0
4126 411.0
4127 479.0
4128 902.0
4129 62.0
4130 902.0
4131 1086.0
4132 382.0
4133 411.0
4134 203.0
4135 204.0
4136 111.0
4137 203.0
4138 203.0
4139 383.0
4140 390.0
4141 675.0
4142 411.0
4143 204.0
4144 395.0
4145 715.0
4146 399.0
4147 78.0
4148 408.0
4149 411.0
4150 411.0
4151 411.0
4152 39.0
4153 381.0
4154 683.0
4155 398.0
4156 399.0
4157 402.0
4158 404.0
4159 366.0
4160 399.0
4161 411.0
4162 397.0
4163 204.0
4164 904.0
4165 0.0
4166 377.0
4167 397.0
4168 815.0
4169 204.0
4170 813.0
4171 38.0
4172 262.0
4173 397.0
4174 0.0
4175 360.0
4176 402.0
4177 411.0
4178 476.0
4179 399.0
4180 202.0
4181 204.0
4182 1086.0
4183 203.0
4184 399.0
4185 411.0
4186 399.0
4187 204.0
4188 88.0
4189 373.0
4190 400.0
4191 204.0
4192 411.0
4193 204.0
4194 902.0
4195 393.0
4196 411.0
4197 356.0
4198 180.0
4199 396.0
4200 401.0
4201 405.0
4202 305.0
4203 71.0
4204 203.0
4205 96.0
4206 267.0
4207 399.0
4208 396.0
4209 0.0
4210 345.0
4211 398.0
4212 204.0
4213 476.0
4214 393.0
4215 468.0
4216 411.0
4217 203.0
4218 203.0
4219 170.0
4220 363.0
4221 806.0
4222 180.0
4223 203.0
4224 204.0
4225 80.0
4226 204.0
4227 398.0
4228 396.0
4229 403.0
4230 477.0
4231 56.0
4232 397.0
4233 1086.0
4234 251.0
4235 411.0
4236 640.0
4237 904.0
4238 34.0
4239 399.0
4240 382.0
4241 661.0
4242 384.0
4243 203.0
4244 397.0
4245 475.0
4246 390.0
4247 490.0
4248 660.0
4249 191.0
4250 203.0
4251 203.0
4252 138.0
4253 394.0
4254 204.0
4255 394.0
4256 411.0
4257 203.0
4258 397.0
4259 475.0
4260 204.0
4261 715.0
4262 471.0
4263 203.0
4264 406.0
4265 475.0
4266 399.0
4267 84.0
4268 476.0
4269 400.0
4270 508.0
4271 185.0
4272 472.0
4273 175.0
4274 204.0
4275 204.0
4276 138.0
4277 683.0
4278 411.0
4279 485.0
4280 204.0
4281 466.0
4282 50.0
4283 475.0
4284 1086.0
4285 24.0
4286 410.0
4287 376.0
4288 411.0
4289 204.0
4290 204.0
4291 87.0
4292 204.0
4293 800.0
4294 475.0
4295 683.0
4296 397.0
4297 203.0
4298 904.0
4299 411.0
4300 206.0
4301 411.0
4302 203.0
4303 138.0
4304 399.0
4305 0.0
4306 203.0
4307 203.0
4308 204.0
4309 411.0
4310 904.0
4311 467.0
4312 204.0
4313 399.0
4314 683.0
4315 401.0
4316 476.0
4317 410.0
4318 85.0
4319 38.0
4320 387.0
4321 411.0
4322 203.0
4323 407.0
4324 32.0
4325 411.0
4326 411.0
4327 0.0
4328 204.0
4329 476.0
4330 617.0
4331 185.0
4332 683.0
4333 62.0
4334 411.0
4335 401.0
4336 203.0
4337 204.0
4338 204.0
4339 476.0
4340 55.0
4341 203.0
4342 210.0
4343 904.0
4344 470.0
4345 411.0
4346 204.0
4347 399.0
4348 395.0
4349 406.0
4350 395.0
4351 192.0
4352 396.0
4353 204.0
4354 405.0
4355 795.0
4356 23.0
4357 203.0
4358 61.0
4359 403.0
4360 411.0
4361 382.0
4362 83.0
4363 481.0
4364 411.0
4365 204.0
4366 411.0
4367 476.0
4368 677.0
4369 0.0
4370 101.0
4371 475.0
4372 96.0
4373 204.0
4374 396.0
4375 103.0
4376 202.0
4377 397.0
4378 185.0
4379 661.0
4380 383.0
4381 392.0
4382 397.0
4383 408.0
4384 62.0
4385 382.0
4386 1086.0
4387 409.0
4388 411.0
4389 672.0
4390 382.0
4391 1.0
4392 383.0
4393 373.0
4394 671.0
4395 358.0
4396 203.0
4397 204.0
4398 204.0
4399 203.0
4400 204.0
4401 203.0
4402 203.0
4403 476.0
4404 203.0
4405 507.0
4406 406.0
4407 23.0
4408 395.0
4409 508.0
4410 319.0
4411 404.0
4412 397.0
4413 120.0
4414 134.0
4415 475.0
4416 483.0
4417 396.0
4418 363.0
4419 411.0
4420 55.0
4421 352.0
4422 682.0
4423 411.0
4424 381.0
4425 400.0
4426 180.0
4427 204.0
4428 399.0
4429 78.0
4430 692.0
4431 407.0
4432 396.0
4433 407.0
4434 411.0
4435 32.0
4436 204.0
4437 1086.0
4438 110.0
4439 904.0
4440 387.0
4441 204.0
4442 34.0
4443 410.0
4444 113.0
4445 398.0
4446 353.0
4447 382.0
4448 399.0
4449 476.0
4450 397.0
4451 475.0
4452 411.0
4453 203.0
4454 395.0
4455 203.0
4456 363.0
4457 399.0
4458 133.0
4459 204.0
4460 203.0
4461 203.0
4462 902.0
4463 475.0
4464 204.0
4465 203.0
4466 471.0
4467 698.0
4468 411.0
4469 406.0
4470 397.0
4471 84.0
4472 204.0
4473 411.0
4474 204.0
4475 204.0
4476 478.0
4477 115.0
4478 204.0
4479 406.0
4480 176.0
4481 390.0
4482 396.0
4483 203.0
4484 203.0
4485 397.0
4486 62.0
4487 411.0
4488 399.0
4489 683.0
4490 395.0
4491 204.0
4492 670.0
4493 127.0
4494 204.0
4495 385.0
4496 395.0
4497 191.0
4498 411.0
4499 203.0
4500 406.0
4501 396.0
4502 906.0
4503 203.0
4504 204.0
4505 675.0
4506 402.0
4507 470.0
4508 203.0
4509 39.0
4510 403.0
4511 0.0
4512 191.0
4513 399.0
4514 472.0
4515 402.0
4516 272.0
4517 204.0
4518 470.0
4519 411.0
4520 395.0
4521 651.0
4522 0.0
4523 373.0
4524 384.0
4525 203.0
4526 203.0
4527 411.0
4528 170.0
4529 201.0
4530 475.0
4531 203.0
4532 471.0
4533 396.0
4534 802.0
4535 106.0
4536 399.0
4537 62.0
4538 490.0
4539 1086.0
4540 204.0
4541 204.0
4542 404.0
4543 683.0
4544 204.0
4545 383.0
4546 389.0
4547 490.0
4548 353.0
4549 490.0
4550 395.0
4551 204.0
4552 411.0
4553 382.0
4554 671.0
4555 180.0
4556 411.0
4557 381.0
4558 405.0
4559 396.0
4560 16.0
4561 203.0
4562 683.0
4563 99.0
4564 397.0
4565 906.0
4566 114.0
4567 391.0
4568 411.0
4569 471.0
4570 397.0
4571 490.0
4572 399.0
4573 0.0
4574 99.0
4575 203.0
4576 197.0
4577 411.0
4578 385.0
4579 203.0
4580 188.0
4581 1086.0
4582 204.0
4583 507.0
4584 404.0
4585 411.0
4586 204.0
4587 490.0
4588 32.0
4589 411.0
4590 1086.0
4591 73.0
4592 904.0
4593 385.0
4594 395.0
4595 34.0
4596 392.0
4597 203.0
4598 490.0
4599 353.0
4600 382.0
4601 383.0
4602 680.0
4603 204.0
4604 904.0
4605 203.0
4606 206.0
4607 354.0
4608 396.0
4609 473.0
4610 406.0
4611 133.0
4612 395.0
4613 747.0
4614 203.0
4615 906.0
4616 382.0
4617 411.0
4618 390.0
4619 204.0
4620 399.0
4621 803.0
4622 815.0
4623 411.0
4624 0.0
4625 204.0
4626 112.0
4627 204.0
4628 372.0
4629 470.0
4630 89.0
4631 197.0
4632 386.0
4633 665.0
4634 220.0
4635 411.0
4636 411.0
4637 411.0
4638 656.0
4639 62.0
4640 399.0
4641 1086.0
4642 204.0
4643 398.0
4644 395.0
4645 204.0
4646 204.0
4647 391.0
4648 81.0
4649 386.0
4650 411.0
4651 204.0
4652 475.0
4653 203.0
4654 367.0
4655 475.0
4656 411.0
4657 191.0
4658 906.0
4659 507.0
4660 468.0
4661 203.0
4662 0.0
4663 411.0
4664 0.0
4665 165.0
4666 204.0
4667 906.0
4668 381.0
4669 356.0
4670 397.0
4671 406.0
4672 406.0
4673 363.0
4674 399.0
4675 25.0
4676 400.0
4677 395.0
4678 204.0
4679 474.0
4680 683.0
4681 160.0
4682 203.0
4683 204.0
4684 411.0
4685 473.0
4686 203.0
4687 411.0
4688 358.0
4689 411.0
4690 32.0
4691 397.0
4692 1086.0
4693 203.0
4694 904.0
4695 411.0
4696 411.0
4697 111.0
4698 404.0
4699 203.0
4700 476.0
4701 203.0
4702 904.0
4703 399.0
4704 1086.0
4705 411.0
4706 382.0
4707 411.0
4708 203.0
4709 675.0
4710 204.0
4711 394.0
4712 411.0
4713 16.0
4714 204.0
4715 203.0
4716 105.0
4717 902.0
4718 411.0
4719 403.0
4720 341.0
4721 411.0
4722 402.0
4723 399.0
4724 490.0
4725 204.0
4726 0.0
4727 399.0
4728 390.0
4729 204.0
4730 409.0
4731 363.0
4732 160.0
4733 203.0
4734 902.0
4735 374.0
4736 411.0
4737 354.0
4738 715.0
4739 113.0
4740 474.0
4741 62.0
4742 411.0
4743 1086.0
4744 64.0
4745 410.0
4746 203.0
4747 902.0
4748 204.0
4749 411.0
4750 353.0
4751 507.0
4752 203.0
4753 411.0
4754 395.0
4755 675.0
4756 407.0
4757 382.0
4758 209.0
4759 411.0
4760 411.0
4761 411.0
4762 471.0
4763 396.0
4764 133.0
4765 406.0
4766 411.0
4767 165.0
4768 411.0
4769 815.0
4770 402.0
4771 411.0
4772 669.0
4773 105.0
4774 397.0
4775 476.0
4776 675.0
4777 1.0
4778 411.0
4779 203.0
4780 476.0
4781 403.0
4782 367.0
4783 103.0
4784 203.0
4785 397.0
4786 394.0
4787 692.0
4788 203.0
4789 185.0
4790 407.0
4791 904.0
4792 62.0
4793 904.0
4794 1086.0
4795 57.0
4796 399.0
4797 411.0
4798 683.0
4799 203.0
4800 389.0
4801 49.0
4802 411.0
4803 376.0
4804 203.0
4805 411.0
4806 476.0
4807 361.0
4808 411.0
4809 203.0
4810 203.0
4811 203.0
4812 806.0
4813 411.0
4814 642.0
4815 133.0
4816 191.0
4817 805.0
4818 203.0
4819 204.0
4820 204.0
4821 405.0
4822 1086.0
4823 411.0
4824 203.0
4825 803.0
4826 399.0
4827 403.0
4828 37.0
4829 395.0
4830 203.0
4831 470.0
4832 402.0
4833 382.0
4834 0.0
4835 204.0
4836 204.0
4837 473.0
4838 207.0
4839 395.0
4840 715.0
4841 404.0
4842 397.0
4843 38.0
4844 411.0
4845 1086.0
4846 204.0
4847 902.0
4848 190.0
4849 411.0
4850 203.0
4851 203.0
4852 203.0
4853 204.0
4854 203.0
4855 406.0
4856 411.0
4857 1086.0
4858 399.0
4859 203.0
4860 399.0
4861 203.0
4862 204.0
4863 204.0
4864 383.0
4865 796.0
4866 0.0
4867 363.0
4868 72.0
4869 374.0
4870 204.0
4871 204.0
4872 411.0
4873 204.0
4874 411.0
4875 164.0
4876 406.0
4877 396.0
4878 399.0
4879 25.0
4880 390.0
4881 203.0
4882 181.0
4883 469.0
4884 0.0
4885 170.0
4886 153.0
4887 411.0
4888 203.0
4889 236.0
4890 405.0
4891 630.0
4892 307.0
4893 411.0
4894 32.0
4895 204.0
4896 1086.0
4897 683.0
4898 406.0
4899 386.0
4900 399.0
4901 204.0
4902 474.0
4903 373.0
4904 475.0
4905 158.0
4906 476.0
4907 393.0
4908 395.0
4909 411.0
4910 399.0
4911 411.0
4912 203.0
4913 49.0
4914 203.0
4915 683.0
4916 396.0
4917 39.0
4918 138.0
4919 0.0
4920 245.0
4921 411.0
4922 683.0
4923 203.0
4924 383.0
4925 411.0
4926 33.0
4927 1086.0
4928 411.0
4929 675.0
4930 25.0
4931 243.0
4932 694.0
4933 411.0
4934 411.0
4935 361.0
4936 170.0
4937 153.0
4938 399.0
4939 203.0
4940 411.0
4941 409.0
4942 396.0
4943 185.0
4944 904.0
4945 204.0
4946 395.0
4947 399.0
4948 72.0
4949 399.0
4950 234.0
4951 634.0
4952 203.0
4953 398.0
4954 410.0
4955 204.0
4956 132.0
4957 203.0
4958 406.0
4959 399.0
4960 390.0
4961 408.0
4962 390.0
4963 203.0
4964 0.0
4965 481.0
4966 203.0
4967 399.0
4968 39.0
4969 204.0
4970 633.0
4971 48.0
4972 382.0
4973 382.0
4974 204.0
4975 383.0
4976 471.0
4977 203.0
4978 403.0
4979 398.0
4980 406.0
4981 25.0
4982 507.0
4983 406.0
4984 411.0
4985 185.0
4986 191.0
4987 203.0
4988 240.0
4989 204.0
4990 411.0
4991 133.0
4992 476.0
4993 804.0
4994 204.0
4995 397.0
4996 99.0
4997 475.0
4998 1086.0
4999 203.0
5000 475.0
5001 397.0
5002 715.0
5003 203.0
5004 204.0
5005 203.0
5006 411.0
5007 98.0
5008 399.0
5009 399.0
5010 402.0
5011 400.0
5012 904.0
5013 273.0
5014 49.0
5015 203.0
5016 204.0
5017 411.0
5018 508.0
5019 133.0
5020 203.0
5021 39.0
5022 411.0
5023 906.0
5024 204.0
5025 411.0
5026 204.0
5027 411.0
5028 470.0
5029 1086.0
5030 476.0
5031 204.0
5032 25.0
5033 385.0
5034 411.0
5035 82.0
5036 469.0
5037 203.0
5038 103.0
5039 203.0
5040 399.0
5041 0.0
5042 99.0
5043 214.0
5044 483.0
5045 476.0
5046 411.0
5047 99.0
5048 406.0
5049 1086.0
5050 203.0
5051 411.0
5052 663.0
5053 715.0
5054 204.0
5055 383.0
5056 203.0
5057 481.0
5058 375.0
5059 395.0
5060 715.0
5061 204.0
5062 689.0
5063 475.0
5064 382.0
5065 203.0
5066 93.0
5067 0.0
5068 408.0
5069 670.0
5070 203.0
5071 203.0
5072 411.0
5073 245.0
5074 411.0
5075 815.0
5076 402.0
5077 399.0
5078 663.0
5079 405.0
5080 399.0
5081 356.0
5082 490.0
5083 631.0
5084 203.0
5085 203.0
5086 411.0
5087 394.0
5088 662.0
5089 170.0
5090 153.0
5091 399.0
5092 134.0
5093 6.0
5094 392.0
5095 683.0
5096 461.0
5097 507.0
5098 180.0
5099 203.0
5100 1086.0
