1 45.0
2 203.0
3 121.0
4 203.0
5 0.0
6 77.0
7 77.0
8 126.0
9 87.0
10 122.0
11 71.0
12 140.0
13 27.0
14 32.0
15 0.0
16 203.0
17 156.0
18 0.0
19 6.0
20 0.0
21 169.0
22 13.0
23 203.0
24 0.0
25 203.0
26 203.0
27 71.0
28 0.0
29 203.0
30 203.0
31 27.0
32 0.0
33 203.0
34 0.0
35 25.0
36 203.0
37 203.0
38 203.0
39 195.0
40 203.0
41 203.0
42 6.0
43 77.0
44 203.0
45 30.0
46 0.0
47 77.0
48 203.0
49 22.0
50 203.0
51 203.0
52 146.0
53 203.0
54 83.0
55 12.0
56 203.0
57 29.0
58 65.0
59 203.0
60 203.0
61 203.0
62 64.0
63 0.0
64 218.0
65 203.0
66 32.0
67 0.0
68 12.0
69 32.0
70 81.0
71 203.0
72 33.0
73 203.0
74 79.0
75 0.0
76 207.0
77 49.0
78 36.0
79 203.0
80 203.0
81 203.0
82 142.0
83 0.0
84 0.0
85 63.0
86 77.0
87 113.0
88 203.0
89 203.0
90 109.0
91 112.0
92 121.0
93 16.0
94 95.0
95 17.0
96 1.0
97 183.0
98 104.0
99 0.0
100 203.0
101 26.0
102 218.0
103 204.0
104 203.0
105 1.0
106 204.0
107 204.0
108 161.0
109 203.0
110 14.0
111 203.0
112 167.0
113 203.0
114 0.0
115 199.0
116 202.0
117 203.0
118 8.0
119 203.0
120 203.0
121 190.0
122 167.0
123 38.0
124 203.0
125 106.0
126 137.0
127 203.0
128 204.0
129 137.0
130 203.0
131 203.0
132 188.0
133 131.0
134 12.0
135 203.0
136 18.0
137 149.0
138 203.0
139 251.0
140 208.0
141 162.0
142 50.0
143 108.0
144 203.0
145 171.0
146 166.0
147 203.0
148 204.0
149 173.0
150 11.0
151 134.0
152 203.0
153 251.0
154 204.0
155 251.0
156 203.0
157 204.0
158 203.0
159 204.0
160 203.0
161 203.0
162 203.0
163 104.0
164 116.0
165 203.0
166 203.0
167 148.0
168 251.0
169 203.0
170 204.0
171 72.0
172 204.0
173 25.0
174 117.0
175 203.0
176 121.0
177 203.0
178 163.0
179 347.0
180 203.0
181 169.0
182 203.0
183 158.0
184 251.0
185 204.0
186 204.0
187 64.0
188 176.0
189 178.0
190 230.0
191 251.0
192 6.0
193 0.0
194 157.0
195 204.0
196 204.0
197 34.0
198 209.0
199 203.0
200 204.0
201 55.0
202 206.0
203 6.0
204 347.0
205 84.0
206 204.0
207 204.0
208 251.0
209 251.0
210 203.0
211 264.0
212 279.0
213 0.0
214 184.0
215 185.0
216 251.0
217 251.0
218 203.0
219 204.0
220 251.0
221 204.0
222 99.0
223 251.0
224 204.0
225 131.0
226 203.0
227 203.0
228 203.0
229 192.0
230 204.0
231 182.0
232 77.0
233 251.0
234 204.0
235 203.0
236 203.0
237 204.0
238 162.0
239 203.0
240 204.0
241 204.0
242 251.0
243 25.0
244 0.0
245 203.0
246 203.0
247 203.0
248 203.0
249 251.0
250 237.0
251 251.0
252 0.0
253 251.0
254 4.0
255 251.0
256 251.0
257 252.0
258 203.0
259 251.0
260 203.0
261 204.0
262 204.0
263 203.0
264 204.0
265 204.0
266 203.0
267 203.0
268 203.0
269 203.0
270 64.0
271 347.0
272 251.0
273 203.0
274 203.0
275 347.0
276 29.0
277 204.0
278 203.0
279 204.0
280 204.0
281 256.0
282 203.0
283 251.0
284 252.0
285 252.0
286 110.0
287 0.0
288 200.0
289 204.0
290 203.0
291 177.0
292 204.0
293 251.0
294 252.0
295 252.0
296 427.0
297 199.0
298 203.0
299 32.0
300 203.0
301 251.0
302 203.0
303 203.0
304 333.0
305 178.0
306 427.0
307 204.0
308 251.0
309 204.0
310 251.0
311 251.0
312 252.0
313 204.0
314 251.0
315 203.0
316 251.0
317 135.0
318 347.0
319 32.0
320 184.0
321 251.0
322 204.0
323 251.0
324 204.0
325 252.0
326 203.0
327 203.0
328 251.0
329 15.0
330 149.0
331 203.0
332 252.0
333 203.0
334 203.0
335 252.0
336 251.0
337 204.0
338 132.0
339 27.0
340 143.0
341 169.0
342 275.0
343 251.0
344 0.0
345 251.0
346 252.0
347 251.0
348 204.0
349 287.0
350 203.0
351 204.0
352 203.0
353 251.0
354 30.0
355 204.0
356 203.0
357 427.0
358 251.0
359 251.0
360 252.0
361 147.0
362 251.0
363 251.0
364 204.0
365 203.0
366 203.0
367 203.0
368 203.0
369 203.0
370 203.0
371 203.0
372 251.0
373 203.0
374 252.0
375 204.0
376 119.0
377 252.0
378 209.0
379 203.0
380 347.0
381 203.0
382 203.0
383 251.0
384 217.0
385 115.0
386 203.0
387 204.0
388 203.0
389 204.0
390 203.0
391 251.0
392 251.0
393 251.0
394 251.0
395 166.0
396 251.0
397 207.0
398 251.0
399 251.0
400 203.0
401 251.0
402 105.0
403 203.0
404 251.0
405 203.0
406 204.0
407 203.0
408 427.0
409 112.0
410 203.0
411 251.0
412 203.0
413 343.0
414 203.0
415 263.0
416 252.0
417 251.0
418 251.0
419 251.0
420 347.0
421 105.0
422 203.0
423 216.0
424 251.0
425 251.0
426 203.0
427 266.0
428 311.0
429 133.0
430 204.0
431 360.0
432 203.0
433 252.0
434 204.0
435 204.0
436 63.0
437 251.0
438 204.0
439 203.0
440 169.0
441 104.0
442 25.0
443 203.0
444 252.0
445 203.0
446 251.0
447 205.0
448 0.0
449 204.0
450 251.0
451 204.0
452 251.0
453 225.0
454 251.0
455 251.0
456 203.0
457 347.0
458 204.0
459 427.0
460 204.0
461 203.0
462 204.0
463 204.0
464 150.0
465 203.0
466 252.0
467 427.0
468 204.0
469 25.0
470 189.0
471 203.0
472 203.0
473 203.0
474 203.0
475 251.0
476 427.0
477 0.0
478 204.0
479 204.0
480 242.0
481 203.0
482 252.0
483 203.0
484 204.0
485 204.0
486 251.0
487 203.0
488 204.0
489 204.0
490 142.0
491 203.0
492 105.0
493 251.0
494 204.0
495 347.0
496 252.0
497 131.0
498 204.0
499 252.0
500 251.0
501 251.0
502 251.0
503 226.0
504 251.0
505 203.0
506 203.0
507 203.0
508 347.0
509 252.0
510 427.0
511 203.0
512 204.0
513 251.0
514 203.0
515 203.0
516 203.0
517 203.0
518 204.0
519 251.0
520 203.0
521 204.0
522 203.0
523 203.0
524 203.0
525 203.0
526 204.0
527 252.0
528 251.0
529 203.0
530 204.0
531 172.0
532 203.0
533 252.0
534 203.0
535 251.0
536 252.0
537 251.0
538 239.0
539 203.0
540 251.0
541 427.0
542 214.0
543 203.0
544 204.0
545 220.0
546 204.0
547 252.0
548 251.0
549 205.0
550 203.0
551 203.0
552 204.0
553 180.0
554 203.0
555 251.0
556 203.0
557 203.0
558 223.0
559 427.0
560 203.0
561 427.0
562 203.0
563 204.0
564 204.0
565 251.0
566 251.0
567 203.0
568 371.0
569 208.0
570 203.0
571 203.0
572 203.0
573 203.0
574 252.0
575 203.0
576 251.0
577 252.0
578 203.0
579 203.0
580 347.0
581 204.0
582 129.0
583 203.0
584 191.0
585 203.0
586 61.0
587 252.0
588 251.0
589 82.0
590 204.0
591 251.0
592 203.0
593 251.0
594 204.0
595 25.0
596 203.0
597 329.0
598 204.0
599 203.0
600 203.0
601 345.0
602 203.0
603 241.0
604 251.0
605 203.0
606 251.0
607 248.0
608 251.0
609 204.0
610 251.0
611 374.0
612 427.0
613 30.0
614 203.0
615 347.0
616 223.0
617 251.0
618 252.0
619 203.0
620 208.0
621 204.0
622 273.0
623 29.0
624 203.0
625 122.0
626 203.0
627 251.0
628 251.0
629 203.0
630 32.0
631 251.0
632 203.0
633 133.0
634 251.0
635 203.0
636 252.0
637 204.0
638 204.0
639 203.0
640 203.0
641 270.0
642 251.0
643 347.0
644 203.0
645 204.0
646 389.0
647 203.0
648 389.0
649 203.0
650 139.0
651 204.0
652 103.0
653 203.0
654 347.0
655 204.0
656 203.0
657 202.0
658 204.0
659 204.0
660 203.0
661 252.0
662 204.0
663 427.0
664 1.0
665 67.0
666 203.0
667 204.0
668 251.0
669 427.0
670 203.0
671 329.0
672 252.0
673 204.0
674 203.0
675 203.0
676 117.0
677 203.0
678 204.0
679 347.0
680 204.0
681 100.0
682 203.0
683 138.0
684 165.0
685 251.0
686 203.0
687 203.0
688 252.0
689 204.0
690 347.0
691 203.0
692 246.0
693 109.0
694 203.0
695 203.0
696 203.0
697 116.0
698 251.0
699 252.0
700 203.0
701 251.0
702 386.0
703 203.0
704 251.0
705 249.0
706 204.0
707 251.0
708 427.0
709 203.0
710 204.0
711 204.0
712 347.0
713 425.0
714 427.0
715 251.0
716 179.0
717 203.0
718 252.0
719 251.0
720 203.0
721 156.0
722 266.0
723 203.0
724 203.0
725 204.0
726 252.0
727 0.0
728 113.0
729 251.0
730 424.0
731 251.0
732 203.0
733 203.0
734 37.0
735 252.0
736 203.0
737 252.0
738 203.0
739 249.0
740 203.0
741 203.0
742 56.0
743 427.0
744 252.0
745 203.0
746 237.0
747 203.0
748 202.0
749 427.0
750 425.0
751 275.0
752 251.0
753 251.0
754 117.0
755 252.0
756 203.0
757 285.0
758 75.0
759 203.0
760 251.0
761 252.0
762 179.0
763 204.0
764 203.0
765 427.0
766 203.0
767 203.0
768 381.0
769 251.0
770 252.0
771 252.0
772 184.0
773 251.0
774 203.0
775 136.0
776 201.0
777 391.0
778 0.0
779 204.0
780 203.0
781 204.0
782 204.0
783 132.0
784 204.0
785 203.0
786 203.0
787 251.0
788 347.0
789 249.0
790 203.0
791 203.0
792 251.0
793 61.0
794 251.0
795 252.0
796 251.0
797 275.0
798 203.0
799 199.0
800 238.0
801 216.0
802 251.0
803 223.0
804 360.0
805 319.0
806 251.0
807 203.0
808 251.0
809 202.0
810 109.0
811 203.0
812 259.0
813 250.0
814 211.0
815 219.0
816 427.0
817 77.0
818 203.0
819 385.0
820 204.0
821 252.0
822 252.0
823 106.0
824 427.0
825 251.0
826 252.0
827 203.0
828 347.0
829 99.0
830 42.0
831 110.0
832 203.0
833 240.0
834 203.0
835 252.0
836 193.0
837 133.0
838 203.0
839 203.0
840 262.0
841 251.0
842 203.0
843 347.0
844 203.0
845 207.0
846 203.0
847 203.0
848 204.0
849 115.0
850 103.0
851 252.0
852 425.0
853 251.0
854 204.0
855 204.0
856 347.0
857 251.0
858 251.0
859 251.0
860 203.0
861 29.0
862 204.0
863 203.0
864 251.0
865 252.0
866 252.0
867 427.0
868 1.0
869 149.0
870 402.0
871 203.0
872 251.0
873 251.0
874 203.0
875 347.0
876 324.0
877 252.0
878 204.0
879 347.0
880 251.0
881 203.0
882 251.0
883 251.0
884 311.0
885 166.0
886 347.0
887 203.0
888 172.0
889 204.0
890 347.0
891 361.0
892 251.0
893 155.0
894 203.0
895 251.0
896 362.0
897 203.0
898 203.0
899 204.0
900 203.0
901 251.0
902 252.0
903 201.0
904 251.0
905 203.0
906 251.0
907 347.0
908 203.0
909 427.0
910 203.0
911 203.0
912 129.0
913 204.0
914 204.0
915 251.0
916 203.0
917 204.0
918 427.0
919 204.0
920 164.0
921 251.0
922 173.0
923 204.0
924 251.0
925 204.0
926 424.0
927 324.0
928 203.0
929 203.0
930 252.0
931 203.0
932 204.0
933 204.0
934 110.0
935 251.0
936 204.0
937 204.0
938 37.0
939 110.0
940 203.0
941 252.0
942 203.0
943 203.0
944 203.0
945 274.0
946 72.0
947 207.0
948 251.0
949 199.0
950 236.0
951 204.0
952 204.0
953 233.0
954 347.0
955 203.0
956 251.0
957 203.0
958 427.0
959 265.0
960 251.0
961 204.0
962 202.0
963 129.0
964 203.0
965 204.0
966 251.0
967 252.0
968 251.0
969 427.0
970 203.0
971 251.0
972 385.0
973 164.0
974 204.0
975 251.0
976 204.0
977 251.0
978 330.0
979 252.0
980 170.0
981 252.0
982 31.0
983 203.0
984 258.0
985 204.0
986 203.0
987 14.0
988 203.0
989 203.0
990 29.0
991 203.0
992 203.0
993 203.0
994 251.0
995 204.0
996 263.0
997 203.0
998 374.0
999 203.0
1000 203.0
1001 237.0
1002 359.0
1003 79.0
1004 204.0
1005 252.0
1006 275.0
1007 251.0
1008 251.0
1009 203.0
1010 189.0
1011 347.0
1012 247.0
1013 82.0
1014 109.0
1015 369.0
1016 252.0
1017 204.0
1018 347.0
1019 251.0
1020 427.0
1021 251.0
1022 203.0
1023 385.0
1024 203.0
1025 179.0
1026 251.0
1027 203.0
1028 347.0
1029 251.0
1030 204.0
1031 169.0
1032 204.0
1033 208.0
1034 203.0
1035 104.0
1036 347.0
1037 275.0
1038 204.0
1039 204.0
1040 203.0
1041 204.0
1042 251.0
1043 347.0
1044 252.0
1045 203.0
1046 146.0
1047 251.0
1048 252.0
1049 245.0
1050 251.0
1051 252.0
1052 251.0
1053 252.0
1054 347.0
1055 204.0
1056 252.0
1057 275.0
1058 275.0
1059 204.0
1060 347.0
1061 251.0
1062 251.0
1063 347.0
1064 203.0
1065 203.0
1066 248.0
1067 251.0
1068 322.0
1069 347.0
1070 265.0
1071 427.0
1072 203.0
1073 203.0
1074 253.0
1075 220.0
1076 251.0
1077 203.0
1078 67.0
1079 404.0
1080 347.0
1081 261.0
1082 203.0
1083 203.0
1084 0.0
1085 203.0
1086 252.0
1087 203.0
1088 251.0
1089 100.0
1090 204.0
1091 203.0
1092 203.0
1093 203.0
1094 347.0
1095 128.0
1096 251.0
1097 203.0
1098 204.0
1099 202.0
1100 245.0
1101 428.0
1102 251.0
1103 251.0
1104 203.0
1105 204.0
1106 204.0
1107 251.0
1108 275.0
1109 251.0
1110 251.0
1111 347.0
1112 203.0
1113 103.0
1114 252.0
1115 204.0
1116 120.0
1117 255.0
1118 204.0
1119 204.0
1120 347.0
1121 251.0
1122 428.0
1123 17.0
1124 204.0
1125 203.0
1126 198.0
1127 204.0
1128 251.0
1129 109.0
1130 266.0
1131 347.0
1132 246.0
1133 203.0
1134 251.0
1135 99.0
1136 203.0
1137 203.0
1138 345.0
1139 317.0
1140 203.0
1141 203.0
1142 203.0
1143 203.0
1144 347.0
1145 204.0
1146 128.0
1147 251.0
1148 325.0
1149 274.0
1150 252.0
1151 392.0
1152 251.0
1153 251.0
1154 237.0
1155 204.0
1156 79.0
1157 421.0
1158 216.0
1159 427.0
1160 251.0
1161 252.0
1162 214.0
1163 251.0
1164 136.0
1165 252.0
1166 98.0
1167 120.0
1168 203.0
1169 252.0
1170 204.0
1171 427.0
1172 203.0
1173 428.0
1174 251.0
1175 30.0
1176 384.0
1177 203.0
1178 152.0
1179 203.0
1180 142.0
1181 204.0
1182 203.0
1183 203.0
1184 1.0
1185 347.0
1186 204.0
1187 203.0
1188 203.0
1189 203.0
1190 251.0
1191 204.0
1192 268.0
1193 204.0
1194 251.0
1195 251.0
1196 347.0
1197 204.0
1198 324.0
1199 204.0
1200 258.0
1201 203.0
1202 428.0
1203 203.0
1204 273.0
1205 359.0
1206 204.0
1207 251.0
1208 204.0
1209 347.0
1210 419.0
1211 252.0
1212 405.0
1213 379.0
1214 203.0
1215 251.0
1216 247.0
1217 251.0
1218 70.0
1219 204.0
1220 246.0
1221 368.0
1222 347.0
1223 188.0
1224 428.0
1225 251.0
1226 203.0
1227 204.0
1228 203.0
1229 360.0
1230 204.0
1231 203.0
1232 251.0
1233 347.0
1234 252.0
1235 220.0
1236 203.0
1237 0.0
1238 203.0
1239 203.0
1240 204.0
1241 204.0
1242 251.0
1243 205.0
1244 198.0
1245 204.0
1246 203.0
1247 347.0
1248 128.0
1249 181.0
1250 252.0
1251 251.0
1252 203.0
1253 428.0
1254 203.0
1255 275.0
1256 117.0
1257 203.0
1258 252.0
1259 203.0
1260 252.0
1261 275.0
1262 251.0
1263 252.0
1264 347.0
1265 612.0
1266 276.0
1267 204.0
1268 203.0
1269 129.0
1270 204.0
1271 203.0
1272 347.0
1273 252.0
1274 204.0
1275 612.0
1276 32.0
1277 203.0
1278 427.0
1279 0.0
1280 180.0
1281 251.0
1282 203.0
1283 197.0
1284 204.0
1285 204.0
1286 155.0
1287 282.0
1288 135.0
1289 203.0
1290 203.0
1291 103.0
1292 251.0
1293 203.0
1294 251.0
1295 81.0
1296 110.0
1297 203.0
1298 203.0
1299 204.0
1300 203.0
1301 203.0
1302 203.0
1303 251.0
1304 203.0
1305 251.0
1306 251.0
1307 251.0
1308 197.0
1309 204.0
1310 204.0
1311 251.0
1312 189.0
1313 251.0
1314 252.0
1315 204.0
1316 131.0
1317 110.0
1318 150.0
1319 203.0
1320 120.0
1321 152.0
1322 203.0
1323 254.0
1324 347.0
1325 203.0
1326 612.0
1327 204.0
1328 93.0
1329 245.0
1330 203.0
1331 203.0
1332 427.0
1333 203.0
1334 363.0
1335 203.0
1336 203.0
1337 0.0
1338 251.0
1339 324.0
1340 203.0
1341 164.0
1342 0.0
1343 203.0
1344 204.0
1345 347.0
1346 0.0
1347 203.0
1348 251.0
1349 204.0
1350 1.0
1351 203.0
1352 204.0
1353 251.0
1354 251.0
1355 204.0
1356 251.0
1357 203.0
1358 238.0
1359 192.0
1360 251.0
1361 251.0
1362 254.0
1363 204.0
1364 251.0
1365 204.0
1366 347.0
1367 251.0
1368 426.0
1369 251.0
1370 125.0
1371 203.0
1372 251.0
1373 203.0
1374 251.0
1375 203.0
1376 251.0
1377 612.0
1378 251.0
1379 204.0
1380 204.0
1381 203.0
1382 251.0
1383 203.0
1384 204.0
1385 272.0
1386 203.0
1387 252.0
1388 1.0
1389 203.0
1390 251.0
1391 203.0
1392 203.0
1393 204.0
1394 203.0
1395 203.0
1396 246.0
1397 204.0
1398 203.0
1399 204.0
1400 204.0
1401 251.0
1402 265.0
1403 251.0
1404 324.0
1405 240.0
1406 190.0
1407 203.0
1408 332.0
1409 237.0
1410 192.0
1411 169.0
1412 203.0
1413 251.0
1414 204.0
1415 251.0
1416 251.0
1417 461.0
1418 203.0
1419 251.0
1420 251.0
1421 203.0
1422 120.0
1423 182.0
1424 251.0
1425 204.0
1426 347.0
1427 204.0
1428 612.0
1429 252.0
1430 204.0
1431 438.0
1432 204.0
1433 203.0
1434 251.0
1435 118.0
1436 203.0
1437 592.0
1438 322.0
1439 32.0
1440 252.0
1441 71.0
1442 203.0
1443 203.0
1444 204.0
1445 204.0
1446 10.0
1447 251.0
1448 204.0
1449 252.0
1450 203.0
1451 252.0
1452 347.0
1453 251.0
1454 204.0
1455 182.0
1456 242.0
1457 251.0
1458 204.0
1459 203.0
1460 263.0
1461 170.0
1462 251.0
1463 204.0
1464 252.0
1465 190.0
1466 251.0
1467 203.0
1468 427.0
1469 153.0
1470 203.0
1471 321.0
1472 251.0
1473 203.0
1474 251.0
1475 243.0
1476 201.0
1477 347.0
1478 203.0
1479 612.0
1480 98.0
1481 132.0
1482 204.0
1483 165.0
1484 203.0
1485 251.0
1486 107.0
1487 21.0
1488 183.0
1489 204.0
1490 81.0
1491 144.0
1492 203.0
1493 203.0
1494 203.0
1495 172.0
1496 189.0
1497 257.0
1498 251.0
1499 171.0
1500 185.0
1501 210.0
1502 204.0
1503 368.0
1504 176.0
1505 236.0
1506 134.0
1507 142.0
1508 204.0
1509 114.0
1510 321.0
1511 204.0
1512 203.0
1513 203.0
1514 202.0
1515 427.0
1516 254.0
1517 362.0
1518 204.0
1519 189.0
1520 251.0
1521 110.0
1522 347.0
1523 130.0
1524 203.0
1525 204.0
1526 204.0
1527 203.0
1528 204.0
1529 251.0
1530 612.0
1531 203.0
1532 347.0
1533 252.0
1534 164.0
1535 150.0
1536 204.0
1537 363.0
1538 483.0
1539 203.0
1540 251.0
1541 37.0
1542 376.0
1543 121.0
1544 203.0
1545 203.0
1546 204.0
1547 127.0
1548 204.0
1549 203.0
1550 203.0
1551 29.0
1552 376.0
1553 204.0
1554 203.0
1555 251.0
1556 251.0
1557 204.0
1558 231.0
1559 204.0
1560 252.0
1561 251.0
1562 204.0
1563 204.0
1564 251.0
1565 203.0
1566 176.0
1567 254.0
1568 251.0
1569 204.0
1570 200.0
1571 334.0
1572 251.0
1573 251.0
1574 251.0
1575 203.0
1576 204.0
1577 251.0
1578 322.0
1579 216.0
1580 204.0
1581 612.0
1582 203.0
1583 203.0
1584 203.0
1585 204.0
1586 203.0
1587 203.0
1588 204.0
1589 203.0
1590 427.0
1591 203.0
1592 32.0
1593 251.0
1594 106.0
1595 203.0
1596 0.0
1597 61.0
1598 251.0
1599 204.0
1600 252.0
1601 203.0
1602 251.0
1603 204.0
1604 204.0
1605 204.0
1606 204.0
1607 139.0
1608 203.0
1609 251.0
1610 263.0
1611 347.0
1612 203.0
1613 238.0
1614 204.0
1615 203.0
1616 204.0
1617 204.0
1618 275.0
1619 251.0
1620 204.0
1621 204.0
1622 149.0
1623 251.0
1624 279.0
1625 203.0
1626 120.0
1627 251.0
1628 236.0
1629 252.0
1630 347.0
1631 203.0
1632 612.0
1633 203.0
1634 203.0
1635 347.0
1636 172.0
1637 251.0
1638 427.0
1639 118.0
1640 174.0
1641 254.0
1642 251.0
1643 34.0
1644 376.0
1645 0.0
1646 203.0
1647 203.0
1648 0.0
1649 251.0
1650 31.0
1651 252.0
1652 204.0
1653 109.0
1654 117.0
1655 204.0
1656 252.0
1657 204.0
1658 203.0
1659 203.0
1660 171.0
1661 203.0
1662 251.0
1663 251.0
1664 240.0
1665 252.0
1666 347.0
1667 252.0
1668 364.0
1669 204.0
1670 251.0
1671 204.0
1672 204.0
1673 204.0
1674 427.0
1675 252.0
1676 203.0
1677 167.0
1678 156.0
1679 251.0
1680 251.0
1681 252.0
1682 251.0
1683 612.0
1684 126.0
1685 203.0
1686 196.0
1687 203.0
1688 204.0
1689 203.0
1690 363.0
1691 203.0
1692 252.0
1693 252.0
1694 17.0
1695 202.0
1696 203.0
1697 203.0
1698 203.0
1699 204.0
1700 252.0
1701 106.0
1702 251.0
1703 347.0
1704 251.0
1705 203.0
1706 204.0
1707 203.0
1708 202.0
1709 251.0
1710 204.0
1711 235.0
1712 185.0
1713 204.0
1714 252.0
1715 301.0
1716 203.0
1717 251.0
1718 204.0
1719 347.0
1720 254.0
1721 203.0
1722 204.0
1723 382.0
1724 203.0
1725 427.0
1726 347.0
1727 0.0
1728 203.0
1729 330.0
1730 204.0
1731 196.0
1732 347.0
1733 204.0
1734 612.0
1735 203.0
1736 204.0
1737 204.0
1738 270.0
1739 340.0
1740 203.0
1741 204.0
1742 87.0
1743 252.0
1744 204.0
1745 169.0
1746 251.0
1747 136.0
1748 203.0
1749 154.0
1750 213.0
1751 254.0
1752 204.0
1753 251.0
1754 251.0
1755 6.0
1756 334.0
1757 252.0
1758 203.0
1759 347.0
1760 203.0
1761 203.0
1762 203.0
1763 203.0
1764 204.0
1765 203.0
1766 238.0
1767 252.0
1768 153.0
1769 204.0
1770 181.0
1771 190.0
1772 204.0
1773 203.0
1774 204.0
1775 251.0
1776 204.0
1777 173.0
1778 251.0
1779 120.0
1780 251.0
1781 204.0
1782 359.0
1783 122.0
1784 202.0
1785 612.0
1786 251.0
1787 420.0
1788 417.0
1789 204.0
1790 251.0
1791 204.0
1792 204.0
1793 175.0
1794 347.0
1795 204.0
1796 33.0
1797 251.0
1798 252.0
1799 203.0
1800 203.0
1801 176.0
1802 347.0
1803 204.0
1804 160.0
1805 203.0
1806 6.0
1807 204.0
1808 203.0
1809 95.0
1810 204.0
1811 252.0
1812 203.0
1813 203.0
1814 359.0
1815 203.0
1816 284.0
1817 238.0
1818 203.0
1819 203.0
1820 204.0
1821 0.0
1822 204.0
1823 324.0
1824 203.0
1825 203.0
1826 203.0
1827 254.0
1828 200.0
1829 251.0
1830 125.0
1831 405.0
1832 203.0
1833 272.0
1834 251.0
1835 204.0
1836 612.0
1837 0.0
1838 203.0
1839 427.0
1840 139.0
1841 203.0
1842 204.0
1843 204.0
1844 189.0
1845 427.0
1846 252.0
1847 32.0
1848 204.0
1849 0.0
1850 203.0
1851 203.0
1852 0.0
1853 204.0
1854 427.0
1855 203.0
1856 203.0
1857 109.0
1858 251.0
1859 203.0
1860 203.0
1861 203.0
1862 252.0
1863 252.0
1864 46.0
1865 160.0
1866 203.0
1867 132.0
1868 301.0
1869 202.0
1870 582.0
1871 141.0
1872 203.0
1873 204.0
1874 204.0
1875 204.0
1876 203.0
1877 137.0
1878 251.0
1879 204.0
1880 251.0
1881 203.0
1882 203.0
1883 427.0
1884 252.0
1885 251.0
1886 204.0
1887 612.0
1888 251.0
1889 204.0
1890 347.0
1891 203.0
1892 204.0
1893 427.0
1894 204.0
1895 203.0
1896 252.0
1897 282.0
1898 128.0
1899 174.0
1900 0.0
1901 203.0
1902 204.0
1903 102.0
1904 236.0
1905 203.0
1906 251.0
1907 194.0
1908 141.0
1909 203.0
1910 204.0
1911 204.0
1912 172.0
1913 251.0
1914 203.0
1915 125.0
1916 158.0
1917 204.0
1918 203.0
1919 301.0
1920 203.0
1921 203.0
1922 204.0
1923 204.0
1924 204.0
1925 204.0
1926 204.0
1927 279.0
1928 251.0
1929 171.0
1930 252.0
1931 125.0
1932 203.0
1933 182.0
1934 199.0
1935 199.0
1936 153.0
1937 203.0
1938 612.0
1939 224.0
1940 204.0
1941 438.0
1942 160.0
1943 251.0
1944 203.0
1945 203.0
1946 342.0
1947 252.0
1948 251.0
1949 37.0
1950 347.0
1951 22.0
1952 203.0
1953 201.0
1954 252.0
1955 203.0
1956 252.0
1957 204.0
1958 203.0
1959 165.0
1960 382.0
1961 204.0
1962 251.0
1963 174.0
1964 203.0
1965 258.0
1966 238.0
1967 203.0
1968 204.0
1969 203.0
1970 238.0
1971 204.0
1972 110.0
1973 203.0
1974 0.0
1975 251.0
1976 204.0
1977 360.0
1978 322.0
1979 151.0
1980 204.0
1981 204.0
1982 181.0
1983 139.0
1984 204.0
1985 203.0
1986 204.0
1987 267.0
1988 204.0
1989 612.0
1990 203.0
1991 265.0
1992 438.0
1993 188.0
1994 569.0
1995 204.0
1996 203.0
1997 186.0
1998 243.0
1999 252.0
2000 0.0
2001 347.0
2002 203.0
2003 203.0
2004 204.0
2005 203.0
2006 347.0
2007 427.0
2008 204.0
2009 204.0
2010 110.0
2011 347.0
2012 203.0
2013 203.0
2014 204.0
2015 29.0
2016 251.0
2017 104.0
2018 203.0
2019 343.0
2020 284.0
2021 238.0
2022 278.0
2023 251.0
2024 238.0
2025 203.0
2026 153.0
2027 204.0
2028 203.0
2029 204.0
2030 151.0
2031 203.0
2032 251.0
2033 251.0
2034 75.0
2035 203.0
2036 203.0
2037 463.0
2038 204.0
2039 188.0
2040 612.0
2041 251.0
2042 347.0
2043 618.0
2044 203.0
2045 203.0
2046 204.0
2047 203.0
2048 185.0
2049 203.0
2050 251.0
2051 0.0
2052 203.0
2053 0.0
2054 203.0
2055 149.0
2056 204.0
2057 251.0
2058 203.0
2059 271.0
2060 194.0
2061 213.0
2062 204.0
2063 204.0
2064 43.0
2065 203.0
2066 204.0
2067 251.0
2068 251.0
2069 185.0
2070 203.0
2071 204.0
2072 238.0
2073 382.0
2074 143.0
2075 203.0
2076 203.0
2077 203.0
2078 202.0
2079 252.0
2080 427.0
2081 347.0
2082 204.0
2083 313.0
2084 60.0
2085 120.0
2086 171.0
2087 203.0
2088 347.0
2089 432.0
2090 204.0
2091 618.0
2092 251.0
2093 251.0
2094 204.0
2095 161.0
2096 252.0
2097 203.0
2098 203.0
2099 384.0
2100 133.0
2101 282.0
2102 25.0
2103 251.0
2104 61.0
2105 203.0
2106 158.0
2107 203.0
2108 182.0
2109 347.0
2110 169.0
2111 251.0
2112 203.0
2113 203.0
2114 204.0
2115 7.0
2116 204.0
2117 251.0
2118 478.0
2119 204.0
2120 204.0
2121 203.0
2122 124.0
2123 251.0
2124 203.0
2125 203.0
2126 63.0
2127 203.0
2128 165.0
2129 203.0
2130 204.0
2131 203.0
2132 251.0
2133 347.0
2134 203.0
2135 60.0
2136 120.0
2137 203.0
2138 203.0
2139 427.0
2140 252.0
2141 204.0
2142 618.0
2143 30.0
2144 427.0
2145 251.0
2146 188.0
2147 203.0
2148 427.0
2149 387.0
2150 193.0
2151 251.0
2152 204.0
2153 25.0
2154 252.0
2155 23.0
2156 203.0
2157 184.0
2158 183.0
2159 427.0
2160 237.0
2161 252.0
2162 198.0
2163 203.0
2164 427.0
2165 347.0
2166 203.0
2167 203.0
2168 166.0
2169 203.0
2170 251.0
2171 178.0
2172 177.0
2173 203.0
2174 238.0
2175 203.0
2176 427.0
2177 204.0
2178 258.0
2179 203.0
2180 203.0
2181 204.0
2182 219.0
2183 203.0
2184 204.0
2185 155.0
2186 251.0
2187 203.0
2188 251.0
2189 249.0
2190 203.0
2191 159.0
2192 317.0
2193 618.0
2194 347.0
2195 204.0
2196 347.0
2197 161.0
2198 467.0
2199 427.0
2200 203.0
2201 196.0
2202 240.0
2203 251.0
2204 25.0
2205 203.0
2206 23.0
2207 203.0
2208 266.0
2209 213.0
2210 203.0
2211 427.0
2212 179.0
2213 252.0
2214 203.0
2215 203.0
2216 204.0
2217 251.0
2218 361.0
2219 204.0
2220 251.0
2221 186.0
2222 255.0
2223 347.0
2224 203.0
2225 305.0
2226 203.0
2227 252.0
2228 204.0
2229 204.0
2230 138.0
2231 254.0
2232 103.0
2233 347.0
2234 203.0
2235 204.0
2236 33.0
2237 251.0
2238 153.0
2239 204.0
2240 115.0
2241 203.0
2242 279.0
2243 251.0
2244 618.0
2245 184.0
2246 427.0
2247 251.0
2248 203.0
2249 203.0
2250 204.0
2251 203.0
2252 251.0
2253 203.0
2254 204.0
2255 25.0
2256 252.0
2257 70.0
2258 203.0
2259 203.0
2260 203.0
2261 251.0
2262 236.0
2263 203.0
2264 204.0
2265 109.0
2266 252.0
2267 204.0
2268 139.0
2269 203.0
2270 251.0
2271 427.0
2272 500.0
2273 203.0
2274 203.0
2275 159.0
2276 251.0
2277 203.0
2278 251.0
2279 203.0
2280 203.0
2281 203.0
2282 203.0
2283 251.0
2284 203.0
2285 203.0
2286 251.0
2287 252.0
2288 60.0
2289 76.0
2290 153.0
2291 252.0
2292 153.0
2293 252.0
2294 185.0
2295 618.0
2296 347.0
2297 427.0
2298 187.0
2299 203.0
2300 204.0
2301 203.0
2302 251.0
2303 175.0
2304 204.0
2305 251.0
2306 32.0
2307 252.0
2308 361.0
2309 203.0
2310 203.0
2311 80.0
2312 252.0
2313 203.0
2314 204.0
2315 204.0
2316 204.0
2317 427.0
2318 204.0
2319 203.0
2320 203.0
2321 204.0
2322 204.0
2323 203.0
2324 327.0
2325 204.0
2326 204.0
2327 347.0
2328 204.0
2329 251.0
2330 427.0
2331 251.0
2332 238.0
2333 203.0
2334 203.0
2335 209.0
2336 251.0
2337 203.0
2338 220.0
2339 203.0
2340 129.0
2341 252.0
2342 203.0
2343 332.0
2344 251.0
2345 203.0
2346 618.0
2347 251.0
2348 413.0
2349 427.0
2350 187.0
2351 251.0
2352 251.0
2353 203.0
2354 145.0
2355 243.0
2356 252.0
2357 25.0
2358 58.0
2359 23.0
2360 203.0
2361 203.0
2362 133.0
2363 169.0
2364 92.0
2365 196.0
2366 373.0
2367 251.0
2368 204.0
2369 204.0
2370 251.0
2371 203.0
2372 204.0
2373 203.0
2374 203.0
2375 119.0
2376 203.0
2377 203.0
2378 252.0
2379 204.0
2380 132.0
2381 240.0
2382 347.0
2383 244.0
2384 195.0
2385 203.0
2386 204.0
2387 254.0
2388 204.0
2389 251.0
2390 70.0
2391 167.0
2392 203.0
2393 251.0
2394 158.0
2395 158.0
2396 344.0
2397 618.0
2398 228.0
2399 455.0
2400 257.0
2401 156.0
2402 180.0
2403 203.0
2404 203.0
2405 153.0
2406 463.0
2407 252.0
2408 25.0
2409 203.0
2410 102.0
2411 156.0
2412 203.0
2413 107.0
2414 251.0
2415 347.0
2416 204.0
2417 204.0
2418 252.0
2419 427.0
2420 427.0
2421 251.0
2422 427.0
2423 203.0
2424 251.0
2425 203.0
2426 167.0
2427 203.0
2428 203.0
2429 214.0
2430 136.0
2431 204.0
2432 204.0
2433 171.0
2434 204.0
2435 251.0
2436 252.0
2437 204.0
2438 252.0
2439 252.0
2440 203.0
2441 204.0
2442 167.0
2443 204.0
2444 203.0
2445 204.0
2446 252.0
2447 203.0
2448 618.0
2449 204.0
2450 204.0
2451 347.0
2452 203.0
2453 153.0
2454 427.0
2455 203.0
2456 323.0
2457 221.0
2458 251.0
2459 32.0
2460 377.0
2461 102.0
2462 203.0
2463 204.0
2464 347.0
2465 203.0
2466 0.0
2467 251.0
2468 203.0
2469 203.0
2470 202.0
2471 252.0
2472 203.0
2473 203.0
2474 203.0
2475 251.0
2476 203.0
2477 204.0
2478 113.0
2479 128.0
2480 235.0
2481 251.0
2482 252.0
2483 204.0
2484 427.0
2485 204.0
2486 251.0
2487 252.0
2488 203.0
2489 153.0
2490 207.0
2491 203.0
2492 126.0
2493 120.0
2494 204.0
2495 203.0
2496 204.0
2497 204.0
2498 204.0
2499 618.0
2500 251.0
2501 618.0
2502 153.0
2503 187.0
2504 203.0
2505 427.0
2506 203.0
2507 347.0
2508 337.0
2509 204.0
2510 25.0
2511 225.0
2512 0.0
2513 203.0
2514 203.0
2515 251.0
2516 203.0
2517 251.0
2518 203.0
2519 204.0
2520 203.0
2521 236.0
2522 203.0
2523 427.0
2524 204.0
2525 232.0
2526 203.0
2527 252.0
2528 251.0
2529 251.0
2530 204.0
2531 324.0
2532 200.0
2533 200.0
2534 203.0
2535 203.0
2536 167.0
2537 182.0
2538 251.0
2539 278.0
2540 204.0
2541 203.0
2542 124.0
2543 72.0
2544 120.0
2545 607.0
2546 347.0
2547 204.0
2548 252.0
2549 203.0
2550 618.0
2551 204.0
2552 203.0
2553 203.0
2554 203.0
2555 204.0
2556 203.0
2557 203.0
2558 204.0
2559 243.0
2560 251.0
2561 25.0
2562 203.0
2563 24.0
2564 163.0
2565 45.0
2566 203.0
2567 347.0
2568 204.0
2569 347.0
2570 203.0
2571 251.0
2572 204.0
2573 204.0
2574 236.0
2575 251.0
2576 203.0
2577 251.0
2578 199.0
2579 203.0
2580 203.0
2581 203.0
2582 251.0
2583 11.0
2584 109.0
2585 418.0
2586 347.0
2587 203.0
2588 204.0
2589 204.0
2590 163.0
2591 204.0
2592 251.0
2593 251.0
2594 29.0
2595 120.0
2596 400.0
2597 251.0
2598 147.0
2599 252.0
2600 194.0
2601 618.0
2602 203.0
2603 204.0
2604 427.0
2605 169.0
2606 180.0
2607 251.0
2608 93.0
2609 347.0
2610 347.0
2611 252.0
2612 25.0
2613 251.0
2614 46.0
2615 203.0
2616 37.0
2617 126.0
2618 251.0
2619 203.0
2620 157.0
2621 204.0
2622 204.0
2623 158.0
2624 252.0
2625 203.0
2626 427.0
2627 204.0
2628 203.0
2629 204.0
2630 204.0
2631 204.0
2632 251.0
2633 371.0
2634 198.0
2635 158.0
2636 204.0
2637 171.0
2638 203.0
2639 163.0
2640 246.0
2641 203.0
2642 347.0
2643 204.0
2644 360.0
2645 251.0
2646 109.0
2647 427.0
2648 153.0
2649 203.0
2650 252.0
2651 427.0
2652 618.0
2653 153.0
2654 204.0
2655 251.0
2656 182.0
2657 204.0
2658 204.0
2659 252.0
2660 361.0
2661 182.0
2662 251.0
2663 25.0
2664 204.0
2665 0.0
2666 203.0
2667 252.0
2668 203.0
2669 251.0
2670 214.0
2671 155.0
2672 251.0
2673 251.0
2674 203.0
2675 204.0
2676 192.0
2677 203.0
2678 204.0
2679 251.0
2680 238.0
2681 251.0
2682 153.0
2683 204.0
2684 239.0
2685 189.0
2686 10.0
2687 252.0
2688 203.0
2689 168.0
2690 251.0
2691 204.0
2692 163.0
2693 158.0
2694 204.0
2695 252.0
2696 42.0
2697 161.0
2698 347.0
2699 204.0
2700 618.0
2701 251.0
2702 99.0
2703 618.0
2704 204.0
2705 204.0
2706 251.0
2707 203.0
2708 203.0
2709 347.0
2710 203.0
2711 347.0
2712 252.0
2713 203.0
2714 33.0
2715 272.0
2716 70.0
2717 203.0
2718 45.0
2719 203.0
2720 138.0
2721 206.0
2722 204.0
2723 252.0
2724 133.0
2725 204.0
2726 203.0
2727 192.0
2728 432.0
2729 251.0
2730 153.0
2731 251.0
2732 203.0
2733 203.0
2734 137.0
2735 203.0
2736 204.0
2737 192.0
2738 204.0
2739 262.0
2740 251.0
2741 251.0
2742 427.0
2743 461.0
2744 149.0
2745 427.0
2746 252.0
2747 251.0
2748 120.0
2749 347.0
2750 203.0
2751 418.0
2752 204.0
2753 203.0
2754 618.0
2755 285.0
2756 186.0
2757 427.0
2758 203.0
2759 203.0
2760 347.0
2761 203.0
2762 337.0
2763 347.0
2764 252.0
2765 25.0
2766 203.0
2767 70.0
2768 203.0
2769 203.0
2770 203.0
2771 204.0
2772 204.0
2773 136.0
2774 144.0
2775 0.0
2776 204.0
2777 203.0
2778 154.0
2779 204.0
2780 251.0
2781 203.0
2782 203.0
2783 116.0
2784 254.0
2785 251.0
2786 251.0
2787 184.0
2788 162.0
2789 203.0
2790 204.0
2791 251.0
2792 251.0
2793 418.0
2794 203.0
2795 251.0
2796 207.0
2797 347.0
2798 251.0
2799 203.0
2800 203.0
2801 203.0
2802 618.0
2803 203.0
2804 252.0
2805 618.0
2806 153.0
2807 203.0
2808 599.0
2809 204.0
2810 115.0
2811 347.0
2812 251.0
2813 123.0
2814 291.0
2815 347.0
2816 32.0
2817 252.0
2818 49.0
2819 203.0
2820 203.0
2821 251.0
2822 203.0
2823 204.0
2824 251.0
2825 203.0
2826 251.0
2827 251.0
2828 203.0
2829 203.0
2830 251.0
2831 252.0
2832 203.0
2833 204.0
2834 203.0
2835 327.0
2836 204.0
2837 251.0
2838 204.0
2839 186.0
2840 251.0
2841 251.0
2842 251.0
2843 158.0
2844 203.0
2845 427.0
2846 382.0
2847 427.0
2848 252.0
2849 251.0
2850 193.0
2851 204.0
2852 419.0
2853 204.0
2854 251.0
2855 203.0
2856 618.0
2857 427.0
2858 203.0
2859 251.0
2860 204.0
2861 203.0
2862 204.0
2863 203.0
2864 198.0
2865 203.0
2866 251.0
2867 25.0
2868 455.0
2869 0.0
2870 29.0
2871 29.0
2872 181.0
2873 152.0
2874 386.0
2875 203.0
2876 204.0
2877 252.0
2878 158.0
2879 203.0
2880 204.0
2881 204.0
2882 236.0
2883 406.0
2884 203.0
2885 190.0
2886 203.0
2887 203.0
2888 158.0
2889 204.0
2890 109.0
2891 158.0
2892 203.0
2893 223.0
2894 251.0
2895 252.0
2896 204.0
2897 144.0
2898 240.0
2899 251.0
2900 203.0
2901 116.0
2902 263.0
2903 251.0
2904 618.0
2905 251.0
2906 153.0
2907 618.0
2908 427.0
2909 203.0
2910 618.0
2911 203.0
2912 204.0
2913 347.0
2914 251.0
2915 361.0
2916 347.0
2917 158.0
2918 32.0
2919 203.0
2920 33.0
2921 203.0
2922 203.0
2923 181.0
2924 191.0
2925 204.0
2926 509.0
2927 204.0
2928 121.0
2929 203.0
2930 203.0
2931 147.0
2932 275.0
2933 406.0
2934 203.0
2935 132.0
2936 203.0
2937 334.0
2938 204.0
2939 251.0
2940 203.0
2941 159.0
2942 251.0
2943 196.0
2944 251.0
2945 251.0
2946 254.0
2947 251.0
2948 204.0
2949 388.0
2950 347.0
2951 203.0
2952 193.0
2953 455.0
2954 251.0
2955 568.0
2956 174.0
2957 203.0
2958 618.0
2959 203.0
2960 204.0
2961 599.0
2962 132.0
2963 204.0
2964 251.0
2965 251.0
2966 182.0
2967 251.0
2968 252.0
2969 32.0
2970 203.0
2971 24.0
2972 203.0
2973 175.0
2974 0.0
2975 204.0
2976 203.0
2977 165.0
2978 144.0
2979 98.0
2980 251.0
2981 203.0
2982 0.0
2983 153.0
2984 204.0
2985 203.0
2986 339.0
2987 203.0
2988 158.0
2989 203.0
2990 239.0
2991 204.0
2992 144.0
2993 203.0
2994 204.0
2995 203.0
2996 252.0
2997 182.0
2998 203.0
2999 203.0
3000 204.0
3001 190.0
3002 149.0
3003 251.0
3004 251.0
3005 252.0
3006 427.0
3007 204.0
3008 158.0
3009 618.0
3010 204.0
3011 251.0
3012 618.0
3013 218.0
3014 251.0
3015 251.0
3016 427.0
3017 109.0
3018 154.0
3019 273.0
3020 25.0
3021 251.0
3022 0.0
3023 203.0
3024 203.0
3025 203.0
3026 190.0
3027 139.0
3028 147.0
3029 204.0
3030 251.0
3031 203.0
3032 203.0
3033 203.0
3034 200.0
3035 427.0
3036 153.0
3037 252.0
3038 165.0
3039 221.0
3040 251.0
3041 251.0
3042 203.0
3043 210.0
3044 236.0
3045 400.0
3046 215.0
3047 251.0
3048 203.0
3049 203.0
3050 203.0
3051 111.0
3052 252.0
3053 251.0
3054 2.0
3055 427.0
3056 203.0
3057 406.0
3058 251.0
3059 618.0
3060 618.0
3061 427.0
3062 203.0
3063 618.0
3064 204.0
3065 204.0
3066 251.0
3067 203.0
3068 203.0
3069 427.0
3070 251.0
3071 25.0
3072 203.0
3073 49.0
3074 203.0
3075 203.0
3076 203.0
3077 153.0
3078 204.0
3079 251.0
3080 204.0
3081 111.0
3082 427.0
3083 203.0
3084 203.0
3085 253.0
3086 453.0
3087 182.0
3088 185.0
3089 148.0
3090 204.0
3091 122.0
3092 203.0
3093 162.0
3094 104.0
3095 204.0
3096 427.0
3097 427.0
3098 251.0
3099 212.0
3100 203.0
3101 252.0
3102 207.0
3103 366.0
3104 251.0
3105 6.0
3106 257.0
3107 336.0
3108 347.0
3109 203.0
3110 204.0
3111 618.0
3112 203.0
3113 204.0
3114 599.0
3115 204.0
3116 204.0
3117 251.0
3118 203.0
3119 251.0
3120 252.0
3121 251.0
3122 25.0
3123 158.0
3124 51.0
3125 203.0
3126 203.0
3127 102.0
3128 347.0
3129 204.0
3130 190.0
3131 251.0
3132 123.0
3133 184.0
3134 203.0
3135 0.0
3136 427.0
3137 427.0
3138 618.0
3139 169.0
3140 203.0
3141 251.0
3142 251.0
3143 239.0
3144 204.0
3145 251.0
3146 203.0
3147 251.0
3148 203.0
3149 251.0
3150 252.0
3151 278.0
3152 151.0
3153 252.0
3154 252.0
3155 251.0
3156 203.0
3157 191.0
3158 251.0
3159 427.0
3160 204.0
3161 399.0
3162 618.0
3163 427.0
3164 203.0
3165 618.0
3166 204.0
3167 427.0
3168 347.0
3169 251.0
3170 252.0
3171 203.0
3172 252.0
3173 32.0
3174 204.0
3175 23.0
3176 203.0
3177 304.0
3178 204.0
3179 189.0
3180 204.0
3181 152.0
3182 204.0
3183 98.0
3184 204.0
3185 204.0
3186 113.0
3187 427.0
3188 569.0
3189 203.0
3190 204.0
3191 204.0
3192 204.0
3193 203.0
3194 313.0
3195 251.0
3196 109.0
3197 203.0
3198 211.0
3199 203.0
3200 204.0
3201 618.0
3202 121.0
3203 203.0
3204 568.0
3205 203.0
3206 252.0
3207 203.0
3208 203.0
3209 251.0
3210 427.0
3211 204.0
3212 153.0
3213 618.0
3214 204.0
3215 618.0
3216 251.0
3217 204.0
3218 251.0
3219 251.0
3220 251.0
3221 347.0
3222 203.0
3223 204.0
3224 32.0
3225 427.0
3226 23.0
3227 163.0
3228 203.0
3229 204.0
3230 189.0
3231 203.0
3232 203.0
3233 204.0
3234 109.0
3235 204.0
3236 204.0
3237 252.0
3238 351.0
3239 251.0
3240 236.0
3241 149.0
3242 203.0
3243 204.0
3244 204.0
3245 251.0
3246 203.0
3247 104.0
3248 613.0
3249 427.0
3250 203.0
3251 204.0
3252 186.0
3253 203.0
3254 204.0
3255 150.0
3256 203.0
3257 177.0
3258 203.0
3259 427.0
3260 382.0
3261 204.0
3262 251.0
3263 203.0
3264 618.0
3265 204.0
3266 203.0
3267 599.0
3268 203.0
3269 168.0
3270 427.0
3271 203.0
3272 414.0
3273 252.0
3274 204.0
3275 25.0
3276 322.0
3277 61.0
3278 164.0
3279 203.0
3280 162.0
3281 203.0
3282 204.0
3283 252.0
3284 87.0
3285 0.0
3286 203.0
3287 203.0
3288 203.0
3289 322.0
3290 397.0
3291 427.0
3292 252.0
3293 203.0
3294 203.0
3295 427.0
3296 251.0
3297 204.0
3298 154.0
3299 70.0
3300 252.0
3301 203.0
3302 203.0
3303 204.0
3304 202.0
3305 204.0
3306 203.0
3307 203.0
3308 326.0
3309 203.0
3310 204.0
3311 89.0
3312 406.0
3313 204.0
3314 455.0
3315 618.0
3316 618.0
3317 203.0
3318 618.0
3319 175.0
3320 203.0
3321 204.0
3322 203.0
3323 173.0
3324 427.0
3325 322.0
3326 33.0
3327 203.0
3328 49.0
3329 203.0
3330 203.0
3331 204.0
3332 232.0
3333 251.0
3334 203.0
3335 203.0
3336 359.0
3337 458.0
3338 252.0
3339 204.0
3340 427.0
3341 427.0
3342 203.0
3343 427.0
3344 251.0
3345 203.0
3346 203.0
3347 214.0
3348 196.0
3349 154.0
3350 169.0
3351 322.0
3352 203.0
3353 203.0
3354 268.0
3355 126.0
3356 171.0
3357 204.0
3358 203.0
3359 251.0
3360 203.0
3361 203.0
3362 348.0
3363 427.0
3364 203.0
3365 203.0
3366 618.0
3367 193.0
3368 203.0
3369 618.0
3370 203.0
3371 225.0
3372 251.0
3373 203.0
3374 347.0
3375 203.0
3376 251.0
3377 0.0
3378 203.0
3379 23.0
3380 203.0
3381 143.0
3382 204.0
3383 204.0
3384 203.0
3385 148.0
3386 204.0
3387 113.0
3388 203.0
3389 252.0
3390 204.0
3391 204.0
3392 569.0
3393 618.0
3394 204.0
3395 252.0
3396 163.0
3397 241.0
3398 359.0
3399 204.0
3400 252.0
3401 204.0
3402 427.0
3403 203.0
3404 252.0
3405 99.0
3406 203.0
3407 203.0
3408 347.0
3409 252.0
3410 204.0
3411 203.0
3412 252.0
3413 204.0
3414 427.0
3415 251.0
3416 204.0
3417 618.0
3418 204.0
3419 203.0
3420 599.0
3421 203.0
3422 204.0
3423 347.0
3424 203.0
3425 204.0
3426 203.0
3427 347.0
3428 37.0
3429 427.0
3430 23.0
3431 163.0
3432 203.0
3433 204.0
3434 203.0
3435 206.0
3436 203.0
3437 203.0
3438 0.0
3439 204.0
3440 204.0
3441 204.0
3442 347.0
3443 406.0
3444 453.0
3445 204.0
3446 204.0
3447 203.0
3448 204.0
3449 204.0
3450 133.0
3451 427.0
3452 204.0
3453 204.0
3454 203.0
3455 204.0
3456 268.0
3457 204.0
3458 251.0
3459 347.0
3460 13.0
3461 177.0
3462 203.0
3463 425.0
3464 61.0
3465 618.0
3466 204.0
3467 203.0
3468 618.0
3469 453.0
3470 203.0
3471 618.0
3472 161.0
3473 251.0
3474 251.0
3475 203.0
3476 251.0
3477 427.0
3478 251.0
3479 25.0
3480 236.0
3481 46.0
3482 163.0
3483 251.0
3484 183.0
3485 453.0
3486 163.0
3487 151.0
3488 203.0
3489 251.0
3490 427.0
3491 203.0
3492 252.0
3493 253.0
3494 569.0
3495 340.0
3496 90.0
3497 251.0
3498 106.0
3499 251.0
3500 251.0
3501 204.0
3502 251.0
3503 203.0
3504 404.0
3505 203.0
3506 204.0
3507 203.0
3508 203.0
3509 203.0
3510 535.0
3511 251.0
3512 413.0
3513 203.0
3514 206.0
3515 203.0
3516 427.0
3517 361.0
3518 203.0
3519 618.0
3520 182.0
3521 203.0
3522 618.0
3523 204.0
3524 203.0
3525 203.0
3526 203.0
3527 203.0
3528 204.0
3529 203.0
3530 37.0
3531 204.0
3532 83.0
3533 203.0
3534 220.0
3535 183.0
3536 203.0
3537 136.0
3538 180.0
3539 347.0
3540 251.0
3541 252.0
3542 251.0
3543 147.0
3544 351.0
3545 427.0
3546 618.0
3547 203.0
3548 189.0
3549 203.0
3550 388.0
3551 239.0
3552 256.0
3553 569.0
3554 204.0
3555 203.0
3556 203.0
3557 252.0
3558 236.0
3559 132.0
3560 203.0
3561 169.0
3562 204.0
3563 236.0
3564 203.0
3565 252.0
3566 251.0
3567 618.0
3568 251.0
3569 203.0
3570 618.0
3571 453.0
3572 204.0
3573 618.0
3574 156.0
3575 204.0
3576 427.0
3577 203.0
3578 204.0
3579 251.0
3580 204.0
3581 32.0
3582 204.0
3583 2.0
3584 203.0
3585 203.0
3586 204.0
3587 203.0
3588 203.0
3589 203.0
3590 347.0
3591 121.0
3592 363.0
3593 203.0
3594 204.0
3595 204.0
3596 397.0
3597 427.0
3598 203.0
3599 146.0
3600 251.0
3601 204.0
3602 203.0
3603 194.0
3604 203.0
3605 204.0
3606 251.0
3607 427.0
3608 252.0
3609 158.0
3610 196.0
3611 251.0
3612 203.0
3613 204.0
3614 347.0
3615 203.0
3616 203.0
3617 252.0
3618 340.0
3619 251.0
3620 618.0
3621 618.0
3622 427.0
3623 203.0
3624 618.0
3625 427.0
3626 203.0
3627 203.0
3628 203.0
3629 252.0
3630 325.0
3631 203.0
3632 33.0
3633 427.0
3634 0.0
3635 163.0
3636 203.0
3637 24.0
3638 158.0
3639 203.0
3640 0.0
3641 158.0
3642 203.0
3643 204.0
3644 203.0
3645 192.0
3646 391.0
3647 569.0
3648 618.0
3649 101.0
3650 252.0
3651 204.0
3652 204.0
3653 251.0
3654 185.0
3655 203.0
3656 51.0
3657 458.0
3658 347.0
3659 204.0
3660 252.0
3661 203.0
3662 167.0
3663 204.0
3664 24.0
3665 603.0
3666 193.0
3667 253.0
3668 203.0
3669 618.0
3670 204.0
3671 203.0
3672 618.0
3673 203.0
3674 203.0
3675 618.0
3676 203.0
3677 204.0
3678 427.0
3679 203.0
3680 380.0
3681 474.0
3682 347.0
3683 37.0
3684 252.0
3685 41.0
3686 203.0
3687 203.0
3688 183.0
3689 203.0
3690 143.0
3691 180.0
3692 251.0
3693 129.0
3694 153.0
3695 203.0
3696 416.0
3697 253.0
3698 427.0
3699 618.0
3700 204.0
3701 251.0
3702 203.0
3703 251.0
3704 239.0
3705 204.0
3706 153.0
3707 203.0
3708 203.0
3709 204.0
3710 189.0
3711 220.0
3712 204.0
3713 252.0
3714 203.0
3715 203.0
3716 461.0
3717 203.0
3718 427.0
3719 204.0
3720 618.0
3721 361.0
3722 203.0
3723 618.0
3724 383.0
3725 203.0
3726 618.0
3727 204.0
3728 204.0
3729 347.0
3730 251.0
3731 326.0
3732 204.0
3733 251.0
3734 8.0
3735 251.0
3736 0.0
3737 203.0
3738 204.0
3739 183.0
3740 203.0
3741 136.0
3742 204.0
3743 250.0
3744 121.0
3745 204.0
3746 427.0
3747 203.0
3748 427.0
3749 427.0
3750 569.0
3751 203.0
3752 203.0
3753 347.0
3754 251.0
3755 239.0
3756 237.0
3757 204.0
3758 203.0
3759 251.0
3760 191.0
3761 196.0
3762 204.0
3763 203.0
3764 347.0
3765 184.0
3766 203.0
3767 461.0
3768 203.0
3769 252.0
3770 251.0
3771 618.0
3772 204.0
3773 204.0
3774 618.0
3775 427.0
3776 203.0
3777 618.0
3778 192.0
3779 204.0
3780 251.0
3781 251.0
3782 153.0
3783 203.0
3784 148.0
3785 8.0
3786 252.0
3787 46.0
3788 203.0
3789 203.0
3790 204.0
3791 204.0
3792 113.0
3793 203.0
3794 204.0
3795 204.0
3796 427.0
3797 203.0
3798 204.0
3799 204.0
3800 204.0
3801 618.0
3802 178.0
3803 204.0
3804 251.0
3805 172.0
3806 239.0
3807 183.0
3808 362.0
3809 203.0
3810 204.0
3811 189.0
3812 204.0
3813 234.0
3814 126.0
3815 203.0
3816 203.0
3817 177.0
3818 236.0
3819 203.0
3820 204.0
3821 203.0
3822 347.0
3823 251.0
3824 455.0
3825 618.0
3826 402.0
3827 203.0
3828 618.0
3829 203.0
3830 252.0
3831 251.0
3832 203.0
3833 434.0
3834 203.0
3835 252.0
3836 72.0
3837 252.0
3838 0.0
3839 203.0
3840 203.0
3841 203.0
3842 325.0
3843 374.0
3844 147.0
3845 78.0
3846 203.0
3847 252.0
3848 203.0
3849 203.0
3850 203.0
3851 397.0
3852 618.0
3853 231.0
3854 204.0
3855 251.0
3856 204.0
3857 239.0
3858 203.0
3859 0.0
3860 70.0
3861 251.0
3862 427.0
3863 251.0
3864 236.0
3865 115.0
3866 203.0
3867 203.0
3868 615.0
3869 347.0
3870 203.0
3871 175.0
3872 157.0
3873 427.0
3874 204.0
3875 203.0
3876 618.0
3877 153.0
3878 251.0
3879 618.0
3880 203.0
3881 204.0
3882 251.0
3883 251.0
3884 204.0
3885 203.0
3886 347.0
3887 37.0
3888 204.0
3889 361.0
3890 203.0
3891 185.0
3892 204.0
3893 189.0
3894 203.0
3895 190.0
3896 144.0
3897 153.0
3898 427.0
3899 203.0
3900 347.0
3901 253.0
3902 453.0
3903 618.0
3904 204.0
3905 251.0
3906 427.0
3907 251.0
3908 239.0
3909 192.0
3910 252.0
3911 203.0
3912 204.0
3913 251.0
3914 204.0
3915 204.0
3916 203.0
3917 204.0
3918 180.0
3919 125.0
3920 427.0
3921 203.0
3922 402.0
3923 203.0
3924 347.0
3925 252.0
3926 251.0
3927 618.0
3928 427.0
3929 204.0
3930 618.0
3931 171.0
3932 251.0
3933 251.0
3934 203.0
3935 251.0
3936 203.0
3937 203.0
3938 0.0
3939 203.0
3940 46.0
3941 203.0
3942 203.0
3943 204.0
3944 427.0
3945 204.0
3946 196.0
3947 203.0
3948 121.0
3949 236.0
3950 251.0
3951 24.0
3952 251.0
3953 453.0
3954 427.0
3955 6.0
3956 142.0
3957 203.0
3958 254.0
3959 239.0
3960 251.0
3961 204.0
3962 11.0
3963 196.0
3964 417.0
3965 189.0
3966 236.0
3967 203.0
3968 252.0
3969 203.0
3970 32.0
3971 419.0
3972 203.0
3973 251.0
3974 252.0
3975 427.0
3976 183.0
3977 251.0
3978 618.0
3979 453.0
3980 204.0
3981 618.0
3982 203.0
3983 427.0
3984 251.0
3985 203.0
3986 204.0
3987 279.0
3988 347.0
3989 0.0
3990 251.0
3991 204.0
3992 203.0
3993 203.0
3994 204.0
3995 204.0
3996 203.0
3997 203.0
3998 203.0
3999 203.0
4000 251.0
4001 203.0
4002 192.0
4003 251.0
4004 406.0
4005 251.0
4006 33.0
4007 203.0
4008 204.0
4009 204.0
4010 239.0
4011 203.0
4012 427.0
4013 55.0
4014 204.0
4015 251.0
4016 204.0
4017 252.0
4018 203.0
4019 241.0
4020 18.0
4021 204.0
4022 419.0
4023 203.0
4024 204.0
4025 203.0
4026 427.0
4027 251.0
4028 203.0
4029 618.0
4030 203.0
4031 158.0
4032 251.0
4033 144.0
4034 203.0
4035 251.0
4036 203.0
4037 252.0
4038 347.0
4039 251.0
4040 65.0
4041 405.0
4042 0.0
4043 203.0
4044 251.0
4045 213.0
4046 251.0
4047 427.0
4048 173.0
4049 52.0
4050 252.0
4051 236.0
4052 203.0
4053 82.0
4054 204.0
4055 204.0
4056 251.0
4057 204.0
4058 251.0
4059 347.0
4060 203.0
4061 239.0
4062 204.0
4063 26.0
4064 251.0
4065 204.0
4066 204.0
4067 251.0
4068 204.0
4069 161.0
4070 347.0
4071 191.0
4072 203.0
4073 600.0
4074 203.0
4075 204.0
4076 172.0
4077 251.0
4078 251.0
4079 251.0
4080 618.0
4081 203.0
4082 204.0
4083 599.0
4084 188.0
4085 204.0
4086 251.0
4087 203.0
4088 251.0
4089 204.0
4090 252.0
4091 0.0
4092 204.0
4093 204.0
4094 203.0
4095 203.0
4096 204.0
4097 203.0
4098 204.0
4099 115.0
4100 427.0
4101 0.0
4102 236.0
4103 204.0
4104 47.0
4105 251.0
4106 397.0
4107 618.0
4108 173.0
4109 334.0
4110 203.0
4111 204.0
4112 203.0
4113 427.0
4114 203.0
4115 251.0
4116 251.0
4117 453.0
4118 98.0
4119 203.0
4120 204.0
4121 252.0
4122 251.0
4123 193.0
4124 461.0
4125 203.0
4126 203.0
4127 251.0
4128 571.0
4129 204.0
4130 203.0
4131 618.0
4132 427.0
4133 203.0
4134 618.0
4135 145.0
4136 232.0
4137 347.0
4138 203.0
4139 204.0
4140 618.0
4141 251.0
4142 32.0
4143 203.0
4144 204.0
4145 203.0
4146 251.0
4147 203.0
4148 189.0
4149 203.0
4150 190.0
4151 209.0
4152 427.0
4153 458.0
4154 203.0
4155 187.0
4156 253.0
4157 569.0
4158 427.0
4159 128.0
4160 203.0
4161 189.0
4162 204.0
4163 239.0
4164 203.0
4165 203.0
4166 19.0
4167 427.0
4168 158.0
4169 203.0
4170 204.0
4171 145.0
4172 138.0
4173 203.0
4174 26.0
4175 461.0
4176 203.0
4177 251.0
4178 251.0
4179 427.0
4180 204.0
4181 204.0
4182 618.0
4183 204.0
4184 427.0
4185 618.0
4186 203.0
4187 204.0
4188 134.0
4189 203.0
4190 324.0
4191 203.0
4192 251.0
4193 17.0
4194 236.0
4195 0.0
4196 203.0
4197 204.0
4198 20.0
4199 153.0
4200 203.0
4201 204.0
4202 251.0
4203 203.0
4204 204.0
4205 203.0
4206 203.0
4207 153.0
4208 427.0
4209 427.0
4210 347.0
4211 254.0
4212 377.0
4213 190.0
4214 239.0
4215 153.0
4216 221.0
4217 252.0
4218 211.0
4219 427.0
4220 275.0
4221 330.0
4222 262.0
4223 146.0
4224 252.0
4225 204.0
4226 251.0
4227 203.0
4228 204.0
4229 251.0
4230 458.0
4231 204.0
4232 204.0
4233 618.0
4234 153.0
4235 204.0
4236 618.0
4237 188.0
4238 203.0
4239 251.0
4240 203.0
4241 265.0
4242 204.0
4243 347.0
4244 0.0
4245 455.0
4246 13.0
4247 203.0
4248 203.0
4249 212.0
4250 427.0
4251 236.0
4252 169.0
4253 252.0
4254 135.0
4255 427.0
4256 161.0
4257 192.0
4258 253.0
4259 618.0
4260 618.0
4261 203.0
4262 189.0
4263 203.0
4264 388.0
4265 251.0
4266 203.0
4267 204.0
4268 186.0
4269 251.0
4270 427.0
4271 171.0
4272 203.0
4273 203.0
4274 251.0
4275 171.0
4276 252.0
4277 427.0
4278 203.0
4279 204.0
4280 29.0
4281 427.0
4282 509.0
4283 29.0
4284 618.0
4285 427.0
4286 427.0
4287 618.0
4288 145.0
4289 427.0
4290 251.0
4291 203.0
4292 203.0
4293 204.0
4294 347.0
4295 25.0
4296 203.0
4297 203.0
4298 43.0
4299 203.0
4300 203.0
4301 347.0
4302 203.0
4303 152.0
4304 204.0
4305 427.0
4306 421.0
4307 203.0
4308 185.0
4309 384.0
4310 251.0
4311 569.0
4312 323.0
4313 138.0
4314 251.0
4315 204.0
4316 240.0
4317 251.0
4318 251.0
4319 203.0
4320 203.0
4321 427.0
4322 203.0
4323 203.0
4324 203.0
4325 252.0
4326 203.0
4327 252.0
4328 321.0
4329 203.0
4330 163.0
4331 204.0
4332 443.0
4333 252.0
4334 143.0
4335 618.0
4336 427.0
4337 203.0
4338 618.0
4339 187.0
4340 203.0
4341 202.0
4342 203.0
4343 236.0
4344 203.0
4345 347.0
4346 75.0
4347 455.0
4348 203.0
4349 29.0
4350 203.0
4351 190.0
4352 251.0
4353 427.0
4354 204.0
4355 182.0
4356 203.0
4357 427.0
4358 203.0
4359 68.0
4360 213.0
4361 569.0
4362 618.0
4363 58.0
4364 204.0
4365 200.0
4366 204.0
4367 239.0
4368 153.0
4369 208.0
4370 203.0
4371 251.0
4372 427.0
4373 188.0
4374 252.0
4375 154.0
4376 278.0
4377 204.0
4378 52.0
4379 236.0
4380 203.0
4381 251.0
4382 129.0
4383 427.0
4384 203.0
4385 203.0
4386 618.0
4387 427.0
4388 203.0
4389 618.0
4390 188.0
4391 427.0
4392 347.0
4393 252.0
4394 251.0
4395 204.0
4396 203.0
4397 0.0
4398 427.0
4399 251.0
4400 203.0
4401 204.0
4402 0.0
4403 204.0
4404 204.0
4405 203.0
4406 204.0
4407 61.0
4408 204.0
4409 203.0
4410 203.0
4411 251.0
4412 569.0
4413 618.0
4414 252.0
4415 203.0
4416 189.0
4417 347.0
4418 239.0
4419 182.0
4420 336.0
4421 13.0
4422 458.0
4423 427.0
4424 203.0
4425 268.0
4426 427.0
4427 251.0
4428 182.0
4429 220.0
4430 618.0
4431 203.0
4432 149.0
4433 251.0
4434 427.0
4435 204.0
4436 427.0
4437 618.0
4438 153.0
4439 203.0
4440 618.0
4441 145.0
4442 322.0
4443 427.0
4444 203.0
4445 251.0
4446 347.0
4447 203.0
4448 25.0
4449 347.0
4450 203.0
4451 204.0
4452 251.0
4453 252.0
4454 153.0
4455 206.0
4456 203.0
4457 251.0
4458 111.0
4459 203.0
4460 274.0
4461 187.0
4462 251.0
4463 347.0
4464 569.0
4465 204.0
4466 203.0
4467 251.0
4468 203.0
4469 239.0
4470 236.0
4471 203.0
4472 203.0
4473 204.0
4474 453.0
4475 251.0
4476 174.0
4477 203.0
4478 252.0
4479 535.0
4480 204.0
4481 204.0
4482 203.0
4483 348.0
4484 252.0
4485 251.0
4486 251.0
4487 251.0
4488 618.0
4489 427.0
4490 251.0
4491 618.0
4492 188.0
4493 204.0
4494 203.0
4495 203.0
4496 128.0
4497 284.0
4498 252.0
4499 37.0
4500 251.0
4501 204.0
4502 203.0
4503 251.0
4504 203.0
4505 189.0
4506 250.0
4507 203.0
4508 228.0
4509 203.0
4510 619.0
4511 204.0
4512 191.0
4513 158.0
4514 569.0
4515 251.0
4516 244.0
4517 252.0
4518 189.0
4519 204.0
4520 239.0
4521 427.0
4522 252.0
4523 203.0
4524 211.0
4525 252.0
4526 251.0
4527 203.0
4528 203.0
4529 204.0
4530 252.0
4531 251.0
4532 618.0
4533 203.0
4534 348.0
4535 177.0
4536 618.0
4537 204.0
4538 251.0
4539 619.0
4540 427.0
4541 179.0
4542 458.0
4543 204.0
4544 203.0
4545 204.0
4546 203.0
4547 204.0
4548 152.0
4549 252.0
4550 81.0
4551 331.0
4552 143.0
4553 192.0
4554 204.0
4555 0.0
4556 427.0
4557 419.0
4558 204.0
4559 252.0
4560 204.0
4561 204.0
4562 52.0
4563 203.0
4564 253.0
4565 236.0
4566 181.0
4567 203.0
4568 204.0
4569 204.0
4570 204.0
4571 239.0
4572 204.0
4573 203.0
4574 161.0
4575 417.0
4576 203.0
4577 203.0
4578 276.0
4579 252.0
4580 204.0
4581 190.0
4582 204.0
4583 203.0
4584 203.0
4585 251.0
4586 204.0
4587 427.0
4588 204.0
4589 204.0
4590 619.0
4591 236.0
4592 204.0
4593 184.0
4594 144.0
4595 278.0
4596 251.0
4597 203.0
4598 251.0
4599 185.0
4600 203.0
4601 43.0
4602 331.0
4603 176.0
4604 129.0
4605 204.0
4606 347.0
4607 204.0
4608 252.0
4609 203.0
4610 203.0
4611 92.0
4612 252.0
4613 140.0
4614 131.0
4615 203.0
4616 427.0
4617 204.0
4618 252.0
4619 263.0
4620 179.0
4621 203.0
4622 239.0
4623 203.0
4624 252.0
4625 251.0
4626 251.0
4627 404.0
4628 204.0
4629 268.0
4630 251.0
4631 179.0
4632 183.0
4633 138.0
4634 427.0
4635 203.0
4636 203.0
4637 251.0
4638 203.0
4639 251.0
4640 427.0
4641 619.0
4642 204.0
4643 203.0
4644 204.0
4645 145.0
4646 360.0
4647 347.0
4648 203.0
4649 154.0
4650 347.0
4651 204.0
4652 25.0
4653 149.0
4654 203.0
4655 203.0
4656 251.0
4657 203.0
4658 203.0
4659 689.0
4660 169.0
4661 44.0
4662 204.0
4663 204.0
4664 204.0
4665 204.0
4666 204.0
4667 204.0
4668 427.0
4669 149.0
4670 204.0
4671 251.0
4672 203.0
4673 240.0
4674 427.0
4675 582.0
4676 204.0
4677 427.0
4678 427.0
4679 204.0
4680 203.0
4681 204.0
4682 204.0
4683 347.0
4684 33.0
4685 203.0
4686 203.0
4687 204.0
4688 180.0
4689 251.0
4690 236.0
4691 251.0
4692 689.0
4693 251.0
4694 350.0
4695 203.0
4696 204.0
4697 203.0
4698 203.0
4699 203.0
4700 179.0
4701 117.0
4702 204.0
4703 104.0
4704 236.0
4705 29.0
4706 204.0
4707 252.0
4708 0.0
4709 347.0
4710 396.0
4711 203.0
4712 203.0
4713 203.0
4714 204.0
4715 373.0
4716 204.0
4717 238.0
4718 359.0
4719 419.0
4720 251.0
4721 204.0
4722 203.0
4723 252.0
4724 239.0
4725 204.0
4726 141.0
4727 203.0
4728 204.0
4729 204.0
4730 251.0
4731 252.0
4732 203.0
4733 204.0
4734 204.0
4735 203.0
4736 204.0
4737 251.0
4738 335.0
4739 20.0
4740 255.0
4741 203.0
4742 203.0
4743 689.0
4744 204.0
4745 203.0
4746 251.0
4747 185.0
4748 419.0
4749 251.0
4750 203.0
4751 251.0
4752 179.0
4753 252.0
4754 58.0
4755 203.0
4756 203.0
4757 203.0
4758 203.0
4759 197.0
4760 204.0
4761 204.0
4762 203.0
4763 203.0
4764 203.0
4765 238.0
4766 251.0
4767 203.0
4768 347.0
4769 203.0
4770 203.0
4771 272.0
4772 203.0
4773 193.0
4774 203.0
4775 204.0
4776 204.0
4777 200.0
4778 204.0
4779 204.0
4780 391.0
4781 203.0
4782 276.0
4783 251.0
4784 169.0
4785 231.0
4786 203.0
4787 415.0
4788 203.0
4789 252.0
4790 169.0
4791 326.0
4792 203.0
4793 251.0
4794 689.0
4795 203.0
4796 204.0
4797 388.0
4798 145.0
4799 251.0
4800 347.0
4801 203.0
4802 203.0
4803 251.0
4804 252.0
4805 54.0
4806 204.0
4807 187.0
4808 203.0
4809 203.0
4810 251.0
4811 204.0
4812 204.0
4813 203.0
4814 154.0
4815 204.0
4816 203.0
4817 204.0
4818 204.0
4819 203.0
4820 183.0
4821 427.0
4822 204.0
4823 203.0
4824 203.0
4825 251.0
4826 203.0
4827 427.0
4828 252.0
4829 251.0
4830 427.0
4831 427.0
4832 251.0
4833 347.0
4834 204.0
4835 252.0
4836 101.0
4837 251.0
4838 204.0
4839 193.0
4840 203.0
4841 204.0
4842 204.0
4843 251.0
4844 203.0
4845 689.0
4846 251.0
4847 203.0
4848 236.0
4849 204.0
4850 251.0
4851 347.0
4852 203.0
4853 173.0
4854 169.0
4855 252.0
4856 53.0
4857 203.0
4858 251.0
4859 203.0
4860 251.0
4861 360.0
4862 473.0
4863 571.0
4864 204.0
4865 203.0
4866 203.0
4867 427.0
4868 203.0
4869 204.0
4870 324.0
4871 571.0
4872 359.0
4873 33.0
4874 360.0
4875 204.0
4876 203.0
4877 204.0
4878 251.0
4879 278.0
4880 204.0
4881 204.0
4882 236.0
4883 204.0
4884 251.0
4885 203.0
4886 364.0
4887 65.0
4888 203.0
4889 225.0
4890 203.0
4891 203.0
4892 266.0
4893 203.0
4894 252.0
4895 419.0
4896 689.0
4897 203.0
4898 252.0
4899 204.0
4900 185.0
4901 236.0
4902 158.0
4903 203.0
4904 203.0
4905 203.0
4906 203.0
4907 0.0
4908 203.0
4909 120.0
4910 204.0
4911 203.0
4912 17.0
4913 204.0
4914 391.0
4915 203.0
4916 347.0
4917 204.0
4918 204.0
4919 204.0
4920 203.0
4921 203.0
4922 203.0
4923 424.0
4924 181.0
4925 204.0
4926 204.0
4927 203.0
4928 359.0
4929 206.0
4930 204.0
4931 252.0
4932 391.0
4933 427.0
4934 203.0
4935 202.0
4936 190.0
4937 347.0
4938 203.0
4939 176.0
4940 256.0
4941 251.0
4942 203.0
4943 49.0
4944 427.0
4945 204.0
4946 203.0
4947 689.0
4948 203.0
4949 162.0
4950 204.0
4951 204.0
4952 427.0
4953 347.0
4954 203.0
4955 170.0
4956 153.0
4957 252.0
4958 0.0
4959 182.0
4960 23.0
4961 204.0
4962 252.0
4963 203.0
4964 571.0
4965 204.0
4966 203.0
4967 251.0
4968 204.0
4969 427.0
4970 204.0
4971 203.0
4972 203.0
4973 203.0
4974 397.0
4975 204.0
4976 172.0
4977 165.0
4978 204.0
4979 239.0
4980 204.0
4981 203.0
4982 203.0
4983 348.0
4984 413.0
4985 252.0
4986 252.0
4987 251.0
4988 187.0
4989 236.0
4990 204.0
4991 204.0
4992 203.0
4993 167.0
4994 347.0
4995 203.0
4996 203.0
4997 251.0
4998 689.0
4999 204.0
5000 419.0
5001 362.0
5002 156.0
5003 347.0
5004 252.0
5005 203.0
5006 203.0
5007 203.0
5008 252.0
5009 0.0
5010 203.0
5011 250.0
5012 38.0
5013 267.0
5014 203.0
5015 427.0
5016 204.0
5017 203.0
5018 251.0
5019 92.0
5020 396.0
5021 252.0
5022 204.0
5023 203.0
5024 325.0
5025 427.0
5026 203.0
5027 203.0
5028 204.0
5029 204.0
5030 203.0
5031 251.0
5032 347.0
5033 204.0
5034 203.0
5035 391.0
5036 203.0
5037 252.0
5038 193.0
5039 203.0
5040 203.0
5041 203.0
5042 251.0
5043 203.0
5044 285.0
5045 249.0
5046 203.0
5047 204.0
5048 427.0
5049 689.0
5050 203.0
5051 204.0
5052 427.0
5053 204.0
5054 251.0
5055 251.0
5056 203.0
5057 239.0
5058 203.0
5059 204.0
5060 53.0
5061 204.0
5062 231.0
5063 203.0
5064 251.0
5065 203.0
5066 418.0
5067 391.0
5068 203.0
5069 278.0
5070 109.0
5071 203.0
5072 300.0
5073 204.0
5074 188.0
5075 203.0
5076 204.0
5077 179.0
5078 203.0
5079 204.0
5080 203.0
5081 236.0
5082 204.0
5083 203.0
5084 203.0
5085 238.0
5086 204.0
5087 203.0
5088 204.0
5089 197.0
5090 203.0
5091 203.0
5092 204.0
5093 203.0
5094 251.0
5095 204.0
5096 251.0
5097 424.0
5098 204.0
5099 204.0
5100 689.0
