1 0.0
2 31.0
3 0.0
4 38.0
5 203.0
6 98.0
7 203.0
8 30.0
9 0.0
10 17.0
11 30.0
12 0.0
13 475.0
14 0.0
15 0.0
16 0.0
17 203.0
18 203.0
19 203.0
20 32.0
21 25.0
22 25.0
23 203.0
24 32.0
25 1.0
26 169.0
27 0.0
28 0.0
29 32.0
30 203.0
31 203.0
32 98.0
33 32.0
34 0.0
35 4.0
36 38.0
37 203.0
38 0.0
39 32.0
40 158.0
41 203.0
42 180.0
43 30.0
44 0.0
45 98.0
46 0.0
47 203.0
48 0.0
49 0.0
50 0.0
51 475.0
52 0.0
53 31.0
54 25.0
55 203.0
56 203.0
57 1.0
58 203.0
59 0.0
60 32.0
61 30.0
62 30.0
63 406.0
64 475.0
65 294.0
66 0.0
67 203.0
68 203.0
69 203.0
70 203.0
71 0.0
72 30.0
73 203.0
74 203.0
75 0.0
76 166.0
77 169.0
78 25.0
79 0.0
80 180.0
81 203.0
82 203.0
83 30.0
84 32.0
85 1.0
86 38.0
87 33.0
88 203.0
89 203.0
90 203.0
91 203.0
92 203.0
93 203.0
94 180.0
95 109.0
96 98.0
97 0.0
98 203.0
99 203.0
100 0.0
101 0.0
102 475.0
103 1.0
104 31.0
105 103.0
106 203.0
107 203.0
108 0.0
109 203.0
110 1.0
111 204.0
112 2.0
113 0.0
114 174.0
115 475.0
116 203.0
117 0.0
118 203.0
119 203.0
120 203.0
121 203.0
122 33.0
123 203.0
124 30.0
125 203.0
126 32.0
127 0.0
128 169.0
129 158.0
130 180.0
131 180.0
132 203.0
133 203.0
134 32.0
135 104.0
136 38.0
137 0.0
138 203.0
139 203.0
140 203.0
141 203.0
142 203.0
143 203.0
144 203.0
145 203.0
146 32.0
147 98.0
148 0.0
149 203.0
150 109.0
151 109.0
152 0.0
153 475.0
154 1.0
155 203.0
156 203.0
157 203.0
158 203.0
159 98.0
160 203.0
161 25.0
162 0.0
163 203.0
164 480.0
165 390.0
166 475.0
167 0.0
168 0.0
169 203.0
170 203.0
171 203.0
172 203.0
173 44.0
174 33.0
175 203.0
176 203.0
177 25.0
178 203.0
179 169.0
180 109.0
181 478.0
182 203.0
183 203.0
184 203.0
185 30.0
186 104.0
187 0.0
188 1.0
189 203.0
190 203.0
191 49.0
192 203.0
193 203.0
194 203.0
195 203.0
196 204.0
197 32.0
198 0.0
199 33.0
200 203.0
201 0.0
202 33.0
203 98.0
204 480.0
205 203.0
206 203.0
207 203.0
208 203.0
209 203.0
210 98.0
211 203.0
212 0.0
213 204.0
214 204.0
215 411.0
216 481.0
217 475.0
218 0.0
219 0.0
220 0.0
221 203.0
222 203.0
223 203.0
224 33.0
225 43.0
226 32.0
227 203.0
228 203.0
229 32.0
230 203.0
231 203.0
232 305.0
233 305.0
234 203.0
235 203.0
236 30.0
237 25.0
238 203.0
239 38.0
240 33.0
241 203.0
242 0.0
243 180.0
244 0.0
245 203.0
246 203.0
247 203.0
248 203.0
249 32.0
250 203.0
251 203.0
252 203.0
253 33.0
254 98.0
255 481.0
256 0.0
257 103.0
258 203.0
259 203.0
260 203.0
261 103.0
262 203.0
263 203.0
264 204.0
265 203.0
266 484.0
267 180.0
268 487.0
269 204.0
270 0.0
271 158.0
272 203.0
273 203.0
274 203.0
275 30.0
276 203.0
277 30.0
278 203.0
279 14.0
280 203.0
281 203.0
282 203.0
283 180.0
284 300.0
285 180.0
286 203.0
287 32.0
288 32.0
289 38.0
290 203.0
291 203.0
292 203.0
293 49.0
294 203.0
295 19.0
296 203.0
297 203.0
298 203.0
299 204.0
300 203.0
301 203.0
302 203.0
303 103.0
304 109.0
305 203.0
306 487.0
307 0.0
308 204.0
309 103.0
310 203.0
311 203.0
312 409.0
313 203.0
314 203.0
315 204.0
316 203.0
317 0.0
318 180.0
319 470.0
320 404.0
321 0.0
322 203.0
323 203.0
324 203.0
325 203.0
326 30.0
327 43.0
328 30.0
329 203.0
330 14.0
331 25.0
332 169.0
333 305.0
334 180.0
335 203.0
336 305.0
337 203.0
338 30.0
339 203.0
340 38.0
341 203.0
342 203.0
343 203.0
344 49.0
345 203.0
346 152.0
347 203.0
348 203.0
349 203.0
350 204.0
351 203.0
352 203.0
353 203.0
354 0.0
355 204.0
356 87.0
357 487.0
358 203.0
359 203.0
360 203.0
361 203.0
362 191.0
363 146.0
364 203.0
365 203.0
366 204.0
367 169.0
368 411.0
369 487.0
370 487.0
371 474.0
372 0.0
373 203.0
374 203.0
375 203.0
376 203.0
377 0.0
378 0.0
379 32.0
380 203.0
381 32.0
382 30.0
383 180.0
384 32.0
385 478.0
386 305.0
387 305.0
388 305.0
389 0.0
390 1.0
391 0.0
392 203.0
393 203.0
394 203.0
395 0.0
396 169.0
397 0.0
398 203.0
399 203.0
400 203.0
401 204.0
402 30.0
403 203.0
404 203.0
405 203.0
406 203.0
407 203.0
408 487.0
409 204.0
410 204.0
411 203.0
412 203.0
413 409.0
414 98.0
415 4.0
416 0.0
417 204.0
418 0.0
419 484.0
420 29.0
421 219.0
422 396.0
423 180.0
424 203.0
425 203.0
426 203.0
427 203.0
428 0.0
429 0.0
430 25.0
431 203.0
432 14.0
433 203.0
434 1.0
435 473.0
436 305.0
437 305.0
438 180.0
439 311.0
440 180.0
441 32.0
442 38.0
443 180.0
444 203.0
445 203.0
446 0.0
447 185.0
448 32.0
449 203.0
450 32.0
451 204.0
452 203.0
453 204.0
454 203.0
455 203.0
456 30.0
457 30.0
458 203.0
459 487.0
460 204.0
461 203.0
462 203.0
463 203.0
464 203.0
465 98.0
466 203.0
467 203.0
468 204.0
469 386.0
470 25.0
471 109.0
472 481.0
473 484.0
474 205.0
475 158.0
476 203.0
477 203.0
478 203.0
479 0.0
480 203.0
481 203.0
482 203.0
483 25.0
484 203.0
485 473.0
486 473.0
487 180.0
488 305.0
489 305.0
490 311.0
491 180.0
492 204.0
493 38.0
494 203.0
495 203.0
496 203.0
497 0.0
498 203.0
499 19.0
500 203.0
501 203.0
502 204.0
503 203.0
504 203.0
505 204.0
506 203.0
507 0.0
508 203.0
509 0.0
510 487.0
511 204.0
512 204.0
513 204.0
514 203.0
515 203.0
516 193.0
517 0.0
518 0.0
519 395.0
520 0.0
521 411.0
522 487.0
523 470.0
524 219.0
525 203.0
526 169.0
527 203.0
528 203.0
529 203.0
530 0.0
531 33.0
532 30.0
533 203.0
534 32.0
535 180.0
536 316.0
537 478.0
538 305.0
539 180.0
540 305.0
541 311.0
542 109.0
543 33.0
544 203.0
545 203.0
546 203.0
547 203.0
548 32.0
549 169.0
550 158.0
551 203.0
552 203.0
553 203.0
554 204.0
555 203.0
556 204.0
557 204.0
558 0.0
559 203.0
560 203.0
561 487.0
562 203.0
563 204.0
564 204.0
565 203.0
566 411.0
567 0.0
568 203.0
569 169.0
570 49.0
571 204.0
572 33.0
573 0.0
574 508.0
575 487.0
576 360.0
577 109.0
578 203.0
579 203.0
580 203.0
581 0.0
582 203.0
583 25.0
584 203.0
585 203.0
586 473.0
587 477.0
588 478.0
589 305.0
590 305.0
591 305.0
592 311.0
593 203.0
594 204.0
595 203.0
596 203.0
597 203.0
598 203.0
599 49.0
600 185.0
601 203.0
602 203.0
603 203.0
604 204.0
605 204.0
606 203.0
607 204.0
608 203.0
609 203.0
610 203.0
611 203.0
612 508.0
613 204.0
614 203.0
615 204.0
616 203.0
617 191.0
618 411.0
619 193.0
620 169.0
621 204.0
622 43.0
623 375.0
624 470.0
625 0.0
626 180.0
627 180.0
628 180.0
629 203.0
630 203.0
631 203.0
632 0.0
633 203.0
634 30.0
635 203.0
636 169.0
637 473.0
638 175.0
639 477.0
640 305.0
641 305.0
642 180.0
643 305.0
644 203.0
645 203.0
646 203.0
647 203.0
648 203.0
649 203.0
650 0.0
651 203.0
652 19.0
653 203.0
654 25.0
655 204.0
656 203.0
657 203.0
658 204.0
659 204.0
660 0.0
661 30.0
662 203.0
663 508.0
664 204.0
665 204.0
666 204.0
667 203.0
668 411.0
669 98.0
670 204.0
671 169.0
672 203.0
673 0.0
674 372.0
675 186.0
676 507.0
677 0.0
678 203.0
679 203.0
680 203.0
681 203.0
682 203.0
683 203.0
684 33.0
685 203.0
686 203.0
687 203.0
688 180.0
689 411.0
690 473.0
691 203.0
692 305.0
693 305.0
694 305.0
695 109.0
696 203.0
697 38.0
698 203.0
699 203.0
700 203.0
701 203.0
702 203.0
703 30.0
704 203.0
705 203.0
706 203.0
707 204.0
708 204.0
709 203.0
710 204.0
711 203.0
712 203.0
713 203.0
714 508.0
715 204.0
716 204.0
717 204.0
718 203.0
719 203.0
720 203.0
721 203.0
722 169.0
723 49.0
724 0.0
725 25.0
726 25.0
727 487.0
728 98.0
729 507.0
730 203.0
731 203.0
732 203.0
733 203.0
734 0.0
735 203.0
736 32.0
737 203.0
738 169.0
739 475.0
740 411.0
741 478.0
742 305.0
743 180.0
744 203.0
745 311.0
746 180.0
747 203.0
748 32.0
749 203.0
750 203.0
751 203.0
752 32.0
753 185.0
754 0.0
755 203.0
756 204.0
757 203.0
758 204.0
759 203.0
760 204.0
761 204.0
762 203.0
763 204.0
764 203.0
765 508.0
766 203.0
767 204.0
768 204.0
769 203.0
770 409.0
771 98.0
772 411.0
773 169.0
774 203.0
775 21.0
776 38.0
777 487.0
778 502.0
779 398.0
780 0.0
781 0.0
782 203.0
783 203.0
784 203.0
785 0.0
786 203.0
787 203.0
788 203.0
789 14.0
790 473.0
791 478.0
792 478.0
793 305.0
794 305.0
795 203.0
796 305.0
797 204.0
798 204.0
799 203.0
800 203.0
801 203.0
802 203.0
803 0.0
804 185.0
805 30.0
806 204.0
807 203.0
808 204.0
809 203.0
810 204.0
811 204.0
812 203.0
813 203.0
814 203.0
815 203.0
816 508.0
817 203.0
818 204.0
819 204.0
820 411.0
821 203.0
822 98.0
823 98.0
824 98.0
825 38.0
826 32.0
827 411.0
828 481.0
829 25.0
830 0.0
831 356.0
832 43.0
833 203.0
834 203.0
835 203.0
836 0.0
837 43.0
838 203.0
839 203.0
840 180.0
841 475.0
842 477.0
843 478.0
844 305.0
845 305.0
846 204.0
847 305.0
848 203.0
849 203.0
850 6.0
851 203.0
852 203.0
853 203.0
854 0.0
855 185.0
856 19.0
857 204.0
858 203.0
859 204.0
860 109.0
861 203.0
862 204.0
863 204.0
864 0.0
865 204.0
866 0.0
867 508.0
868 204.0
869 204.0
870 400.0
871 477.0
872 203.0
873 411.0
874 146.0
875 98.0
876 49.0
877 0.0
878 411.0
879 219.0
880 0.0
881 98.0
882 202.0
883 180.0
884 203.0
885 203.0
886 203.0
887 0.0
888 33.0
889 203.0
890 203.0
891 187.0
892 478.0
893 477.0
894 477.0
895 180.0
896 305.0
897 204.0
898 316.0
899 32.0
900 203.0
901 37.0
902 203.0
903 203.0
904 203.0
905 32.0
906 203.0
907 203.0
908 203.0
909 203.0
910 204.0
911 203.0
912 203.0
913 203.0
914 203.0
915 203.0
916 203.0
917 204.0
918 508.0
919 0.0
920 411.0
921 411.0
922 203.0
923 411.0
924 98.0
925 204.0
926 202.0
927 180.0
928 0.0
929 114.0
930 0.0
931 180.0
932 0.0
933 180.0
934 203.0
935 203.0
936 203.0
937 203.0
938 0.0
939 203.0
940 203.0
941 203.0
942 180.0
943 475.0
944 477.0
945 305.0
946 305.0
947 475.0
948 203.0
949 316.0
950 203.0
951 204.0
952 203.0
953 203.0
954 203.0
955 203.0
956 32.0
957 203.0
958 158.0
959 203.0
960 203.0
961 204.0
962 204.0
963 203.0
964 204.0
965 203.0
966 0.0
967 203.0
968 0.0
969 508.0
970 203.0
971 403.0
972 204.0
973 411.0
974 406.0
975 184.0
976 203.0
977 32.0
978 464.0
979 33.0
980 483.0
981 481.0
982 491.0
983 98.0
984 180.0
985 185.0
986 203.0
987 203.0
988 203.0
989 0.0
990 87.0
991 203.0
992 203.0
993 475.0
994 475.0
995 478.0
996 478.0
997 305.0
998 180.0
999 203.0
1000 311.0
1001 180.0
1002 203.0
1003 1.0
1004 203.0
1005 203.0
1006 203.0
1007 0.0
1008 180.0
1009 0.0
1010 204.0
1011 203.0
1012 203.0
1013 204.0
1014 203.0
1015 204.0
1016 204.0
1017 0.0
1018 203.0
1019 204.0
1020 508.0
1021 203.0
1022 410.0
1023 203.0
1024 411.0
1025 203.0
1026 98.0
1027 98.0
1028 32.0
1029 66.0
1030 476.0
1031 411.0
1032 487.0
1033 0.0
1034 20.0
1035 507.0
1036 38.0
1037 203.0
1038 203.0
1039 203.0
1040 0.0
1041 33.0
1042 203.0
1043 411.0
1044 475.0
1045 475.0
1046 478.0
1047 473.0
1048 180.0
1049 478.0
1050 204.0
1051 311.0
1052 109.0
1053 203.0
1054 2.0
1055 203.0
1056 203.0
1057 203.0
1058 32.0
1059 185.0
1060 203.0
1061 204.0
1062 203.0
1063 204.0
1064 203.0
1065 204.0
1066 204.0
1067 204.0
1068 203.0
1069 203.0
1070 203.0
1071 508.0
1072 203.0
1073 203.0
1074 399.0
1075 203.0
1076 406.0
1077 203.0
1078 98.0
1079 32.0
1080 480.0
1081 0.0
1082 25.0
1083 0.0
1084 481.0
1085 0.0
1086 180.0
1087 0.0
1088 203.0
1089 203.0
1090 203.0
1091 0.0
1092 43.0
1093 411.0
1094 483.0
1095 478.0
1096 475.0
1097 477.0
1098 478.0
1099 475.0
1100 305.0
1101 204.0
1102 316.0
1103 203.0
1104 203.0
1105 203.0
1106 203.0
1107 203.0
1108 203.0
1109 32.0
1110 203.0
1111 180.0
1112 204.0
1113 169.0
1114 204.0
1115 114.0
1116 203.0
1117 204.0
1118 204.0
1119 87.0
1120 203.0
1121 204.0
1122 508.0
1123 180.0
1124 404.0
1125 391.0
1126 477.0
1127 411.0
1128 203.0
1129 411.0
1130 98.0
1131 203.0
1132 38.0
1133 375.0
1134 109.0
1135 507.0
1136 109.0
1137 180.0
1138 203.0
1139 203.0
1140 203.0
1141 203.0
1142 0.0
1143 180.0
1144 204.0
1145 481.0
1146 472.0
1147 475.0
1148 477.0
1149 478.0
1150 305.0
1151 483.0
1152 203.0
1153 316.0
1154 204.0
1155 203.0
1156 203.0
1157 203.0
1158 203.0
1159 203.0
1160 0.0
1161 185.0
1162 25.0
1163 203.0
1164 204.0
1165 203.0
1166 204.0
1167 204.0
1168 204.0
1169 204.0
1170 203.0
1171 203.0
1172 0.0
1173 508.0
1174 204.0
1175 203.0
1176 397.0
1177 411.0
1178 477.0
1179 411.0
1180 103.0
1181 32.0
1182 487.0
1183 484.0
1184 375.0
1185 20.0
1186 20.0
1187 98.0
1188 487.0
1189 180.0
1190 203.0
1191 203.0
1192 203.0
1193 0.0
1194 104.0
1195 311.0
1196 475.0
1197 483.0
1198 475.0
1199 478.0
1200 473.0
1201 1.0
1202 180.0
1203 204.0
1204 311.0
1205 311.0
1206 203.0
1207 32.0
1208 203.0
1209 203.0
1210 203.0
1211 0.0
1212 185.0
1213 203.0
1214 204.0
1215 203.0
1216 203.0
1217 204.0
1218 203.0
1219 204.0
1220 204.0
1221 0.0
1222 203.0
1223 25.0
1224 508.0
1225 0.0
1226 395.0
1227 477.0
1228 203.0
1229 477.0
1230 411.0
1231 98.0
1232 32.0
1233 0.0
1234 175.0
1235 0.0
1236 25.0
1237 502.0
1238 0.0
1239 507.0
1240 169.0
1241 203.0
1242 203.0
1243 203.0
1244 0.0
1245 185.0
1246 475.0
1247 483.0
1248 476.0
1249 476.0
1250 478.0
1251 473.0
1252 305.0
1253 180.0
1254 203.0
1255 311.0
1256 204.0
1257 204.0
1258 32.0
1259 203.0
1260 38.0
1261 203.0
1262 32.0
1263 203.0
1264 204.0
1265 203.0
1266 169.0
1267 203.0
1268 204.0
1269 203.0
1270 203.0
1271 204.0
1272 87.0
1273 203.0
1274 204.0
1275 508.0
1276 203.0
1277 203.0
1278 204.0
1279 203.0
1280 199.0
1281 203.0
1282 98.0
1283 32.0
1284 203.0
1285 486.0
1286 32.0
1287 487.0
1288 393.0
1289 98.0
1290 180.0
1291 180.0
1292 203.0
1293 203.0
1294 203.0
1295 0.0
1296 180.0
1297 483.0
1298 481.0
1299 478.0
1300 476.0
1301 477.0
1302 478.0
1303 305.0
1304 305.0
1305 203.0
1306 316.0
1307 204.0
1308 180.0
1309 203.0
1310 203.0
1311 203.0
1312 203.0
1313 0.0
1314 203.0
1315 0.0
1316 203.0
1317 203.0
1318 204.0
1319 98.0
1320 203.0
1321 203.0
1322 204.0
1323 203.0
1324 203.0
1325 0.0
1326 508.0
1327 204.0
1328 203.0
1329 477.0
1330 93.0
1331 477.0
1332 477.0
1333 98.0
1334 205.0
1335 219.0
1336 180.0
1337 375.0
1338 481.0
1339 25.0
1340 98.0
1341 507.0
1342 180.0
1343 203.0
1344 203.0
1345 203.0
1346 0.0
1347 311.0
1348 481.0
1349 481.0
1350 472.0
1351 203.0
1352 477.0
1353 477.0
1354 180.0
1355 0.0
1356 204.0
1357 316.0
1358 203.0
1359 203.0
1360 203.0
1361 203.0
1362 203.0
1363 203.0
1364 0.0
1365 0.0
1366 203.0
1367 204.0
1368 203.0
1369 203.0
1370 204.0
1371 203.0
1372 204.0
1373 204.0
1374 87.0
1375 204.0
1376 0.0
1377 508.0
1378 30.0
1379 203.0
1380 402.0
1381 477.0
1382 477.0
1383 184.0
1384 98.0
1385 245.0
1386 0.0
1387 219.0
1388 375.0
1389 508.0
1390 507.0
1391 0.0
1392 487.0
1393 203.0
1394 203.0
1395 203.0
1396 203.0
1397 0.0
1398 485.0
1399 483.0
1400 475.0
1401 476.0
1402 475.0
1403 478.0
1404 477.0
1405 180.0
1406 204.0
1407 203.0
1408 316.0
1409 204.0
1410 1.0
1411 204.0
1412 203.0
1413 38.0
1414 203.0
1415 32.0
1416 203.0
1417 203.0
1418 203.0
1419 204.0
1420 203.0
1421 204.0
1422 203.0
1423 204.0
1424 204.0
1425 87.0
1426 204.0
1427 204.0
1428 508.0
1429 203.0
1430 203.0
1431 204.0
1432 203.0
1433 477.0
1434 204.0
1435 98.0
1436 103.0
1437 203.0
1438 203.0
1439 104.0
1440 0.0
1441 219.0
1442 0.0
1443 180.0
1444 38.0
1445 203.0
1446 203.0
1447 203.0
1448 0.0
1449 204.0
1450 485.0
1451 483.0
1452 476.0
1453 476.0
1454 478.0
1455 478.0
1456 305.0
1457 6.0
1458 305.0
1459 311.0
1460 204.0
1461 204.0
1462 204.0
1463 204.0
1464 203.0
1465 203.0
1466 32.0
1467 203.0
1468 203.0
1469 203.0
1470 203.0
1471 204.0
1472 204.0
1473 203.0
1474 204.0
1475 204.0
1476 203.0
1477 204.0
1478 204.0
1479 508.0
1480 203.0
1481 407.0
1482 203.0
1483 411.0
1484 406.0
1485 204.0
1486 98.0
1487 203.0
1488 0.0
1489 484.0
1490 38.0
1491 159.0
1492 25.0
1493 109.0
1494 180.0
1495 38.0
1496 203.0
1497 203.0
1498 203.0
1499 0.0
1500 311.0
1501 485.0
1502 480.0
1503 478.0
1504 476.0
1505 477.0
1506 478.0
1507 305.0
1508 38.0
1509 311.0
1510 316.0
1511 204.0
1512 311.0
1513 203.0
1514 203.0
1515 203.0
1516 203.0
1517 0.0
1518 174.0
1519 169.0
1520 204.0
1521 204.0
1522 204.0
1523 203.0
1524 203.0
1525 203.0
1526 204.0
1527 87.0
1528 204.0
1529 0.0
1530 508.0
1531 203.0
1532 203.0
1533 397.0
1534 203.0
1535 477.0
1536 478.0
1537 203.0
1538 195.0
1539 0.0
1540 477.0
1541 410.0
1542 487.0
1543 333.0
1544 98.0
1545 507.0
1546 203.0
1547 203.0
1548 203.0
1549 203.0
1550 0.0
1551 483.0
1552 483.0
1553 485.0
1554 472.0
1555 180.0
1556 477.0
1557 477.0
1558 180.0
1559 204.0
1560 47.0
1561 316.0
1562 204.0
1563 203.0
1564 203.0
1565 203.0
1566 204.0
1567 203.0
1568 0.0
1569 203.0
1570 204.0
1571 204.0
1572 203.0
1573 204.0
1574 204.0
1575 203.0
1576 204.0
1577 204.0
1578 87.0
1579 204.0
1580 0.0
1581 508.0
1582 114.0
1583 411.0
1584 411.0
1585 477.0
1586 184.0
1587 32.0
1588 98.0
1589 203.0
1590 203.0
1591 487.0
1592 475.0
1593 386.0
1594 502.0
1595 487.0
1596 507.0
1597 180.0
1598 203.0
1599 203.0
1600 203.0
1601 44.0
1602 481.0
1603 180.0
1604 475.0
1605 478.0
1606 204.0
1607 478.0
1608 477.0
1609 478.0
1610 0.0
1611 47.0
1612 316.0
1613 204.0
1614 300.0
1615 203.0
1616 203.0
1617 203.0
1618 203.0
1619 25.0
1620 203.0
1621 203.0
1622 203.0
1623 203.0
1624 204.0
1625 204.0
1626 203.0
1627 204.0
1628 204.0
1629 87.0
1630 204.0
1631 0.0
1632 508.0
1633 203.0
1634 203.0
1635 203.0
1636 411.0
1637 406.0
1638 184.0
1639 204.0
1640 220.0
1641 7.0
1642 203.0
1643 399.0
1644 19.0
1645 180.0
1646 20.0
1647 180.0
1648 203.0
1649 203.0
1650 203.0
1651 203.0
1652 0.0
1653 485.0
1654 395.0
1655 485.0
1656 483.0
1657 475.0
1658 478.0
1659 478.0
1660 305.0
1661 38.0
1662 311.0
1663 311.0
1664 204.0
1665 479.0
1666 180.0
1667 204.0
1668 203.0
1669 203.0
1670 0.0
1671 174.0
1672 203.0
1673 204.0
1674 203.0
1675 204.0
1676 204.0
1677 204.0
1678 203.0
1679 204.0
1680 87.0
1681 204.0
1682 0.0
1683 508.0
1684 13.0
1685 203.0
1686 203.0
1687 203.0
1688 477.0
1689 477.0
1690 98.0
1691 170.0
1692 38.0
1693 410.0
1694 30.0
1695 159.0
1696 0.0
1697 98.0
1698 180.0
1699 180.0
1700 203.0
1701 203.0
1702 203.0
1703 0.0
1704 311.0
1705 485.0
1706 485.0
1707 411.0
1708 483.0
1709 477.0
1710 477.0
1711 180.0
1712 204.0
1713 180.0
1714 316.0
1715 204.0
1716 204.0
1717 204.0
1718 203.0
1719 203.0
1720 203.0
1721 0.0
1722 34.0
1723 204.0
1724 204.0
1725 204.0
1726 204.0
1727 203.0
1728 203.0
1729 204.0
1730 204.0
1731 0.0
1732 204.0
1733 0.0
1734 508.0
1735 13.0
1736 203.0
1737 477.0
1738 477.0
1739 184.0
1740 477.0
1741 98.0
1742 32.0
1743 204.0
1744 487.0
1745 507.0
1746 507.0
1747 180.0
1748 0.0
1749 507.0
1750 180.0
1751 203.0
1752 203.0
1753 203.0
1754 0.0
1755 180.0
1756 180.0
1757 475.0
1758 478.0
1759 476.0
1760 478.0
1761 477.0
1762 180.0
1763 204.0
1764 47.0
1765 316.0
1766 204.0
1767 300.0
1768 204.0
1769 203.0
1770 9.0
1771 203.0
1772 25.0
1773 204.0
1774 204.0
1775 203.0
1776 204.0
1777 204.0
1778 203.0
1779 203.0
1780 204.0
1781 204.0
1782 87.0
1783 204.0
1784 0.0
1785 508.0
1786 203.0
1787 203.0
1788 405.0
1789 411.0
1790 184.0
1791 149.0
1792 98.0
1793 38.0
1794 203.0
1795 484.0
1796 408.0
1797 478.0
1798 192.0
1799 180.0
1800 180.0
1801 203.0
1802 203.0
1803 203.0
1804 203.0
1805 0.0
1806 311.0
1807 485.0
1808 485.0
1809 472.0
1810 483.0
1811 203.0
1812 478.0
1813 305.0
1814 38.0
1815 311.0
1816 316.0
1817 204.0
1818 204.0
1819 204.0
1820 203.0
1821 204.0
1822 203.0
1823 203.0
1824 203.0
1825 204.0
1826 203.0
1827 203.0
1828 204.0
1829 204.0
1830 203.0
1831 204.0
1832 204.0
1833 87.0
1834 204.0
1835 203.0
1836 508.0
1837 1.0
1838 203.0
1839 477.0
1840 477.0
1841 33.0
1842 98.0
1843 98.0
1844 220.0
1845 0.0
1846 500.0
1847 104.0
1848 507.0
1849 405.0
1850 180.0
1851 180.0
1852 180.0
1853 203.0
1854 203.0
1855 203.0
1856 49.0
1857 485.0
1858 311.0
1859 480.0
1860 475.0
1861 472.0
1862 203.0
1863 478.0
1864 305.0
1865 38.0
1866 311.0
1867 311.0
1868 204.0
1869 204.0
1870 204.0
1871 203.0
1872 203.0
1873 203.0
1874 0.0
1875 203.0
1876 203.0
1877 204.0
1878 203.0
1879 204.0
1880 204.0
1881 203.0
1882 204.0
1883 204.0
1884 87.0
1885 204.0
1886 0.0
1887 508.0
1888 203.0
1889 203.0
1890 203.0
1891 477.0
1892 478.0
1893 204.0
1894 98.0
1895 204.0
1896 0.0
1897 477.0
1898 98.0
1899 411.0
1900 7.0
1901 20.0
1902 507.0
1903 203.0
1904 203.0
1905 203.0
1906 203.0
1907 49.0
1908 180.0
1909 485.0
1910 485.0
1911 476.0
1912 476.0
1913 478.0
1914 477.0
1915 180.0
1916 204.0
1917 316.0
1918 316.0
1919 204.0
1920 311.0
1921 203.0
1922 204.0
1923 203.0
1924 203.0
1925 203.0
1926 203.0
1927 204.0
1928 204.0
1929 204.0
1930 204.0
1931 203.0
1932 203.0
1933 204.0
1934 204.0
1935 87.0
1936 204.0
1937 0.0
1938 508.0
1939 203.0
1940 203.0
1941 203.0
1942 477.0
1943 204.0
1944 204.0
1945 184.0
1946 203.0
1947 80.0
1948 477.0
1949 464.0
1950 508.0
1951 180.0
1952 508.0
1953 507.0
1954 180.0
1955 203.0
1956 203.0
1957 203.0
1958 17.0
1959 485.0
1960 481.0
1961 305.0
1962 483.0
1963 476.0
1964 203.0
1965 477.0
1966 180.0
1967 0.0
1968 305.0
1969 316.0
1970 204.0
1971 479.0
1972 203.0
1973 203.0
1974 204.0
1975 203.0
1976 25.0
1977 203.0
1978 204.0
1979 203.0
1980 203.0
1981 204.0
1982 203.0
1983 203.0
1984 204.0
1985 204.0
1986 87.0
1987 204.0
1988 203.0
1989 508.0
1990 1.0
1991 408.0
1992 477.0
1993 184.0
1994 184.0
1995 149.0
1996 98.0
1997 38.0
1998 49.0
1999 486.0
2000 403.0
2001 508.0
2002 508.0
2003 219.0
2004 507.0
2005 180.0
2006 203.0
2007 203.0
2008 203.0
2009 0.0
2010 485.0
2011 311.0
2012 485.0
2013 475.0
2014 476.0
2015 203.0
2016 478.0
2017 305.0
2018 475.0
2019 311.0
2020 316.0
2021 203.0
2022 204.0
2023 204.0
2024 203.0
2025 203.0
2026 203.0
2027 0.0
2028 204.0
2029 204.0
2030 204.0
2031 204.0
2032 204.0
2033 204.0
2034 203.0
2035 204.0
2036 204.0
2037 87.0
2038 204.0
2039 204.0
2040 508.0
2041 203.0
2042 185.0
2043 203.0
2044 184.0
2045 406.0
2046 204.0
2047 98.0
2048 220.0
2049 395.0
2050 500.0
2051 0.0
2052 507.0
2053 203.0
2054 20.0
2055 507.0
2056 180.0
2057 203.0
2058 203.0
2059 203.0
2060 203.0
2061 485.0
2062 483.0
2063 485.0
2064 481.0
2065 472.0
2066 478.0
2067 477.0
2068 180.0
2069 204.0
2070 311.0
2071 316.0
2072 204.0
2073 311.0
2074 204.0
2075 203.0
2076 203.0
2077 203.0
2078 25.0
2079 203.0
2080 203.0
2081 203.0
2082 203.0
2083 204.0
2084 203.0
2085 203.0
2086 204.0
2087 204.0
2088 87.0
2089 204.0
2090 204.0
2091 508.0
2092 203.0
2093 203.0
2094 477.0
2095 477.0
2096 477.0
2097 477.0
2098 98.0
2099 204.0
2100 69.0
2101 507.0
2102 484.0
2103 405.0
2104 180.0
2105 36.0
2106 487.0
2107 180.0
2108 203.0
2109 203.0
2110 203.0
2111 49.0
2112 180.0
2113 485.0
2114 475.0
2115 480.0
2116 476.0
2117 478.0
2118 478.0
2119 204.0
2120 305.0
2121 163.0
2122 316.0
2123 316.0
2124 479.0
2125 204.0
2126 203.0
2127 204.0
2128 203.0
2129 25.0
2130 203.0
2131 203.0
2132 203.0
2133 203.0
2134 204.0
2135 203.0
2136 203.0
2137 204.0
2138 204.0
2139 87.0
2140 204.0
2141 0.0
2142 508.0
2143 1.0
2144 203.0
2145 477.0
2146 477.0
2147 184.0
2148 32.0
2149 98.0
2150 245.0
2151 208.0
2152 411.0
2153 507.0
2154 507.0
2155 0.0
2156 180.0
2157 487.0
2158 203.0
2159 203.0
2160 203.0
2161 203.0
2162 204.0
2163 485.0
2164 485.0
2165 485.0
2166 475.0
2167 476.0
2168 472.0
2169 478.0
2170 305.0
2171 0.0
2172 305.0
2173 311.0
2174 204.0
2175 204.0
2176 204.0
2177 203.0
2178 203.0
2179 203.0
2180 49.0
2181 203.0
2182 204.0
2183 204.0
2184 32.0
2185 204.0
2186 204.0
2187 203.0
2188 204.0
2189 204.0
2190 87.0
2191 204.0
2192 204.0
2193 508.0
2194 1.0
2195 203.0
2196 477.0
2197 478.0
2198 184.0
2199 184.0
2200 98.0
2201 245.0
2202 38.0
2203 507.0
2204 20.0
2205 507.0
2206 219.0
2207 25.0
2208 19.0
2209 180.0
2210 203.0
2211 203.0
2212 204.0
2213 204.0
2214 485.0
2215 480.0
2216 485.0
2217 475.0
2218 483.0
2219 203.0
2220 477.0
2221 475.0
2222 305.0
2223 305.0
2224 311.0
2225 204.0
2226 311.0
2227 204.0
2228 203.0
2229 203.0
2230 203.0
2231 0.0
2232 203.0
2233 204.0
2234 204.0
2235 0.0
2236 204.0
2237 204.0
2238 204.0
2239 204.0
2240 204.0
2241 87.0
2242 204.0
2243 204.0
2244 508.0
2245 1.0
2246 203.0
2247 184.0
2248 184.0
2249 477.0
2250 477.0
2251 109.0
2252 203.0
2253 204.0
2254 491.0
2255 0.0
2256 508.0
2257 219.0
2258 392.0
2259 20.0
2260 180.0
2261 203.0
2262 204.0
2263 204.0
2264 204.0
2265 204.0
2266 485.0
2267 475.0
2268 485.0
2269 472.0
2270 204.0
2271 478.0
2272 204.0
2273 305.0
2274 311.0
2275 316.0
2276 204.0
2277 311.0
2278 204.0
2279 203.0
2280 204.0
2281 203.0
2282 1.0
2283 203.0
2284 203.0
2285 203.0
2286 32.0
2287 204.0
2288 203.0
2289 203.0
2290 204.0
2291 204.0
2292 203.0
2293 204.0
2294 204.0
2295 508.0
2296 1.0
2297 203.0
2298 184.0
2299 477.0
2300 477.0
2301 184.0
2302 98.0
2303 203.0
2304 203.0
2305 477.0
2306 507.0
2307 473.0
2308 159.0
2309 180.0
2310 219.0
2311 203.0
2312 44.0
2313 204.0
2314 204.0
2315 17.0
2316 485.0
2317 485.0
2318 485.0
2319 478.0
2320 481.0
2321 476.0
2322 478.0
2323 305.0
2324 0.0
2325 311.0
2326 311.0
2327 203.0
2328 204.0
2329 204.0
2330 203.0
2331 204.0
2332 203.0
2333 0.0
2334 203.0
2335 203.0
2336 204.0
2337 203.0
2338 204.0
2339 203.0
2340 204.0
2341 204.0
2342 204.0
2343 87.0
2344 204.0
2345 204.0
2346 508.0
2347 1.0
2348 390.0
2349 203.0
2350 203.0
2351 184.0
2352 478.0
2353 98.0
2354 203.0
2355 49.0
2356 477.0
2357 398.0
2358 507.0
2359 159.0
2360 23.0
2361 502.0
2362 180.0
2363 204.0
2364 204.0
2365 204.0
2366 0.0
2367 485.0
2368 485.0
2369 485.0
2370 478.0
2371 485.0
2372 164.0
2373 478.0
2374 483.0
2375 0.0
2376 311.0
2377 316.0
2378 204.0
2379 203.0
2380 203.0
2381 203.0
2382 203.0
2383 203.0
2384 0.0
2385 203.0
2386 204.0
2387 204.0
2388 158.0
2389 204.0
2390 204.0
2391 204.0
2392 204.0
2393 204.0
2394 87.0
2395 204.0
2396 204.0
2397 508.0
2398 1.0
2399 390.0
2400 149.0
2401 32.0
2402 478.0
2403 477.0
2404 203.0
2405 220.0
2406 203.0
2407 491.0
2408 219.0
2409 380.0
2410 180.0
2411 17.0
2412 180.0
2413 180.0
2414 204.0
2415 204.0
2416 204.0
2417 204.0
2418 480.0
2419 485.0
2420 475.0
2421 485.0
2422 411.0
2423 203.0
2424 475.0
2425 204.0
2426 0.0
2427 311.0
2428 316.0
2429 322.0
2430 204.0
2431 204.0
2432 203.0
2433 204.0
2434 203.0
2435 25.0
2436 204.0
2437 204.0
2438 203.0
2439 203.0
2440 204.0
2441 204.0
2442 203.0
2443 204.0
2444 204.0
2445 87.0
2446 204.0
2447 204.0
2448 508.0
2449 1.0
2450 203.0
2451 32.0
2452 478.0
2453 477.0
2454 477.0
2455 98.0
2456 25.0
2457 203.0
2458 507.0
2459 0.0
2460 507.0
2461 508.0
2462 507.0
2463 219.0
2464 180.0
2465 204.0
2466 204.0
2467 204.0
2468 203.0
2469 485.0
2470 485.0
2471 475.0
2472 485.0
2473 481.0
2474 478.0
2475 478.0
2476 300.0
2477 305.0
2478 311.0
2479 311.0
2480 204.0
2481 311.0
2482 204.0
2483 203.0
2484 204.0
2485 203.0
2486 32.0
2487 203.0
2488 203.0
2489 204.0
2490 32.0
2491 204.0
2492 203.0
2493 203.0
2494 204.0
2495 204.0
2496 87.0
2497 204.0
2498 204.0
2499 508.0
2500 203.0
2501 390.0
2502 203.0
2503 477.0
2504 184.0
2505 184.0
2506 98.0
2507 213.0
2508 191.0
2509 477.0
2510 0.0
2511 507.0
2512 333.0
2513 507.0
2514 0.0
2515 180.0
2516 204.0
2517 204.0
2518 204.0
2519 0.0
2520 485.0
2521 485.0
2522 485.0
2523 478.0
2524 395.0
2525 485.0
2526 477.0
2527 305.0
2528 204.0
2529 329.0
2530 311.0
2531 479.0
2532 311.0
2533 204.0
2534 203.0
2535 204.0
2536 203.0
2537 169.0
2538 203.0
2539 204.0
2540 204.0
2541 0.0
2542 204.0
2543 204.0
2544 204.0
2545 204.0
2546 204.0
2547 203.0
2548 204.0
2549 204.0
2550 508.0
2551 1.0
2552 394.0
2553 203.0
2554 32.0
2555 184.0
2556 478.0
2557 98.0
2558 203.0
2559 49.0
2560 507.0
2561 507.0
2562 507.0
2563 393.0
2564 316.0
2565 98.0
2566 180.0
2567 204.0
2568 204.0
2569 204.0
2570 203.0
2571 485.0
2572 485.0
2573 485.0
2574 485.0
2575 485.0
2576 483.0
2577 478.0
2578 38.0
2579 204.0
2580 47.0
2581 204.0
2582 203.0
2583 204.0
2584 204.0
2585 203.0
2586 203.0
2587 203.0
2588 169.0
2589 203.0
2590 204.0
2591 204.0
2592 203.0
2593 204.0
2594 204.0
2595 204.0
2596 204.0
2597 204.0
2598 87.0
2599 204.0
2600 204.0
2601 508.0
2602 1.0
2603 203.0
2604 146.0
2605 184.0
2606 184.0
2607 477.0
2608 98.0
2609 245.0
2610 203.0
2611 507.0
2612 480.0
2613 508.0
2614 507.0
2615 411.0
2616 411.0
2617 180.0
2618 204.0
2619 204.0
2620 204.0
2621 204.0
2622 485.0
2623 485.0
2624 475.0
2625 485.0
2626 485.0
2627 478.0
2628 478.0
2629 300.0
2630 38.0
2631 0.0
2632 311.0
2633 204.0
2634 311.0
2635 204.0
2636 204.0
2637 204.0
2638 1.0
2639 204.0
2640 204.0
2641 204.0
2642 203.0
2643 169.0
2644 204.0
2645 203.0
2646 203.0
2647 204.0
2648 204.0
2649 87.0
2650 204.0
2651 204.0
2652 508.0
2653 1.0
2654 395.0
2655 32.0
2656 477.0
2657 184.0
2658 478.0
2659 98.0
2660 170.0
2661 203.0
2662 507.0
2663 98.0
2664 507.0
2665 392.0
2666 507.0
2667 0.0
2668 180.0
2669 203.0
2670 204.0
2671 204.0
2672 204.0
2673 485.0
2674 485.0
2675 475.0
2676 478.0
2677 246.0
2678 478.0
2679 180.0
2680 305.0
2681 475.0
2682 305.0
2683 316.0
2684 204.0
2685 203.0
2686 204.0
2687 204.0
2688 204.0
2689 204.0
2690 0.0
2691 203.0
2692 204.0
2693 203.0
2694 203.0
2695 204.0
2696 203.0
2697 203.0
2698 204.0
2699 204.0
2700 87.0
2701 204.0
2702 204.0
2703 508.0
2704 1.0
2705 402.0
2706 98.0
2707 184.0
2708 477.0
2709 184.0
2710 98.0
2711 204.0
2712 197.0
2713 477.0
2714 507.0
2715 507.0
2716 508.0
2717 507.0
2718 487.0
2719 180.0
2720 204.0
2721 204.0
2722 204.0
2723 0.0
2724 485.0
2725 485.0
2726 485.0
2727 478.0
2728 485.0
2729 475.0
2730 485.0
2731 0.0
2732 204.0
2733 305.0
2734 479.0
2735 204.0
2736 311.0
2737 204.0
2738 203.0
2739 203.0
2740 203.0
2741 203.0
2742 203.0
2743 204.0
2744 204.0
2745 203.0
2746 204.0
2747 204.0
2748 204.0
2749 204.0
2750 204.0
2751 87.0
2752 204.0
2753 204.0
2754 508.0
2755 1.0
2756 203.0
2757 98.0
2758 184.0
2759 477.0
2760 477.0
2761 98.0
2762 220.0
2763 0.0
2764 477.0
2765 407.0
2766 186.0
2767 507.0
2768 164.0
2769 487.0
2770 180.0
2771 204.0
2772 204.0
2773 204.0
2774 203.0
2775 485.0
2776 485.0
2777 475.0
2778 485.0
2779 485.0
2780 475.0
2781 478.0
2782 478.0
2783 0.0
2784 30.0
2785 204.0
2786 204.0
2787 204.0
2788 204.0
2789 203.0
2790 204.0
2791 204.0
2792 44.0
2793 203.0
2794 204.0
2795 204.0
2796 32.0
2797 204.0
2798 204.0
2799 204.0
2800 204.0
2801 204.0
2802 0.0
2803 204.0
2804 204.0
2805 508.0
2806 1.0
2807 395.0
2808 146.0
2809 478.0
2810 184.0
2811 477.0
2812 98.0
2813 38.0
2814 203.0
2815 507.0
2816 507.0
2817 478.0
2818 409.0
2819 154.0
2820 487.0
2821 180.0
2822 204.0
2823 204.0
2824 204.0
2825 204.0
2826 485.0
2827 480.0
2828 475.0
2829 478.0
2830 311.0
2831 478.0
2832 180.0
2833 203.0
2834 38.0
2835 305.0
2836 311.0
2837 316.0
2838 479.0
2839 204.0
2840 203.0
2841 204.0
2842 203.0
2843 203.0
2844 203.0
2845 204.0
2846 203.0
2847 32.0
2848 204.0
2849 204.0
2850 203.0
2851 204.0
2852 204.0
2853 87.0
2854 204.0
2855 204.0
2856 508.0
2857 1.0
2858 411.0
2859 98.0
2860 478.0
2861 478.0
2862 32.0
2863 98.0
2864 203.0
2865 204.0
2866 507.0
2867 104.0
2868 180.0
2869 507.0
2870 508.0
2871 192.0
2872 180.0
2873 204.0
2874 204.0
2875 204.0
2876 203.0
2877 485.0
2878 485.0
2879 485.0
2880 478.0
2881 311.0
2882 485.0
2883 203.0
2884 203.0
2885 204.0
2886 478.0
2887 479.0
2888 311.0
2889 180.0
2890 204.0
2891 203.0
2892 203.0
2893 204.0
2894 203.0
2895 204.0
2896 204.0
2897 204.0
2898 158.0
2899 204.0
2900 203.0
2901 203.0
2902 204.0
2903 204.0
2904 87.0
2905 204.0
2906 204.0
2907 508.0
2908 1.0
2909 203.0
2910 203.0
2911 184.0
2912 477.0
2913 184.0
2914 98.0
2915 32.0
2916 479.0
2917 411.0
2918 464.0
2919 203.0
2920 393.0
2921 507.0
2922 386.0
2923 180.0
2924 204.0
2925 204.0
2926 203.0
2927 0.0
2928 485.0
2929 485.0
2930 485.0
2931 485.0
2932 485.0
2933 475.0
2934 478.0
2935 478.0
2936 204.0
2937 482.0
2938 204.0
2939 204.0
2940 203.0
2941 203.0
2942 203.0
2943 203.0
2944 203.0
2945 204.0
2946 180.0
2947 204.0
2948 204.0
2949 169.0
2950 204.0
2951 203.0
2952 204.0
2953 204.0
2954 204.0
2955 87.0
2956 204.0
2957 204.0
2958 508.0
2959 1.0
2960 411.0
2961 149.0
2962 184.0
2963 184.0
2964 477.0
2965 98.0
2966 262.0
2967 83.0
2968 411.0
2969 411.0
2970 0.0
2971 396.0
2972 507.0
2973 36.0
2974 180.0
2975 204.0
2976 204.0
2977 204.0
2978 0.0
2979 485.0
2980 485.0
2981 485.0
2982 485.0
2983 485.0
2984 475.0
2985 478.0
2986 180.0
2987 203.0
2988 482.0
2989 203.0
2990 311.0
2991 204.0
2992 204.0
2993 204.0
2994 204.0
2995 203.0
2996 204.0
2997 203.0
2998 204.0
2999 203.0
3000 32.0
3001 204.0
3002 204.0
3003 204.0
3004 204.0
3005 204.0
3006 87.0
3007 204.0
3008 204.0
3009 508.0
3010 1.0
3011 203.0
3012 32.0
3013 478.0
3014 184.0
3015 477.0
3016 98.0
3017 203.0
3018 379.0
3019 491.0
3020 98.0
3021 508.0
3022 508.0
3023 333.0
3024 333.0
3025 203.0
3026 204.0
3027 204.0
3028 204.0
3029 204.0
3030 485.0
3031 485.0
3032 475.0
3033 478.0
3034 311.0
3035 478.0
3036 203.0
3037 203.0
3038 0.0
3039 482.0
3040 204.0
3041 204.0
3042 203.0
3043 203.0
3044 203.0
3045 204.0
3046 203.0
3047 203.0
3048 203.0
3049 204.0
3050 204.0
3051 203.0
3052 204.0
3053 204.0
3054 203.0
3055 204.0
3056 204.0
3057 87.0
3058 204.0
3059 204.0
3060 508.0
3061 1.0
3062 400.0
3063 203.0
3064 478.0
3065 478.0
3066 184.0
3067 98.0
3068 203.0
3069 484.0
3070 507.0
3071 33.0
3072 475.0
3073 386.0
3074 411.0
3075 109.0
3076 180.0
3077 204.0
3078 204.0
3079 204.0
3080 204.0
3081 485.0
3082 485.0
3083 485.0
3084 478.0
3085 485.0
3086 475.0
3087 478.0
3088 392.0
3089 204.0
3090 475.0
3091 203.0
3092 204.0
3093 203.0
3094 203.0
3095 204.0
3096 204.0
3097 1.0
3098 44.0
3099 203.0
3100 204.0
3101 204.0
3102 204.0
3103 203.0
3104 203.0
3105 203.0
3106 204.0
3107 204.0
3108 87.0
3109 204.0
3110 204.0
3111 508.0
3112 203.0
3113 411.0
3114 103.0
3115 184.0
3116 477.0
3117 478.0
3118 411.0
3119 32.0
3120 93.0
3121 477.0
3122 507.0
3123 24.0
3124 396.0
3125 507.0
3126 487.0
3127 180.0
3128 204.0
3129 204.0
3130 204.0
3131 0.0
3132 485.0
3133 485.0
3134 485.0
3135 478.0
3136 485.0
3137 478.0
3138 478.0
3139 392.0
3140 204.0
3141 483.0
3142 204.0
3143 203.0
3144 204.0
3145 204.0
3146 203.0
3147 203.0
3148 204.0
3149 44.0
3150 203.0
3151 204.0
3152 204.0
3153 169.0
3154 204.0
3155 204.0
3156 204.0
3157 204.0
3158 204.0
3159 87.0
3160 204.0
3161 204.0
3162 508.0
3163 1.0
3164 203.0
3165 184.0
3166 478.0
3167 184.0
3168 477.0
3169 98.0
3170 235.0
3171 387.0
3172 507.0
3173 507.0
3174 333.0
3175 323.0
3176 333.0
3177 20.0
3178 180.0
3179 204.0
3180 204.0
3181 204.0
3182 0.0
3183 485.0
3184 485.0
3185 475.0
3186 485.0
3187 311.0
3188 475.0
3189 180.0
3190 180.0
3191 203.0
3192 478.0
3193 204.0
3194 481.0
3195 203.0
3196 204.0
3197 204.0
3198 204.0
3199 203.0
3200 204.0
3201 203.0
3202 204.0
3203 204.0
3204 32.0
3205 204.0
3206 203.0
3207 203.0
3208 204.0
3209 204.0
3210 87.0
3211 204.0
3212 204.0
3213 508.0
3214 1.0
3215 203.0
3216 32.0
3217 478.0
3218 184.0
3219 478.0
3220 98.0
3221 203.0
3222 203.0
3223 507.0
3224 104.0
3225 474.0
3226 507.0
3227 508.0
3228 98.0
3229 203.0
3230 204.0
3231 204.0
3232 204.0
3233 203.0
3234 485.0
3235 485.0
3236 475.0
3237 485.0
3238 485.0
3239 475.0
3240 392.0
3241 481.0
3242 204.0
3243 475.0
3244 203.0
3245 204.0
3246 204.0
3247 204.0
3248 203.0
3249 204.0
3250 204.0
3251 32.0
3252 203.0
3253 204.0
3254 204.0
3255 203.0
3256 204.0
3257 204.0
3258 204.0
3259 204.0
3260 204.0
3261 87.0
3262 204.0
3263 204.0
3264 508.0
3265 1.0
3266 399.0
3267 204.0
3268 184.0
3269 477.0
3270 184.0
3271 98.0
3272 203.0
3273 384.0
3274 477.0
3275 464.0
3276 508.0
3277 507.0
3278 507.0
3279 20.0
3280 180.0
3281 44.0
3282 204.0
3283 204.0
3284 203.0
3285 485.0
3286 485.0
3287 485.0
3288 478.0
3289 485.0
3290 478.0
3291 478.0
3292 392.0
3293 0.0
3294 478.0
3295 0.0
3296 204.0
3297 305.0
3298 203.0
3299 203.0
3300 204.0
3301 204.0
3302 38.0
3303 203.0
3304 204.0
3305 204.0
3306 203.0
3307 204.0
3308 204.0
3309 204.0
3310 204.0
3311 204.0
3312 87.0
3313 204.0
3314 204.0
3315 508.0
3316 1.0
3317 411.0
3318 203.0
3319 478.0
3320 478.0
3321 477.0
3322 98.0
3323 235.0
3324 93.0
3325 507.0
3326 407.0
3327 508.0
3328 508.0
3329 392.0
3330 0.0
3331 180.0
3332 204.0
3333 204.0
3334 204.0
3335 0.0
3336 485.0
3337 485.0
3338 485.0
3339 485.0
3340 485.0
3341 478.0
3342 478.0
3343 481.0
3344 38.0
3345 478.0
3346 204.0
3347 316.0
3348 204.0
3349 203.0
3350 203.0
3351 204.0
3352 203.0
3353 203.0
3354 203.0
3355 204.0
3356 204.0
3357 203.0
3358 204.0
3359 203.0
3360 203.0
3361 204.0
3362 204.0
3363 203.0
3364 204.0
3365 204.0
3366 508.0
3367 1.0
3368 38.0
3369 32.0
3370 478.0
3371 184.0
3372 184.0
3373 98.0
3374 483.0
3375 476.0
3376 507.0
3377 480.0
3378 473.0
3379 508.0
3380 411.0
3381 98.0
3382 203.0
3383 204.0
3384 204.0
3385 204.0
3386 204.0
3387 485.0
3388 485.0
3389 485.0
3390 485.0
3391 485.0
3392 475.0
3393 478.0
3394 203.0
3395 0.0
3396 483.0
3397 311.0
3398 316.0
3399 180.0
3400 203.0
3401 203.0
3402 204.0
3403 203.0
3404 203.0
3405 203.0
3406 204.0
3407 204.0
3408 204.0
3409 204.0
3410 203.0
3411 203.0
3412 204.0
3413 204.0
3414 203.0
3415 204.0
3416 204.0
3417 508.0
3418 203.0
3419 399.0
3420 477.0
3421 184.0
3422 478.0
3423 184.0
3424 203.0
3425 204.0
3426 402.0
3427 477.0
3428 98.0
3429 393.0
3430 508.0
3431 508.0
3432 0.0
3433 180.0
3434 204.0
3435 204.0
3436 204.0
3437 204.0
3438 485.0
3439 485.0
3440 485.0
3441 478.0
3442 485.0
3443 475.0
3444 180.0
3445 475.0
3446 204.0
3447 475.0
3448 203.0
3449 204.0
3450 204.0
3451 204.0
3452 203.0
3453 204.0
3454 204.0
3455 44.0
3456 203.0
3457 204.0
3458 204.0
3459 203.0
3460 204.0
3461 204.0
3462 204.0
3463 204.0
3464 204.0
3465 87.0
3466 204.0
3467 204.0
3468 508.0
3469 1.0
3470 399.0
3471 203.0
3472 478.0
3473 478.0
3474 184.0
3475 98.0
3476 393.0
3477 0.0
3478 477.0
3479 444.0
3480 392.0
3481 507.0
3482 508.0
3483 386.0
3484 388.0
3485 204.0
3486 204.0
3487 204.0
3488 0.0
3489 485.0
3490 485.0
3491 485.0
3492 478.0
3493 485.0
3494 485.0
3495 478.0
3496 392.0
3497 204.0
3498 478.0
3499 204.0
3500 316.0
3501 203.0
3502 203.0
3503 203.0
3504 204.0
3505 204.0
3506 38.0
3507 203.0
3508 204.0
3509 204.0
3510 203.0
3511 204.0
3512 204.0
3513 204.0
3514 204.0
3515 204.0
3516 87.0
3517 204.0
3518 204.0
3519 508.0
3520 1.0
3521 203.0
3522 184.0
3523 478.0
3524 478.0
3525 477.0
3526 98.0
3527 204.0
3528 0.0
3529 507.0
3530 98.0
3531 507.0
3532 508.0
3533 392.0
3534 180.0
3535 203.0
3536 203.0
3537 204.0
3538 204.0
3539 204.0
3540 485.0
3541 485.0
3542 485.0
3543 485.0
3544 485.0
3545 485.0
3546 478.0
3547 392.0
3548 38.0
3549 475.0
3550 180.0
3551 316.0
3552 305.0
3553 204.0
3554 203.0
3555 204.0
3556 203.0
3557 0.0
3558 203.0
3559 204.0
3560 204.0
3561 32.0
3562 204.0
3563 203.0
3564 203.0
3565 204.0
3566 204.0
3567 203.0
3568 204.0
3569 204.0
3570 508.0
3571 1.0
3572 204.0
3573 478.0
3574 184.0
3575 184.0
3576 477.0
3577 411.0
3578 411.0
3579 486.0
3580 507.0
3581 20.0
3582 507.0
3583 508.0
3584 392.0
3585 20.0
3586 507.0
3587 203.0
3588 204.0
3589 204.0
3590 203.0
3591 485.0
3592 485.0
3593 485.0
3594 485.0
3595 485.0
3596 475.0
3597 180.0
3598 180.0
3599 0.0
3600 475.0
3601 204.0
3602 204.0
3603 311.0
3604 204.0
3605 203.0
3606 204.0
3607 203.0
3608 1.0
3609 204.0
3610 204.0
3611 204.0
3612 30.0
3613 204.0
3614 203.0
3615 204.0
3616 204.0
3617 204.0
3618 203.0
3619 204.0
3620 204.0
3621 508.0
3622 203.0
3623 411.0
3624 474.0
3625 184.0
3626 477.0
3627 478.0
3628 98.0
3629 400.0
3630 471.0
3631 507.0
3632 507.0
3633 507.0
3634 507.0
3635 508.0
3636 20.0
3637 180.0
3638 204.0
3639 204.0
3640 204.0
3641 203.0
3642 485.0
3643 485.0
3644 485.0
3645 478.0
3646 485.0
3647 485.0
3648 478.0
3649 392.0
3650 204.0
3651 483.0
3652 204.0
3653 316.0
3654 203.0
3655 479.0
3656 203.0
3657 204.0
3658 204.0
3659 32.0
3660 203.0
3661 204.0
3662 204.0
3663 0.0
3664 204.0
3665 204.0
3666 204.0
3667 204.0
3668 204.0
3669 87.0
3670 204.0
3671 204.0
3672 508.0
3673 1.0
3674 38.0
3675 203.0
3676 478.0
3677 478.0
3678 184.0
3679 98.0
3680 271.0
3681 507.0
3682 477.0
3683 192.0
3684 409.0
3685 508.0
3686 508.0
3687 98.0
3688 507.0
3689 204.0
3690 204.0
3691 204.0
3692 204.0
3693 485.0
3694 485.0
3695 485.0
3696 478.0
3697 485.0
3698 485.0
3699 478.0
3700 392.0
3701 204.0
3702 478.0
3703 204.0
3704 316.0
3705 479.0
3706 311.0
3707 311.0
3708 204.0
3709 204.0
3710 203.0
3711 204.0
3712 204.0
3713 204.0
3714 203.0
3715 204.0
3716 204.0
3717 203.0
3718 204.0
3719 204.0
3720 204.0
3721 204.0
3722 204.0
3723 508.0
3724 203.0
3725 203.0
3726 184.0
3727 478.0
3728 184.0
3729 477.0
3730 204.0
3731 98.0
3732 38.0
3733 507.0
3734 484.0
3735 507.0
3736 508.0
3737 392.0
3738 20.0
3739 203.0
3740 203.0
3741 204.0
3742 204.0
3743 204.0
3744 485.0
3745 485.0
3746 485.0
3747 485.0
3748 485.0
3749 475.0
3750 478.0
3751 180.0
3752 38.0
3753 483.0
3754 204.0
3755 479.0
3756 180.0
3757 479.0
3758 290.0
3759 305.0
3760 203.0
3761 0.0
3762 203.0
3763 204.0
3764 204.0
3765 32.0
3766 204.0
3767 203.0
3768 203.0
3769 204.0
3770 204.0
3771 203.0
3772 204.0
3773 204.0
3774 508.0
3775 1.0
3776 411.0
3777 477.0
3778 478.0
3779 478.0
3780 184.0
3781 98.0
3782 245.0
3783 485.0
3784 507.0
3785 484.0
3786 508.0
3787 508.0
3788 411.0
3789 0.0
3790 180.0
3791 203.0
3792 204.0
3793 204.0
3794 204.0
3795 485.0
3796 485.0
3797 485.0
3798 485.0
3799 485.0
3800 475.0
3801 203.0
3802 392.0
3803 203.0
3804 483.0
3805 305.0
3806 316.0
3807 204.0
3808 204.0
3809 300.0
3810 300.0
3811 204.0
3812 32.0
3813 204.0
3814 204.0
3815 204.0
3816 203.0
3817 204.0
3818 204.0
3819 204.0
3820 204.0
3821 204.0
3822 0.0
3823 204.0
3824 204.0
3825 508.0
3826 1.0
3827 203.0
3828 477.0
3829 184.0
3830 478.0
3831 184.0
3832 0.0
3833 32.0
3834 409.0
3835 507.0
3836 507.0
3837 473.0
3838 508.0
3839 411.0
3840 219.0
3841 180.0
3842 203.0
3843 204.0
3844 204.0
3845 204.0
3846 485.0
3847 485.0
3848 485.0
3849 478.0
3850 485.0
3851 485.0
3852 478.0
3853 392.0
3854 305.0
3855 483.0
3856 204.0
3857 316.0
3858 204.0
3859 311.0
3860 185.0
3861 305.0
3862 305.0
3863 32.0
3864 203.0
3865 204.0
3866 204.0
3867 203.0
3868 204.0
3869 204.0
3870 204.0
3871 204.0
3872 204.0
3873 0.0
3874 204.0
3875 204.0
3876 508.0
3877 1.0
3878 203.0
3879 478.0
3880 478.0
3881 478.0
3882 478.0
3883 411.0
3884 98.0
3885 208.0
3886 507.0
3887 186.0
3888 386.0
3889 508.0
3890 411.0
3891 98.0
3892 38.0
3893 203.0
3894 204.0
3895 204.0
3896 204.0
3897 485.0
3898 480.0
3899 485.0
3900 485.0
3901 485.0
3902 485.0
3903 478.0
3904 485.0
3905 204.0
3906 483.0
3907 204.0
3908 479.0
3909 311.0
3910 311.0
3911 295.0
3912 311.0
3913 203.0
3914 203.0
3915 204.0
3916 204.0
3917 204.0
3918 32.0
3919 204.0
3920 204.0
3921 204.0
3922 204.0
3923 204.0
3924 204.0
3925 204.0
3926 204.0
3927 508.0
3928 1.0
3929 203.0
3930 478.0
3931 478.0
3932 478.0
3933 477.0
3934 218.0
3935 235.0
3936 203.0
3937 507.0
3938 192.0
3939 507.0
3940 508.0
3941 405.0
3942 98.0
3943 180.0
3944 204.0
3945 204.0
3946 204.0
3947 0.0
3948 485.0
3949 480.0
3950 485.0
3951 485.0
3952 485.0
3953 475.0
3954 180.0
3955 203.0
3956 204.0
3957 475.0
3958 204.0
3959 479.0
3960 305.0
3961 300.0
3962 295.0
3963 314.0
3964 204.0
3965 33.0
3966 204.0
3967 204.0
3968 204.0
3969 204.0
3970 204.0
3971 203.0
3972 204.0
3973 204.0
3974 204.0
3975 203.0
3976 204.0
3977 204.0
3978 508.0
3979 203.0
3980 204.0
3981 478.0
3982 184.0
3983 478.0
3984 184.0
3985 0.0
3986 224.0
3987 394.0
3988 507.0
3989 411.0
3990 473.0
3991 508.0
3992 508.0
3993 0.0
3994 180.0
3995 203.0
3996 204.0
3997 204.0
3998 204.0
3999 485.0
4000 485.0
4001 485.0
4002 478.0
4003 485.0
4004 478.0
4005 475.0
4006 180.0
4007 204.0
4008 483.0
4009 204.0
4010 316.0
4011 479.0
4012 479.0
4013 295.0
4014 203.0
4015 204.0
4016 25.0
4017 204.0
4018 204.0
4019 204.0
4020 203.0
4021 204.0
4022 204.0
4023 204.0
4024 204.0
4025 204.0
4026 0.0
4027 204.0
4028 204.0
4029 508.0
4030 1.0
4031 411.0
4032 477.0
4033 184.0
4034 478.0
4035 184.0
4036 398.0
4037 355.0
4038 484.0
4039 507.0
4040 410.0
4041 507.0
4042 508.0
4043 392.0
4044 98.0
4045 109.0
4046 203.0
4047 204.0
4048 204.0
4049 203.0
4050 485.0
4051 485.0
4052 485.0
4053 478.0
4054 485.0
4055 478.0
4056 478.0
4057 392.0
4058 38.0
4059 478.0
4060 204.0
4061 204.0
4062 204.0
4063 479.0
4064 180.0
4065 314.0
4066 203.0
4067 0.0
4068 204.0
4069 204.0
4070 204.0
4071 203.0
4072 204.0
4073 204.0
4074 204.0
4075 204.0
4076 204.0
4077 203.0
4078 204.0
4079 204.0
4080 508.0
4081 1.0
4082 203.0
4083 477.0
4084 478.0
4085 478.0
4086 477.0
4087 203.0
4088 393.0
4089 0.0
4090 477.0
4091 98.0
4092 508.0
4093 508.0
4094 392.0
4095 98.0
4096 507.0
4097 203.0
4098 204.0
4099 204.0
4100 204.0
4101 485.0
4102 485.0
4103 485.0
4104 485.0
4105 485.0
4106 478.0
4107 180.0
4108 392.0
4109 38.0
4110 475.0
4111 180.0
4112 311.0
4113 311.0
4114 479.0
4115 0.0
4116 314.0
4117 186.0
4118 32.0
4119 204.0
4120 204.0
4121 204.0
4122 169.0
4123 204.0
4124 204.0
4125 204.0
4126 204.0
4127 204.0
4128 204.0
4129 204.0
4130 204.0
4131 508.0
4132 1.0
4133 203.0
4134 478.0
4135 478.0
4136 478.0
4137 477.0
4138 203.0
4139 204.0
4140 409.0
4141 507.0
4142 98.0
4143 508.0
4144 508.0
4145 508.0
4146 0.0
4147 180.0
4148 203.0
4149 204.0
4150 204.0
4151 204.0
4152 485.0
4153 485.0
4154 485.0
4155 485.0
4156 485.0
4157 475.0
4158 392.0
4159 477.0
4160 204.0
4161 475.0
4162 204.0
4163 204.0
4164 316.0
4165 479.0
4166 295.0
4167 203.0
4168 202.0
4169 0.0
4170 204.0
4171 204.0
4172 204.0
4173 204.0
4174 204.0
4175 204.0
4176 204.0
4177 204.0
4178 204.0
4179 0.0
4180 204.0
4181 204.0
4182 508.0
4183 1.0
4184 411.0
4185 184.0
4186 478.0
4187 478.0
4188 478.0
4189 0.0
4190 169.0
4191 507.0
4192 507.0
4193 0.0
4194 508.0
4195 508.0
4196 411.0
4197 0.0
4198 507.0
4199 203.0
4200 204.0
4201 204.0
4202 204.0
4203 485.0
4204 485.0
4205 485.0
4206 478.0
4207 311.0
4208 475.0
4209 478.0
4210 203.0
4211 103.0
4212 478.0
4213 305.0
4214 479.0
4215 204.0
4216 479.0
4217 295.0
4218 314.0
4219 203.0
4220 0.0
4221 203.0
4222 204.0
4223 204.0
4224 203.0
4225 204.0
4226 204.0
4227 204.0
4228 204.0
4229 204.0
4230 203.0
4231 204.0
4232 204.0
4233 508.0
4234 1.0
4235 411.0
4236 477.0
4237 478.0
4238 478.0
4239 184.0
4240 98.0
4241 391.0
4242 208.0
4243 507.0
4244 408.0
4245 507.0
4246 508.0
4247 508.0
4248 98.0
4249 180.0
4250 203.0
4251 204.0
4252 204.0
4253 204.0
4254 485.0
4255 485.0
4256 485.0
4257 478.0
4258 311.0
4259 478.0
4260 180.0
4261 478.0
4262 204.0
4263 478.0
4264 479.0
4265 316.0
4266 204.0
4267 479.0
4268 180.0
4269 314.0
4270 180.0
4271 204.0
4272 204.0
4273 204.0
4274 204.0
4275 203.0
4276 204.0
4277 204.0
4278 204.0
4279 204.0
4280 204.0
4281 203.0
4282 204.0
4283 204.0
4284 508.0
4285 203.0
4286 203.0
4287 477.0
4288 478.0
4289 478.0
4290 477.0
4291 404.0
4292 489.0
4293 507.0
4294 507.0
4295 219.0
4296 508.0
4297 508.0
4298 392.0
4299 98.0
4300 180.0
4301 203.0
4302 204.0
4303 204.0
4304 204.0
4305 485.0
4306 485.0
4307 485.0
4308 478.0
4309 485.0
4310 478.0
4311 180.0
4312 478.0
4313 204.0
4314 483.0
4315 204.0
4316 316.0
4317 479.0
4318 479.0
4319 204.0
4320 314.0
4321 204.0
4322 203.0
4323 204.0
4324 204.0
4325 204.0
4326 203.0
4327 204.0
4328 204.0
4329 204.0
4330 204.0
4331 204.0
4332 0.0
4333 204.0
4334 204.0
4335 508.0
4336 13.0
4337 411.0
4338 184.0
4339 478.0
4340 478.0
4341 477.0
4342 98.0
4343 410.0
4344 484.0
4345 507.0
4346 104.0
4347 508.0
4348 507.0
4349 405.0
4350 0.0
4351 109.0
4352 203.0
4353 204.0
4354 204.0
4355 204.0
4356 485.0
4357 485.0
4358 485.0
4359 485.0
4360 485.0
4361 485.0
4362 478.0
4363 180.0
4364 180.0
4365 475.0
4366 204.0
4367 204.0
4368 311.0
4369 300.0
4370 295.0
4371 203.0
4372 204.0
4373 38.0
4374 204.0
4375 204.0
4376 204.0
4377 203.0
4378 204.0
4379 204.0
4380 204.0
4381 204.0
4382 204.0
4383 204.0
4384 204.0
4385 204.0
4386 508.0
4387 1.0
4388 399.0
4389 477.0
4390 478.0
4391 478.0
4392 184.0
4393 204.0
4394 204.0
4395 346.0
4396 507.0
4397 411.0
4398 508.0
4399 508.0
4400 411.0
4401 109.0
4402 311.0
4403 203.0
4404 204.0
4405 204.0
4406 0.0
4407 485.0
4408 485.0
4409 485.0
4410 485.0
4411 311.0
4412 475.0
4413 477.0
4414 180.0
4415 98.0
4416 483.0
4417 204.0
4418 316.0
4419 481.0
4420 204.0
4421 186.0
4422 203.0
4423 204.0
4424 204.0
4425 204.0
4426 204.0
4427 204.0
4428 203.0
4429 204.0
4430 204.0
4431 204.0
4432 204.0
4433 204.0
4434 203.0
4435 204.0
4436 204.0
4437 508.0
4438 203.0
4439 203.0
4440 477.0
4441 478.0
4442 478.0
4443 184.0
4444 151.0
4445 411.0
4446 507.0
4447 507.0
4448 464.0
4449 508.0
4450 508.0
4451 392.0
4452 98.0
4453 180.0
4454 203.0
4455 204.0
4456 204.0
4457 204.0
4458 485.0
4459 485.0
4460 485.0
4461 478.0
4462 311.0
4463 485.0
4464 203.0
4465 475.0
4466 203.0
4467 483.0
4468 311.0
4469 316.0
4470 481.0
4471 481.0
4472 186.0
4473 314.0
4474 311.0
4475 6.0
4476 204.0
4477 204.0
4478 204.0
4479 203.0
4480 204.0
4481 204.0
4482 204.0
4483 204.0
4484 204.0
4485 0.0
4486 204.0
4487 204.0
4488 508.0
4489 203.0
4490 30.0
4491 478.0
4492 478.0
4493 478.0
4494 477.0
4495 229.0
4496 352.0
4497 485.0
4498 507.0
4499 411.0
4500 507.0
4501 507.0
4502 411.0
4503 507.0
4504 507.0
4505 204.0
4506 204.0
4507 204.0
4508 204.0
4509 485.0
4510 485.0
4511 485.0
4512 485.0
4513 485.0
4514 485.0
4515 478.0
4516 478.0
4517 203.0
4518 483.0
4519 180.0
4520 479.0
4521 311.0
4522 411.0
4523 204.0
4524 203.0
4525 203.0
4526 204.0
4527 204.0
4528 204.0
4529 204.0
4530 203.0
4531 204.0
4532 204.0
4533 204.0
4534 204.0
4535 204.0
4536 204.0
4537 204.0
4538 204.0
4539 508.0
4540 1.0
4541 411.0
4542 478.0
4543 478.0
4544 478.0
4545 477.0
4546 38.0
4547 411.0
4548 484.0
4549 507.0
4550 98.0
4551 508.0
4552 508.0
4553 508.0
4554 142.0
4555 507.0
4556 203.0
4557 204.0
4558 204.0
4559 0.0
4560 485.0
4561 485.0
4562 485.0
4563 485.0
4564 311.0
4565 485.0
4566 478.0
4567 485.0
4568 0.0
4569 483.0
4570 180.0
4571 479.0
4572 311.0
4573 411.0
4574 311.0
4575 314.0
4576 6.0
4577 204.0
4578 204.0
4579 204.0
4580 204.0
4581 203.0
4582 204.0
4583 204.0
4584 204.0
4585 204.0
4586 204.0
4587 203.0
4588 204.0
4589 204.0
4590 508.0
4591 1.0
4592 400.0
4593 477.0
4594 478.0
4595 478.0
4596 184.0
4597 98.0
4598 489.0
4599 208.0
4600 507.0
4601 20.0
4602 508.0
4603 508.0
4604 405.0
4605 392.0
4606 507.0
4607 203.0
4608 204.0
4609 204.0
4610 204.0
4611 485.0
4612 485.0
4613 485.0
4614 478.0
4615 311.0
4616 475.0
4617 180.0
4618 477.0
4619 204.0
4620 483.0
4621 311.0
4622 316.0
4623 462.0
4624 411.0
4625 186.0
4626 314.0
4627 204.0
4628 203.0
4629 204.0
4630 204.0
4631 204.0
4632 203.0
4633 204.0
4634 204.0
4635 204.0
4636 204.0
4637 204.0
4638 0.0
4639 204.0
4640 204.0
4641 508.0
4642 1.0
4643 203.0
4644 477.0
4645 478.0
4646 478.0
4647 477.0
4648 203.0
4649 387.0
4650 484.0
4651 507.0
4652 393.0
4653 507.0
4654 507.0
4655 405.0
4656 98.0
4657 180.0
4658 203.0
4659 204.0
4660 204.0
4661 203.0
4662 485.0
4663 485.0
4664 485.0
4665 485.0
4666 485.0
4667 485.0
4668 478.0
4669 478.0
4670 203.0
4671 483.0
4672 479.0
4673 479.0
4674 470.0
4675 479.0
4676 203.0
4677 203.0
4678 305.0
4679 0.0
4680 204.0
4681 204.0
4682 204.0
4683 204.0
4684 204.0
4685 204.0
4686 204.0
4687 204.0
4688 204.0
4689 203.0
4690 204.0
4691 204.0
4692 508.0
4693 1.0
4694 203.0
4695 478.0
4696 478.0
4697 478.0
4698 477.0
4699 204.0
4700 398.0
4701 484.0
4702 507.0
4703 484.0
4704 508.0
4705 508.0
4706 508.0
4707 98.0
4708 507.0
4709 203.0
4710 204.0
4711 204.0
4712 0.0
4713 485.0
4714 485.0
4715 485.0
4716 485.0
4717 485.0
4718 485.0
4719 478.0
4720 478.0
4721 204.0
4722 483.0
4723 6.0
4724 479.0
4725 203.0
4726 481.0
4727 476.0
4728 314.0
4729 203.0
4730 204.0
4731 204.0
4732 204.0
4733 204.0
4734 203.0
4735 204.0
4736 204.0
4737 204.0
4738 204.0
4739 204.0
4740 203.0
4741 204.0
4742 204.0
4743 508.0
4744 1.0
4745 411.0
4746 478.0
4747 478.0
4748 478.0
4749 184.0
4750 203.0
4751 203.0
4752 507.0
4753 507.0
4754 104.0
4755 508.0
4756 508.0
4757 508.0
4758 0.0
4759 507.0
4760 204.0
4761 204.0
4762 204.0
4763 0.0
4764 485.0
4765 485.0
4766 485.0
4767 478.0
4768 485.0
4769 475.0
4770 174.0
4771 478.0
4772 114.0
4773 483.0
4774 180.0
4775 316.0
4776 508.0
4777 411.0
4778 335.0
4779 289.0
4780 479.0
4781 38.0
4782 204.0
4783 204.0
4784 204.0
4785 203.0
4786 204.0
4787 204.0
4788 204.0
4789 204.0
4790 204.0
4791 0.0
4792 204.0
4793 204.0
4794 508.0
4795 1.0
4796 411.0
4797 477.0
4798 478.0
4799 478.0
4800 184.0
4801 203.0
4802 357.0
4803 507.0
4804 507.0
4805 98.0
4806 507.0
4807 507.0
4808 508.0
4809 0.0
4810 507.0
4811 204.0
4812 204.0
4813 204.0
4814 204.0
4815 485.0
4816 485.0
4817 485.0
4818 478.0
4819 485.0
4820 475.0
4821 203.0
4822 478.0
4823 203.0
4824 483.0
4825 311.0
4826 470.0
4827 470.0
4828 479.0
4829 294.0
4830 300.0
4831 204.0
4832 32.0
4833 204.0
4834 204.0
4835 204.0
4836 203.0
4837 204.0
4838 204.0
4839 204.0
4840 204.0
4841 204.0
4842 203.0
4843 204.0
4844 204.0
4845 508.0
4846 1.0
4847 0.0
4848 478.0
4849 478.0
4850 478.0
4851 204.0
4852 384.0
4853 507.0
4854 485.0
4855 507.0
4856 408.0
4857 508.0
4858 508.0
4859 405.0
4860 0.0
4861 507.0
4862 175.0
4863 204.0
4864 204.0
4865 204.0
4866 485.0
4867 485.0
4868 485.0
4869 475.0
4870 311.0
4871 475.0
4872 478.0
4873 478.0
4874 180.0
4875 483.0
4876 479.0
4877 462.0
4878 311.0
4879 391.0
4880 311.0
4881 176.0
4882 203.0
4883 33.0
4884 204.0
4885 204.0
4886 204.0
4887 32.0
4888 204.0
4889 204.0
4890 204.0
4891 204.0
4892 204.0
4893 203.0
4894 204.0
4895 204.0
4896 508.0
4897 1.0
4898 204.0
4899 478.0
4900 478.0
4901 478.0
4902 184.0
4903 0.0
4904 483.0
4905 485.0
4906 507.0
4907 484.0
4908 508.0
4909 508.0
4910 508.0
4911 98.0
4912 507.0
4913 203.0
4914 204.0
4915 204.0
4916 0.0
4917 485.0
4918 485.0
4919 485.0
4920 478.0
4921 485.0
4922 485.0
4923 478.0
4924 478.0
4925 204.0
4926 483.0
4927 204.0
4928 507.0
4929 316.0
4930 481.0
4931 468.0
4932 204.0
4933 314.0
4934 33.0
4935 204.0
4936 204.0
4937 204.0
4938 32.0
4939 204.0
4940 204.0
4941 204.0
4942 204.0
4943 204.0
4944 203.0
4945 204.0
4946 204.0
4947 508.0
4948 1.0
4949 411.0
4950 477.0
4951 478.0
4952 478.0
4953 184.0
4954 245.0
4955 479.0
4956 346.0
4957 507.0
4958 0.0
4959 508.0
4960 507.0
4961 508.0
4962 0.0
4963 507.0
4964 204.0
4965 204.0
4966 204.0
4967 0.0
4968 485.0
4969 485.0
4970 485.0
4971 478.0
4972 485.0
4973 485.0
4974 478.0
4975 32.0
4976 203.0
4977 483.0
4978 311.0
4979 479.0
4980 470.0
4981 306.0
4982 468.0
4983 203.0
4984 204.0
4985 32.0
4986 204.0
4987 204.0
4988 204.0
4989 32.0
4990 204.0
4991 204.0
4992 204.0
4993 204.0
4994 204.0
4995 0.0
4996 204.0
4997 204.0
4998 508.0
4999 1.0
5000 411.0
5001 478.0
5002 478.0
5003 478.0
5004 477.0
5005 203.0
5006 354.0
5007 507.0
5008 507.0
5009 464.0
5010 508.0
5011 507.0
5012 405.0
5013 180.0
5014 507.0
5015 204.0
5016 204.0
5017 204.0
5018 204.0
5019 485.0
5020 485.0
5021 485.0
5022 475.0
5023 305.0
5024 475.0
5025 180.0
5026 392.0
5027 204.0
5028 483.0
5029 204.0
5030 462.0
5031 470.0
5032 478.0
5033 316.0
5034 199.0
5035 204.0
5036 33.0
5037 204.0
5038 204.0
5039 204.0
5040 0.0
5041 204.0
5042 204.0
5043 204.0
5044 204.0
5045 204.0
5046 203.0
5047 204.0
5048 204.0
5049 508.0
5050 1.0
5051 203.0
5052 478.0
5053 478.0
5054 478.0
5055 477.0
5056 98.0
5057 347.0
5058 485.0
5059 507.0
5060 393.0
5061 508.0
5062 508.0
5063 508.0
5064 98.0
5065 507.0
5066 203.0
5067 204.0
5068 204.0
5069 204.0
5070 485.0
5071 485.0
5072 485.0
5073 475.0
5074 411.0
5075 475.0
5076 478.0
5077 392.0
5078 204.0
5079 483.0
5080 479.0
5081 508.0
5082 203.0
5083 306.0
5084 204.0
5085 294.0
5086 305.0
5087 204.0
5088 204.0
5089 204.0
5090 204.0
5091 32.0
5092 204.0
5093 204.0
5094 204.0
5095 204.0
5096 204.0
5097 203.0
5098 204.0
5099 204.0
5100 508.0
