1 104.0
2 109.0
3 103.0
4 203.0
5 104.0
6 204.0
7 203.0
8 0.0
9 104.0
10 0.0
11 104.0
12 104.0
13 109.0
14 104.0
15 87.0
16 104.0
17 109.0
18 26.0
19 0.0
20 19.0
21 104.0
22 204.0
23 104.0
24 0.0
25 109.0
26 0.0
27 98.0
28 109.0
29 109.0
30 104.0
31 98.0
32 103.0
33 104.0
34 32.0
35 25.0
36 0.0
37 204.0
38 0.0
39 0.0
40 0.0
41 104.0
42 109.0
43 109.0
44 204.0
45 32.0
46 203.0
47 0.0
48 104.0
49 104.0
50 32.0
51 204.0
52 109.0
53 109.0
54 33.0
55 0.0
56 109.0
57 104.0
58 109.0
59 204.0
60 98.0
61 0.0
62 38.0
63 30.0
64 109.0
65 104.0
66 204.0
67 104.0
68 109.0
69 104.0
70 109.0
71 204.0
72 38.0
73 204.0
74 30.0
75 33.0
76 109.0
77 32.0
78 203.0
79 204.0
80 109.0
81 109.0
82 0.0
83 104.0
84 33.0
85 25.0
86 109.0
87 175.0
88 204.0
89 32.0
90 204.0
91 204.0
92 109.0
93 204.0
94 203.0
95 203.0
96 0.0
97 204.0
98 103.0
99 204.0
100 33.0
101 104.0
102 204.0
103 203.0
104 203.0
105 32.0
106 203.0
107 38.0
108 104.0
109 169.0
110 204.0
111 204.0
112 32.0
113 104.0
114 98.0
115 103.0
116 0.0
117 1.0
118 109.0
119 109.0
120 38.0
121 32.0
122 204.0
123 17.0
124 0.0
125 203.0
126 0.0
127 203.0
128 32.0
129 204.0
130 33.0
131 109.0
132 109.0
133 38.0
134 104.0
135 33.0
136 109.0
137 109.0
138 25.0
139 203.0
140 203.0
141 204.0
142 0.0
143 109.0
144 203.0
145 203.0
146 1.0
147 0.0
148 0.0
149 0.0
150 30.0
151 33.0
152 33.0
153 204.0
154 203.0
155 38.0
156 103.0
157 32.0
158 109.0
159 0.0
160 0.0
161 109.0
162 0.0
163 103.0
164 204.0
165 0.0
166 0.0
167 104.0
168 204.0
169 33.0
170 92.0
171 32.0
172 32.0
173 203.0
174 104.0
175 32.0
176 0.0
177 203.0
178 0.0
179 32.0
180 203.0
181 104.0
182 0.0
183 204.0
184 0.0
185 104.0
186 204.0
187 203.0
188 25.0
189 0.0
190 203.0
191 204.0
192 33.0
193 0.0
194 203.0
195 203.0
196 32.0
197 0.0
198 109.0
199 0.0
200 0.0
201 104.0
202 104.0
203 104.0
204 204.0
205 204.0
206 204.0
207 103.0
208 204.0
209 32.0
210 204.0
211 109.0
212 109.0
213 32.0
214 0.0
215 0.0
216 204.0
217 109.0
218 32.0
219 109.0
220 109.0
221 92.0
222 203.0
223 0.0
224 0.0
225 203.0
226 32.0
227 32.0
228 0.0
229 109.0
230 32.0
231 203.0
232 204.0
233 0.0
234 109.0
235 0.0
236 32.0
237 203.0
238 29.0
239 104.0
240 25.0
241 25.0
242 203.0
243 203.0
244 0.0
245 158.0
246 203.0
247 109.0
248 204.0
249 109.0
250 0.0
251 0.0
252 1.0
253 109.0
254 38.0
255 204.0
256 204.0
257 109.0
258 203.0
259 0.0
260 38.0
261 104.0
262 203.0
263 204.0
264 30.0
265 204.0
266 204.0
267 33.0
268 109.0
269 104.0
270 109.0
271 109.0
272 109.0
273 204.0
274 109.0
275 204.0
276 204.0
277 0.0
278 98.0
279 0.0
280 109.0
281 32.0
282 204.0
283 204.0
284 0.0
285 204.0
286 98.0
287 33.0
288 30.0
289 29.0
290 109.0
291 0.0
292 203.0
293 203.0
294 204.0
295 109.0
296 0.0
297 203.0
298 204.0
299 204.0
300 109.0
301 204.0
302 0.0
303 204.0
304 204.0
305 38.0
306 204.0
307 204.0
308 109.0
309 224.0
310 0.0
311 104.0
312 1.0
313 169.0
314 204.0
315 0.0
316 0.0
317 0.0
318 32.0
319 0.0
320 104.0
321 204.0
322 38.0
323 109.0
324 204.0
325 32.0
326 203.0
327 204.0
328 0.0
329 203.0
330 0.0
331 104.0
332 32.0
333 203.0
334 104.0
335 32.0
336 109.0
337 0.0
338 104.0
339 104.0
340 25.0
341 25.0
342 164.0
343 204.0
344 204.0
345 33.0
346 0.0
347 109.0
348 203.0
349 204.0
350 0.0
351 33.0
352 0.0
353 0.0
354 104.0
355 0.0
356 0.0
357 224.0
358 252.0
359 104.0
360 251.0
361 6.0
362 38.0
363 240.0
364 175.0
365 252.0
366 203.0
367 234.0
368 240.0
369 220.0
370 235.0
371 32.0
372 214.0
373 109.0
374 25.0
375 38.0
376 203.0
377 225.0
378 225.0
379 180.0
380 104.0
381 203.0
382 32.0
383 204.0
384 252.0
385 204.0
386 225.0
387 252.0
388 104.0
389 194.0
390 6.0
391 158.0
392 75.0
393 25.0
394 203.0
395 240.0
396 203.0
397 240.0
398 225.0
399 203.0
400 109.0
401 203.0
402 33.0
403 32.0
404 204.0
405 240.0
406 251.0
407 32.0
408 252.0
409 251.0
410 32.0
411 252.0
412 0.0
413 33.0
414 240.0
415 251.0
416 240.0
417 240.0
418 203.0
419 32.0
420 225.0
421 252.0
422 109.0
423 180.0
424 109.0
425 251.0
426 38.0
427 240.0
428 240.0
429 225.0
430 204.0
431 104.0
432 33.0
433 240.0
434 203.0
435 225.0
436 38.0
437 225.0
438 252.0
439 109.0
440 109.0
441 252.0
442 0.0
443 208.0
444 0.0
445 6.0
446 251.0
447 0.0
448 230.0
449 109.0
450 44.0
451 38.0
452 188.0
453 251.0
454 109.0
455 32.0
456 251.0
457 109.0
458 109.0
459 252.0
460 103.0
461 109.0
462 251.0
463 33.0
464 38.0
465 240.0
466 33.0
467 208.0
468 251.0
469 109.0
470 109.0
471 109.0
472 104.0
473 109.0
474 240.0
475 103.0
476 109.0
477 38.0
478 234.0
479 109.0
480 203.0
481 0.0
482 104.0
483 180.0
484 252.0
485 104.0
486 240.0
487 208.0
488 225.0
489 251.0
490 251.0
491 252.0
492 252.0
493 180.0
494 208.0
495 38.0
496 104.0
497 251.0
498 0.0
499 109.0
500 109.0
501 33.0
502 38.0
503 104.0
504 98.0
505 6.0
506 0.0
507 109.0
508 38.0
509 252.0
510 252.0
511 103.0
512 240.0
513 252.0
514 6.0
515 32.0
516 252.0
517 109.0
518 240.0
519 33.0
520 38.0
521 203.0
522 240.0
523 109.0
524 251.0
525 225.0
526 109.0
527 109.0
528 240.0
529 208.0
530 246.0
531 203.0
532 109.0
533 0.0
534 32.0
535 109.0
536 33.0
537 196.0
538 240.0
539 225.0
540 32.0
541 252.0
542 263.0
543 33.0
544 180.0
545 240.0
546 33.0
547 203.0
548 251.0
549 99.0
550 240.0
551 109.0
552 33.0
553 109.0
554 103.0
555 33.0
556 6.0
557 0.0
558 240.0
559 203.0
560 252.0
561 263.0
562 229.0
563 251.0
564 32.0
565 198.0
566 6.0
567 180.0
568 30.0
569 208.0
570 32.0
571 203.0
572 203.0
573 33.0
574 104.0
575 32.0
576 32.0
577 120.0
578 6.0
579 241.0
580 240.0
581 251.0
582 104.0
583 120.0
584 33.0
585 0.0
586 109.0
587 204.0
588 98.0
589 32.0
590 103.0
591 180.0
592 208.0
593 33.0
594 0.0
595 203.0
596 252.0
597 114.0
598 203.0
599 240.0
600 229.0
601 32.0
602 235.0
603 251.0
604 103.0
605 38.0
606 225.0
607 104.0
608 180.0
609 33.0
610 204.0
611 104.0
612 263.0
613 251.0
614 164.0
615 32.0
616 103.0
617 98.0
618 203.0
619 32.0
620 234.0
621 191.0
622 179.0
623 252.0
624 180.0
625 109.0
626 120.0
627 225.0
628 109.0
629 109.0
630 233.0
631 234.0
632 32.0
633 33.0
634 251.0
635 109.0
636 32.0
637 251.0
638 204.0
639 252.0
640 103.0
641 198.0
642 252.0
643 109.0
644 252.0
645 240.0
646 0.0
647 32.0
648 0.0
649 198.0
650 251.0
651 229.0
652 38.0
653 0.0
654 236.0
655 33.0
656 32.0
657 6.0
658 0.0
659 32.0
660 252.0
661 32.0
662 251.0
663 263.0
664 103.0
665 180.0
666 251.0
667 204.0
668 109.0
669 251.0
670 33.0
671 251.0
672 104.0
673 109.0
674 164.0
675 225.0
676 104.0
677 251.0
678 240.0
679 32.0
680 109.0
681 240.0
682 0.0
683 33.0
684 208.0
685 251.0
686 104.0
687 194.0
688 252.0
689 32.0
690 103.0
691 252.0
692 38.0
693 32.0
694 203.0
695 251.0
696 37.0
697 1.0
698 208.0
699 0.0
700 198.0
701 252.0
702 32.0
703 198.0
704 109.0
705 0.0
706 32.0
707 32.0
708 27.0
709 251.0
710 0.0
711 208.0
712 203.0
713 252.0
714 263.0
715 251.0
716 240.0
717 198.0
718 109.0
719 38.0
720 180.0
721 180.0
722 208.0
723 103.0
724 236.0
725 109.0
726 247.0
727 33.0
728 32.0
729 251.0
730 109.0
731 0.0
732 208.0
733 180.0
734 251.0
735 114.0
736 251.0
737 109.0
738 109.0
739 32.0
740 25.0
741 103.0
742 223.0
743 38.0
744 203.0
745 198.0
746 103.0
747 37.0
748 180.0
749 240.0
750 0.0
751 204.0
752 208.0
753 180.0
754 103.0
755 194.0
756 204.0
757 203.0
758 104.0
759 104.0
760 232.0
761 0.0
762 198.0
763 92.0
764 38.0
765 263.0
766 38.0
767 109.0
768 208.0
769 198.0
770 32.0
771 251.0
772 49.0
773 198.0
774 109.0
775 163.0
776 234.0
777 209.0
778 33.0
779 109.0
780 203.0
781 120.0
782 0.0
783 208.0
784 229.0
785 251.0
786 33.0
787 32.0
788 204.0
789 33.0
790 109.0
791 204.0
792 104.0
793 103.0
794 114.0
795 252.0
796 109.0
797 103.0
798 0.0
799 180.0
800 240.0
801 0.0
802 204.0
803 180.0
804 0.0
805 109.0
806 235.0
807 208.0
808 203.0
809 33.0
810 114.0
811 103.0
812 32.0
813 32.0
814 93.0
815 103.0
816 263.0
817 203.0
818 25.0
819 109.0
820 33.0
821 103.0
822 251.0
823 32.0
824 109.0
825 109.0
826 236.0
827 251.0
828 225.0
829 104.0
830 109.0
831 252.0
832 120.0
833 180.0
834 241.0
835 33.0
836 32.0
837 203.0
838 251.0
839 204.0
840 180.0
841 109.0
842 32.0
843 104.0
844 240.0
845 225.0
846 104.0
847 251.0
848 252.0
849 30.0
850 38.0
851 114.0
852 0.0
853 32.0
854 251.0
855 225.0
856 38.0
857 0.0
858 122.0
859 32.0
860 204.0
861 109.0
862 104.0
863 32.0
864 32.0
865 32.0
866 252.0
867 263.0
868 263.0
869 38.0
870 191.0
871 263.0
872 103.0
873 203.0
874 208.0
875 109.0
876 251.0
877 203.0
878 198.0
879 225.0
880 33.0
881 32.0
882 0.0
883 198.0
884 109.0
885 240.0
886 208.0
887 208.0
888 104.0
889 251.0
890 263.0
891 202.0
892 109.0
893 25.0
894 104.0
895 252.0
896 38.0
897 109.0
898 103.0
899 109.0
900 30.0
901 114.0
902 240.0
903 33.0
904 25.0
905 203.0
906 104.0
907 33.0
908 33.0
909 231.0
910 98.0
911 208.0
912 104.0
913 109.0
914 204.0
915 103.0
916 203.0
917 251.0
918 263.0
919 223.0
920 38.0
921 252.0
922 229.0
923 6.0
924 109.0
925 33.0
926 208.0
927 109.0
928 208.0
929 252.0
930 33.0
931 104.0
932 1.0
933 208.0
934 169.0
935 38.0
936 32.0
937 240.0
938 251.0
939 9.0
940 251.0
941 252.0
942 32.0
943 208.0
944 204.0
945 104.0
946 198.0
947 109.0
948 109.0
949 251.0
950 251.0
951 0.0
952 232.0
953 225.0
954 203.0
955 6.0
956 32.0
957 229.0
958 38.0
959 203.0
960 32.0
961 98.0
962 98.0
963 109.0
964 109.0
965 0.0
966 103.0
967 204.0
968 0.0
969 263.0
970 263.0
971 30.0
972 109.0
973 229.0
974 6.0
975 109.0
976 174.0
977 208.0
978 251.0
979 236.0
980 229.0
981 33.0
982 104.0
983 114.0
984 203.0
985 120.0
986 213.0
987 241.0
988 229.0
989 251.0
990 38.0
991 169.0
992 109.0
993 209.0
994 252.0
995 204.0
996 104.0
997 263.0
998 240.0
999 103.0
1000 251.0
1001 103.0
1002 6.0
1003 229.0
1004 229.0
1005 0.0
1006 203.0
1007 263.0
1008 229.0
1009 251.0
1010 235.0
1011 143.0
1012 38.0
1013 204.0
1014 109.0
1015 104.0
1016 55.0
1017 32.0
1018 33.0
1019 104.0
1020 263.0
1021 198.0
1022 38.0
1023 252.0
1024 33.0
1025 32.0
1026 194.0
1027 174.0
1028 109.0
1029 109.0
1030 208.0
1031 203.0
1032 240.0
1033 180.0
1034 120.0
1035 213.0
1036 169.0
1037 109.0
1038 241.0
1039 225.0
1040 38.0
1041 38.0
1042 0.0
1043 204.0
1044 202.0
1045 252.0
1046 38.0
1047 104.0
1048 180.0
1049 225.0
1050 33.0
1051 109.0
1052 109.0
1053 30.0
1054 114.0
1055 25.0
1056 104.0
1057 109.0
1058 251.0
1059 203.0
1060 164.0
1061 0.0
1062 198.0
1063 32.0
1064 208.0
1065 104.0
1066 104.0
1067 32.0
1068 32.0
1069 38.0
1070 252.0
1071 263.0
1072 223.0
1073 38.0
1074 252.0
1075 180.0
1076 109.0
1077 198.0
1078 203.0
1079 251.0
1080 114.0
1081 208.0
1082 109.0
1083 225.0
1084 252.0
1085 98.0
1086 0.0
1087 185.0
1088 252.0
1089 32.0
1090 0.0
1091 251.0
1092 7.0
1093 251.0
1094 96.0
1095 33.0
1096 0.0
1097 0.0
1098 33.0
1099 208.0
1100 103.0
1101 33.0
1102 109.0
1103 109.0
1104 0.0
1105 104.0
1106 38.0
1107 30.0
1108 109.0
1109 198.0
1110 232.0
1111 208.0
1112 1.0
1113 204.0
1114 32.0
1115 98.0
1116 104.0
1117 109.0
1118 0.0
1119 32.0
1120 32.0
1121 252.0
1122 263.0
1123 263.0
1124 33.0
1125 252.0
1126 229.0
1127 6.0
1128 109.0
1129 104.0
1130 0.0
1131 180.0
1132 38.0
1133 252.0
1134 240.0
1135 252.0
1136 203.0
1137 202.0
1138 120.0
1139 103.0
1140 240.0
1141 208.0
1142 235.0
1143 251.0
1144 251.0
1145 204.0
1146 32.0
1147 252.0
1148 33.0
1149 114.0
1150 32.0
1151 32.0
1152 103.0
1153 251.0
1154 198.0
1155 0.0
1156 232.0
1157 240.0
1158 33.0
1159 104.0
1160 32.0
1161 32.0
1162 202.0
1163 6.0
1164 251.0
1165 33.0
1166 33.0
1167 114.0
1168 109.0
1169 208.0
1170 103.0
1171 204.0
1172 103.0
1173 263.0
1174 263.0
1175 0.0
1176 208.0
1177 229.0
1178 103.0
1179 208.0
1180 98.0
1181 109.0
1182 104.0
1183 180.0
1184 252.0
1185 220.0
1186 0.0
1187 109.0
1188 240.0
1189 38.0
1190 109.0
1191 316.0
1192 240.0
1193 251.0
1194 38.0
1195 33.0
1196 204.0
1197 202.0
1198 252.0
1199 252.0
1200 104.0
1201 223.0
1202 38.0
1203 251.0
1204 180.0
1205 109.0
1206 30.0
1207 231.0
1208 208.0
1209 0.0
1210 104.0
1211 180.0
1212 229.0
1213 208.0
1214 6.0
1215 251.0
1216 32.0
1217 252.0
1218 252.0
1219 109.0
1220 32.0
1221 32.0
1222 109.0
1223 103.0
1224 316.0
1225 231.0
1226 180.0
1227 231.0
1228 229.0
1229 32.0
1230 230.0
1231 38.0
1232 38.0
1233 104.0
1234 316.0
1235 251.0
1236 231.0
1237 231.0
1238 75.0
1239 236.0
1240 169.0
1241 225.0
1242 241.0
1243 231.0
1244 241.0
1245 6.0
1246 94.0
1247 252.0
1248 225.0
1249 203.0
1250 6.0
1251 98.0
1252 241.0
1253 38.0
1254 33.0
1255 174.0
1256 104.0
1257 0.0
1258 33.0
1259 94.0
1260 30.0
1261 225.0
1262 229.0
1263 229.0
1264 225.0
1265 204.0
1266 225.0
1267 315.0
1268 242.0
1269 231.0
1270 109.0
1271 0.0
1272 32.0
1273 225.0
1274 104.0
1275 316.0
1276 208.0
1277 1.0
1278 231.0
1279 38.0
1280 32.0
1281 104.0
1282 33.0
1283 225.0
1284 251.0
1285 241.0
1286 231.0
1287 231.0
1288 104.0
1289 33.0
1290 229.0
1291 191.0
1292 251.0
1293 241.0
1294 94.0
1295 220.0
1296 251.0
1297 180.0
1298 252.0
1299 241.0
1300 109.0
1301 1.0
1302 104.0
1303 251.0
1304 98.0
1305 33.0
1306 32.0
1307 6.0
1308 32.0
1309 231.0
1310 235.0
1311 38.0
1312 241.0
1313 1.0
1314 0.0
1315 38.0
1316 38.0
1317 235.0
1318 103.0
1319 0.0
1320 251.0
1321 109.0
1322 0.0
1323 38.0
1324 236.0
1325 104.0
1326 316.0
1327 32.0
1328 0.0
1329 109.0
1330 229.0
1331 38.0
1332 225.0
1333 32.0
1334 191.0
1335 32.0
1336 169.0
1337 25.0
1338 209.0
1339 103.0
1340 229.0
1341 0.0
1342 181.0
1343 198.0
1344 316.0
1345 32.0
1346 251.0
1347 246.0
1348 251.0
1349 204.0
1350 38.0
1351 109.0
1352 38.0
1353 104.0
1354 32.0
1355 38.0
1356 103.0
1357 0.0
1358 104.0
1359 30.0
1360 32.0
1361 229.0
1362 33.0
1363 241.0
1364 33.0
1365 33.0
1366 240.0
1367 38.0
1368 33.0
1369 32.0
1370 251.0
1371 33.0
1372 109.0
1373 33.0
1374 103.0
1375 231.0
1376 208.0
1377 316.0
1378 180.0
1379 109.0
1380 104.0
1381 109.0
1382 32.0
1383 199.0
1384 0.0
1385 231.0
1386 1.0
1387 218.0
1388 251.0
1389 0.0
1390 252.0
1391 245.0
1392 252.0
1393 169.0
1394 187.0
1395 225.0
1396 240.0
1397 251.0
1398 231.0
1399 0.0
1400 203.0
1401 251.0
1402 191.0
1403 251.0
1404 225.0
1405 32.0
1406 38.0
1407 104.0
1408 225.0
1409 231.0
1410 252.0
1411 109.0
1412 240.0
1413 25.0
1414 225.0
1415 231.0
1416 191.0
1417 241.0
1418 98.0
1419 203.0
1420 103.0
1421 242.0
1422 104.0
1423 204.0
1424 0.0
1425 252.0
1426 104.0
1427 252.0
1428 316.0
1429 240.0
1430 38.0
1431 232.0
1432 38.0
1433 33.0
1434 104.0
1435 38.0
1436 38.0
1437 225.0
1438 241.0
1439 242.0
1440 231.0
1441 231.0
1442 1.0
1443 225.0
1444 109.0
1445 109.0
1446 241.0
1447 225.0
1448 251.0
1449 38.0
1450 180.0
1451 203.0
1452 231.0
1453 109.0
1454 1.0
1455 104.0
1456 1.0
1457 38.0
1458 33.0
1459 198.0
1460 109.0
1461 32.0
1462 32.0
1463 229.0
1464 0.0
1465 225.0
1466 240.0
1467 229.0
1468 241.0
1469 0.0
1470 251.0
1471 251.0
1472 242.0
1473 104.0
1474 98.0
1475 0.0
1476 103.0
1477 236.0
1478 231.0
1479 316.0
1480 225.0
1481 241.0
1482 240.0
1483 38.0
1484 103.0
1485 230.0
1486 241.0
1487 203.0
1488 109.0
1489 1.0
1490 231.0
1491 241.0
1492 229.0
1493 196.0
1494 180.0
1495 169.0
1496 109.0
1497 316.0
1498 229.0
1499 220.0
1500 225.0
1501 180.0
1502 208.0
1503 38.0
1504 104.0
1505 38.0
1506 104.0
1507 94.0
1508 104.0
1509 232.0
1510 203.0
1511 32.0
1512 37.0
1513 32.0
1514 0.0
1515 33.0
1516 188.0
1517 0.0
1518 0.0
1519 38.0
1520 38.0
1521 229.0
1522 32.0
1523 0.0
1524 109.0
1525 251.0
1526 0.0
1527 32.0
1528 236.0
1529 169.0
1530 316.0
1531 94.0
1532 0.0
1533 38.0
1534 229.0
1535 109.0
1536 6.0
1537 169.0
1538 240.0
1539 240.0
1540 241.0
1541 252.0
1542 220.0
1543 104.0
1544 251.0
1545 240.0
1546 158.0
1547 252.0
1548 225.0
1549 209.0
1550 220.0
1551 225.0
1552 251.0
1553 252.0
1554 241.0
1555 0.0
1556 49.0
1557 104.0
1558 25.0
1559 231.0
1560 109.0
1561 104.0
1562 251.0
1563 232.0
1564 232.0
1565 225.0
1566 33.0
1567 203.0
1568 229.0
1569 0.0
1570 180.0
1571 235.0
1572 205.0
1573 103.0
1574 38.0
1575 104.0
1576 232.0
1577 104.0
1578 33.0
1579 225.0
1580 252.0
1581 316.0
1582 225.0
1583 38.0
1584 240.0
1585 232.0
1586 32.0
1587 104.0
1588 32.0
1589 38.0
1590 231.0
1591 218.0
1592 252.0
1593 6.0
1594 231.0
1595 225.0
1596 225.0
1597 185.0
1598 252.0
1599 241.0
1600 33.0
1601 203.0
1602 109.0
1603 169.0
1604 204.0
1605 231.0
1606 241.0
1607 109.0
1608 104.0
1609 198.0
1610 38.0
1611 114.0
1612 104.0
1613 231.0
1614 220.0
1615 98.0
1616 231.0
1617 33.0
1618 33.0
1619 252.0
1620 177.0
1621 236.0
1622 104.0
1623 225.0
1624 32.0
1625 242.0
1626 104.0
1627 104.0
1628 0.0
1629 103.0
1630 225.0
1631 225.0
1632 316.0
1633 263.0
1634 1.0
1635 231.0
1636 32.0
1637 38.0
1638 109.0
1639 251.0
1640 236.0
1641 240.0
1642 109.0
1643 251.0
1644 231.0
1645 229.0
1646 1.0
1647 235.0
1648 191.0
1649 240.0
1650 316.0
1651 240.0
1652 235.0
1653 251.0
1654 180.0
1655 204.0
1656 0.0
1657 104.0
1658 0.0
1659 104.0
1660 241.0
1661 38.0
1662 33.0
1663 0.0
1664 0.0
1665 98.0
1666 103.0
1667 229.0
1668 0.0
1669 33.0
1670 242.0
1671 252.0
1672 49.0
1673 252.0
1674 229.0
1675 32.0
1676 229.0
1677 229.0
1678 104.0
1679 0.0
1680 32.0
1681 247.0
1682 38.0
1683 316.0
1684 263.0
1685 0.0
1686 109.0
1687 247.0
1688 38.0
1689 6.0
1690 203.0
1691 38.0
1692 240.0
1693 1.0
1694 225.0
1695 187.0
1696 104.0
1697 75.0
1698 229.0
1699 158.0
1700 229.0
1701 316.0
1702 229.0
1703 220.0
1704 225.0
1705 251.0
1706 109.0
1707 33.0
1708 236.0
1709 49.0
1710 104.0
1711 94.0
1712 98.0
1713 252.0
1714 0.0
1715 231.0
1716 241.0
1717 232.0
1718 158.0
1719 0.0
1720 32.0
1721 198.0
1722 252.0
1723 180.0
1724 251.0
1725 238.0
1726 103.0
1727 251.0
1728 103.0
1729 234.0
1730 104.0
1731 32.0
1732 236.0
1733 32.0
1734 316.0
1735 241.0
1736 0.0
1737 104.0
1738 232.0
1739 103.0
1740 203.0
1741 229.0
1742 38.0
1743 236.0
1744 316.0
1745 252.0
1746 0.0
1747 104.0
1748 251.0
1749 1.0
1750 38.0
1751 225.0
1752 241.0
1753 33.0
1754 164.0
1755 225.0
1756 169.0
1757 204.0
1758 231.0
1759 109.0
1760 109.0
1761 231.0
1762 180.0
1763 33.0
1764 120.0
1765 75.0
1766 191.0
1767 6.0
1768 232.0
1769 229.0
1770 33.0
1771 241.0
1772 198.0
1773 203.0
1774 241.0
1775 225.0
1776 251.0
1777 32.0
1778 229.0
1779 231.0
1780 234.0
1781 0.0
1782 32.0
1783 231.0
1784 33.0
1785 316.0
1786 208.0
1787 174.0
1788 231.0
1789 38.0
1790 33.0
1791 225.0
1792 32.0
1793 242.0
1794 109.0
1795 180.0
1796 252.0
1797 241.0
1798 6.0
1799 1.0
1800 241.0
1801 120.0
1802 109.0
1803 241.0
1804 98.0
1805 104.0
1806 251.0
1807 0.0
1808 203.0
1809 229.0
1810 104.0
1811 6.0
1812 104.0
1813 229.0
1814 33.0
1815 120.0
1816 33.0
1817 32.0
1818 316.0
1819 109.0
1820 33.0
1821 0.0
1822 104.0
1823 1.0
1824 203.0
1825 241.0
1826 241.0
1827 38.0
1828 32.0
1829 236.0
1830 104.0
1831 93.0
1832 0.0
1833 32.0
1834 109.0
1835 32.0
1836 316.0
1837 33.0
1838 174.0
1839 6.0
1840 203.0
1841 103.0
1842 104.0
1843 93.0
1844 240.0
1845 222.0
1846 1.0
1847 203.0
1848 220.0
1849 252.0
1850 1.0
1851 229.0
1852 225.0
1853 229.0
1854 240.0
1855 98.0
1856 220.0
1857 251.0
1858 180.0
1859 252.0
1860 33.0
1861 0.0
1862 231.0
1863 225.0
1864 209.0
1865 245.0
1866 251.0
1867 32.0
1868 231.0
1869 104.0
1870 204.0
1871 32.0
1872 33.0
1873 225.0
1874 1.0
1875 88.0
1876 240.0
1877 38.0
1878 229.0
1879 103.0
1880 225.0
1881 109.0
1882 33.0
1883 104.0
1884 229.0
1885 236.0
1886 109.0
1887 316.0
1888 236.0
1889 32.0
1890 109.0
1891 229.0
1892 32.0
1893 225.0
1894 203.0
1895 32.0
1896 241.0
1897 1.0
1898 251.0
1899 33.0
1900 104.0
1901 240.0
1902 196.0
1903 32.0
1904 225.0
1905 316.0
1906 109.0
1907 247.0
1908 187.0
1909 180.0
1910 0.0
1911 236.0
1912 38.0
1913 33.0
1914 104.0
1915 198.0
1916 32.0
1917 33.0
1918 203.0
1919 33.0
1920 241.0
1921 38.0
1922 229.0
1923 33.0
1924 203.0
1925 0.0
1926 191.0
1927 180.0
1928 246.0
1929 233.0
1930 0.0
1931 231.0
1932 0.0
1933 1.0
1934 104.0
1935 32.0
1936 236.0
1937 32.0
1938 316.0
1939 32.0
1940 174.0
1941 231.0
1942 229.0
1943 225.0
1944 0.0
1945 225.0
1946 242.0
1947 251.0
1948 33.0
1949 0.0
1950 241.0
1951 0.0
1952 229.0
1953 236.0
1954 208.0
1955 109.0
1956 241.0
1957 109.0
1958 109.0
1959 120.0
1960 158.0
1961 203.0
1962 229.0
1963 104.0
1964 33.0
1965 240.0
1966 241.0
1967 38.0
1968 120.0
1969 33.0
1970 240.0
1971 240.0
1972 33.0
1973 33.0
1974 0.0
1975 202.0
1976 229.0
1977 177.0
1978 241.0
1979 93.0
1980 316.0
1981 32.0
1982 231.0
1983 6.0
1984 33.0
1985 0.0
1986 32.0
1987 38.0
1988 32.0
1989 316.0
1990 198.0
1991 174.0
1992 231.0
1993 38.0
1994 231.0
1995 109.0
1996 241.0
1997 12.0
1998 252.0
1999 174.0
2000 37.0
2001 225.0
2002 260.0
2003 252.0
2004 233.0
2005 120.0
2006 251.0
2007 240.0
2008 114.0
2009 220.0
2010 241.0
2011 169.0
2012 251.0
2013 229.0
2014 0.0
2015 227.0
2016 104.0
2017 33.0
2018 33.0
2019 33.0
2020 104.0
2021 103.0
2022 235.0
2023 231.0
2024 0.0
2025 0.0
2026 229.0
2027 236.0
2028 203.0
2029 225.0
2030 38.0
2031 181.0
2032 103.0
2033 25.0
2034 38.0
2035 33.0
2036 0.0
2037 32.0
2038 231.0
2039 109.0
2040 316.0
2041 225.0
2042 32.0
2043 32.0
2044 38.0
2045 225.0
2046 241.0
2047 5.0
2048 0.0
2049 229.0
2050 1.0
2051 225.0
2052 214.0
2053 252.0
2054 1.0
2055 202.0
2056 316.0
2057 225.0
2058 225.0
2059 114.0
2060 220.0
2061 109.0
2062 180.0
2063 0.0
2064 225.0
2065 32.0
2066 6.0
2067 104.0
2068 198.0
2069 109.0
2070 38.0
2071 109.0
2072 225.0
2073 316.0
2074 32.0
2075 240.0
2076 33.0
2077 244.0
2078 38.0
2079 252.0
2080 240.0
2081 38.0
2082 238.0
2083 32.0
2084 229.0
2085 109.0
2086 232.0
2087 33.0
2088 32.0
2089 236.0
2090 32.0
2091 316.0
2092 241.0
2093 109.0
2094 180.0
2095 225.0
2096 235.0
2097 236.0
2098 203.0
2099 242.0
2100 109.0
2101 0.0
2102 32.0
2103 231.0
2104 6.0
2105 316.0
2106 202.0
2107 192.0
2108 230.0
2109 241.0
2110 38.0
2111 0.0
2112 109.0
2113 169.0
2114 204.0
2115 241.0
2116 104.0
2117 33.0
2118 104.0
2119 236.0
2120 98.0
2121 120.0
2122 203.0
2123 104.0
2124 241.0
2125 208.0
2126 33.0
2127 33.0
2128 225.0
2129 241.0
2130 88.0
2131 241.0
2132 98.0
2133 238.0
2134 32.0
2135 1.0
2136 225.0
2137 1.0
2138 33.0
2139 32.0
2140 109.0
2141 252.0
2142 316.0
2143 241.0
2144 104.0
2145 231.0
2146 25.0
2147 225.0
2148 230.0
2149 225.0
2150 242.0
2151 109.0
2152 158.0
2153 242.0
2154 32.0
2155 6.0
2156 225.0
2157 236.0
2158 109.0
2159 109.0
2160 240.0
2161 38.0
2162 220.0
2163 225.0
2164 169.0
2165 231.0
2166 241.0
2167 109.0
2168 0.0
2169 6.0
2170 38.0
2171 245.0
2172 0.0
2173 104.0
2174 251.0
2175 235.0
2176 225.0
2177 33.0
2178 0.0
2179 316.0
2180 1.0
2181 0.0
2182 180.0
2183 104.0
2184 231.0
2185 103.0
2186 38.0
2187 6.0
2188 6.0
2189 0.0
2190 32.0
2191 225.0
2192 109.0
2193 316.0
2194 33.0
2195 0.0
2196 236.0
2197 104.0
2198 238.0
2199 109.0
2200 38.0
2201 175.0
2202 240.0
2203 1.0
2204 38.0
2205 209.0
2206 104.0
2207 1.0
2208 33.0
2209 109.0
2210 109.0
2211 229.0
2212 114.0
2213 220.0
2214 235.0
2215 169.0
2216 231.0
2217 225.0
2218 103.0
2219 0.0
2220 104.0
2221 241.0
2222 38.0
2223 0.0
2224 104.0
2225 98.0
2226 235.0
2227 25.0
2228 229.0
2229 33.0
2230 231.0
2231 33.0
2232 252.0
2233 109.0
2234 38.0
2235 233.0
2236 103.0
2237 251.0
2238 242.0
2239 1.0
2240 33.0
2241 104.0
2242 225.0
2243 32.0
2244 316.0
2245 225.0
2246 32.0
2247 38.0
2248 229.0
2249 225.0
2250 236.0
2251 93.0
2252 38.0
2253 229.0
2254 1.0
2255 32.0
2256 231.0
2257 251.0
2258 316.0
2259 109.0
2260 192.0
2261 240.0
2262 241.0
2263 109.0
2264 32.0
2265 225.0
2266 203.0
2267 240.0
2268 231.0
2269 109.0
2270 0.0
2271 225.0
2272 236.0
2273 98.0
2274 120.0
2275 225.0
2276 231.0
2277 241.0
2278 225.0
2279 252.0
2280 33.0
2281 244.0
2282 33.0
2283 252.0
2284 240.0
2285 252.0
2286 238.0
2287 231.0
2288 226.0
2289 109.0
2290 6.0
2291 104.0
2292 231.0
2293 104.0
2294 32.0
2295 316.0
2296 241.0
2297 38.0
2298 25.0
2299 240.0
2300 225.0
2301 180.0
2302 0.0
2303 242.0
2304 229.0
2305 32.0
2306 242.0
2307 231.0
2308 6.0
2309 229.0
2310 229.0
2311 251.0
2312 241.0
2313 240.0
2314 109.0
2315 220.0
2316 109.0
2317 0.0
2318 204.0
2319 38.0
2320 104.0
2321 32.0
2322 104.0
2323 32.0
2324 189.0
2325 252.0
2326 203.0
2327 240.0
2328 225.0
2329 231.0
2330 33.0
2331 104.0
2332 225.0
2333 1.0
2334 191.0
2335 241.0
2336 93.0
2337 241.0
2338 32.0
2339 242.0
2340 1.0
2341 6.0
2342 0.0
2343 225.0
2344 33.0
2345 109.0
2346 316.0
2347 198.0
2348 174.0
2349 1.0
2350 263.0
2351 225.0
2352 229.0
2353 225.0
2354 187.0
2355 229.0
2356 1.0
2357 38.0
2358 0.0
2359 6.0
2360 229.0
2361 241.0
2362 252.0
2363 260.0
2364 229.0
2365 120.0
2366 220.0
2367 109.0
2368 180.0
2369 94.0
2370 231.0
2371 104.0
2372 6.0
2373 240.0
2374 240.0
2375 245.0
2376 0.0
2377 104.0
2378 33.0
2379 235.0
2380 225.0
2381 33.0
2382 0.0
2383 225.0
2384 1.0
2385 33.0
2386 180.0
2387 38.0
2388 241.0
2389 103.0
2390 0.0
2391 94.0
2392 0.0
2393 33.0
2394 109.0
2395 225.0
2396 98.0
2397 316.0
2398 203.0
2399 1.0
2400 241.0
2401 203.0
2402 225.0
2403 241.0
2404 241.0
2405 32.0
2406 251.0
2407 25.0
2408 32.0
2409 209.0
2410 6.0
2411 237.0
2412 229.0
2413 230.0
2414 225.0
2415 236.0
2416 109.0
2417 208.0
2418 225.0
2419 180.0
2420 225.0
2421 231.0
2422 104.0
2423 0.0
2424 103.0
2425 241.0
2426 38.0
2427 187.0
2428 203.0
2429 244.0
2430 316.0
2431 225.0
2432 0.0
2433 32.0
2434 222.0
2435 38.0
2436 252.0
2437 240.0
2438 33.0
2439 233.0
2440 32.0
2441 0.0
2442 180.0
2443 1.0
2444 32.0
2445 231.0
2446 231.0
2447 32.0
2448 316.0
2449 229.0
2450 0.0
2451 0.0
2452 241.0
2453 225.0
2454 49.0
2455 252.0
2456 38.0
2457 241.0
2458 225.0
2459 6.0
2460 231.0
2461 225.0
2462 1.0
2463 229.0
2464 235.0
2465 225.0
2466 225.0
2467 38.0
2468 32.0
2469 225.0
2470 0.0
2471 231.0
2472 32.0
2473 109.0
2474 0.0
2475 33.0
2476 240.0
2477 33.0
2478 120.0
2479 180.0
2480 231.0
2481 316.0
2482 231.0
2483 236.0
2484 33.0
2485 316.0
2486 104.0
2487 88.0
2488 251.0
2489 93.0
2490 225.0
2491 251.0
2492 203.0
2493 236.0
2494 38.0
2495 30.0
2496 225.0
2497 104.0
2498 98.0
2499 316.0
2500 236.0
2501 240.0
2502 1.0
2503 240.0
2504 316.0
2505 236.0
2506 143.0
2507 241.0
2508 229.0
2509 33.0
2510 252.0
2511 225.0
2512 225.0
2513 229.0
2514 40.0
2515 225.0
2516 260.0
2517 240.0
2518 120.0
2519 220.0
2520 225.0
2521 242.0
2522 202.0
2523 231.0
2524 241.0
2525 33.0
2526 109.0
2527 32.0
2528 33.0
2529 38.0
2530 109.0
2531 109.0
2532 235.0
2533 231.0
2534 33.0
2535 32.0
2536 225.0
2537 1.0
2538 191.0
2539 241.0
2540 38.0
2541 233.0
2542 204.0
2543 220.0
2544 198.0
2545 0.0
2546 104.0
2547 109.0
2548 104.0
2549 32.0
2550 316.0
2551 263.0
2552 174.0
2553 1.0
2554 236.0
2555 225.0
2556 229.0
2557 93.0
2558 241.0
2559 38.0
2560 316.0
2561 6.0
2562 235.0
2563 260.0
2564 94.0
2565 229.0
2566 187.0
2567 235.0
2568 241.0
2569 114.0
2570 220.0
2571 225.0
2572 180.0
2573 198.0
2574 225.0
2575 104.0
2576 32.0
2577 236.0
2578 236.0
2579 38.0
2580 252.0
2581 33.0
2582 38.0
2583 316.0
2584 231.0
2585 229.0
2586 0.0
2587 251.0
2588 1.0
2589 260.0
2590 240.0
2591 230.0
2592 236.0
2593 33.0
2594 32.0
2595 240.0
2596 232.0
2597 33.0
2598 109.0
2599 33.0
2600 32.0
2601 316.0
2602 263.0
2603 1.0
2604 109.0
2605 229.0
2606 225.0
2607 198.0
2608 93.0
2609 49.0
2610 38.0
2611 218.0
2612 231.0
2613 225.0
2614 6.0
2615 251.0
2616 241.0
2617 316.0
2618 225.0
2619 316.0
2620 109.0
2621 241.0
2622 225.0
2623 169.0
2624 32.0
2625 231.0
2626 252.0
2627 0.0
2628 38.0
2629 241.0
2630 245.0
2631 120.0
2632 229.0
2633 203.0
2634 240.0
2635 232.0
2636 109.0
2637 104.0
2638 225.0
2639 104.0
2640 33.0
2641 240.0
2642 104.0
2643 316.0
2644 32.0
2645 251.0
2646 316.0
2647 1.0
2648 180.0
2649 232.0
2650 32.0
2651 109.0
2652 316.0
2653 241.0
2654 0.0
2655 0.0
2656 32.0
2657 225.0
2658 236.0
2659 232.0
2660 49.0
2661 241.0
2662 225.0
2663 252.0
2664 225.0
2665 230.0
2666 225.0
2667 241.0
2668 225.0
2669 225.0
2670 240.0
2671 38.0
2672 241.0
2673 225.0
2674 0.0
2675 241.0
2676 38.0
2677 203.0
2678 32.0
2679 229.0
2680 203.0
2681 251.0
2682 120.0
2683 251.0
2684 231.0
2685 241.0
2686 251.0
2687 33.0
2688 33.0
2689 231.0
2690 1.0
2691 229.0
2692 240.0
2693 251.0
2694 233.0
2695 204.0
2696 220.0
2697 1.0
2698 43.0
2699 0.0
2700 231.0
2701 104.0
2702 109.0
2703 316.0
2704 236.0
2705 1.0
2706 241.0
2707 241.0
2708 225.0
2709 240.0
2710 132.0
2711 242.0
2712 229.0
2713 1.0
2714 6.0
2715 225.0
2716 225.0
2717 229.0
2718 38.0
2719 225.0
2720 260.0
2721 240.0
2722 120.0
2723 251.0
2724 251.0
2725 180.0
2726 208.0
2727 260.0
2728 241.0
2729 38.0
2730 236.0
2731 32.0
2732 98.0
2733 33.0
2734 241.0
2735 231.0
2736 316.0
2737 241.0
2738 229.0
2739 33.0
2740 316.0
2741 1.0
2742 229.0
2743 225.0
2744 241.0
2745 233.0
2746 103.0
2747 242.0
2748 316.0
2749 25.0
2750 104.0
2751 208.0
2752 38.0
2753 109.0
2754 316.0
2755 32.0
2756 104.0
2757 1.0
2758 241.0
2759 225.0
2760 251.0
2761 132.0
2762 25.0
2763 251.0
2764 316.0
2765 38.0
2766 225.0
2767 260.0
2768 251.0
2769 0.0
2770 316.0
2771 235.0
2772 229.0
2773 38.0
2774 220.0
2775 251.0
2776 180.0
2777 198.0
2778 225.0
2779 252.0
2780 109.0
2781 236.0
2782 229.0
2783 225.0
2784 38.0
2785 1.0
2786 109.0
2787 251.0
2788 225.0
2789 240.0
2790 0.0
2791 251.0
2792 104.0
2793 229.0
2794 229.0
2795 251.0
2796 181.0
2797 32.0
2798 0.0
2799 229.0
2800 104.0
2801 104.0
2802 38.0
2803 231.0
2804 32.0
2805 316.0
2806 32.0
2807 0.0
2808 33.0
2809 38.0
2810 225.0
2811 252.0
2812 132.0
2813 180.0
2814 240.0
2815 229.0
2816 32.0
2817 225.0
2818 251.0
2819 225.0
2820 316.0
2821 181.0
2822 229.0
2823 241.0
2824 109.0
2825 208.0
2826 33.0
2827 1.0
2828 241.0
2829 38.0
2830 252.0
2831 252.0
2832 38.0
2833 203.0
2834 225.0
2835 120.0
2836 180.0
2837 231.0
2838 240.0
2839 225.0
2840 225.0
2841 30.0
2842 231.0
2843 1.0
2844 33.0
2845 251.0
2846 252.0
2847 233.0
2848 103.0
2849 0.0
2850 229.0
2851 1.0
2852 0.0
2853 225.0
2854 158.0
2855 32.0
2856 316.0
2857 32.0
2858 32.0
2859 1.0
2860 33.0
2861 225.0
2862 241.0
2863 93.0
2864 242.0
2865 1.0
2866 229.0
2867 225.0
2868 225.0
2869 226.0
2870 225.0
2871 33.0
2872 225.0
2873 225.0
2874 241.0
2875 109.0
2876 252.0
2877 33.0
2878 264.0
2879 198.0
2880 225.0
2881 1.0
2882 231.0
2883 236.0
2884 198.0
2885 316.0
2886 33.0
2887 241.0
2888 251.0
2889 225.0
2890 225.0
2891 240.0
2892 33.0
2893 225.0
2894 1.0
2895 203.0
2896 240.0
2897 241.0
2898 238.0
2899 103.0
2900 203.0
2901 241.0
2902 32.0
2903 203.0
2904 232.0
2905 158.0
2906 6.0
2907 316.0
2908 236.0
2909 104.0
2910 225.0
2911 236.0
2912 251.0
2913 251.0
2914 132.0
2915 114.0
2916 109.0
2917 241.0
2918 6.0
2919 225.0
2920 229.0
2921 316.0
2922 202.0
2923 235.0
2924 242.0
2925 240.0
2926 120.0
2927 225.0
2928 230.0
2929 180.0
2930 38.0
2931 225.0
2932 231.0
2933 6.0
2934 236.0
2935 263.0
2936 174.0
2937 0.0
2938 1.0
2939 114.0
2940 316.0
2941 316.0
2942 229.0
2943 0.0
2944 244.0
2945 104.0
2946 191.0
2947 251.0
2948 252.0
2949 316.0
2950 32.0
2951 203.0
2952 229.0
2953 104.0
2954 0.0
2955 208.0
2956 231.0
2957 98.0
2958 316.0
2959 203.0
2960 32.0
2961 38.0
2962 236.0
2963 225.0
2964 240.0
2965 152.0
2966 236.0
2967 251.0
2968 225.0
2969 242.0
2970 187.0
2971 260.0
2972 94.0
2973 229.0
2974 316.0
2975 229.0
2976 241.0
2977 109.0
2978 230.0
2979 120.0
2980 1.0
2981 241.0
2982 225.0
2983 252.0
2984 38.0
2985 236.0
2986 241.0
2987 225.0
2988 252.0
2989 251.0
2990 104.0
2991 251.0
2992 225.0
2993 240.0
2994 0.0
2995 231.0
2996 38.0
2997 33.0
2998 241.0
2999 252.0
3000 225.0
3001 316.0
3002 98.0
3003 241.0
3004 0.0
3005 227.0
3006 252.0
3007 230.0
3008 32.0
3009 316.0
3010 263.0
3011 229.0
3012 109.0
3013 38.0
3014 225.0
3015 251.0
3016 153.0
3017 241.0
3018 1.0
3019 225.0
3020 32.0
3021 38.0
3022 241.0
3023 225.0
3024 33.0
3025 260.0
3026 229.0
3027 241.0
3028 38.0
3029 241.0
3030 120.0
3031 2.0
3032 316.0
3033 225.0
3034 109.0
3035 33.0
3036 208.0
3037 316.0
3038 316.0
3039 120.0
3040 32.0
3041 38.0
3042 225.0
3043 38.0
3044 252.0
3045 33.0
3046 316.0
3047 1.0
3048 203.0
3049 109.0
3050 241.0
3051 316.0
3052 204.0
3053 109.0
3054 316.0
3055 104.0
3056 208.0
3057 252.0
3058 109.0
3059 32.0
3060 316.0
3061 236.0
3062 104.0
3063 1.0
3064 38.0
3065 225.0
3066 229.0
3067 132.0
3068 25.0
3069 33.0
3070 236.0
3071 231.0
3072 33.0
3073 229.0
3074 225.0
3075 316.0
3076 235.0
3077 242.0
3078 241.0
3079 98.0
3080 246.0
3081 33.0
3082 169.0
3083 225.0
3084 251.0
3085 109.0
3086 33.0
3087 251.0
3088 240.0
3089 230.0
3090 120.0
3091 1.0
3092 231.0
3093 233.0
3094 251.0
3095 241.0
3096 19.0
3097 222.0
3098 1.0
3099 191.0
3100 180.0
3101 251.0
3102 238.0
3103 32.0
3104 109.0
3105 225.0
3106 104.0
3107 231.0
3108 225.0
3109 30.0
3110 98.0
3111 316.0
3112 260.0
3113 32.0
3114 1.0
3115 236.0
3116 225.0
3117 240.0
3118 236.0
3119 225.0
3120 49.0
3121 260.0
3122 38.0
3123 202.0
3124 260.0
3125 260.0
3126 229.0
3127 235.0
3128 6.0
3129 240.0
3130 114.0
3131 225.0
3132 33.0
3133 169.0
3134 241.0
3135 225.0
3136 251.0
3137 6.0
3138 1.0
3139 236.0
3140 230.0
3141 0.0
3142 1.0
3143 241.0
3144 316.0
3145 231.0
3146 240.0
3147 204.0
3148 231.0
3149 104.0
3150 191.0
3151 236.0
3152 225.0
3153 316.0
3154 32.0
3155 98.0
3156 241.0
3157 32.0
3158 0.0
3159 229.0
3160 230.0
3161 109.0
3162 316.0
3163 32.0
3164 104.0
3165 0.0
3166 109.0
3167 251.0
3168 240.0
3169 214.0
3170 241.0
3171 1.0
3172 223.0
3173 229.0
3174 38.0
3175 251.0
3176 260.0
3177 241.0
3178 187.0
3179 235.0
3180 225.0
3181 38.0
3182 241.0
3183 32.0
3184 1.0
3185 241.0
3186 225.0
3187 109.0
3188 109.0
3189 208.0
3190 241.0
3191 225.0
3192 252.0
3193 109.0
3194 32.0
3195 251.0
3196 251.0
3197 229.0
3198 33.0
3199 225.0
3200 33.0
3201 33.0
3202 242.0
3203 241.0
3204 316.0
3205 32.0
3206 38.0
3207 241.0
3208 32.0
3209 208.0
3210 251.0
3211 38.0
3212 32.0
3213 316.0
3214 198.0
3215 0.0
3216 109.0
3217 109.0
3218 238.0
3219 229.0
3220 174.0
3221 38.0
3222 203.0
3223 241.0
3224 32.0
3225 38.0
3226 229.0
3227 260.0
3228 33.0
3229 235.0
3230 316.0
3231 241.0
3232 38.0
3233 225.0
3234 33.0
3235 1.0
3236 225.0
3237 251.0
3238 252.0
3239 229.0
3240 38.0
3241 229.0
3242 316.0
3243 120.0
3244 32.0
3245 33.0
3246 316.0
3247 316.0
3248 240.0
3249 0.0
3250 251.0
3251 1.0
3252 203.0
3253 240.0
3254 38.0
3255 238.0
3256 204.0
3257 109.0
3258 316.0
3259 231.0
3260 225.0
3261 252.0
3262 158.0
3263 252.0
3264 316.0
3265 240.0
3266 0.0
3267 1.0
3268 38.0
3269 316.0
3270 180.0
3271 6.0
3272 241.0
3273 38.0
3274 260.0
3275 252.0
3276 181.0
3277 316.0
3278 229.0
3279 241.0
3280 225.0
3281 229.0
3282 225.0
3283 114.0
3284 225.0
3285 33.0
3286 204.0
3287 316.0
3288 225.0
3289 109.0
3290 1.0
3291 236.0
3292 225.0
3293 251.0
3294 120.0
3295 1.0
3296 241.0
3297 225.0
3298 229.0
3299 252.0
3300 0.0
3301 251.0
3302 94.0
3303 252.0
3304 49.0
3305 230.0
3306 260.0
3307 33.0
3308 25.0
3309 225.0
3310 32.0
3311 225.0
3312 0.0
3313 231.0
3314 109.0
3315 316.0
3316 241.0
3317 251.0
3318 1.0
3319 241.0
3320 251.0
3321 252.0
3322 154.0
3323 240.0
3324 32.0
3325 94.0
3326 6.0
3327 33.0
3328 260.0
3329 229.0
3330 229.0
3331 316.0
3332 229.0
3333 240.0
3334 38.0
3335 241.0
3336 33.0
3337 203.0
3338 241.0
3339 316.0
3340 104.0
3341 229.0
3342 208.0
3343 241.0
3344 316.0
3345 33.0
3346 1.0
3347 38.0
3348 252.0
3349 225.0
3350 229.0
3351 0.0
3352 231.0
3353 38.0
3354 177.0
3355 1.0
3356 33.0
3357 225.0
3358 32.0
3359 32.0
3360 260.0
3361 25.0
3362 94.0
3363 232.0
3364 231.0
3365 252.0
3366 316.0
3367 234.0
3368 33.0
3369 0.0
3370 191.0
3371 238.0
3372 241.0
3373 152.0
3374 252.0
3375 191.0
3376 225.0
3377 38.0
3378 220.0
3379 229.0
3380 225.0
3381 316.0
3382 235.0
3383 260.0
3384 241.0
3385 38.0
3386 225.0
3387 33.0
3388 25.0
3389 225.0
3390 260.0
3391 38.0
3392 109.0
3393 38.0
3394 241.0
3395 251.0
3396 33.0
3397 25.0
3398 104.0
3399 251.0
3400 225.0
3401 240.0
3402 158.0
3403 244.0
3404 1.0
3405 229.0
3406 240.0
3407 38.0
3408 238.0
3409 231.0
3410 0.0
3411 236.0
3412 231.0
3413 0.0
3414 252.0
3415 104.0
3416 33.0
3417 316.0
3418 198.0
3419 25.0
3420 241.0
3421 38.0
3422 235.0
3423 109.0
3424 203.0
3425 241.0
3426 38.0
3427 241.0
3428 231.0
3429 6.0
3430 260.0
3431 241.0
3432 236.0
3433 235.0
3434 229.0
3435 236.0
3436 38.0
3437 225.0
3438 33.0
3439 32.0
3440 241.0
3441 225.0
3442 252.0
3443 236.0
3444 236.0
3445 240.0
3446 222.0
3447 120.0
3448 0.0
3449 241.0
3450 231.0
3451 316.0
3452 316.0
3453 0.0
3454 244.0
3455 1.0
3456 252.0
3457 25.0
3458 38.0
3459 238.0
3460 33.0
3461 203.0
3462 316.0
3463 32.0
3464 94.0
3465 229.0
3466 33.0
3467 109.0
3468 316.0
3469 236.0
3470 251.0
3471 1.0
3472 241.0
3473 251.0
3474 180.0
3475 252.0
3476 38.0
3477 38.0
3478 240.0
3479 252.0
3480 6.0
3481 260.0
3482 229.0
3483 229.0
3484 316.0
3485 242.0
3486 32.0
3487 114.0
3488 252.0
3489 0.0
3490 6.0
3491 316.0
3492 225.0
3493 109.0
3494 240.0
3495 203.0
3496 316.0
3497 316.0
3498 120.0
3499 33.0
3500 231.0
3501 225.0
3502 225.0
3503 241.0
3504 29.0
3505 231.0
3506 33.0
3507 177.0
3508 1.0
3509 252.0
3510 238.0
3511 225.0
3512 104.0
3513 225.0
3514 6.0
3515 231.0
3516 38.0
3517 104.0
3518 33.0
3519 316.0
3520 241.0
3521 1.0
3522 0.0
3523 208.0
3524 225.0
3525 240.0
3526 199.0
3527 240.0
3528 1.0
3529 225.0
3530 38.0
3531 230.0
3532 229.0
3533 229.0
3534 229.0
3535 316.0
3536 260.0
3537 236.0
3538 38.0
3539 241.0
3540 0.0
3541 169.0
3542 316.0
3543 38.0
3544 6.0
3545 109.0
3546 38.0
3547 236.0
3548 316.0
3549 120.0
3550 180.0
3551 208.0
3552 233.0
3553 222.0
3554 225.0
3555 33.0
3556 316.0
3557 33.0
3558 191.0
3559 104.0
3560 104.0
3561 229.0
3562 32.0
3563 38.0
3564 316.0
3565 6.0
3566 33.0
3567 38.0
3568 109.0
3569 32.0
3570 316.0
3571 33.0
3572 25.0
3573 1.0
3574 38.0
3575 260.0
3576 240.0
3577 158.0
3578 316.0
3579 109.0
3580 241.0
3581 260.0
3582 230.0
3583 225.0
3584 236.0
3585 236.0
3586 235.0
3587 229.0
3588 236.0
3589 38.0
3590 225.0
3591 0.0
3592 0.0
3593 316.0
3594 225.0
3595 252.0
3596 1.0
3597 241.0
3598 229.0
3599 316.0
3600 0.0
3601 0.0
3602 38.0
3603 251.0
3604 247.0
3605 225.0
3606 0.0
3607 244.0
3608 1.0
3609 252.0
3610 1.0
3611 38.0
3612 238.0
3613 231.0
3614 220.0
3615 316.0
3616 104.0
3617 94.0
3618 32.0
3619 231.0
3620 252.0
3621 316.0
3622 236.0
3623 229.0
3624 1.0
3625 225.0
3626 316.0
3627 316.0
3628 6.0
3629 241.0
3630 38.0
3631 240.0
3632 231.0
3633 251.0
3634 260.0
3635 229.0
3636 316.0
3637 316.0
3638 260.0
3639 263.0
3640 114.0
3641 252.0
3642 33.0
3643 0.0
3644 241.0
3645 225.0
3646 252.0
3647 251.0
3648 236.0
3649 240.0
3650 222.0
3651 120.0
3652 1.0
3653 236.0
3654 316.0
3655 225.0
3656 225.0
3657 28.0
3658 231.0
3659 1.0
3660 191.0
3661 1.0
3662 241.0
3663 238.0
3664 33.0
3665 242.0
3666 225.0
3667 32.0
3668 202.0
3669 252.0
3670 231.0
3671 109.0
3672 316.0
3673 94.0
3674 1.0
3675 38.0
3676 191.0
3677 251.0
3678 236.0
3679 203.0
3680 241.0
3681 236.0
3682 316.0
3683 6.0
3684 225.0
3685 229.0
3686 229.0
3687 229.0
3688 316.0
3689 229.0
3690 316.0
3691 114.0
3692 230.0
3693 0.0
3694 221.0
3695 316.0
3696 225.0
3697 109.0
3698 251.0
3699 6.0
3700 241.0
3701 316.0
3702 120.0
3703 1.0
3704 236.0
3705 252.0
3706 225.0
3707 241.0
3708 33.0
3709 231.0
3710 38.0
3711 177.0
3712 38.0
3713 204.0
3714 225.0
3715 240.0
3716 38.0
3717 316.0
3718 235.0
3719 231.0
3720 33.0
3721 104.0
3722 109.0
3723 316.0
3724 234.0
3725 229.0
3726 252.0
3727 225.0
3728 316.0
3729 240.0
3730 152.0
3731 240.0
3732 241.0
3733 241.0
3734 260.0
3735 316.0
3736 229.0
3737 316.0
3738 316.0
3739 260.0
3740 229.0
3741 236.0
3742 109.0
3743 316.0
3744 0.0
3745 32.0
3746 316.0
3747 225.0
3748 32.0
3749 229.0
3750 203.0
3751 241.0
3752 316.0
3753 120.0
3754 0.0
3755 109.0
3756 316.0
3757 6.0
3758 225.0
3759 33.0
3760 188.0
3761 104.0
3762 229.0
3763 1.0
3764 220.0
3765 225.0
3766 32.0
3767 260.0
3768 260.0
3769 104.0
3770 0.0
3771 25.0
3772 231.0
3773 32.0
3774 316.0
3775 316.0
3776 109.0
3777 236.0
3778 225.0
3779 260.0
3780 240.0
3781 252.0
3782 241.0
3783 38.0
3784 94.0
3785 231.0
3786 187.0
3787 260.0
3788 1.0
3789 241.0
3790 316.0
3791 260.0
3792 240.0
3793 109.0
3794 251.0
3795 0.0
3796 0.0
3797 316.0
3798 225.0
3799 252.0
3800 234.0
3801 236.0
3802 241.0
3803 316.0
3804 203.0
3805 25.0
3806 104.0
3807 252.0
3808 251.0
3809 225.0
3810 104.0
3811 225.0
3812 1.0
3813 252.0
3814 236.0
3815 220.0
3816 238.0
3817 251.0
3818 220.0
3819 260.0
3820 104.0
3821 208.0
3822 32.0
3823 33.0
3824 32.0
3825 316.0
3826 241.0
3827 251.0
3828 231.0
3829 263.0
3830 316.0
3831 241.0
3832 225.0
3833 229.0
3834 38.0
3835 241.0
3836 225.0
3837 225.0
3838 260.0
3839 225.0
3840 229.0
3841 316.0
3842 260.0
3843 252.0
3844 109.0
3845 316.0
3846 33.0
3847 0.0
3848 316.0
3849 225.0
3850 109.0
3851 236.0
3852 240.0
3853 225.0
3854 222.0
3855 38.0
3856 225.0
3857 174.0
3858 252.0
3859 225.0
3860 316.0
3861 30.0
3862 231.0
3863 236.0
3864 33.0
3865 38.0
3866 104.0
3867 316.0
3868 251.0
3869 0.0
3870 229.0
3871 104.0
3872 94.0
3873 32.0
3874 231.0
3875 98.0
3876 316.0
3877 241.0
3878 316.0
3879 169.0
3880 94.0
3881 316.0
3882 241.0
3883 155.0
3884 252.0
3885 38.0
3886 260.0
3887 6.0
3888 225.0
3889 229.0
3890 229.0
3891 241.0
3892 316.0
3893 229.0
3894 236.0
3895 98.0
3896 230.0
3897 0.0
3898 32.0
3899 316.0
3900 225.0
3901 252.0
3902 252.0
3903 6.0
3904 241.0
3905 222.0
3906 120.0
3907 30.0
3908 174.0
3909 316.0
3910 225.0
3911 316.0
3912 241.0
3913 316.0
3914 38.0
3915 33.0
3916 1.0
3917 251.0
3918 225.0
3919 316.0
3920 252.0
3921 225.0
3922 0.0
3923 0.0
3924 32.0
3925 104.0
3926 99.0
3927 316.0
3928 240.0
3929 316.0
3930 240.0
3931 240.0
3932 316.0
3933 240.0
3934 104.0
3935 233.0
3936 240.0
3937 316.0
3938 231.0
3939 316.0
3940 260.0
3941 316.0
3942 241.0
3943 316.0
3944 229.0
3945 229.0
3946 109.0
3947 316.0
3948 0.0
3949 169.0
3950 316.0
3951 225.0
3952 0.0
3953 241.0
3954 240.0
3955 236.0
3956 316.0
3957 188.0
3958 0.0
3959 241.0
3960 316.0
3961 109.0
3962 225.0
3963 33.0
3964 225.0
3965 241.0
3966 191.0
3967 242.0
3968 251.0
3969 238.0
3970 231.0
3971 242.0
3972 241.0
3973 6.0
3974 0.0
3975 33.0
3976 109.0
3977 32.0
3978 316.0
3979 240.0
3980 316.0
3981 236.0
3982 208.0
3983 316.0
3984 109.0
3985 174.0
3986 225.0
3987 229.0
3988 225.0
3989 229.0
3990 187.0
3991 260.0
3992 251.0
3993 229.0
3994 316.0
3995 242.0
3996 240.0
3997 114.0
3998 251.0
3999 0.0
4000 251.0
4001 241.0
4002 316.0
4003 109.0
4004 203.0
4005 236.0
4006 94.0
4007 225.0
4008 38.0
4009 33.0
4010 174.0
4011 316.0
4012 230.0
4013 316.0
4014 0.0
4015 231.0
4016 222.0
4017 0.0
4018 38.0
4019 252.0
4020 316.0
4021 225.0
4022 220.0
4023 229.0
4024 98.0
4025 94.0
4026 32.0
4027 230.0
4028 98.0
4029 316.0
4030 236.0
4031 229.0
4032 109.0
4033 241.0
4034 251.0
4035 236.0
4036 93.0
4037 225.0
4038 1.0
4039 316.0
4040 6.0
4041 316.0
4042 225.0
4043 260.0
4044 241.0
4045 316.0
4046 235.0
4047 240.0
4048 109.0
4049 251.0
4050 0.0
4051 1.0
4052 316.0
4053 38.0
4054 0.0
4055 231.0
4056 6.0
4057 240.0
4058 251.0
4059 120.0
4060 33.0
4061 241.0
4062 316.0
4063 225.0
4064 316.0
4065 28.0
4066 231.0
4067 180.0
4068 229.0
4069 49.0
4070 33.0
4071 225.0
4072 252.0
4073 38.0
4074 225.0
4075 252.0
4076 231.0
4077 32.0
4078 104.0
4079 109.0
4080 316.0
4081 236.0
4082 316.0
4083 180.0
4084 32.0
4085 316.0
4086 236.0
4087 225.0
4088 181.0
4089 240.0
4090 316.0
4091 231.0
4092 316.0
4093 229.0
4094 229.0
4095 236.0
4096 316.0
4097 251.0
4098 236.0
4099 114.0
4100 230.0
4101 33.0
4102 180.0
4103 316.0
4104 225.0
4105 0.0
4106 203.0
4107 241.0
4108 241.0
4109 225.0
4110 0.0
4111 0.0
4112 241.0
4113 316.0
4114 203.0
4115 225.0
4116 33.0
4117 225.0
4118 94.0
4119 191.0
4120 1.0
4121 251.0
4122 225.0
4123 33.0
4124 229.0
4125 241.0
4126 32.0
4127 231.0
4128 32.0
4129 231.0
4130 32.0
4131 316.0
4132 241.0
4133 316.0
4134 231.0
4135 33.0
4136 238.0
4137 240.0
4138 38.0
4139 316.0
4140 251.0
4141 225.0
4142 225.0
4143 316.0
4144 260.0
4145 260.0
4146 229.0
4147 316.0
4148 229.0
4149 236.0
4150 114.0
4151 316.0
4152 33.0
4153 32.0
4154 236.0
4155 38.0
4156 252.0
4157 231.0
4158 236.0
4159 203.0
4160 222.0
4161 120.0
4162 1.0
4163 208.0
4164 316.0
4165 0.0
4166 316.0
4167 33.0
4168 225.0
4169 316.0
4170 0.0
4171 1.0
4172 252.0
4173 260.0
4174 32.0
4175 220.0
4176 316.0
4177 225.0
4178 241.0
4179 33.0
4180 225.0
4181 252.0
4182 316.0
4183 240.0
4184 251.0
4185 236.0
4186 241.0
4187 238.0
4188 229.0
4189 252.0
4190 229.0
4191 240.0
4192 316.0
4193 6.0
4194 316.0
4195 260.0
4196 260.0
4197 229.0
4198 316.0
4199 260.0
4200 38.0
4201 109.0
4202 316.0
4203 0.0
4204 242.0
4205 225.0
4206 32.0
4207 109.0
4208 231.0
4209 38.0
4210 225.0
4211 222.0
4212 120.0
4213 225.0
4214 38.0
4215 252.0
4216 225.0
4217 316.0
4218 32.0
4219 104.0
4220 241.0
4221 32.0
4222 0.0
4223 252.0
4224 316.0
4225 33.0
4226 38.0
4227 229.0
4228 104.0
4229 94.0
4230 33.0
4231 104.0
4232 109.0
4233 316.0
4234 241.0
4235 316.0
4236 241.0
4237 241.0
4238 225.0
4239 241.0
4240 236.0
4241 252.0
4242 1.0
4243 240.0
4244 229.0
4245 316.0
4246 316.0
4247 225.0
4248 241.0
4249 316.0
4250 229.0
4251 234.0
4252 94.0
4253 316.0
4254 33.0
4255 1.0
4256 241.0
4257 177.0
4258 204.0
4259 251.0
4260 240.0
4261 241.0
4262 225.0
4263 0.0
4264 38.0
4265 94.0
4266 252.0
4267 225.0
4268 225.0
4269 38.0
4270 0.0
4271 316.0
4272 316.0
4273 1.0
4274 252.0
4275 225.0
4276 251.0
4277 229.0
4278 260.0
4279 251.0
4280 94.0
4281 33.0
4282 104.0
4283 109.0
4284 316.0
4285 241.0
4286 241.0
4287 180.0
4288 104.0
4289 251.0
4290 241.0
4291 93.0
4292 241.0
4293 240.0
4294 316.0
4295 225.0
4296 316.0
4297 316.0
4298 225.0
4299 187.0
4300 316.0
4301 251.0
4302 236.0
4303 114.0
4304 316.0
4305 33.0
4306 251.0
4307 241.0
4308 32.0
4309 0.0
4310 240.0
4311 241.0
4312 225.0
4313 222.0
4314 33.0
4315 0.0
4316 241.0
4317 231.0
4318 247.0
4319 316.0
4320 33.0
4321 231.0
4322 94.0
4323 229.0
4324 32.0
4325 252.0
4326 260.0
4327 32.0
4328 220.0
4329 260.0
4330 6.0
4331 33.0
4332 32.0
4333 33.0
4334 33.0
4335 316.0
4336 225.0
4337 316.0
4338 180.0
4339 104.0
4340 260.0
4341 240.0
4342 252.0
4343 225.0
4344 229.0
4345 225.0
4346 6.0
4347 316.0
4348 260.0
4349 260.0
4350 229.0
4351 316.0
4352 316.0
4353 263.0
4354 109.0
4355 316.0
4356 33.0
4357 180.0
4358 316.0
4359 251.0
4360 109.0
4361 242.0
4362 236.0
4363 229.0
4364 316.0
4365 120.0
4366 1.0
4367 38.0
4368 231.0
4369 230.0
4370 316.0
4371 0.0
4372 104.0
4373 241.0
4374 236.0
4375 25.0
4376 241.0
4377 260.0
4378 240.0
4379 38.0
4380 229.0
4381 104.0
4382 241.0
4383 32.0
4384 33.0
4385 32.0
4386 316.0
4387 225.0
4388 240.0
4389 1.0
4390 104.0
4391 316.0
4392 225.0
4393 38.0
4394 225.0
4395 229.0
4396 225.0
4397 316.0
4398 316.0
4399 260.0
4400 225.0
4401 229.0
4402 316.0
4403 316.0
4404 241.0
4405 38.0
4406 316.0
4407 33.0
4408 242.0
4409 316.0
4410 177.0
4411 109.0
4412 241.0
4413 240.0
4414 236.0
4415 316.0
4416 0.0
4417 109.0
4418 203.0
4419 251.0
4420 230.0
4421 225.0
4422 0.0
4423 0.0
4424 241.0
4425 0.0
4426 1.0
4427 241.0
4428 229.0
4429 240.0
4430 98.0
4431 316.0
4432 104.0
4433 202.0
4434 33.0
4435 104.0
4436 252.0
4437 316.0
4438 316.0
4439 316.0
4440 229.0
4441 236.0
4442 316.0
4443 241.0
4444 0.0
4445 252.0
4446 240.0
4447 240.0
4448 231.0
4449 316.0
4450 316.0
4451 229.0
4452 236.0
4453 316.0
4454 229.0
4455 236.0
4456 120.0
4457 316.0
4458 33.0
4459 251.0
4460 241.0
4461 32.0
4462 0.0
4463 220.0
4464 32.0
4465 225.0
4466 316.0
4467 120.0
4468 32.0
4469 241.0
4470 241.0
4471 203.0
4472 225.0
4473 33.0
4474 316.0
4475 316.0
4476 229.0
4477 32.0
4478 235.0
4479 260.0
4480 32.0
4481 30.0
4482 241.0
4483 6.0
4484 94.0
4485 33.0
4486 33.0
4487 109.0
4488 316.0
4489 316.0
4490 236.0
4491 109.0
4492 109.0
4493 260.0
4494 240.0
4495 241.0
4496 229.0
4497 251.0
4498 231.0
4499 260.0
4500 316.0
4501 316.0
4502 260.0
4503 229.0
4504 225.0
4505 229.0
4506 208.0
4507 114.0
4508 316.0
4509 33.0
4510 180.0
4511 225.0
4512 32.0
4513 109.0
4514 252.0
4515 236.0
4516 229.0
4517 316.0
4518 120.0
4519 1.0
4520 33.0
4521 231.0
4522 260.0
4523 316.0
4524 19.0
4525 104.0
4526 251.0
4527 229.0
4528 180.0
4529 251.0
4530 238.0
4531 251.0
4532 38.0
4533 229.0
4534 252.0
4535 0.0
4536 32.0
4537 38.0
4538 32.0
4539 316.0
4540 316.0
4541 225.0
4542 180.0
4543 104.0
4544 316.0
4545 241.0
4546 93.0
4547 316.0
4548 251.0
4549 235.0
4550 242.0
4551 316.0
4552 260.0
4553 260.0
4554 241.0
4555 181.0
4556 242.0
4557 44.0
4558 38.0
4559 251.0
4560 33.0
4561 1.0
4562 316.0
4563 225.0
4564 109.0
4565 241.0
4566 241.0
4567 164.0
4568 316.0
4569 0.0
4570 1.0
4571 114.0
4572 94.0
4573 225.0
4574 316.0
4575 94.0
4576 32.0
4577 236.0
4578 32.0
4579 236.0
4580 241.0
4581 225.0
4582 33.0
4583 32.0
4584 229.0
4585 251.0
4586 202.0
4587 33.0
4588 104.0
4589 32.0
4590 316.0
4591 316.0
4592 240.0
4593 109.0
4594 236.0
4595 316.0
4596 241.0
4597 252.0
4598 251.0
4599 240.0
4600 235.0
4601 225.0
4602 316.0
4603 260.0
4604 260.0
4605 236.0
4606 187.0
4607 225.0
4608 241.0
4609 114.0
4610 251.0
4611 0.0
4612 1.0
4613 241.0
4614 225.0
4615 0.0
4616 220.0
4617 6.0
4618 241.0
4619 316.0
4620 252.0
4621 46.0
4622 241.0
4623 316.0
4624 316.0
4625 225.0
4626 38.0
4627 104.0
4628 236.0
4629 33.0
4630 241.0
4631 246.0
4632 229.0
4633 38.0
4634 98.0
4635 225.0
4636 225.0
4637 202.0
4638 33.0
4639 231.0
4640 231.0
4641 316.0
4642 316.0
4643 241.0
4644 1.0
4645 236.0
4646 316.0
4647 252.0
4648 232.0
4649 252.0
4650 240.0
4651 225.0
4652 231.0
4653 316.0
4654 229.0
4655 229.0
4656 229.0
4657 225.0
4658 229.0
4659 236.0
4660 109.0
4661 230.0
4662 33.0
4663 169.0
4664 241.0
4665 32.0
4666 93.0
4667 229.0
4668 6.0
4669 316.0
4670 316.0
4671 120.0
4672 38.0
4673 1.0
4674 231.0
4675 260.0
4676 225.0
4677 203.0
4678 33.0
4679 94.0
4680 191.0
4681 38.0
4682 220.0
4683 316.0
4684 32.0
4685 109.0
4686 1.0
4687 6.0
4688 231.0
4689 33.0
4690 231.0
4691 109.0
4692 316.0
4693 316.0
4694 241.0
4695 1.0
4696 38.0
4697 260.0
4698 252.0
4699 241.0
4700 225.0
4701 109.0
4702 231.0
4703 316.0
4704 316.0
4705 316.0
4706 229.0
4707 33.0
4708 225.0
4709 242.0
4710 32.0
4711 38.0
4712 316.0
4713 33.0
4714 180.0
4715 316.0
4716 225.0
4717 109.0
4718 231.0
4719 236.0
4720 225.0
4721 316.0
4722 252.0
4723 38.0
4724 104.0
4725 94.0
4726 230.0
4727 316.0
4728 33.0
4729 202.0
4730 251.0
4731 32.0
4732 32.0
4733 252.0
4734 260.0
4735 32.0
4736 251.0
4737 260.0
4738 231.0
4739 236.0
4740 38.0
4741 104.0
4742 236.0
4743 316.0
4744 316.0
4745 225.0
4746 109.0
4747 104.0
4748 251.0
4749 236.0
4750 132.0
4751 233.0
4752 251.0
4753 231.0
4754 242.0
4755 316.0
4756 260.0
4757 241.0
4758 241.0
4759 181.0
4760 316.0
4761 241.0
4762 120.0
4763 251.0
4764 0.0
4765 1.0
4766 316.0
4767 225.0
4768 0.0
4769 251.0
4770 236.0
4771 241.0
4772 316.0
4773 33.0
4774 1.0
4775 104.0
4776 251.0
4777 230.0
4778 316.0
4779 33.0
4780 316.0
4781 225.0
4782 229.0
4783 49.0
4784 241.0
4785 260.0
4786 103.0
4787 32.0
4788 229.0
4789 251.0
4790 202.0
4791 33.0
4792 225.0
4793 32.0
4794 316.0
4795 316.0
4796 240.0
4797 180.0
4798 33.0
4799 251.0
4800 241.0
4801 1.0
4802 251.0
4803 229.0
4804 203.0
4805 229.0
4806 316.0
4807 260.0
4808 241.0
4809 229.0
4810 187.0
4811 229.0
4812 236.0
4813 114.0
4814 316.0
4815 0.0
4816 2.0
4817 316.0
4818 225.0
4819 109.0
4820 109.0
4821 1.0
4822 252.0
4823 316.0
4824 33.0
4825 180.0
4826 236.0
4827 231.0
4828 222.0
4829 316.0
4830 204.0
4831 231.0
4832 241.0
4833 229.0
4834 1.0
4835 252.0
4836 316.0
4837 251.0
4838 220.0
4839 1.0
4840 232.0
4841 208.0
4842 33.0
4843 231.0
4844 33.0
4845 316.0
4846 316.0
4847 225.0
4848 251.0
4849 236.0
4850 235.0
4851 109.0
4852 1.0
4853 225.0
4854 229.0
4855 316.0
4856 229.0
4857 316.0
4858 225.0
4859 229.0
4860 241.0
4861 225.0
4862 316.0
4863 32.0
4864 38.0
4865 316.0
4866 0.0
4867 38.0
4868 316.0
4869 225.0
4870 43.0
4871 231.0
4872 6.0
4873 251.0
4874 316.0
4875 252.0
4876 32.0
4877 33.0
4878 231.0
4879 225.0
4880 225.0
4881 38.0
4882 316.0
4883 241.0
4884 1.0
4885 1.0
4886 235.0
4887 316.0
4888 32.0
4889 38.0
4890 229.0
4891 252.0
4892 104.0
4893 33.0
4894 104.0
4895 109.0
4896 316.0
4897 316.0
4898 316.0
4899 109.0
4900 104.0
4901 260.0
4902 109.0
4903 132.0
4904 225.0
4905 229.0
4906 225.0
4907 316.0
4908 316.0
4909 260.0
4910 316.0
4911 241.0
4912 316.0
4913 235.0
4914 236.0
4915 38.0
4916 316.0
4917 0.0
4918 252.0
4919 316.0
4920 225.0
4921 0.0
4922 241.0
4923 240.0
4924 164.0
4925 316.0
4926 38.0
4927 1.0
4928 198.0
4929 94.0
4930 230.0
4931 316.0
4932 33.0
4933 225.0
4934 241.0
4935 316.0
4936 0.0
4937 241.0
4938 316.0
4939 32.0
4940 32.0
4941 229.0
4942 241.0
4943 0.0
4944 33.0
4945 231.0
4946 231.0
4947 316.0
4948 316.0
4949 38.0
4950 94.0
4951 104.0
4952 251.0
4953 1.0
4954 132.0
4955 251.0
4956 240.0
4957 316.0
4958 260.0
4959 316.0
4960 260.0
4961 241.0
4962 229.0
4963 316.0
4964 229.0
4965 236.0
4966 120.0
4967 316.0
4968 0.0
4969 2.0
4970 316.0
4971 316.0
4972 0.0
4973 252.0
4974 236.0
4975 316.0
4976 316.0
4977 225.0
4978 240.0
4979 104.0
4980 251.0
4981 220.0
4982 316.0
4983 2.0
4984 231.0
4985 180.0
4986 229.0
4987 236.0
4988 252.0
4989 260.0
4990 204.0
4991 109.0
4992 241.0
4993 257.0
4994 32.0
4995 33.0
4996 203.0
4997 32.0
4998 316.0
4999 316.0
5000 241.0
5001 109.0
5002 241.0
5003 316.0
5004 1.0
5005 154.0
5006 225.0
5007 251.0
5008 251.0
5009 225.0
5010 316.0
5011 229.0
5012 241.0
5013 229.0
5014 316.0
5015 229.0
5016 203.0
5017 120.0
5018 316.0
5019 0.0
5020 169.0
5021 316.0
5022 316.0
5023 109.0
5024 229.0
5025 203.0
5026 251.0
5027 222.0
5028 252.0
5029 180.0
5030 174.0
5031 231.0
5032 225.0
5033 316.0
5034 203.0
5035 231.0
5036 198.0
5037 33.0
5038 1.0
5039 235.0
5040 225.0
5041 253.0
5042 203.0
5043 225.0
5044 93.0
5045 32.0
5046 33.0
5047 203.0
5048 109.0
5049 316.0
5050 316.0
5051 241.0
5052 109.0
5053 225.0
5054 238.0
5055 240.0
5056 132.0
5057 225.0
5058 241.0
5059 251.0
5060 225.0
5061 316.0
5062 316.0
5063 229.0
5064 33.0
5065 316.0
5066 260.0
5067 236.0
5068 98.0
5069 316.0
5070 0.0
5071 32.0
5072 316.0
5073 251.0
5074 109.0
5075 242.0
5076 38.0
5077 231.0
5078 316.0
5079 120.0
5080 240.0
5081 33.0
5082 251.0
5083 225.0
5084 316.0
5085 33.0
5086 225.0
5087 236.0
5088 33.0
5089 32.0
5090 246.0
5091 316.0
5092 32.0
5093 98.0
5094 316.0
5095 257.0
5096 0.0
5097 32.0
5098 316.0
5099 98.0
5100 316.0
