1 33.0
2 0.0
3 0.0
4 0.0
5 169.0
6 1.0
7 233.0
8 32.0
9 32.0
10 98.0
11 32.0
12 98.0
13 38.0
14 204.0
15 98.0
16 30.0
17 25.0
18 0.0
19 38.0
20 98.0
21 6.0
22 169.0
23 203.0
24 6.0
25 0.0
26 203.0
27 20.0
28 38.0
29 203.0
30 32.0
31 32.0
32 204.0
33 0.0
34 0.0
35 32.0
36 203.0
37 0.0
38 203.0
39 0.0
40 0.0
41 251.0
42 204.0
43 204.0
44 191.0
45 30.0
46 0.0
47 0.0
48 25.0
49 191.0
50 38.0
51 251.0
52 180.0
53 31.0
54 0.0
55 169.0
56 169.0
57 109.0
58 233.0
59 32.0
60 30.0
61 98.0
62 0.0
63 98.0
64 38.0
65 204.0
66 204.0
67 98.0
68 25.0
69 38.0
70 32.0
71 98.0
72 169.0
73 203.0
74 203.0
75 204.0
76 203.0
77 203.0
78 6.0
79 203.0
80 203.0
81 33.0
82 204.0
83 204.0
84 203.0
85 0.0
86 32.0
87 203.0
88 33.0
89 203.0
90 0.0
91 169.0
92 251.0
93 174.0
94 204.0
95 191.0
96 186.0
97 204.0
98 25.0
99 180.0
100 191.0
101 180.0
102 251.0
103 203.0
104 38.0
105 180.0
106 169.0
107 169.0
108 25.0
109 233.0
110 109.0
111 32.0
112 98.0
113 0.0
114 98.0
115 25.0
116 204.0
117 204.0
118 0.0
119 0.0
120 33.0
121 109.0
122 164.0
123 109.0
124 31.0
125 204.0
126 203.0
127 204.0
128 203.0
129 0.0
130 203.0
131 203.0
132 204.0
133 204.0
134 204.0
135 0.0
136 203.0
137 203.0
138 203.0
139 203.0
140 203.0
141 0.0
142 174.0
143 251.0
144 1.0
145 204.0
146 191.0
147 0.0
148 30.0
149 30.0
150 38.0
151 191.0
152 191.0
153 251.0
154 204.0
155 204.0
156 32.0
157 169.0
158 169.0
159 1.0
160 233.0
161 109.0
162 103.0
163 98.0
164 32.0
165 98.0
166 25.0
167 204.0
168 204.0
169 33.0
170 0.0
171 30.0
172 0.0
173 25.0
174 0.0
175 203.0
176 6.0
177 204.0
178 204.0
179 109.0
180 0.0
181 203.0
182 204.0
183 204.0
184 204.0
185 204.0
186 204.0
187 20.0
188 0.0
189 203.0
190 203.0
191 203.0
192 0.0
193 251.0
194 251.0
195 32.0
196 204.0
197 204.0
198 191.0
199 32.0
200 0.0
201 203.0
202 191.0
203 204.0
204 251.0
205 204.0
206 204.0
207 204.0
208 0.0
209 169.0
210 1.0
211 233.0
212 32.0
213 180.0
214 103.0
215 98.0
216 98.0
217 0.0
218 204.0
219 30.0
220 25.0
221 203.0
222 25.0
223 164.0
224 0.0
225 0.0
226 109.0
227 204.0
228 203.0
229 175.0
230 175.0
231 25.0
232 175.0
233 175.0
234 204.0
235 204.0
236 204.0
237 25.0
238 175.0
239 32.0
240 203.0
241 32.0
242 203.0
243 0.0
244 185.0
245 251.0
246 174.0
247 204.0
248 0.0
249 32.0
250 204.0
251 0.0
252 0.0
253 169.0
254 169.0
255 251.0
256 204.0
257 203.0
258 204.0
259 204.0
260 169.0
261 0.0
262 233.0
263 32.0
264 169.0
265 30.0
266 203.0
267 98.0
268 38.0
269 204.0
270 98.0
271 204.0
272 203.0
273 25.0
274 25.0
275 164.0
276 109.0
277 204.0
278 203.0
279 203.0
280 103.0
281 203.0
282 0.0
283 175.0
284 203.0
285 251.0
286 204.0
287 204.0
288 204.0
289 203.0
290 32.0
291 203.0
292 0.0
293 203.0
294 0.0
295 251.0
296 251.0
297 174.0
298 204.0
299 204.0
300 186.0
301 204.0
302 0.0
303 185.0
304 169.0
305 204.0
306 251.0
307 204.0
308 38.0
309 0.0
310 204.0
311 204.0
312 229.0
313 233.0
314 109.0
315 169.0
316 180.0
317 203.0
318 180.0
319 20.0
320 204.0
321 204.0
322 204.0
323 25.0
324 38.0
325 25.0
326 164.0
327 33.0
328 203.0
329 6.0
330 203.0
331 204.0
332 201.0
333 0.0
334 203.0
335 203.0
336 203.0
337 204.0
338 204.0
339 204.0
340 203.0
341 215.0
342 203.0
343 203.0
344 203.0
345 164.0
346 174.0
347 251.0
348 1.0
349 204.0
350 191.0
351 30.0
352 164.0
353 0.0
354 180.0
355 169.0
356 204.0
357 251.0
358 204.0
359 204.0
360 186.0
361 204.0
362 158.0
363 109.0
364 233.0
365 109.0
366 103.0
367 114.0
368 180.0
369 203.0
370 0.0
371 204.0
372 204.0
373 204.0
374 0.0
375 174.0
376 0.0
377 164.0
378 32.0
379 109.0
380 6.0
381 204.0
382 175.0
383 175.0
384 0.0
385 203.0
386 175.0
387 251.0
388 185.0
389 204.0
390 158.0
391 0.0
392 0.0
393 235.0
394 203.0
395 203.0
396 0.0
397 196.0
398 251.0
399 32.0
400 204.0
401 0.0
402 104.0
403 32.0
404 0.0
405 191.0
406 204.0
407 204.0
408 251.0
409 204.0
410 203.0
411 204.0
412 12.0
413 32.0
414 233.0
415 233.0
416 109.0
417 203.0
418 114.0
419 98.0
420 203.0
421 0.0
422 204.0
423 30.0
424 25.0
425 204.0
426 38.0
427 180.0
428 164.0
429 44.0
430 103.0
431 203.0
432 203.0
433 204.0
434 175.0
435 0.0
436 180.0
437 175.0
438 203.0
439 103.0
440 204.0
441 158.0
442 0.0
443 32.0
444 215.0
445 0.0
446 203.0
447 0.0
448 191.0
449 251.0
450 174.0
451 204.0
452 0.0
453 191.0
454 103.0
455 0.0
456 0.0
457 169.0
458 204.0
459 251.0
460 204.0
461 204.0
462 204.0
463 6.0
464 204.0
465 93.0
466 233.0
467 14.0
468 169.0
469 25.0
470 203.0
471 203.0
472 20.0
473 204.0
474 204.0
475 204.0
476 103.0
477 0.0
478 180.0
479 180.0
480 32.0
481 203.0
482 204.0
483 204.0
484 204.0
485 175.0
486 32.0
487 203.0
488 175.0
489 251.0
490 185.0
491 204.0
492 204.0
493 0.0
494 32.0
495 215.0
496 0.0
497 203.0
498 38.0
499 174.0
500 251.0
501 174.0
502 204.0
503 191.0
504 109.0
505 204.0
506 0.0
507 1.0
508 169.0
509 204.0
510 251.0
511 204.0
512 204.0
513 186.0
514 204.0
515 204.0
516 233.0
517 233.0
518 109.0
519 180.0
520 180.0
521 203.0
522 180.0
523 25.0
524 204.0
525 204.0
526 204.0
527 0.0
528 32.0
529 204.0
530 180.0
531 25.0
532 31.0
533 6.0
534 6.0
535 204.0
536 203.0
537 0.0
538 203.0
539 175.0
540 251.0
541 204.0
542 204.0
543 204.0
544 32.0
545 0.0
546 203.0
547 203.0
548 203.0
549 174.0
550 174.0
551 251.0
552 33.0
553 204.0
554 32.0
555 33.0
556 103.0
557 0.0
558 158.0
559 169.0
560 204.0
561 251.0
562 204.0
563 251.0
564 204.0
565 204.0
566 163.0
567 233.0
568 233.0
569 103.0
570 180.0
571 103.0
572 180.0
573 203.0
574 0.0
575 204.0
576 30.0
577 204.0
578 0.0
579 174.0
580 169.0
581 169.0
582 203.0
583 30.0
584 203.0
585 6.0
586 175.0
587 203.0
588 0.0
589 204.0
590 103.0
591 251.0
592 175.0
593 204.0
594 204.0
595 203.0
596 0.0
597 203.0
598 32.0
599 203.0
600 169.0
601 0.0
602 251.0
603 0.0
604 204.0
605 32.0
606 251.0
607 204.0
608 0.0
609 12.0
610 169.0
611 204.0
612 251.0
613 204.0
614 1.0
615 186.0
616 204.0
617 32.0
618 233.0
619 233.0
620 109.0
621 203.0
622 204.0
623 169.0
624 203.0
625 20.0
626 204.0
627 204.0
628 204.0
629 204.0
630 32.0
631 158.0
632 169.0
633 33.0
634 30.0
635 203.0
636 204.0
637 204.0
638 204.0
639 32.0
640 180.0
641 175.0
642 251.0
643 203.0
644 204.0
645 158.0
646 203.0
647 32.0
648 215.0
649 0.0
650 203.0
651 174.0
652 0.0
653 251.0
654 204.0
655 204.0
656 0.0
657 203.0
658 251.0
659 25.0
660 44.0
661 169.0
662 204.0
663 251.0
664 38.0
665 204.0
666 203.0
667 204.0
668 204.0
669 233.0
670 233.0
671 32.0
672 204.0
673 0.0
674 175.0
675 203.0
676 98.0
677 204.0
678 204.0
679 204.0
680 109.0
681 33.0
682 180.0
683 180.0
684 203.0
685 31.0
686 204.0
687 203.0
688 204.0
689 6.0
690 0.0
691 203.0
692 204.0
693 251.0
694 203.0
695 204.0
696 204.0
697 8.0
698 32.0
699 215.0
700 203.0
701 203.0
702 191.0
703 174.0
704 251.0
705 174.0
706 204.0
707 25.0
708 191.0
709 32.0
710 0.0
711 169.0
712 204.0
713 203.0
714 251.0
715 0.0
716 38.0
717 204.0
718 204.0
719 204.0
720 233.0
721 233.0
722 109.0
723 203.0
724 204.0
725 38.0
726 180.0
727 38.0
728 204.0
729 204.0
730 204.0
731 0.0
732 174.0
733 180.0
734 169.0
735 0.0
736 30.0
737 203.0
738 6.0
739 175.0
740 6.0
741 0.0
742 203.0
743 180.0
744 251.0
745 203.0
746 204.0
747 204.0
748 32.0
749 0.0
750 203.0
751 203.0
752 203.0
753 180.0
754 0.0
755 251.0
756 203.0
757 204.0
758 1.0
759 191.0
760 191.0
761 98.0
762 158.0
763 169.0
764 12.0
765 251.0
766 204.0
767 1.0
768 204.0
769 204.0
770 204.0
771 233.0
772 233.0
773 109.0
774 180.0
775 203.0
776 98.0
777 203.0
778 25.0
779 204.0
780 30.0
781 204.0
782 0.0
783 204.0
784 169.0
785 169.0
786 0.0
787 203.0
788 203.0
789 204.0
790 175.0
791 0.0
792 0.0
793 191.0
794 180.0
795 251.0
796 103.0
797 204.0
798 204.0
799 204.0
800 32.0
801 215.0
802 0.0
803 203.0
804 180.0
805 196.0
806 251.0
807 204.0
808 204.0
809 0.0
810 251.0
811 251.0
812 25.0
813 158.0
814 180.0
815 12.0
816 251.0
817 38.0
818 38.0
819 204.0
820 204.0
821 204.0
822 233.0
823 233.0
824 14.0
825 203.0
826 204.0
827 203.0
828 203.0
829 20.0
830 204.0
831 204.0
832 204.0
833 109.0
834 104.0
835 180.0
836 169.0
837 33.0
838 31.0
839 203.0
840 203.0
841 204.0
842 204.0
843 0.0
844 180.0
845 103.0
846 251.0
847 169.0
848 204.0
849 204.0
850 6.0
851 0.0
852 215.0
853 30.0
854 203.0
855 169.0
856 174.0
857 251.0
858 174.0
859 204.0
860 0.0
861 32.0
862 251.0
863 203.0
864 12.0
865 169.0
866 204.0
867 251.0
868 38.0
869 38.0
870 204.0
871 6.0
872 204.0
873 233.0
874 233.0
875 109.0
876 203.0
877 204.0
878 203.0
879 203.0
880 0.0
881 204.0
882 204.0
883 204.0
884 0.0
885 204.0
886 180.0
887 180.0
888 25.0
889 203.0
890 203.0
891 204.0
892 204.0
893 6.0
894 32.0
895 203.0
896 103.0
897 231.0
898 203.0
899 204.0
900 204.0
901 6.0
902 0.0
903 215.0
904 0.0
905 203.0
906 164.0
907 0.0
908 251.0
909 174.0
910 204.0
911 0.0
912 32.0
913 251.0
914 14.0
915 12.0
916 175.0
917 204.0
918 251.0
919 204.0
920 38.0
921 204.0
922 204.0
923 204.0
924 229.0
925 233.0
926 103.0
927 203.0
928 203.0
929 203.0
930 203.0
931 20.0
932 204.0
933 204.0
934 204.0
935 32.0
936 174.0
937 169.0
938 169.0
939 203.0
940 30.0
941 6.0
942 203.0
943 175.0
944 204.0
945 0.0
946 204.0
947 175.0
948 251.0
949 251.0
950 204.0
951 204.0
952 203.0
953 0.0
954 231.0
955 0.0
956 203.0
957 0.0
958 0.0
959 251.0
960 30.0
961 204.0
962 0.0
963 251.0
964 251.0
965 25.0
966 158.0
967 191.0
968 204.0
969 251.0
970 38.0
971 240.0
972 1.0
973 204.0
974 175.0
975 233.0
976 233.0
977 109.0
978 203.0
979 203.0
980 98.0
981 203.0
982 20.0
983 204.0
984 204.0
985 204.0
986 114.0
987 204.0
988 164.0
989 169.0
990 38.0
991 31.0
992 203.0
993 204.0
994 175.0
995 109.0
996 38.0
997 180.0
998 103.0
999 203.0
1000 103.0
1001 203.0
1002 204.0
1003 10.0
1004 25.0
1005 231.0
1006 33.0
1007 203.0
1008 0.0
1009 0.0
1010 251.0
1011 203.0
1012 204.0
1013 0.0
1014 191.0
1015 251.0
1016 251.0
1017 12.0
1018 12.0
1019 204.0
1020 251.0
1021 1.0
1022 38.0
1023 186.0
1024 6.0
1025 204.0
1026 233.0
1027 233.0
1028 32.0
1029 203.0
1030 204.0
1031 163.0
1032 203.0
1033 20.0
1034 204.0
1035 204.0
1036 204.0
1037 204.0
1038 204.0
1039 180.0
1040 169.0
1041 0.0
1042 203.0
1043 203.0
1044 203.0
1045 204.0
1046 203.0
1047 0.0
1048 32.0
1049 103.0
1050 203.0
1051 175.0
1052 204.0
1053 204.0
1054 203.0
1055 0.0
1056 235.0
1057 0.0
1058 203.0
1059 180.0
1060 104.0
1061 251.0
1062 174.0
1063 204.0
1064 0.0
1065 251.0
1066 251.0
1067 0.0
1068 109.0
1069 204.0
1070 204.0
1071 251.0
1072 204.0
1073 203.0
1074 204.0
1075 204.0
1076 204.0
1077 233.0
1078 233.0
1079 109.0
1080 204.0
1081 203.0
1082 204.0
1083 203.0
1084 0.0
1085 204.0
1086 30.0
1087 204.0
1088 109.0
1089 164.0
1090 180.0
1091 169.0
1092 6.0
1093 30.0
1094 203.0
1095 203.0
1096 204.0
1097 204.0
1098 0.0
1099 32.0
1100 251.0
1101 251.0
1102 38.0
1103 204.0
1104 204.0
1105 203.0
1106 32.0
1107 215.0
1108 0.0
1109 203.0
1110 251.0
1111 0.0
1112 251.0
1113 251.0
1114 204.0
1115 0.0
1116 251.0
1117 251.0
1118 25.0
1119 242.0
1120 204.0
1121 204.0
1122 251.0
1123 204.0
1124 38.0
1125 1.0
1126 204.0
1127 186.0
1128 229.0
1129 233.0
1130 103.0
1131 204.0
1132 203.0
1133 180.0
1134 203.0
1135 20.0
1136 204.0
1137 30.0
1138 204.0
1139 114.0
1140 204.0
1141 169.0
1142 169.0
1143 38.0
1144 31.0
1145 203.0
1146 204.0
1147 175.0
1148 203.0
1149 0.0
1150 180.0
1151 103.0
1152 203.0
1153 191.0
1154 204.0
1155 204.0
1156 2.0
1157 0.0
1158 215.0
1159 0.0
1160 38.0
1161 202.0
1162 174.0
1163 251.0
1164 204.0
1165 104.0
1166 0.0
1167 191.0
1168 251.0
1169 25.0
1170 203.0
1171 6.0
1172 204.0
1173 251.0
1174 204.0
1175 38.0
1176 204.0
1177 6.0
1178 109.0
1179 233.0
1180 233.0
1181 109.0
1182 203.0
1183 204.0
1184 203.0
1185 203.0
1186 204.0
1187 204.0
1188 203.0
1189 204.0
1190 114.0
1191 204.0
1192 164.0
1193 169.0
1194 38.0
1195 31.0
1196 203.0
1197 203.0
1198 204.0
1199 175.0
1200 0.0
1201 180.0
1202 103.0
1203 251.0
1204 203.0
1205 251.0
1206 204.0
1207 2.0
1208 0.0
1209 231.0
1210 0.0
1211 0.0
1212 315.0
1213 0.0
1214 251.0
1215 174.0
1216 104.0
1217 0.0
1218 109.0
1219 32.0
1220 25.0
1221 0.0
1222 242.0
1223 204.0
1224 315.0
1225 38.0
1226 251.0
1227 204.0
1228 204.0
1229 25.0
1230 233.0
1231 233.0
1232 32.0
1233 203.0
1234 204.0
1235 163.0
1236 103.0
1237 38.0
1238 204.0
1239 30.0
1240 204.0
1241 203.0
1242 204.0
1243 180.0
1244 169.0
1245 0.0
1246 30.0
1247 203.0
1248 203.0
1249 204.0
1250 203.0
1251 203.0
1252 203.0
1253 103.0
1254 251.0
1255 203.0
1256 203.0
1257 0.0
1258 203.0
1259 231.0
1260 231.0
1261 0.0
1262 1.0
1263 174.0
1264 104.0
1265 251.0
1266 174.0
1267 0.0
1268 1.0
1269 38.0
1270 251.0
1271 25.0
1272 0.0
1273 0.0
1274 6.0
1275 315.0
1276 204.0
1277 251.0
1278 204.0
1279 204.0
1280 186.0
1281 233.0
1282 233.0
1283 103.0
1284 204.0
1285 203.0
1286 203.0
1287 204.0
1288 38.0
1289 204.0
1290 204.0
1291 204.0
1292 203.0
1293 164.0
1294 169.0
1295 169.0
1296 204.0
1297 204.0
1298 203.0
1299 204.0
1300 175.0
1301 203.0
1302 49.0
1303 203.0
1304 103.0
1305 251.0
1306 251.0
1307 251.0
1308 252.0
1309 113.0
1310 0.0
1311 215.0
1312 0.0
1313 185.0
1314 174.0
1315 0.0
1316 251.0
1317 203.0
1318 0.0
1319 0.0
1320 32.0
1321 191.0
1322 25.0
1323 205.0
1324 6.0
1325 0.0
1326 315.0
1327 204.0
1328 38.0
1329 38.0
1330 6.0
1331 204.0
1332 229.0
1333 233.0
1334 109.0
1335 204.0
1336 204.0
1337 180.0
1338 204.0
1339 20.0
1340 204.0
1341 204.0
1342 204.0
1343 109.0
1344 204.0
1345 98.0
1346 180.0
1347 203.0
1348 31.0
1349 203.0
1350 203.0
1351 204.0
1352 204.0
1353 162.0
1354 0.0
1355 103.0
1356 203.0
1357 203.0
1358 203.0
1359 203.0
1360 14.0
1361 0.0
1362 215.0
1363 0.0
1364 251.0
1365 180.0
1366 0.0
1367 251.0
1368 174.0
1369 115.0
1370 0.0
1371 251.0
1372 251.0
1373 25.0
1374 6.0
1375 251.0
1376 204.0
1377 315.0
1378 1.0
1379 233.0
1380 204.0
1381 6.0
1382 158.0
1383 233.0
1384 233.0
1385 25.0
1386 203.0
1387 204.0
1388 203.0
1389 204.0
1390 25.0
1391 204.0
1392 204.0
1393 204.0
1394 0.0
1395 204.0
1396 180.0
1397 169.0
1398 0.0
1399 204.0
1400 203.0
1401 204.0
1402 204.0
1403 204.0
1404 0.0
1405 32.0
1406 203.0
1407 251.0
1408 251.0
1409 203.0
1410 0.0
1411 203.0
1412 215.0
1413 231.0
1414 0.0
1415 1.0
1416 180.0
1417 98.0
1418 251.0
1419 174.0
1420 251.0
1421 1.0
1422 251.0
1423 32.0
1424 25.0
1425 203.0
1426 0.0
1427 6.0
1428 315.0
1429 204.0
1430 251.0
1431 204.0
1432 204.0
1433 204.0
1434 233.0
1435 233.0
1436 32.0
1437 203.0
1438 203.0
1439 163.0
1440 203.0
1441 204.0
1442 204.0
1443 204.0
1444 204.0
1445 204.0
1446 204.0
1447 98.0
1448 169.0
1449 204.0
1450 204.0
1451 203.0
1452 204.0
1453 175.0
1454 204.0
1455 0.0
1456 32.0
1457 175.0
1458 251.0
1459 251.0
1460 251.0
1461 0.0
1462 203.0
1463 25.0
1464 231.0
1465 6.0
1466 1.0
1467 180.0
1468 33.0
1469 251.0
1470 120.0
1471 204.0
1472 0.0
1473 109.0
1474 191.0
1475 32.0
1476 0.0
1477 6.0
1478 6.0
1479 315.0
1480 204.0
1481 240.0
1482 169.0
1483 204.0
1484 186.0
1485 233.0
1486 233.0
1487 109.0
1488 204.0
1489 204.0
1490 203.0
1491 204.0
1492 92.0
1493 204.0
1494 204.0
1495 204.0
1496 103.0
1497 164.0
1498 87.0
1499 169.0
1500 203.0
1501 203.0
1502 203.0
1503 204.0
1504 175.0
1505 203.0
1506 0.0
1507 203.0
1508 175.0
1509 251.0
1510 251.0
1511 203.0
1512 251.0
1513 25.0
1514 203.0
1515 235.0
1516 0.0
1517 44.0
1518 204.0
1519 0.0
1520 251.0
1521 120.0
1522 33.0
1523 0.0
1524 191.0
1525 32.0
1526 25.0
1527 0.0
1528 6.0
1529 204.0
1530 315.0
1531 0.0
1532 38.0
1533 204.0
1534 6.0
1535 163.0
1536 233.0
1537 233.0
1538 109.0
1539 204.0
1540 204.0
1541 203.0
1542 204.0
1543 25.0
1544 204.0
1545 204.0
1546 204.0
1547 204.0
1548 204.0
1549 98.0
1550 169.0
1551 0.0
1552 6.0
1553 203.0
1554 204.0
1555 204.0
1556 203.0
1557 0.0
1558 180.0
1559 103.0
1560 251.0
1561 251.0
1562 252.0
1563 203.0
1564 203.0
1565 0.0
1566 215.0
1567 203.0
1568 191.0
1569 191.0
1570 0.0
1571 251.0
1572 174.0
1573 104.0
1574 191.0
1575 191.0
1576 32.0
1577 203.0
1578 203.0
1579 0.0
1580 204.0
1581 315.0
1582 243.0
1583 233.0
1584 204.0
1585 204.0
1586 169.0
1587 233.0
1588 233.0
1589 32.0
1590 203.0
1591 204.0
1592 203.0
1593 203.0
1594 20.0
1595 204.0
1596 204.0
1597 204.0
1598 204.0
1599 204.0
1600 180.0
1601 169.0
1602 204.0
1603 204.0
1604 6.0
1605 204.0
1606 175.0
1607 204.0
1608 32.0
1609 220.0
1610 204.0
1611 251.0
1612 251.0
1613 251.0
1614 0.0
1615 203.0
1616 0.0
1617 215.0
1618 0.0
1619 203.0
1620 203.0
1621 104.0
1622 251.0
1623 174.0
1624 251.0
1625 0.0
1626 109.0
1627 251.0
1628 25.0
1629 204.0
1630 6.0
1631 0.0
1632 315.0
1633 38.0
1634 233.0
1635 38.0
1636 204.0
1637 186.0
1638 233.0
1639 233.0
1640 109.0
1641 203.0
1642 204.0
1643 203.0
1644 203.0
1645 20.0
1646 204.0
1647 204.0
1648 204.0
1649 204.0
1650 164.0
1651 92.0
1652 93.0
1653 203.0
1654 204.0
1655 203.0
1656 204.0
1657 175.0
1658 204.0
1659 180.0
1660 203.0
1661 175.0
1662 251.0
1663 251.0
1664 203.0
1665 251.0
1666 203.0
1667 0.0
1668 231.0
1669 0.0
1670 203.0
1671 174.0
1672 104.0
1673 251.0
1674 174.0
1675 203.0
1676 0.0
1677 109.0
1678 109.0
1679 32.0
1680 6.0
1681 6.0
1682 166.0
1683 315.0
1684 203.0
1685 38.0
1686 38.0
1687 6.0
1688 186.0
1689 229.0
1690 233.0
1691 103.0
1692 204.0
1693 203.0
1694 204.0
1695 204.0
1696 0.0
1697 204.0
1698 204.0
1699 204.0
1700 103.0
1701 204.0
1702 92.0
1703 169.0
1704 0.0
1705 203.0
1706 203.0
1707 204.0
1708 203.0
1709 203.0
1710 180.0
1711 203.0
1712 103.0
1713 251.0
1714 251.0
1715 252.0
1716 251.0
1717 2.0
1718 203.0
1719 231.0
1720 0.0
1721 38.0
1722 511.0
1723 0.0
1724 251.0
1725 251.0
1726 104.0
1727 204.0
1728 251.0
1729 251.0
1730 32.0
1731 0.0
1732 6.0
1733 205.0
1734 511.0
1735 38.0
1736 38.0
1737 204.0
1738 204.0
1739 163.0
1740 233.0
1741 233.0
1742 25.0
1743 203.0
1744 203.0
1745 203.0
1746 204.0
1747 25.0
1748 204.0
1749 204.0
1750 204.0
1751 204.0
1752 204.0
1753 180.0
1754 169.0
1755 0.0
1756 109.0
1757 6.0
1758 204.0
1759 175.0
1760 204.0
1761 203.0
1762 203.0
1763 103.0
1764 251.0
1765 251.0
1766 252.0
1767 0.0
1768 203.0
1769 0.0
1770 235.0
1771 0.0
1772 191.0
1773 202.0
1774 87.0
1775 251.0
1776 251.0
1777 203.0
1778 0.0
1779 251.0
1780 251.0
1781 251.0
1782 6.0
1783 242.0
1784 251.0
1785 511.0
1786 241.0
1787 203.0
1788 204.0
1789 204.0
1790 204.0
1791 233.0
1792 233.0
1793 32.0
1794 204.0
1795 204.0
1796 203.0
1797 203.0
1798 20.0
1799 204.0
1800 204.0
1801 204.0
1802 204.0
1803 164.0
1804 180.0
1805 169.0
1806 38.0
1807 204.0
1808 204.0
1809 204.0
1810 204.0
1811 204.0
1812 0.0
1813 203.0
1814 103.0
1815 251.0
1816 251.0
1817 252.0
1818 251.0
1819 33.0
1820 203.0
1821 235.0
1822 0.0
1823 1.0
1824 33.0
1825 38.0
1826 251.0
1827 174.0
1828 33.0
1829 0.0
1830 109.0
1831 251.0
1832 0.0
1833 6.0
1834 242.0
1835 6.0
1836 511.0
1837 38.0
1838 38.0
1839 204.0
1840 12.0
1841 186.0
1842 233.0
1843 233.0
1844 109.0
1845 204.0
1846 204.0
1847 204.0
1848 203.0
1849 20.0
1850 204.0
1851 204.0
1852 204.0
1853 204.0
1854 164.0
1855 92.0
1856 169.0
1857 38.0
1858 31.0
1859 203.0
1860 204.0
1861 204.0
1862 204.0
1863 203.0
1864 203.0
1865 103.0
1866 251.0
1867 252.0
1868 251.0
1869 251.0
1870 124.0
1871 203.0
1872 235.0
1873 6.0
1874 1.0
1875 164.0
1876 104.0
1877 251.0
1878 251.0
1879 104.0
1880 191.0
1881 109.0
1882 109.0
1883 98.0
1884 0.0
1885 251.0
1886 205.0
1887 511.0
1888 241.0
1889 38.0
1890 186.0
1891 204.0
1892 158.0
1893 233.0
1894 233.0
1895 109.0
1896 203.0
1897 204.0
1898 204.0
1899 204.0
1900 0.0
1901 204.0
1902 204.0
1903 204.0
1904 204.0
1905 204.0
1906 92.0
1907 169.0
1908 204.0
1909 203.0
1910 204.0
1911 204.0
1912 204.0
1913 203.0
1914 203.0
1915 203.0
1916 103.0
1917 251.0
1918 251.0
1919 251.0
1920 251.0
1921 203.0
1922 215.0
1923 235.0
1924 0.0
1925 202.0
1926 33.0
1927 87.0
1928 251.0
1929 251.0
1930 204.0
1931 1.0
1932 251.0
1933 251.0
1934 203.0
1935 6.0
1936 6.0
1937 6.0
1938 511.0
1939 38.0
1940 251.0
1941 240.0
1942 204.0
1943 204.0
1944 233.0
1945 233.0
1946 203.0
1947 204.0
1948 204.0
1949 203.0
1950 204.0
1951 0.0
1952 204.0
1953 204.0
1954 204.0
1955 204.0
1956 164.0
1957 204.0
1958 169.0
1959 38.0
1960 109.0
1961 204.0
1962 204.0
1963 175.0
1964 203.0
1965 0.0
1966 203.0
1967 103.0
1968 252.0
1969 252.0
1970 252.0
1971 203.0
1972 203.0
1973 215.0
1974 235.0
1975 0.0
1976 44.0
1977 202.0
1978 87.0
1979 251.0
1980 251.0
1981 203.0
1982 203.0
1983 251.0
1984 251.0
1985 0.0
1986 203.0
1987 242.0
1988 6.0
1989 511.0
1990 251.0
1991 251.0
1992 204.0
1993 38.0
1994 175.0
1995 233.0
1996 233.0
1997 203.0
1998 203.0
1999 204.0
2000 180.0
2001 204.0
2002 20.0
2003 204.0
2004 204.0
2005 204.0
2006 204.0
2007 164.0
2008 164.0
2009 169.0
2010 0.0
2011 32.0
2012 203.0
2013 204.0
2014 204.0
2015 204.0
2016 0.0
2017 203.0
2018 175.0
2019 252.0
2020 252.0
2021 251.0
2022 251.0
2023 25.0
2024 215.0
2025 235.0
2026 0.0
2027 0.0
2028 511.0
2029 104.0
2030 251.0
2031 251.0
2032 104.0
2033 109.0
2034 109.0
2035 251.0
2036 98.0
2037 0.0
2038 6.0
2039 242.0
2040 511.0
2041 38.0
2042 38.0
2043 204.0
2044 38.0
2045 204.0
2046 233.0
2047 233.0
2048 203.0
2049 203.0
2050 204.0
2051 163.0
2052 204.0
2053 20.0
2054 204.0
2055 204.0
2056 204.0
2057 204.0
2058 33.0
2059 98.0
2060 169.0
2061 32.0
2062 30.0
2063 203.0
2064 204.0
2065 175.0
2066 204.0
2067 203.0
2068 203.0
2069 175.0
2070 251.0
2071 252.0
2072 251.0
2073 203.0
2074 175.0
2075 203.0
2076 235.0
2077 0.0
2078 1.0
2079 203.0
2080 104.0
2081 251.0
2082 251.0
2083 104.0
2084 109.0
2085 109.0
2086 251.0
2087 251.0
2088 6.0
2089 6.0
2090 242.0
2091 511.0
2092 38.0
2093 38.0
2094 240.0
2095 204.0
2096 38.0
2097 233.0
2098 233.0
2099 203.0
2100 204.0
2101 204.0
2102 203.0
2103 204.0
2104 0.0
2105 204.0
2106 204.0
2107 204.0
2108 204.0
2109 204.0
2110 98.0
2111 169.0
2112 203.0
2113 31.0
2114 204.0
2115 204.0
2116 204.0
2117 203.0
2118 203.0
2119 188.0
2120 180.0
2121 252.0
2122 251.0
2123 203.0
2124 203.0
2125 203.0
2126 215.0
2127 235.0
2128 0.0
2129 44.0
2130 251.0
2131 87.0
2132 251.0
2133 251.0
2134 104.0
2135 204.0
2136 251.0
2137 251.0
2138 0.0
2139 6.0
2140 6.0
2141 6.0
2142 511.0
2143 32.0
2144 203.0
2145 204.0
2146 204.0
2147 204.0
2148 233.0
2149 233.0
2150 203.0
2151 180.0
2152 204.0
2153 180.0
2154 203.0
2155 20.0
2156 204.0
2157 204.0
2158 204.0
2159 103.0
2160 164.0
2161 204.0
2162 169.0
2163 38.0
2164 204.0
2165 204.0
2166 204.0
2167 204.0
2168 203.0
2169 0.0
2170 203.0
2171 175.0
2172 252.0
2173 251.0
2174 251.0
2175 251.0
2176 203.0
2177 215.0
2178 235.0
2179 29.0
2180 44.0
2181 202.0
2182 174.0
2183 251.0
2184 251.0
2185 185.0
2186 191.0
2187 109.0
2188 251.0
2189 87.0
2190 242.0
2191 242.0
2192 242.0
2193 511.0
2194 203.0
2195 251.0
2196 180.0
2197 204.0
2198 163.0
2199 233.0
2200 233.0
2201 203.0
2202 204.0
2203 204.0
2204 180.0
2205 203.0
2206 20.0
2207 204.0
2208 204.0
2209 204.0
2210 103.0
2211 204.0
2212 0.0
2213 169.0
2214 38.0
2215 204.0
2216 203.0
2217 204.0
2218 204.0
2219 204.0
2220 32.0
2221 220.0
2222 175.0
2223 252.0
2224 252.0
2225 203.0
2226 252.0
2227 203.0
2228 203.0
2229 235.0
2230 0.0
2231 251.0
2232 33.0
2233 104.0
2234 251.0
2235 251.0
2236 251.0
2237 191.0
2238 251.0
2239 251.0
2240 98.0
2241 0.0
2242 6.0
2243 6.0
2244 511.0
2245 204.0
2246 38.0
2247 180.0
2248 1.0
2249 204.0
2250 229.0
2251 233.0
2252 203.0
2253 203.0
2254 204.0
2255 163.0
2256 203.0
2257 0.0
2258 204.0
2259 204.0
2260 204.0
2261 103.0
2262 204.0
2263 93.0
2264 169.0
2265 38.0
2266 204.0
2267 203.0
2268 204.0
2269 175.0
2270 204.0
2271 203.0
2272 203.0
2273 103.0
2274 251.0
2275 252.0
2276 203.0
2277 251.0
2278 203.0
2279 203.0
2280 235.0
2281 0.0
2282 418.0
2283 203.0
2284 191.0
2285 251.0
2286 251.0
2287 104.0
2288 191.0
2289 251.0
2290 251.0
2291 25.0
2292 6.0
2293 6.0
2294 6.0
2295 511.0
2296 204.0
2297 38.0
2298 32.0
2299 203.0
2300 204.0
2301 233.0
2302 233.0
2303 203.0
2304 204.0
2305 204.0
2306 163.0
2307 204.0
2308 0.0
2309 204.0
2310 204.0
2311 204.0
2312 204.0
2313 164.0
2314 164.0
2315 169.0
2316 38.0
2317 203.0
2318 204.0
2319 204.0
2320 175.0
2321 203.0
2322 203.0
2323 220.0
2324 180.0
2325 252.0
2326 251.0
2327 251.0
2328 251.0
2329 203.0
2330 215.0
2331 235.0
2332 0.0
2333 33.0
2334 251.0
2335 87.0
2336 251.0
2337 251.0
2338 104.0
2339 191.0
2340 251.0
2341 251.0
2342 98.0
2343 6.0
2344 242.0
2345 6.0
2346 511.0
2347 233.0
2348 251.0
2349 1.0
2350 204.0
2351 204.0
2352 233.0
2353 233.0
2354 203.0
2355 204.0
2356 204.0
2357 98.0
2358 204.0
2359 20.0
2360 204.0
2361 204.0
2362 204.0
2363 203.0
2364 164.0
2365 204.0
2366 169.0
2367 32.0
2368 203.0
2369 204.0
2370 204.0
2371 204.0
2372 203.0
2373 180.0
2374 251.0
2375 175.0
2376 252.0
2377 251.0
2378 252.0
2379 251.0
2380 16.0
2381 215.0
2382 235.0
2383 0.0
2384 251.0
2385 202.0
2386 109.0
2387 251.0
2388 251.0
2389 185.0
2390 191.0
2391 109.0
2392 251.0
2393 251.0
2394 0.0
2395 242.0
2396 242.0
2397 511.0
2398 204.0
2399 233.0
2400 180.0
2401 204.0
2402 186.0
2403 233.0
2404 233.0
2405 203.0
2406 203.0
2407 204.0
2408 163.0
2409 203.0
2410 20.0
2411 204.0
2412 204.0
2413 204.0
2414 103.0
2415 204.0
2416 92.0
2417 169.0
2418 33.0
2419 103.0
2420 203.0
2421 204.0
2422 204.0
2423 204.0
2424 0.0
2425 32.0
2426 93.0
2427 252.0
2428 251.0
2429 252.0
2430 251.0
2431 32.0
2432 203.0
2433 235.0
2434 0.0
2435 33.0
2436 203.0
2437 104.0
2438 251.0
2439 251.0
2440 104.0
2441 191.0
2442 251.0
2443 251.0
2444 0.0
2445 242.0
2446 6.0
2447 242.0
2448 511.0
2449 204.0
2450 251.0
2451 180.0
2452 186.0
2453 204.0
2454 229.0
2455 233.0
2456 203.0
2457 203.0
2458 204.0
2459 163.0
2460 204.0
2461 25.0
2462 204.0
2463 204.0
2464 204.0
2465 204.0
2466 204.0
2467 204.0
2468 169.0
2469 38.0
2470 203.0
2471 204.0
2472 204.0
2473 175.0
2474 204.0
2475 203.0
2476 251.0
2477 204.0
2478 251.0
2479 252.0
2480 252.0
2481 203.0
2482 203.0
2483 231.0
2484 235.0
2485 0.0
2486 33.0
2487 315.0
2488 87.0
2489 251.0
2490 251.0
2491 251.0
2492 109.0
2493 251.0
2494 251.0
2495 0.0
2496 6.0
2497 6.0
2498 6.0
2499 511.0
2500 204.0
2501 251.0
2502 38.0
2503 251.0
2504 204.0
2505 233.0
2506 233.0
2507 203.0
2508 204.0
2509 204.0
2510 180.0
2511 204.0
2512 32.0
2513 204.0
2514 204.0
2515 204.0
2516 204.0
2517 164.0
2518 164.0
2519 169.0
2520 203.0
2521 203.0
2522 204.0
2523 204.0
2524 175.0
2525 204.0
2526 32.0
2527 251.0
2528 180.0
2529 251.0
2530 252.0
2531 252.0
2532 203.0
2533 203.0
2534 215.0
2535 235.0
2536 0.0
2537 251.0
2538 202.0
2539 87.0
2540 251.0
2541 251.0
2542 33.0
2543 1.0
2544 251.0
2545 251.0
2546 32.0
2547 6.0
2548 0.0
2549 6.0
2550 511.0
2551 204.0
2552 251.0
2553 204.0
2554 38.0
2555 204.0
2556 233.0
2557 233.0
2558 203.0
2559 203.0
2560 204.0
2561 180.0
2562 204.0
2563 20.0
2564 204.0
2565 204.0
2566 204.0
2567 204.0
2568 164.0
2569 98.0
2570 169.0
2571 33.0
2572 6.0
2573 203.0
2574 204.0
2575 204.0
2576 203.0
2577 32.0
2578 251.0
2579 180.0
2580 252.0
2581 252.0
2582 252.0
2583 252.0
2584 251.0
2585 215.0
2586 235.0
2587 0.0
2588 33.0
2589 33.0
2590 0.0
2591 251.0
2592 251.0
2593 104.0
2594 191.0
2595 251.0
2596 251.0
2597 98.0
2598 0.0
2599 6.0
2600 242.0
2601 511.0
2602 241.0
2603 251.0
2604 204.0
2605 38.0
2606 186.0
2607 233.0
2608 233.0
2609 203.0
2610 203.0
2611 204.0
2612 163.0
2613 203.0
2614 20.0
2615 204.0
2616 204.0
2617 204.0
2618 204.0
2619 104.0
2620 164.0
2621 169.0
2622 6.0
2623 109.0
2624 203.0
2625 204.0
2626 204.0
2627 203.0
2628 183.0
2629 251.0
2630 204.0
2631 252.0
2632 252.0
2633 252.0
2634 251.0
2635 16.0
2636 203.0
2637 235.0
2638 30.0
2639 33.0
2640 203.0
2641 99.0
2642 251.0
2643 251.0
2644 104.0
2645 251.0
2646 251.0
2647 251.0
2648 0.0
2649 242.0
2650 6.0
2651 242.0
2652 511.0
2653 204.0
2654 241.0
2655 31.0
2656 180.0
2657 163.0
2658 233.0
2659 233.0
2660 203.0
2661 204.0
2662 204.0
2663 180.0
2664 204.0
2665 25.0
2666 204.0
2667 204.0
2668 204.0
2669 204.0
2670 33.0
2671 32.0
2672 169.0
2673 38.0
2674 203.0
2675 204.0
2676 204.0
2677 175.0
2678 203.0
2679 203.0
2680 251.0
2681 204.0
2682 252.0
2683 252.0
2684 252.0
2685 203.0
2686 32.0
2687 203.0
2688 235.0
2689 0.0
2690 528.0
2691 38.0
2692 109.0
2693 251.0
2694 251.0
2695 0.0
2696 251.0
2697 251.0
2698 251.0
2699 0.0
2700 6.0
2701 61.0
2702 6.0
2703 528.0
2704 0.0
2705 251.0
2706 204.0
2707 211.0
2708 12.0
2709 233.0
2710 233.0
2711 203.0
2712 204.0
2713 204.0
2714 203.0
2715 203.0
2716 20.0
2717 204.0
2718 204.0
2719 204.0
2720 204.0
2721 164.0
2722 93.0
2723 169.0
2724 204.0
2725 203.0
2726 204.0
2727 204.0
2728 204.0
2729 204.0
2730 33.0
2731 251.0
2732 204.0
2733 252.0
2734 252.0
2735 252.0
2736 251.0
2737 203.0
2738 169.0
2739 235.0
2740 0.0
2741 251.0
2742 202.0
2743 185.0
2744 251.0
2745 251.0
2746 38.0
2747 251.0
2748 251.0
2749 251.0
2750 98.0
2751 6.0
2752 6.0
2753 242.0
2754 528.0
2755 204.0
2756 251.0
2757 38.0
2758 251.0
2759 204.0
2760 229.0
2761 233.0
2762 203.0
2763 203.0
2764 204.0
2765 203.0
2766 203.0
2767 20.0
2768 204.0
2769 204.0
2770 204.0
2771 204.0
2772 174.0
2773 204.0
2774 169.0
2775 0.0
2776 204.0
2777 203.0
2778 204.0
2779 204.0
2780 204.0
2781 120.0
2782 251.0
2783 175.0
2784 252.0
2785 252.0
2786 252.0
2787 251.0
2788 16.0
2789 175.0
2790 235.0
2791 0.0
2792 203.0
2793 251.0
2794 32.0
2795 251.0
2796 251.0
2797 115.0
2798 191.0
2799 251.0
2800 251.0
2801 98.0
2802 242.0
2803 6.0
2804 242.0
2805 528.0
2806 204.0
2807 241.0
2808 204.0
2809 38.0
2810 204.0
2811 233.0
2812 233.0
2813 203.0
2814 204.0
2815 204.0
2816 203.0
2817 204.0
2818 20.0
2819 204.0
2820 204.0
2821 204.0
2822 204.0
2823 104.0
2824 204.0
2825 169.0
2826 203.0
2827 204.0
2828 203.0
2829 204.0
2830 175.0
2831 203.0
2832 120.0
2833 251.0
2834 204.0
2835 251.0
2836 252.0
2837 252.0
2838 203.0
2839 251.0
2840 203.0
2841 235.0
2842 0.0
2843 203.0
2844 251.0
2845 109.0
2846 251.0
2847 251.0
2848 185.0
2849 251.0
2850 251.0
2851 251.0
2852 0.0
2853 242.0
2854 251.0
2855 251.0
2856 528.0
2857 204.0
2858 251.0
2859 38.0
2860 180.0
2861 30.0
2862 233.0
2863 233.0
2864 203.0
2865 204.0
2866 204.0
2867 203.0
2868 204.0
2869 20.0
2870 204.0
2871 204.0
2872 204.0
2873 204.0
2874 102.0
2875 32.0
2876 169.0
2877 204.0
2878 203.0
2879 204.0
2880 204.0
2881 175.0
2882 204.0
2883 203.0
2884 251.0
2885 180.0
2886 252.0
2887 252.0
2888 252.0
2889 203.0
2890 32.0
2891 175.0
2892 235.0
2893 0.0
2894 204.0
2895 528.0
2896 174.0
2897 251.0
2898 251.0
2899 32.0
2900 251.0
2901 109.0
2902 251.0
2903 25.0
2904 6.0
2905 242.0
2906 6.0
2907 528.0
2908 38.0
2909 251.0
2910 204.0
2911 38.0
2912 204.0
2913 233.0
2914 233.0
2915 203.0
2916 203.0
2917 204.0
2918 204.0
2919 203.0
2920 25.0
2921 204.0
2922 204.0
2923 204.0
2924 204.0
2925 104.0
2926 32.0
2927 169.0
2928 0.0
2929 204.0
2930 204.0
2931 204.0
2932 204.0
2933 204.0
2934 33.0
2935 251.0
2936 203.0
2937 252.0
2938 252.0
2939 252.0
2940 251.0
2941 32.0
2942 203.0
2943 235.0
2944 0.0
2945 251.0
2946 33.0
2947 0.0
2948 251.0
2949 251.0
2950 104.0
2951 191.0
2952 251.0
2953 251.0
2954 25.0
2955 242.0
2956 242.0
2957 242.0
2958 528.0
2959 204.0
2960 240.0
2961 186.0
2962 38.0
2963 186.0
2964 233.0
2965 233.0
2966 103.0
2967 203.0
2968 204.0
2969 204.0
2970 204.0
2971 20.0
2972 204.0
2973 204.0
2974 204.0
2975 204.0
2976 33.0
2977 204.0
2978 169.0
2979 203.0
2980 204.0
2981 204.0
2982 204.0
2983 175.0
2984 203.0
2985 191.0
2986 251.0
2987 204.0
2988 252.0
2989 252.0
2990 252.0
2991 203.0
2992 203.0
2993 203.0
2994 235.0
2995 191.0
2996 33.0
2997 251.0
2998 109.0
2999 251.0
3000 251.0
3001 204.0
3002 109.0
3003 251.0
3004 251.0
3005 32.0
3006 251.0
3007 6.0
3008 6.0
3009 528.0
3010 204.0
3011 251.0
3012 1.0
3013 38.0
3014 204.0
3015 233.0
3016 233.0
3017 203.0
3018 204.0
3019 203.0
3020 204.0
3021 204.0
3022 20.0
3023 204.0
3024 204.0
3025 204.0
3026 204.0
3027 33.0
3028 204.0
3029 169.0
3030 203.0
3031 204.0
3032 203.0
3033 204.0
3034 175.0
3035 204.0
3036 191.0
3037 251.0
3038 204.0
3039 252.0
3040 252.0
3041 252.0
3042 203.0
3043 203.0
3044 203.0
3045 235.0
3046 0.0
3047 528.0
3048 315.0
3049 174.0
3050 251.0
3051 251.0
3052 251.0
3053 109.0
3054 251.0
3055 251.0
3056 25.0
3057 6.0
3058 6.0
3059 6.0
3060 528.0
3061 38.0
3062 251.0
3063 204.0
3064 251.0
3065 204.0
3066 233.0
3067 233.0
3068 25.0
3069 204.0
3070 204.0
3071 204.0
3072 203.0
3073 0.0
3074 204.0
3075 204.0
3076 204.0
3077 204.0
3078 33.0
3079 98.0
3080 169.0
3081 0.0
3082 31.0
3083 204.0
3084 204.0
3085 204.0
3086 203.0
3087 33.0
3088 251.0
3089 251.0
3090 252.0
3091 252.0
3092 252.0
3093 203.0
3094 203.0
3095 175.0
3096 235.0
3097 203.0
3098 251.0
3099 511.0
3100 0.0
3101 251.0
3102 251.0
3103 104.0
3104 191.0
3105 251.0
3106 251.0
3107 25.0
3108 242.0
3109 61.0
3110 0.0
3111 528.0
3112 1.0
3113 241.0
3114 180.0
3115 203.0
3116 180.0
3117 233.0
3118 233.0
3119 203.0
3120 203.0
3121 204.0
3122 204.0
3123 204.0
3124 25.0
3125 204.0
3126 204.0
3127 204.0
3128 204.0
3129 174.0
3130 32.0
3131 169.0
3132 203.0
3133 203.0
3134 204.0
3135 204.0
3136 175.0
3137 203.0
3138 204.0
3139 251.0
3140 203.0
3141 252.0
3142 252.0
3143 252.0
3144 251.0
3145 203.0
3146 203.0
3147 235.0
3148 32.0
3149 33.0
3150 204.0
3151 38.0
3152 251.0
3153 251.0
3154 251.0
3155 191.0
3156 251.0
3157 251.0
3158 87.0
3159 6.0
3160 251.0
3161 242.0
3162 528.0
3163 251.0
3164 232.0
3165 38.0
3166 251.0
3167 1.0
3168 233.0
3169 233.0
3170 203.0
3171 203.0
3172 204.0
3173 204.0
3174 204.0
3175 20.0
3176 204.0
3177 204.0
3178 204.0
3179 204.0
3180 32.0
3181 204.0
3182 169.0
3183 203.0
3184 204.0
3185 204.0
3186 204.0
3187 175.0
3188 203.0
3189 104.0
3190 251.0
3191 203.0
3192 252.0
3193 252.0
3194 252.0
3195 203.0
3196 203.0
3197 203.0
3198 235.0
3199 539.0
3200 251.0
3201 528.0
3202 0.0
3203 251.0
3204 251.0
3205 180.0
3206 251.0
3207 251.0
3208 251.0
3209 25.0
3210 6.0
3211 6.0
3212 6.0
3213 539.0
3214 38.0
3215 251.0
3216 38.0
3217 226.0
3218 204.0
3219 233.0
3220 233.0
3221 203.0
3222 203.0
3223 204.0
3224 203.0
3225 203.0
3226 20.0
3227 204.0
3228 204.0
3229 204.0
3230 204.0
3231 33.0
3232 98.0
3233 169.0
3234 0.0
3235 103.0
3236 203.0
3237 204.0
3238 204.0
3239 204.0
3240 203.0
3241 251.0
3242 204.0
3243 252.0
3244 252.0
3245 252.0
3246 251.0
3247 203.0
3248 175.0
3249 315.0
3250 38.0
3251 49.0
3252 272.0
3253 32.0
3254 251.0
3255 251.0
3256 104.0
3257 251.0
3258 251.0
3259 251.0
3260 25.0
3261 0.0
3262 251.0
3263 6.0
3264 539.0
3265 203.0
3266 251.0
3267 32.0
3268 251.0
3269 204.0
3270 233.0
3271 233.0
3272 203.0
3273 204.0
3274 204.0
3275 204.0
3276 203.0
3277 25.0
3278 204.0
3279 204.0
3280 204.0
3281 204.0
3282 33.0
3283 204.0
3284 169.0
3285 38.0
3286 31.0
3287 203.0
3288 204.0
3289 204.0
3290 204.0
3291 203.0
3292 251.0
3293 203.0
3294 252.0
3295 252.0
3296 252.0
3297 251.0
3298 203.0
3299 30.0
3300 203.0
3301 251.0
3302 265.0
3303 528.0
3304 0.0
3305 251.0
3306 251.0
3307 104.0
3308 191.0
3309 251.0
3310 251.0
3311 98.0
3312 6.0
3313 242.0
3314 203.0
3315 539.0
3316 38.0
3317 251.0
3318 180.0
3319 251.0
3320 204.0
3321 233.0
3322 233.0
3323 103.0
3324 203.0
3325 204.0
3326 204.0
3327 204.0
3328 25.0
3329 204.0
3330 204.0
3331 204.0
3332 204.0
3333 33.0
3334 204.0
3335 169.0
3336 38.0
3337 32.0
3338 204.0
3339 204.0
3340 204.0
3341 203.0
3342 104.0
3343 251.0
3344 203.0
3345 252.0
3346 252.0
3347 252.0
3348 252.0
3349 32.0
3350 203.0
3351 98.0
3352 32.0
3353 203.0
3354 252.0
3355 518.0
3356 251.0
3357 251.0
3358 32.0
3359 251.0
3360 251.0
3361 251.0
3362 98.0
3363 6.0
3364 6.0
3365 6.0
3366 539.0
3367 251.0
3368 251.0
3369 180.0
3370 251.0
3371 163.0
3372 233.0
3373 233.0
3374 203.0
3375 203.0
3376 204.0
3377 204.0
3378 204.0
3379 20.0
3380 204.0
3381 204.0
3382 204.0
3383 204.0
3384 32.0
3385 98.0
3386 169.0
3387 38.0
3388 203.0
3389 204.0
3390 204.0
3391 204.0
3392 204.0
3393 186.0
3394 251.0
3395 204.0
3396 252.0
3397 252.0
3398 252.0
3399 203.0
3400 203.0
3401 169.0
3402 316.0
3403 251.0
3404 251.0
3405 528.0
3406 453.0
3407 203.0
3408 251.0
3409 174.0
3410 251.0
3411 251.0
3412 251.0
3413 25.0
3414 0.0
3415 6.0
3416 6.0
3417 539.0
3418 38.0
3419 251.0
3420 1.0
3421 251.0
3422 204.0
3423 233.0
3424 233.0
3425 203.0
3426 180.0
3427 204.0
3428 204.0
3429 203.0
3430 25.0
3431 204.0
3432 204.0
3433 204.0
3434 204.0
3435 174.0
3436 32.0
3437 169.0
3438 33.0
3439 30.0
3440 203.0
3441 204.0
3442 204.0
3443 204.0
3444 203.0
3445 251.0
3446 33.0
3447 252.0
3448 252.0
3449 252.0
3450 251.0
3451 203.0
3452 38.0
3453 203.0
3454 180.0
3455 315.0
3456 447.0
3457 446.0
3458 203.0
3459 251.0
3460 104.0
3461 191.0
3462 251.0
3463 251.0
3464 98.0
3465 242.0
3466 242.0
3467 6.0
3468 539.0
3469 38.0
3470 251.0
3471 32.0
3472 251.0
3473 204.0
3474 233.0
3475 233.0
3476 203.0
3477 180.0
3478 204.0
3479 204.0
3480 204.0
3481 25.0
3482 204.0
3483 204.0
3484 204.0
3485 204.0
3486 33.0
3487 204.0
3488 169.0
3489 6.0
3490 31.0
3491 203.0
3492 204.0
3493 204.0
3494 203.0
3495 186.0
3496 251.0
3497 203.0
3498 252.0
3499 252.0
3500 252.0
3501 251.0
3502 25.0
3503 32.0
3504 98.0
3505 32.0
3506 265.0
3507 528.0
3508 513.0
3509 174.0
3510 251.0
3511 33.0
3512 191.0
3513 251.0
3514 251.0
3515 25.0
3516 6.0
3517 6.0
3518 0.0
3519 539.0
3520 251.0
3521 241.0
3522 186.0
3523 251.0
3524 186.0
3525 233.0
3526 233.0
3527 203.0
3528 203.0
3529 204.0
3530 204.0
3531 204.0
3532 25.0
3533 204.0
3534 204.0
3535 204.0
3536 204.0
3537 33.0
3538 204.0
3539 169.0
3540 38.0
3541 32.0
3542 204.0
3543 204.0
3544 204.0
3545 203.0
3546 109.0
3547 251.0
3548 93.0
3549 252.0
3550 252.0
3551 252.0
3552 203.0
3553 203.0
3554 32.0
3555 8.0
3556 32.0
3557 231.0
3558 251.0
3559 539.0
3560 518.0
3561 251.0
3562 32.0
3563 251.0
3564 251.0
3565 251.0
3566 98.0
3567 242.0
3568 6.0
3569 0.0
3570 539.0
3571 203.0
3572 251.0
3573 1.0
3574 251.0
3575 32.0
3576 233.0
3577 233.0
3578 103.0
3579 204.0
3580 204.0
3581 204.0
3582 204.0
3583 20.0
3584 204.0
3585 204.0
3586 204.0
3587 204.0
3588 32.0
3589 32.0
3590 169.0
3591 33.0
3592 30.0
3593 204.0
3594 204.0
3595 204.0
3596 204.0
3597 204.0
3598 251.0
3599 33.0
3600 252.0
3601 252.0
3602 252.0
3603 203.0
3604 225.0
3605 32.0
3606 453.0
3607 32.0
3608 315.0
3609 518.0
3610 539.0
3611 6.0
3612 6.0
3613 251.0
3614 25.0
3615 251.0
3616 251.0
3617 0.0
3618 242.0
3619 242.0
3620 6.0
3621 539.0
3622 38.0
3623 251.0
3624 251.0
3625 251.0
3626 204.0
3627 233.0
3628 233.0
3629 203.0
3630 180.0
3631 204.0
3632 204.0
3633 204.0
3634 20.0
3635 204.0
3636 204.0
3637 204.0
3638 204.0
3639 33.0
3640 204.0
3641 169.0
3642 203.0
3643 203.0
3644 203.0
3645 204.0
3646 204.0
3647 203.0
3648 203.0
3649 251.0
3650 182.0
3651 252.0
3652 252.0
3653 252.0
3654 251.0
3655 203.0
3656 109.0
3657 203.0
3658 38.0
3659 290.0
3660 539.0
3661 523.0
3662 109.0
3663 453.0
3664 104.0
3665 191.0
3666 251.0
3667 251.0
3668 98.0
3669 242.0
3670 242.0
3671 6.0
3672 539.0
3673 251.0
3674 241.0
3675 204.0
3676 251.0
3677 251.0
3678 233.0
3679 233.0
3680 203.0
3681 204.0
3682 204.0
3683 204.0
3684 204.0
3685 38.0
3686 204.0
3687 204.0
3688 204.0
3689 204.0
3690 104.0
3691 204.0
3692 169.0
3693 38.0
3694 203.0
3695 204.0
3696 204.0
3697 204.0
3698 204.0
3699 203.0
3700 251.0
3701 203.0
3702 252.0
3703 252.0
3704 252.0
3705 251.0
3706 203.0
3707 32.0
3708 526.0
3709 32.0
3710 203.0
3711 539.0
3712 523.0
3713 174.0
3714 174.0
3715 203.0
3716 191.0
3717 251.0
3718 251.0
3719 87.0
3720 6.0
3721 242.0
3722 242.0
3723 539.0
3724 251.0
3725 251.0
3726 38.0
3727 251.0
3728 1.0
3729 235.0
3730 233.0
3731 109.0
3732 203.0
3733 204.0
3734 204.0
3735 204.0
3736 25.0
3737 204.0
3738 204.0
3739 204.0
3740 204.0
3741 32.0
3742 32.0
3743 169.0
3744 203.0
3745 204.0
3746 203.0
3747 204.0
3748 175.0
3749 204.0
3750 251.0
3751 251.0
3752 180.0
3753 252.0
3754 252.0
3755 252.0
3756 203.0
3757 203.0
3758 98.0
3759 98.0
3760 38.0
3761 518.0
3762 539.0
3763 539.0
3764 11.0
3765 252.0
3766 109.0
3767 25.0
3768 251.0
3769 251.0
3770 0.0
3771 6.0
3772 251.0
3773 0.0
3774 539.0
3775 203.0
3776 251.0
3777 6.0
3778 251.0
3779 204.0
3780 251.0
3781 235.0
3782 203.0
3783 203.0
3784 204.0
3785 204.0
3786 204.0
3787 20.0
3788 204.0
3789 204.0
3790 204.0
3791 204.0
3792 38.0
3793 32.0
3794 169.0
3795 33.0
3796 109.0
3797 203.0
3798 204.0
3799 204.0
3800 203.0
3801 114.0
3802 251.0
3803 180.0
3804 252.0
3805 252.0
3806 252.0
3807 203.0
3808 213.0
3809 32.0
3810 203.0
3811 32.0
3812 539.0
3813 523.0
3814 510.0
3815 104.0
3816 204.0
3817 104.0
3818 251.0
3819 251.0
3820 251.0
3821 251.0
3822 242.0
3823 6.0
3824 242.0
3825 539.0
3826 233.0
3827 251.0
3828 180.0
3829 251.0
3830 204.0
3831 203.0
3832 203.0
3833 203.0
3834 204.0
3835 204.0
3836 204.0
3837 204.0
3838 0.0
3839 204.0
3840 204.0
3841 204.0
3842 204.0
3843 38.0
3844 204.0
3845 169.0
3846 203.0
3847 204.0
3848 204.0
3849 204.0
3850 204.0
3851 203.0
3852 203.0
3853 251.0
3854 182.0
3855 252.0
3856 252.0
3857 252.0
3858 203.0
3859 203.0
3860 32.0
3861 203.0
3862 32.0
3863 384.0
3864 539.0
3865 523.0
3866 174.0
3867 33.0
3868 203.0
3869 191.0
3870 251.0
3871 251.0
3872 87.0
3873 6.0
3874 242.0
3875 6.0
3876 539.0
3877 251.0
3878 240.0
3879 180.0
3880 251.0
3881 1.0
3882 242.0
3883 203.0
3884 87.0
3885 204.0
3886 204.0
3887 203.0
3888 204.0
3889 0.0
3890 204.0
3891 204.0
3892 204.0
3893 204.0
3894 32.0
3895 32.0
3896 169.0
3897 38.0
3898 203.0
3899 203.0
3900 204.0
3901 175.0
3902 203.0
3903 203.0
3904 251.0
3905 182.0
3906 252.0
3907 252.0
3908 252.0
3909 252.0
3910 203.0
3911 98.0
3912 251.0
3913 32.0
3914 512.0
3915 539.0
3916 507.0
3917 11.0
3918 33.0
3919 203.0
3920 25.0
3921 251.0
3922 251.0
3923 32.0
3924 242.0
3925 251.0
3926 6.0
3927 539.0
3928 251.0
3929 251.0
3930 32.0
3931 251.0
3932 234.0
3933 251.0
3934 251.0
3935 109.0
3936 203.0
3937 204.0
3938 204.0
3939 204.0
3940 0.0
3941 204.0
3942 204.0
3943 204.0
3944 204.0
3945 32.0
3946 32.0
3947 169.0
3948 203.0
3949 204.0
3950 203.0
3951 204.0
3952 204.0
3953 203.0
3954 203.0
3955 251.0
3956 180.0
3957 252.0
3958 252.0
3959 252.0
3960 0.0
3961 203.0
3962 32.0
3963 8.0
3964 180.0
3965 539.0
3966 539.0
3967 38.0
3968 174.0
3969 203.0
3970 203.0
3971 191.0
3972 251.0
3973 251.0
3974 32.0
3975 242.0
3976 6.0
3977 242.0
3978 539.0
3979 243.0
3980 251.0
3981 38.0
3982 251.0
3983 204.0
3984 251.0
3985 32.0
3986 98.0
3987 203.0
3988 204.0
3989 204.0
3990 204.0
3991 20.0
3992 204.0
3993 204.0
3994 204.0
3995 204.0
3996 38.0
3997 204.0
3998 169.0
3999 0.0
4000 204.0
4001 204.0
4002 204.0
4003 204.0
4004 203.0
4005 186.0
4006 251.0
4007 182.0
4008 252.0
4009 252.0
4010 252.0
4011 203.0
4012 225.0
4013 38.0
4014 315.0
4015 38.0
4016 510.0
4017 523.0
4018 528.0
4019 185.0
4020 33.0
4021 104.0
4022 251.0
4023 251.0
4024 251.0
4025 98.0
4026 6.0
4027 242.0
4028 251.0
4029 539.0
4030 251.0
4031 241.0
4032 204.0
4033 251.0
4034 0.0
4035 251.0
4036 242.0
4037 203.0
4038 203.0
4039 204.0
4040 204.0
4041 204.0
4042 92.0
4043 204.0
4044 204.0
4045 204.0
4046 204.0
4047 38.0
4048 204.0
4049 169.0
4050 0.0
4051 6.0
4052 204.0
4053 203.0
4054 204.0
4055 203.0
4056 203.0
4057 251.0
4058 251.0
4059 252.0
4060 252.0
4061 252.0
4062 251.0
4063 225.0
4064 103.0
4065 112.0
4066 32.0
4067 619.0
4068 539.0
4069 528.0
4070 11.0
4071 33.0
4072 104.0
4073 251.0
4074 251.0
4075 251.0
4076 98.0
4077 251.0
4078 251.0
4079 6.0
4080 619.0
4081 233.0
4082 241.0
4083 186.0
4084 251.0
4085 0.0
4086 251.0
4087 246.0
4088 109.0
4089 204.0
4090 204.0
4091 204.0
4092 204.0
4093 0.0
4094 204.0
4095 204.0
4096 204.0
4097 204.0
4098 32.0
4099 32.0
4100 169.0
4101 0.0
4102 204.0
4103 203.0
4104 204.0
4105 204.0
4106 203.0
4107 203.0
4108 251.0
4109 180.0
4110 252.0
4111 252.0
4112 252.0
4113 251.0
4114 25.0
4115 32.0
4116 203.0
4117 38.0
4118 384.0
4119 539.0
4120 523.0
4121 11.0
4122 520.0
4123 17.0
4124 191.0
4125 251.0
4126 251.0
4127 251.0
4128 242.0
4129 6.0
4130 242.0
4131 619.0
4132 233.0
4133 251.0
4134 32.0
4135 251.0
4136 32.0
4137 251.0
4138 203.0
4139 38.0
4140 204.0
4141 204.0
4142 204.0
4143 204.0
4144 20.0
4145 204.0
4146 204.0
4147 204.0
4148 204.0
4149 32.0
4150 32.0
4151 169.0
4152 204.0
4153 204.0
4154 203.0
4155 204.0
4156 204.0
4157 203.0
4158 251.0
4159 251.0
4160 203.0
4161 252.0
4162 252.0
4163 252.0
4164 203.0
4165 203.0
4166 103.0
4167 0.0
4168 180.0
4169 539.0
4170 180.0
4171 539.0
4172 11.0
4173 252.0
4174 204.0
4175 25.0
4176 251.0
4177 251.0
4178 0.0
4179 251.0
4180 251.0
4181 242.0
4182 619.0
4183 251.0
4184 251.0
4185 6.0
4186 251.0
4187 186.0
4188 242.0
4189 251.0
4190 98.0
4191 203.0
4192 204.0
4193 204.0
4194 204.0
4195 20.0
4196 204.0
4197 204.0
4198 204.0
4199 204.0
4200 38.0
4201 204.0
4202 169.0
4203 203.0
4204 204.0
4205 204.0
4206 204.0
4207 204.0
4208 203.0
4209 204.0
4210 251.0
4211 182.0
4212 252.0
4213 252.0
4214 252.0
4215 203.0
4216 213.0
4217 103.0
4218 112.0
4219 32.0
4220 511.0
4221 380.0
4222 518.0
4223 11.0
4224 33.0
4225 174.0
4226 25.0
4227 251.0
4228 251.0
4229 251.0
4230 6.0
4231 251.0
4232 251.0
4233 619.0
4234 233.0
4235 241.0
4236 215.0
4237 251.0
4238 180.0
4239 251.0
4240 241.0
4241 174.0
4242 204.0
4243 204.0
4244 204.0
4245 204.0
4246 25.0
4247 204.0
4248 204.0
4249 204.0
4250 204.0
4251 104.0
4252 204.0
4253 169.0
4254 203.0
4255 204.0
4256 204.0
4257 204.0
4258 204.0
4259 203.0
4260 251.0
4261 251.0
4262 251.0
4263 252.0
4264 252.0
4265 252.0
4266 251.0
4267 251.0
4268 32.0
4269 203.0
4270 32.0
4271 386.0
4272 180.0
4273 523.0
4274 11.0
4275 518.0
4276 203.0
4277 204.0
4278 251.0
4279 251.0
4280 98.0
4281 251.0
4282 251.0
4283 251.0
4284 619.0
4285 233.0
4286 251.0
4287 186.0
4288 251.0
4289 0.0
4290 251.0
4291 251.0
4292 25.0
4293 204.0
4294 204.0
4295 204.0
4296 204.0
4297 38.0
4298 204.0
4299 204.0
4300 204.0
4301 204.0
4302 38.0
4303 204.0
4304 169.0
4305 0.0
4306 204.0
4307 203.0
4308 204.0
4309 204.0
4310 203.0
4311 203.0
4312 251.0
4313 163.0
4314 252.0
4315 252.0
4316 252.0
4317 0.0
4318 203.0
4319 32.0
4320 251.0
4321 32.0
4322 520.0
4323 180.0
4324 539.0
4325 43.0
4326 252.0
4327 185.0
4328 251.0
4329 251.0
4330 251.0
4331 14.0
4332 242.0
4333 251.0
4334 242.0
4335 619.0
4336 251.0
4337 251.0
4338 251.0
4339 251.0
4340 1.0
4341 242.0
4342 343.0
4343 203.0
4344 204.0
4345 204.0
4346 204.0
4347 204.0
4348 20.0
4349 204.0
4350 204.0
4351 204.0
4352 204.0
4353 38.0
4354 204.0
4355 169.0
4356 0.0
4357 204.0
4358 204.0
4359 204.0
4360 204.0
4361 203.0
4362 203.0
4363 251.0
4364 204.0
4365 252.0
4366 252.0
4367 252.0
4368 203.0
4369 225.0
4370 32.0
4371 203.0
4372 180.0
4373 512.0
4374 6.0
4375 539.0
4376 185.0
4377 453.0
4378 185.0
4379 0.0
4380 251.0
4381 251.0
4382 32.0
4383 251.0
4384 251.0
4385 251.0
4386 619.0
4387 251.0
4388 239.0
4389 32.0
4390 251.0
4391 251.0
4392 32.0
4393 203.0
4394 104.0
4395 203.0
4396 204.0
4397 204.0
4398 204.0
4399 0.0
4400 204.0
4401 204.0
4402 204.0
4403 204.0
4404 38.0
4405 204.0
4406 169.0
4407 203.0
4408 6.0
4409 204.0
4410 204.0
4411 204.0
4412 203.0
4413 180.0
4414 251.0
4415 182.0
4416 252.0
4417 252.0
4418 252.0
4419 252.0
4420 203.0
4421 32.0
4422 203.0
4423 32.0
4424 392.0
4425 180.0
4426 523.0
4427 104.0
4428 527.0
4429 104.0
4430 204.0
4431 251.0
4432 251.0
4433 98.0
4434 251.0
4435 6.0
4436 251.0
4437 619.0
4438 251.0
4439 233.0
4440 180.0
4441 251.0
4442 186.0
4443 203.0
4444 251.0
4445 25.0
4446 204.0
4447 204.0
4448 204.0
4449 204.0
4450 0.0
4451 204.0
4452 204.0
4453 204.0
4454 204.0
4455 38.0
4456 204.0
4457 169.0
4458 203.0
4459 204.0
4460 203.0
4461 204.0
4462 204.0
4463 203.0
4464 203.0
4465 251.0
4466 182.0
4467 252.0
4468 252.0
4469 252.0
4470 0.0
4471 203.0
4472 32.0
4473 8.0
4474 32.0
4475 619.0
4476 180.0
4477 523.0
4478 11.0
4479 33.0
4480 252.0
4481 251.0
4482 251.0
4483 251.0
4484 38.0
4485 251.0
4486 242.0
4487 242.0
4488 619.0
4489 251.0
4490 251.0
4491 251.0
4492 251.0
4493 38.0
4494 249.0
4495 251.0
4496 25.0
4497 203.0
4498 204.0
4499 204.0
4500 204.0
4501 20.0
4502 204.0
4503 204.0
4504 204.0
4505 204.0
4506 38.0
4507 204.0
4508 169.0
4509 0.0
4510 6.0
4511 203.0
4512 204.0
4513 204.0
4514 203.0
4515 203.0
4516 251.0
4517 25.0
4518 252.0
4519 252.0
4520 252.0
4521 203.0
4522 203.0
4523 32.0
4524 8.0
4525 32.0
4526 520.0
4527 539.0
4528 539.0
4529 174.0
4530 528.0
4531 252.0
4532 109.0
4533 251.0
4534 251.0
4535 0.0
4536 251.0
4537 6.0
4538 242.0
4539 619.0
4540 251.0
4541 251.0
4542 38.0
4543 251.0
4544 32.0
4545 246.0
4546 93.0
4547 204.0
4548 203.0
4549 204.0
4550 204.0
4551 204.0
4552 25.0
4553 204.0
4554 204.0
4555 204.0
4556 204.0
4557 38.0
4558 204.0
4559 169.0
4560 203.0
4561 203.0
4562 6.0
4563 204.0
4564 175.0
4565 203.0
4566 251.0
4567 251.0
4568 251.0
4569 252.0
4570 252.0
4571 252.0
4572 203.0
4573 251.0
4574 38.0
4575 512.0
4576 32.0
4577 619.0
4578 208.0
4579 539.0
4580 185.0
4581 513.0
4582 251.0
4583 251.0
4584 251.0
4585 251.0
4586 32.0
4587 251.0
4588 6.0
4589 251.0
4590 619.0
4591 251.0
4592 251.0
4593 251.0
4594 251.0
4595 186.0
4596 251.0
4597 251.0
4598 204.0
4599 204.0
4600 204.0
4601 204.0
4602 204.0
4603 38.0
4604 204.0
4605 204.0
4606 204.0
4607 204.0
4608 38.0
4609 204.0
4610 169.0
4611 204.0
4612 204.0
4613 203.0
4614 204.0
4615 204.0
4616 203.0
4617 203.0
4618 251.0
4619 203.0
4620 252.0
4621 252.0
4622 252.0
4623 0.0
4624 251.0
4625 32.0
4626 203.0
4627 32.0
4628 384.0
4629 251.0
4630 523.0
4631 109.0
4632 33.0
4633 109.0
4634 191.0
4635 251.0
4636 251.0
4637 98.0
4638 251.0
4639 242.0
4640 251.0
4641 619.0
4642 251.0
4643 251.0
4644 38.0
4645 251.0
4646 1.0
4647 251.0
4648 203.0
4649 203.0
4650 203.0
4651 204.0
4652 204.0
4653 204.0
4654 204.0
4655 204.0
4656 204.0
4657 204.0
4658 204.0
4659 38.0
4660 204.0
4661 169.0
4662 6.0
4663 204.0
4664 203.0
4665 204.0
4666 204.0
4667 25.0
4668 203.0
4669 251.0
4670 203.0
4671 252.0
4672 252.0
4673 252.0
4674 203.0
4675 203.0
4676 32.0
4677 251.0
4678 32.0
4679 528.0
4680 38.0
4681 523.0
4682 11.0
4683 520.0
4684 0.0
4685 91.0
4686 251.0
4687 251.0
4688 251.0
4689 251.0
4690 6.0
4691 242.0
4692 619.0
4693 233.0
4694 251.0
4695 203.0
4696 251.0
4697 251.0
4698 179.0
4699 251.0
4700 158.0
4701 203.0
4702 204.0
4703 204.0
4704 204.0
4705 25.0
4706 204.0
4707 204.0
4708 204.0
4709 204.0
4710 33.0
4711 204.0
4712 169.0
4713 204.0
4714 204.0
4715 203.0
4716 204.0
4717 204.0
4718 203.0
4719 203.0
4720 251.0
4721 33.0
4722 252.0
4723 252.0
4724 252.0
4725 203.0
4726 203.0
4727 32.0
4728 510.0
4729 32.0
4730 528.0
4731 514.0
4732 539.0
4733 174.0
4734 507.0
4735 115.0
4736 33.0
4737 251.0
4738 251.0
4739 0.0
4740 251.0
4741 251.0
4742 251.0
4743 619.0
4744 251.0
4745 241.0
4746 38.0
4747 251.0
4748 180.0
4749 93.0
4750 203.0
4751 204.0
4752 204.0
4753 204.0
4754 204.0
4755 204.0
4756 25.0
4757 204.0
4758 204.0
4759 204.0
4760 204.0
4761 38.0
4762 204.0
4763 169.0
4764 204.0
4765 203.0
4766 204.0
4767 204.0
4768 204.0
4769 203.0
4770 180.0
4771 251.0
4772 251.0
4773 252.0
4774 252.0
4775 252.0
4776 203.0
4777 204.0
4778 32.0
4779 203.0
4780 32.0
4781 399.0
4782 6.0
4783 539.0
4784 174.0
4785 33.0
4786 115.0
4787 2.0
4788 251.0
4789 251.0
4790 98.0
4791 251.0
4792 242.0
4793 251.0
4794 619.0
4795 251.0
4796 251.0
4797 249.0
4798 251.0
4799 32.0
4800 251.0
4801 201.0
4802 203.0
4803 204.0
4804 204.0
4805 204.0
4806 204.0
4807 98.0
4808 204.0
4809 204.0
4810 204.0
4811 204.0
4812 38.0
4813 204.0
4814 169.0
4815 203.0
4816 204.0
4817 204.0
4818 204.0
4819 204.0
4820 25.0
4821 186.0
4822 251.0
4823 203.0
4824 252.0
4825 252.0
4826 252.0
4827 0.0
4828 203.0
4829 32.0
4830 533.0
4831 32.0
4832 512.0
4833 619.0
4834 523.0
4835 11.0
4836 527.0
4837 252.0
4838 203.0
4839 251.0
4840 251.0
4841 32.0
4842 251.0
4843 251.0
4844 251.0
4845 619.0
4846 233.0
4847 251.0
4848 251.0
4849 251.0
4850 251.0
4851 203.0
4852 38.0
4853 204.0
4854 203.0
4855 204.0
4856 204.0
4857 204.0
4858 25.0
4859 204.0
4860 204.0
4861 204.0
4862 204.0
4863 38.0
4864 204.0
4865 169.0
4866 204.0
4867 204.0
4868 204.0
4869 204.0
4870 204.0
4871 203.0
4872 203.0
4873 251.0
4874 203.0
4875 252.0
4876 252.0
4877 252.0
4878 0.0
4879 203.0
4880 103.0
4881 500.0
4882 32.0
4883 512.0
4884 180.0
4885 539.0
4886 6.0
4887 507.0
4888 527.0
4889 33.0
4890 251.0
4891 251.0
4892 32.0
4893 251.0
4894 251.0
4895 251.0
4896 619.0
4897 233.0
4898 251.0
4899 38.0
4900 251.0
4901 251.0
4902 203.0
4903 203.0
4904 204.0
4905 203.0
4906 204.0
4907 204.0
4908 204.0
4909 25.0
4910 204.0
4911 204.0
4912 204.0
4913 204.0
4914 38.0
4915 204.0
4916 169.0
4917 203.0
4918 204.0
4919 203.0
4920 204.0
4921 204.0
4922 6.0
4923 203.0
4924 251.0
4925 251.0
4926 252.0
4927 252.0
4928 252.0
4929 251.0
4930 204.0
4931 32.0
4932 512.0
4933 32.0
4934 526.0
4935 524.0
4936 539.0
4937 174.0
4938 520.0
4939 103.0
4940 203.0
4941 251.0
4942 251.0
4943 251.0
4944 251.0
4945 242.0
4946 251.0
4947 619.0
4948 251.0
4949 251.0
4950 38.0
4951 251.0
4952 32.0
4953 251.0
4954 180.0
4955 203.0
4956 204.0
4957 204.0
4958 204.0
4959 204.0
4960 32.0
4961 204.0
4962 204.0
4963 204.0
4964 204.0
4965 38.0
4966 204.0
4967 169.0
4968 204.0
4969 204.0
4970 204.0
4971 204.0
4972 204.0
4973 203.0
4974 180.0
4975 251.0
4976 251.0
4977 252.0
4978 252.0
4979 252.0
4980 251.0
4981 204.0
4982 32.0
4983 251.0
4984 32.0
4985 392.0
4986 526.0
4987 539.0
4988 251.0
4989 525.0
4990 251.0
4991 203.0
4992 251.0
4993 251.0
4994 203.0
4995 251.0
4996 251.0
4997 251.0
4998 619.0
4999 251.0
5000 251.0
5001 180.0
5002 251.0
5003 1.0
5004 252.0
5005 180.0
5006 204.0
5007 169.0
5008 204.0
5009 204.0
5010 204.0
5011 204.0
5012 204.0
5013 204.0
5014 204.0
5015 204.0
5016 38.0
5017 204.0
5018 169.0
5019 203.0
5020 204.0
5021 204.0
5022 204.0
5023 204.0
5024 203.0
5025 180.0
5026 251.0
5027 203.0
5028 252.0
5029 252.0
5030 252.0
5031 0.0
5032 203.0
5033 32.0
5034 539.0
5035 32.0
5036 384.0
5037 384.0
5038 512.0
5039 11.0
5040 33.0
5041 527.0
5042 6.0
5043 251.0
5044 251.0
5045 251.0
5046 251.0
5047 251.0
5048 251.0
5049 619.0
5050 251.0
5051 241.0
5052 251.0
5053 251.0
5054 186.0
5055 32.0
5056 180.0
5057 204.0
5058 203.0
5059 204.0
5060 204.0
5061 204.0
5062 25.0
5063 204.0
5064 204.0
5065 204.0
5066 204.0
5067 38.0
5068 204.0
5069 169.0
5070 204.0
5071 203.0
5072 203.0
5073 204.0
5074 204.0
5075 203.0
5076 203.0
5077 251.0
5078 251.0
5079 252.0
5080 252.0
5081 252.0
5082 225.0
5083 32.0
5084 32.0
5085 385.0
5086 38.0
5087 619.0
5088 180.0
5089 453.0
5090 252.0
5091 33.0
5092 115.0
5093 204.0
5094 251.0
5095 251.0
5096 251.0
5097 251.0
5098 251.0
5099 251.0
5100 619.0
