1 0.0
2 87.0
3 25.0
4 30.0
5 0.0
6 169.0
7 30.0
8 204.0
9 0.0
10 32.0
11 203.0
12 1.0
13 98.0
14 169.0
15 203.0
16 222.0
17 203.0
18 0.0
19 0.0
20 109.0
21 0.0
22 0.0
23 0.0
24 0.0
25 0.0
26 153.0
27 203.0
28 114.0
29 38.0
30 180.0
31 203.0
32 203.0
33 32.0
34 98.0
35 32.0
36 203.0
37 203.0
38 52.0
39 204.0
40 0.0
41 0.0
42 32.0
43 49.0
44 32.0
45 0.0
46 0.0
47 203.0
48 0.0
49 0.0
50 1.0
51 222.0
52 0.0
53 87.0
54 87.0
55 30.0
56 169.0
57 169.0
58 186.0
59 204.0
60 38.0
61 203.0
62 203.0
63 1.0
64 191.0
65 89.0
66 203.0
67 222.0
68 239.0
69 203.0
70 120.0
71 109.0
72 109.0
73 0.0
74 0.0
75 0.0
76 32.0
77 0.0
78 203.0
79 204.0
80 38.0
81 174.0
82 203.0
83 203.0
84 203.0
85 98.0
86 203.0
87 203.0
88 203.0
89 32.0
90 204.0
91 0.0
92 203.0
93 49.0
94 49.0
95 203.0
96 30.0
97 411.0
98 203.0
99 0.0
100 0.0
101 1.0
102 411.0
103 87.0
104 87.0
105 203.0
106 10.0
107 0.0
108 180.0
109 186.0
110 204.0
111 203.0
112 203.0
113 203.0
114 32.0
115 203.0
116 164.0
117 180.0
118 32.0
119 207.0
120 0.0
121 203.0
122 109.0
123 104.0
124 203.0
125 0.0
126 0.0
127 109.0
128 4.0
129 164.0
130 109.0
131 32.0
132 203.0
133 203.0
134 203.0
135 203.0
136 203.0
137 203.0
138 203.0
139 203.0
140 25.0
141 204.0
142 203.0
143 203.0
144 38.0
145 49.0
146 38.0
147 203.0
148 411.0
149 411.0
150 203.0
151 25.0
152 1.0
153 411.0
154 0.0
155 203.0
156 203.0
157 203.0
158 203.0
159 180.0
160 203.0
161 204.0
162 203.0
163 203.0
164 203.0
165 203.0
166 203.0
167 171.0
168 203.0
169 203.0
170 203.0
171 203.0
172 203.0
173 203.0
174 203.0
175 109.0
176 203.0
177 203.0
178 203.0
179 203.0
180 109.0
181 204.0
182 98.0
183 203.0
184 203.0
185 203.0
186 32.0
187 32.0
188 32.0
189 203.0
190 203.0
191 0.0
192 204.0
193 204.0
194 0.0
195 203.0
196 200.0
197 36.0
198 204.0
199 411.0
200 411.0
201 203.0
202 203.0
203 98.0
204 411.0
205 203.0
206 203.0
207 25.0
208 203.0
209 0.0
210 186.0
211 203.0
212 204.0
213 204.0
214 203.0
215 203.0
216 203.0
217 203.0
218 203.0
219 318.0
220 260.0
221 203.0
222 25.0
223 203.0
224 203.0
225 0.0
226 0.0
227 104.0
228 203.0
229 203.0
230 0.0
231 109.0
232 203.0
233 32.0
234 174.0
235 203.0
236 203.0
237 32.0
238 98.0
239 32.0
240 203.0
241 203.0
242 7.0
243 204.0
244 0.0
245 0.0
246 203.0
247 200.0
248 203.0
249 149.0
250 7.0
251 411.0
252 203.0
253 180.0
254 0.0
255 411.0
256 32.0
257 203.0
258 0.0
259 203.0
260 0.0
261 33.0
262 186.0
263 204.0
264 203.0
265 186.0
266 203.0
267 32.0
268 191.0
269 203.0
270 203.0
271 0.0
272 203.0
273 203.0
274 203.0
275 203.0
276 151.0
277 0.0
278 203.0
279 203.0
280 203.0
281 0.0
282 30.0
283 204.0
284 38.0
285 203.0
286 203.0
287 203.0
288 0.0
289 203.0
290 203.0
291 203.0
292 203.0
293 196.0
294 204.0
295 204.0
296 32.0
297 203.0
298 38.0
299 98.0
300 203.0
301 204.0
302 203.0
303 204.0
304 0.0
305 93.0
306 411.0
307 0.0
308 203.0
309 203.0
310 155.0
311 0.0
312 203.0
313 186.0
314 204.0
315 203.0
316 203.0
317 203.0
318 33.0
319 203.0
320 203.0
321 335.0
322 166.0
323 328.0
324 204.0
325 203.0
326 203.0
327 109.0
328 203.0
329 0.0
330 30.0
331 109.0
332 1.0
333 109.0
334 109.0
335 87.0
336 203.0
337 203.0
338 203.0
339 0.0
340 32.0
341 203.0
342 203.0
343 203.0
344 204.0
345 204.0
346 204.0
347 203.0
348 32.0
349 49.0
350 98.0
351 203.0
352 411.0
353 411.0
354 203.0
355 6.0
356 0.0
357 411.0
358 32.0
359 203.0
360 203.0
361 203.0
362 0.0
363 34.0
364 0.0
365 204.0
366 203.0
367 204.0
368 203.0
369 203.0
370 203.0
371 203.0
372 203.0
373 203.0
374 203.0
375 158.0
376 203.0
377 203.0
378 408.0
379 203.0
380 169.0
381 25.0
382 203.0
383 0.0
384 109.0
385 109.0
386 38.0
387 203.0
388 203.0
389 203.0
390 98.0
391 32.0
392 203.0
393 203.0
394 203.0
395 0.0
396 204.0
397 0.0
398 203.0
399 203.0
400 38.0
401 411.0
402 203.0
403 203.0
404 411.0
405 0.0
406 201.0
407 0.0
408 411.0
409 32.0
410 203.0
411 203.0
412 0.0
413 180.0
414 203.0
415 186.0
416 204.0
417 203.0
418 203.0
419 204.0
420 203.0
421 191.0
422 204.0
423 224.0
424 203.0
425 216.0
426 203.0
427 0.0
428 203.0
429 0.0
430 73.0
431 104.0
432 203.0
433 203.0
434 0.0
435 109.0
436 0.0
437 38.0
438 174.0
439 203.0
440 203.0
441 203.0
442 203.0
443 0.0
444 203.0
445 204.0
446 203.0
447 204.0
448 204.0
449 203.0
450 203.0
451 204.0
452 180.0
453 204.0
454 411.0
455 411.0
456 203.0
457 180.0
458 0.0
459 411.0
460 32.0
461 203.0
462 98.0
463 10.0
464 0.0
465 203.0
466 204.0
467 204.0
468 204.0
469 203.0
470 204.0
471 203.0
472 203.0
473 203.0
474 38.0
475 0.0
476 260.0
477 169.0
478 203.0
479 204.0
480 109.0
481 73.0
482 203.0
483 25.0
484 203.0
485 0.0
486 203.0
487 0.0
488 0.0
489 203.0
490 203.0
491 203.0
492 0.0
493 203.0
494 32.0
495 204.0
496 204.0
497 0.0
498 204.0
499 0.0
500 203.0
501 203.0
502 98.0
503 411.0
504 411.0
505 203.0
506 203.0
507 203.0
508 160.0
509 0.0
510 411.0
511 203.0
512 0.0
513 203.0
514 203.0
515 169.0
516 38.0
517 0.0
518 204.0
519 38.0
520 203.0
521 203.0
522 203.0
523 180.0
524 203.0
525 163.0
526 0.0
527 551.0
528 0.0
529 204.0
530 3.0
531 109.0
532 203.0
533 25.0
534 32.0
535 109.0
536 0.0
537 203.0
538 0.0
539 180.0
540 203.0
541 203.0
542 203.0
543 32.0
544 203.0
545 203.0
546 203.0
547 203.0
548 25.0
549 204.0
550 204.0
551 203.0
552 203.0
553 109.0
554 204.0
555 203.0
556 203.0
557 203.0
558 411.0
559 3.0
560 0.0
561 551.0
562 32.0
563 203.0
564 203.0
565 6.0
566 34.0
567 38.0
568 186.0
569 204.0
570 203.0
571 203.0
572 0.0
573 203.0
574 203.0
575 203.0
576 203.0
577 411.0
578 203.0
579 19.0
580 203.0
581 203.0
582 0.0
583 0.0
584 104.0
585 203.0
586 203.0
587 0.0
588 204.0
589 0.0
590 30.0
591 203.0
592 203.0
593 203.0
594 32.0
595 32.0
596 203.0
597 204.0
598 203.0
599 25.0
600 204.0
601 204.0
602 203.0
603 203.0
604 411.0
605 204.0
606 158.0
607 203.0
608 411.0
609 411.0
610 0.0
611 0.0
612 551.0
613 32.0
614 203.0
615 87.0
616 10.0
617 186.0
618 98.0
619 204.0
620 204.0
621 204.0
622 203.0
623 203.0
624 203.0
625 203.0
626 203.0
627 203.0
628 203.0
629 447.0
630 203.0
631 14.0
632 0.0
633 398.0
634 20.0
635 203.0
636 98.0
637 203.0
638 0.0
639 0.0
640 0.0
641 38.0
642 203.0
643 203.0
644 203.0
645 0.0
646 203.0
647 0.0
648 203.0
649 203.0
650 203.0
651 204.0
652 0.0
653 204.0
654 203.0
655 411.0
656 411.0
657 204.0
658 411.0
659 411.0
660 203.0
661 165.0
662 76.0
663 551.0
664 203.0
665 87.0
666 203.0
667 203.0
668 0.0
669 34.0
670 0.0
671 204.0
672 38.0
673 204.0
674 204.0
675 203.0
676 204.0
677 203.0
678 0.0
679 203.0
680 328.0
681 169.0
682 203.0
683 0.0
684 120.0
685 203.0
686 203.0
687 32.0
688 109.0
689 203.0
690 204.0
691 0.0
692 32.0
693 203.0
694 203.0
695 203.0
696 203.0
697 203.0
698 203.0
699 203.0
700 204.0
701 38.0
702 204.0
703 204.0
704 203.0
705 204.0
706 411.0
707 387.0
708 204.0
709 203.0
710 203.0
711 410.0
712 180.0
713 0.0
714 551.0
715 32.0
716 98.0
717 203.0
718 203.0
719 169.0
720 203.0
721 0.0
722 204.0
723 38.0
724 203.0
725 203.0
726 203.0
727 43.0
728 203.0
729 411.0
730 203.0
731 203.0
732 158.0
733 8.0
734 161.0
735 203.0
736 203.0
737 176.0
738 203.0
739 203.0
740 0.0
741 109.0
742 203.0
743 171.0
744 203.0
745 203.0
746 203.0
747 32.0
748 203.0
749 25.0
750 204.0
751 204.0
752 25.0
753 204.0
754 204.0
755 32.0
756 203.0
757 204.0
758 411.0
759 411.0
760 203.0
761 203.0
762 411.0
763 203.0
764 0.0
765 551.0
766 32.0
767 203.0
768 203.0
769 507.0
770 186.0
771 203.0
772 186.0
773 204.0
774 203.0
775 203.0
776 203.0
777 203.0
778 203.0
779 203.0
780 203.0
781 203.0
782 551.0
783 31.0
784 203.0
785 165.0
786 0.0
787 30.0
788 203.0
789 203.0
790 203.0
791 203.0
792 203.0
793 0.0
794 171.0
795 203.0
796 203.0
797 203.0
798 0.0
799 32.0
800 32.0
801 204.0
802 203.0
803 25.0
804 204.0
805 0.0
806 32.0
807 203.0
808 411.0
809 411.0
810 204.0
811 411.0
812 411.0
813 203.0
814 38.0
815 0.0
816 551.0
817 98.0
818 98.0
819 203.0
820 203.0
821 169.0
822 203.0
823 186.0
824 204.0
825 0.0
826 203.0
827 204.0
828 203.0
829 60.0
830 203.0
831 0.0
832 1.0
833 328.0
834 203.0
835 203.0
836 2.0
837 203.0
838 0.0
839 203.0
840 98.0
841 203.0
842 203.0
843 104.0
844 203.0
845 171.0
846 203.0
847 203.0
848 203.0
849 0.0
850 203.0
851 169.0
852 203.0
853 203.0
854 204.0
855 204.0
856 204.0
857 203.0
858 203.0
859 411.0
860 411.0
861 411.0
862 411.0
863 411.0
864 411.0
865 160.0
866 0.0
867 551.0
868 203.0
869 25.0
870 411.0
871 203.0
872 204.0
873 186.0
874 0.0
875 204.0
876 203.0
877 203.0
878 203.0
879 203.0
880 204.0
881 203.0
882 31.0
883 203.0
884 328.0
885 203.0
886 203.0
887 0.0
888 120.0
889 203.0
890 176.0
891 98.0
892 109.0
893 203.0
894 109.0
895 0.0
896 32.0
897 203.0
898 203.0
899 203.0
900 98.0
901 203.0
902 203.0
903 203.0
904 0.0
905 204.0
906 204.0
907 204.0
908 203.0
909 203.0
910 114.0
911 411.0
912 411.0
913 204.0
914 0.0
915 410.0
916 276.0
917 104.0
918 551.0
919 203.0
920 160.0
921 0.0
922 411.0
923 180.0
924 204.0
925 186.0
926 204.0
927 203.0
928 204.0
929 0.0
930 203.0
931 43.0
932 163.0
933 203.0
934 242.0
935 203.0
936 81.0
937 203.0
938 0.0
939 155.0
940 203.0
941 109.0
942 203.0
943 203.0
944 203.0
945 204.0
946 0.0
947 32.0
948 174.0
949 203.0
950 203.0
951 30.0
952 203.0
953 203.0
954 204.0
955 0.0
956 204.0
957 204.0
958 204.0
959 203.0
960 204.0
961 411.0
962 411.0
963 411.0
964 203.0
965 0.0
966 203.0
967 276.0
968 0.0
969 551.0
970 203.0
971 203.0
972 203.0
973 411.0
974 169.0
975 203.0
976 186.0
977 204.0
978 203.0
979 203.0
980 203.0
981 204.0
982 203.0
983 203.0
984 203.0
985 404.0
986 328.0
987 169.0
988 14.0
989 25.0
990 72.0
991 0.0
992 203.0
993 32.0
994 203.0
995 109.0
996 203.0
997 109.0
998 32.0
999 203.0
1000 203.0
1001 203.0
1002 30.0
1003 203.0
1004 0.0
1005 204.0
1006 204.0
1007 204.0
1008 204.0
1009 0.0
1010 203.0
1011 203.0
1012 411.0
1013 411.0
1014 204.0
1015 411.0
1016 411.0
1017 411.0
1018 276.0
1019 203.0
1020 551.0
1021 203.0
1022 0.0
1023 203.0
1024 203.0
1025 33.0
1026 38.0
1027 0.0
1028 204.0
1029 38.0
1030 203.0
1031 204.0
1032 203.0
1033 203.0
1034 204.0
1035 157.0
1036 551.0
1037 216.0
1038 203.0
1039 203.0
1040 168.0
1041 203.0
1042 203.0
1043 203.0
1044 98.0
1045 203.0
1046 204.0
1047 204.0
1048 203.0
1049 32.0
1050 203.0
1051 203.0
1052 203.0
1053 32.0
1054 203.0
1055 98.0
1056 203.0
1057 0.0
1058 204.0
1059 204.0
1060 204.0
1061 203.0
1062 203.0
1063 204.0
1064 411.0
1065 411.0
1066 411.0
1067 204.0
1068 410.0
1069 203.0
1070 180.0
1071 551.0
1072 32.0
1073 203.0
1074 0.0
1075 411.0
1076 109.0
1077 204.0
1078 203.0
1079 204.0
1080 203.0
1081 204.0
1082 204.0
1083 203.0
1084 203.0
1085 203.0
1086 203.0
1087 0.0
1088 203.0
1089 667.0
1090 203.0
1091 0.0
1092 203.0
1093 203.0
1094 169.0
1095 203.0
1096 109.0
1097 158.0
1098 109.0
1099 204.0
1100 32.0
1101 174.0
1102 203.0
1103 203.0
1104 32.0
1105 203.0
1106 203.0
1107 204.0
1108 203.0
1109 204.0
1110 204.0
1111 204.0
1112 203.0
1113 203.0
1114 98.0
1115 411.0
1116 411.0
1117 0.0
1118 411.0
1119 203.0
1120 165.0
1121 0.0
1122 667.0
1123 32.0
1124 203.0
1125 203.0
1126 411.0
1127 169.0
1128 203.0
1129 186.0
1130 204.0
1131 204.0
1132 203.0
1133 203.0
1134 203.0
1135 203.0
1136 203.0
1137 507.0
1138 411.0
1139 551.0
1140 169.0
1141 38.0
1142 25.0
1143 398.0
1144 203.0
1145 203.0
1146 0.0
1147 109.0
1148 109.0
1149 203.0
1150 104.0
1151 32.0
1152 203.0
1153 203.0
1154 203.0
1155 30.0
1156 203.0
1157 204.0
1158 204.0
1159 203.0
1160 204.0
1161 204.0
1162 0.0
1163 204.0
1164 203.0
1165 411.0
1166 411.0
1167 411.0
1168 203.0
1169 203.0
1170 203.0
1171 276.0
1172 0.0
1173 667.0
1174 203.0
1175 203.0
1176 0.0
1177 0.0
1178 169.0
1179 204.0
1180 186.0
1181 204.0
1182 38.0
1183 203.0
1184 204.0
1185 203.0
1186 43.0
1187 203.0
1188 203.0
1189 411.0
1190 411.0
1191 203.0
1192 213.0
1193 18.0
1194 155.0
1195 18.0
1196 203.0
1197 203.0
1198 203.0
1199 204.0
1200 204.0
1201 104.0
1202 32.0
1203 203.0
1204 203.0
1205 203.0
1206 30.0
1207 203.0
1208 203.0
1209 203.0
1210 204.0
1211 204.0
1212 204.0
1213 204.0
1214 203.0
1215 203.0
1216 411.0
1217 411.0
1218 204.0
1219 411.0
1220 203.0
1221 411.0
1222 203.0
1223 203.0
1224 667.0
1225 32.0
1226 203.0
1227 203.0
1228 38.0
1229 203.0
1230 203.0
1231 30.0
1232 204.0
1233 203.0
1234 203.0
1235 203.0
1236 203.0
1237 204.0
1238 203.0
1239 203.0
1240 496.0
1241 203.0
1242 203.0
1243 203.0
1244 169.0
1245 155.0
1246 203.0
1247 203.0
1248 203.0
1249 203.0
1250 164.0
1251 204.0
1252 174.0
1253 32.0
1254 203.0
1255 203.0
1256 203.0
1257 32.0
1258 0.0
1259 0.0
1260 204.0
1261 191.0
1262 204.0
1263 204.0
1264 204.0
1265 203.0
1266 203.0
1267 204.0
1268 411.0
1269 411.0
1270 203.0
1271 203.0
1272 203.0
1273 13.0
1274 276.0
1275 667.0
1276 411.0
1277 203.0
1278 203.0
1279 410.0
1280 203.0
1281 203.0
1282 0.0
1283 204.0
1284 204.0
1285 204.0
1286 203.0
1287 203.0
1288 204.0
1289 203.0
1290 203.0
1291 221.0
1292 203.0
1293 158.0
1294 333.0
1295 28.0
1296 203.0
1297 203.0
1298 165.0
1299 25.0
1300 204.0
1301 204.0
1302 204.0
1303 174.0
1304 32.0
1305 174.0
1306 203.0
1307 203.0
1308 98.0
1309 0.0
1310 203.0
1311 204.0
1312 203.0
1313 204.0
1314 204.0
1315 0.0
1316 203.0
1317 203.0
1318 114.0
1319 411.0
1320 411.0
1321 411.0
1322 203.0
1323 411.0
1324 276.0
1325 1.0
1326 667.0
1327 197.0
1328 203.0
1329 186.0
1330 411.0
1331 169.0
1332 203.0
1333 180.0
1334 204.0
1335 38.0
1336 203.0
1337 203.0
1338 203.0
1339 204.0
1340 203.0
1341 551.0
1342 4.0
1343 411.0
1344 203.0
1345 411.0
1346 168.0
1347 469.0
1348 20.0
1349 203.0
1350 203.0
1351 109.0
1352 120.0
1353 204.0
1354 0.0
1355 32.0
1356 174.0
1357 203.0
1358 203.0
1359 0.0
1360 98.0
1361 203.0
1362 203.0
1363 0.0
1364 204.0
1365 204.0
1366 204.0
1367 204.0
1368 203.0
1369 204.0
1370 411.0
1371 204.0
1372 411.0
1373 203.0
1374 411.0
1375 276.0
1376 0.0
1377 667.0
1378 197.0
1379 203.0
1380 11.0
1381 10.0
1382 169.0
1383 203.0
1384 0.0
1385 204.0
1386 203.0
1387 203.0
1388 203.0
1389 203.0
1390 204.0
1391 203.0
1392 470.0
1393 328.0
1394 460.0
1395 203.0
1396 411.0
1397 26.0
1398 155.0
1399 203.0
1400 203.0
1401 203.0
1402 203.0
1403 109.0
1404 204.0
1405 0.0
1406 38.0
1407 203.0
1408 203.0
1409 203.0
1410 30.0
1411 203.0
1412 203.0
1413 203.0
1414 204.0
1415 204.0
1416 204.0
1417 204.0
1418 203.0
1419 203.0
1420 411.0
1421 411.0
1422 204.0
1423 203.0
1424 203.0
1425 411.0
1426 203.0
1427 1.0
1428 667.0
1429 176.0
1430 203.0
1431 411.0
1432 203.0
1433 203.0
1434 203.0
1435 0.0
1436 204.0
1437 38.0
1438 203.0
1439 203.0
1440 203.0
1441 203.0
1442 203.0
1443 317.0
1444 411.0
1445 203.0
1446 169.0
1447 471.0
1448 203.0
1449 151.0
1450 398.0
1451 173.0
1452 203.0
1453 203.0
1454 104.0
1455 204.0
1456 109.0
1457 32.0
1458 203.0
1459 203.0
1460 203.0
1461 32.0
1462 0.0
1463 203.0
1464 204.0
1465 1.0
1466 204.0
1467 204.0
1468 0.0
1469 204.0
1470 203.0
1471 411.0
1472 411.0
1473 411.0
1474 411.0
1475 203.0
1476 411.0
1477 411.0
1478 191.0
1479 667.0
1480 203.0
1481 203.0
1482 403.0
1483 155.0
1484 169.0
1485 204.0
1486 186.0
1487 204.0
1488 203.0
1489 203.0
1490 203.0
1491 202.0
1492 204.0
1493 204.0
1494 203.0
1495 551.0
1496 203.0
1497 203.0
1498 273.0
1499 32.0
1500 398.0
1501 0.0
1502 109.0
1503 30.0
1504 109.0
1505 204.0
1506 204.0
1507 0.0
1508 32.0
1509 174.0
1510 203.0
1511 203.0
1512 32.0
1513 203.0
1514 203.0
1515 204.0
1516 204.0
1517 204.0
1518 204.0
1519 204.0
1520 204.0
1521 203.0
1522 204.0
1523 411.0
1524 411.0
1525 411.0
1526 203.0
1527 411.0
1528 411.0
1529 0.0
1530 667.0
1531 176.0
1532 203.0
1533 190.0
1534 411.0
1535 169.0
1536 203.0
1537 30.0
1538 204.0
1539 203.0
1540 203.0
1541 203.0
1542 203.0
1543 203.0
1544 551.0
1545 411.0
1546 551.0
1547 158.0
1548 203.0
1549 203.0
1550 169.0
1551 151.0
1552 152.0
1553 109.0
1554 203.0
1555 204.0
1556 203.0
1557 204.0
1558 0.0
1559 32.0
1560 203.0
1561 203.0
1562 203.0
1563 0.0
1564 30.0
1565 204.0
1566 203.0
1567 203.0
1568 204.0
1569 204.0
1570 204.0
1571 203.0
1572 203.0
1573 411.0
1574 411.0
1575 204.0
1576 411.0
1577 203.0
1578 411.0
1579 411.0
1580 0.0
1581 667.0
1582 197.0
1583 203.0
1584 186.0
1585 411.0
1586 204.0
1587 203.0
1588 203.0
1589 204.0
1590 204.0
1591 203.0
1592 203.0
1593 203.0
1594 203.0
1595 203.0
1596 496.0
1597 507.0
1598 169.0
1599 471.0
1600 667.0
1601 37.0
1602 469.0
1603 203.0
1604 0.0
1605 30.0
1606 203.0
1607 169.0
1608 204.0
1609 164.0
1610 32.0
1611 203.0
1612 203.0
1613 203.0
1614 203.0
1615 32.0
1616 204.0
1617 204.0
1618 203.0
1619 204.0
1620 204.0
1621 1.0
1622 204.0
1623 203.0
1624 204.0
1625 411.0
1626 204.0
1627 411.0
1628 203.0
1629 411.0
1630 203.0
1631 201.0
1632 667.0
1633 411.0
1634 203.0
1635 186.0
1636 38.0
1637 203.0
1638 203.0
1639 186.0
1640 204.0
1641 203.0
1642 203.0
1643 203.0
1644 203.0
1645 300.0
1646 203.0
1647 203.0
1648 551.0
1649 203.0
1650 169.0
1651 258.0
1652 169.0
1653 398.0
1654 82.0
1655 0.0
1656 203.0
1657 203.0
1658 164.0
1659 204.0
1660 164.0
1661 32.0
1662 203.0
1663 203.0
1664 203.0
1665 32.0
1666 109.0
1667 204.0
1668 204.0
1669 204.0
1670 203.0
1671 204.0
1672 0.0
1673 204.0
1674 203.0
1675 204.0
1676 411.0
1677 411.0
1678 411.0
1679 203.0
1680 411.0
1681 180.0
1682 0.0
1683 667.0
1684 124.0
1685 203.0
1686 10.0
1687 193.0
1688 203.0
1689 204.0
1690 186.0
1691 204.0
1692 203.0
1693 203.0
1694 204.0
1695 203.0
1696 203.0
1697 204.0
1698 157.0
1699 447.0
1700 203.0
1701 203.0
1702 382.0
1703 32.0
1704 400.0
1705 389.0
1706 109.0
1707 203.0
1708 203.0
1709 120.0
1710 204.0
1711 104.0
1712 32.0
1713 203.0
1714 203.0
1715 203.0
1716 203.0
1717 0.0
1718 204.0
1719 203.0
1720 203.0
1721 204.0
1722 204.0
1723 204.0
1724 204.0
1725 203.0
1726 411.0
1727 411.0
1728 411.0
1729 411.0
1730 203.0
1731 411.0
1732 203.0
1733 203.0
1734 667.0
1735 411.0
1736 203.0
1737 203.0
1738 405.0
1739 203.0
1740 204.0
1741 0.0
1742 204.0
1743 38.0
1744 203.0
1745 203.0
1746 203.0
1747 203.0
1748 203.0
1749 203.0
1750 411.0
1751 19.0
1752 667.0
1753 203.0
1754 159.0
1755 195.0
1756 203.0
1757 109.0
1758 114.0
1759 204.0
1760 204.0
1761 204.0
1762 109.0
1763 32.0
1764 203.0
1765 203.0
1766 203.0
1767 0.0
1768 0.0
1769 204.0
1770 204.0
1771 0.0
1772 204.0
1773 204.0
1774 0.0
1775 204.0
1776 203.0
1777 411.0
1778 411.0
1779 204.0
1780 411.0
1781 203.0
1782 411.0
1783 411.0
1784 0.0
1785 667.0
1786 176.0
1787 203.0
1788 195.0
1789 405.0
1790 203.0
1791 203.0
1792 203.0
1793 204.0
1794 203.0
1795 203.0
1796 203.0
1797 203.0
1798 203.0
1799 203.0
1800 203.0
1801 507.0
1802 203.0
1803 158.0
1804 203.0
1805 203.0
1806 400.0
1807 193.0
1808 190.0
1809 109.0
1810 204.0
1811 169.0
1812 204.0
1813 109.0
1814 32.0
1815 203.0
1816 203.0
1817 203.0
1818 203.0
1819 32.0
1820 204.0
1821 204.0
1822 204.0
1823 204.0
1824 204.0
1825 0.0
1826 204.0
1827 203.0
1828 204.0
1829 411.0
1830 203.0
1831 411.0
1832 203.0
1833 411.0
1834 411.0
1835 196.0
1836 667.0
1837 391.0
1838 203.0
1839 10.0
1840 169.0
1841 203.0
1842 204.0
1843 186.0
1844 204.0
1845 203.0
1846 203.0
1847 203.0
1848 203.0
1849 411.0
1850 203.0
1851 203.0
1852 216.0
1853 203.0
1854 471.0
1855 203.0
1856 164.0
1857 398.0
1858 408.0
1859 104.0
1860 204.0
1861 203.0
1862 203.0
1863 204.0
1864 114.0
1865 32.0
1866 203.0
1867 203.0
1868 203.0
1869 203.0
1870 32.0
1871 204.0
1872 203.0
1873 203.0
1874 204.0
1875 204.0
1876 204.0
1877 203.0
1878 203.0
1879 411.0
1880 411.0
1881 411.0
1882 411.0
1883 0.0
1884 411.0
1885 203.0
1886 203.0
1887 667.0
1888 212.0
1889 203.0
1890 35.0
1891 507.0
1892 169.0
1893 204.0
1894 203.0
1895 204.0
1896 204.0
1897 204.0
1898 204.0
1899 203.0
1900 203.0
1901 203.0
1902 392.0
1903 407.0
1904 0.0
1905 203.0
1906 203.0
1907 175.0
1908 193.0
1909 469.0
1910 32.0
1911 98.0
1912 204.0
1913 204.0
1914 204.0
1915 114.0
1916 32.0
1917 203.0
1918 203.0
1919 203.0
1920 203.0
1921 0.0
1922 204.0
1923 203.0
1924 204.0
1925 204.0
1926 204.0
1927 204.0
1928 204.0
1929 203.0
1930 411.0
1931 411.0
1932 411.0
1933 411.0
1934 203.0
1935 411.0
1936 203.0
1937 191.0
1938 667.0
1939 201.0
1940 203.0
1941 389.0
1942 405.0
1943 98.0
1944 203.0
1945 0.0
1946 204.0
1947 204.0
1948 203.0
1949 203.0
1950 203.0
1951 173.0
1952 203.0
1953 151.0
1954 398.0
1955 0.0
1956 667.0
1957 203.0
1958 203.0
1959 188.0
1960 400.0
1961 82.0
1962 109.0
1963 204.0
1964 109.0
1965 204.0
1966 109.0
1967 32.0
1968 203.0
1969 203.0
1970 203.0
1971 203.0
1972 32.0
1973 204.0
1974 204.0
1975 0.0
1976 204.0
1977 204.0
1978 204.0
1979 204.0
1980 203.0
1981 411.0
1982 411.0
1983 204.0
1984 411.0
1985 203.0
1986 411.0
1987 411.0
1988 0.0
1989 667.0
1990 123.0
1991 203.0
1992 194.0
1993 411.0
1994 204.0
1995 203.0
1996 186.0
1997 204.0
1998 204.0
1999 203.0
2000 203.0
2001 203.0
2002 203.0
2003 137.0
2004 157.0
2005 385.0
2006 203.0
2007 96.0
2008 475.0
2009 96.0
2010 398.0
2011 408.0
2012 30.0
2013 98.0
2014 204.0
2015 109.0
2016 204.0
2017 109.0
2018 32.0
2019 203.0
2020 203.0
2021 203.0
2022 203.0
2023 32.0
2024 204.0
2025 204.0
2026 203.0
2027 204.0
2028 204.0
2029 0.0
2030 203.0
2031 203.0
2032 411.0
2033 411.0
2034 411.0
2035 411.0
2036 203.0
2037 411.0
2038 203.0
2039 176.0
2040 667.0
2041 391.0
2042 203.0
2043 186.0
2044 10.0
2045 203.0
2046 204.0
2047 203.0
2048 204.0
2049 204.0
2050 203.0
2051 203.0
2052 203.0
2053 203.0
2054 203.0
2055 496.0
2056 5.0
2057 0.0
2058 203.0
2059 203.0
2060 204.0
2061 408.0
2062 400.0
2063 104.0
2064 98.0
2065 204.0
2066 204.0
2067 204.0
2068 104.0
2069 38.0
2070 203.0
2071 203.0
2072 203.0
2073 203.0
2074 0.0
2075 204.0
2076 204.0
2077 204.0
2078 204.0
2079 204.0
2080 204.0
2081 203.0
2082 203.0
2083 411.0
2084 411.0
2085 411.0
2086 411.0
2087 203.0
2088 411.0
2089 411.0
2090 203.0
2091 667.0
2092 124.0
2093 203.0
2094 18.0
2095 193.0
2096 98.0
2097 204.0
2098 0.0
2099 204.0
2100 204.0
2101 203.0
2102 203.0
2103 203.0
2104 507.0
2105 203.0
2106 496.0
2107 233.0
2108 0.0
2109 203.0
2110 411.0
2111 203.0
2112 188.0
2113 98.0
2114 0.0
2115 204.0
2116 204.0
2117 109.0
2118 204.0
2119 203.0
2120 32.0
2121 203.0
2122 203.0
2123 203.0
2124 203.0
2125 32.0
2126 204.0
2127 203.0
2128 0.0
2129 204.0
2130 204.0
2131 204.0
2132 204.0
2133 203.0
2134 411.0
2135 411.0
2136 411.0
2137 411.0
2138 203.0
2139 411.0
2140 411.0
2141 0.0
2142 667.0
2143 177.0
2144 203.0
2145 10.0
2146 411.0
2147 203.0
2148 203.0
2149 203.0
2150 204.0
2151 204.0
2152 203.0
2153 203.0
2154 203.0
2155 203.0
2156 203.0
2157 221.0
2158 409.0
2159 203.0
2160 471.0
2161 203.0
2162 203.0
2163 408.0
2164 98.0
2165 104.0
2166 203.0
2167 204.0
2168 204.0
2169 204.0
2170 164.0
2171 32.0
2172 203.0
2173 203.0
2174 203.0
2175 203.0
2176 32.0
2177 204.0
2178 204.0
2179 204.0
2180 204.0
2181 204.0
2182 0.0
2183 204.0
2184 203.0
2185 411.0
2186 411.0
2187 411.0
2188 411.0
2189 203.0
2190 411.0
2191 203.0
2192 203.0
2193 667.0
2194 411.0
2195 203.0
2196 190.0
2197 411.0
2198 203.0
2199 203.0
2200 186.0
2201 204.0
2202 204.0
2203 204.0
2204 203.0
2205 203.0
2206 203.0
2207 203.0
2208 221.0
2209 411.0
2210 203.0
2211 715.0
2212 203.0
2213 274.0
2214 398.0
2215 401.0
2216 30.0
2217 98.0
2218 204.0
2219 204.0
2220 204.0
2221 104.0
2222 32.0
2223 203.0
2224 203.0
2225 203.0
2226 203.0
2227 0.0
2228 204.0
2229 204.0
2230 185.0
2231 204.0
2232 204.0
2233 204.0
2234 204.0
2235 203.0
2236 411.0
2237 411.0
2238 411.0
2239 411.0
2240 203.0
2241 411.0
2242 411.0
2243 180.0
2244 715.0
2245 124.0
2246 203.0
2247 203.0
2248 193.0
2249 169.0
2250 204.0
2251 186.0
2252 204.0
2253 204.0
2254 203.0
2255 203.0
2256 203.0
2257 32.0
2258 203.0
2259 411.0
2260 202.0
2261 0.0
2262 551.0
2263 203.0
2264 411.0
2265 401.0
2266 188.0
2267 195.0
2268 204.0
2269 204.0
2270 204.0
2271 204.0
2272 204.0
2273 32.0
2274 203.0
2275 203.0
2276 203.0
2277 203.0
2278 0.0
2279 204.0
2280 203.0
2281 191.0
2282 204.0
2283 204.0
2284 204.0
2285 203.0
2286 203.0
2287 411.0
2288 411.0
2289 411.0
2290 411.0
2291 203.0
2292 411.0
2293 411.0
2294 0.0
2295 715.0
2296 176.0
2297 203.0
2298 194.0
2299 411.0
2300 186.0
2301 204.0
2302 32.0
2303 204.0
2304 204.0
2305 203.0
2306 203.0
2307 442.0
2308 179.0
2309 204.0
2310 203.0
2311 392.0
2312 0.0
2313 471.0
2314 411.0
2315 409.0
2316 193.0
2317 408.0
2318 0.0
2319 109.0
2320 204.0
2321 204.0
2322 204.0
2323 104.0
2324 32.0
2325 203.0
2326 203.0
2327 203.0
2328 204.0
2329 32.0
2330 204.0
2331 204.0
2332 203.0
2333 204.0
2334 204.0
2335 204.0
2336 203.0
2337 203.0
2338 411.0
2339 411.0
2340 411.0
2341 411.0
2342 204.0
2343 411.0
2344 203.0
2345 210.0
2346 715.0
2347 176.0
2348 203.0
2349 18.0
2350 411.0
2351 203.0
2352 204.0
2353 203.0
2354 204.0
2355 204.0
2356 203.0
2357 203.0
2358 203.0
2359 203.0
2360 213.0
2361 203.0
2362 551.0
2363 203.0
2364 551.0
2365 114.0
2366 491.0
2367 398.0
2368 400.0
2369 104.0
2370 98.0
2371 203.0
2372 204.0
2373 204.0
2374 204.0
2375 32.0
2376 203.0
2377 203.0
2378 203.0
2379 203.0
2380 32.0
2381 204.0
2382 204.0
2383 203.0
2384 204.0
2385 204.0
2386 0.0
2387 204.0
2388 203.0
2389 411.0
2390 411.0
2391 411.0
2392 411.0
2393 411.0
2394 411.0
2395 411.0
2396 180.0
2397 715.0
2398 176.0
2399 203.0
2400 194.0
2401 169.0
2402 203.0
2403 204.0
2404 186.0
2405 204.0
2406 204.0
2407 204.0
2408 483.0
2409 203.0
2410 203.0
2411 203.0
2412 392.0
2413 216.0
2414 203.0
2415 667.0
2416 203.0
2417 311.0
2418 491.0
2419 400.0
2420 30.0
2421 98.0
2422 204.0
2423 204.0
2424 204.0
2425 203.0
2426 32.0
2427 203.0
2428 203.0
2429 204.0
2430 203.0
2431 0.0
2432 204.0
2433 203.0
2434 203.0
2435 204.0
2436 204.0
2437 204.0
2438 204.0
2439 204.0
2440 411.0
2441 411.0
2442 411.0
2443 411.0
2444 0.0
2445 411.0
2446 411.0
2447 0.0
2448 715.0
2449 411.0
2450 203.0
2451 35.0
2452 405.0
2453 203.0
2454 204.0
2455 186.0
2456 204.0
2457 204.0
2458 507.0
2459 473.0
2460 203.0
2461 201.0
2462 203.0
2463 496.0
2464 4.0
2465 23.0
2466 471.0
2467 384.0
2468 491.0
2469 683.0
2470 453.0
2471 98.0
2472 109.0
2473 204.0
2474 204.0
2475 204.0
2476 174.0
2477 32.0
2478 203.0
2479 169.0
2480 203.0
2481 203.0
2482 0.0
2483 204.0
2484 203.0
2485 204.0
2486 204.0
2487 204.0
2488 1.0
2489 203.0
2490 175.0
2491 411.0
2492 411.0
2493 411.0
2494 411.0
2495 7.0
2496 411.0
2497 411.0
2498 6.0
2499 715.0
2500 411.0
2501 203.0
2502 411.0
2503 405.0
2504 158.0
2505 204.0
2506 203.0
2507 204.0
2508 507.0
2509 507.0
2510 481.0
2511 203.0
2512 173.0
2513 203.0
2514 209.0
2515 385.0
2516 0.0
2517 411.0
2518 411.0
2519 491.0
2520 274.0
2521 311.0
2522 0.0
2523 109.0
2524 109.0
2525 204.0
2526 204.0
2527 204.0
2528 32.0
2529 203.0
2530 203.0
2531 203.0
2532 32.0
2533 32.0
2534 203.0
2535 203.0
2536 203.0
2537 204.0
2538 204.0
2539 0.0
2540 0.0
2541 203.0
2542 411.0
2543 411.0
2544 204.0
2545 411.0
2546 411.0
2547 411.0
2548 411.0
2549 180.0
2550 715.0
2551 176.0
2552 203.0
2553 10.0
2554 10.0
2555 203.0
2556 204.0
2557 186.0
2558 203.0
2559 507.0
2560 203.0
2561 411.0
2562 203.0
2563 203.0
2564 204.0
2565 328.0
2566 551.0
2567 203.0
2568 203.0
2569 482.0
2570 249.0
2571 491.0
2572 98.0
2573 30.0
2574 98.0
2575 204.0
2576 204.0
2577 204.0
2578 114.0
2579 32.0
2580 203.0
2581 203.0
2582 203.0
2583 32.0
2584 32.0
2585 204.0
2586 204.0
2587 204.0
2588 204.0
2589 204.0
2590 204.0
2591 204.0
2592 203.0
2593 411.0
2594 411.0
2595 411.0
2596 411.0
2597 411.0
2598 411.0
2599 411.0
2600 180.0
2601 715.0
2602 411.0
2603 203.0
2604 10.0
2605 155.0
2606 203.0
2607 204.0
2608 203.0
2609 507.0
2610 507.0
2611 507.0
2612 203.0
2613 203.0
2614 203.0
2615 203.0
2616 551.0
2617 4.0
2618 203.0
2619 169.0
2620 203.0
2621 333.0
2622 411.0
2623 32.0
2624 174.0
2625 109.0
2626 203.0
2627 204.0
2628 204.0
2629 203.0
2630 32.0
2631 203.0
2632 204.0
2633 32.0
2634 203.0
2635 0.0
2636 204.0
2637 204.0
2638 204.0
2639 204.0
2640 204.0
2641 204.0
2642 204.0
2643 203.0
2644 411.0
2645 411.0
2646 411.0
2647 411.0
2648 203.0
2649 411.0
2650 411.0
2651 201.0
2652 715.0
2653 411.0
2654 203.0
2655 35.0
2656 411.0
2657 203.0
2658 204.0
2659 411.0
2660 507.0
2661 507.0
2662 507.0
2663 203.0
2664 203.0
2665 203.0
2666 203.0
2667 551.0
2668 216.0
2669 0.0
2670 471.0
2671 218.0
2672 453.0
2673 274.0
2674 453.0
2675 0.0
2676 204.0
2677 104.0
2678 204.0
2679 204.0
2680 204.0
2681 32.0
2682 169.0
2683 203.0
2684 203.0
2685 204.0
2686 32.0
2687 203.0
2688 204.0
2689 204.0
2690 204.0
2691 204.0
2692 204.0
2693 203.0
2694 203.0
2695 411.0
2696 411.0
2697 411.0
2698 411.0
2699 203.0
2700 411.0
2701 411.0
2702 0.0
2703 715.0
2704 176.0
2705 203.0
2706 203.0
2707 507.0
2708 203.0
2709 411.0
2710 507.0
2711 411.0
2712 507.0
2713 507.0
2714 442.0
2715 203.0
2716 32.0
2717 203.0
2718 221.0
2719 507.0
2720 30.0
2721 203.0
2722 482.0
2723 397.0
2724 331.0
2725 491.0
2726 104.0
2727 98.0
2728 203.0
2729 204.0
2730 204.0
2731 109.0
2732 32.0
2733 169.0
2734 204.0
2735 203.0
2736 203.0
2737 32.0
2738 204.0
2739 203.0
2740 203.0
2741 203.0
2742 204.0
2743 0.0
2744 203.0
2745 203.0
2746 411.0
2747 411.0
2748 411.0
2749 411.0
2750 411.0
2751 411.0
2752 411.0
2753 180.0
2754 715.0
2755 176.0
2756 203.0
2757 198.0
2758 193.0
2759 203.0
2760 411.0
2761 411.0
2762 203.0
2763 507.0
2764 203.0
2765 507.0
2766 203.0
2767 203.0
2768 169.0
2769 551.0
2770 507.0
2771 203.0
2772 203.0
2773 464.0
2774 333.0
2775 274.0
2776 274.0
2777 203.0
2778 98.0
2779 204.0
2780 204.0
2781 204.0
2782 114.0
2783 38.0
2784 203.0
2785 203.0
2786 30.0
2787 203.0
2788 0.0
2789 204.0
2790 204.0
2791 203.0
2792 204.0
2793 204.0
2794 204.0
2795 204.0
2796 203.0
2797 411.0
2798 411.0
2799 411.0
2800 411.0
2801 203.0
2802 411.0
2803 411.0
2804 180.0
2805 715.0
2806 411.0
2807 203.0
2808 10.0
2809 391.0
2810 203.0
2811 411.0
2812 411.0
2813 507.0
2814 507.0
2815 204.0
2816 203.0
2817 203.0
2818 203.0
2819 203.0
2820 411.0
2821 507.0
2822 203.0
2823 169.0
2824 220.0
2825 274.0
2826 491.0
2827 411.0
2828 203.0
2829 38.0
2830 203.0
2831 204.0
2832 204.0
2833 204.0
2834 32.0
2835 204.0
2836 204.0
2837 203.0
2838 203.0
2839 0.0
2840 204.0
2841 204.0
2842 204.0
2843 204.0
2844 204.0
2845 204.0
2846 0.0
2847 203.0
2848 411.0
2849 411.0
2850 411.0
2851 411.0
2852 203.0
2853 411.0
2854 411.0
2855 158.0
2856 715.0
2857 177.0
2858 203.0
2859 203.0
2860 411.0
2861 203.0
2862 507.0
2863 411.0
2864 507.0
2865 507.0
2866 411.0
2867 411.0
2868 203.0
2869 551.0
2870 203.0
2871 157.0
2872 551.0
2873 0.0
2874 203.0
2875 220.0
2876 32.0
2877 411.0
2878 249.0
2879 480.0
2880 98.0
2881 204.0
2882 204.0
2883 204.0
2884 204.0
2885 32.0
2886 169.0
2887 169.0
2888 203.0
2889 32.0
2890 32.0
2891 204.0
2892 204.0
2893 203.0
2894 204.0
2895 204.0
2896 0.0
2897 203.0
2898 203.0
2899 411.0
2900 411.0
2901 411.0
2902 411.0
2903 411.0
2904 411.0
2905 411.0
2906 158.0
2907 715.0
2908 176.0
2909 203.0
2910 203.0
2911 411.0
2912 203.0
2913 507.0
2914 507.0
2915 507.0
2916 507.0
2917 507.0
2918 411.0
2919 13.0
2920 203.0
2921 203.0
2922 507.0
2923 411.0
2924 169.0
2925 169.0
2926 87.0
2927 274.0
2928 156.0
2929 274.0
2930 203.0
2931 396.0
2932 203.0
2933 109.0
2934 204.0
2935 204.0
2936 171.0
2937 174.0
2938 203.0
2939 203.0
2940 203.0
2941 32.0
2942 204.0
2943 203.0
2944 204.0
2945 204.0
2946 204.0
2947 0.0
2948 204.0
2949 203.0
2950 411.0
2951 411.0
2952 411.0
2953 411.0
2954 411.0
2955 411.0
2956 411.0
2957 169.0
2958 715.0
2959 397.0
2960 203.0
2961 203.0
2962 391.0
2963 203.0
2964 507.0
2965 411.0
2966 507.0
2967 507.0
2968 169.0
2969 203.0
2970 203.0
2971 203.0
2972 137.0
2973 507.0
2974 447.0
2975 203.0
2976 158.0
2977 464.0
2978 331.0
2979 394.0
2980 203.0
2981 203.0
2982 203.0
2983 203.0
2984 109.0
2985 204.0
2986 204.0
2987 165.0
2988 203.0
2989 203.0
2990 0.0
2991 203.0
2992 0.0
2993 204.0
2994 204.0
2995 204.0
2996 204.0
2997 204.0
2998 204.0
2999 204.0
3000 203.0
3001 411.0
3002 411.0
3003 411.0
3004 411.0
3005 203.0
3006 411.0
3007 411.0
3008 169.0
3009 715.0
3010 176.0
3011 203.0
3012 155.0
3013 411.0
3014 203.0
3015 507.0
3016 411.0
3017 507.0
3018 402.0
3019 507.0
3020 203.0
3021 203.0
3022 203.0
3023 203.0
3024 551.0
3025 551.0
3026 0.0
3027 169.0
3028 203.0
3029 203.0
3030 203.0
3031 203.0
3032 491.0
3033 203.0
3034 203.0
3035 204.0
3036 204.0
3037 204.0
3038 38.0
3039 180.0
3040 169.0
3041 0.0
3042 203.0
3043 32.0
3044 204.0
3045 204.0
3046 203.0
3047 204.0
3048 204.0
3049 204.0
3050 203.0
3051 203.0
3052 411.0
3053 411.0
3054 411.0
3055 411.0
3056 31.0
3057 411.0
3058 203.0
3059 169.0
3060 715.0
3061 177.0
3062 203.0
3063 193.0
3064 411.0
3065 203.0
3066 507.0
3067 411.0
3068 507.0
3069 507.0
3070 507.0
3071 472.0
3072 203.0
3073 300.0
3074 203.0
3075 157.0
3076 551.0
3077 203.0
3078 203.0
3079 467.0
3080 156.0
3081 203.0
3082 411.0
3083 203.0
3084 0.0
3085 203.0
3086 109.0
3087 204.0
3088 204.0
3089 171.0
3090 169.0
3091 169.0
3092 32.0
3093 204.0
3094 32.0
3095 204.0
3096 203.0
3097 203.0
3098 204.0
3099 204.0
3100 0.0
3101 204.0
3102 203.0
3103 204.0
3104 411.0
3105 411.0
3106 411.0
3107 411.0
3108 411.0
3109 411.0
3110 169.0
3111 715.0
3112 123.0
3113 203.0
3114 203.0
3115 411.0
3116 203.0
3117 507.0
3118 411.0
3119 507.0
3120 507.0
3121 203.0
3122 442.0
3123 203.0
3124 300.0
3125 203.0
3126 496.0
3127 551.0
3128 203.0
3129 158.0
3130 683.0
3131 394.0
3132 331.0
3133 203.0
3134 491.0
3135 203.0
3136 203.0
3137 109.0
3138 204.0
3139 204.0
3140 171.0
3141 203.0
3142 203.0
3143 203.0
3144 203.0
3145 0.0
3146 204.0
3147 204.0
3148 204.0
3149 204.0
3150 204.0
3151 204.0
3152 204.0
3153 203.0
3154 411.0
3155 411.0
3156 411.0
3157 411.0
3158 411.0
3159 411.0
3160 411.0
3161 169.0
3162 715.0
3163 124.0
3164 203.0
3165 203.0
3166 411.0
3167 203.0
3168 507.0
3169 411.0
3170 507.0
3171 507.0
3172 203.0
3173 203.0
3174 203.0
3175 203.0
3176 203.0
3177 496.0
3178 551.0
3179 169.0
3180 158.0
3181 218.0
3182 203.0
3183 331.0
3184 203.0
3185 410.0
3186 203.0
3187 203.0
3188 109.0
3189 203.0
3190 204.0
3191 165.0
3192 203.0
3193 169.0
3194 203.0
3195 203.0
3196 0.0
3197 204.0
3198 204.0
3199 204.0
3200 204.0
3201 204.0
3202 204.0
3203 204.0
3204 203.0
3205 411.0
3206 411.0
3207 411.0
3208 411.0
3209 204.0
3210 411.0
3211 411.0
3212 169.0
3213 715.0
3214 176.0
3215 203.0
3216 98.0
3217 411.0
3218 203.0
3219 507.0
3220 507.0
3221 507.0
3222 507.0
3223 507.0
3224 203.0
3225 203.0
3226 507.0
3227 203.0
3228 203.0
3229 551.0
3230 158.0
3231 203.0
3232 408.0
3233 203.0
3234 32.0
3235 203.0
3236 491.0
3237 203.0
3238 203.0
3239 204.0
3240 203.0
3241 204.0
3242 38.0
3243 204.0
3244 169.0
3245 0.0
3246 203.0
3247 32.0
3248 204.0
3249 203.0
3250 204.0
3251 204.0
3252 204.0
3253 1.0
3254 203.0
3255 203.0
3256 204.0
3257 411.0
3258 411.0
3259 411.0
3260 203.0
3261 411.0
3262 203.0
3263 25.0
3264 715.0
3265 176.0
3266 203.0
3267 507.0
3268 193.0
3269 203.0
3270 507.0
3271 507.0
3272 507.0
3273 507.0
3274 203.0
3275 411.0
3276 203.0
3277 507.0
3278 203.0
3279 496.0
3280 551.0
3281 203.0
3282 203.0
3283 460.0
3284 156.0
3285 311.0
3286 203.0
3287 442.0
3288 203.0
3289 203.0
3290 204.0
3291 204.0
3292 204.0
3293 171.0
3294 169.0
3295 204.0
3296 203.0
3297 204.0
3298 203.0
3299 204.0
3300 204.0
3301 203.0
3302 204.0
3303 204.0
3304 204.0
3305 204.0
3306 203.0
3307 411.0
3308 411.0
3309 411.0
3310 411.0
3311 411.0
3312 411.0
3313 411.0
3314 169.0
3315 715.0
3316 411.0
3317 203.0
3318 203.0
3319 391.0
3320 203.0
3321 507.0
3322 411.0
3323 507.0
3324 507.0
3325 203.0
3326 411.0
3327 203.0
3328 203.0
3329 300.0
3330 507.0
3331 551.0
3332 203.0
3333 158.0
3334 471.0
3335 203.0
3336 274.0
3337 203.0
3338 442.0
3339 203.0
3340 507.0
3341 109.0
3342 114.0
3343 204.0
3344 32.0
3345 169.0
3346 203.0
3347 203.0
3348 203.0
3349 0.0
3350 204.0
3351 204.0
3352 204.0
3353 204.0
3354 204.0
3355 204.0
3356 204.0
3357 204.0
3358 411.0
3359 411.0
3360 411.0
3361 411.0
3362 411.0
3363 411.0
3364 411.0
3365 180.0
3366 715.0
3367 411.0
3368 203.0
3369 155.0
3370 411.0
3371 203.0
3372 507.0
3373 411.0
3374 507.0
3375 507.0
3376 411.0
3377 411.0
3378 203.0
3379 203.0
3380 203.0
3381 203.0
3382 551.0
3383 0.0
3384 203.0
3385 667.0
3386 482.0
3387 331.0
3388 322.0
3389 480.0
3390 203.0
3391 204.0
3392 694.0
3393 203.0
3394 204.0
3395 38.0
3396 169.0
3397 169.0
3398 30.0
3399 203.0
3400 32.0
3401 204.0
3402 203.0
3403 204.0
3404 204.0
3405 204.0
3406 1.0
3407 204.0
3408 203.0
3409 411.0
3410 411.0
3411 411.0
3412 411.0
3413 203.0
3414 411.0
3415 411.0
3416 169.0
3417 715.0
3418 176.0
3419 203.0
3420 18.0
3421 411.0
3422 203.0
3423 507.0
3424 411.0
3425 507.0
3426 507.0
3427 411.0
3428 203.0
3429 203.0
3430 203.0
3431 300.0
3432 157.0
3433 551.0
3434 203.0
3435 203.0
3436 326.0
3437 156.0
3438 203.0
3439 203.0
3440 480.0
3441 203.0
3442 747.0
3443 203.0
3444 693.0
3445 204.0
3446 171.0
3447 114.0
3448 169.0
3449 203.0
3450 204.0
3451 32.0
3452 204.0
3453 204.0
3454 203.0
3455 204.0
3456 204.0
3457 204.0
3458 204.0
3459 203.0
3460 411.0
3461 411.0
3462 411.0
3463 411.0
3464 203.0
3465 411.0
3466 411.0
3467 169.0
3468 747.0
3469 176.0
3470 203.0
3471 203.0
3472 411.0
3473 203.0
3474 507.0
3475 507.0
3476 507.0
3477 507.0
3478 507.0
3479 507.0
3480 203.0
3481 203.0
3482 169.0
3483 496.0
3484 551.0
3485 203.0
3486 158.0
3487 326.0
3488 322.0
3489 274.0
3490 203.0
3491 485.0
3492 203.0
3493 203.0
3494 286.0
3495 507.0
3496 670.0
3497 38.0
3498 203.0
3499 203.0
3500 203.0
3501 203.0
3502 0.0
3503 204.0
3504 204.0
3505 203.0
3506 204.0
3507 204.0
3508 204.0
3509 204.0
3510 204.0
3511 411.0
3512 411.0
3513 411.0
3514 411.0
3515 411.0
3516 411.0
3517 411.0
3518 169.0
3519 747.0
3520 411.0
3521 203.0
3522 507.0
3523 411.0
3524 203.0
3525 507.0
3526 411.0
3527 507.0
3528 507.0
3529 203.0
3530 484.0
3531 203.0
3532 551.0
3533 203.0
3534 216.0
3535 551.0
3536 551.0
3537 203.0
3538 475.0
3539 203.0
3540 394.0
3541 156.0
3542 491.0
3543 203.0
3544 410.0
3545 169.0
3546 203.0
3547 507.0
3548 38.0
3549 169.0
3550 203.0
3551 32.0
3552 204.0
3553 32.0
3554 204.0
3555 204.0
3556 204.0
3557 204.0
3558 204.0
3559 204.0
3560 204.0
3561 204.0
3562 411.0
3563 411.0
3564 411.0
3565 411.0
3566 203.0
3567 411.0
3568 411.0
3569 180.0
3570 747.0
3571 411.0
3572 203.0
3573 156.0
3574 411.0
3575 203.0
3576 507.0
3577 507.0
3578 507.0
3579 507.0
3580 507.0
3581 507.0
3582 203.0
3583 478.0
3584 203.0
3585 317.0
3586 551.0
3587 203.0
3588 203.0
3589 455.0
3590 394.0
3591 203.0
3592 203.0
3593 480.0
3594 203.0
3595 399.0
3596 203.0
3597 203.0
3598 747.0
3599 32.0
3600 204.0
3601 169.0
3602 203.0
3603 203.0
3604 32.0
3605 204.0
3606 203.0
3607 204.0
3608 204.0
3609 204.0
3610 0.0
3611 204.0
3612 203.0
3613 411.0
3614 411.0
3615 411.0
3616 411.0
3617 203.0
3618 411.0
3619 411.0
3620 169.0
3621 747.0
3622 176.0
3623 203.0
3624 18.0
3625 411.0
3626 203.0
3627 507.0
3628 507.0
3629 507.0
3630 507.0
3631 411.0
3632 203.0
3633 203.0
3634 551.0
3635 169.0
3636 411.0
3637 551.0
3638 203.0
3639 683.0
3640 326.0
3641 156.0
3642 203.0
3643 203.0
3644 203.0
3645 203.0
3646 203.0
3647 203.0
3648 902.0
3649 204.0
3650 203.0
3651 203.0
3652 203.0
3653 204.0
3654 203.0
3655 0.0
3656 204.0
3657 204.0
3658 203.0
3659 204.0
3660 204.0
3661 204.0
3662 204.0
3663 203.0
3664 411.0
3665 411.0
3666 411.0
3667 411.0
3668 411.0
3669 411.0
3670 411.0
3671 169.0
3672 902.0
3673 176.0
3674 203.0
3675 203.0
3676 507.0
3677 203.0
3678 507.0
3679 507.0
3680 507.0
3681 507.0
3682 507.0
3683 483.0
3684 203.0
3685 203.0
3686 169.0
3687 551.0
3688 551.0
3689 203.0
3690 169.0
3691 460.0
3692 203.0
3693 331.0
3694 203.0
3695 491.0
3696 203.0
3697 906.0
3698 32.0
3699 507.0
3700 693.0
3701 49.0
3702 203.0
3703 169.0
3704 204.0
3705 203.0
3706 32.0
3707 204.0
3708 203.0
3709 204.0
3710 204.0
3711 204.0
3712 204.0
3713 204.0
3714 204.0
3715 411.0
3716 411.0
3717 411.0
3718 411.0
3719 411.0
3720 411.0
3721 411.0
3722 0.0
3723 906.0
3724 411.0
3725 203.0
3726 203.0
3727 189.0
3728 203.0
3729 507.0
3730 411.0
3731 507.0
3732 507.0
3733 507.0
3734 411.0
3735 203.0
3736 203.0
3737 551.0
3738 157.0
3739 551.0
3740 260.0
3741 203.0
3742 411.0
3743 274.0
3744 394.0
3745 203.0
3746 410.0
3747 787.0
3748 411.0
3749 507.0
3750 693.0
3751 507.0
3752 203.0
3753 0.0
3754 169.0
3755 203.0
3756 204.0
3757 0.0
3758 204.0
3759 204.0
3760 204.0
3761 204.0
3762 204.0
3763 204.0
3764 204.0
3765 204.0
3766 411.0
3767 411.0
3768 411.0
3769 411.0
3770 203.0
3771 411.0
3772 411.0
3773 203.0
3774 906.0
3775 411.0
3776 203.0
3777 25.0
3778 391.0
3779 203.0
3780 507.0
3781 507.0
3782 507.0
3783 507.0
3784 203.0
3785 203.0
3786 203.0
3787 551.0
3788 203.0
3789 551.0
3790 551.0
3791 203.0
3792 203.0
3793 184.0
3794 156.0
3795 274.0
3796 203.0
3797 392.0
3798 203.0
3799 411.0
3800 203.0
3801 203.0
3802 480.0
3803 32.0
3804 203.0
3805 203.0
3806 204.0
3807 204.0
3808 0.0
3809 204.0
3810 203.0
3811 203.0
3812 204.0
3813 204.0
3814 0.0
3815 204.0
3816 203.0
3817 411.0
3818 411.0
3819 411.0
3820 411.0
3821 203.0
3822 411.0
3823 411.0
3824 25.0
3825 906.0
3826 411.0
3827 203.0
3828 0.0
3829 411.0
3830 203.0
3831 507.0
3832 507.0
3833 507.0
3834 507.0
3835 411.0
3836 203.0
3837 38.0
3838 436.0
3839 203.0
3840 551.0
3841 551.0
3842 203.0
3843 203.0
3844 461.0
3845 322.0
3846 203.0
3847 203.0
3848 491.0
3849 507.0
3850 906.0
3851 203.0
3852 507.0
3853 104.0
3854 32.0
3855 169.0
3856 103.0
3857 204.0
3858 204.0
3859 32.0
3860 204.0
3861 203.0
3862 204.0
3863 204.0
3864 204.0
3865 0.0
3866 204.0
3867 203.0
3868 411.0
3869 411.0
3870 411.0
3871 411.0
3872 411.0
3873 411.0
3874 411.0
3875 169.0
3876 906.0
3877 176.0
3878 203.0
3879 195.0
3880 411.0
3881 203.0
3882 507.0
3883 411.0
3884 507.0
3885 203.0
3886 507.0
3887 483.0
3888 203.0
3889 551.0
3890 300.0
3891 328.0
3892 551.0
3893 203.0
3894 203.0
3895 411.0
3896 203.0
3897 491.0
3898 156.0
3899 491.0
3900 715.0
3901 747.0
3902 203.0
3903 693.0
3904 507.0
3905 203.0
3906 203.0
3907 169.0
3908 203.0
3909 204.0
3910 32.0
3911 204.0
3912 203.0
3913 204.0
3914 204.0
3915 204.0
3916 204.0
3917 204.0
3918 204.0
3919 411.0
3920 411.0
3921 411.0
3922 411.0
3923 203.0
3924 411.0
3925 411.0
3926 0.0
3927 906.0
3928 176.0
3929 203.0
3930 203.0
3931 411.0
3932 203.0
3933 507.0
3934 507.0
3935 507.0
3936 405.0
3937 411.0
3938 473.0
3939 203.0
3940 551.0
3941 203.0
3942 317.0
3943 551.0
3944 385.0
3945 169.0
3946 203.0
3947 203.0
3948 394.0
3949 203.0
3950 480.0
3951 407.0
3952 411.0
3953 169.0
3954 902.0
3955 507.0
3956 38.0
3957 203.0
3958 203.0
3959 204.0
3960 204.0
3961 0.0
3962 204.0
3963 203.0
3964 204.0
3965 204.0
3966 204.0
3967 204.0
3968 204.0
3969 203.0
3970 411.0
3971 411.0
3972 411.0
3973 411.0
3974 411.0
3975 411.0
3976 411.0
3977 169.0
3978 906.0
3979 391.0
3980 203.0
3981 411.0
3982 411.0
3983 203.0
3984 507.0
3985 507.0
3986 507.0
3987 507.0
3988 203.0
3989 203.0
3990 203.0
3991 551.0
3992 203.0
3993 391.0
3994 551.0
3995 203.0
3996 203.0
3997 411.0
3998 156.0
3999 453.0
4000 322.0
4001 203.0
4002 203.0
4003 906.0
4004 203.0
4005 902.0
4006 204.0
4007 203.0
4008 204.0
4009 109.0
4010 204.0
4011 204.0
4012 32.0
4013 204.0
4014 32.0
4015 203.0
4016 204.0
4017 204.0
4018 0.0
4019 204.0
4020 203.0
4021 411.0
4022 411.0
4023 411.0
4024 411.0
4025 411.0
4026 411.0
4027 411.0
4028 169.0
4029 906.0
4030 197.0
4031 203.0
4032 10.0
4033 411.0
4034 203.0
4035 507.0
4036 507.0
4037 507.0
4038 507.0
4039 411.0
4040 203.0
4041 203.0
4042 507.0
4043 300.0
4044 317.0
4045 551.0
4046 203.0
4047 203.0
4048 203.0
4049 203.0
4050 453.0
4051 203.0
4052 491.0
4053 700.0
4054 954.0
4055 411.0
4056 902.0
4057 688.0
4058 203.0
4059 203.0
4060 169.0
4061 204.0
4062 203.0
4063 0.0
4064 204.0
4065 203.0
4066 204.0
4067 204.0
4068 204.0
4069 204.0
4070 204.0
4071 204.0
4072 411.0
4073 411.0
4074 411.0
4075 411.0
4076 411.0
4077 411.0
4078 411.0
4079 169.0
4080 954.0
4081 176.0
4082 203.0
4083 198.0
4084 507.0
4085 203.0
4086 507.0
4087 507.0
4088 507.0
4089 507.0
4090 507.0
4091 203.0
4092 203.0
4093 551.0
4094 201.0
4095 237.0
4096 551.0
4097 220.0
4098 169.0
4099 203.0
4100 203.0
4101 311.0
4102 203.0
4103 37.0
4104 507.0
4105 203.0
4106 379.0
4107 693.0
4108 507.0
4109 32.0
4110 203.0
4111 169.0
4112 204.0
4113 204.0
4114 0.0
4115 204.0
4116 203.0
4117 204.0
4118 204.0
4119 204.0
4120 204.0
4121 204.0
4122 203.0
4123 411.0
4124 411.0
4125 411.0
4126 411.0
4127 411.0
4128 411.0
4129 411.0
4130 169.0
4131 954.0
4132 203.0
4133 203.0
4134 194.0
4135 411.0
4136 203.0
4137 507.0
4138 507.0
4139 507.0
4140 402.0
4141 203.0
4142 203.0
4143 203.0
4144 551.0
4145 478.0
4146 447.0
4147 551.0
4148 203.0
4149 203.0
4150 158.0
4151 156.0
4152 274.0
4153 203.0
4154 502.0
4155 406.0
4156 906.0
4157 203.0
4158 902.0
4159 507.0
4160 38.0
4161 204.0
4162 203.0
4163 204.0
4164 204.0
4165 0.0
4166 204.0
4167 203.0
4168 203.0
4169 204.0
4170 204.0
4171 204.0
4172 204.0
4173 203.0
4174 411.0
4175 411.0
4176 411.0
4177 411.0
4178 411.0
4179 411.0
4180 411.0
4181 169.0
4182 954.0
4183 177.0
4184 203.0
4185 194.0
4186 391.0
4187 203.0
4188 507.0
4189 507.0
4190 507.0
4191 507.0
4192 203.0
4193 203.0
4194 203.0
4195 551.0
4196 203.0
4197 551.0
4198 551.0
4199 408.0
4200 169.0
4201 203.0
4202 411.0
4203 274.0
4204 491.0
4205 203.0
4206 464.0
4207 906.0
4208 411.0
4209 902.0
4210 204.0
4211 203.0
4212 204.0
4213 203.0
4214 204.0
4215 204.0
4216 32.0
4217 204.0
4218 203.0
4219 204.0
4220 204.0
4221 204.0
4222 1.0
4223 204.0
4224 204.0
4225 411.0
4226 411.0
4227 411.0
4228 411.0
4229 411.0
4230 411.0
4231 411.0
4232 169.0
4233 954.0
4234 197.0
4235 203.0
4236 10.0
4237 507.0
4238 203.0
4239 507.0
4240 411.0
4241 507.0
4242 507.0
4243 507.0
4244 203.0
4245 203.0
4246 507.0
4247 478.0
4248 551.0
4249 551.0
4250 203.0
4251 169.0
4252 158.0
4253 203.0
4254 491.0
4255 203.0
4256 109.0
4257 408.0
4258 203.0
4259 203.0
4260 902.0
4261 220.0
4262 32.0
4263 204.0
4264 169.0
4265 204.0
4266 203.0
4267 98.0
4268 204.0
4269 203.0
4270 204.0
4271 204.0
4272 204.0
4273 204.0
4274 204.0
4275 204.0
4276 411.0
4277 411.0
4278 411.0
4279 411.0
4280 411.0
4281 411.0
4282 411.0
4283 204.0
4284 954.0
4285 32.0
4286 203.0
4287 507.0
4288 389.0
4289 203.0
4290 507.0
4291 507.0
4292 507.0
4293 507.0
4294 507.0
4295 473.0
4296 203.0
4297 551.0
4298 478.0
4299 317.0
4300 551.0
4301 169.0
4302 203.0
4303 203.0
4304 156.0
4305 311.0
4306 203.0
4307 0.0
4308 507.0
4309 203.0
4310 203.0
4311 902.0
4312 507.0
4313 203.0
4314 204.0
4315 169.0
4316 204.0
4317 203.0
4318 0.0
4319 204.0
4320 203.0
4321 204.0
4322 204.0
4323 204.0
4324 204.0
4325 204.0
4326 203.0
4327 411.0
4328 411.0
4329 411.0
4330 411.0
4331 411.0
4332 411.0
4333 411.0
4334 169.0
4335 954.0
4336 203.0
4337 203.0
4338 411.0
4339 411.0
4340 203.0
4341 507.0
4342 507.0
4343 507.0
4344 507.0
4345 38.0
4346 507.0
4347 203.0
4348 551.0
4349 203.0
4350 551.0
4351 551.0
4352 203.0
4353 203.0
4354 203.0
4355 274.0
4356 274.0
4357 203.0
4358 203.0
4359 203.0
4360 906.0
4361 203.0
4362 902.0
4363 507.0
4364 469.0
4365 204.0
4366 114.0
4367 204.0
4368 204.0
4369 32.0
4370 204.0
4371 203.0
4372 204.0
4373 204.0
4374 204.0
4375 204.0
4376 204.0
4377 204.0
4378 411.0
4379 411.0
4380 411.0
4381 411.0
4382 411.0
4383 411.0
4384 411.0
4385 25.0
4386 954.0
4387 124.0
4388 203.0
4389 198.0
4390 507.0
4391 203.0
4392 507.0
4393 507.0
4394 507.0
4395 507.0
4396 411.0
4397 203.0
4398 203.0
4399 551.0
4400 203.0
4401 551.0
4402 551.0
4403 203.0
4404 411.0
4405 203.0
4406 203.0
4407 491.0
4408 203.0
4409 203.0
4410 507.0
4411 906.0
4412 203.0
4413 902.0
4414 507.0
4415 203.0
4416 203.0
4417 204.0
4418 204.0
4419 203.0
4420 32.0
4421 204.0
4422 203.0
4423 204.0
4424 204.0
4425 204.0
4426 0.0
4427 204.0
4428 204.0
4429 411.0
4430 411.0
4431 411.0
4432 411.0
4433 411.0
4434 411.0
4435 411.0
4436 158.0
4437 954.0
4438 197.0
4439 203.0
4440 10.0
4441 507.0
4442 203.0
4443 507.0
4444 507.0
4445 507.0
4446 507.0
4447 507.0
4448 473.0
4449 203.0
4450 551.0
4451 203.0
4452 447.0
4453 551.0
4454 203.0
4455 203.0
4456 461.0
4457 242.0
4458 674.0
4459 203.0
4460 203.0
4461 507.0
4462 906.0
4463 203.0
4464 902.0
4465 902.0
4466 203.0
4467 203.0
4468 169.0
4469 204.0
4470 203.0
4471 203.0
4472 204.0
4473 203.0
4474 204.0
4475 204.0
4476 204.0
4477 204.0
4478 204.0
4479 204.0
4480 411.0
4481 411.0
4482 411.0
4483 411.0
4484 411.0
4485 411.0
4486 411.0
4487 169.0
4488 954.0
4489 411.0
4490 203.0
4491 194.0
4492 507.0
4493 203.0
4494 507.0
4495 507.0
4496 507.0
4497 507.0
4498 203.0
4499 507.0
4500 203.0
4501 551.0
4502 507.0
4503 551.0
4504 551.0
4505 190.0
4506 715.0
4507 203.0
4508 156.0
4509 274.0
4510 156.0
4511 797.0
4512 394.0
4513 203.0
4514 203.0
4515 902.0
4516 203.0
4517 203.0
4518 203.0
4519 204.0
4520 204.0
4521 204.0
4522 0.0
4523 203.0
4524 203.0
4525 204.0
4526 204.0
4527 204.0
4528 204.0
4529 204.0
4530 203.0
4531 411.0
4532 411.0
4533 411.0
4534 411.0
4535 411.0
4536 411.0
4537 411.0
4538 25.0
4539 954.0
4540 397.0
4541 203.0
4542 411.0
4543 389.0
4544 203.0
4545 507.0
4546 53.0
4547 507.0
4548 507.0
4549 507.0
4550 203.0
4551 203.0
4552 551.0
4553 551.0
4554 551.0
4555 551.0
4556 203.0
4557 203.0
4558 326.0
4559 203.0
4560 322.0
4561 203.0
4562 203.0
4563 203.0
4564 906.0
4565 203.0
4566 902.0
4567 491.0
4568 203.0
4569 203.0
4570 203.0
4571 204.0
4572 203.0
4573 204.0
4574 204.0
4575 203.0
4576 204.0
4577 204.0
4578 204.0
4579 0.0
4580 204.0
4581 203.0
4582 411.0
4583 411.0
4584 411.0
4585 411.0
4586 411.0
4587 411.0
4588 411.0
4589 0.0
4590 954.0
4591 411.0
4592 203.0
4593 507.0
4594 507.0
4595 203.0
4596 507.0
4597 507.0
4598 507.0
4599 507.0
4600 507.0
4601 311.0
4602 203.0
4603 551.0
4604 203.0
4605 447.0
4606 551.0
4607 203.0
4608 667.0
4609 203.0
4610 203.0
4611 453.0
4612 411.0
4613 491.0
4614 407.0
4615 954.0
4616 203.0
4617 902.0
4618 507.0
4619 682.0
4620 203.0
4621 204.0
4622 204.0
4623 203.0
4624 180.0
4625 204.0
4626 204.0
4627 204.0
4628 204.0
4629 204.0
4630 204.0
4631 204.0
4632 203.0
4633 411.0
4634 411.0
4635 411.0
4636 411.0
4637 411.0
4638 411.0
4639 411.0
4640 180.0
4641 954.0
4642 177.0
4643 203.0
4644 193.0
4645 507.0
4646 203.0
4647 507.0
4648 507.0
4649 507.0
4650 507.0
4651 507.0
4652 203.0
4653 203.0
4654 551.0
4655 551.0
4656 507.0
4657 551.0
4658 203.0
4659 411.0
4660 203.0
4661 322.0
4662 274.0
4663 203.0
4664 6.0
4665 681.0
4666 203.0
4667 203.0
4668 902.0
4669 507.0
4670 203.0
4671 203.0
4672 204.0
4673 204.0
4674 203.0
4675 0.0
4676 203.0
4677 203.0
4678 204.0
4679 204.0
4680 204.0
4681 204.0
4682 204.0
4683 411.0
4684 411.0
4685 411.0
4686 411.0
4687 411.0
4688 411.0
4689 411.0
4690 411.0
4691 180.0
4692 954.0
4693 124.0
4694 203.0
4695 507.0
4696 507.0
4697 203.0
4698 507.0
4699 507.0
4700 507.0
4701 507.0
4702 203.0
4703 203.0
4704 203.0
4705 551.0
4706 245.0
4707 551.0
4708 551.0
4709 203.0
4710 471.0
4711 203.0
4712 394.0
4713 249.0
4714 203.0
4715 203.0
4716 318.0
4717 906.0
4718 203.0
4719 902.0
4720 203.0
4721 902.0
4722 203.0
4723 204.0
4724 204.0
4725 204.0
4726 0.0
4727 204.0
4728 204.0
4729 204.0
4730 204.0
4731 204.0
4732 1.0
4733 175.0
4734 203.0
4735 411.0
4736 411.0
4737 411.0
4738 411.0
4739 411.0
4740 411.0
4741 411.0
4742 191.0
4743 954.0
4744 411.0
4745 203.0
4746 194.0
4747 507.0
4748 203.0
4749 507.0
4750 507.0
4751 507.0
4752 507.0
4753 507.0
4754 203.0
4755 203.0
4756 551.0
4757 203.0
4758 551.0
4759 551.0
4760 203.0
4761 203.0
4762 203.0
4763 156.0
4764 311.0
4765 203.0
4766 797.0
4767 507.0
4768 906.0
4769 203.0
4770 902.0
4771 256.0
4772 203.0
4773 38.0
4774 203.0
4775 204.0
4776 204.0
4777 32.0
4778 204.0
4779 204.0
4780 204.0
4781 204.0
4782 204.0
4783 204.0
4784 254.0
4785 203.0
4786 411.0
4787 411.0
4788 411.0
4789 411.0
4790 411.0
4791 411.0
4792 411.0
4793 0.0
4794 954.0
4795 176.0
4796 203.0
4797 198.0
4798 507.0
4799 203.0
4800 507.0
4801 507.0
4802 507.0
4803 507.0
4804 507.0
4805 203.0
4806 203.0
4807 551.0
4808 203.0
4809 507.0
4810 551.0
4811 203.0
4812 203.0
4813 203.0
4814 482.0
4815 333.0
4816 203.0
4817 502.0
4818 203.0
4819 203.0
4820 203.0
4821 902.0
4822 507.0
4823 203.0
4824 203.0
4825 204.0
4826 204.0
4827 203.0
4828 204.0
4829 204.0
4830 204.0
4831 204.0
4832 204.0
4833 204.0
4834 3.0
4835 175.0
4836 203.0
4837 411.0
4838 411.0
4839 411.0
4840 411.0
4841 411.0
4842 411.0
4843 411.0
4844 0.0
4845 954.0
4846 411.0
4847 203.0
4848 193.0
4849 507.0
4850 203.0
4851 507.0
4852 507.0
4853 507.0
4854 507.0
4855 507.0
4856 203.0
4857 203.0
4858 551.0
4859 245.0
4860 551.0
4861 551.0
4862 203.0
4863 203.0
4864 114.0
4865 203.0
4866 333.0
4867 203.0
4868 203.0
4869 906.0
4870 203.0
4871 203.0
4872 902.0
4873 203.0
4874 203.0
4875 203.0
4876 204.0
4877 204.0
4878 204.0
4879 0.0
4880 204.0
4881 204.0
4882 204.0
4883 204.0
4884 204.0
4885 170.0
4886 204.0
4887 204.0
4888 411.0
4889 411.0
4890 411.0
4891 411.0
4892 411.0
4893 411.0
4894 411.0
4895 180.0
4896 954.0
4897 411.0
4898 203.0
4899 193.0
4900 507.0
4901 203.0
4902 507.0
4903 507.0
4904 507.0
4905 402.0
4906 203.0
4907 203.0
4908 203.0
4909 551.0
4910 507.0
4911 551.0
4912 551.0
4913 203.0
4914 203.0
4915 203.0
4916 203.0
4917 311.0
4918 203.0
4919 169.0
4920 203.0
4921 906.0
4922 203.0
4923 902.0
4924 203.0
4925 203.0
4926 203.0
4927 204.0
4928 204.0
4929 204.0
4930 0.0
4931 204.0
4932 204.0
4933 204.0
4934 204.0
4935 204.0
4936 3.0
4937 405.0
4938 204.0
4939 411.0
4940 411.0
4941 411.0
4942 411.0
4943 411.0
4944 411.0
4945 411.0
4946 169.0
4947 954.0
4948 176.0
4949 203.0
4950 507.0
4951 507.0
4952 203.0
4953 507.0
4954 507.0
4955 507.0
4956 507.0
4957 507.0
4958 473.0
4959 203.0
4960 551.0
4961 551.0
4962 551.0
4963 551.0
4964 203.0
4965 203.0
4966 326.0
4967 274.0
4968 333.0
4969 203.0
4970 203.0
4971 507.0
4972 203.0
4973 203.0
4974 902.0
4975 203.0
4976 203.0
4977 203.0
4978 204.0
4979 204.0
4980 203.0
4981 32.0
4982 204.0
4983 204.0
4984 204.0
4985 204.0
4986 204.0
4987 203.0
4988 204.0
4989 203.0
4990 411.0
4991 411.0
4992 411.0
4993 411.0
4994 411.0
4995 411.0
4996 411.0
4997 169.0
4998 954.0
4999 411.0
5000 203.0
5001 194.0
5002 507.0
5003 203.0
5004 507.0
5005 507.0
5006 507.0
5007 507.0
5008 507.0
5009 203.0
5010 203.0
5011 551.0
5012 203.0
5013 551.0
5014 551.0
5015 203.0
5016 96.0
5017 203.0
5018 331.0
5019 249.0
5020 203.0
5021 203.0
5022 496.0
5023 203.0
5024 203.0
5025 902.0
5026 507.0
5027 507.0
5028 203.0
5029 204.0
5030 204.0
5031 204.0
5032 32.0
5033 204.0
5034 204.0
5035 204.0
5036 204.0
5037 204.0
5038 203.0
5039 204.0
5040 204.0
5041 411.0
5042 411.0
5043 411.0
5044 411.0
5045 411.0
5046 411.0
5047 411.0
5048 0.0
5049 954.0
5050 124.0
5051 203.0
5052 198.0
5053 507.0
5054 203.0
5055 507.0
5056 507.0
5057 507.0
5058 507.0
5059 203.0
5060 203.0
5061 203.0
5062 551.0
5063 551.0
5064 551.0
5065 551.0
5066 203.0
5067 203.0
5068 203.0
5069 32.0
5070 674.0
5071 203.0
5072 311.0
5073 203.0
5074 906.0
5075 203.0
5076 902.0
5077 507.0
5078 507.0
5079 203.0
5080 204.0
5081 204.0
5082 204.0
5083 0.0
5084 204.0
5085 204.0
5086 204.0
5087 204.0
5088 204.0
5089 203.0
5090 204.0
5091 203.0
5092 411.0
5093 411.0
5094 411.0
5095 411.0
5096 411.0
5097 411.0
5098 411.0
5099 180.0
5100 954.0
