1 164.0
2 32.0
3 0.0
4 32.0
5 92.0
6 0.0
7 54.0
8 180.0
9 0.0
10 38.0
11 32.0
12 0.0
13 38.0
14 0.0
15 203.0
16 204.0
17 0.0
18 38.0
19 32.0
20 103.0
21 19.0
22 98.0
23 32.0
24 203.0
25 0.0
26 25.0
27 32.0
28 0.0
29 0.0
30 0.0
31 25.0
32 33.0
33 19.0
34 25.0
35 49.0
36 32.0
37 32.0
38 175.0
39 0.0
40 0.0
41 0.0
42 186.0
43 38.0
44 0.0
45 203.0
46 0.0
47 0.0
48 25.0
49 180.0
50 98.0
51 204.0
52 164.0
53 104.0
54 0.0
55 92.0
56 92.0
57 0.0
58 180.0
59 180.0
60 175.0
61 38.0
62 38.0
63 169.0
64 38.0
65 0.0
66 203.0
67 204.0
68 204.0
69 38.0
70 32.0
71 103.0
72 158.0
73 98.0
74 33.0
75 203.0
76 30.0
77 32.0
78 32.0
79 32.0
80 0.0
81 25.0
82 33.0
83 33.0
84 0.0
85 33.0
86 49.0
87 120.0
88 32.0
89 175.0
90 25.0
91 0.0
92 114.0
93 186.0
94 25.0
95 203.0
96 203.0
97 0.0
98 30.0
99 191.0
100 180.0
101 98.0
102 204.0
103 164.0
104 33.0
105 33.0
106 30.0
107 92.0
108 203.0
109 109.0
110 180.0
111 109.0
112 169.0
113 175.0
114 169.0
115 169.0
116 0.0
117 203.0
118 204.0
119 30.0
120 203.0
121 103.0
122 158.0
123 25.0
124 0.0
125 30.0
126 203.0
127 0.0
128 32.0
129 32.0
130 0.0
131 0.0
132 38.0
133 25.0
134 33.0
135 0.0
136 33.0
137 120.0
138 191.0
139 98.0
140 175.0
141 25.0
142 120.0
143 203.0
144 186.0
145 217.0
146 203.0
147 203.0
148 38.0
149 191.0
150 191.0
151 191.0
152 164.0
153 217.0
154 164.0
155 104.0
156 44.0
157 203.0
158 203.0
159 33.0
160 203.0
161 180.0
162 109.0
163 169.0
164 175.0
165 169.0
166 169.0
167 0.0
168 38.0
169 204.0
170 0.0
171 203.0
172 1.0
173 25.0
174 158.0
175 164.0
176 203.0
177 203.0
178 0.0
179 164.0
180 32.0
181 49.0
182 38.0
183 32.0
184 25.0
185 33.0
186 33.0
187 104.0
188 191.0
189 191.0
190 175.0
191 175.0
192 32.0
193 109.0
194 109.0
195 38.0
196 191.0
197 30.0
198 203.0
199 49.0
200 191.0
201 191.0
202 191.0
203 180.0
204 217.0
205 180.0
206 32.0
207 0.0
208 30.0
209 204.0
210 0.0
211 203.0
212 203.0
213 30.0
214 175.0
215 175.0
216 38.0
217 169.0
218 0.0
219 203.0
220 204.0
221 30.0
222 203.0
223 203.0
224 93.0
225 158.0
226 174.0
227 32.0
228 203.0
229 0.0
230 193.0
231 30.0
232 0.0
233 25.0
234 33.0
235 0.0
236 33.0
237 104.0
238 191.0
239 191.0
240 191.0
241 191.0
242 175.0
243 0.0
244 109.0
245 203.0
246 217.0
247 177.0
248 0.0
249 203.0
250 203.0
251 38.0
252 180.0
253 191.0
254 180.0
255 217.0
256 38.0
257 120.0
258 169.0
259 204.0
260 203.0
261 93.0
262 203.0
263 203.0
264 32.0
265 175.0
266 169.0
267 30.0
268 30.0
269 0.0
270 203.0
271 204.0
272 33.0
273 38.0
274 203.0
275 203.0
276 180.0
277 104.0
278 203.0
279 203.0
280 0.0
281 32.0
282 25.0
283 32.0
284 25.0
285 180.0
286 25.0
287 104.0
288 180.0
289 191.0
290 191.0
291 191.0
292 191.0
293 191.0
294 0.0
295 120.0
296 33.0
297 245.0
298 38.0
299 60.0
300 203.0
301 203.0
302 180.0
303 191.0
304 180.0
305 191.0
306 245.0
307 0.0
308 38.0
309 191.0
310 32.0
311 203.0
312 203.0
313 109.0
314 203.0
315 203.0
316 180.0
317 180.0
318 169.0
319 169.0
320 0.0
321 6.0
322 204.0
323 204.0
324 203.0
325 203.0
326 203.0
327 104.0
328 30.0
329 30.0
330 203.0
331 203.0
332 32.0
333 32.0
334 0.0
335 0.0
336 0.0
337 0.0
338 203.0
339 33.0
340 191.0
341 203.0
342 191.0
343 191.0
344 191.0
345 191.0
346 0.0
347 33.0
348 251.0
349 240.0
350 203.0
351 203.0
352 203.0
353 191.0
354 191.0
355 191.0
356 191.0
357 251.0
358 1.0
359 191.0
360 191.0
361 30.0
362 204.0
363 33.0
364 203.0
365 203.0
366 204.0
367 203.0
368 180.0
369 33.0
370 169.0
371 0.0
372 203.0
373 204.0
374 204.0
375 203.0
376 204.0
377 203.0
378 158.0
379 30.0
380 32.0
381 203.0
382 0.0
383 0.0
384 164.0
385 32.0
386 25.0
387 180.0
388 0.0
389 169.0
390 120.0
391 0.0
392 32.0
393 191.0
394 186.0
395 49.0
396 191.0
397 109.0
398 204.0
399 251.0
400 240.0
401 180.0
402 203.0
403 203.0
404 191.0
405 191.0
406 191.0
407 191.0
408 251.0
409 186.0
410 203.0
411 191.0
412 30.0
413 203.0
414 103.0
415 203.0
416 203.0
417 204.0
418 6.0
419 203.0
420 175.0
421 169.0
422 30.0
423 203.0
424 204.0
425 203.0
426 38.0
427 38.0
428 33.0
429 158.0
430 180.0
431 30.0
432 203.0
433 0.0
434 0.0
435 32.0
436 0.0
437 32.0
438 38.0
439 0.0
440 114.0
441 38.0
442 0.0
443 191.0
444 204.0
445 191.0
446 191.0
447 204.0
448 109.0
449 204.0
450 245.0
451 240.0
452 207.0
453 203.0
454 203.0
455 191.0
456 174.0
457 180.0
458 191.0
459 251.0
460 202.0
461 203.0
462 191.0
463 204.0
464 203.0
465 175.0
466 109.0
467 203.0
468 203.0
469 6.0
470 175.0
471 180.0
472 33.0
473 0.0
474 6.0
475 204.0
476 203.0
477 104.0
478 203.0
479 1.0
480 203.0
481 38.0
482 30.0
483 203.0
484 203.0
485 25.0
486 193.0
487 0.0
488 0.0
489 25.0
490 191.0
491 203.0
492 0.0
493 191.0
494 204.0
495 25.0
496 44.0
497 191.0
498 191.0
499 204.0
500 204.0
501 251.0
502 251.0
503 251.0
504 109.0
505 203.0
506 191.0
507 30.0
508 191.0
509 191.0
510 251.0
511 191.0
512 203.0
513 191.0
514 30.0
515 203.0
516 30.0
517 203.0
518 169.0
519 203.0
520 38.0
521 175.0
522 180.0
523 180.0
524 0.0
525 203.0
526 204.0
527 204.0
528 203.0
529 203.0
530 203.0
531 203.0
532 30.0
533 32.0
534 203.0
535 0.0
536 98.0
537 32.0
538 32.0
539 25.0
540 203.0
541 203.0
542 180.0
543 203.0
544 191.0
545 49.0
546 120.0
547 49.0
548 204.0
549 191.0
550 203.0
551 33.0
552 251.0
553 25.0
554 245.0
555 203.0
556 203.0
557 191.0
558 180.0
559 191.0
560 202.0
561 251.0
562 191.0
563 203.0
564 191.0
565 32.0
566 203.0
567 109.0
568 203.0
569 203.0
570 204.0
571 0.0
572 180.0
573 180.0
574 175.0
575 0.0
576 203.0
577 204.0
578 204.0
579 203.0
580 204.0
581 203.0
582 203.0
583 114.0
584 32.0
585 203.0
586 0.0
587 25.0
588 32.0
589 0.0
590 203.0
591 203.0
592 251.0
593 180.0
594 203.0
595 191.0
596 191.0
597 120.0
598 191.0
599 186.0
600 0.0
601 109.0
602 204.0
603 251.0
604 240.0
605 251.0
606 251.0
607 203.0
608 191.0
609 180.0
610 191.0
611 203.0
612 251.0
613 186.0
614 203.0
615 191.0
616 32.0
617 203.0
618 0.0
619 109.0
620 203.0
621 204.0
622 6.0
623 203.0
624 203.0
625 203.0
626 0.0
627 180.0
628 204.0
629 33.0
630 175.0
631 203.0
632 33.0
633 0.0
634 180.0
635 30.0
636 203.0
637 44.0
638 0.0
639 193.0
640 203.0
641 0.0
642 191.0
643 191.0
644 38.0
645 33.0
646 38.0
647 191.0
648 32.0
649 191.0
650 191.0
651 191.0
652 109.0
653 251.0
654 251.0
655 240.0
656 251.0
657 109.0
658 203.0
659 180.0
660 191.0
661 203.0
662 203.0
663 251.0
664 186.0
665 203.0
666 191.0
667 30.0
668 203.0
669 175.0
670 203.0
671 203.0
672 203.0
673 203.0
674 180.0
675 203.0
676 180.0
677 0.0
678 103.0
679 204.0
680 204.0
681 30.0
682 1.0
683 203.0
684 203.0
685 104.0
686 30.0
687 203.0
688 0.0
689 32.0
690 203.0
691 203.0
692 203.0
693 0.0
694 203.0
695 0.0
696 203.0
697 191.0
698 162.0
699 120.0
700 191.0
701 204.0
702 0.0
703 33.0
704 33.0
705 251.0
706 38.0
707 245.0
708 213.0
709 0.0
710 191.0
711 191.0
712 203.0
713 202.0
714 251.0
715 1.0
716 203.0
717 191.0
718 30.0
719 204.0
720 180.0
721 203.0
722 204.0
723 203.0
724 180.0
725 180.0
726 203.0
727 180.0
728 0.0
729 203.0
730 204.0
731 204.0
732 32.0
733 203.0
734 203.0
735 203.0
736 30.0
737 203.0
738 203.0
739 203.0
740 203.0
741 175.0
742 203.0
743 38.0
744 0.0
745 191.0
746 0.0
747 33.0
748 25.0
749 49.0
750 120.0
751 191.0
752 204.0
753 191.0
754 38.0
755 204.0
756 251.0
757 251.0
758 245.0
759 189.0
760 203.0
761 191.0
762 191.0
763 203.0
764 203.0
765 251.0
766 203.0
767 203.0
768 191.0
769 32.0
770 203.0
771 103.0
772 204.0
773 153.0
774 203.0
775 38.0
776 180.0
777 180.0
778 180.0
779 218.0
780 38.0
781 204.0
782 203.0
783 203.0
784 203.0
785 109.0
786 203.0
787 180.0
788 203.0
789 203.0
790 33.0
791 191.0
792 92.0
793 191.0
794 203.0
795 191.0
796 191.0
797 169.0
798 180.0
799 191.0
800 191.0
801 49.0
802 204.0
803 191.0
804 0.0
805 109.0
806 114.0
807 251.0
808 240.0
809 251.0
810 251.0
811 60.0
812 180.0
813 203.0
814 203.0
815 203.0
816 251.0
817 196.0
818 203.0
819 203.0
820 204.0
821 204.0
822 30.0
823 20.0
824 203.0
825 203.0
826 6.0
827 180.0
828 203.0
829 175.0
830 0.0
831 38.0
832 204.0
833 203.0
834 203.0
835 44.0
836 203.0
837 25.0
838 180.0
839 33.0
840 203.0
841 0.0
842 203.0
843 203.0
844 203.0
845 174.0
846 49.0
847 203.0
848 0.0
849 203.0
850 191.0
851 191.0
852 49.0
853 33.0
854 204.0
855 204.0
856 174.0
857 33.0
858 251.0
859 38.0
860 251.0
861 251.0
862 203.0
863 203.0
864 203.0
865 203.0
866 203.0
867 251.0
868 203.0
869 203.0
870 0.0
871 169.0
872 203.0
873 33.0
874 203.0
875 203.0
876 203.0
877 203.0
878 180.0
879 203.0
880 25.0
881 0.0
882 203.0
883 204.0
884 204.0
885 1.0
886 204.0
887 203.0
888 203.0
889 32.0
890 203.0
891 203.0
892 0.0
893 6.0
894 175.0
895 203.0
896 32.0
897 191.0
898 251.0
899 203.0
900 203.0
901 120.0
902 204.0
903 191.0
904 191.0
905 175.0
906 191.0
907 109.0
908 103.0
909 251.0
910 240.0
911 245.0
912 240.0
913 251.0
914 191.0
915 191.0
916 203.0
917 203.0
918 251.0
919 49.0
920 203.0
921 186.0
922 204.0
923 203.0
924 33.0
925 203.0
926 204.0
927 204.0
928 38.0
929 175.0
930 203.0
931 33.0
932 0.0
933 203.0
934 204.0
935 204.0
936 203.0
937 203.0
938 203.0
939 203.0
940 109.0
941 203.0
942 203.0
943 203.0
944 6.0
945 170.0
946 191.0
947 32.0
948 38.0
949 49.0
950 191.0
951 180.0
952 191.0
953 32.0
954 49.0
955 33.0
956 204.0
957 204.0
958 114.0
959 103.0
960 251.0
961 251.0
962 245.0
963 251.0
964 0.0
965 191.0
966 191.0
967 203.0
968 203.0
969 251.0
970 196.0
971 203.0
972 204.0
973 204.0
974 92.0
975 92.0
976 20.0
977 20.0
978 204.0
979 38.0
980 180.0
981 180.0
982 33.0
983 0.0
984 6.0
985 204.0
986 203.0
987 11.0
988 114.0
989 103.0
990 30.0
991 180.0
992 203.0
993 203.0
994 203.0
995 191.0
996 203.0
997 203.0
998 174.0
999 38.0
1000 203.0
1001 203.0
1002 180.0
1003 191.0
1004 49.0
1005 203.0
1006 33.0
1007 191.0
1008 204.0
1009 6.0
1010 33.0
1011 251.0
1012 251.0
1013 251.0
1014 251.0
1015 203.0
1016 180.0
1017 203.0
1018 203.0
1019 203.0
1020 251.0
1021 191.0
1022 203.0
1023 158.0
1024 204.0
1025 92.0
1026 92.0
1027 0.0
1028 204.0
1029 203.0
1030 38.0
1031 180.0
1032 203.0
1033 33.0
1034 203.0
1035 203.0
1036 204.0
1037 204.0
1038 1.0
1039 203.0
1040 103.0
1041 25.0
1042 30.0
1043 30.0
1044 203.0
1045 0.0
1046 92.0
1047 175.0
1048 203.0
1049 174.0
1050 191.0
1051 191.0
1052 203.0
1053 203.0
1054 191.0
1055 191.0
1056 49.0
1057 191.0
1058 1.0
1059 204.0
1060 109.0
1061 109.0
1062 251.0
1063 245.0
1064 251.0
1065 240.0
1066 33.0
1067 32.0
1068 203.0
1069 203.0
1070 203.0
1071 251.0
1072 203.0
1073 203.0
1074 204.0
1075 204.0
1076 203.0
1077 92.0
1078 203.0
1079 203.0
1080 203.0
1081 203.0
1082 180.0
1083 203.0
1084 180.0
1085 0.0
1086 203.0
1087 204.0
1088 203.0
1089 44.0
1090 33.0
1091 0.0
1092 203.0
1093 109.0
1094 30.0
1095 203.0
1096 1.0
1097 186.0
1098 180.0
1099 203.0
1100 25.0
1101 191.0
1102 49.0
1103 203.0
1104 203.0
1105 120.0
1106 120.0
1107 191.0
1108 191.0
1109 38.0
1110 204.0
1111 109.0
1112 103.0
1113 251.0
1114 245.0
1115 245.0
1116 251.0
1117 0.0
1118 191.0
1119 203.0
1120 203.0
1121 203.0
1122 251.0
1123 1.0
1124 203.0
1125 191.0
1126 203.0
1127 204.0
1128 30.0
1129 204.0
1130 203.0
1131 204.0
1132 32.0
1133 180.0
1134 180.0
1135 175.0
1136 98.0
1137 38.0
1138 204.0
1139 203.0
1140 203.0
1141 109.0
1142 109.0
1143 203.0
1144 109.0
1145 203.0
1146 203.0
1147 203.0
1148 191.0
1149 6.0
1150 180.0
1151 0.0
1152 191.0
1153 49.0
1154 203.0
1155 180.0
1156 191.0
1157 49.0
1158 204.0
1159 175.0
1160 191.0
1161 204.0
1162 6.0
1163 33.0
1164 251.0
1165 251.0
1166 245.0
1167 251.0
1168 203.0
1169 191.0
1170 191.0
1171 203.0
1172 203.0
1173 251.0
1174 191.0
1175 203.0
1176 191.0
1177 204.0
1178 92.0
1179 92.0
1180 0.0
1181 204.0
1182 204.0
1183 38.0
1184 180.0
1185 203.0
1186 33.0
1187 191.0
1188 203.0
1189 204.0
1190 204.0
1191 204.0
1192 203.0
1193 30.0
1194 203.0
1195 104.0
1196 203.0
1197 203.0
1198 0.0
1199 191.0
1200 175.0
1201 203.0
1202 0.0
1203 25.0
1204 191.0
1205 49.0
1206 180.0
1207 179.0
1208 49.0
1209 49.0
1210 204.0
1211 191.0
1212 204.0
1213 44.0
1214 33.0
1215 251.0
1216 251.0
1217 251.0
1218 251.0
1219 204.0
1220 191.0
1221 203.0
1222 203.0
1223 203.0
1224 251.0
1225 203.0
1226 203.0
1227 204.0
1228 204.0
1229 203.0
1230 103.0
1231 20.0
1232 204.0
1233 203.0
1234 38.0
1235 180.0
1236 203.0
1237 33.0
1238 0.0
1239 203.0
1240 204.0
1241 204.0
1242 49.0
1243 203.0
1244 25.0
1245 0.0
1246 180.0
1247 33.0
1248 203.0
1249 0.0
1250 203.0
1251 203.0
1252 203.0
1253 93.0
1254 251.0
1255 251.0
1256 203.0
1257 203.0
1258 191.0
1259 120.0
1260 25.0
1261 191.0
1262 186.0
1263 204.0
1264 114.0
1265 1.0
1266 251.0
1267 251.0
1268 251.0
1269 251.0
1270 109.0
1271 191.0
1272 203.0
1273 203.0
1274 196.0
1275 251.0
1276 1.0
1277 203.0
1278 204.0
1279 204.0
1280 203.0
1281 33.0
1282 203.0
1283 203.0
1284 203.0
1285 38.0
1286 180.0
1287 203.0
1288 180.0
1289 203.0
1290 203.0
1291 204.0
1292 204.0
1293 251.0
1294 1.0
1295 0.0
1296 203.0
1297 109.0
1298 203.0
1299 203.0
1300 0.0
1301 38.0
1302 203.0
1303 191.0
1304 0.0
1305 191.0
1306 49.0
1307 0.0
1308 203.0
1309 191.0
1310 49.0
1311 120.0
1312 191.0
1313 186.0
1314 204.0
1315 251.0
1316 227.0
1317 251.0
1318 245.0
1319 251.0
1320 239.0
1321 0.0
1322 191.0
1323 191.0
1324 203.0
1325 203.0
1326 251.0
1327 32.0
1328 203.0
1329 191.0
1330 203.0
1331 92.0
1332 103.0
1333 20.0
1334 203.0
1335 204.0
1336 38.0
1337 180.0
1338 203.0
1339 175.0
1340 203.0
1341 32.0
1342 204.0
1343 30.0
1344 251.0
1345 38.0
1346 25.0
1347 203.0
1348 104.0
1349 203.0
1350 203.0
1351 0.0
1352 191.0
1353 180.0
1354 191.0
1355 98.0
1356 203.0
1357 203.0
1358 203.0
1359 180.0
1360 0.0
1361 49.0
1362 120.0
1363 204.0
1364 191.0
1365 32.0
1366 33.0
1367 33.0
1368 251.0
1369 245.0
1370 251.0
1371 251.0
1372 203.0
1373 191.0
1374 203.0
1375 203.0
1376 203.0
1377 251.0
1378 203.0
1379 203.0
1380 204.0
1381 204.0
1382 204.0
1383 33.0
1384 204.0
1385 204.0
1386 203.0
1387 203.0
1388 203.0
1389 203.0
1390 38.0
1391 174.0
1392 6.0
1393 204.0
1394 251.0
1395 251.0
1396 203.0
1397 25.0
1398 203.0
1399 104.0
1400 203.0
1401 203.0
1402 0.0
1403 203.0
1404 180.0
1405 203.0
1406 0.0
1407 191.0
1408 251.0
1409 202.0
1410 180.0
1411 191.0
1412 191.0
1413 120.0
1414 204.0
1415 186.0
1416 32.0
1417 33.0
1418 251.0
1419 251.0
1420 251.0
1421 251.0
1422 251.0
1423 0.0
1424 191.0
1425 191.0
1426 203.0
1427 203.0
1428 251.0
1429 202.0
1430 203.0
1431 204.0
1432 204.0
1433 203.0
1434 33.0
1435 203.0
1436 204.0
1437 203.0
1438 203.0
1439 180.0
1440 203.0
1441 32.0
1442 245.0
1443 6.0
1444 252.0
1445 251.0
1446 252.0
1447 38.0
1448 25.0
1449 203.0
1450 109.0
1451 203.0
1452 203.0
1453 0.0
1454 203.0
1455 203.0
1456 203.0
1457 38.0
1458 191.0
1459 191.0
1460 169.0
1461 203.0
1462 0.0
1463 120.0
1464 49.0
1465 191.0
1466 186.0
1467 38.0
1468 245.0
1469 251.0
1470 251.0
1471 245.0
1472 251.0
1473 251.0
1474 0.0
1475 191.0
1476 191.0
1477 203.0
1478 202.0
1479 252.0
1480 6.0
1481 203.0
1482 204.0
1483 204.0
1484 203.0
1485 32.0
1486 203.0
1487 203.0
1488 203.0
1489 38.0
1490 180.0
1491 203.0
1492 180.0
1493 218.0
1494 6.0
1495 251.0
1496 252.0
1497 49.0
1498 203.0
1499 25.0
1500 203.0
1501 180.0
1502 203.0
1503 203.0
1504 44.0
1505 203.0
1506 180.0
1507 180.0
1508 0.0
1509 191.0
1510 251.0
1511 60.0
1512 203.0
1513 191.0
1514 32.0
1515 49.0
1516 204.0
1517 191.0
1518 38.0
1519 1.0
1520 251.0
1521 251.0
1522 240.0
1523 251.0
1524 251.0
1525 203.0
1526 191.0
1527 191.0
1528 203.0
1529 186.0
1530 252.0
1531 49.0
1532 203.0
1533 191.0
1534 163.0
1535 203.0
1536 33.0
1537 0.0
1538 204.0
1539 204.0
1540 180.0
1541 203.0
1542 203.0
1543 33.0
1544 245.0
1545 203.0
1546 252.0
1547 38.0
1548 60.0
1549 30.0
1550 25.0
1551 203.0
1552 109.0
1553 203.0
1554 203.0
1555 0.0
1556 203.0
1557 180.0
1558 180.0
1559 0.0
1560 203.0
1561 203.0
1562 28.0
1563 180.0
1564 191.0
1565 49.0
1566 120.0
1567 204.0
1568 191.0
1569 38.0
1570 251.0
1571 33.0
1572 251.0
1573 251.0
1574 251.0
1575 251.0
1576 0.0
1577 191.0
1578 203.0
1579 203.0
1580 203.0
1581 252.0
1582 203.0
1583 224.0
1584 204.0
1585 204.0
1586 203.0
1587 33.0
1588 20.0
1589 204.0
1590 203.0
1591 6.0
1592 180.0
1593 203.0
1594 30.0
1595 203.0
1596 11.0
1597 38.0
1598 251.0
1599 251.0
1600 251.0
1601 93.0
1602 203.0
1603 33.0
1604 203.0
1605 203.0
1606 33.0
1607 203.0
1608 203.0
1609 203.0
1610 32.0
1611 180.0
1612 191.0
1613 30.0
1614 203.0
1615 191.0
1616 191.0
1617 204.0
1618 204.0
1619 204.0
1620 32.0
1621 33.0
1622 1.0
1623 251.0
1624 251.0
1625 251.0
1626 251.0
1627 0.0
1628 38.0
1629 203.0
1630 203.0
1631 203.0
1632 252.0
1633 203.0
1634 120.0
1635 204.0
1636 204.0
1637 203.0
1638 92.0
1639 203.0
1640 204.0
1641 204.0
1642 38.0
1643 180.0
1644 203.0
1645 203.0
1646 245.0
1647 203.0
1648 251.0
1649 251.0
1650 251.0
1651 251.0
1652 0.0
1653 203.0
1654 180.0
1655 203.0
1656 203.0
1657 0.0
1658 203.0
1659 203.0
1660 203.0
1661 0.0
1662 191.0
1663 191.0
1664 49.0
1665 203.0
1666 191.0
1667 49.0
1668 49.0
1669 204.0
1670 175.0
1671 32.0
1672 44.0
1673 227.0
1674 251.0
1675 240.0
1676 251.0
1677 251.0
1678 33.0
1679 191.0
1680 191.0
1681 203.0
1682 32.0
1683 252.0
1684 203.0
1685 203.0
1686 251.0
1687 163.0
1688 92.0
1689 32.0
1690 203.0
1691 203.0
1692 204.0
1693 203.0
1694 180.0
1695 203.0
1696 180.0
1697 218.0
1698 251.0
1699 251.0
1700 251.0
1701 60.0
1702 49.0
1703 25.0
1704 203.0
1705 203.0
1706 203.0
1707 203.0
1708 0.0
1709 203.0
1710 203.0
1711 180.0
1712 93.0
1713 191.0
1714 203.0
1715 0.0
1716 180.0
1717 33.0
1718 204.0
1719 204.0
1720 204.0
1721 1.0
1722 204.0
1723 238.0
1724 33.0
1725 251.0
1726 240.0
1727 251.0
1728 251.0
1729 0.0
1730 191.0
1731 203.0
1732 203.0
1733 203.0
1734 252.0
1735 203.0
1736 203.0
1737 203.0
1738 203.0
1739 203.0
1740 92.0
1741 20.0
1742 204.0
1743 203.0
1744 38.0
1745 180.0
1746 203.0
1747 33.0
1748 251.0
1749 251.0
1750 30.0
1751 49.0
1752 251.0
1753 38.0
1754 32.0
1755 203.0
1756 32.0
1757 203.0
1758 203.0
1759 0.0
1760 203.0
1761 203.0
1762 203.0
1763 169.0
1764 38.0
1765 203.0
1766 60.0
1767 203.0
1768 0.0
1769 120.0
1770 204.0
1771 204.0
1772 191.0
1773 38.0
1774 251.0
1775 33.0
1776 251.0
1777 251.0
1778 251.0
1779 251.0
1780 0.0
1781 191.0
1782 203.0
1783 203.0
1784 203.0
1785 252.0
1786 175.0
1787 0.0
1788 251.0
1789 251.0
1790 203.0
1791 203.0
1792 0.0
1793 204.0
1794 204.0
1795 203.0
1796 180.0
1797 203.0
1798 203.0
1799 251.0
1800 251.0
1801 203.0
1802 38.0
1803 251.0
1804 252.0
1805 204.0
1806 203.0
1807 32.0
1808 203.0
1809 203.0
1810 33.0
1811 203.0
1812 203.0
1813 203.0
1814 0.0
1815 191.0
1816 191.0
1817 0.0
1818 203.0
1819 191.0
1820 49.0
1821 204.0
1822 204.0
1823 191.0
1824 251.0
1825 1.0
1826 44.0
1827 251.0
1828 251.0
1829 251.0
1830 251.0
1831 251.0
1832 191.0
1833 203.0
1834 203.0
1835 202.0
1836 252.0
1837 191.0
1838 203.0
1839 229.0
1840 203.0
1841 204.0
1842 92.0
1843 33.0
1844 203.0
1845 204.0
1846 203.0
1847 175.0
1848 203.0
1849 33.0
1850 251.0
1851 38.0
1852 251.0
1853 251.0
1854 60.0
1855 251.0
1856 203.0
1857 203.0
1858 104.0
1859 203.0
1860 203.0
1861 30.0
1862 203.0
1863 203.0
1864 191.0
1865 0.0
1866 49.0
1867 251.0
1868 49.0
1869 180.0
1870 204.0
1871 49.0
1872 49.0
1873 191.0
1874 191.0
1875 251.0
1876 44.0
1877 251.0
1878 251.0
1879 240.0
1880 251.0
1881 251.0
1882 251.0
1883 203.0
1884 203.0
1885 203.0
1886 186.0
1887 252.0
1888 191.0
1889 203.0
1890 204.0
1891 251.0
1892 191.0
1893 204.0
1894 30.0
1895 203.0
1896 204.0
1897 38.0
1898 180.0
1899 203.0
1900 231.0
1901 251.0
1902 251.0
1903 251.0
1904 203.0
1905 251.0
1906 251.0
1907 203.0
1908 203.0
1909 33.0
1910 203.0
1911 203.0
1912 203.0
1913 203.0
1914 203.0
1915 180.0
1916 169.0
1917 38.0
1918 203.0
1919 203.0
1920 0.0
1921 25.0
1922 120.0
1923 49.0
1924 204.0
1925 191.0
1926 251.0
1927 33.0
1928 33.0
1929 251.0
1930 240.0
1931 251.0
1932 251.0
1933 0.0
1934 191.0
1935 203.0
1936 203.0
1937 203.0
1938 252.0
1939 203.0
1940 203.0
1941 203.0
1942 203.0
1943 0.0
1944 33.0
1945 19.0
1946 204.0
1947 203.0
1948 203.0
1949 175.0
1950 104.0
1951 30.0
1952 251.0
1953 203.0
1954 38.0
1955 30.0
1956 251.0
1957 38.0
1958 203.0
1959 203.0
1960 30.0
1961 203.0
1962 203.0
1963 0.0
1964 203.0
1965 203.0
1966 203.0
1967 38.0
1968 191.0
1969 191.0
1970 180.0
1971 203.0
1972 191.0
1973 120.0
1974 204.0
1975 204.0
1976 225.0
1977 38.0
1978 238.0
1979 251.0
1980 251.0
1981 251.0
1982 251.0
1983 251.0
1984 0.0
1985 191.0
1986 203.0
1987 203.0
1988 203.0
1989 252.0
1990 191.0
1991 204.0
1992 251.0
1993 203.0
1994 0.0
1995 32.0
1996 32.0
1997 204.0
1998 203.0
1999 203.0
2000 180.0
2001 32.0
2002 38.0
2003 251.0
2004 203.0
2005 251.0
2006 251.0
2007 60.0
2008 38.0
2009 203.0
2010 203.0
2011 203.0
2012 203.0
2013 203.0
2014 203.0
2015 203.0
2016 203.0
2017 203.0
2018 0.0
2019 49.0
2020 49.0
2021 191.0
2022 191.0
2023 191.0
2024 204.0
2025 204.0
2026 203.0
2027 169.0
2028 251.0
2029 44.0
2030 2.0
2031 251.0
2032 251.0
2033 251.0
2034 251.0
2035 33.0
2036 191.0
2037 203.0
2038 203.0
2039 202.0
2040 252.0
2041 191.0
2042 25.0
2043 204.0
2044 0.0
2045 191.0
2046 92.0
2047 92.0
2048 203.0
2049 204.0
2050 38.0
2051 180.0
2052 203.0
2053 30.0
2054 251.0
2055 109.0
2056 251.0
2057 251.0
2058 49.0
2059 251.0
2060 109.0
2061 203.0
2062 104.0
2063 203.0
2064 203.0
2065 30.0
2066 203.0
2067 203.0
2068 191.0
2069 0.0
2070 38.0
2071 203.0
2072 60.0
2073 0.0
2074 191.0
2075 49.0
2076 204.0
2077 187.0
2078 38.0
2079 251.0
2080 33.0
2081 33.0
2082 251.0
2083 251.0
2084 251.0
2085 251.0
2086 251.0
2087 191.0
2088 203.0
2089 203.0
2090 191.0
2091 252.0
2092 175.0
2093 203.0
2094 251.0
2095 251.0
2096 191.0
2097 33.0
2098 30.0
2099 204.0
2100 203.0
2101 38.0
2102 175.0
2103 203.0
2104 32.0
2105 6.0
2106 203.0
2107 49.0
2108 38.0
2109 251.0
2110 251.0
2111 203.0
2112 204.0
2113 30.0
2114 203.0
2115 203.0
2116 0.0
2117 203.0
2118 203.0
2119 203.0
2120 49.0
2121 49.0
2122 203.0
2123 203.0
2124 203.0
2125 33.0
2126 49.0
2127 204.0
2128 0.0
2129 32.0
2130 38.0
2131 33.0
2132 33.0
2133 251.0
2134 245.0
2135 251.0
2136 251.0
2137 0.0
2138 203.0
2139 191.0
2140 203.0
2141 203.0
2142 252.0
2143 191.0
2144 204.0
2145 203.0
2146 203.0
2147 29.0
2148 32.0
2149 32.0
2150 204.0
2151 20.0
2152 38.0
2153 175.0
2154 32.0
2155 38.0
2156 251.0
2157 203.0
2158 38.0
2159 251.0
2160 251.0
2161 49.0
2162 203.0
2163 204.0
2164 204.0
2165 203.0
2166 203.0
2167 0.0
2168 203.0
2169 203.0
2170 203.0
2171 164.0
2172 49.0
2173 191.0
2174 203.0
2175 203.0
2176 1.0
2177 191.0
2178 49.0
2179 0.0
2180 183.0
2181 251.0
2182 33.0
2183 251.0
2184 251.0
2185 245.0
2186 251.0
2187 251.0
2188 0.0
2189 191.0
2190 203.0
2191 203.0
2192 203.0
2193 252.0
2194 191.0
2195 158.0
2196 251.0
2197 203.0
2198 203.0
2199 32.0
2200 30.0
2201 204.0
2202 204.0
2203 38.0
2204 180.0
2205 98.0
2206 204.0
2207 251.0
2208 1.0
2209 251.0
2210 251.0
2211 49.0
2212 38.0
2213 203.0
2214 204.0
2215 43.0
2216 203.0
2217 203.0
2218 0.0
2219 203.0
2220 203.0
2221 32.0
2222 169.0
2223 38.0
2224 251.0
2225 49.0
2226 33.0
2227 191.0
2228 191.0
2229 49.0
2230 32.0
2231 184.0
2232 251.0
2233 1.0
2234 251.0
2235 251.0
2236 251.0
2237 251.0
2238 251.0
2239 33.0
2240 191.0
2241 203.0
2242 203.0
2243 196.0
2244 252.0
2245 49.0
2246 203.0
2247 204.0
2248 158.0
2249 204.0
2250 33.0
2251 92.0
2252 203.0
2253 204.0
2254 204.0
2255 49.0
2256 104.0
2257 98.0
2258 0.0
2259 203.0
2260 251.0
2261 38.0
2262 60.0
2263 251.0
2264 103.0
2265 203.0
2266 43.0
2267 204.0
2268 203.0
2269 1.0
2270 203.0
2271 203.0
2272 180.0
2273 0.0
2274 49.0
2275 203.0
2276 203.0
2277 203.0
2278 0.0
2279 38.0
2280 204.0
2281 32.0
2282 225.0
2283 251.0
2284 251.0
2285 227.0
2286 251.0
2287 251.0
2288 251.0
2289 251.0
2290 0.0
2291 191.0
2292 203.0
2293 203.0
2294 202.0
2295 252.0
2296 203.0
2297 204.0
2298 251.0
2299 204.0
2300 191.0
2301 32.0
2302 30.0
2303 204.0
2304 203.0
2305 38.0
2306 164.0
2307 203.0
2308 251.0
2309 251.0
2310 203.0
2311 49.0
2312 251.0
2313 251.0
2314 38.0
2315 203.0
2316 203.0
2317 109.0
2318 38.0
2319 204.0
2320 0.0
2321 203.0
2322 203.0
2323 203.0
2324 0.0
2325 49.0
2326 251.0
2327 158.0
2328 191.0
2329 33.0
2330 191.0
2331 204.0
2332 204.0
2333 38.0
2334 251.0
2335 246.0
2336 251.0
2337 251.0
2338 240.0
2339 251.0
2340 251.0
2341 0.0
2342 191.0
2343 191.0
2344 203.0
2345 203.0
2346 252.0
2347 191.0
2348 204.0
2349 203.0
2350 1.0
2351 191.0
2352 164.0
2353 30.0
2354 204.0
2355 204.0
2356 38.0
2357 169.0
2358 204.0
2359 251.0
2360 251.0
2361 49.0
2362 251.0
2363 251.0
2364 60.0
2365 38.0
2366 203.0
2367 203.0
2368 11.0
2369 49.0
2370 204.0
2371 204.0
2372 203.0
2373 203.0
2374 203.0
2375 169.0
2376 49.0
2377 191.0
2378 0.0
2379 203.0
2380 191.0
2381 191.0
2382 204.0
2383 204.0
2384 183.0
2385 251.0
2386 251.0
2387 251.0
2388 251.0
2389 251.0
2390 251.0
2391 251.0
2392 0.0
2393 203.0
2394 180.0
2395 203.0
2396 202.0
2397 252.0
2398 38.0
2399 251.0
2400 251.0
2401 203.0
2402 0.0
2403 14.0
2404 92.0
2405 203.0
2406 204.0
2407 38.0
2408 191.0
2409 251.0
2410 203.0
2411 251.0
2412 0.0
2413 251.0
2414 49.0
2415 49.0
2416 251.0
2417 11.0
2418 204.0
2419 43.0
2420 203.0
2421 203.0
2422 204.0
2423 1.0
2424 203.0
2425 180.0
2426 98.0
2427 49.0
2428 251.0
2429 191.0
2430 203.0
2431 191.0
2432 32.0
2433 204.0
2434 38.0
2435 183.0
2436 251.0
2437 247.0
2438 227.0
2439 251.0
2440 251.0
2441 251.0
2442 251.0
2443 33.0
2444 191.0
2445 203.0
2446 203.0
2447 202.0
2448 252.0
2449 191.0
2450 251.0
2451 204.0
2452 0.0
2453 0.0
2454 32.0
2455 30.0
2456 204.0
2457 203.0
2458 203.0
2459 175.0
2460 203.0
2461 175.0
2462 203.0
2463 251.0
2464 49.0
2465 49.0
2466 251.0
2467 38.0
2468 11.0
2469 203.0
2470 109.0
2471 204.0
2472 204.0
2473 204.0
2474 191.0
2475 203.0
2476 203.0
2477 0.0
2478 38.0
2479 251.0
2480 203.0
2481 203.0
2482 33.0
2483 203.0
2484 204.0
2485 169.0
2486 38.0
2487 251.0
2488 246.0
2489 246.0
2490 251.0
2491 240.0
2492 251.0
2493 251.0
2494 251.0
2495 191.0
2496 203.0
2497 203.0
2498 203.0
2499 252.0
2500 38.0
2501 251.0
2502 251.0
2503 203.0
2504 204.0
2505 25.0
2506 33.0
2507 204.0
2508 204.0
2509 203.0
2510 175.0
2511 251.0
2512 251.0
2513 251.0
2514 203.0
2515 49.0
2516 251.0
2517 49.0
2518 38.0
2519 11.0
2520 203.0
2521 204.0
2522 49.0
2523 204.0
2524 33.0
2525 30.0
2526 203.0
2527 203.0
2528 0.0
2529 49.0
2530 251.0
2531 191.0
2532 191.0
2533 120.0
2534 191.0
2535 204.0
2536 204.0
2537 32.0
2538 251.0
2539 238.0
2540 251.0
2541 251.0
2542 245.0
2543 251.0
2544 251.0
2545 0.0
2546 180.0
2547 175.0
2548 203.0
2549 202.0
2550 252.0
2551 1.0
2552 251.0
2553 251.0
2554 251.0
2555 204.0
2556 204.0
2557 30.0
2558 203.0
2559 204.0
2560 38.0
2561 175.0
2562 251.0
2563 251.0
2564 251.0
2565 6.0
2566 252.0
2567 49.0
2568 252.0
2569 251.0
2570 251.0
2571 203.0
2572 43.0
2573 204.0
2574 32.0
2575 204.0
2576 203.0
2577 203.0
2578 191.0
2579 180.0
2580 38.0
2581 251.0
2582 191.0
2583 203.0
2584 191.0
2585 191.0
2586 204.0
2587 251.0
2588 225.0
2589 251.0
2590 251.0
2591 251.0
2592 251.0
2593 251.0
2594 251.0
2595 251.0
2596 0.0
2597 202.0
2598 203.0
2599 203.0
2600 196.0
2601 252.0
2602 191.0
2603 204.0
2604 251.0
2605 224.0
2606 0.0
2607 203.0
2608 92.0
2609 204.0
2610 203.0
2611 38.0
2612 175.0
2613 251.0
2614 33.0
2615 251.0
2616 203.0
2617 251.0
2618 38.0
2619 251.0
2620 251.0
2621 203.0
2622 203.0
2623 204.0
2624 32.0
2625 12.0
2626 204.0
2627 191.0
2628 203.0
2629 203.0
2630 49.0
2631 49.0
2632 251.0
2633 0.0
2634 203.0
2635 0.0
2636 25.0
2637 38.0
2638 203.0
2639 183.0
2640 251.0
2641 245.0
2642 227.0
2643 251.0
2644 245.0
2645 251.0
2646 251.0
2647 203.0
2648 191.0
2649 191.0
2650 203.0
2651 203.0
2652 252.0
2653 175.0
2654 251.0
2655 251.0
2656 251.0
2657 0.0
2658 32.0
2659 92.0
2660 204.0
2661 203.0
2662 203.0
2663 175.0
2664 251.0
2665 32.0
2666 251.0
2667 203.0
2668 251.0
2669 251.0
2670 49.0
2671 49.0
2672 251.0
2673 203.0
2674 204.0
2675 204.0
2676 204.0
2677 204.0
2678 6.0
2679 203.0
2680 203.0
2681 0.0
2682 49.0
2683 251.0
2684 203.0
2685 203.0
2686 0.0
2687 191.0
2688 32.0
2689 251.0
2690 225.0
2691 251.0
2692 251.0
2693 227.0
2694 251.0
2695 245.0
2696 251.0
2697 251.0
2698 0.0
2699 203.0
2700 186.0
2701 203.0
2702 203.0
2703 252.0
2704 191.0
2705 251.0
2706 251.0
2707 203.0
2708 204.0
2709 204.0
2710 0.0
2711 203.0
2712 204.0
2713 6.0
2714 175.0
2715 251.0
2716 251.0
2717 251.0
2718 203.0
2719 251.0
2720 203.0
2721 60.0
2722 38.0
2723 38.0
2724 203.0
2725 49.0
2726 49.0
2727 204.0
2728 204.0
2729 1.0
2730 203.0
2731 0.0
2732 203.0
2733 203.0
2734 251.0
2735 38.0
2736 203.0
2737 191.0
2738 191.0
2739 49.0
2740 32.0
2741 251.0
2742 251.0
2743 251.0
2744 251.0
2745 251.0
2746 251.0
2747 251.0
2748 251.0
2749 245.0
2750 202.0
2751 203.0
2752 203.0
2753 203.0
2754 252.0
2755 6.0
2756 251.0
2757 251.0
2758 0.0
2759 0.0
2760 204.0
2761 32.0
2762 203.0
2763 203.0
2764 38.0
2765 175.0
2766 251.0
2767 251.0
2768 251.0
2769 109.0
2770 251.0
2771 203.0
2772 251.0
2773 251.0
2774 6.0
2775 203.0
2776 43.0
2777 204.0
2778 38.0
2779 204.0
2780 180.0
2781 203.0
2782 0.0
2783 38.0
2784 38.0
2785 251.0
2786 191.0
2787 33.0
2788 33.0
2789 32.0
2790 32.0
2791 251.0
2792 38.0
2793 251.0
2794 227.0
2795 251.0
2796 251.0
2797 240.0
2798 251.0
2799 251.0
2800 203.0
2801 38.0
2802 203.0
2803 203.0
2804 203.0
2805 252.0
2806 191.0
2807 204.0
2808 251.0
2809 0.0
2810 191.0
2811 32.0
2812 33.0
2813 203.0
2814 203.0
2815 203.0
2816 175.0
2817 251.0
2818 251.0
2819 251.0
2820 49.0
2821 251.0
2822 251.0
2823 251.0
2824 251.0
2825 43.0
2826 203.0
2827 109.0
2828 204.0
2829 204.0
2830 204.0
2831 180.0
2832 203.0
2833 203.0
2834 191.0
2835 49.0
2836 251.0
2837 203.0
2838 33.0
2839 38.0
2840 120.0
2841 251.0
2842 251.0
2843 38.0
2844 251.0
2845 247.0
2846 227.0
2847 251.0
2848 240.0
2849 251.0
2850 251.0
2851 0.0
2852 180.0
2853 191.0
2854 203.0
2855 203.0
2856 252.0
2857 191.0
2858 251.0
2859 251.0
2860 203.0
2861 191.0
2862 204.0
2863 92.0
2864 204.0
2865 204.0
2866 203.0
2867 175.0
2868 251.0
2869 203.0
2870 251.0
2871 251.0
2872 252.0
2873 251.0
2874 49.0
2875 38.0
2876 30.0
2877 203.0
2878 43.0
2879 49.0
2880 204.0
2881 0.0
2882 38.0
2883 203.0
2884 203.0
2885 180.0
2886 49.0
2887 251.0
2888 203.0
2889 203.0
2890 191.0
2891 0.0
2892 184.0
2893 38.0
2894 225.0
2895 251.0
2896 246.0
2897 251.0
2898 251.0
2899 251.0
2900 251.0
2901 251.0
2902 203.0
2903 180.0
2904 191.0
2905 191.0
2906 203.0
2907 252.0
2908 38.0
2909 251.0
2910 251.0
2911 203.0
2912 0.0
2913 204.0
2914 0.0
2915 204.0
2916 204.0
2917 38.0
2918 175.0
2919 251.0
2920 251.0
2921 251.0
2922 251.0
2923 252.0
2924 38.0
2925 49.0
2926 49.0
2927 204.0
2928 43.0
2929 49.0
2930 49.0
2931 38.0
2932 204.0
2933 203.0
2934 203.0
2935 0.0
2936 203.0
2937 38.0
2938 251.0
2939 203.0
2940 203.0
2941 191.0
2942 251.0
2943 32.0
2944 32.0
2945 251.0
2946 251.0
2947 251.0
2948 251.0
2949 251.0
2950 251.0
2951 251.0
2952 251.0
2953 33.0
2954 169.0
2955 203.0
2956 203.0
2957 203.0
2958 252.0
2959 203.0
2960 204.0
2961 251.0
2962 0.0
2963 0.0
2964 14.0
2965 33.0
2966 204.0
2967 204.0
2968 203.0
2969 175.0
2970 251.0
2971 104.0
2972 251.0
2973 251.0
2974 252.0
2975 49.0
2976 49.0
2977 251.0
2978 203.0
2979 203.0
2980 203.0
2981 38.0
2982 32.0
2983 204.0
2984 180.0
2985 203.0
2986 0.0
2987 203.0
2988 49.0
2989 251.0
2990 114.0
2991 191.0
2992 203.0
2993 0.0
2994 225.0
2995 32.0
2996 38.0
2997 251.0
2998 245.0
2999 251.0
3000 251.0
3001 240.0
3002 251.0
3003 251.0
3004 0.0
3005 202.0
3006 203.0
3007 203.0
3008 203.0
3009 252.0
3010 191.0
3011 251.0
3012 251.0
3013 251.0
3014 191.0
3015 14.0
3016 30.0
3017 204.0
3018 203.0
3019 203.0
3020 175.0
3021 251.0
3022 203.0
3023 251.0
3024 251.0
3025 251.0
3026 251.0
3027 251.0
3028 251.0
3029 33.0
3030 103.0
3031 204.0
3032 49.0
3033 204.0
3034 0.0
3035 203.0
3036 203.0
3037 202.0
3038 203.0
3039 49.0
3040 251.0
3041 186.0
3042 0.0
3043 203.0
3044 188.0
3045 184.0
3046 251.0
3047 38.0
3048 251.0
3049 251.0
3050 227.0
3051 251.0
3052 251.0
3053 251.0
3054 251.0
3055 0.0
3056 191.0
3057 191.0
3058 191.0
3059 203.0
3060 252.0
3061 203.0
3062 251.0
3063 251.0
3064 203.0
3065 0.0
3066 204.0
3067 0.0
3068 204.0
3069 204.0
3070 38.0
3071 175.0
3072 251.0
3073 251.0
3074 251.0
3075 60.0
3076 252.0
3077 252.0
3078 49.0
3079 49.0
3080 33.0
3081 203.0
3082 49.0
3083 204.0
3084 49.0
3085 203.0
3086 38.0
3087 203.0
3088 203.0
3089 251.0
3090 49.0
3091 251.0
3092 203.0
3093 203.0
3094 120.0
3095 0.0
3096 32.0
3097 251.0
3098 251.0
3099 251.0
3100 227.0
3101 246.0
3102 251.0
3103 251.0
3104 251.0
3105 251.0
3106 203.0
3107 202.0
3108 203.0
3109 203.0
3110 203.0
3111 252.0
3112 203.0
3113 251.0
3114 251.0
3115 204.0
3116 0.0
3117 32.0
3118 203.0
3119 204.0
3120 204.0
3121 38.0
3122 175.0
3123 251.0
3124 251.0
3125 251.0
3126 251.0
3127 251.0
3128 49.0
3129 251.0
3130 38.0
3131 25.0
3132 43.0
3133 204.0
3134 38.0
3135 203.0
3136 204.0
3137 0.0
3138 203.0
3139 17.0
3140 49.0
3141 49.0
3142 251.0
3143 180.0
3144 203.0
3145 191.0
3146 168.0
3147 32.0
3148 38.0
3149 251.0
3150 251.0
3151 227.0
3152 251.0
3153 251.0
3154 245.0
3155 251.0
3156 251.0
3157 203.0
3158 191.0
3159 203.0
3160 203.0
3161 203.0
3162 252.0
3163 203.0
3164 251.0
3165 251.0
3166 191.0
3167 203.0
3168 204.0
3169 203.0
3170 204.0
3171 204.0
3172 203.0
3173 175.0
3174 251.0
3175 251.0
3176 251.0
3177 251.0
3178 251.0
3179 251.0
3180 251.0
3181 251.0
3182 203.0
3183 251.0
3184 204.0
3185 49.0
3186 1.0
3187 204.0
3188 180.0
3189 203.0
3190 191.0
3191 191.0
3192 49.0
3193 251.0
3194 186.0
3195 0.0
3196 203.0
3197 251.0
3198 169.0
3199 32.0
3200 38.0
3201 251.0
3202 1.0
3203 251.0
3204 251.0
3205 251.0
3206 251.0
3207 251.0
3208 109.0
3209 202.0
3210 203.0
3211 203.0
3212 203.0
3213 252.0
3214 203.0
3215 251.0
3216 251.0
3217 203.0
3218 251.0
3219 204.0
3220 204.0
3221 204.0
3222 203.0
3223 38.0
3224 175.0
3225 251.0
3226 203.0
3227 251.0
3228 251.0
3229 252.0
3230 251.0
3231 44.0
3232 251.0
3233 11.0
3234 203.0
3235 203.0
3236 49.0
3237 204.0
3238 204.0
3239 191.0
3240 203.0
3241 175.0
3242 203.0
3243 49.0
3244 251.0
3245 191.0
3246 203.0
3247 203.0
3248 236.0
3249 169.0
3250 251.0
3251 38.0
3252 251.0
3253 251.0
3254 227.0
3255 251.0
3256 251.0
3257 251.0
3258 251.0
3259 0.0
3260 186.0
3261 203.0
3262 203.0
3263 203.0
3264 252.0
3265 175.0
3266 251.0
3267 251.0
3268 251.0
3269 191.0
3270 203.0
3271 0.0
3272 204.0
3273 203.0
3274 38.0
3275 175.0
3276 251.0
3277 251.0
3278 251.0
3279 251.0
3280 251.0
3281 49.0
3282 251.0
3283 33.0
3284 32.0
3285 43.0
3286 203.0
3287 38.0
3288 203.0
3289 204.0
3290 38.0
3291 203.0
3292 0.0
3293 251.0
3294 191.0
3295 251.0
3296 60.0
3297 191.0
3298 191.0
3299 38.0
3300 251.0
3301 38.0
3302 251.0
3303 251.0
3304 251.0
3305 251.0
3306 251.0
3307 251.0
3308 251.0
3309 251.0
3310 203.0
3311 196.0
3312 203.0
3313 203.0
3314 203.0
3315 252.0
3316 203.0
3317 251.0
3318 251.0
3319 251.0
3320 251.0
3321 203.0
3322 203.0
3323 204.0
3324 203.0
3325 203.0
3326 175.0
3327 251.0
3328 251.0
3329 251.0
3330 251.0
3331 252.0
3332 60.0
3333 251.0
3334 38.0
3335 43.0
3336 251.0
3337 203.0
3338 49.0
3339 1.0
3340 204.0
3341 204.0
3342 203.0
3343 191.0
3344 191.0
3345 49.0
3346 251.0
3347 60.0
3348 203.0
3349 203.0
3350 32.0
3351 32.0
3352 251.0
3353 251.0
3354 251.0
3355 251.0
3356 251.0
3357 251.0
3358 245.0
3359 251.0
3360 251.0
3361 204.0
3362 202.0
3363 203.0
3364 203.0
3365 203.0
3366 252.0
3367 203.0
3368 251.0
3369 251.0
3370 203.0
3371 203.0
3372 204.0
3373 20.0
3374 204.0
3375 203.0
3376 38.0
3377 180.0
3378 251.0
3379 203.0
3380 251.0
3381 251.0
3382 251.0
3383 251.0
3384 49.0
3385 252.0
3386 1.0
3387 203.0
3388 203.0
3389 49.0
3390 204.0
3391 204.0
3392 180.0
3393 203.0
3394 17.0
3395 203.0
3396 49.0
3397 251.0
3398 0.0
3399 203.0
3400 49.0
3401 251.0
3402 169.0
3403 251.0
3404 251.0
3405 251.0
3406 109.0
3407 251.0
3408 251.0
3409 245.0
3410 251.0
3411 251.0
3412 203.0
3413 202.0
3414 203.0
3415 203.0
3416 203.0
3417 252.0
3418 202.0
3419 251.0
3420 251.0
3421 251.0
3422 251.0
3423 25.0
3424 0.0
3425 204.0
3426 203.0
3427 38.0
3428 175.0
3429 251.0
3430 203.0
3431 251.0
3432 251.0
3433 251.0
3434 251.0
3435 49.0
3436 251.0
3437 98.0
3438 203.0
3439 203.0
3440 33.0
3441 203.0
3442 0.0
3443 0.0
3444 32.0
3445 202.0
3446 191.0
3447 49.0
3448 251.0
3449 191.0
3450 191.0
3451 203.0
3452 251.0
3453 169.0
3454 251.0
3455 251.0
3456 251.0
3457 1.0
3458 251.0
3459 251.0
3460 251.0
3461 251.0
3462 251.0
3463 114.0
3464 191.0
3465 203.0
3466 191.0
3467 196.0
3468 252.0
3469 191.0
3470 251.0
3471 251.0
3472 251.0
3473 251.0
3474 120.0
3475 204.0
3476 204.0
3477 203.0
3478 203.0
3479 175.0
3480 251.0
3481 203.0
3482 251.0
3483 251.0
3484 251.0
3485 49.0
3486 251.0
3487 49.0
3488 93.0
3489 251.0
3490 251.0
3491 33.0
3492 49.0
3493 204.0
3494 203.0
3495 203.0
3496 0.0
3497 251.0
3498 49.0
3499 251.0
3500 49.0
3501 191.0
3502 191.0
3503 251.0
3504 32.0
3505 38.0
3506 251.0
3507 251.0
3508 33.0
3509 227.0
3510 251.0
3511 245.0
3512 251.0
3513 251.0
3514 32.0
3515 196.0
3516 203.0
3517 203.0
3518 203.0
3519 252.0
3520 203.0
3521 251.0
3522 251.0
3523 251.0
3524 251.0
3525 203.0
3526 204.0
3527 204.0
3528 204.0
3529 180.0
3530 203.0
3531 251.0
3532 251.0
3533 251.0
3534 49.0
3535 251.0
3536 49.0
3537 204.0
3538 49.0
3539 11.0
3540 251.0
3541 204.0
3542 251.0
3543 1.0
3544 204.0
3545 180.0
3546 180.0
3547 203.0
3548 251.0
3549 49.0
3550 251.0
3551 60.0
3552 203.0
3553 180.0
3554 32.0
3555 183.0
3556 38.0
3557 251.0
3558 251.0
3559 33.0
3560 251.0
3561 251.0
3562 245.0
3563 251.0
3564 251.0
3565 32.0
3566 186.0
3567 203.0
3568 203.0
3569 203.0
3570 252.0
3571 203.0
3572 251.0
3573 251.0
3574 251.0
3575 203.0
3576 204.0
3577 20.0
3578 204.0
3579 203.0
3580 38.0
3581 175.0
3582 251.0
3583 251.0
3584 251.0
3585 251.0
3586 251.0
3587 251.0
3588 203.0
3589 251.0
3590 11.0
3591 203.0
3592 49.0
3593 252.0
3594 203.0
3595 0.0
3596 203.0
3597 30.0
3598 202.0
3599 251.0
3600 38.0
3601 251.0
3602 0.0
3603 203.0
3604 33.0
3605 38.0
3606 184.0
3607 251.0
3608 251.0
3609 251.0
3610 238.0
3611 251.0
3612 251.0
3613 251.0
3614 251.0
3615 251.0
3616 245.0
3617 202.0
3618 203.0
3619 203.0
3620 203.0
3621 252.0
3622 202.0
3623 251.0
3624 251.0
3625 251.0
3626 251.0
3627 204.0
3628 204.0
3629 204.0
3630 203.0
3631 32.0
3632 203.0
3633 251.0
3634 98.0
3635 251.0
3636 251.0
3637 251.0
3638 49.0
3639 203.0
3640 251.0
3641 93.0
3642 251.0
3643 251.0
3644 251.0
3645 109.0
3646 204.0
3647 30.0
3648 204.0
3649 202.0
3650 251.0
3651 49.0
3652 251.0
3653 0.0
3654 203.0
3655 38.0
3656 251.0
3657 38.0
3658 251.0
3659 251.0
3660 251.0
3661 1.0
3662 246.0
3663 251.0
3664 251.0
3665 251.0
3666 251.0
3667 114.0
3668 203.0
3669 203.0
3670 191.0
3671 203.0
3672 252.0
3673 196.0
3674 251.0
3675 251.0
3676 251.0
3677 251.0
3678 203.0
3679 204.0
3680 204.0
3681 204.0
3682 38.0
3683 203.0
3684 251.0
3685 33.0
3686 251.0
3687 49.0
3688 252.0
3689 49.0
3690 251.0
3691 49.0
3692 30.0
3693 251.0
3694 251.0
3695 252.0
3696 32.0
3697 204.0
3698 1.0
3699 203.0
3700 0.0
3701 251.0
3702 49.0
3703 251.0
3704 17.0
3705 0.0
3706 180.0
3707 251.0
3708 251.0
3709 38.0
3710 251.0
3711 251.0
3712 251.0
3713 246.0
3714 251.0
3715 245.0
3716 251.0
3717 251.0
3718 32.0
3719 196.0
3720 203.0
3721 203.0
3722 203.0
3723 252.0
3724 203.0
3725 251.0
3726 251.0
3727 251.0
3728 251.0
3729 191.0
3730 204.0
3731 204.0
3732 203.0
3733 6.0
3734 251.0
3735 251.0
3736 251.0
3737 251.0
3738 60.0
3739 251.0
3740 251.0
3741 175.0
3742 251.0
3743 6.0
3744 203.0
3745 98.0
3746 251.0
3747 109.0
3748 0.0
3749 203.0
3750 30.0
3751 0.0
3752 251.0
3753 49.0
3754 251.0
3755 38.0
3756 203.0
3757 180.0
3758 38.0
3759 184.0
3760 251.0
3761 251.0
3762 251.0
3763 246.0
3764 251.0
3765 251.0
3766 251.0
3767 251.0
3768 251.0
3769 32.0
3770 202.0
3771 203.0
3772 203.0
3773 203.0
3774 252.0
3775 203.0
3776 251.0
3777 251.0
3778 251.0
3779 251.0
3780 32.0
3781 204.0
3782 204.0
3783 203.0
3784 251.0
3785 175.0
3786 251.0
3787 251.0
3788 251.0
3789 203.0
3790 251.0
3791 251.0
3792 203.0
3793 251.0
3794 30.0
3795 203.0
3796 252.0
3797 251.0
3798 109.0
3799 204.0
3800 204.0
3801 203.0
3802 251.0
3803 251.0
3804 49.0
3805 251.0
3806 0.0
3807 203.0
3808 32.0
3809 38.0
3810 38.0
3811 251.0
3812 251.0
3813 251.0
3814 246.0
3815 246.0
3816 251.0
3817 251.0
3818 251.0
3819 251.0
3820 104.0
3821 202.0
3822 203.0
3823 191.0
3824 191.0
3825 252.0
3826 202.0
3827 251.0
3828 251.0
3829 251.0
3830 251.0
3831 32.0
3832 204.0
3833 204.0
3834 251.0
3835 251.0
3836 175.0
3837 251.0
3838 251.0
3839 251.0
3840 174.0
3841 252.0
3842 60.0
3843 251.0
3844 49.0
3845 32.0
3846 120.0
3847 251.0
3848 251.0
3849 204.0
3850 204.0
3851 30.0
3852 203.0
3853 49.0
3854 251.0
3855 49.0
3856 251.0
3857 203.0
3858 203.0
3859 38.0
3860 251.0
3861 32.0
3862 251.0
3863 251.0
3864 251.0
3865 251.0
3866 246.0
3867 251.0
3868 251.0
3869 251.0
3870 251.0
3871 104.0
3872 196.0
3873 203.0
3874 203.0
3875 203.0
3876 252.0
3877 203.0
3878 251.0
3879 251.0
3880 251.0
3881 251.0
3882 6.0
3883 204.0
3884 251.0
3885 251.0
3886 251.0
3887 175.0
3888 251.0
3889 251.0
3890 251.0
3891 38.0
3892 251.0
3893 49.0
3894 251.0
3895 251.0
3896 203.0
3897 203.0
3898 103.0
3899 1.0
3900 203.0
3901 204.0
3902 30.0
3903 104.0
3904 251.0
3905 251.0
3906 49.0
3907 251.0
3908 251.0
3909 0.0
3910 32.0
3911 251.0
3912 169.0
3913 251.0
3914 251.0
3915 251.0
3916 251.0
3917 251.0
3918 251.0
3919 245.0
3920 251.0
3921 251.0
3922 203.0
3923 202.0
3924 203.0
3925 203.0
3926 203.0
3927 252.0
3928 203.0
3929 251.0
3930 251.0
3931 251.0
3932 251.0
3933 114.0
3934 251.0
3935 251.0
3936 251.0
3937 158.0
3938 175.0
3939 251.0
3940 251.0
3941 251.0
3942 251.0
3943 252.0
3944 251.0
3945 203.0
3946 251.0
3947 6.0
3948 203.0
3949 109.0
3950 203.0
3951 114.0
3952 204.0
3953 19.0
3954 251.0
3955 25.0
3956 251.0
3957 49.0
3958 251.0
3959 6.0
3960 251.0
3961 0.0
3962 251.0
3963 251.0
3964 251.0
3965 251.0
3966 251.0
3967 251.0
3968 251.0
3969 251.0
3970 251.0
3971 251.0
3972 251.0
3973 32.0
3974 191.0
3975 203.0
3976 203.0
3977 32.0
3978 252.0
3979 203.0
3980 251.0
3981 251.0
3982 251.0
3983 251.0
3984 32.0
3985 251.0
3986 251.0
3987 14.0
3988 203.0
3989 175.0
3990 251.0
3991 251.0
3992 251.0
3993 203.0
3994 251.0
3995 251.0
3996 203.0
3997 60.0
3998 33.0
3999 109.0
4000 251.0
4001 252.0
4002 109.0
4003 204.0
4004 203.0
4005 203.0
4006 17.0
4007 251.0
4008 49.0
4009 251.0
4010 6.0
4011 251.0
4012 38.0
4013 251.0
4014 32.0
4015 251.0
4016 251.0
4017 251.0
4018 251.0
4019 251.0
4020 251.0
4021 251.0
4022 251.0
4023 251.0
4024 109.0
4025 175.0
4026 203.0
4027 203.0
4028 203.0
4029 252.0
4030 203.0
4031 251.0
4032 251.0
4033 251.0
4034 251.0
4035 251.0
4036 251.0
4037 251.0
4038 251.0
4039 251.0
4040 175.0
4041 251.0
4042 175.0
4043 251.0
4044 251.0
4045 252.0
4046 251.0
4047 251.0
4048 60.0
4049 33.0
4050 252.0
4051 203.0
4052 251.0
4053 87.0
4054 204.0
4055 251.0
4056 191.0
4057 191.0
4058 251.0
4059 49.0
4060 251.0
4061 49.0
4062 251.0
4063 32.0
4064 251.0
4065 169.0
4066 251.0
4067 251.0
4068 251.0
4069 251.0
4070 246.0
4071 251.0
4072 245.0
4073 251.0
4074 251.0
4075 0.0
4076 196.0
4077 203.0
4078 203.0
4079 203.0
4080 252.0
4081 203.0
4082 251.0
4083 251.0
4084 251.0
4085 251.0
4086 203.0
4087 203.0
4088 251.0
4089 251.0
4090 251.0
4091 175.0
4092 251.0
4093 203.0
4094 251.0
4095 251.0
4096 251.0
4097 49.0
4098 203.0
4099 251.0
4100 203.0
4101 203.0
4102 251.0
4103 252.0
4104 87.0
4105 60.0
4106 191.0
4107 32.0
4108 0.0
4109 251.0
4110 49.0
4111 251.0
4112 251.0
4113 251.0
4114 180.0
4115 251.0
4116 184.0
4117 251.0
4118 251.0
4119 251.0
4120 251.0
4121 251.0
4122 251.0
4123 251.0
4124 251.0
4125 251.0
4126 203.0
4127 191.0
4128 203.0
4129 203.0
4130 32.0
4131 252.0
4132 203.0
4133 251.0
4134 251.0
4135 251.0
4136 251.0
4137 185.0
4138 251.0
4139 251.0
4140 251.0
4141 14.0
4142 175.0
4143 251.0
4144 251.0
4145 251.0
4146 251.0
4147 251.0
4148 49.0
4149 251.0
4150 251.0
4151 43.0
4152 114.0
4153 103.0
4154 251.0
4155 109.0
4156 203.0
4157 202.0
4158 203.0
4159 251.0
4160 251.0
4161 49.0
4162 251.0
4163 6.0
4164 251.0
4165 38.0
4166 38.0
4167 32.0
4168 251.0
4169 251.0
4170 251.0
4171 251.0
4172 251.0
4173 251.0
4174 251.0
4175 251.0
4176 251.0
4177 109.0
4178 191.0
4179 203.0
4180 203.0
4181 202.0
4182 252.0
4183 203.0
4184 251.0
4185 251.0
4186 251.0
4187 251.0
4188 203.0
4189 251.0
4190 251.0
4191 251.0
4192 204.0
4193 203.0
4194 251.0
4195 251.0
4196 251.0
4197 251.0
4198 251.0
4199 49.0
4200 251.0
4201 49.0
4202 43.0
4203 33.0
4204 103.0
4205 252.0
4206 103.0
4207 251.0
4208 203.0
4209 202.0
4210 17.0
4211 251.0
4212 49.0
4213 251.0
4214 49.0
4215 251.0
4216 180.0
4217 251.0
4218 32.0
4219 251.0
4220 251.0
4221 251.0
4222 251.0
4223 238.0
4224 251.0
4225 245.0
4226 251.0
4227 251.0
4228 0.0
4229 191.0
4230 203.0
4231 203.0
4232 203.0
4233 252.0
4234 203.0
4235 251.0
4236 251.0
4237 251.0
4238 251.0
4239 204.0
4240 251.0
4241 251.0
4242 251.0
4243 251.0
4244 175.0
4245 251.0
4246 203.0
4247 251.0
4248 49.0
4249 251.0
4250 251.0
4251 49.0
4252 251.0
4253 33.0
4254 203.0
4255 203.0
4256 252.0
4257 103.0
4258 60.0
4259 251.0
4260 32.0
4261 0.0
4262 251.0
4263 49.0
4264 251.0
4265 49.0
4266 251.0
4267 32.0
4268 251.0
4269 169.0
4270 251.0
4271 38.0
4272 251.0
4273 251.0
4274 246.0
4275 251.0
4276 251.0
4277 251.0
4278 251.0
4279 204.0
4280 180.0
4281 203.0
4282 203.0
4283 203.0
4284 252.0
4285 203.0
4286 251.0
4287 251.0
4288 251.0
4289 251.0
4290 203.0
4291 251.0
4292 251.0
4293 251.0
4294 203.0
4295 175.0
4296 251.0
4297 203.0
4298 251.0
4299 203.0
4300 251.0
4301 251.0
4302 114.0
4303 251.0
4304 33.0
4305 203.0
4306 203.0
4307 251.0
4308 109.0
4309 251.0
4310 251.0
4311 203.0
4312 38.0
4313 251.0
4314 49.0
4315 251.0
4316 6.0
4317 251.0
4318 33.0
4319 251.0
4320 169.0
4321 251.0
4322 251.0
4323 251.0
4324 251.0
4325 251.0
4326 251.0
4327 251.0
4328 251.0
4329 251.0
4330 0.0
4331 191.0
4332 203.0
4333 203.0
4334 203.0
4335 252.0
4336 203.0
4337 251.0
4338 251.0
4339 251.0
4340 251.0
4341 203.0
4342 251.0
4343 251.0
4344 251.0
4345 203.0
4346 175.0
4347 251.0
4348 251.0
4349 251.0
4350 203.0
4351 252.0
4352 38.0
4353 251.0
4354 49.0
4355 43.0
4356 1.0
4357 109.0
4358 252.0
4359 109.0
4360 0.0
4361 202.0
4362 202.0
4363 191.0
4364 251.0
4365 203.0
4366 251.0
4367 49.0
4368 251.0
4369 38.0
4370 251.0
4371 191.0
4372 251.0
4373 251.0
4374 251.0
4375 251.0
4376 246.0
4377 251.0
4378 251.0
4379 251.0
4380 251.0
4381 0.0
4382 191.0
4383 203.0
4384 203.0
4385 203.0
4386 252.0
4387 1.0
4388 251.0
4389 251.0
4390 251.0
4391 251.0
4392 203.0
4393 251.0
4394 251.0
4395 251.0
4396 251.0
4397 175.0
4398 251.0
4399 251.0
4400 251.0
4401 109.0
4402 251.0
4403 251.0
4404 251.0
4405 251.0
4406 204.0
4407 33.0
4408 49.0
4409 252.0
4410 103.0
4411 251.0
4412 202.0
4413 49.0
4414 17.0
4415 251.0
4416 49.0
4417 251.0
4418 251.0
4419 251.0
4420 32.0
4421 251.0
4422 168.0
4423 251.0
4424 251.0
4425 251.0
4426 251.0
4427 246.0
4428 251.0
4429 245.0
4430 251.0
4431 251.0
4432 203.0
4433 191.0
4434 203.0
4435 203.0
4436 203.0
4437 252.0
4438 203.0
4439 251.0
4440 251.0
4441 251.0
4442 251.0
4443 251.0
4444 251.0
4445 251.0
4446 251.0
4447 251.0
4448 203.0
4449 251.0
4450 251.0
4451 251.0
4452 252.0
4453 252.0
4454 251.0
4455 203.0
4456 252.0
4457 32.0
4458 203.0
4459 251.0
4460 252.0
4461 109.0
4462 251.0
4463 251.0
4464 203.0
4465 32.0
4466 251.0
4467 49.0
4468 251.0
4469 251.0
4470 251.0
4471 32.0
4472 251.0
4473 32.0
4474 251.0
4475 38.0
4476 251.0
4477 251.0
4478 251.0
4479 251.0
4480 251.0
4481 251.0
4482 251.0
4483 0.0
4484 203.0
4485 203.0
4486 203.0
4487 203.0
4488 252.0
4489 203.0
4490 251.0
4491 251.0
4492 251.0
4493 251.0
4494 251.0
4495 251.0
4496 251.0
4497 251.0
4498 204.0
4499 175.0
4500 251.0
4501 175.0
4502 251.0
4503 251.0
4504 251.0
4505 49.0
4506 203.0
4507 60.0
4508 203.0
4509 203.0
4510 203.0
4511 252.0
4512 109.0
4513 191.0
4514 251.0
4515 191.0
4516 49.0
4517 251.0
4518 49.0
4519 251.0
4520 49.0
4521 251.0
4522 0.0
4523 251.0
4524 191.0
4525 251.0
4526 251.0
4527 251.0
4528 251.0
4529 251.0
4530 251.0
4531 251.0
4532 251.0
4533 251.0
4534 0.0
4535 203.0
4536 203.0
4537 203.0
4538 203.0
4539 252.0
4540 203.0
4541 251.0
4542 251.0
4543 251.0
4544 251.0
4545 251.0
4546 251.0
4547 251.0
4548 251.0
4549 251.0
4550 175.0
4551 251.0
4552 175.0
4553 49.0
4554 49.0
4555 251.0
4556 49.0
4557 251.0
4558 252.0
4559 203.0
4560 251.0
4561 103.0
4562 252.0
4563 109.0
4564 191.0
4565 251.0
4566 38.0
4567 17.0
4568 251.0
4569 203.0
4570 251.0
4571 49.0
4572 251.0
4573 32.0
4574 251.0
4575 171.0
4576 251.0
4577 251.0
4578 251.0
4579 251.0
4580 251.0
4581 251.0
4582 251.0
4583 251.0
4584 251.0
4585 203.0
4586 203.0
4587 203.0
4588 203.0
4589 203.0
4590 252.0
4591 203.0
4592 251.0
4593 251.0
4594 251.0
4595 251.0
4596 251.0
4597 251.0
4598 251.0
4599 251.0
4600 251.0
4601 175.0
4602 251.0
4603 251.0
4604 251.0
4605 49.0
4606 251.0
4607 251.0
4608 203.0
4609 251.0
4610 98.0
4611 43.0
4612 114.0
4613 252.0
4614 109.0
4615 251.0
4616 203.0
4617 203.0
4618 203.0
4619 251.0
4620 49.0
4621 251.0
4622 251.0
4623 191.0
4624 38.0
4625 32.0
4626 168.0
4627 251.0
4628 38.0
4629 251.0
4630 251.0
4631 251.0
4632 251.0
4633 251.0
4634 251.0
4635 251.0
4636 0.0
4637 203.0
4638 203.0
4639 203.0
4640 203.0
4641 252.0
4642 203.0
4643 251.0
4644 251.0
4645 251.0
4646 251.0
4647 203.0
4648 251.0
4649 251.0
4650 251.0
4651 251.0
4652 175.0
4653 251.0
4654 251.0
4655 251.0
4656 251.0
4657 251.0
4658 251.0
4659 203.0
4660 252.0
4661 203.0
4662 114.0
4663 203.0
4664 252.0
4665 109.0
4666 191.0
4667 251.0
4668 203.0
4669 0.0
4670 251.0
4671 38.0
4672 251.0
4673 251.0
4674 251.0
4675 180.0
4676 34.0
4677 169.0
4678 251.0
4679 251.0
4680 251.0
4681 251.0
4682 251.0
4683 251.0
4684 251.0
4685 251.0
4686 251.0
4687 203.0
4688 203.0
4689 203.0
4690 203.0
4691 203.0
4692 252.0
4693 191.0
4694 251.0
4695 251.0
4696 251.0
4697 251.0
4698 251.0
4699 251.0
4700 251.0
4701 251.0
4702 251.0
4703 175.0
4704 251.0
4705 251.0
4706 49.0
4707 251.0
4708 251.0
4709 49.0
4710 203.0
4711 252.0
4712 43.0
4713 203.0
4714 251.0
4715 252.0
4716 114.0
4717 191.0
4718 191.0
4719 202.0
4720 251.0
4721 251.0
4722 49.0
4723 251.0
4724 49.0
4725 251.0
4726 180.0
4727 195.0
4728 32.0
4729 251.0
4730 251.0
4731 251.0
4732 251.0
4733 251.0
4734 251.0
4735 251.0
4736 251.0
4737 251.0
4738 0.0
4739 203.0
4740 203.0
4741 203.0
4742 203.0
4743 252.0
4744 202.0
4745 251.0
4746 251.0
4747 251.0
4748 251.0
4749 251.0
4750 251.0
4751 251.0
4752 251.0
4753 251.0
4754 175.0
4755 251.0
4756 203.0
4757 251.0
4758 49.0
4759 251.0
4760 49.0
4761 203.0
4762 251.0
4763 32.0
4764 33.0
4765 203.0
4766 252.0
4767 203.0
4768 251.0
4769 191.0
4770 0.0
4771 17.0
4772 251.0
4773 38.0
4774 251.0
4775 49.0
4776 251.0
4777 38.0
4778 188.0
4779 191.0
4780 251.0
4781 251.0
4782 251.0
4783 251.0
4784 251.0
4785 251.0
4786 251.0
4787 251.0
4788 251.0
4789 0.0
4790 191.0
4791 203.0
4792 203.0
4793 203.0
4794 252.0
4795 203.0
4796 251.0
4797 251.0
4798 251.0
4799 251.0
4800 251.0
4801 251.0
4802 251.0
4803 251.0
4804 251.0
4805 175.0
4806 251.0
4807 251.0
4808 251.0
4809 251.0
4810 49.0
4811 251.0
4812 203.0
4813 251.0
4814 93.0
4815 33.0
4816 251.0
4817 252.0
4818 114.0
4819 251.0
4820 203.0
4821 203.0
4822 103.0
4823 251.0
4824 191.0
4825 251.0
4826 251.0
4827 251.0
4828 180.0
4829 168.0
4830 32.0
4831 251.0
4832 251.0
4833 251.0
4834 251.0
4835 251.0
4836 251.0
4837 245.0
4838 251.0
4839 251.0
4840 251.0
4841 203.0
4842 203.0
4843 203.0
4844 203.0
4845 252.0
4846 203.0
4847 251.0
4848 251.0
4849 251.0
4850 251.0
4851 251.0
4852 251.0
4853 251.0
4854 251.0
4855 203.0
4856 175.0
4857 251.0
4858 251.0
4859 38.0
4860 49.0
4861 252.0
4862 251.0
4863 203.0
4864 252.0
4865 43.0
4866 203.0
4867 203.0
4868 252.0
4869 38.0
4870 251.0
4871 203.0
4872 203.0
4873 32.0
4874 251.0
4875 191.0
4876 251.0
4877 49.0
4878 251.0
4879 32.0
4880 0.0
4881 171.0
4882 251.0
4883 251.0
4884 251.0
4885 251.0
4886 251.0
4887 251.0
4888 251.0
4889 251.0
4890 251.0
4891 203.0
4892 203.0
4893 203.0
4894 203.0
4895 203.0
4896 252.0
4897 203.0
4898 251.0
4899 251.0
4900 251.0
4901 251.0
4902 251.0
4903 251.0
4904 251.0
4905 251.0
4906 251.0
4907 175.0
4908 251.0
4909 251.0
4910 251.0
4911 49.0
4912 251.0
4913 38.0
4914 203.0
4915 251.0
4916 114.0
4917 109.0
4918 203.0
4919 252.0
4920 251.0
4921 191.0
4922 191.0
4923 251.0
4924 191.0
4925 251.0
4926 203.0
4927 251.0
4928 49.0
4929 251.0
4930 38.0
4931 188.0
4932 183.0
4933 251.0
4934 251.0
4935 251.0
4936 251.0
4937 251.0
4938 251.0
4939 251.0
4940 251.0
4941 251.0
4942 0.0
4943 191.0
4944 203.0
4945 203.0
4946 203.0
4947 252.0
4948 203.0
4949 251.0
4950 251.0
4951 251.0
4952 251.0
4953 251.0
4954 251.0
4955 251.0
4956 251.0
4957 251.0
4958 175.0
4959 251.0
4960 203.0
4961 251.0
4962 251.0
4963 251.0
4964 49.0
4965 203.0
4966 252.0
4967 30.0
4968 109.0
4969 252.0
4970 252.0
4971 251.0
4972 251.0
4973 203.0
4974 191.0
4975 191.0
4976 251.0
4977 38.0
4978 251.0
4979 251.0
4980 251.0
4981 180.0
4982 168.0
4983 32.0
4984 251.0
4985 251.0
4986 251.0
4987 251.0
4988 251.0
4989 251.0
4990 245.0
4991 251.0
4992 251.0
4993 0.0
4994 191.0
4995 203.0
4996 203.0
4997 203.0
4998 252.0
4999 203.0
5000 251.0
5001 251.0
5002 251.0
5003 251.0
5004 251.0
5005 251.0
5006 251.0
5007 251.0
5008 251.0
5009 175.0
5010 251.0
5011 251.0
5012 203.0
5013 49.0
5014 49.0
5015 251.0
5016 203.0
5017 252.0
5018 251.0
5019 203.0
5020 204.0
5021 252.0
5022 203.0
5023 251.0
5024 202.0
5025 202.0
5026 203.0
5027 251.0
5028 191.0
5029 251.0
5030 251.0
5031 251.0
5032 32.0
5033 0.0
5034 38.0
5035 251.0
5036 251.0
5037 251.0
5038 251.0
5039 251.0
5040 251.0
5041 245.0
5042 251.0
5043 251.0
5044 33.0
5045 203.0
5046 203.0
5047 203.0
5048 203.0
5049 252.0
5050 203.0
5051 251.0
5052 251.0
5053 251.0
5054 251.0
5055 251.0
5056 251.0
5057 251.0
5058 251.0
5059 251.0
5060 175.0
5061 251.0
5062 251.0
5063 203.0
5064 252.0
5065 251.0
5066 251.0
5067 203.0
5068 251.0
5069 252.0
5070 203.0
5071 203.0
5072 252.0
5073 114.0
5074 251.0
5075 191.0
5076 202.0
5077 251.0
5078 251.0
5079 191.0
5080 251.0
5081 49.0
5082 251.0
5083 32.0
5084 0.0
5085 169.0
5086 251.0
5087 251.0
5088 251.0
5089 251.0
5090 251.0
5091 251.0
5092 251.0
5093 251.0
5094 251.0
5095 33.0
5096 203.0
5097 203.0
5098 203.0
5099 203.0
5100 252.0
