1 0.0
2 0.0
3 203.0
4 204.0
5 0.0
6 33.0
7 203.0
8 0.0
9 0.0
10 203.0
11 0.0
12 25.0
13 164.0
14 0.0
15 0.0
16 0.0
17 0.0
18 0.0
19 0.0
20 0.0
21 0.0
22 0.0
23 30.0
24 0.0
25 0.0
26 98.0
27 0.0
28 30.0
29 0.0
30 109.0
31 0.0
32 0.0
33 0.0
34 203.0
35 8.0
36 0.0
37 32.0
38 30.0
39 0.0
40 0.0
41 0.0
42 203.0
43 203.0
44 0.0
45 203.0
46 6.0
47 0.0
48 30.0
49 25.0
50 0.0
51 204.0
52 203.0
53 0.0
54 0.0
55 0.0
56 32.0
57 0.0
58 38.0
59 204.0
60 20.0
61 0.0
62 33.0
63 0.0
64 30.0
65 32.0
66 0.0
67 38.0
68 0.0
69 38.0
70 203.0
71 0.0
72 0.0
73 32.0
74 32.0
75 203.0
76 203.0
77 203.0
78 203.0
79 98.0
80 203.0
81 203.0
82 203.0
83 0.0
84 0.0
85 203.0
86 203.0
87 203.0
88 32.0
89 203.0
90 203.0
91 33.0
92 0.0
93 204.0
94 203.0
95 203.0
96 38.0
97 114.0
98 33.0
99 30.0
100 15.0
101 0.0
102 204.0
103 203.0
104 32.0
105 0.0
106 203.0
107 30.0
108 180.0
109 203.0
110 31.0
111 49.0
112 0.0
113 30.0
114 203.0
115 203.0
116 38.0
117 109.0
118 25.0
119 0.0
120 0.0
121 30.0
122 0.0
123 0.0
124 109.0
125 0.0
126 203.0
127 203.0
128 203.0
129 203.0
130 30.0
131 0.0
132 203.0
133 33.0
134 0.0
135 0.0
136 109.0
137 204.0
138 30.0
139 0.0
140 0.0
141 115.0
142 30.0
143 38.0
144 203.0
145 30.0
146 203.0
147 0.0
148 0.0
149 203.0
150 0.0
151 0.0
152 98.0
153 204.0
154 203.0
155 25.0
156 30.0
157 203.0
158 0.0
159 180.0
160 0.0
161 203.0
162 43.0
163 0.0
164 0.0
165 203.0
166 203.0
167 203.0
168 33.0
169 49.0
170 203.0
171 0.0
172 0.0
173 0.0
174 0.0
175 33.0
176 30.0
177 203.0
178 25.0
179 98.0
180 32.0
181 98.0
182 204.0
183 203.0
184 0.0
185 0.0
186 203.0
187 1.0
188 203.0
189 30.0
190 19.0
191 30.0
192 203.0
193 204.0
194 33.0
195 32.0
196 0.0
197 203.0
198 0.0
199 25.0
200 38.0
201 1.0
202 14.0
203 204.0
204 204.0
205 203.0
206 0.0
207 0.0
208 0.0
209 30.0
210 204.0
211 49.0
212 203.0
213 203.0
214 203.0
215 0.0
216 203.0
217 30.0
218 203.0
219 0.0
220 0.0
221 30.0
222 0.0
223 25.0
224 0.0
225 0.0
226 203.0
227 0.0
228 0.0
229 0.0
230 0.0
231 203.0
232 31.0
233 0.0
234 0.0
235 0.0
236 0.0
237 0.0
238 203.0
239 203.0
240 0.0
241 32.0
242 203.0
243 203.0
244 203.0
245 203.0
246 203.0
247 203.0
248 203.0
249 203.0
250 203.0
251 38.0
252 0.0
253 29.0
254 38.0
255 204.0
256 0.0
257 25.0
258 0.0
259 0.0
260 203.0
261 0.0
262 30.0
263 203.0
264 0.0
265 0.0
266 33.0
267 0.0
268 203.0
269 30.0
270 32.0
271 0.0
272 30.0
273 0.0
274 25.0
275 0.0
276 204.0
277 32.0
278 0.0
279 203.0
280 0.0
281 203.0
282 6.0
283 31.0
284 32.0
285 0.0
286 98.0
287 0.0
288 0.0
289 203.0
290 203.0
291 25.0
292 203.0
293 203.0
294 0.0
295 203.0
296 1.0
297 204.0
298 203.0
299 203.0
300 203.0
301 38.0
302 0.0
303 203.0
304 203.0
305 98.0
306 204.0
307 204.0
308 25.0
309 0.0
310 30.0
311 32.0
312 204.0
313 0.0
314 203.0
315 38.0
316 32.0
317 0.0
318 38.0
319 203.0
320 49.0
321 38.0
322 30.0
323 33.0
324 0.0
325 0.0
326 19.0
327 204.0
328 30.0
329 30.0
330 203.0
331 203.0
332 98.0
333 6.0
334 31.0
335 203.0
336 203.0
337 0.0
338 0.0
339 32.0
340 203.0
341 204.0
342 25.0
343 32.0
344 203.0
345 204.0
346 30.0
347 33.0
348 203.0
349 180.0
350 0.0
351 38.0
352 203.0
353 32.0
354 203.0
355 32.0
356 98.0
357 204.0
358 203.0
359 32.0
360 0.0
361 203.0
362 203.0
363 38.0
364 33.0
365 203.0
366 203.0
367 203.0
368 38.0
369 0.0
370 203.0
371 204.0
372 33.0
373 38.0
374 203.0
375 98.0
376 25.0
377 0.0
378 0.0
379 203.0
380 0.0
381 0.0
382 204.0
383 203.0
384 33.0
385 31.0
386 203.0
387 203.0
388 98.0
389 169.0
390 31.0
391 33.0
392 203.0
393 0.0
394 19.0
395 203.0
396 203.0
397 30.0
398 203.0
399 203.0
400 98.0
401 203.0
402 0.0
403 203.0
404 32.0
405 0.0
406 25.0
407 109.0
408 204.0
409 203.0
410 0.0
411 203.0
412 0.0
413 203.0
414 204.0
415 203.0
416 33.0
417 0.0
418 0.0
419 32.0
420 0.0
421 25.0
422 33.0
423 32.0
424 0.0
425 30.0
426 0.0
427 25.0
428 203.0
429 0.0
430 204.0
431 0.0
432 203.0
433 203.0
434 203.0
435 33.0
436 98.0
437 0.0
438 0.0
439 87.0
440 0.0
441 0.0
442 203.0
443 0.0
444 0.0
445 25.0
446 203.0
447 203.0
448 203.0
449 0.0
450 32.0
451 203.0
452 203.0
453 203.0
454 203.0
455 203.0
456 0.0
457 37.0
458 109.0
459 204.0
460 203.0
461 0.0
462 0.0
463 30.0
464 203.0
465 0.0
466 0.0
467 203.0
468 20.0
469 169.0
470 33.0
471 203.0
472 203.0
473 30.0
474 55.0
475 49.0
476 0.0
477 0.0
478 0.0
479 32.0
480 0.0
481 32.0
482 0.0
483 203.0
484 0.0
485 175.0
486 6.0
487 31.0
488 0.0
489 0.0
490 0.0
491 98.0
492 25.0
493 203.0
494 203.0
495 203.0
496 25.0
497 203.0
498 0.0
499 0.0
500 1.0
501 32.0
502 203.0
503 203.0
504 0.0
505 203.0
506 0.0
507 38.0
508 14.0
509 38.0
510 204.0
511 204.0
512 0.0
513 169.0
514 0.0
515 203.0
516 0.0
517 0.0
518 203.0
519 203.0
520 0.0
521 0.0
522 204.0
523 203.0
524 32.0
525 38.0
526 38.0
527 44.0
528 0.0
529 0.0
530 0.0
531 49.0
532 19.0
533 30.0
534 0.0
535 203.0
536 0.0
537 6.0
538 204.0
539 203.0
540 33.0
541 0.0
542 0.0
543 33.0
544 180.0
545 203.0
546 25.0
547 82.0
548 203.0
549 0.0
550 30.0
551 38.0
552 33.0
553 38.0
554 203.0
555 0.0
556 0.0
557 203.0
558 203.0
559 32.0
560 0.0
561 204.0
562 203.0
563 0.0
564 0.0
565 0.0
566 203.0
567 180.0
568 30.0
569 103.0
570 203.0
571 0.0
572 0.0
573 31.0
574 203.0
575 33.0
576 33.0
577 203.0
578 0.0
579 203.0
580 0.0
581 203.0
582 204.0
583 32.0
584 203.0
585 203.0
586 203.0
587 203.0
588 33.0
589 1.0
590 203.0
591 0.0
592 87.0
593 98.0
594 0.0
595 203.0
596 203.0
597 203.0
598 32.0
599 203.0
600 203.0
601 203.0
602 1.0
603 32.0
604 0.0
605 203.0
606 203.0
607 43.0
608 25.0
609 0.0
610 25.0
611 180.0
612 204.0
613 203.0
614 25.0
615 0.0
616 30.0
617 203.0
618 0.0
619 203.0
620 203.0
621 203.0
622 0.0
623 0.0
624 0.0
625 203.0
626 204.0
627 0.0
628 0.0
629 203.0
630 0.0
631 0.0
632 103.0
633 0.0
634 32.0
635 0.0
636 203.0
637 203.0
638 25.0
639 203.0
640 33.0
641 203.0
642 0.0
643 0.0
644 93.0
645 203.0
646 38.0
647 25.0
648 0.0
649 32.0
650 32.0
651 30.0
652 203.0
653 1.0
654 203.0
655 -1.0
656 203.0
657 203.0
658 43.0
659 32.0
660 30.0
661 14.0
662 180.0
663 204.0
664 203.0
665 25.0
666 0.0
667 203.0
668 98.0
669 204.0
670 0.0
671 204.0
672 203.0
673 33.0
674 0.0
675 98.0
676 30.0
677 204.0
678 103.0
679 203.0
680 44.0
681 25.0
682 0.0
683 98.0
684 0.0
685 9.0
686 31.0
687 0.0
688 203.0
689 203.0
690 6.0
691 203.0
692 0.0
693 25.0
694 30.0
695 169.0
696 0.0
697 203.0
698 203.0
699 25.0
700 82.0
701 203.0
702 0.0
703 38.0
704 33.0
705 32.0
706 0.0
707 203.0
708 0.0
709 0.0
710 0.0
711 203.0
712 72.0
713 180.0
714 204.0
715 38.0
716 25.0
717 0.0
718 0.0
719 203.0
720 38.0
721 30.0
722 31.0
723 203.0
724 0.0
725 0.0
726 203.0
727 203.0
728 98.0
729 24.0
730 203.0
731 204.0
732 33.0
733 0.0
734 0.0
735 204.0
736 204.0
737 203.0
738 203.0
739 204.0
740 0.0
741 33.0
742 203.0
743 203.0
744 30.0
745 87.0
746 109.0
747 0.0
748 203.0
749 203.0
750 25.0
751 76.0
752 203.0
753 203.0
754 30.0
755 203.0
756 203.0
757 0.0
758 203.0
759 0.0
760 0.0
761 25.0
762 203.0
763 72.0
764 169.0
765 204.0
766 30.0
767 0.0
768 0.0
769 203.0
770 203.0
771 203.0
772 0.0
773 203.0
774 203.0
775 32.0
776 0.0
777 0.0
778 203.0
779 33.0
780 33.0
781 203.0
782 203.0
783 0.0
784 0.0
785 203.0
786 204.0
787 32.0
788 0.0
789 203.0
790 30.0
791 0.0
792 33.0
793 203.0
794 203.0
795 0.0
796 0.0
797 0.0
798 109.0
799 203.0
800 203.0
801 0.0
802 25.0
803 56.0
804 104.0
805 203.0
806 0.0
807 33.0
808 203.0
809 203.0
810 203.0
811 11.0
812 0.0
813 33.0
814 14.0
815 180.0
816 204.0
817 203.0
818 32.0
819 30.0
820 204.0
821 203.0
822 30.0
823 203.0
824 203.0
825 203.0
826 32.0
827 0.0
828 203.0
829 203.0
830 33.0
831 32.0
832 0.0
833 114.0
834 33.0
835 25.0
836 32.0
837 0.0
838 30.0
839 30.0
840 203.0
841 29.0
842 93.0
843 203.0
844 203.0
845 203.0
846 0.0
847 0.0
848 93.0
849 203.0
850 203.0
851 203.0
852 0.0
853 32.0
854 203.0
855 0.0
856 203.0
857 33.0
858 203.0
859 203.0
860 203.0
861 203.0
862 38.0
863 25.0
864 203.0
865 14.0
866 180.0
867 204.0
868 203.0
869 25.0
870 0.0
871 203.0
872 98.0
873 33.0
874 203.0
875 204.0
876 204.0
877 0.0
878 203.0
879 109.0
880 169.0
881 203.0
882 33.0
883 203.0
884 204.0
885 19.0
886 0.0
887 0.0
888 0.0
889 203.0
890 203.0
891 0.0
892 37.0
893 0.0
894 6.0
895 0.0
896 32.0
897 180.0
898 25.0
899 104.0
900 0.0
901 180.0
902 203.0
903 0.0
904 82.0
905 203.0
906 31.0
907 33.0
908 0.0
909 32.0
910 203.0
911 203.0
912 0.0
913 0.0
914 0.0
915 203.0
916 14.0
917 169.0
918 204.0
919 203.0
920 25.0
921 0.0
922 203.0
923 203.0
924 204.0
925 203.0
926 98.0
927 203.0
928 0.0
929 0.0
930 0.0
931 203.0
932 203.0
933 203.0
934 203.0
935 30.0
936 0.0
937 0.0
938 203.0
939 0.0
940 32.0
941 32.0
942 203.0
943 30.0
944 0.0
945 33.0
946 31.0
947 0.0
948 0.0
949 33.0
950 0.0
951 25.0
952 6.0
953 203.0
954 25.0
955 19.0
956 32.0
957 31.0
958 203.0
959 0.0
960 203.0
961 203.0
962 203.0
963 203.0
964 30.0
965 204.0
966 0.0
967 72.0
968 180.0
969 204.0
970 203.0
971 25.0
972 25.0
973 203.0
974 203.0
975 30.0
976 0.0
977 32.0
978 204.0
979 0.0
980 0.0
981 203.0
982 203.0
983 32.0
984 32.0
985 0.0
986 204.0
987 0.0
988 0.0
989 0.0
990 204.0
991 30.0
992 203.0
993 203.0
994 25.0
995 25.0
996 203.0
997 31.0
998 0.0
999 0.0
1000 0.0
1001 0.0
1002 0.0
1003 203.0
1004 203.0
1005 30.0
1006 30.0
1007 0.0
1008 25.0
1009 203.0
1010 33.0
1011 180.0
1012 203.0
1013 203.0
1014 203.0
1015 38.0
1016 25.0
1017 204.0
1018 14.0
1019 180.0
1020 204.0
1021 203.0
1022 30.0
1023 0.0
1024 203.0
1025 203.0
1026 204.0
1027 0.0
1028 203.0
1029 203.0
1030 0.0
1031 0.0
1032 43.0
1033 203.0
1034 203.0
1035 203.0
1036 203.0
1037 204.0
1038 103.0
1039 0.0
1040 0.0
1041 0.0
1042 0.0
1043 0.0
1044 32.0
1045 203.0
1046 203.0
1047 203.0
1048 0.0
1049 203.0
1050 33.0
1051 203.0
1052 30.0
1053 29.0
1054 203.0
1055 203.0
1056 0.0
1057 82.0
1058 203.0
1059 203.0
1060 204.0
1061 1.0
1062 203.0
1063 203.0
1064 191.0
1065 0.0
1066 6.0
1067 203.0
1068 33.0
1069 14.0
1070 180.0
1071 204.0
1072 204.0
1073 30.0
1074 30.0
1075 204.0
1076 203.0
1077 203.0
1078 0.0
1079 203.0
1080 204.0
1081 32.0
1082 0.0
1083 0.0
1084 30.0
1085 203.0
1086 204.0
1087 203.0
1088 204.0
1089 203.0
1090 0.0
1091 0.0
1092 0.0
1093 32.0
1094 203.0
1095 0.0
1096 0.0
1097 203.0
1098 203.0
1099 1.0
1100 0.0
1101 103.0
1102 0.0
1103 98.0
1104 203.0
1105 203.0
1106 203.0
1107 0.0
1108 76.0
1109 203.0
1110 25.0
1111 49.0
1112 1.0
1113 203.0
1114 203.0
1115 203.0
1116 203.0
1117 203.0
1118 0.0
1119 203.0
1120 203.0
1121 169.0
1122 204.0
1123 203.0
1124 0.0
1125 0.0
1126 203.0
1127 203.0
1128 203.0
1129 0.0
1130 203.0
1131 204.0
1132 0.0
1133 0.0
1134 0.0
1135 203.0
1136 204.0
1137 204.0
1138 203.0
1139 203.0
1140 203.0
1141 0.0
1142 0.0
1143 0.0
1144 32.0
1145 203.0
1146 203.0
1147 203.0
1148 0.0
1149 203.0
1150 31.0
1151 203.0
1152 0.0
1153 25.0
1154 98.0
1155 203.0
1156 203.0
1157 115.0
1158 25.0
1159 32.0
1160 32.0
1161 0.0
1162 203.0
1163 33.0
1164 203.0
1165 33.0
1166 0.0
1167 203.0
1168 25.0
1169 203.0
1170 0.0
1171 14.0
1172 180.0
1173 204.0
1174 203.0
1175 0.0
1176 0.0
1177 203.0
1178 203.0
1179 203.0
1180 32.0
1181 32.0
1182 204.0
1183 203.0
1184 0.0
1185 204.0
1186 30.0
1187 32.0
1188 204.0
1189 203.0
1190 203.0
1191 33.0
1192 0.0
1193 0.0
1194 204.0
1195 203.0
1196 32.0
1197 203.0
1198 204.0
1199 98.0
1200 203.0
1201 203.0
1202 203.0
1203 0.0
1204 0.0
1205 169.0
1206 20.0
1207 203.0
1208 203.0
1209 25.0
1210 25.0
1211 203.0
1212 25.0
1213 203.0
1214 203.0
1215 204.0
1216 203.0
1217 203.0
1218 0.0
1219 203.0
1220 204.0
1221 0.0
1222 15.0
1223 180.0
1224 204.0
1225 203.0
1226 0.0
1227 30.0
1228 203.0
1229 203.0
1230 204.0
1231 0.0
1232 203.0
1233 204.0
1234 32.0
1235 0.0
1236 203.0
1237 203.0
1238 33.0
1239 204.0
1240 204.0
1241 203.0
1242 33.0
1243 0.0
1244 0.0
1245 204.0
1246 0.0
1247 203.0
1248 0.0
1249 30.0
1250 98.0
1251 203.0
1252 1.0
1253 203.0
1254 0.0
1255 30.0
1256 158.0
1257 25.0
1258 38.0
1259 203.0
1260 0.0
1261 76.0
1262 235.0
1263 25.0
1264 203.0
1265 0.0
1266 203.0
1267 203.0
1268 203.0
1269 33.0
1270 11.0
1271 0.0
1272 204.0
1273 25.0
1274 180.0
1275 235.0
1276 247.0
1277 32.0
1278 203.0
1279 203.0
1280 203.0
1281 38.0
1282 203.0
1283 32.0
1284 203.0
1285 0.0
1286 0.0
1287 203.0
1288 203.0
1289 30.0
1290 203.0
1291 203.0
1292 203.0
1293 205.0
1294 0.0
1295 203.0
1296 204.0
1297 203.0
1298 203.0
1299 30.0
1300 203.0
1301 203.0
1302 215.0
1303 32.0
1304 30.0
1305 203.0
1306 92.0
1307 203.0
1308 32.0
1309 25.0
1310 98.0
1311 0.0
1312 203.0
1313 203.0
1314 205.0
1315 246.0
1316 38.0
1317 203.0
1318 203.0
1319 203.0
1320 25.0
1321 0.0
1322 0.0
1323 203.0
1324 203.0
1325 180.0
1326 247.0
1327 205.0
1328 32.0
1329 0.0
1330 30.0
1331 203.0
1332 203.0
1333 203.0
1334 32.0
1335 205.0
1336 203.0
1337 0.0
1338 32.0
1339 32.0
1340 32.0
1341 203.0
1342 205.0
1343 203.0
1344 205.0
1345 25.0
1346 0.0
1347 32.0
1348 0.0
1349 203.0
1350 203.0
1351 0.0
1352 203.0
1353 251.0
1354 32.0
1355 0.0
1356 0.0
1357 203.0
1358 32.0
1359 30.0
1360 104.0
1361 263.0
1362 38.0
1363 30.0
1364 203.0
1365 25.0
1366 203.0
1367 38.0
1368 203.0
1369 203.0
1370 30.0
1371 25.0
1372 38.0
1373 203.0
1374 32.0
1375 0.0
1376 38.0
1377 263.0
1378 32.0
1379 33.0
1380 203.0
1381 203.0
1382 203.0
1383 0.0
1384 203.0
1385 204.0
1386 1.0
1387 203.0
1388 0.0
1389 203.0
1390 203.0
1391 38.0
1392 32.0
1393 32.0
1394 0.0
1395 203.0
1396 0.0
1397 30.0
1398 251.0
1399 203.0
1400 203.0
1401 0.0
1402 203.0
1403 25.0
1404 203.0
1405 32.0
1406 203.0
1407 30.0
1408 203.0
1409 203.0
1410 33.0
1411 203.0
1412 203.0
1413 30.0
1414 92.0
1415 203.0
1416 3.0
1417 109.0
1418 38.0
1419 203.0
1420 203.0
1421 203.0
1422 203.0
1423 203.0
1424 203.0
1425 32.0
1426 203.0
1427 203.0
1428 263.0
1429 0.0
1430 203.0
1431 203.0
1432 203.0
1433 0.0
1434 32.0
1435 203.0
1436 32.0
1437 92.0
1438 0.0
1439 0.0
1440 32.0
1441 203.0
1442 38.0
1443 203.0
1444 203.0
1445 203.0
1446 203.0
1447 25.0
1448 0.0
1449 203.0
1450 203.0
1451 92.0
1452 203.0
1453 204.0
1454 203.0
1455 203.0
1456 32.0
1457 103.0
1458 0.0
1459 203.0
1460 5.0
1461 92.0
1462 203.0
1463 98.0
1464 203.0
1465 20.0
1466 109.0
1467 203.0
1468 109.0
1469 251.0
1470 88.0
1471 33.0
1472 203.0
1473 203.0
1474 30.0
1475 203.0
1476 0.0
1477 0.0
1478 32.0
1479 263.0
1480 203.0
1481 104.0
1482 30.0
1483 0.0
1484 203.0
1485 30.0
1486 203.0
1487 203.0
1488 0.0
1489 203.0
1490 0.0
1491 0.0
1492 32.0
1493 38.0
1494 109.0
1495 251.0
1496 0.0
1497 1.0
1498 0.0
1499 0.0
1500 98.0
1501 203.0
1502 203.0
1503 203.0
1504 203.0
1505 0.0
1506 109.0
1507 32.0
1508 203.0
1509 203.0
1510 203.0
1511 32.0
1512 0.0
1513 203.0
1514 104.0
1515 203.0
1516 203.0
1517 203.0
1518 0.0
1519 104.0
1520 203.0
1521 203.0
1522 32.0
1523 30.0
1524 92.0
1525 0.0
1526 203.0
1527 0.0
1528 203.0
1529 203.0
1530 263.0
1531 0.0
1532 203.0
1533 203.0
1534 203.0
1535 98.0
1536 25.0
1537 203.0
1538 203.0
1539 0.0
1540 120.0
1541 0.0
1542 203.0
1543 32.0
1544 33.0
1545 203.0
1546 30.0
1547 204.0
1548 203.0
1549 0.0
1550 30.0
1551 32.0
1552 203.0
1553 203.0
1554 203.0
1555 92.0
1556 203.0
1557 203.0
1558 32.0
1559 203.0
1560 203.0
1561 203.0
1562 203.0
1563 38.0
1564 203.0
1565 32.0
1566 203.0
1567 0.0
1568 203.0
1569 0.0
1570 98.0
1571 33.0
1572 203.0
1573 32.0
1574 203.0
1575 0.0
1576 92.0
1577 203.0
1578 203.0
1579 98.0
1580 0.0
1581 263.0
1582 32.0
1583 169.0
1584 6.0
1585 204.0
1586 203.0
1587 203.0
1588 203.0
1589 115.0
1590 205.0
1591 203.0
1592 0.0
1593 98.0
1594 203.0
1595 38.0
1596 203.0
1597 203.0
1598 203.0
1599 205.0
1600 0.0
1601 87.0
1602 203.0
1603 0.0
1604 203.0
1605 203.0
1606 203.0
1607 0.0
1608 203.0
1609 32.0
1610 203.0
1611 0.0
1612 203.0
1613 204.0
1614 0.0
1615 203.0
1616 98.0
1617 203.0
1618 0.0
1619 203.0
1620 203.0
1621 30.0
1622 251.0
1623 203.0
1624 32.0
1625 203.0
1626 30.0
1627 33.0
1628 203.0
1629 203.0
1630 203.0
1631 32.0
1632 263.0
1633 203.0
1634 115.0
1635 203.0
1636 203.0
1637 203.0
1638 203.0
1639 203.0
1640 0.0
1641 1.0
1642 203.0
1643 0.0
1644 203.0
1645 203.0
1646 203.0
1647 203.0
1648 203.0
1649 251.0
1650 30.0
1651 0.0
1652 204.0
1653 30.0
1654 251.0
1655 0.0
1656 240.0
1657 203.0
1658 203.0
1659 203.0
1660 32.0
1661 203.0
1662 203.0
1663 203.0
1664 0.0
1665 203.0
1666 203.0
1667 32.0
1668 204.0
1669 0.0
1670 203.0
1671 30.0
1672 203.0
1673 252.0
1674 203.0
1675 203.0
1676 203.0
1677 104.0
1678 203.0
1679 203.0
1680 203.0
1681 98.0
1682 0.0
1683 263.0
1684 203.0
1685 32.0
1686 203.0
1687 203.0
1688 203.0
1689 104.0
1690 203.0
1691 0.0
1692 31.0
1693 203.0
1694 0.0
1695 203.0
1696 203.0
1697 30.0
1698 203.0
1699 0.0
1700 203.0
1701 203.0
1702 109.0
1703 203.0
1704 32.0
1705 0.0
1706 0.0
1707 203.0
1708 98.0
1709 203.0
1710 203.0
1711 38.0
1712 203.0
1713 203.0
1714 203.0
1715 203.0
1716 251.0
1717 203.0
1718 0.0
1719 98.0
1720 0.0
1721 203.0
1722 203.0
1723 109.0
1724 38.0
1725 204.0
1726 203.0
1727 203.0
1728 30.0
1729 98.0
1730 203.0
1731 32.0
1732 37.0
1733 38.0
1734 263.0
1735 205.0
1736 25.0
1737 203.0
1738 203.0
1739 203.0
1740 203.0
1741 203.0
1742 203.0
1743 98.0
1744 251.0
1745 0.0
1746 203.0
1747 32.0
1748 0.0
1749 203.0
1750 109.0
1751 203.0
1752 204.0
1753 0.0
1754 98.0
1755 32.0
1756 203.0
1757 203.0
1758 203.0
1759 203.0
1760 203.0
1761 203.0
1762 32.0
1763 203.0
1764 203.0
1765 203.0
1766 203.0
1767 203.0
1768 203.0
1769 192.0
1770 203.0
1771 0.0
1772 203.0
1773 92.0
1774 104.0
1775 203.0
1776 204.0
1777 30.0
1778 203.0
1779 32.0
1780 263.0
1781 92.0
1782 32.0
1783 203.0
1784 204.0
1785 263.0
1786 203.0
1787 25.0
1788 0.0
1789 203.0
1790 203.0
1791 203.0
1792 30.0
1793 44.0
1794 205.0
1795 203.0
1796 0.0
1797 203.0
1798 203.0
1799 169.0
1800 203.0
1801 109.0
1802 203.0
1803 205.0
1804 0.0
1805 204.0
1806 251.0
1807 203.0
1808 98.0
1809 394.0
1810 203.0
1811 203.0
1812 203.0
1813 32.0
1814 203.0
1815 203.0
1816 203.0
1817 251.0
1818 203.0
1819 203.0
1820 32.0
1821 203.0
1822 103.0
1823 203.0
1824 203.0
1825 98.0
1826 252.0
1827 203.0
1828 30.0
1829 203.0
1830 204.0
1831 203.0
1832 203.0
1833 203.0
1834 98.0
1835 0.0
1836 394.0
1837 203.0
1838 32.0
1839 203.0
1840 203.0
1841 203.0
1842 203.0
1843 203.0
1844 6.0
1845 0.0
1846 0.0
1847 0.0
1848 203.0
1849 203.0
1850 32.0
1851 203.0
1852 32.0
1853 204.0
1854 0.0
1855 0.0
1856 203.0
1857 33.0
1858 32.0
1859 0.0
1860 203.0
1861 203.0
1862 203.0
1863 268.0
1864 32.0
1865 125.0
1866 203.0
1867 203.0
1868 31.0
1869 104.0
1870 203.0
1871 32.0
1872 251.0
1873 0.0
1874 92.0
1875 104.0
1876 98.0
1877 251.0
1878 32.0
1879 32.0
1880 203.0
1881 203.0
1882 98.0
1883 203.0
1884 104.0
1885 203.0
1886 30.0
1887 394.0
1888 203.0
1889 30.0
1890 203.0
1891 204.0
1892 0.0
1893 0.0
1894 0.0
1895 125.0
1896 203.0
1897 203.0
1898 0.0
1899 0.0
1900 38.0
1901 30.0
1902 203.0
1903 120.0
1904 203.0
1905 203.0
1906 0.0
1907 203.0
1908 251.0
1909 203.0
1910 0.0
1911 203.0
1912 203.0
1913 203.0
1914 203.0
1915 32.0
1916 203.0
1917 203.0
1918 203.0
1919 203.0
1920 203.0
1921 251.0
1922 32.0
1923 109.0
1924 153.0
1925 203.0
1926 203.0
1927 203.0
1928 38.0
1929 203.0
1930 30.0
1931 203.0
1932 204.0
1933 115.0
1934 98.0
1935 203.0
1936 363.0
1937 203.0
1938 394.0
1939 203.0
1940 25.0
1941 98.0
1942 203.0
1943 203.0
1944 203.0
1945 203.0
1946 0.0
1947 1.0
1948 203.0
1949 0.0
1950 203.0
1951 30.0
1952 203.0
1953 203.0
1954 109.0
1955 203.0
1956 203.0
1957 92.0
1958 203.0
1959 32.0
1960 204.0
1961 25.0
1962 203.0
1963 203.0
1964 203.0
1965 203.0
1966 203.0
1967 268.0
1968 0.0
1969 203.0
1970 104.0
1971 203.0
1972 0.0
1973 104.0
1974 203.0
1975 0.0
1976 204.0
1977 104.0
1978 203.0
1979 252.0
1980 203.0
1981 32.0
1982 204.0
1983 203.0
1984 203.0
1985 92.0
1986 203.0
1987 60.0
1988 0.0
1989 394.0
1990 203.0
1991 203.0
1992 203.0
1993 204.0
1994 203.0
1995 38.0
1996 120.0
1997 0.0
1998 203.0
1999 203.0
2000 0.0
2001 203.0
2002 203.0
2003 203.0
2004 203.0
2005 204.0
2006 203.0
2007 203.0
2008 25.0
2009 203.0
2010 33.0
2011 32.0
2012 104.0
2013 307.0
2014 203.0
2015 203.0
2016 203.0
2017 203.0
2018 104.0
2019 0.0
2020 203.0
2021 203.0
2022 104.0
2023 203.0
2024 89.0
2025 203.0
2026 203.0
2027 203.0
2028 205.0
2029 203.0
2030 38.0
2031 92.0
2032 203.0
2033 203.0
2034 394.0
2035 203.0
2036 92.0
2037 203.0
2038 26.0
2039 32.0
2040 394.0
2041 25.0
2042 30.0
2043 203.0
2044 203.0
2045 203.0
2046 203.0
2047 203.0
2048 203.0
2049 109.0
2050 203.0
2051 0.0
2052 203.0
2053 203.0
2054 30.0
2055 203.0
2056 203.0
2057 203.0
2058 30.0
2059 30.0
2060 170.0
2061 251.0
2062 38.0
2063 203.0
2064 203.0
2065 203.0
2066 203.0
2067 83.0
2068 33.0
2069 394.0
2070 0.0
2071 0.0
2072 203.0
2073 109.0
2074 203.0
2075 203.0
2076 98.0
2077 203.0
2078 203.0
2079 115.0
2080 203.0
2081 33.0
2082 204.0
2083 203.0
2084 115.0
2085 203.0
2086 98.0
2087 164.0
2088 203.0
2089 30.0
2090 32.0
2091 394.0
2092 30.0
2093 0.0
2094 203.0
2095 203.0
2096 33.0
2097 109.0
2098 203.0
2099 203.0
2100 1.0
2101 203.0
2102 0.0
2103 203.0
2104 203.0
2105 38.0
2106 203.0
2107 203.0
2108 203.0
2109 32.0
2110 92.0
2111 203.0
2112 25.0
2113 203.0
2114 203.0
2115 203.0
2116 203.0
2117 203.0
2118 0.0
2119 33.0
2120 203.0
2121 0.0
2122 203.0
2123 109.0
2124 30.0
2125 25.0
2126 32.0
2127 203.0
2128 203.0
2129 92.0
2130 204.0
2131 204.0
2132 32.0
2133 32.0
2134 203.0
2135 203.0
2136 203.0
2137 203.0
2138 92.0
2139 114.0
2140 37.0
2141 32.0
2142 394.0
2143 203.0
2144 0.0
2145 203.0
2146 203.0
2147 0.0
2148 96.0
2149 203.0
2150 203.0
2151 205.0
2152 0.0
2153 0.0
2154 203.0
2155 203.0
2156 46.0
2157 203.0
2158 251.0
2159 203.0
2160 203.0
2161 0.0
2162 203.0
2163 0.0
2164 203.0
2165 203.0
2166 203.0
2167 98.0
2168 203.0
2169 203.0
2170 38.0
2171 203.0
2172 6.0
2173 251.0
2174 104.0
2175 109.0
2176 203.0
2177 32.0
2178 203.0
2179 203.0
2180 109.0
2181 203.0
2182 104.0
2183 32.0
2184 204.0
2185 32.0
2186 204.0
2187 203.0
2188 203.0
2189 104.0
2190 203.0
2191 29.0
2192 32.0
2193 394.0
2194 251.0
2195 32.0
2196 49.0
2197 115.0
2198 203.0
2199 203.0
2200 203.0
2201 264.0
2202 203.0
2203 103.0
2204 0.0
2205 203.0
2206 203.0
2207 203.0
2208 203.0
2209 32.0
2210 204.0
2211 203.0
2212 203.0
2213 204.0
2214 203.0
2215 203.0
2216 203.0
2217 203.0
2218 32.0
2219 204.0
2220 32.0
2221 32.0
2222 31.0
2223 203.0
2224 203.0
2225 394.0
2226 203.0
2227 203.0
2228 98.0
2229 307.0
2230 109.0
2231 203.0
2232 32.0
2233 203.0
2234 33.0
2235 203.0
2236 203.0
2237 203.0
2238 203.0
2239 115.0
2240 0.0
2241 203.0
2242 2.0
2243 38.0
2244 394.0
2245 98.0
2246 203.0
2247 0.0
2248 203.0
2249 104.0
2250 0.0
2251 203.0
2252 306.0
2253 205.0
2254 103.0
2255 0.0
2256 5.0
2257 204.0
2258 203.0
2259 203.0
2260 104.0
2261 203.0
2262 203.0
2263 92.0
2264 203.0
2265 32.0
2266 109.0
2267 109.0
2268 203.0
2269 203.0
2270 204.0
2271 32.0
2272 203.0
2273 203.0
2274 203.0
2275 203.0
2276 203.0
2277 43.0
2278 92.0
2279 203.0
2280 203.0
2281 405.0
2282 203.0
2283 30.0
2284 203.0
2285 33.0
2286 203.0
2287 203.0
2288 203.0
2289 203.0
2290 203.0
2291 203.0
2292 12.0
2293 37.0
2294 32.0
2295 405.0
2296 203.0
2297 175.0
2298 103.0
2299 203.0
2300 103.0
2301 38.0
2302 203.0
2303 467.0
2304 205.0
2305 204.0
2306 0.0
2307 203.0
2308 203.0
2309 0.0
2310 203.0
2311 104.0
2312 203.0
2313 203.0
2314 203.0
2315 203.0
2316 0.0
2317 33.0
2318 203.0
2319 203.0
2320 203.0
2321 204.0
2322 203.0
2323 104.0
2324 203.0
2325 0.0
2326 115.0
2327 405.0
2328 203.0
2329 0.0
2330 203.0
2331 203.0
2332 203.0
2333 109.0
2334 30.0
2335 203.0
2336 32.0
2337 205.0
2338 30.0
2339 203.0
2340 203.0
2341 459.0
2342 104.0
2343 203.0
2344 0.0
2345 32.0
2346 467.0
2347 38.0
2348 252.0
2349 203.0
2350 33.0
2351 203.0
2352 387.0
2353 203.0
2354 464.0
2355 203.0
2356 98.0
2357 0.0
2358 467.0
2359 98.0
2360 248.0
2361 203.0
2362 32.0
2363 0.0
2364 32.0
2365 92.0
2366 203.0
2367 203.0
2368 389.0
2369 469.0
2370 450.0
2371 203.0
2372 203.0
2373 203.0
2374 75.0
2375 203.0
2376 203.0
2377 203.0
2378 115.0
2379 104.0
2380 203.0
2381 104.0
2382 203.0
2383 463.0
2384 312.0
2385 473.0
2386 203.0
2387 32.0
2388 481.0
2389 38.0
2390 203.0
2391 363.0
2392 467.0
2393 0.0
2394 463.0
2395 0.0
2396 32.0
2397 481.0
2398 203.0
2399 486.0
2400 30.0
2401 32.0
2402 251.0
2403 203.0
2404 203.0
2405 473.0
2406 30.0
2407 203.0
2408 203.0
2409 469.0
2410 203.0
2411 103.0
2412 203.0
2413 98.0
2414 481.0
2415 203.0
2416 203.0
2417 203.0
2418 33.0
2419 203.0
2420 469.0
2421 461.0
2422 203.0
2423 204.0
2424 104.0
2425 203.0
2426 203.0
2427 0.0
2428 203.0
2429 251.0
2430 203.0
2431 203.0
2432 30.0
2433 203.0
2434 251.0
2435 458.0
2436 466.0
2437 203.0
2438 33.0
2439 203.0
2440 204.0
2441 203.0
2442 30.0
2443 463.0
2444 203.0
2445 203.0
2446 37.0
2447 38.0
2448 486.0
2449 33.0
2450 451.0
2451 203.0
2452 153.0
2453 466.0
2454 504.0
2455 203.0
2456 383.0
2457 251.0
2458 485.0
2459 0.0
2460 229.0
2461 203.0
2462 326.0
2463 204.0
2464 203.0
2465 376.0
2466 203.0
2467 30.0
2468 203.0
2469 33.0
2470 383.0
2471 376.0
2472 383.0
2473 203.0
2474 204.0
2475 98.0
2476 203.0
2477 456.0
2478 0.0
2479 38.0
2480 32.0
2481 203.0
2482 32.0
2483 203.0
2484 203.0
2485 197.0
2486 379.0
2487 522.0
2488 2.0
2489 32.0
2490 245.0
2491 275.0
2492 30.0
2493 306.0
2494 321.0
2495 203.0
2496 522.0
2497 29.0
2498 204.0
2499 522.0
2500 92.0
2501 453.0
2502 379.0
2503 33.0
2504 379.0
2505 203.0
2506 203.0
2507 527.0
2508 5.0
2509 308.0
2510 0.0
2511 203.0
2512 473.0
2513 429.0
2514 204.0
2515 522.0
2516 263.0
2517 203.0
2518 522.0
2519 204.0
2520 0.0
2521 203.0
2522 465.0
2523 394.0
2524 0.0
2525 204.0
2526 203.0
2527 0.0
2528 453.0
2529 203.0
2530 29.0
2531 0.0
2532 531.0
2533 203.0
2534 203.0
2535 98.0
2536 203.0
2537 103.0
2538 456.0
2539 203.0
2540 32.0
2541 203.0
2542 203.0
2543 98.0
2544 312.0
2545 263.0
2546 203.0
2547 445.0
2548 0.0
2549 32.0
2550 531.0
2551 203.0
2552 251.0
2553 251.0
2554 0.0
2555 383.0
2556 0.0
2557 203.0
2558 419.0
2559 0.0
2560 312.0
2561 0.0
2562 251.0
2563 492.0
2564 203.0
2565 203.0
2566 472.0
2567 25.0
2568 203.0
2569 379.0
2570 204.0
2571 0.0
2572 203.0
2573 103.0
2574 387.0
2575 251.0
2576 204.0
2577 263.0
2578 203.0
2579 465.0
2580 203.0
2581 103.0
2582 363.0
2583 203.0
2584 25.0
2585 98.0
2586 203.0
2587 163.0
2588 276.0
2589 305.0
2590 203.0
2591 33.0
2592 114.0
2593 0.0
2594 204.0
2595 0.0
2596 383.0
2597 203.0
2598 203.0
2599 14.0
2600 32.0
2601 531.0
2602 203.0
2603 252.0
2604 225.0
2605 0.0
2606 98.0
2607 0.0
2608 203.0
2609 203.0
2610 203.0
2611 465.0
2612 0.0
2613 25.0
2614 522.0
2615 455.0
2616 33.0
2617 325.0
2618 373.0
2619 203.0
2620 363.0
2621 203.0
2622 0.0
2623 38.0
2624 383.0
2625 502.0
2626 251.0
2627 204.0
2628 204.0
2629 252.0
2630 98.0
2631 0.0
2632 387.0
2633 276.0
2634 252.0
2635 0.0
2636 266.0
2637 203.0
2638 25.0
2639 522.0
2640 527.0
2641 550.0
2642 33.0
2643 292.0
2644 203.0
2645 300.0
2646 203.0
2647 203.0
2648 203.0
2649 203.0
2650 14.0
2651 32.0
2652 550.0
2653 30.0
2654 505.0
2655 485.0
2656 203.0
2657 309.0
2658 203.0
2659 0.0
2660 251.0
2661 203.0
2662 346.0
2663 0.0
2664 453.0
2665 251.0
2666 203.0
2667 203.0
2668 203.0
2669 251.0
2670 203.0
2671 104.0
2672 204.0
2673 0.0
2674 503.0
2675 251.0
2676 251.0
2677 0.0
2678 204.0
2679 251.0
2680 631.0
2681 309.0
2682 203.0
2683 203.0
2684 32.0
2685 203.0
2686 28.0
2687 30.0
2688 103.0
2689 169.0
2690 555.0
2691 346.0
2692 0.0
2693 252.0
2694 474.0
2695 203.0
2696 203.0
2697 252.0
2698 486.0
2699 203.0
2700 485.0
2701 0.0
2702 200.0
2703 631.0
2704 203.0
2705 542.0
2706 504.0
2707 33.0
2708 153.0
2709 203.0
2710 203.0
2711 483.0
2712 336.0
2713 466.0
2714 0.0
2715 265.0
2716 153.0
2717 273.0
2718 273.0
2719 203.0
2720 251.0
2721 203.0
2722 387.0
2723 252.0
2724 0.0
2725 354.0
2726 251.0
2727 584.0
2728 203.0
2729 204.0
2730 482.0
2731 625.0
2732 528.0
2733 203.0
2734 587.0
2735 32.0
2736 3.0
2737 98.0
2738 203.0
2739 467.0
2740 292.0
2741 355.0
2742 482.0
2743 473.0
2744 32.0
2745 464.0
2746 532.0
2747 161.0
2748 322.0
2749 292.0
2750 203.0
2751 493.0
2752 515.0
2753 204.0
2754 631.0
2755 0.0
2756 587.0
2757 203.0
2758 251.0
2759 109.0
2760 0.0
2761 203.0
2762 474.0
2763 473.0
2764 273.0
2765 204.0
2766 251.0
2767 252.0
2768 480.0
2769 180.0
2770 251.0
2771 519.0
2772 203.0
2773 531.0
2774 251.0
2775 0.0
2776 625.0
2777 538.0
2778 587.0
2779 532.0
2780 204.0
2781 478.0
2782 631.0
2783 251.0
2784 203.0
2785 273.0
2786 548.0
2787 414.0
2788 92.0
2789 203.0
2790 326.0
2791 163.0
2792 251.0
2793 519.0
2794 380.0
2795 33.0
2796 376.0
2797 542.0
2798 32.0
2799 251.0
2800 203.0
2801 203.0
2802 501.0
2803 252.0
2804 203.0
2805 631.0
2806 164.0
2807 587.0
2808 153.0
2809 160.0
2810 481.0
2811 251.0
2812 363.0
2813 158.0
2814 450.0
2815 380.0
2816 0.0
2817 251.0
2818 234.0
2819 203.0
2820 420.0
2821 510.0
2822 273.0
2823 203.0
2824 251.0
2825 0.0
2826 25.0
2827 445.0
2828 504.0
2829 587.0
2830 363.0
2831 204.0
2832 467.0
2833 252.0
2834 627.0
2835 203.0
2836 251.0
2837 468.0
2838 0.0
2839 203.0
2840 203.0
2841 251.0
2842 169.0
2843 251.0
2844 523.0
2845 203.0
2846 251.0
2847 274.0
2848 519.0
2849 180.0
2850 0.0
2851 587.0
2852 104.0
2853 363.0
2854 38.0
2855 32.0
2856 631.0
2857 203.0
2858 474.0
2859 203.0
2860 203.0
2861 587.0
2862 245.0
2863 342.0
2864 355.0
2865 203.0
2866 203.0
2867 204.0
2868 537.0
2869 462.0
2870 277.0
2871 203.0
2872 203.0
2873 251.0
2874 0.0
2875 376.0
2876 255.0
2877 251.0
2878 531.0
2879 251.0
2880 587.0
2881 252.0
2882 204.0
2883 476.0
2884 625.0
2885 251.0
2886 538.0
2887 251.0
2888 251.0
2889 203.0
2890 587.0
2891 0.0
2892 507.0
2893 203.0
2894 159.0
2895 25.0
2896 251.0
2897 251.0
2898 251.0
2899 587.0
2900 203.0
2901 480.0
2902 251.0
2903 203.0
2904 515.0
2905 203.0
2906 203.0
2907 631.0
2908 203.0
2909 385.0
2910 527.0
2911 519.0
2912 0.0
2913 526.0
2914 363.0
2915 292.0
2916 587.0
2917 180.0
2918 30.0
2919 203.0
2920 30.0
2921 198.0
2922 203.0
2923 331.0
2924 628.0
2925 203.0
2926 483.0
2927 33.0
2928 0.0
2929 354.0
2930 251.0
2931 493.0
2932 481.0
2933 204.0
2934 383.0
2935 346.0
2936 630.0
2937 519.0
2938 277.0
2939 264.0
2940 457.0
2941 252.0
2942 30.0
2943 314.0
2944 495.0
2945 40.0
2946 587.0
2947 460.0
2948 38.0
2949 522.0
2950 346.0
2951 203.0
2952 423.0
2953 203.0
2954 104.0
2955 519.0
2956 527.0
2957 204.0
2958 631.0
2959 203.0
2960 251.0
2961 628.0
2962 0.0
2963 587.0
2964 0.0
2965 346.0
2966 523.0
2967 273.0
2968 251.0
2969 204.0
2970 515.0
2971 0.0
2972 203.0
2973 333.0
2974 251.0
2975 493.0
2976 30.0
2977 322.0
2978 251.0
2979 0.0
2980 519.0
2981 527.0
2982 631.0
2983 381.0
2984 204.0
2985 465.0
2986 252.0
2987 629.0
2988 533.0
2989 251.0
2990 169.0
2991 203.0
2992 263.0
2993 31.0
2994 251.0
2995 479.0
2996 355.0
2997 523.0
2998 203.0
2999 33.0
3000 478.0
3001 587.0
3002 203.0
3003 475.0
3004 203.0
3005 203.0
3006 164.0
3007 251.0
3008 32.0
3009 631.0
3010 363.0
3011 251.0
3012 322.0
3013 533.0
3014 506.0
3015 1.0
3016 251.0
3017 320.0
3018 629.0
3019 322.0
3020 204.0
3021 452.0
3022 322.0
3023 515.0
3024 203.0
3025 300.0
3026 628.0
3027 30.0
3028 479.0
3029 104.0
3030 203.0
3031 445.0
3032 504.0
3033 355.0
3034 780.0
3035 203.0
3036 465.0
3037 251.0
3038 625.0
3039 587.0
3040 587.0
3041 468.0
3042 267.0
3043 203.0
3044 251.0
3045 587.0
3046 251.0
3047 519.0
3048 346.0
3049 0.0
3050 251.0
3051 251.0
3052 542.0
3053 203.0
3054 203.0
3055 355.0
3056 203.0
3057 98.0
3058 252.0
3059 32.0
3060 780.0
3061 252.0
3062 313.0
3063 251.0
3064 203.0
3065 251.0
3066 345.0
3067 203.0
3068 251.0
3069 346.0
3070 203.0
3071 204.0
3072 203.0
3073 251.0
3074 419.0
3075 204.0
3076 0.0
3077 251.0
3078 173.0
3079 522.0
3080 153.0
3081 33.0
3082 252.0
3083 251.0
3084 252.0
3085 363.0
3086 204.0
3087 0.0
3088 628.0
3089 527.0
3090 251.0
3091 363.0
3092 468.0
3093 251.0
3094 203.0
3095 251.0
3096 453.0
3097 252.0
3098 455.0
3099 252.0
3100 204.0
3101 203.0
3102 153.0
3103 542.0
3104 203.0
3105 203.0
3106 251.0
3107 203.0
3108 251.0
3109 203.0
3110 30.0
3111 780.0
3112 346.0
3113 231.0
3114 519.0
3115 628.0
3116 493.0
3117 363.0
3118 203.0
3119 355.0
3120 363.0
3121 203.0
3122 363.0
3123 251.0
3124 251.0
3125 322.0
3126 420.0
3127 500.0
3128 510.0
3129 25.0
3130 114.0
3131 30.0
3132 0.0
3133 363.0
3134 584.0
3135 528.0
3136 515.0
3137 204.0
3138 203.0
3139 480.0
3140 587.0
3141 376.0
3142 251.0
3143 164.0
3144 323.0
3145 251.0
3146 104.0
3147 251.0
3148 310.0
3149 469.0
3150 377.0
3151 355.0
3152 33.0
3153 103.0
3154 780.0
3155 203.0
3156 487.0
3157 524.0
3158 203.0
3159 251.0
3160 626.0
3161 32.0
3162 780.0
3163 251.0
3164 363.0
3165 587.0
3166 420.0
3167 584.0
3168 203.0
3169 204.0
3170 30.0
3171 533.0
3172 355.0
3173 251.0
3174 511.0
3175 0.0
3176 251.0
3177 203.0
3178 203.0
3179 631.0
3180 30.0
3181 355.0
3182 362.0
3183 33.0
3184 584.0
3185 455.0
3186 536.0
3187 533.0
3188 204.0
3189 479.0
3190 533.0
3191 355.0
3192 381.0
3193 480.0
3194 587.0
3195 1.0
3196 251.0
3197 251.0
3198 363.0
3199 363.0
3200 519.0
3201 542.0
3202 203.0
3203 242.0
3204 251.0
3205 252.0
3206 203.0
3207 455.0
3208 32.0
3209 203.0
3210 32.0
3211 252.0
3212 32.0
3213 780.0
3214 203.0
3215 251.0
3216 629.0
3217 252.0
3218 584.0
3219 0.0
3220 230.0
3221 479.0
3222 510.0
3223 251.0
3224 252.0
3225 252.0
3226 0.0
3227 587.0
3228 203.0
3229 476.0
3230 251.0
3231 32.0
3232 491.0
3233 363.0
3234 203.0
3235 468.0
3236 503.0
3237 251.0
3238 515.0
3239 204.0
3240 587.0
3241 252.0
3242 567.0
3243 339.0
3244 363.0
3245 251.0
3246 252.0
3247 482.0
3248 251.0
3249 103.0
3250 268.0
3251 586.0
3252 519.0
3253 203.0
3254 33.0
3255 251.0
3256 252.0
3257 203.0
3258 520.0
3259 251.0
3260 203.0
3261 251.0
3262 363.0
3263 175.0
3264 780.0
3265 385.0
3266 466.0
3267 532.0
3268 252.0
3269 493.0
3270 363.0
3271 251.0
3272 628.0
3273 252.0
3274 206.0
3275 251.0
3276 346.0
3277 251.0
3278 587.0
3279 0.0
3280 160.0
3281 363.0
3282 251.0
3283 203.0
3284 252.0
3285 203.0
3286 252.0
3287 528.0
3288 631.0
3289 363.0
3290 203.0
3291 0.0
3292 536.0
3293 349.0
3294 251.0
3295 251.0
3296 346.0
3297 587.0
3298 203.0
3299 203.0
3300 251.0
3301 264.0
3302 363.0
3303 533.0
3304 0.0
3305 203.0
3306 37.0
3307 628.0
3308 203.0
3309 251.0
3310 587.0
3311 203.0
3312 522.0
3313 203.0
3314 32.0
3315 780.0
3316 252.0
3317 32.0
3318 252.0
3319 199.0
3320 380.0
3321 0.0
3322 346.0
3323 355.0
3324 516.0
3325 219.0
3326 343.0
3327 523.0
3328 251.0
3329 251.0
3330 363.0
3331 475.0
3332 628.0
3333 251.0
3334 522.0
3335 480.0
3336 25.0
3337 587.0
3338 252.0
3339 628.0
3340 203.0
3341 204.0
3342 346.0
3343 587.0
3344 355.0
3345 523.0
3346 587.0
3347 32.0
3348 203.0
3349 194.0
3350 32.0
3351 292.0
3352 0.0
3353 252.0
3354 377.0
3355 203.0
3356 251.0
3357 251.0
3358 251.0
3359 203.0
3360 251.0
3361 203.0
3362 203.0
3363 313.0
3364 313.0
3365 30.0
3366 780.0
3367 252.0
3368 317.0
3369 363.0
3370 520.0
3371 252.0
3372 363.0
3373 251.0
3374 520.0
3375 584.0
3376 251.0
3377 173.0
3378 203.0
3379 0.0
3380 629.0
3381 218.0
3382 251.0
3383 510.0
3384 23.0
3385 321.0
3386 628.0
3387 25.0
3388 363.0
3389 251.0
3390 251.0
3391 515.0
3392 203.0
3393 476.0
3394 252.0
3395 355.0
3396 550.0
3397 252.0
3398 252.0
3399 203.0
3400 626.0
3401 159.0
3402 33.0
3403 0.0
3404 203.0
3405 251.0
3406 343.0
3407 203.0
3408 251.0
3409 252.0
3410 203.0
3411 449.0
3412 203.0
3413 203.0
3414 251.0
3415 479.0
3416 203.0
3417 780.0
3418 251.0
3419 628.0
3420 326.0
3421 363.0
3422 493.0
3423 251.0
3424 203.0
3425 525.0
3426 584.0
3427 251.0
3428 363.0
3429 349.0
3430 522.0
3431 587.0
3432 204.0
3433 230.0
3434 493.0
3435 203.0
3436 522.0
3437 524.0
3438 203.0
3439 363.0
3440 350.0
3441 631.0
3442 533.0
3443 204.0
3444 363.0
3445 586.0
3446 520.0
3447 376.0
3448 251.0
3449 528.0
3450 524.0
3451 27.0
3452 159.0
3453 523.0
3454 98.0
3455 318.0
3456 229.0
3457 0.0
3458 32.0
3459 178.0
3460 628.0
3461 203.0
3462 207.0
3463 251.0
3464 203.0
3465 251.0
3466 203.0
3467 32.0
3468 780.0
3469 363.0
3470 587.0
3471 532.0
3472 519.0
3473 363.0
3474 251.0
3475 203.0
3476 346.0
3477 348.0
3478 251.0
3479 251.0
3480 474.0
3481 251.0
3482 308.0
3483 417.0
3484 175.0
3485 251.0
3486 251.0
3487 109.0
3488 528.0
3489 0.0
3490 628.0
3491 251.0
3492 587.0
3493 340.0
3494 204.0
3495 203.0
3496 251.0
3497 531.0
3498 203.0
3499 251.0
3500 466.0
3501 528.0
3502 251.0
3503 251.0
3504 251.0
3505 98.0
3506 203.0
3507 587.0
3508 203.0
3509 251.0
3510 74.0
3511 252.0
3512 203.0
3513 238.0
3514 527.0
3515 203.0
3516 32.0
3517 515.0
3518 229.0
3519 780.0
3520 252.0
3521 251.0
3522 251.0
3523 502.0
3524 251.0
3525 203.0
3526 203.0
3527 346.0
3528 524.0
3529 251.0
3530 343.0
3531 346.0
3532 251.0
3533 363.0
3534 251.0
3535 363.0
3536 587.0
3537 203.0
3538 203.0
3539 515.0
3540 203.0
3541 542.0
3542 587.0
3543 629.0
3544 363.0
3545 204.0
3546 346.0
3547 252.0
3548 629.0
3549 203.0
3550 312.0
3551 531.0
3552 203.0
3553 251.0
3554 203.0
3555 507.0
3556 32.0
3557 538.0
3558 516.0
3559 2.0
3560 203.0
3561 251.0
3562 628.0
3563 203.0
3564 454.0
3565 226.0
3566 203.0
3567 251.0
3568 628.0
3569 32.0
3570 780.0
3571 251.0
3572 251.0
3573 523.0
3574 481.0
3575 273.0
3576 0.0
3577 33.0
3578 628.0
3579 629.0
3580 234.0
3581 203.0
3582 537.0
3583 0.0
3584 520.0
3585 203.0
3586 508.0
3587 481.0
3588 203.0
3589 487.0
3590 628.0
3591 251.0
3592 252.0
3593 363.0
3594 252.0
3595 562.0
3596 203.0
3597 383.0
3598 586.0
3599 528.0
3600 203.0
3601 349.0
3602 363.0
3603 251.0
3604 203.0
3605 159.0
3606 507.0
3607 0.0
3608 203.0
3609 519.0
3610 420.0
3611 251.0
3612 37.0
3613 628.0
3614 203.0
3615 252.0
3616 194.0
3617 203.0
3618 251.0
3619 515.0
3620 363.0
3621 780.0
3622 252.0
3623 363.0
3624 363.0
3625 203.0
3626 493.0
3627 0.0
3628 0.0
3629 524.0
3630 480.0
3631 206.0
3632 204.0
3633 528.0
3634 175.0
3635 520.0
3636 204.0
3637 140.0
3638 587.0
3639 252.0
3640 203.0
3641 252.0
3642 32.0
3643 252.0
3644 252.0
3645 515.0
3646 533.0
3647 204.0
3648 448.0
3649 528.0
3650 587.0
3651 463.0
3652 587.0
3653 363.0
3654 587.0
3655 203.0
3656 159.0
3657 251.0
3658 265.0
3659 586.0
3660 251.0
3661 473.0
3662 251.0
3663 68.0
3664 252.0
3665 203.0
3666 363.0
3667 251.0
3668 203.0
3669 251.0
3670 251.0
3671 203.0
3672 780.0
3673 252.0
3674 582.0
3675 326.0
3676 203.0
3677 339.0
3678 70.0
3679 0.0
3680 780.0
3681 363.0
3682 38.0
3683 251.0
3684 251.0
3685 504.0
3686 587.0
3687 237.0
3688 251.0
3689 252.0
3690 230.0
3691 203.0
3692 252.0
3693 33.0
3694 363.0
3695 273.0
3696 586.0
3697 340.0
3698 203.0
3699 203.0
3700 252.0
3701 629.0
3702 252.0
3703 363.0
3704 336.0
3705 203.0
3706 161.0
3707 157.0
3708 251.0
3709 272.0
3710 251.0
3711 252.0
3712 397.0
3713 363.0
3714 478.0
3715 252.0
3716 203.0
3717 429.0
3718 528.0
3719 203.0
3720 251.0
3721 633.0
3722 204.0
3723 780.0
3724 203.0
3725 587.0
3726 532.0
3727 528.0
3728 316.0
3729 81.0
3730 343.0
3731 251.0
3732 519.0
3733 251.0
3734 203.0
3735 532.0
3736 251.0
3737 307.0
3738 2.0
3739 251.0
3740 631.0
3741 220.0
3742 487.0
3743 584.0
3744 33.0
3745 542.0
3746 475.0
3747 252.0
3748 180.0
3749 204.0
3750 475.0
3751 586.0
3752 587.0
3753 202.0
3754 251.0
3755 493.0
3756 203.0
3757 251.0
3758 203.0
3759 251.0
3760 169.0
3761 318.0
3762 587.0
3763 251.0
3764 327.0
3765 251.0
3766 363.0
3767 229.0
3768 273.0
3769 214.0
3770 203.0
3771 251.0
3772 635.0
3773 251.0
3774 780.0
3775 385.0
3776 628.0
3777 528.0
3778 113.0
3779 587.0
3780 0.0
3781 204.0
3782 780.0
3783 528.0
3784 251.0
3785 343.0
3786 537.0
3787 522.0
3788 473.0
3789 203.0
3790 251.0
3791 493.0
3792 0.0
3793 203.0
3794 528.0
3795 0.0
3796 515.0
3797 252.0
3798 252.0
3799 562.0
3800 204.0
3801 385.0
3802 506.0
3803 363.0
3804 463.0
3805 203.0
3806 346.0
3807 224.0
3808 203.0
3809 203.0
3810 32.0
3811 346.0
3812 204.0
3813 251.0
3814 473.0
3815 363.0
3816 481.0
3817 629.0
3818 203.0
3819 160.0
3820 214.0
3821 167.0
3822 251.0
3823 251.0
3824 214.0
3825 780.0
3826 346.0
3827 251.0
3828 251.0
3829 203.0
3830 252.0
3831 203.0
3832 0.0
3833 526.0
3834 480.0
3835 251.0
3836 204.0
3837 457.0
3838 522.0
3839 538.0
3840 180.0
3841 495.0
3842 584.0
3843 0.0
3844 491.0
3845 252.0
3846 32.0
3847 542.0
3848 251.0
3849 480.0
3850 381.0
3851 204.0
3852 203.0
3853 501.0
3854 203.0
3855 309.0
3856 252.0
3857 252.0
3858 516.0
3859 516.0
3860 159.0
3861 450.0
3862 265.0
3863 203.0
3864 528.0
3865 203.0
3866 252.0
3867 79.0
3868 252.0
3869 204.0
3870 528.0
3871 251.0
3872 203.0
3873 251.0
3874 480.0
3875 231.0
3876 780.0
3877 251.0
3878 628.0
3879 545.0
3880 203.0
3881 251.0
3882 251.0
3883 203.0
3884 780.0
3885 587.0
3886 251.0
3887 343.0
3888 528.0
3889 251.0
3890 363.0
3891 584.0
3892 484.0
3893 251.0
3894 218.0
3895 114.0
3896 252.0
3897 203.0
3898 251.0
3899 587.0
3900 586.0
3901 562.0
3902 204.0
3903 383.0
3904 515.0
3905 269.0
3906 780.0
3907 252.0
3908 459.0
3909 291.0
3910 251.0
3911 203.0
3912 251.0
3913 508.0
3914 528.0
3915 587.0
3916 203.0
3917 780.0
3918 251.0
3919 252.0
3920 203.0
3921 435.0
3922 200.0
3923 251.0
3924 251.0
3925 635.0
3926 38.0
3927 780.0
3928 478.0
3929 587.0
3930 468.0
3931 0.0
3932 251.0
3933 161.0
3934 204.0
3935 780.0
3936 346.0
3937 203.0
3938 128.0
3939 308.0
3940 169.0
3941 252.0
3942 204.0
3943 484.0
3944 536.0
3945 516.0
3946 109.0
3947 515.0
3948 204.0
3949 252.0
3950 462.0
3951 252.0
3952 203.0
3953 204.0
3954 203.0
3955 252.0
3956 251.0
3957 251.0
3958 252.0
3959 252.0
3960 251.0
3961 203.0
3962 203.0
3963 251.0
3964 240.0
3965 203.0
3966 628.0
3967 455.0
3968 363.0
3969 251.0
3970 629.0
3971 203.0
3972 251.0
3973 363.0
3974 203.0
3975 251.0
3976 502.0
3977 363.0
3978 780.0
3979 251.0
3980 628.0
3981 203.0
3982 453.0
3983 252.0
3984 203.0
3985 0.0
3986 780.0
3987 252.0
3988 251.0
3989 252.0
3990 537.0
3991 32.0
3992 538.0
3993 491.0
3994 548.0
3995 493.0
3996 32.0
3997 114.0
3998 533.0
3999 32.0
4000 363.0
4001 252.0
4002 631.0
4003 528.0
4004 204.0
4005 203.0
4006 587.0
4007 167.0
4008 203.0
4009 338.0
4010 363.0
4011 203.0
4012 203.0
4013 159.0
4014 7.0
4015 495.0
4016 252.0
4017 363.0
4018 32.0
4019 363.0
4020 0.0
4021 363.0
4022 203.0
4023 528.0
4024 251.0
4025 203.0
4026 504.0
4027 252.0
4028 214.0
4029 780.0
4030 349.0
4031 363.0
4032 322.0
4033 203.0
4034 252.0
4035 20.0
4036 251.0
4037 516.0
4038 480.0
4039 251.0
4040 363.0
4041 251.0
4042 251.0
4043 414.0
4044 180.0
4045 203.0
4046 780.0
4047 220.0
4048 387.0
4049 515.0
4050 32.0
4051 480.0
4052 584.0
4053 515.0
4054 455.0
4055 203.0
4056 383.0
4057 628.0
4058 251.0
4059 629.0
4060 251.0
4061 586.0
4062 203.0
4063 251.0
4064 159.0
4065 453.0
4066 265.0
4067 252.0
4068 251.0
4069 347.0
4070 251.0
4071 158.0
4072 252.0
4073 203.0
4074 252.0
4075 326.0
4076 203.0
4077 251.0
4078 203.0
4079 251.0
4080 780.0
4081 251.0
4082 587.0
4083 630.0
4084 1.0
4085 628.0
4086 346.0
4087 92.0
4088 251.0
4089 587.0
4090 251.0
4091 0.0
4092 503.0
4093 251.0
4094 252.0
4095 180.0
4096 466.0
4097 251.0
4098 32.0
4099 522.0
4100 780.0
4101 203.0
4102 251.0
4103 346.0
4104 252.0
4105 203.0
4106 204.0
4107 203.0
4108 251.0
4109 251.0
4110 587.0
4111 528.0
4112 306.0
4113 587.0
4114 515.0
4115 203.0
4116 251.0
4117 251.0
4118 283.0
4119 628.0
4120 455.0
4121 363.0
4122 251.0
4123 519.0
4124 203.0
4125 251.0
4126 203.0
4127 203.0
4128 251.0
4129 251.0
4130 32.0
4131 780.0
4132 252.0
4133 587.0
4134 251.0
4135 159.0
4136 309.0
4137 545.0
4138 203.0
4139 251.0
4140 252.0
4141 203.0
4142 587.0
4143 528.0
4144 169.0
4145 343.0
4146 203.0
4147 252.0
4148 252.0
4149 1.0
4150 268.0
4151 252.0
4152 203.0
4153 251.0
4154 584.0
4155 363.0
4156 252.0
4157 204.0
4158 536.0
4159 536.0
4160 251.0
4161 203.0
4162 381.0
4163 473.0
4164 251.0
4165 203.0
4166 159.0
4167 32.0
4168 251.0
4169 515.0
4170 628.0
4171 507.0
4172 515.0
4173 251.0
4174 363.0
4175 203.0
4176 251.0
4177 355.0
4178 203.0
4179 251.0
4180 635.0
4181 207.0
4182 780.0
4183 385.0
4184 520.0
4185 273.0
4186 203.0
4187 251.0
4188 203.0
4189 251.0
4190 780.0
4191 516.0
4192 251.0
4193 343.0
4194 251.0
4195 251.0
4196 414.0
4197 204.0
4198 2.0
4199 587.0
4200 218.0
4201 206.0
4202 515.0
4203 251.0
4204 542.0
4205 493.0
4206 628.0
4207 455.0
4208 251.0
4209 31.0
4210 631.0
4211 251.0
4212 203.0
4213 587.0
4214 363.0
4215 630.0
4216 203.0
4217 159.0
4218 478.0
4219 474.0
4220 363.0
4221 252.0
4222 345.0
4223 251.0
4224 169.0
4225 516.0
4226 203.0
4227 455.0
4228 252.0
4229 104.0
4230 251.0
4231 251.0
4232 207.0
4233 780.0
4234 203.0
4235 252.0
4236 273.0
4237 203.0
4238 495.0
4239 203.0
4240 251.0
4241 516.0
4242 587.0
4243 355.0
4244 203.0
4245 203.0
4246 251.0
4247 468.0
4248 203.0
4249 346.0
4250 251.0
4251 780.0
4252 321.0
4253 252.0
4254 32.0
4255 519.0
4256 363.0
4257 628.0
4258 203.0
4259 204.0
4260 383.0
4261 252.0
4262 251.0
4263 537.0
4264 515.0
4265 252.0
4266 587.0
4267 251.0
4268 159.0
4269 251.0
4270 265.0
4271 631.0
4272 628.0
4273 470.0
4274 251.0
4275 495.0
4276 629.0
4277 93.0
4278 455.0
4279 203.0
4280 203.0
4281 251.0
4282 252.0
4283 164.0
4284 780.0
4285 252.0
4286 520.0
4287 251.0
4288 213.0
4289 587.0
4290 203.0
4291 30.0
4292 251.0
4293 587.0
4294 203.0
4295 518.0
4296 528.0
4297 114.0
4298 520.0
4299 203.0
4300 252.0
4301 251.0
4302 32.0
4303 376.0
4304 252.0
4305 33.0
4306 252.0
4307 363.0
4308 524.0
4309 533.0
4310 0.0
4311 315.0
4312 251.0
4313 203.0
4314 537.0
4315 524.0
4316 378.0
4317 251.0
4318 203.0
4319 203.0
4320 346.0
4321 169.0
4322 587.0
4323 628.0
4324 462.0
4325 471.0
4326 252.0
4327 780.0
4328 203.0
4329 251.0
4330 203.0
4331 235.0
4332 363.0
4333 628.0
4334 207.0
4335 780.0
4336 479.0
4337 628.0
4338 251.0
4339 203.0
4340 251.0
4341 203.0
4342 92.0
4343 780.0
4344 251.0
4345 251.0
4346 363.0
4347 251.0
4348 114.0
4349 520.0
4350 203.0
4351 203.0
4352 587.0
4353 230.0
4354 203.0
4355 515.0
4356 33.0
4357 346.0
4358 251.0
4359 524.0
4360 391.0
4361 203.0
4362 0.0
4363 631.0
4364 251.0
4365 252.0
4366 515.0
4367 251.0
4368 630.0
4369 587.0
4370 203.0
4371 175.0
4372 0.0
4373 480.0
4374 628.0
4375 203.0
4376 780.0
4377 522.0
4378 363.0
4379 203.0
4380 273.0
4381 355.0
4382 203.0
4383 251.0
4384 203.0
4385 207.0
4386 780.0
4387 98.0
4388 587.0
4389 326.0
4390 203.0
4391 218.0
4392 251.0
4393 0.0
4394 516.0
4395 587.0
4396 251.0
4397 363.0
4398 474.0
4399 251.0
4400 109.0
4401 273.0
4402 203.0
4403 587.0
4404 203.0
4405 504.0
4406 780.0
4407 204.0
4408 515.0
4409 463.0
4410 480.0
4411 203.0
4412 203.0
4413 203.0
4414 526.0
4415 251.0
4416 587.0
4417 587.0
4418 473.0
4419 203.0
4420 203.0
4421 159.0
4422 251.0
4423 373.0
4424 252.0
4425 516.0
4426 516.0
4427 251.0
4428 489.0
4429 252.0
4430 203.0
4431 528.0
4432 355.0
4433 203.0
4434 251.0
4435 635.0
4436 203.0
4437 780.0
4438 528.0
4439 0.0
4440 322.0
4441 203.0
4442 587.0
4443 203.0
4444 0.0
4445 780.0
4446 629.0
4447 203.0
4448 203.0
4449 514.0
4450 114.0
4451 203.0
4452 333.0
4453 251.0
4454 252.0
4455 288.0
4456 487.0
4457 780.0
4458 203.0
4459 520.0
4460 363.0
4461 363.0
4462 203.0
4463 204.0
4464 203.0
4465 252.0
4466 251.0
4467 537.0
4468 587.0
4469 363.0
4470 251.0
4471 203.0
4472 203.0
4473 251.0
4474 373.0
4475 465.0
4476 252.0
4477 780.0
4478 251.0
4479 363.0
4480 780.0
4481 0.0
4482 251.0
4483 203.0
4484 180.0
4485 251.0
4486 252.0
4487 203.0
4488 780.0
4489 385.0
4490 587.0
4491 160.0
4492 213.0
4493 587.0
4494 445.0
4495 204.0
4496 780.0
4497 251.0
4498 251.0
4499 203.0
4500 309.0
4501 294.0
4502 520.0
4503 2.0
4504 251.0
4505 251.0
4506 1.0
4507 522.0
4508 363.0
4509 38.0
4510 519.0
4511 273.0
4512 586.0
4513 422.0
4514 204.0
4515 203.0
4516 587.0
4517 252.0
4518 537.0
4519 252.0
4520 252.0
4521 203.0
4522 203.0
4523 586.0
4524 175.0
4525 32.0
4526 324.0
4527 628.0
4528 516.0
4529 780.0
4530 98.0
4531 251.0
4532 203.0
4533 515.0
4534 346.0
4535 251.0
4536 251.0
4537 502.0
4538 206.0
4539 780.0
4540 251.0
4541 363.0
4542 199.0
4543 203.0
4544 251.0
4545 478.0
4546 0.0
4547 516.0
4548 251.0
4549 251.0
4550 204.0
4551 780.0
4552 251.0
4553 520.0
4554 203.0
4555 252.0
4556 587.0
4557 252.0
4558 203.0
4559 363.0
4560 251.0
4561 363.0
4562 584.0
4563 628.0
4564 203.0
4565 203.0
4566 475.0
4567 536.0
4568 251.0
4569 251.0
4570 587.0
4571 413.0
4572 339.0
4573 14.0
4574 203.0
4575 203.0
4576 297.0
4577 312.0
4578 480.0
4579 520.0
4580 363.0
4581 487.0
4582 516.0
4583 203.0
4584 252.0
4585 355.0
4586 203.0
4587 251.0
4588 251.0
4589 203.0
4590 780.0
4591 251.0
4592 339.0
4593 476.0
4594 346.0
4595 252.0
4596 203.0
4597 0.0
4598 516.0
4599 519.0
4600 251.0
4601 203.0
4602 251.0
4603 203.0
4604 363.0
4605 347.0
4606 363.0
4607 363.0
4608 252.0
4609 203.0
4610 780.0
4611 203.0
4612 515.0
4613 363.0
4614 252.0
4615 150.0
4616 204.0
4617 475.0
4618 252.0
4619 251.0
4620 402.0
4621 631.0
4622 251.0
4623 251.0
4624 203.0
4625 203.0
4626 251.0
4627 480.0
4628 251.0
4629 252.0
4630 480.0
4631 780.0
4632 251.0
4633 526.0
4634 203.0
4635 252.0
4636 363.0
4637 251.0
4638 251.0
4639 251.0
4640 203.0
4641 780.0
4642 251.0
4643 587.0
4644 481.0
4645 218.0
4646 252.0
4647 252.0
4648 0.0
4649 780.0
4650 432.0
4651 203.0
4652 32.0
4653 251.0
4654 528.0
4655 468.0
4656 349.0
4657 252.0
4658 628.0
4659 251.0
4660 487.0
4661 516.0
4662 203.0
4663 516.0
4664 323.0
4665 515.0
4666 333.0
4667 204.0
4668 203.0
4669 628.0
4670 203.0
4671 402.0
4672 339.0
4673 363.0
4674 252.0
4675 203.0
4676 203.0
4677 507.0
4678 203.0
4679 252.0
4680 516.0
4681 516.0
4682 780.0
4683 251.0
4684 780.0
4685 203.0
4686 515.0
4687 251.0
4688 203.0
4689 251.0
4690 251.0
4691 207.0
4692 780.0
4693 479.0
4694 346.0
4695 32.0
4696 212.0
4697 252.0
4698 366.0
4699 0.0
4700 363.0
4701 468.0
4702 503.0
4703 204.0
4704 528.0
4705 251.0
4706 251.0
4707 203.0
4708 252.0
4709 587.0
4710 224.0
4711 531.0
4712 780.0
4713 25.0
4714 346.0
4715 251.0
4716 480.0
4717 252.0
4718 203.0
4719 32.0
4720 587.0
4721 252.0
4722 252.0
4723 536.0
4724 245.0
4725 203.0
4726 0.0
4727 203.0
4728 346.0
4729 265.0
4730 203.0
4731 628.0
4732 780.0
4733 780.0
4734 109.0
4735 518.0
4736 203.0
4737 528.0
4738 251.0
4739 203.0
4740 251.0
4741 251.0
4742 207.0
4743 780.0
4744 587.0
4745 582.0
4746 326.0
4747 203.0
4748 32.0
4749 587.0
4750 203.0
4751 363.0
4752 587.0
4753 251.0
4754 203.0
4755 251.0
4756 522.0
4757 414.0
4758 204.0
4759 251.0
4760 251.0
4761 203.0
4762 203.0
4763 780.0
4764 25.0
4765 363.0
4766 252.0
4767 631.0
4768 150.0
4769 203.0
4770 203.0
4771 628.0
4772 251.0
4773 376.0
4774 536.0
4775 251.0
4776 203.0
4777 234.0
4778 203.0
4779 251.0
4780 268.0
4781 203.0
4782 516.0
4783 516.0
4784 780.0
4785 98.0
4786 251.0
4787 203.0
4788 528.0
4789 251.0
4790 203.0
4791 251.0
4792 252.0
4793 203.0
4794 780.0
4795 251.0
4796 587.0
4797 320.0
4798 214.0
4799 252.0
4800 528.0
4801 203.0
4802 516.0
4803 519.0
4804 251.0
4805 0.0
4806 628.0
4807 109.0
4808 628.0
4809 584.0
4810 251.0
4811 252.0
4812 32.0
4813 114.0
4814 516.0
4815 203.0
4816 519.0
4817 464.0
4818 631.0
4819 150.0
4820 204.0
4821 346.0
4822 515.0
4823 587.0
4824 376.0
4825 515.0
4826 203.0
4827 290.0
4828 203.0
4829 203.0
4830 465.0
4831 374.0
4832 312.0
4833 252.0
4834 520.0
4835 363.0
4836 229.0
4837 363.0
4838 203.0
4839 251.0
4840 251.0
4841 524.0
4842 251.0
4843 251.0
4844 206.0
4845 780.0
4846 528.0
4847 363.0
4848 251.0
4849 223.0
4850 318.0
4851 251.0
4852 0.0
4853 780.0
4854 468.0
4855 203.0
4856 0.0
4857 528.0
4858 229.0
4859 109.0
4860 251.0
4861 251.0
4862 587.0
4863 203.0
4864 379.0
4865 780.0
4866 240.0
4867 516.0
4868 493.0
4869 528.0
4870 422.0
4871 204.0
4872 203.0
4873 587.0
4874 164.0
4875 587.0
4876 628.0
4877 390.0
4878 203.0
4879 587.0
4880 203.0
4881 251.0
4882 206.0
4883 251.0
4884 516.0
4885 516.0
4886 780.0
4887 251.0
4888 515.0
4889 203.0
4890 628.0
4891 251.0
4892 203.0
4893 363.0
4894 252.0
4895 226.0
4896 780.0
4897 528.0
4898 519.0
4899 238.0
4900 203.0
4901 587.0
4902 567.0
4903 251.0
4904 363.0
4905 519.0
4906 251.0
4907 0.0
4908 251.0
4909 537.0
4910 520.0
4911 363.0
4912 251.0
4913 493.0
4914 203.0
4915 203.0
4916 780.0
4917 203.0
4918 524.0
4919 524.0
4920 515.0
4921 201.0
4922 203.0
4923 251.0
4924 501.0
4925 367.0
4926 252.0
4927 628.0
4928 363.0
4929 224.0
4930 251.0
4931 203.0
4932 251.0
4933 228.0
4934 631.0
4935 780.0
4936 780.0
4937 780.0
4938 517.0
4939 251.0
4940 203.0
4941 524.0
4942 251.0
4943 247.0
4944 251.0
4945 251.0
4946 203.0
4947 780.0
4948 528.0
4949 584.0
4950 524.0
4951 159.0
4952 252.0
4953 346.0
4954 203.0
4955 516.0
4956 628.0
4957 203.0
4958 0.0
4959 251.0
4960 175.0
4961 413.0
4962 199.0
4963 251.0
4964 363.0
4965 203.0
4966 383.0
4967 780.0
4968 203.0
4969 528.0
4970 363.0
4971 629.0
4972 201.0
4973 203.0
4974 203.0
4975 252.0
4976 587.0
4977 381.0
4978 252.0
4979 528.0
4980 251.0
4981 251.0
4982 203.0
4983 489.0
4984 503.0
4985 251.0
4986 252.0
4987 516.0
4988 515.0
4989 98.0
4990 518.0
4991 203.0
4992 515.0
4993 251.0
4994 203.0
4995 251.0
4996 251.0
4997 207.0
4998 780.0
4999 524.0
5000 587.0
5001 453.0
5002 203.0
5003 316.0
5004 251.0
5005 203.0
5006 780.0
5007 429.0
5008 251.0
5009 0.0
5010 524.0
5011 251.0
5012 587.0
5013 480.0
5014 251.0
5015 251.0
5016 363.0
5017 383.0
5018 780.0
5019 251.0
5020 780.0
5021 310.0
5022 480.0
5023 422.0
5024 203.0
5025 476.0
5026 252.0
5027 203.0
5028 550.0
5029 631.0
5030 486.0
5031 203.0
5032 203.0
5033 203.0
5034 355.0
5035 300.0
5036 586.0
5037 516.0
5038 526.0
5039 450.0
5040 252.0
5041 515.0
5042 203.0
5043 528.0
5044 251.0
5045 203.0
5046 251.0
5047 252.0
5048 206.0
5049 780.0
5050 528.0
5051 355.0
5052 251.0
5053 203.0
5054 191.0
5055 525.0
5056 1.0
5057 780.0
5058 109.0
5059 203.0
5060 203.0
5061 251.0
5062 251.0
5063 252.0
5064 223.0
5065 165.0
5066 252.0
5067 203.0
5068 387.0
5069 780.0
5070 203.0
5071 780.0
5072 447.0
5073 252.0
5074 198.0
5075 204.0
5076 32.0
5077 631.0
5078 164.0
5079 252.0
5080 631.0
5081 519.0
5082 380.0
5083 527.0
5084 203.0
5085 542.0
5086 268.0
5087 252.0
5088 480.0
5089 526.0
5090 780.0
5091 251.0
5092 515.0
5093 203.0
5094 628.0
5095 251.0
5096 252.0
5097 251.0
5098 628.0
5099 207.0
5100 780.0
