1 38.0
2 33.0
3 169.0
4 204.0
5 6.0
6 25.0
7 114.0
8 0.0
9 0.0
10 32.0
11 0.0
12 0.0
13 160.0
14 30.0
15 204.0
16 32.0
17 98.0
18 169.0
19 203.0
20 25.0
21 0.0
22 38.0
23 0.0
24 169.0
25 38.0
26 0.0
27 32.0
28 33.0
29 0.0
30 103.0
31 0.0
32 0.0
33 0.0
34 30.0
35 32.0
36 204.0
37 169.0
38 32.0
39 180.0
40 204.0
41 0.0
42 38.0
43 0.0
44 44.0
45 25.0
46 185.0
47 38.0
48 0.0
49 32.0
50 6.0
51 204.0
52 38.0
53 169.0
54 38.0
55 204.0
56 204.0
57 114.0
58 114.0
59 103.0
60 0.0
61 32.0
62 0.0
63 193.0
64 160.0
65 30.0
66 204.0
67 32.0
68 169.0
69 87.0
70 203.0
71 180.0
72 174.0
73 38.0
74 169.0
75 169.0
76 180.0
77 38.0
78 169.0
79 33.0
80 103.0
81 103.0
82 103.0
83 0.0
84 229.0
85 32.0
86 204.0
87 204.0
88 103.0
89 180.0
90 203.0
91 204.0
92 0.0
93 38.0
94 0.0
95 44.0
96 180.0
97 185.0
98 180.0
99 30.0
100 32.0
101 38.0
102 229.0
103 169.0
104 169.0
105 32.0
106 204.0
107 33.0
108 33.0
109 114.0
110 98.0
111 169.0
112 32.0
113 30.0
114 98.0
115 193.0
116 203.0
117 204.0
118 204.0
119 174.0
120 203.0
121 203.0
122 30.0
123 33.0
124 174.0
125 169.0
126 169.0
127 169.0
128 32.0
129 164.0
130 169.0
131 103.0
132 103.0
133 109.0
134 33.0
135 203.0
136 32.0
137 203.0
138 204.0
139 180.0
140 204.0
141 203.0
142 204.0
143 6.0
144 38.0
145 25.0
146 180.0
147 180.0
148 185.0
149 185.0
150 0.0
151 32.0
152 32.0
153 229.0
154 196.0
155 169.0
156 33.0
157 204.0
158 33.0
159 31.0
160 114.0
161 109.0
162 103.0
163 30.0
164 33.0
165 160.0
166 32.0
167 203.0
168 204.0
169 204.0
170 169.0
171 203.0
172 203.0
173 203.0
174 38.0
175 174.0
176 30.0
177 180.0
178 180.0
179 6.0
180 32.0
181 32.0
182 30.0
183 109.0
184 109.0
185 6.0
186 203.0
187 160.0
188 203.0
189 204.0
190 0.0
191 203.0
192 38.0
193 204.0
194 0.0
195 38.0
196 191.0
197 20.0
198 32.0
199 185.0
200 185.0
201 174.0
202 0.0
203 180.0
204 229.0
205 191.0
206 180.0
207 32.0
208 204.0
209 0.0
210 204.0
211 114.0
212 32.0
213 158.0
214 169.0
215 141.0
216 33.0
217 0.0
218 38.0
219 204.0
220 104.0
221 44.0
222 203.0
223 203.0
224 38.0
225 32.0
226 174.0
227 38.0
228 180.0
229 49.0
230 169.0
231 169.0
232 32.0
233 103.0
234 109.0
235 109.0
236 9.0
237 25.0
238 32.0
239 49.0
240 204.0
241 204.0
242 203.0
243 203.0
244 204.0
245 0.0
246 202.0
247 33.0
248 33.0
249 191.0
250 185.0
251 185.0
252 174.0
253 185.0
254 203.0
255 229.0
256 202.0
257 251.0
258 32.0
259 204.0
260 49.0
261 33.0
262 204.0
263 109.0
264 169.0
265 32.0
266 0.0
267 169.0
268 33.0
269 204.0
270 204.0
271 104.0
272 158.0
273 203.0
274 203.0
275 25.0
276 32.0
277 174.0
278 180.0
279 180.0
280 169.0
281 169.0
282 0.0
283 169.0
284 33.0
285 109.0
286 109.0
287 9.0
288 11.0
289 13.0
290 203.0
291 204.0
292 204.0
293 180.0
294 203.0
295 204.0
296 0.0
297 218.0
298 191.0
299 203.0
300 180.0
301 180.0
302 185.0
303 0.0
304 203.0
305 203.0
306 251.0
307 203.0
308 251.0
309 38.0
310 204.0
311 103.0
312 33.0
313 33.0
314 38.0
315 98.0
316 180.0
317 241.0
318 33.0
319 32.0
320 204.0
321 204.0
322 203.0
323 203.0
324 203.0
325 203.0
326 180.0
327 14.0
328 174.0
329 180.0
330 180.0
331 180.0
332 169.0
333 32.0
334 32.0
335 103.0
336 109.0
337 109.0
338 9.0
339 203.0
340 5.0
341 204.0
342 204.0
343 204.0
344 0.0
345 203.0
346 204.0
347 32.0
348 191.0
349 202.0
350 0.0
351 169.0
352 191.0
353 185.0
354 0.0
355 203.0
356 203.0
357 251.0
358 38.0
359 180.0
360 180.0
361 204.0
362 49.0
363 33.0
364 33.0
365 33.0
366 114.0
367 241.0
368 32.0
369 33.0
370 203.0
371 38.0
372 204.0
373 203.0
374 203.0
375 203.0
376 203.0
377 25.0
378 0.0
379 49.0
380 38.0
381 180.0
382 180.0
383 0.0
384 169.0
385 32.0
386 32.0
387 109.0
388 109.0
389 6.0
390 0.0
391 222.0
392 204.0
393 204.0
394 204.0
395 203.0
396 180.0
397 204.0
398 184.0
399 184.0
400 165.0
401 32.0
402 3.0
403 180.0
404 191.0
405 164.0
406 191.0
407 203.0
408 251.0
409 185.0
410 251.0
411 180.0
412 204.0
413 17.0
414 33.0
415 103.0
416 204.0
417 143.0
418 143.0
419 251.0
420 241.0
421 30.0
422 38.0
423 204.0
424 32.0
425 169.0
426 203.0
427 203.0
428 203.0
429 0.0
430 174.0
431 38.0
432 180.0
433 169.0
434 32.0
435 174.0
436 164.0
437 103.0
438 109.0
439 109.0
440 9.0
441 30.0
442 221.0
443 32.0
444 204.0
445 204.0
446 180.0
447 17.0
448 204.0
449 184.0
450 184.0
451 184.0
452 180.0
453 0.0
454 180.0
455 191.0
456 0.0
457 203.0
458 203.0
459 251.0
460 180.0
461 185.0
462 251.0
463 204.0
464 251.0
465 33.0
466 33.0
467 33.0
468 0.0
469 30.0
470 208.0
471 231.0
472 169.0
473 204.0
474 204.0
475 204.0
476 203.0
477 203.0
478 203.0
479 203.0
480 0.0
481 174.0
482 191.0
483 180.0
484 169.0
485 169.0
486 32.0
487 169.0
488 103.0
489 109.0
490 109.0
491 33.0
492 203.0
493 291.0
494 203.0
495 204.0
496 204.0
497 0.0
498 203.0
499 204.0
500 184.0
501 191.0
502 206.0
503 32.0
504 180.0
505 180.0
506 180.0
507 0.0
508 203.0
509 203.0
510 291.0
511 38.0
512 38.0
513 251.0
514 251.0
515 251.0
516 191.0
517 33.0
518 33.0
519 157.0
520 38.0
521 241.0
522 315.0
523 32.0
524 204.0
525 204.0
526 203.0
527 163.0
528 203.0
529 203.0
530 180.0
531 25.0
532 169.0
533 180.0
534 180.0
535 49.0
536 169.0
537 164.0
538 169.0
539 98.0
540 103.0
541 109.0
542 33.0
543 7.0
544 257.0
545 33.0
546 204.0
547 204.0
548 203.0
549 203.0
550 204.0
551 184.0
552 191.0
553 206.0
554 14.0
555 169.0
556 109.0
557 180.0
558 0.0
559 203.0
560 203.0
561 315.0
562 38.0
563 251.0
564 251.0
565 49.0
566 49.0
567 49.0
568 33.0
569 204.0
570 169.0
571 232.0
572 180.0
573 243.0
574 0.0
575 38.0
576 204.0
577 203.0
578 98.0
579 203.0
580 203.0
581 203.0
582 204.0
583 169.0
584 38.0
585 49.0
586 38.0
587 17.0
588 169.0
589 0.0
590 32.0
591 109.0
592 109.0
593 3.0
594 25.0
595 214.0
596 32.0
597 204.0
598 204.0
599 28.0
600 23.0
601 204.0
602 184.0
603 202.0
604 184.0
605 169.0
606 32.0
607 180.0
608 191.0
609 0.0
610 203.0
611 203.0
612 315.0
613 203.0
614 185.0
615 38.0
616 251.0
617 0.0
618 49.0
619 204.0
620 33.0
621 0.0
622 169.0
623 103.0
624 231.0
625 32.0
626 38.0
627 204.0
628 104.0
629 103.0
630 203.0
631 203.0
632 204.0
633 186.0
634 158.0
635 38.0
636 180.0
637 169.0
638 6.0
639 164.0
640 169.0
641 103.0
642 103.0
643 109.0
644 0.0
645 38.0
646 255.0
647 203.0
648 204.0
649 204.0
650 203.0
651 203.0
652 204.0
653 213.0
654 191.0
655 191.0
656 180.0
657 32.0
658 180.0
659 191.0
660 0.0
661 203.0
662 203.0
663 315.0
664 44.0
665 251.0
666 251.0
667 49.0
668 251.0
669 0.0
670 33.0
671 204.0
672 157.0
673 169.0
674 180.0
675 251.0
676 0.0
677 204.0
678 204.0
679 104.0
680 203.0
681 203.0
682 186.0
683 186.0
684 186.0
685 174.0
686 180.0
687 180.0
688 180.0
689 169.0
690 32.0
691 169.0
692 103.0
693 109.0
694 109.0
695 103.0
696 203.0
697 0.0
698 204.0
699 204.0
700 204.0
701 203.0
702 203.0
703 185.0
704 173.0
705 191.0
706 278.0
707 20.0
708 0.0
709 185.0
710 180.0
711 0.0
712 203.0
713 203.0
714 315.0
715 203.0
716 251.0
717 251.0
718 251.0
719 49.0
720 204.0
721 203.0
722 33.0
723 143.0
724 143.0
725 251.0
726 315.0
727 30.0
728 38.0
729 204.0
730 203.0
731 98.0
732 203.0
733 25.0
734 204.0
735 25.0
736 186.0
737 180.0
738 191.0
739 49.0
740 169.0
741 203.0
742 164.0
743 32.0
744 109.0
745 109.0
746 175.0
747 38.0
748 214.0
749 32.0
750 204.0
751 204.0
752 30.0
753 203.0
754 191.0
755 175.0
756 213.0
757 236.0
758 169.0
759 32.0
760 180.0
761 191.0
762 0.0
763 203.0
764 203.0
765 315.0
766 38.0
767 38.0
768 251.0
769 251.0
770 251.0
771 191.0
772 204.0
773 33.0
774 169.0
775 180.0
776 169.0
777 315.0
778 0.0
779 38.0
780 204.0
781 33.0
782 98.0
783 87.0
784 30.0
785 204.0
786 25.0
787 38.0
788 38.0
789 38.0
790 180.0
791 169.0
792 38.0
793 33.0
794 32.0
795 103.0
796 38.0
797 9.0
798 9.0
799 7.0
800 201.0
801 204.0
802 0.0
803 0.0
804 203.0
805 177.0
806 184.0
807 165.0
808 278.0
809 207.0
810 180.0
811 180.0
812 191.0
813 0.0
814 185.0
815 203.0
816 315.0
817 38.0
818 38.0
819 251.0
820 251.0
821 49.0
822 251.0
823 204.0
824 33.0
825 32.0
826 169.0
827 203.0
828 315.0
829 14.0
830 204.0
831 204.0
832 30.0
833 203.0
834 203.0
835 186.0
836 204.0
837 186.0
838 174.0
839 180.0
840 180.0
841 180.0
842 33.0
843 204.0
844 164.0
845 103.0
846 109.0
847 204.0
848 33.0
849 32.0
850 25.0
851 251.0
852 204.0
853 204.0
854 204.0
855 203.0
856 258.0
857 184.0
858 191.0
859 206.0
860 153.0
861 32.0
862 191.0
863 191.0
864 0.0
865 203.0
866 203.0
867 315.0
868 203.0
869 251.0
870 251.0
871 251.0
872 251.0
873 49.0
874 0.0
875 32.0
876 143.0
877 38.0
878 251.0
879 315.0
880 30.0
881 204.0
882 204.0
883 33.0
884 103.0
885 203.0
886 204.0
887 186.0
888 186.0
889 191.0
890 180.0
891 180.0
892 38.0
893 33.0
894 203.0
895 32.0
896 103.0
897 109.0
898 203.0
899 33.0
900 25.0
901 255.0
902 161.0
903 251.0
904 204.0
905 204.0
906 251.0
907 251.0
908 173.0
909 213.0
910 229.0
911 232.0
912 169.0
913 180.0
914 191.0
915 0.0
916 203.0
917 203.0
918 315.0
919 38.0
920 251.0
921 251.0
922 251.0
923 251.0
924 251.0
925 251.0
926 33.0
927 0.0
928 274.0
929 33.0
930 315.0
931 32.0
932 38.0
933 204.0
934 204.0
935 109.0
936 203.0
937 203.0
938 204.0
939 0.0
940 38.0
941 38.0
942 191.0
943 180.0
944 169.0
945 204.0
946 33.0
947 169.0
948 204.0
949 38.0
950 103.0
951 133.0
952 203.0
953 251.0
954 33.0
955 150.0
956 251.0
957 203.0
958 266.0
959 96.0
960 32.0
961 157.0
962 203.0
963 38.0
964 180.0
965 180.0
966 0.0
967 185.0
968 203.0
969 315.0
970 38.0
971 38.0
972 251.0
973 251.0
974 251.0
975 251.0
976 49.0
977 33.0
978 232.0
979 32.0
980 251.0
981 315.0
982 30.0
983 204.0
984 204.0
985 203.0
986 203.0
987 30.0
988 204.0
989 204.0
990 186.0
991 186.0
992 38.0
993 180.0
994 180.0
995 0.0
996 43.0
997 44.0
998 0.0
999 203.0
1000 103.0
1001 193.0
1002 38.0
1003 25.0
1004 251.0
1005 203.0
1006 251.0
1007 206.0
1008 204.0
1009 258.0
1010 191.0
1011 191.0
1012 278.0
1013 203.0
1014 0.0
1015 191.0
1016 191.0
1017 0.0
1018 203.0
1019 203.0
1020 315.0
1021 43.0
1022 251.0
1023 251.0
1024 251.0
1025 251.0
1026 251.0
1027 0.0
1028 38.0
1029 204.0
1030 251.0
1031 98.0
1032 315.0
1033 0.0
1034 204.0
1035 204.0
1036 32.0
1037 204.0
1038 98.0
1039 204.0
1040 186.0
1041 186.0
1042 180.0
1043 38.0
1044 191.0
1045 180.0
1046 33.0
1047 203.0
1048 32.0
1049 109.0
1050 109.0
1051 103.0
1052 0.0
1053 32.0
1054 221.0
1055 331.0
1056 203.0
1057 251.0
1058 251.0
1059 191.0
1060 266.0
1061 191.0
1062 213.0
1063 206.0
1064 278.0
1065 191.0
1066 180.0
1067 191.0
1068 0.0
1069 203.0
1070 203.0
1071 331.0
1072 203.0
1073 251.0
1074 251.0
1075 49.0
1076 251.0
1077 49.0
1078 49.0
1079 251.0
1080 0.0
1081 38.0
1082 98.0
1083 315.0
1084 30.0
1085 204.0
1086 204.0
1087 204.0
1088 103.0
1089 98.0
1090 204.0
1091 204.0
1092 25.0
1093 44.0
1094 180.0
1095 180.0
1096 191.0
1097 33.0
1098 203.0
1099 203.0
1100 203.0
1101 204.0
1102 204.0
1103 103.0
1104 32.0
1105 38.0
1106 331.0
1107 30.0
1108 203.0
1109 251.0
1110 203.0
1111 266.0
1112 180.0
1113 164.0
1114 157.0
1115 251.0
1116 203.0
1117 180.0
1118 191.0
1119 0.0
1120 203.0
1121 203.0
1122 331.0
1123 203.0
1124 251.0
1125 251.0
1126 251.0
1127 251.0
1128 251.0
1129 49.0
1130 38.0
1131 204.0
1132 251.0
1133 315.0
1134 315.0
1135 104.0
1136 204.0
1137 204.0
1138 204.0
1139 203.0
1140 109.0
1141 204.0
1142 204.0
1143 14.0
1144 191.0
1145 38.0
1146 191.0
1147 25.0
1148 169.0
1149 38.0
1150 33.0
1151 0.0
1152 103.0
1153 109.0
1154 103.0
1155 38.0
1156 229.0
1157 331.0
1158 204.0
1159 203.0
1160 209.0
1161 251.0
1162 258.0
1163 191.0
1164 191.0
1165 157.0
1166 232.0
1167 32.0
1168 203.0
1169 180.0
1170 0.0
1171 180.0
1172 203.0
1173 331.0
1174 7.0
1175 251.0
1176 251.0
1177 251.0
1178 251.0
1179 251.0
1180 0.0
1181 33.0
1182 180.0
1183 98.0
1184 169.0
1185 315.0
1186 169.0
1187 38.0
1188 204.0
1189 104.0
1190 203.0
1191 93.0
1192 204.0
1193 204.0
1194 186.0
1195 180.0
1196 38.0
1197 191.0
1198 32.0
1199 203.0
1200 203.0
1201 204.0
1202 203.0
1203 203.0
1204 109.0
1205 33.0
1206 38.0
1207 160.0
1208 251.0
1209 203.0
1210 251.0
1211 251.0
1212 251.0
1213 260.0
1214 191.0
1215 165.0
1216 278.0
1217 134.0
1218 248.0
1219 296.0
1220 191.0
1221 0.0
1222 203.0
1223 203.0
1224 331.0
1225 30.0
1226 251.0
1227 251.0
1228 251.0
1229 251.0
1230 49.0
1231 49.0
1232 33.0
1233 180.0
1234 38.0
1235 98.0
1236 315.0
1237 169.0
1238 204.0
1239 204.0
1240 32.0
1241 103.0
1242 203.0
1243 204.0
1244 204.0
1245 186.0
1246 169.0
1247 25.0
1248 180.0
1249 195.0
1250 33.0
1251 203.0
1252 174.0
1253 203.0
1254 204.0
1255 203.0
1256 0.0
1257 33.0
1258 210.0
1259 256.0
1260 33.0
1261 251.0
1262 251.0
1263 251.0
1264 266.0
1265 203.0
1266 207.0
1267 206.0
1268 309.0
1269 203.0
1270 295.0
1271 295.0
1272 0.0
1273 203.0
1274 203.0
1275 331.0
1276 38.0
1277 251.0
1278 251.0
1279 251.0
1280 251.0
1281 49.0
1282 49.0
1283 104.0
1284 104.0
1285 232.0
1286 98.0
1287 315.0
1288 203.0
1289 204.0
1290 204.0
1291 203.0
1292 204.0
1293 203.0
1294 204.0
1295 204.0
1296 0.0
1297 169.0
1298 1.0
1299 204.0
1300 3.0
1301 33.0
1302 43.0
1303 33.0
1304 38.0
1305 103.0
1306 203.0
1307 103.0
1308 32.0
1309 197.0
1310 331.0
1311 248.0
1312 251.0
1313 251.0
1314 251.0
1315 266.0
1316 161.0
1317 191.0
1318 308.0
1319 309.0
1320 136.0
1321 296.0
1322 295.0
1323 0.0
1324 169.0
1325 203.0
1326 331.0
1327 203.0
1328 38.0
1329 251.0
1330 251.0
1331 251.0
1332 0.0
1333 204.0
1334 49.0
1335 0.0
1336 251.0
1337 315.0
1338 315.0
1339 32.0
1340 38.0
1341 204.0
1342 204.0
1343 204.0
1344 165.0
1345 204.0
1346 204.0
1347 186.0
1348 180.0
1349 38.0
1350 33.0
1351 33.0
1352 32.0
1353 204.0
1354 33.0
1355 109.0
1356 103.0
1357 38.0
1358 175.0
1359 203.0
1360 160.0
1361 331.0
1362 38.0
1363 204.0
1364 251.0
1365 140.0
1366 258.0
1367 191.0
1368 0.0
1369 134.0
1370 309.0
1371 251.0
1372 296.0
1373 234.0
1374 0.0
1375 169.0
1376 203.0
1377 331.0
1378 38.0
1379 251.0
1380 251.0
1381 251.0
1382 251.0
1383 49.0
1384 49.0
1385 33.0
1386 232.0
1387 98.0
1388 251.0
1389 315.0
1390 169.0
1391 204.0
1392 204.0
1393 32.0
1394 103.0
1395 204.0
1396 204.0
1397 204.0
1398 186.0
1399 180.0
1400 204.0
1401 203.0
1402 180.0
1403 32.0
1404 203.0
1405 174.0
1406 204.0
1407 0.0
1408 38.0
1409 0.0
1410 133.0
1411 210.0
1412 240.0
1413 251.0
1414 251.0
1415 251.0
1416 185.0
1417 258.0
1418 223.0
1419 191.0
1420 206.0
1421 309.0
1422 134.0
1423 296.0
1424 295.0
1425 0.0
1426 203.0
1427 203.0
1428 331.0
1429 203.0
1430 251.0
1431 251.0
1432 251.0
1433 251.0
1434 49.0
1435 49.0
1436 38.0
1437 204.0
1438 98.0
1439 253.0
1440 315.0
1441 180.0
1442 204.0
1443 204.0
1444 32.0
1445 203.0
1446 203.0
1447 204.0
1448 204.0
1449 25.0
1450 174.0
1451 174.0
1452 203.0
1453 203.0
1454 203.0
1455 43.0
1456 169.0
1457 203.0
1458 0.0
1459 103.0
1460 32.0
1461 30.0
1462 51.0
1463 251.0
1464 161.0
1465 251.0
1466 251.0
1467 203.0
1468 251.0
1469 191.0
1470 191.0
1471 278.0
1472 309.0
1473 153.0
1474 296.0
1475 203.0
1476 0.0
1477 169.0
1478 203.0
1479 331.0
1480 235.0
1481 251.0
1482 251.0
1483 251.0
1484 251.0
1485 49.0
1486 204.0
1487 169.0
1488 186.0
1489 33.0
1490 98.0
1491 315.0
1492 98.0
1493 38.0
1494 204.0
1495 29.0
1496 203.0
1497 244.0
1498 204.0
1499 204.0
1500 0.0
1501 180.0
1502 0.0
1503 38.0
1504 33.0
1505 203.0
1506 38.0
1507 33.0
1508 203.0
1509 175.0
1510 204.0
1511 33.0
1512 38.0
1513 248.0
1514 240.0
1515 248.0
1516 203.0
1517 251.0
1518 251.0
1519 258.0
1520 203.0
1521 191.0
1522 141.0
1523 309.0
1524 136.0
1525 296.0
1526 234.0
1527 0.0
1528 169.0
1529 203.0
1530 331.0
1531 38.0
1532 251.0
1533 251.0
1534 251.0
1535 251.0
1536 251.0
1537 191.0
1538 251.0
1539 0.0
1540 251.0
1541 98.0
1542 315.0
1543 32.0
1544 33.0
1545 204.0
1546 32.0
1547 169.0
1548 98.0
1549 172.0
1550 204.0
1551 204.0
1552 180.0
1553 174.0
1554 33.0
1555 38.0
1556 203.0
1557 203.0
1558 38.0
1559 109.0
1560 175.0
1561 109.0
1562 33.0
1563 38.0
1564 166.0
1565 331.0
1566 74.0
1567 203.0
1568 251.0
1569 177.0
1570 266.0
1571 191.0
1572 191.0
1573 141.0
1574 309.0
1575 296.0
1576 296.0
1577 295.0
1578 0.0
1579 203.0
1580 202.0
1581 331.0
1582 30.0
1583 251.0
1584 251.0
1585 251.0
1586 251.0
1587 49.0
1588 49.0
1589 212.0
1590 232.0
1591 87.0
1592 203.0
1593 315.0
1594 180.0
1595 204.0
1596 204.0
1597 203.0
1598 192.0
1599 98.0
1600 204.0
1601 204.0
1602 186.0
1603 174.0
1604 204.0
1605 33.0
1606 33.0
1607 33.0
1608 203.0
1609 32.0
1610 203.0
1611 0.0
1612 204.0
1613 0.0
1614 261.0
1615 251.0
1616 331.0
1617 161.0
1618 251.0
1619 251.0
1620 177.0
1621 266.0
1622 177.0
1623 207.0
1624 309.0
1625 309.0
1626 232.0
1627 296.0
1628 203.0
1629 0.0
1630 203.0
1631 32.0
1632 331.0
1633 30.0
1634 251.0
1635 251.0
1636 251.0
1637 251.0
1638 49.0
1639 0.0
1640 49.0
1641 204.0
1642 315.0
1643 251.0
1644 315.0
1645 180.0
1646 204.0
1647 204.0
1648 204.0
1649 203.0
1650 203.0
1651 204.0
1652 204.0
1653 186.0
1654 174.0
1655 0.0
1656 180.0
1657 33.0
1658 32.0
1659 203.0
1660 164.0
1661 203.0
1662 0.0
1663 203.0
1664 33.0
1665 203.0
1666 225.0
1667 240.0
1668 161.0
1669 203.0
1670 251.0
1671 203.0
1672 260.0
1673 32.0
1674 157.0
1675 213.0
1676 309.0
1677 309.0
1678 295.0
1679 104.0
1680 0.0
1681 180.0
1682 203.0
1683 331.0
1684 38.0
1685 251.0
1686 251.0
1687 251.0
1688 251.0
1689 251.0
1690 251.0
1691 251.0
1692 32.0
1693 33.0
1694 33.0
1695 315.0
1696 32.0
1697 204.0
1698 204.0
1699 104.0
1700 204.0
1701 181.0
1702 214.0
1703 204.0
1704 25.0
1705 180.0
1706 4.0
1707 38.0
1708 38.0
1709 203.0
1710 43.0
1711 33.0
1712 38.0
1713 103.0
1714 203.0
1715 175.0
1716 32.0
1717 254.0
1718 331.0
1719 204.0
1720 203.0
1721 251.0
1722 204.0
1723 266.0
1724 229.0
1725 191.0
1726 309.0
1727 134.0
1728 158.0
1729 153.0
1730 295.0
1731 0.0
1732 203.0
1733 203.0
1734 331.0
1735 49.0
1736 251.0
1737 251.0
1738 251.0
1739 251.0
1740 251.0
1741 251.0
1742 136.0
1743 226.0
1744 98.0
1745 220.0
1746 315.0
1747 203.0
1748 38.0
1749 204.0
1750 30.0
1751 203.0
1752 98.0
1753 98.0
1754 245.0
1755 186.0
1756 38.0
1757 174.0
1758 33.0
1759 32.0
1760 33.0
1761 203.0
1762 203.0
1763 109.0
1764 203.0
1765 38.0
1766 0.0
1767 133.0
1768 248.0
1769 240.0
1770 33.0
1771 251.0
1772 251.0
1773 204.0
1774 266.0
1775 188.0
1776 191.0
1777 309.0
1778 309.0
1779 161.0
1780 242.0
1781 295.0
1782 0.0
1783 203.0
1784 196.0
1785 331.0
1786 30.0
1787 251.0
1788 251.0
1789 251.0
1790 245.0
1791 251.0
1792 49.0
1793 251.0
1794 204.0
1795 253.0
1796 98.0
1797 315.0
1798 180.0
1799 204.0
1800 204.0
1801 204.0
1802 98.0
1803 204.0
1804 30.0
1805 98.0
1806 179.0
1807 174.0
1808 169.0
1809 32.0
1810 180.0
1811 203.0
1812 204.0
1813 32.0
1814 203.0
1815 204.0
1816 204.0
1817 0.0
1818 259.0
1819 221.0
1820 251.0
1821 30.0
1822 251.0
1823 251.0
1824 301.0
1825 266.0
1826 185.0
1827 202.0
1828 206.0
1829 309.0
1830 130.0
1831 140.0
1832 98.0
1833 203.0
1834 204.0
1835 32.0
1836 331.0
1837 203.0
1838 251.0
1839 251.0
1840 251.0
1841 251.0
1842 49.0
1843 0.0
1844 49.0
1845 205.0
1846 274.0
1847 251.0
1848 315.0
1849 109.0
1850 204.0
1851 204.0
1852 203.0
1853 204.0
1854 114.0
1855 228.0
1856 98.0
1857 203.0
1858 44.0
1859 203.0
1860 32.0
1861 33.0
1862 33.0
1863 43.0
1864 203.0
1865 203.0
1866 204.0
1867 203.0
1868 33.0
1869 32.0
1870 291.0
1871 331.0
1872 203.0
1873 203.0
1874 17.0
1875 251.0
1876 203.0
1877 6.0
1878 164.0
1879 308.0
1880 309.0
1881 206.0
1882 203.0
1883 203.0
1884 204.0
1885 180.0
1886 203.0
1887 331.0
1888 203.0
1889 251.0
1890 251.0
1891 251.0
1892 251.0
1893 251.0
1894 49.0
1895 251.0
1896 25.0
1897 98.0
1898 98.0
1899 315.0
1900 98.0
1901 38.0
1902 204.0
1903 33.0
1904 104.0
1905 98.0
1906 186.0
1907 93.0
1908 204.0
1909 191.0
1910 38.0
1911 204.0
1912 33.0
1913 33.0
1914 43.0
1915 38.0
1916 38.0
1917 203.0
1918 109.0
1919 33.0
1920 295.0
1921 248.0
1922 331.0
1923 92.0
1924 203.0
1925 251.0
1926 204.0
1927 251.0
1928 185.0
1929 164.0
1930 309.0
1931 272.0
1932 203.0
1933 32.0
1934 295.0
1935 203.0
1936 204.0
1937 196.0
1938 331.0
1939 49.0
1940 251.0
1941 251.0
1942 251.0
1943 251.0
1944 251.0
1945 251.0
1946 251.0
1947 98.0
1948 98.0
1949 98.0
1950 315.0
1951 98.0
1952 204.0
1953 204.0
1954 203.0
1955 98.0
1956 104.0
1957 215.0
1958 164.0
1959 183.0
1960 180.0
1961 169.0
1962 33.0
1963 30.0
1964 203.0
1965 203.0
1966 33.0
1967 109.0
1968 204.0
1969 203.0
1970 33.0
1971 132.0
1972 51.0
1973 240.0
1974 92.0
1975 251.0
1976 251.0
1977 191.0
1978 204.0
1979 203.0
1980 182.0
1981 309.0
1982 309.0
1983 264.0
1984 203.0
1985 295.0
1986 203.0
1987 203.0
1988 196.0
1989 331.0
1990 30.0
1991 251.0
1992 251.0
1993 251.0
1994 251.0
1995 49.0
1996 251.0
1997 251.0
1998 210.0
1999 231.0
2000 251.0
2001 315.0
2002 180.0
2003 204.0
2004 204.0
2005 204.0
2006 87.0
2007 186.0
2008 164.0
2009 98.0
2010 30.0
2011 174.0
2012 4.0
2013 38.0
2014 203.0
2015 203.0
2016 43.0
2017 32.0
2018 203.0
2019 204.0
2020 204.0
2021 0.0
2022 245.0
2023 214.0
2024 331.0
2025 161.0
2026 251.0
2027 251.0
2028 251.0
2029 204.0
2030 33.0
2031 165.0
2032 278.0
2033 309.0
2034 203.0
2035 203.0
2036 203.0
2037 204.0
2038 185.0
2039 30.0
2040 331.0
2041 203.0
2042 251.0
2043 251.0
2044 251.0
2045 251.0
2046 49.0
2047 49.0
2048 214.0
2049 251.0
2050 251.0
2051 98.0
2052 315.0
2053 109.0
2054 38.0
2055 204.0
2056 32.0
2057 98.0
2058 185.0
2059 203.0
2060 30.0
2061 203.0
2062 180.0
2063 32.0
2064 204.0
2065 33.0
2066 33.0
2067 203.0
2068 169.0
2069 109.0
2070 204.0
2071 38.0
2072 0.0
2073 30.0
2074 160.0
2075 331.0
2076 92.0
2077 204.0
2078 251.0
2079 203.0
2080 203.0
2081 185.0
2082 164.0
2083 308.0
2084 309.0
2085 279.0
2086 136.0
2087 203.0
2088 204.0
2089 169.0
2090 196.0
2091 331.0
2092 38.0
2093 251.0
2094 251.0
2095 251.0
2096 251.0
2097 251.0
2098 251.0
2099 251.0
2100 25.0
2101 308.0
2102 251.0
2103 315.0
2104 203.0
2105 204.0
2106 204.0
2107 204.0
2108 104.0
2109 87.0
2110 203.0
2111 30.0
2112 104.0
2113 191.0
2114 203.0
2115 33.0
2116 33.0
2117 38.0
2118 203.0
2119 33.0
2120 0.0
2121 204.0
2122 203.0
2123 103.0
2124 38.0
2125 225.0
2126 331.0
2127 92.0
2128 251.0
2129 251.0
2130 252.0
2131 251.0
2132 177.0
2133 164.0
2134 309.0
2135 272.0
2136 130.0
2137 174.0
2138 295.0
2139 158.0
2140 204.0
2141 202.0
2142 331.0
2143 38.0
2144 251.0
2145 251.0
2146 251.0
2147 251.0
2148 251.0
2149 251.0
2150 251.0
2151 38.0
2152 98.0
2153 251.0
2154 315.0
2155 180.0
2156 204.0
2157 204.0
2158 203.0
2159 32.0
2160 204.0
2161 98.0
2162 172.0
2163 174.0
2164 191.0
2165 33.0
2166 38.0
2167 180.0
2168 203.0
2169 204.0
2170 32.0
2171 204.0
2172 204.0
2173 203.0
2174 33.0
2175 32.0
2176 252.0
2177 251.0
2178 30.0
2179 204.0
2180 208.0
2181 301.0
2182 203.0
2183 177.0
2184 153.0
2185 309.0
2186 134.0
2187 309.0
2188 205.0
2189 295.0
2190 204.0
2191 203.0
2192 203.0
2193 331.0
2194 203.0
2195 251.0
2196 251.0
2197 251.0
2198 251.0
2199 49.0
2200 251.0
2201 251.0
2202 32.0
2203 231.0
2204 98.0
2205 315.0
2206 109.0
2207 204.0
2208 204.0
2209 204.0
2210 98.0
2211 98.0
2212 203.0
2213 164.0
2214 203.0
2215 186.0
2216 32.0
2217 38.0
2218 38.0
2219 38.0
2220 204.0
2221 169.0
2222 203.0
2223 204.0
2224 204.0
2225 0.0
2226 32.0
2227 251.0
2228 331.0
2229 92.0
2230 203.0
2231 251.0
2232 203.0
2233 203.0
2234 185.0
2235 202.0
2236 308.0
2237 309.0
2238 279.0
2239 279.0
2240 203.0
2241 204.0
2242 180.0
2243 32.0
2244 331.0
2245 235.0
2246 251.0
2247 251.0
2248 251.0
2249 251.0
2250 251.0
2251 49.0
2252 251.0
2253 32.0
2254 315.0
2255 98.0
2256 315.0
2257 169.0
2258 204.0
2259 204.0
2260 30.0
2261 98.0
2262 204.0
2263 204.0
2264 30.0
2265 32.0
2266 180.0
2267 33.0
2268 33.0
2269 38.0
2270 203.0
2271 203.0
2272 33.0
2273 203.0
2274 203.0
2275 38.0
2276 180.0
2277 38.0
2278 160.0
2279 331.0
2280 161.0
2281 251.0
2282 252.0
2283 251.0
2284 251.0
2285 33.0
2286 164.0
2287 308.0
2288 309.0
2289 309.0
2290 174.0
2291 295.0
2292 203.0
2293 180.0
2294 32.0
2295 331.0
2296 38.0
2297 251.0
2298 251.0
2299 251.0
2300 251.0
2301 251.0
2302 251.0
2303 251.0
2304 169.0
2305 308.0
2306 0.0
2307 315.0
2308 98.0
2309 204.0
2310 204.0
2311 29.0
2312 98.0
2313 98.0
2314 98.0
2315 98.0
2316 114.0
2317 180.0
2318 33.0
2319 203.0
2320 204.0
2321 203.0
2322 204.0
2323 33.0
2324 109.0
2325 204.0
2326 204.0
2327 33.0
2328 30.0
2329 149.0
2330 256.0
2331 92.0
2332 156.0
2333 208.0
2334 185.0
2335 251.0
2336 239.0
2337 221.0
2338 309.0
2339 309.0
2340 308.0
2341 203.0
2342 296.0
2343 0.0
2344 203.0
2345 169.0
2346 331.0
2347 38.0
2348 251.0
2349 251.0
2350 251.0
2351 251.0
2352 251.0
2353 251.0
2354 251.0
2355 32.0
2356 251.0
2357 98.0
2358 315.0
2359 251.0
2360 204.0
2361 204.0
2362 203.0
2363 98.0
2364 204.0
2365 30.0
2366 164.0
2367 30.0
2368 204.0
2369 203.0
2370 204.0
2371 38.0
2372 203.0
2373 43.0
2374 169.0
2375 204.0
2376 204.0
2377 203.0
2378 176.0
2379 32.0
2380 252.0
2381 240.0
2382 92.0
2383 208.0
2384 208.0
2385 241.0
2386 204.0
2387 191.0
2388 165.0
2389 308.0
2390 309.0
2391 309.0
2392 209.0
2393 25.0
2394 203.0
2395 203.0
2396 164.0
2397 331.0
2398 38.0
2399 251.0
2400 251.0
2401 251.0
2402 251.0
2403 49.0
2404 49.0
2405 251.0
2406 38.0
2407 251.0
2408 98.0
2409 315.0
2410 169.0
2411 241.0
2412 204.0
2413 204.0
2414 104.0
2415 93.0
2416 204.0
2417 30.0
2418 203.0
2419 180.0
2420 77.0
2421 44.0
2422 38.0
2423 203.0
2424 204.0
2425 32.0
2426 204.0
2427 203.0
2428 109.0
2429 32.0
2430 32.0
2431 160.0
2432 331.0
2433 248.0
2434 251.0
2435 208.0
2436 203.0
2437 203.0
2438 239.0
2439 217.0
2440 308.0
2441 309.0
2442 309.0
2443 225.0
2444 203.0
2445 203.0
2446 169.0
2447 32.0
2448 331.0
2449 203.0
2450 251.0
2451 251.0
2452 251.0
2453 251.0
2454 251.0
2455 251.0
2456 251.0
2457 32.0
2458 238.0
2459 251.0
2460 315.0
2461 169.0
2462 180.0
2463 204.0
2464 32.0
2465 32.0
2466 98.0
2467 30.0
2468 165.0
2469 93.0
2470 203.0
2471 0.0
2472 204.0
2473 203.0
2474 203.0
2475 204.0
2476 33.0
2477 109.0
2478 204.0
2479 204.0
2480 181.0
2481 38.0
2482 204.0
2483 331.0
2484 92.0
2485 252.0
2486 191.0
2487 203.0
2488 251.0
2489 185.0
2490 164.0
2491 308.0
2492 309.0
2493 308.0
2494 209.0
2495 295.0
2496 0.0
2497 191.0
2498 32.0
2499 331.0
2500 203.0
2501 251.0
2502 251.0
2503 251.0
2504 251.0
2505 251.0
2506 251.0
2507 251.0
2508 158.0
2509 98.0
2510 253.0
2511 315.0
2512 169.0
2513 203.0
2514 158.0
2515 204.0
2516 98.0
2517 186.0
2518 30.0
2519 165.0
2520 233.0
2521 180.0
2522 169.0
2523 203.0
2524 38.0
2525 203.0
2526 204.0
2527 33.0
2528 109.0
2529 204.0
2530 204.0
2531 33.0
2532 331.0
2533 204.0
2534 331.0
2535 203.0
2536 192.0
2537 208.0
2538 203.0
2539 185.0
2540 188.0
2541 191.0
2542 309.0
2543 309.0
2544 309.0
2545 205.0
2546 295.0
2547 204.0
2548 203.0
2549 169.0
2550 331.0
2551 203.0
2552 251.0
2553 251.0
2554 251.0
2555 251.0
2556 49.0
2557 251.0
2558 251.0
2559 32.0
2560 315.0
2561 98.0
2562 315.0
2563 315.0
2564 180.0
2565 204.0
2566 203.0
2567 98.0
2568 221.0
2569 186.0
2570 30.0
2571 98.0
2572 180.0
2573 32.0
2574 204.0
2575 204.0
2576 33.0
2577 204.0
2578 32.0
2579 204.0
2580 204.0
2581 204.0
2582 0.0
2583 203.0
2584 103.0
2585 251.0
2586 203.0
2587 192.0
2588 208.0
2589 192.0
2590 251.0
2591 191.0
2592 218.0
2593 309.0
2594 309.0
2595 279.0
2596 174.0
2597 296.0
2598 204.0
2599 203.0
2600 203.0
2601 331.0
2602 235.0
2603 251.0
2604 251.0
2605 251.0
2606 251.0
2607 251.0
2608 251.0
2609 251.0
2610 38.0
2611 251.0
2612 247.0
2613 315.0
2614 231.0
2615 315.0
2616 33.0
2617 104.0
2618 98.0
2619 98.0
2620 30.0
2621 172.0
2622 98.0
2623 180.0
2624 0.0
2625 204.0
2626 203.0
2627 203.0
2628 204.0
2629 32.0
2630 204.0
2631 203.0
2632 204.0
2633 0.0
2634 331.0
2635 92.0
2636 251.0
2637 30.0
2638 251.0
2639 208.0
2640 192.0
2641 203.0
2642 191.0
2643 221.0
2644 308.0
2645 309.0
2646 130.0
2647 174.0
2648 203.0
2649 203.0
2650 169.0
2651 0.0
2652 331.0
2653 203.0
2654 251.0
2655 251.0
2656 245.0
2657 251.0
2658 251.0
2659 251.0
2660 251.0
2661 32.0
2662 315.0
2663 251.0
2664 315.0
2665 98.0
2666 231.0
2667 315.0
2668 30.0
2669 104.0
2670 244.0
2671 214.0
2672 164.0
2673 204.0
2674 180.0
2675 33.0
2676 203.0
2677 203.0
2678 32.0
2679 204.0
2680 33.0
2681 204.0
2682 204.0
2683 204.0
2684 0.0
2685 132.0
2686 256.0
2687 331.0
2688 92.0
2689 192.0
2690 205.0
2691 208.0
2692 204.0
2693 173.0
2694 164.0
2695 309.0
2696 309.0
2697 315.0
2698 205.0
2699 295.0
2700 307.0
2701 32.0
2702 0.0
2703 331.0
2704 38.0
2705 251.0
2706 251.0
2707 251.0
2708 251.0
2709 251.0
2710 251.0
2711 251.0
2712 32.0
2713 315.0
2714 251.0
2715 315.0
2716 315.0
2717 303.0
2718 109.0
2719 169.0
2720 87.0
2721 104.0
2722 93.0
2723 30.0
2724 186.0
2725 180.0
2726 203.0
2727 204.0
2728 38.0
2729 203.0
2730 204.0
2731 169.0
2732 203.0
2733 204.0
2734 204.0
2735 0.0
2736 132.0
2737 203.0
2738 331.0
2739 92.0
2740 192.0
2741 208.0
2742 203.0
2743 203.0
2744 188.0
2745 165.0
2746 309.0
2747 264.0
2748 308.0
2749 30.0
2750 296.0
2751 158.0
2752 203.0
2753 169.0
2754 331.0
2755 30.0
2756 251.0
2757 251.0
2758 251.0
2759 251.0
2760 251.0
2761 251.0
2762 251.0
2763 222.0
2764 251.0
2765 98.0
2766 315.0
2767 169.0
2768 315.0
2769 169.0
2770 98.0
2771 98.0
2772 104.0
2773 30.0
2774 30.0
2775 98.0
2776 180.0
2777 32.0
2778 204.0
2779 38.0
2780 33.0
2781 204.0
2782 32.0
2783 204.0
2784 204.0
2785 204.0
2786 0.0
2787 132.0
2788 92.0
2789 251.0
2790 92.0
2791 252.0
2792 208.0
2793 192.0
2794 203.0
2795 191.0
2796 221.0
2797 308.0
2798 160.0
2799 205.0
2800 174.0
2801 307.0
2802 203.0
2803 203.0
2804 203.0
2805 331.0
2806 203.0
2807 251.0
2808 251.0
2809 251.0
2810 251.0
2811 251.0
2812 49.0
2813 251.0
2814 251.0
2815 251.0
2816 98.0
2817 315.0
2818 315.0
2819 169.0
2820 32.0
2821 49.0
2822 98.0
2823 98.0
2824 30.0
2825 165.0
2826 98.0
2827 169.0
2828 32.0
2829 203.0
2830 38.0
2831 33.0
2832 204.0
2833 33.0
2834 204.0
2835 204.0
2836 204.0
2837 0.0
2838 331.0
2839 33.0
2840 240.0
2841 204.0
2842 252.0
2843 208.0
2844 192.0
2845 192.0
2846 248.0
2847 139.0
2848 308.0
2849 309.0
2850 205.0
2851 205.0
2852 151.0
2853 307.0
2854 0.0
2855 6.0
2856 331.0
2857 203.0
2858 251.0
2859 251.0
2860 245.0
2861 251.0
2862 251.0
2863 251.0
2864 251.0
2865 169.0
2866 315.0
2867 33.0
2868 315.0
2869 305.0
2870 169.0
2871 251.0
2872 109.0
2873 103.0
2874 244.0
2875 164.0
2876 172.0
2877 241.0
2878 169.0
2879 203.0
2880 204.0
2881 203.0
2882 204.0
2883 204.0
2884 164.0
2885 203.0
2886 204.0
2887 204.0
2888 103.0
2889 331.0
2890 203.0
2891 331.0
2892 203.0
2893 192.0
2894 205.0
2895 203.0
2896 251.0
2897 33.0
2898 165.0
2899 309.0
2900 315.0
2901 308.0
2902 205.0
2903 296.0
2904 0.0
2905 0.0
2906 169.0
2907 331.0
2908 203.0
2909 251.0
2910 251.0
2911 251.0
2912 251.0
2913 251.0
2914 251.0
2915 251.0
2916 158.0
2917 308.0
2918 98.0
2919 315.0
2920 169.0
2921 180.0
2922 109.0
2923 98.0
2924 197.0
2925 186.0
2926 93.0
2927 30.0
2928 30.0
2929 186.0
2930 204.0
2931 204.0
2932 38.0
2933 180.0
2934 204.0
2935 164.0
2936 204.0
2937 204.0
2938 204.0
2939 38.0
2940 132.0
2941 92.0
2942 331.0
2943 92.0
2944 0.0
2945 191.0
2946 203.0
2947 251.0
2948 191.0
2949 134.0
2950 308.0
2951 205.0
2952 308.0
2953 227.0
2954 307.0
2955 203.0
2956 201.0
2957 0.0
2958 331.0
2959 203.0
2960 251.0
2961 251.0
2962 251.0
2963 251.0
2964 251.0
2965 251.0
2966 251.0
2967 204.0
2968 231.0
2969 98.0
2970 315.0
2971 169.0
2972 169.0
2973 169.0
2974 33.0
2975 203.0
2976 98.0
2977 186.0
2978 30.0
2979 30.0
2980 180.0
2981 204.0
2982 204.0
2983 38.0
2984 180.0
2985 204.0
2986 38.0
2987 204.0
2988 203.0
2989 204.0
2990 103.0
2991 132.0
2992 92.0
2993 240.0
2994 30.0
2995 252.0
2996 208.0
2997 192.0
2998 192.0
2999 33.0
3000 164.0
3001 308.0
3002 309.0
3003 264.0
3004 224.0
3005 227.0
3006 0.0
3007 307.0
3008 0.0
3009 331.0
3010 203.0
3011 251.0
3012 251.0
3013 251.0
3014 251.0
3015 251.0
3016 251.0
3017 251.0
3018 293.0
3019 315.0
3020 253.0
3021 315.0
3022 315.0
3023 169.0
3024 315.0
3025 109.0
3026 98.0
3027 186.0
3028 98.0
3029 98.0
3030 43.0
3031 180.0
3032 203.0
3033 204.0
3034 203.0
3035 203.0
3036 204.0
3037 33.0
3038 109.0
3039 203.0
3040 204.0
3041 32.0
3042 331.0
3043 203.0
3044 240.0
3045 92.0
3046 192.0
3047 205.0
3048 203.0
3049 203.0
3050 180.0
3051 221.0
3052 315.0
3053 309.0
3054 205.0
3055 205.0
3056 296.0
3057 203.0
3058 203.0
3059 203.0
3060 331.0
3061 229.0
3062 251.0
3063 251.0
3064 251.0
3065 49.0
3066 251.0
3067 251.0
3068 0.0
3069 158.0
3070 233.0
3071 251.0
3072 315.0
3073 98.0
3074 315.0
3075 109.0
3076 109.0
3077 203.0
3078 204.0
3079 98.0
3080 30.0
3081 104.0
3082 169.0
3083 203.0
3084 204.0
3085 204.0
3086 33.0
3087 204.0
3088 43.0
3089 204.0
3090 204.0
3091 204.0
3092 0.0
3093 295.0
3094 203.0
3095 331.0
3096 203.0
3097 251.0
3098 208.0
3099 208.0
3100 208.0
3101 248.0
3102 191.0
3103 205.0
3104 232.0
3105 308.0
3106 224.0
3107 307.0
3108 203.0
3109 227.0
3110 185.0
3111 331.0
3112 30.0
3113 251.0
3114 251.0
3115 251.0
3116 251.0
3117 251.0
3118 251.0
3119 0.0
3120 220.0
3121 231.0
3122 203.0
3123 315.0
3124 231.0
3125 180.0
3126 109.0
3127 203.0
3128 204.0
3129 98.0
3130 203.0
3131 30.0
3132 164.0
3133 169.0
3134 204.0
3135 204.0
3136 38.0
3137 180.0
3138 204.0
3139 32.0
3140 204.0
3141 204.0
3142 204.0
3143 234.0
3144 132.0
3145 92.0
3146 251.0
3147 203.0
3148 252.0
3149 208.0
3150 192.0
3151 203.0
3152 191.0
3153 173.0
3154 308.0
3155 205.0
3156 308.0
3157 203.0
3158 307.0
3159 0.0
3160 227.0
3161 169.0
3162 331.0
3163 203.0
3164 251.0
3165 251.0
3166 251.0
3167 49.0
3168 251.0
3169 251.0
3170 251.0
3171 38.0
3172 251.0
3173 315.0
3174 315.0
3175 251.0
3176 315.0
3177 315.0
3178 315.0
3179 103.0
3180 98.0
3181 203.0
3182 164.0
3183 8.0
3184 169.0
3185 204.0
3186 204.0
3187 203.0
3188 33.0
3189 204.0
3190 33.0
3191 203.0
3192 204.0
3193 0.0
3194 33.0
3195 266.0
3196 92.0
3197 251.0
3198 92.0
3199 192.0
3200 251.0
3201 251.0
3202 203.0
3203 204.0
3204 221.0
3205 308.0
3206 279.0
3207 130.0
3208 224.0
3209 307.0
3210 296.0
3211 203.0
3212 203.0
3213 331.0
3214 203.0
3215 251.0
3216 251.0
3217 251.0
3218 49.0
3219 251.0
3220 251.0
3221 164.0
3222 1.0
3223 308.0
3224 253.0
3225 315.0
3226 315.0
3227 251.0
3228 169.0
3229 109.0
3230 98.0
3231 203.0
3232 98.0
3233 172.0
3234 186.0
3235 169.0
3236 204.0
3237 204.0
3238 38.0
3239 38.0
3240 204.0
3241 33.0
3242 109.0
3243 204.0
3244 204.0
3245 38.0
3246 331.0
3247 203.0
3248 331.0
3249 30.0
3250 192.0
3251 191.0
3252 203.0
3253 208.0
3254 188.0
3255 217.0
3256 205.0
3257 232.0
3258 130.0
3259 227.0
3260 296.0
3261 203.0
3262 0.0
3263 191.0
3264 331.0
3265 235.0
3266 251.0
3267 251.0
3268 251.0
3269 251.0
3270 251.0
3271 251.0
3272 251.0
3273 109.0
3274 231.0
3275 315.0
3276 315.0
3277 231.0
3278 315.0
3279 169.0
3280 315.0
3281 98.0
3282 98.0
3283 98.0
3284 30.0
3285 30.0
3286 186.0
3287 204.0
3288 204.0
3289 38.0
3290 32.0
3291 204.0
3292 164.0
3293 203.0
3294 204.0
3295 203.0
3296 0.0
3297 38.0
3298 160.0
3299 331.0
3300 203.0
3301 192.0
3302 251.0
3303 192.0
3304 203.0
3305 191.0
3306 153.0
3307 205.0
3308 309.0
3309 308.0
3310 225.0
3311 296.0
3312 203.0
3313 307.0
3314 6.0
3315 331.0
3316 235.0
3317 251.0
3318 251.0
3319 251.0
3320 0.0
3321 251.0
3322 251.0
3323 251.0
3324 38.0
3325 233.0
3326 203.0
3327 315.0
3328 169.0
3329 315.0
3330 109.0
3331 158.0
3332 98.0
3333 98.0
3334 203.0
3335 172.0
3336 172.0
3337 169.0
3338 204.0
3339 204.0
3340 203.0
3341 203.0
3342 204.0
3343 33.0
3344 203.0
3345 204.0
3346 2.0
3347 81.0
3348 331.0
3349 92.0
3350 251.0
3351 33.0
3352 252.0
3353 252.0
3354 192.0
3355 192.0
3356 191.0
3357 221.0
3358 308.0
3359 309.0
3360 309.0
3361 205.0
3362 201.0
3363 203.0
3364 203.0
3365 180.0
3366 331.0
3367 38.0
3368 251.0
3369 251.0
3370 251.0
3371 251.0
3372 251.0
3373 251.0
3374 191.0
3375 162.0
3376 98.0
3377 169.0
3378 315.0
3379 315.0
3380 315.0
3381 315.0
3382 251.0
3383 169.0
3384 186.0
3385 30.0
3386 172.0
3387 30.0
3388 32.0
3389 204.0
3390 204.0
3391 203.0
3392 203.0
3393 204.0
3394 44.0
3395 109.0
3396 204.0
3397 2.0
3398 87.0
3399 331.0
3400 203.0
3401 331.0
3402 33.0
3403 192.0
3404 208.0
3405 251.0
3406 221.0
3407 275.0
3408 221.0
3409 315.0
3410 205.0
3411 315.0
3412 205.0
3413 176.0
3414 180.0
3415 307.0
3416 169.0
3417 331.0
3418 203.0
3419 251.0
3420 251.0
3421 251.0
3422 251.0
3423 49.0
3424 251.0
3425 251.0
3426 192.0
3427 315.0
3428 203.0
3429 315.0
3430 315.0
3431 315.0
3432 169.0
3433 109.0
3434 98.0
3435 203.0
3436 98.0
3437 30.0
3438 104.0
3439 158.0
3440 203.0
3441 204.0
3442 180.0
3443 204.0
3444 204.0
3445 43.0
3446 203.0
3447 204.0
3448 204.0
3449 38.0
3450 132.0
3451 92.0
3452 331.0
3453 203.0
3454 192.0
3455 251.0
3456 251.0
3457 203.0
3458 191.0
3459 153.0
3460 205.0
3461 130.0
3462 308.0
3463 227.0
3464 227.0
3465 151.0
3466 227.0
3467 169.0
3468 331.0
3469 235.0
3470 251.0
3471 251.0
3472 251.0
3473 0.0
3474 49.0
3475 251.0
3476 251.0
3477 38.0
3478 231.0
3479 220.0
3480 315.0
3481 315.0
3482 315.0
3483 109.0
3484 240.0
3485 180.0
3486 98.0
3487 30.0
3488 155.0
3489 93.0
3490 225.0
3491 204.0
3492 204.0
3493 204.0
3494 38.0
3495 204.0
3496 33.0
3497 109.0
3498 204.0
3499 38.0
3500 81.0
3501 331.0
3502 203.0
3503 251.0
3504 219.0
3505 251.0
3506 208.0
3507 203.0
3508 203.0
3509 177.0
3510 221.0
3511 315.0
3512 308.0
3513 309.0
3514 187.0
3515 296.0
3516 203.0
3517 307.0
3518 169.0
3519 331.0
3520 203.0
3521 251.0
3522 251.0
3523 251.0
3524 251.0
3525 251.0
3526 251.0
3527 191.0
3528 0.0
3529 308.0
3530 253.0
3531 315.0
3532 251.0
3533 315.0
3534 109.0
3535 169.0
3536 169.0
3537 172.0
3538 204.0
3539 215.0
3540 164.0
3541 169.0
3542 169.0
3543 204.0
3544 38.0
3545 203.0
3546 204.0
3547 33.0
3548 204.0
3549 204.0
3550 124.0
3551 248.0
3552 132.0
3553 203.0
3554 331.0
3555 161.0
3556 192.0
3557 252.0
3558 251.0
3559 192.0
3560 32.0
3561 217.0
3562 315.0
3563 309.0
3564 315.0
3565 224.0
3566 296.0
3567 203.0
3568 203.0
3569 169.0
3570 331.0
3571 203.0
3572 251.0
3573 251.0
3574 251.0
3575 251.0
3576 251.0
3577 251.0
3578 251.0
3579 109.0
3580 315.0
3581 253.0
3582 315.0
3583 315.0
3584 315.0
3585 315.0
3586 109.0
3587 98.0
3588 98.0
3589 164.0
3590 165.0
3591 214.0
3592 169.0
3593 158.0
3594 204.0
3595 204.0
3596 203.0
3597 204.0
3598 33.0
3599 204.0
3600 204.0
3601 203.0
3602 0.0
3603 132.0
3604 203.0
3605 331.0
3606 395.0
3607 192.0
3608 252.0
3609 251.0
3610 203.0
3611 188.0
3612 0.0
3613 315.0
3614 205.0
3615 130.0
3616 136.0
3617 0.0
3618 201.0
3619 203.0
3620 169.0
3621 395.0
3622 30.0
3623 251.0
3624 251.0
3625 251.0
3626 49.0
3627 49.0
3628 251.0
3629 191.0
3630 38.0
3631 251.0
3632 231.0
3633 315.0
3634 315.0
3635 315.0
3636 315.0
3637 32.0
3638 98.0
3639 250.0
3640 30.0
3641 30.0
3642 186.0
3643 169.0
3644 203.0
3645 204.0
3646 38.0
3647 203.0
3648 204.0
3649 33.0
3650 204.0
3651 204.0
3652 203.0
3653 186.0
3654 331.0
3655 241.0
3656 248.0
3657 51.0
3658 192.0
3659 208.0
3660 203.0
3661 208.0
3662 191.0
3663 184.0
3664 315.0
3665 309.0
3666 308.0
3667 227.0
3668 296.0
3669 0.0
3670 307.0
3671 180.0
3672 395.0
3673 258.0
3674 251.0
3675 251.0
3676 251.0
3677 251.0
3678 251.0
3679 251.0
3680 251.0
3681 109.0
3682 315.0
3683 231.0
3684 315.0
3685 315.0
3686 251.0
3687 109.0
3688 240.0
3689 169.0
3690 165.0
3691 204.0
3692 98.0
3693 186.0
3694 169.0
3695 169.0
3696 204.0
3697 203.0
3698 204.0
3699 204.0
3700 44.0
3701 109.0
3702 204.0
3703 0.0
3704 331.0
3705 261.0
3706 203.0
3707 219.0
3708 248.0
3709 192.0
3710 251.0
3711 192.0
3712 251.0
3713 177.0
3714 221.0
3715 315.0
3716 309.0
3717 308.0
3718 209.0
3719 307.0
3720 0.0
3721 307.0
3722 169.0
3723 395.0
3724 38.0
3725 32.0
3726 251.0
3727 251.0
3728 251.0
3729 251.0
3730 251.0
3731 164.0
3732 38.0
3733 315.0
3734 169.0
3735 315.0
3736 315.0
3737 315.0
3738 315.0
3739 109.0
3740 98.0
3741 228.0
3742 87.0
3743 98.0
3744 98.0
3745 169.0
3746 0.0
3747 204.0
3748 204.0
3749 203.0
3750 204.0
3751 32.0
3752 204.0
3753 204.0
3754 2.0
3755 87.0
3756 132.0
3757 203.0
3758 297.0
3759 161.0
3760 192.0
3761 208.0
3762 251.0
3763 203.0
3764 251.0
3765 184.0
3766 315.0
3767 205.0
3768 315.0
3769 205.0
3770 194.0
3771 203.0
3772 203.0
3773 169.0
3774 395.0
3775 38.0
3776 203.0
3777 251.0
3778 251.0
3779 251.0
3780 251.0
3781 251.0
3782 251.0
3783 1.0
3784 251.0
3785 203.0
3786 315.0
3787 231.0
3788 315.0
3789 315.0
3790 109.0
3791 169.0
3792 244.0
3793 30.0
3794 186.0
3795 98.0
3796 169.0
3797 169.0
3798 204.0
3799 38.0
3800 203.0
3801 204.0
3802 203.0
3803 204.0
3804 204.0
3805 203.0
3806 81.0
3807 331.0
3808 203.0
3809 248.0
3810 261.0
3811 252.0
3812 252.0
3813 203.0
3814 192.0
3815 191.0
3816 153.0
3817 315.0
3818 308.0
3819 205.0
3820 227.0
3821 307.0
3822 0.0
3823 203.0
3824 0.0
3825 395.0
3826 203.0
3827 165.0
3828 251.0
3829 251.0
3830 251.0
3831 251.0
3832 251.0
3833 32.0
3834 1.0
3835 251.0
3836 203.0
3837 315.0
3838 315.0
3839 303.0
3840 180.0
3841 32.0
3842 169.0
3843 172.0
3844 214.0
3845 30.0
3846 164.0
3847 169.0
3848 208.0
3849 204.0
3850 203.0
3851 203.0
3852 204.0
3853 38.0
3854 109.0
3855 204.0
3856 203.0
3857 133.0
3858 292.0
3859 203.0
3860 248.0
3861 261.0
3862 203.0
3863 251.0
3864 192.0
3865 192.0
3866 191.0
3867 221.0
3868 315.0
3869 315.0
3870 315.0
3871 227.0
3872 296.0
3873 203.0
3874 307.0
3875 180.0
3876 395.0
3877 38.0
3878 38.0
3879 251.0
3880 251.0
3881 251.0
3882 251.0
3883 251.0
3884 251.0
3885 109.0
3886 238.0
3887 253.0
3888 315.0
3889 315.0
3890 315.0
3891 180.0
3892 169.0
3893 169.0
3894 172.0
3895 245.0
3896 98.0
3897 93.0
3898 169.0
3899 169.0
3900 180.0
3901 204.0
3902 203.0
3903 204.0
3904 203.0
3905 203.0
3906 204.0
3907 204.0
3908 331.0
3909 331.0
3910 203.0
3911 212.0
3912 161.0
3913 205.0
3914 213.0
3915 252.0
3916 251.0
3917 191.0
3918 184.0
3919 315.0
3920 315.0
3921 315.0
3922 224.0
3923 227.0
3924 296.0
3925 307.0
3926 98.0
3927 395.0
3928 38.0
3929 38.0
3930 251.0
3931 251.0
3932 251.0
3933 251.0
3934 251.0
3935 251.0
3936 109.0
3937 315.0
3938 251.0
3939 315.0
3940 251.0
3941 315.0
3942 180.0
3943 315.0
3944 98.0
3945 228.0
3946 87.0
3947 98.0
3948 8.0
3949 169.0
3950 169.0
3951 38.0
3952 44.0
3953 203.0
3954 204.0
3955 33.0
3956 204.0
3957 204.0
3958 162.0
3959 81.0
3960 132.0
3961 203.0
3962 248.0
3963 246.0
3964 192.0
3965 208.0
3966 203.0
3967 251.0
3968 32.0
3969 217.0
3970 315.0
3971 315.0
3972 315.0
3973 205.0
3974 227.0
3975 156.0
3976 203.0
3977 169.0
3978 395.0
3979 203.0
3980 38.0
3981 251.0
3982 251.0
3983 251.0
3984 251.0
3985 251.0
3986 251.0
3987 109.0
3988 231.0
3989 315.0
3990 315.0
3991 315.0
3992 303.0
3993 315.0
3994 32.0
3995 169.0
3996 239.0
3997 30.0
3998 204.0
3999 186.0
4000 169.0
4001 169.0
4002 169.0
4003 204.0
4004 203.0
4005 204.0
4006 38.0
4007 203.0
4008 204.0
4009 203.0
4010 331.0
4011 331.0
4012 251.0
4013 248.0
4014 266.0
4015 252.0
4016 209.0
4017 203.0
4018 203.0
4019 191.0
4020 221.0
4021 315.0
4022 308.0
4023 205.0
4024 224.0
4025 296.0
4026 191.0
4027 203.0
4028 180.0
4029 395.0
4030 251.0
4031 258.0
4032 251.0
4033 251.0
4034 251.0
4035 251.0
4036 251.0
4037 0.0
4038 109.0
4039 315.0
4040 233.0
4041 315.0
4042 315.0
4043 315.0
4044 315.0
4045 32.0
4046 204.0
4047 185.0
4048 93.0
4049 203.0
4050 30.0
4051 169.0
4052 169.0
4053 208.0
4054 204.0
4055 33.0
4056 204.0
4057 203.0
4058 109.0
4059 204.0
4060 114.0
4061 133.0
4062 331.0
4063 203.0
4064 219.0
4065 270.0
4066 0.0
4067 208.0
4068 192.0
4069 192.0
4070 191.0
4071 184.0
4072 315.0
4073 308.0
4074 315.0
4075 174.0
4076 296.0
4077 203.0
4078 307.0
4079 180.0
4080 395.0
4081 38.0
4082 38.0
4083 49.0
4084 251.0
4085 251.0
4086 251.0
4087 251.0
4088 251.0
4089 38.0
4090 238.0
4091 315.0
4092 315.0
4093 315.0
4094 315.0
4095 180.0
4096 169.0
4097 169.0
4098 185.0
4099 109.0
4100 98.0
4101 30.0
4102 169.0
4103 169.0
4104 225.0
4105 234.0
4106 203.0
4107 204.0
4108 203.0
4109 204.0
4110 204.0
4111 0.0
4112 81.0
4113 132.0
4114 203.0
4115 75.0
4116 160.0
4117 205.0
4118 208.0
4119 140.0
4120 251.0
4121 32.0
4122 221.0
4123 315.0
4124 315.0
4125 315.0
4126 224.0
4127 307.0
4128 203.0
4129 307.0
4130 169.0
4131 395.0
4132 235.0
4133 251.0
4134 38.0
4135 251.0
4136 251.0
4137 251.0
4138 251.0
4139 164.0
4140 1.0
4141 231.0
4142 315.0
4143 315.0
4144 315.0
4145 303.0
4146 109.0
4147 169.0
4148 109.0
4149 244.0
4150 114.0
4151 203.0
4152 204.0
4153 169.0
4154 177.0
4155 235.0
4156 169.0
4157 234.0
4158 204.0
4159 204.0
4160 204.0
4161 204.0
4162 203.0
4163 261.0
4164 132.0
4165 203.0
4166 251.0
4167 161.0
4168 192.0
4169 191.0
4170 203.0
4171 203.0
4172 191.0
4173 221.0
4174 315.0
4175 308.0
4176 315.0
4177 209.0
4178 227.0
4179 0.0
4180 203.0
4181 32.0
4182 395.0
4183 203.0
4184 38.0
4185 49.0
4186 251.0
4187 251.0
4188 251.0
4189 251.0
4190 251.0
4191 1.0
4192 231.0
4193 231.0
4194 315.0
4195 315.0
4196 315.0
4197 109.0
4198 98.0
4199 98.0
4200 244.0
4201 109.0
4202 30.0
4203 30.0
4204 169.0
4205 169.0
4206 235.0
4207 169.0
4208 169.0
4209 169.0
4210 38.0
4211 109.0
4212 204.0
4213 132.0
4214 331.0
4215 132.0
4216 203.0
4217 13.0
4218 161.0
4219 251.0
4220 205.0
4221 203.0
4222 203.0
4223 191.0
4224 134.0
4225 315.0
4226 315.0
4227 205.0
4228 227.0
4229 227.0
4230 158.0
4231 307.0
4232 106.0
4233 395.0
4234 38.0
4235 38.0
4236 38.0
4237 251.0
4238 251.0
4239 251.0
4240 251.0
4241 32.0
4242 220.0
4243 251.0
4244 315.0
4245 315.0
4246 315.0
4247 315.0
4248 315.0
4249 32.0
4250 169.0
4251 250.0
4252 87.0
4253 98.0
4254 98.0
4255 169.0
4256 169.0
4257 225.0
4258 169.0
4259 175.0
4260 0.0
4261 203.0
4262 204.0
4263 204.0
4264 203.0
4265 331.0
4266 30.0
4267 33.0
4268 248.0
4269 51.0
4270 251.0
4271 251.0
4272 192.0
4273 192.0
4274 191.0
4275 164.0
4276 315.0
4277 315.0
4278 315.0
4279 203.0
4280 296.0
4281 204.0
4282 307.0
4283 180.0
4284 395.0
4285 38.0
4286 38.0
4287 38.0
4288 251.0
4289 251.0
4290 251.0
4291 251.0
4292 251.0
4293 109.0
4294 98.0
4295 251.0
4296 315.0
4297 315.0
4298 315.0
4299 315.0
4300 315.0
4301 169.0
4302 185.0
4303 180.0
4304 93.0
4305 204.0
4306 158.0
4307 225.0
4308 225.0
4309 234.0
4310 169.0
4311 169.0
4312 33.0
4313 203.0
4314 204.0
4315 203.0
4316 81.0
4317 259.0
4318 203.0
4319 331.0
4320 239.0
4321 251.0
4322 208.0
4323 251.0
4324 251.0
4325 185.0
4326 164.0
4327 315.0
4328 308.0
4329 315.0
4330 224.0
4331 227.0
4332 158.0
4333 203.0
4334 251.0
4335 395.0
4336 38.0
4337 43.0
4338 38.0
4339 251.0
4340 251.0
4341 251.0
4342 251.0
4343 164.0
4344 220.0
4345 98.0
4346 315.0
4347 315.0
4348 315.0
4349 315.0
4350 109.0
4351 109.0
4352 169.0
4353 250.0
4354 230.0
4355 114.0
4356 98.0
4357 169.0
4358 235.0
4359 179.0
4360 234.0
4361 169.0
4362 235.0
4363 203.0
4364 109.0
4365 204.0
4366 0.0
4367 331.0
4368 132.0
4369 203.0
4370 248.0
4371 161.0
4372 1.0
4373 205.0
4374 43.0
4375 251.0
4376 188.0
4377 134.0
4378 315.0
4379 315.0
4380 315.0
4381 205.0
4382 307.0
4383 0.0
4384 307.0
4385 169.0
4386 395.0
4387 258.0
4388 49.0
4389 33.0
4390 251.0
4391 251.0
4392 251.0
4393 251.0
4394 25.0
4395 169.0
4396 231.0
4397 231.0
4398 315.0
4399 315.0
4400 315.0
4401 109.0
4402 219.0
4403 169.0
4404 244.0
4405 214.0
4406 172.0
4407 93.0
4408 251.0
4409 169.0
4410 225.0
4411 169.0
4412 225.0
4413 169.0
4414 234.0
4415 109.0
4416 204.0
4417 203.0
4418 266.0
4419 331.0
4420 203.0
4421 381.0
4422 251.0
4423 251.0
4424 208.0
4425 208.0
4426 251.0
4427 191.0
4428 221.0
4429 315.0
4430 315.0
4431 315.0
4432 227.0
4433 296.0
4434 203.0
4435 307.0
4436 227.0
4437 395.0
4438 203.0
4439 38.0
4440 251.0
4441 251.0
4442 251.0
4443 251.0
4444 251.0
4445 227.0
4446 1.0
4447 251.0
4448 315.0
4449 315.0
4450 315.0
4451 315.0
4452 251.0
4453 203.0
4454 169.0
4455 250.0
4456 159.0
4457 98.0
4458 0.0
4459 180.0
4460 169.0
4461 235.0
4462 169.0
4463 208.0
4464 235.0
4465 169.0
4466 169.0
4467 204.0
4468 203.0
4469 247.0
4470 295.0
4471 92.0
4472 13.0
4473 201.0
4474 208.0
4475 208.0
4476 192.0
4477 203.0
4478 191.0
4479 221.0
4480 315.0
4481 308.0
4482 315.0
4483 225.0
4484 227.0
4485 203.0
4486 203.0
4487 126.0
4488 395.0
4489 203.0
4490 38.0
4491 38.0
4492 251.0
4493 251.0
4494 251.0
4495 251.0
4496 251.0
4497 274.0
4498 308.0
4499 315.0
4500 315.0
4501 315.0
4502 315.0
4503 109.0
4504 219.0
4505 169.0
4506 185.0
4507 87.0
4508 98.0
4509 251.0
4510 180.0
4511 225.0
4512 235.0
4513 208.0
4514 169.0
4515 234.0
4516 169.0
4517 210.0
4518 204.0
4519 124.0
4520 331.0
4521 132.0
4522 203.0
4523 221.0
4524 293.0
4525 1.0
4526 191.0
4527 192.0
4528 203.0
4529 177.0
4530 153.0
4531 315.0
4532 315.0
4533 315.0
4534 205.0
4535 227.0
4536 0.0
4537 307.0
4538 251.0
4539 395.0
4540 38.0
4541 229.0
4542 38.0
4543 251.0
4544 251.0
4545 251.0
4546 251.0
4547 164.0
4548 169.0
4549 231.0
4550 231.0
4551 315.0
4552 315.0
4553 315.0
4554 315.0
4555 109.0
4556 169.0
4557 244.0
4558 240.0
4559 235.0
4560 251.0
4561 169.0
4562 234.0
4563 225.0
4564 169.0
4565 235.0
4566 235.0
4567 169.0
4568 169.0
4569 169.0
4570 85.0
4571 81.0
4572 259.0
4573 203.0
4574 219.0
4575 33.0
4576 251.0
4577 191.0
4578 208.0
4579 192.0
4580 275.0
4581 134.0
4582 315.0
4583 315.0
4584 205.0
4585 209.0
4586 307.0
4587 158.0
4588 307.0
4589 180.0
4590 395.0
4591 38.0
4592 38.0
4593 251.0
4594 251.0
4595 251.0
4596 251.0
4597 251.0
4598 32.0
4599 251.0
4600 315.0
4601 315.0
4602 315.0
4603 315.0
4604 315.0
4605 315.0
4606 32.0
4607 169.0
4608 172.0
4609 240.0
4610 0.0
4611 251.0
4612 169.0
4613 169.0
4614 235.0
4615 235.0
4616 235.0
4617 235.0
4618 169.0
4619 164.0
4620 203.0
4621 38.0
4622 247.0
4623 132.0
4624 92.0
4625 225.0
4626 198.0
4627 114.0
4628 208.0
4629 192.0
4630 203.0
4631 191.0
4632 221.0
4633 315.0
4634 315.0
4635 315.0
4636 174.0
4637 296.0
4638 203.0
4639 203.0
4640 169.0
4641 395.0
4642 49.0
4643 38.0
4644 33.0
4645 251.0
4646 251.0
4647 251.0
4648 251.0
4649 32.0
4650 241.0
4651 238.0
4652 315.0
4653 315.0
4654 315.0
4655 315.0
4656 315.0
4657 169.0
4658 169.0
4659 244.0
4660 87.0
4661 251.0
4662 0.0
4663 180.0
4664 169.0
4665 179.0
4666 0.0
4667 235.0
4668 235.0
4669 169.0
4670 164.0
4671 228.0
4672 204.0
4673 331.0
4674 132.0
4675 203.0
4676 381.0
4677 210.0
4678 251.0
4679 191.0
4680 203.0
4681 185.0
4682 315.0
4683 203.0
4684 315.0
4685 315.0
4686 315.0
4687 205.0
4688 227.0
4689 204.0
4690 203.0
4691 0.0
4692 395.0
4693 43.0
4694 258.0
4695 251.0
4696 251.0
4697 251.0
4698 251.0
4699 251.0
4700 164.0
4701 98.0
4702 251.0
4703 315.0
4704 315.0
4705 315.0
4706 315.0
4707 109.0
4708 240.0
4709 98.0
4710 244.0
4711 245.0
4712 251.0
4713 251.0
4714 33.0
4715 169.0
4716 235.0
4717 169.0
4718 169.0
4719 234.0
4720 32.0
4721 180.0
4722 169.0
4723 204.0
4724 81.0
4725 203.0
4726 203.0
4727 219.0
4728 161.0
4729 191.0
4730 191.0
4731 203.0
4732 203.0
4733 275.0
4734 184.0
4735 315.0
4736 315.0
4737 315.0
4738 93.0
4739 227.0
4740 204.0
4741 307.0
4742 38.0
4743 395.0
4744 165.0
4745 38.0
4746 38.0
4747 251.0
4748 251.0
4749 251.0
4750 251.0
4751 0.0
4752 0.0
4753 251.0
4754 315.0
4755 315.0
4756 315.0
4757 315.0
4758 315.0
4759 33.0
4760 169.0
4761 185.0
4762 180.0
4763 0.0
4764 169.0
4765 169.0
4766 169.0
4767 225.0
4768 169.0
4769 235.0
4770 225.0
4771 158.0
4772 240.0
4773 158.0
4774 124.0
4775 331.0
4776 331.0
4777 203.0
4778 218.0
4779 161.0
4780 205.0
4781 208.0
4782 203.0
4783 38.0
4784 315.0
4785 221.0
4786 315.0
4787 315.0
4788 315.0
4789 327.0
4790 296.0
4791 32.0
4792 203.0
4793 251.0
4794 395.0
4795 38.0
4796 49.0
4797 203.0
4798 251.0
4799 251.0
4800 251.0
4801 251.0
4802 6.0
4803 169.0
4804 253.0
4805 315.0
4806 315.0
4807 315.0
4808 251.0
4809 251.0
4810 180.0
4811 169.0
4812 244.0
4813 158.0
4814 0.0
4815 251.0
4816 169.0
4817 169.0
4818 225.0
4819 169.0
4820 235.0
4821 169.0
4822 115.0
4823 169.0
4824 203.0
4825 73.0
4826 331.0
4827 132.0
4828 92.0
4829 395.0
4830 395.0
4831 251.0
4832 17.0
4833 204.0
4834 140.0
4835 191.0
4836 221.0
4837 315.0
4838 315.0
4839 205.0
4840 174.0
4841 174.0
4842 0.0
4843 307.0
4844 222.0
4845 395.0
4846 251.0
4847 38.0
4848 251.0
4849 251.0
4850 251.0
4851 251.0
4852 251.0
4853 12.0
4854 98.0
4855 98.0
4856 315.0
4857 315.0
4858 315.0
4859 251.0
4860 109.0
4861 109.0
4862 169.0
4863 185.0
4864 0.0
4865 251.0
4866 0.0
4867 180.0
4868 169.0
4869 179.0
4870 169.0
4871 235.0
4872 225.0
4873 115.0
4874 229.0
4875 180.0
4876 203.0
4877 315.0
4878 288.0
4879 204.0
4880 221.0
4881 38.0
4882 251.0
4883 208.0
4884 191.0
4885 252.0
4886 275.0
4887 221.0
4888 315.0
4889 315.0
4890 136.0
4891 136.0
4892 174.0
4893 203.0
4894 307.0
4895 251.0
4896 395.0
4897 49.0
4898 38.0
4899 251.0
4900 251.0
4901 251.0
4902 251.0
4903 251.0
4904 12.0
4905 220.0
4906 251.0
4907 315.0
4908 315.0
4909 315.0
4910 180.0
4911 109.0
4912 315.0
4913 169.0
4914 250.0
4915 169.0
4916 251.0
4917 251.0
4918 169.0
4919 169.0
4920 179.0
4921 158.0
4922 235.0
4923 235.0
4924 169.0
4925 194.0
4926 158.0
4927 203.0
4928 331.0
4929 249.0
4930 203.0
4931 225.0
4932 161.0
4933 191.0
4934 46.0
4935 251.0
4936 203.0
4937 203.0
4938 164.0
4939 315.0
4940 315.0
4941 174.0
4942 98.0
4943 32.0
4944 0.0
4945 203.0
4946 180.0
4947 395.0
4948 49.0
4949 38.0
4950 38.0
4951 251.0
4952 251.0
4953 251.0
4954 251.0
4955 32.0
4956 288.0
4957 231.0
4958 315.0
4959 315.0
4960 315.0
4961 169.0
4962 158.0
4963 169.0
4964 169.0
4965 244.0
4966 0.0
4967 0.0
4968 251.0
4969 169.0
4970 169.0
4971 225.0
4972 169.0
4973 235.0
4974 235.0
4975 175.0
4976 169.0
4977 169.0
4978 0.0
4979 331.0
4980 38.0
4981 203.0
4982 395.0
4983 246.0
4984 251.0
4985 208.0
4986 251.0
4987 204.0
4988 191.0
4989 153.0
4990 315.0
4991 315.0
4992 169.0
4993 225.0
4994 205.0
4995 30.0
4996 203.0
4997 0.0
4998 395.0
4999 38.0
5000 165.0
5001 38.0
5002 251.0
5003 251.0
5004 251.0
5005 251.0
5006 6.0
5007 315.0
5008 238.0
5009 315.0
5010 315.0
5011 315.0
5012 315.0
5013 231.0
5014 315.0
5015 169.0
5016 250.0
5017 189.0
5018 0.0
5019 0.0
5020 169.0
5021 235.0
5022 235.0
5023 169.0
5024 235.0
5025 225.0
5026 223.0
5027 235.0
5028 158.0
5029 0.0
5030 331.0
5031 203.0
5032 203.0
5033 219.0
5034 212.0
5035 0.0
5036 191.0
5037 177.0
5038 140.0
5039 191.0
5040 221.0
5041 315.0
5042 315.0
5043 326.0
5044 225.0
5045 307.0
5046 203.0
5047 307.0
5048 251.0
5049 395.0
5050 38.0
5051 38.0
5052 251.0
5053 251.0
5054 251.0
5055 251.0
5056 251.0
5057 142.0
5058 253.0
5059 308.0
5060 315.0
5061 315.0
5062 315.0
5063 180.0
5064 109.0
5065 109.0
5066 169.0
5067 250.0
5068 251.0
5069 251.0
5070 0.0
5071 227.0
5072 199.0
5073 235.0
5074 158.0
5075 235.0
5076 225.0
5077 158.0
5078 194.0
5079 180.0
5080 0.0
5081 331.0
5082 32.0
5083 203.0
5084 395.0
5085 161.0
5086 191.0
5087 252.0
5088 203.0
5089 185.0
5090 177.0
5091 153.0
5092 315.0
5093 136.0
5094 174.0
5095 205.0
5096 174.0
5097 204.0
5098 307.0
5099 169.0
5100 395.0
