1 17.0
2 251.0
3 0.0
4 193.0
5 0.0
6 32.0
7 30.0
8 0.0
9 32.0
10 98.0
11 98.0
12 49.0
13 145.0
14 204.0
15 33.0
16 109.0
17 87.0
18 0.0
19 87.0
20 180.0
21 32.0
22 32.0
23 185.0
24 180.0
25 25.0
26 33.0
27 32.0
28 0.0
29 0.0
30 49.0
31 187.0
32 204.0
33 109.0
34 30.0
35 32.0
36 191.0
37 203.0
38 203.0
39 203.0
40 203.0
41 180.0
42 33.0
43 315.0
44 44.0
45 32.0
46 0.0
47 203.0
48 30.0
49 44.0
50 0.0
51 315.0
52 186.0
53 251.0
54 169.0
55 193.0
56 0.0
57 32.0
58 32.0
59 0.0
60 98.0
61 98.0
62 98.0
63 32.0
64 203.0
65 204.0
66 203.0
67 109.0
68 104.0
69 0.0
70 6.0
71 180.0
72 38.0
73 185.0
74 185.0
75 38.0
76 180.0
77 33.0
78 203.0
79 32.0
80 186.0
81 180.0
82 204.0
83 204.0
84 203.0
85 31.0
86 191.0
87 203.0
88 203.0
89 203.0
90 203.0
91 203.0
92 9.0
93 203.0
94 315.0
95 193.0
96 44.0
97 203.0
98 203.0
99 203.0
100 44.0
101 114.0
102 315.0
103 191.0
104 251.0
105 38.0
106 193.0
107 0.0
108 32.0
109 32.0
110 0.0
111 180.0
112 98.0
113 98.0
114 32.0
115 203.0
116 204.0
117 32.0
118 203.0
119 104.0
120 104.0
121 6.0
122 180.0
123 109.0
124 0.0
125 185.0
126 38.0
127 32.0
128 55.0
129 203.0
130 1.0
131 203.0
132 33.0
133 204.0
134 204.0
135 32.0
136 92.0
137 32.0
138 104.0
139 203.0
140 203.0
141 203.0
142 203.0
143 204.0
144 0.0
145 315.0
146 290.0
147 203.0
148 25.0
149 203.0
150 0.0
151 0.0
152 175.0
153 315.0
154 191.0
155 251.0
156 38.0
157 193.0
158 203.0
159 32.0
160 32.0
161 203.0
162 169.0
163 175.0
164 98.0
165 203.0
166 204.0
167 204.0
168 33.0
169 204.0
170 203.0
171 104.0
172 185.0
173 180.0
174 0.0
175 38.0
176 185.0
177 38.0
178 180.0
179 30.0
180 204.0
181 203.0
182 203.0
183 203.0
184 204.0
185 204.0
186 32.0
187 30.0
188 203.0
189 203.0
190 203.0
191 203.0
192 203.0
193 204.0
194 204.0
195 0.0
196 315.0
197 315.0
198 38.0
199 0.0
200 203.0
201 203.0
202 30.0
203 0.0
204 315.0
205 169.0
206 251.0
207 0.0
208 203.0
209 203.0
210 203.0
211 175.0
212 203.0
213 203.0
214 169.0
215 203.0
216 203.0
217 30.0
218 204.0
219 204.0
220 204.0
221 204.0
222 33.0
223 87.0
224 203.0
225 109.0
226 98.0
227 185.0
228 180.0
229 180.0
230 204.0
231 55.0
232 38.0
233 49.0
234 104.0
235 251.0
236 204.0
237 103.0
238 203.0
239 203.0
240 203.0
241 203.0
242 203.0
243 203.0
244 203.0
245 169.0
246 170.0
247 315.0
248 251.0
249 6.0
250 203.0
251 203.0
252 0.0
253 0.0
254 186.0
255 315.0
256 186.0
257 251.0
258 38.0
259 203.0
260 203.0
261 203.0
262 203.0
263 203.0
264 203.0
265 203.0
266 203.0
267 32.0
268 203.0
269 204.0
270 204.0
271 204.0
272 204.0
273 103.0
274 203.0
275 87.0
276 169.0
277 0.0
278 185.0
279 180.0
280 38.0
281 55.0
282 204.0
283 180.0
284 114.0
285 204.0
286 187.0
287 251.0
288 204.0
289 203.0
290 174.0
291 203.0
292 203.0
293 203.0
294 203.0
295 204.0
296 169.0
297 0.0
298 315.0
299 315.0
300 32.0
301 203.0
302 203.0
303 0.0
304 203.0
305 203.0
306 315.0
307 191.0
308 251.0
309 32.0
310 203.0
311 40.0
312 203.0
313 203.0
314 33.0
315 180.0
316 203.0
317 203.0
318 203.0
319 203.0
320 204.0
321 204.0
322 204.0
323 204.0
324 204.0
325 180.0
326 203.0
327 0.0
328 0.0
329 185.0
330 180.0
331 30.0
332 8.0
333 8.0
334 169.0
335 1.0
336 32.0
337 1.0
338 203.0
339 0.0
340 203.0
341 32.0
342 203.0
343 203.0
344 203.0
345 204.0
346 203.0
347 204.0
348 0.0
349 315.0
350 315.0
351 0.0
352 25.0
353 203.0
354 174.0
355 203.0
356 38.0
357 315.0
358 203.0
359 251.0
360 0.0
361 203.0
362 203.0
363 203.0
364 203.0
365 203.0
366 180.0
367 32.0
368 203.0
369 203.0
370 203.0
371 204.0
372 203.0
373 203.0
374 204.0
375 203.0
376 204.0
377 180.0
378 0.0
379 38.0
380 185.0
381 203.0
382 98.0
383 55.0
384 8.0
385 204.0
386 169.0
387 104.0
388 204.0
389 204.0
390 3.0
391 203.0
392 174.0
393 203.0
394 203.0
395 203.0
396 203.0
397 203.0
398 204.0
399 203.0
400 315.0
401 251.0
402 169.0
403 25.0
404 203.0
405 0.0
406 -1.0
407 33.0
408 315.0
409 17.0
410 251.0
411 0.0
412 203.0
413 203.0
414 203.0
415 169.0
416 203.0
417 203.0
418 203.0
419 203.0
420 33.0
421 32.0
422 204.0
423 204.0
424 204.0
425 204.0
426 103.0
427 204.0
428 204.0
429 204.0
430 38.0
431 203.0
432 203.0
433 204.0
434 203.0
435 204.0
436 204.0
437 203.0
438 104.0
439 176.0
440 204.0
441 32.0
442 203.0
443 174.0
444 203.0
445 203.0
446 204.0
447 203.0
448 204.0
449 203.0
450 219.0
451 315.0
452 270.0
453 203.0
454 203.0
455 203.0
456 0.0
457 -1.0
458 203.0
459 315.0
460 191.0
461 251.0
462 0.0
463 203.0
464 40.0
465 203.0
466 203.0
467 203.0
468 203.0
469 203.0
470 203.0
471 32.0
472 98.0
473 204.0
474 204.0
475 204.0
476 204.0
477 103.0
478 204.0
479 204.0
480 38.0
481 0.0
482 203.0
483 38.0
484 1.0
485 203.0
486 204.0
487 163.0
488 49.0
489 32.0
490 176.0
491 204.0
492 32.0
493 203.0
494 203.0
495 203.0
496 203.0
497 204.0
498 203.0
499 30.0
500 32.0
501 251.0
502 315.0
503 289.0
504 30.0
505 38.0
506 203.0
507 0.0
508 44.0
509 203.0
510 315.0
511 203.0
512 251.0
513 0.0
514 203.0
515 203.0
516 203.0
517 203.0
518 30.0
519 180.0
520 203.0
521 203.0
522 33.0
523 203.0
524 204.0
525 204.0
526 203.0
527 204.0
528 30.0
529 203.0
530 204.0
531 174.0
532 109.0
533 203.0
534 0.0
535 180.0
536 30.0
537 204.0
538 163.0
539 158.0
540 32.0
541 204.0
542 203.0
543 203.0
544 203.0
545 203.0
546 203.0
547 203.0
548 204.0
549 203.0
550 203.0
551 203.0
552 203.0
553 315.0
554 315.0
555 203.0
556 25.0
557 203.0
558 203.0
559 203.0
560 103.0
561 315.0
562 203.0
563 251.0
564 38.0
565 11.0
566 203.0
567 203.0
568 175.0
569 203.0
570 203.0
571 169.0
572 203.0
573 203.0
574 98.0
575 204.0
576 203.0
577 203.0
578 204.0
579 204.0
580 204.0
581 204.0
582 185.0
583 33.0
584 38.0
585 32.0
586 204.0
587 30.0
588 204.0
589 204.0
590 49.0
591 104.0
592 204.0
593 204.0
594 203.0
595 203.0
596 203.0
597 203.0
598 203.0
599 204.0
600 32.0
601 204.0
602 31.0
603 161.0
604 315.0
605 251.0
606 180.0
607 25.0
608 203.0
609 203.0
610 -1.0
611 30.0
612 315.0
613 169.0
614 251.0
615 0.0
616 203.0
617 203.0
618 203.0
619 169.0
620 203.0
621 203.0
622 203.0
623 203.0
624 203.0
625 169.0
626 204.0
627 203.0
628 204.0
629 204.0
630 103.0
631 204.0
632 204.0
633 109.0
634 30.0
635 203.0
636 32.0
637 1.0
638 55.0
639 204.0
640 204.0
641 158.0
642 1.0
643 203.0
644 204.0
645 30.0
646 203.0
647 203.0
648 204.0
649 204.0
650 204.0
651 203.0
652 204.0
653 203.0
654 219.0
655 315.0
656 240.0
657 38.0
658 0.0
659 203.0
660 0.0
661 203.0
662 32.0
663 315.0
664 203.0
665 251.0
666 0.0
667 203.0
668 40.0
669 203.0
670 203.0
671 30.0
672 203.0
673 203.0
674 203.0
675 33.0
676 203.0
677 204.0
678 204.0
679 203.0
680 204.0
681 32.0
682 204.0
683 204.0
684 204.0
685 38.0
686 203.0
687 203.0
688 240.0
689 203.0
690 204.0
691 169.0
692 203.0
693 33.0
694 203.0
695 187.0
696 203.0
697 203.0
698 98.0
699 93.0
700 204.0
701 204.0
702 203.0
703 204.0
704 203.0
705 251.0
706 315.0
707 278.0
708 203.0
709 203.0
710 203.0
711 203.0
712 203.0
713 33.0
714 315.0
715 191.0
716 251.0
717 0.0
718 9.0
719 203.0
720 203.0
721 203.0
722 203.0
723 180.0
724 203.0
725 203.0
726 203.0
727 204.0
728 204.0
729 204.0
730 203.0
731 204.0
732 203.0
733 204.0
734 204.0
735 174.0
736 33.0
737 180.0
738 32.0
739 204.0
740 240.0
741 204.0
742 163.0
743 203.0
744 98.0
745 204.0
746 203.0
747 25.0
748 204.0
749 203.0
750 104.0
751 204.0
752 204.0
753 203.0
754 203.0
755 204.0
756 0.0
757 315.0
758 269.0
759 180.0
760 25.0
761 203.0
762 203.0
763 -1.0
764 38.0
765 315.0
766 60.0
767 251.0
768 169.0
769 203.0
770 203.0
771 203.0
772 98.0
773 203.0
774 180.0
775 203.0
776 203.0
777 33.0
778 32.0
779 204.0
780 203.0
781 204.0
782 204.0
783 103.0
784 204.0
785 204.0
786 38.0
787 203.0
788 203.0
789 33.0
790 204.0
791 203.0
792 240.0
793 204.0
794 204.0
795 104.0
796 204.0
797 204.0
798 0.0
799 203.0
800 203.0
801 203.0
802 203.0
803 204.0
804 203.0
805 204.0
806 203.0
807 203.0
808 315.0
809 0.0
810 32.0
811 14.0
812 203.0
813 0.0
814 203.0
815 30.0
816 315.0
817 191.0
818 251.0
819 0.0
820 193.0
821 203.0
822 203.0
823 203.0
824 203.0
825 203.0
826 203.0
827 203.0
828 32.0
829 204.0
830 204.0
831 203.0
832 204.0
833 204.0
834 104.0
835 204.0
836 204.0
837 204.0
838 203.0
839 203.0
840 203.0
841 240.0
842 240.0
843 203.0
844 204.0
845 203.0
846 33.0
847 203.0
848 204.0
849 204.0
850 32.0
851 104.0
852 203.0
853 204.0
854 204.0
855 203.0
856 271.0
857 204.0
858 228.0
859 315.0
860 315.0
861 32.0
862 14.0
863 203.0
864 0.0
865 203.0
866 191.0
867 315.0
868 203.0
869 251.0
870 0.0
871 0.0
872 203.0
873 203.0
874 203.0
875 203.0
876 203.0
877 203.0
878 203.0
879 203.0
880 203.0
881 204.0
882 204.0
883 204.0
884 204.0
885 204.0
886 204.0
887 204.0
888 174.0
889 203.0
890 191.0
891 203.0
892 1.0
893 8.0
894 204.0
895 203.0
896 204.0
897 33.0
898 204.0
899 203.0
900 1.0
901 203.0
902 203.0
903 93.0
904 204.0
905 204.0
906 203.0
907 203.0
908 204.0
909 315.0
910 315.0
911 278.0
912 180.0
913 38.0
914 203.0
915 169.0
916 203.0
917 191.0
918 315.0
919 60.0
920 251.0
921 0.0
922 203.0
923 203.0
924 203.0
925 98.0
926 203.0
927 203.0
928 203.0
929 203.0
930 32.0
931 204.0
932 204.0
933 204.0
934 204.0
935 204.0
936 103.0
937 204.0
938 204.0
939 109.0
940 32.0
941 191.0
942 174.0
943 204.0
944 240.0
945 240.0
946 204.0
947 204.0
948 203.0
949 203.0
950 204.0
951 204.0
952 32.0
953 203.0
954 203.0
955 204.0
956 204.0
957 203.0
958 204.0
959 38.0
960 0.0
961 315.0
962 315.0
963 32.0
964 0.0
965 203.0
966 -1.0
967 203.0
968 204.0
969 315.0
970 60.0
971 251.0
972 0.0
973 203.0
974 203.0
975 203.0
976 203.0
977 203.0
978 180.0
979 203.0
980 203.0
981 0.0
982 32.0
983 204.0
984 204.0
985 204.0
986 204.0
987 204.0
988 204.0
989 204.0
990 38.0
991 204.0
992 203.0
993 204.0
994 240.0
995 240.0
996 203.0
997 204.0
998 203.0
999 158.0
1000 204.0
1001 251.0
1002 176.0
1003 203.0
1004 104.0
1005 203.0
1006 204.0
1007 203.0
1008 203.0
1009 203.0
1010 203.0
1011 0.0
1012 315.0
1013 275.0
1014 32.0
1015 25.0
1016 203.0
1017 0.0
1018 49.0
1019 30.0
1020 315.0
1021 203.0
1022 251.0
1023 0.0
1024 40.0
1025 203.0
1026 203.0
1027 203.0
1028 32.0
1029 203.0
1030 203.0
1031 203.0
1032 203.0
1033 204.0
1034 204.0
1035 204.0
1036 204.0
1037 204.0
1038 30.0
1039 204.0
1040 204.0
1041 109.0
1042 203.0
1043 204.0
1044 1.0
1045 204.0
1046 240.0
1047 204.0
1048 204.0
1049 251.0
1050 31.0
1051 1.0
1052 203.0
1053 176.0
1054 203.0
1055 203.0
1056 203.0
1057 204.0
1058 204.0
1059 203.0
1060 20.0
1061 0.0
1062 203.0
1063 315.0
1064 278.0
1065 180.0
1066 25.0
1067 203.0
1068 0.0
1069 203.0
1070 204.0
1071 315.0
1072 191.0
1073 251.0
1074 0.0
1075 203.0
1076 203.0
1077 203.0
1078 98.0
1079 203.0
1080 203.0
1081 203.0
1082 203.0
1083 203.0
1084 203.0
1085 204.0
1086 204.0
1087 203.0
1088 204.0
1089 103.0
1090 203.0
1091 204.0
1092 169.0
1093 203.0
1094 33.0
1095 1.0
1096 240.0
1097 240.0
1098 204.0
1099 204.0
1100 191.0
1101 169.0
1102 203.0
1103 204.0
1104 204.0
1105 204.0
1106 203.0
1107 93.0
1108 204.0
1109 204.0
1110 203.0
1111 20.0
1112 203.0
1113 0.0
1114 315.0
1115 251.0
1116 180.0
1117 14.0
1118 203.0
1119 0.0
1120 0.0
1121 191.0
1122 315.0
1123 60.0
1124 251.0
1125 175.0
1126 203.0
1127 203.0
1128 203.0
1129 203.0
1130 203.0
1131 203.0
1132 203.0
1133 203.0
1134 0.0
1135 204.0
1136 204.0
1137 204.0
1138 204.0
1139 204.0
1140 103.0
1141 204.0
1142 204.0
1143 109.0
1144 0.0
1145 203.0
1146 169.0
1147 240.0
1148 240.0
1149 240.0
1150 163.0
1151 251.0
1152 204.0
1153 203.0
1154 203.0
1155 204.0
1156 204.0
1157 104.0
1158 104.0
1159 204.0
1160 204.0
1161 203.0
1162 204.0
1163 0.0
1164 0.0
1165 315.0
1166 251.0
1167 32.0
1168 203.0
1169 203.0
1170 203.0
1171 203.0
1172 203.0
1173 315.0
1174 175.0
1175 251.0
1176 0.0
1177 203.0
1178 203.0
1179 203.0
1180 203.0
1181 203.0
1182 180.0
1183 203.0
1184 203.0
1185 0.0
1186 204.0
1187 204.0
1188 204.0
1189 204.0
1190 204.0
1191 104.0
1192 204.0
1193 204.0
1194 38.0
1195 203.0
1196 204.0
1197 162.0
1198 203.0
1199 240.0
1200 55.0
1201 203.0
1202 203.0
1203 33.0
1204 204.0
1205 1.0
1206 204.0
1207 204.0
1208 104.0
1209 203.0
1210 25.0
1211 204.0
1212 203.0
1213 203.0
1214 203.0
1215 0.0
1216 315.0
1217 290.0
1218 203.0
1219 14.0
1220 203.0
1221 0.0
1222 204.0
1223 38.0
1224 315.0
1225 203.0
1226 251.0
1227 38.0
1228 203.0
1229 203.0
1230 203.0
1231 169.0
1232 31.0
1233 203.0
1234 203.0
1235 203.0
1236 203.0
1237 204.0
1238 204.0
1239 204.0
1240 204.0
1241 204.0
1242 103.0
1243 204.0
1244 204.0
1245 204.0
1246 203.0
1247 31.0
1248 1.0
1249 204.0
1250 240.0
1251 240.0
1252 225.0
1253 158.0
1254 203.0
1255 203.0
1256 204.0
1257 32.0
1258 204.0
1259 203.0
1260 203.0
1261 204.0
1262 204.0
1263 203.0
1264 20.0
1265 203.0
1266 0.0
1267 315.0
1268 269.0
1269 180.0
1270 14.0
1271 203.0
1272 203.0
1273 93.0
1274 191.0
1275 315.0
1276 191.0
1277 251.0
1278 0.0
1279 203.0
1280 203.0
1281 203.0
1282 103.0
1283 203.0
1284 180.0
1285 203.0
1286 203.0
1287 203.0
1288 203.0
1289 204.0
1290 204.0
1291 204.0
1292 204.0
1293 204.0
1294 204.0
1295 204.0
1296 169.0
1297 203.0
1298 18.0
1299 1.0
1300 204.0
1301 240.0
1302 204.0
1303 169.0
1304 169.0
1305 169.0
1306 1.0
1307 140.0
1308 32.0
1309 204.0
1310 203.0
1311 203.0
1312 204.0
1313 203.0
1314 203.0
1315 203.0
1316 7.0
1317 301.0
1318 315.0
1319 251.0
1320 38.0
1321 14.0
1322 203.0
1323 33.0
1324 203.0
1325 203.0
1326 315.0
1327 60.0
1328 251.0
1329 0.0
1330 203.0
1331 203.0
1332 203.0
1333 203.0
1334 203.0
1335 203.0
1336 203.0
1337 203.0
1338 0.0
1339 204.0
1340 204.0
1341 204.0
1342 204.0
1343 204.0
1344 204.0
1345 204.0
1346 204.0
1347 174.0
1348 32.0
1349 203.0
1350 16.0
1351 204.0
1352 240.0
1353 203.0
1354 175.0
1355 169.0
1356 33.0
1357 1.0
1358 187.0
1359 203.0
1360 204.0
1361 203.0
1362 104.0
1363 204.0
1364 204.0
1365 203.0
1366 203.0
1367 203.0
1368 286.0
1369 315.0
1370 251.0
1371 0.0
1372 14.0
1373 203.0
1374 203.0
1375 204.0
1376 30.0
1377 315.0
1378 17.0
1379 251.0
1380 38.0
1381 203.0
1382 203.0
1383 203.0
1384 203.0
1385 203.0
1386 203.0
1387 203.0
1388 203.0
1389 203.0
1390 32.0
1391 204.0
1392 204.0
1393 204.0
1394 204.0
1395 32.0
1396 204.0
1397 204.0
1398 204.0
1399 204.0
1400 33.0
1401 38.0
1402 1.0
1403 240.0
1404 240.0
1405 203.0
1406 203.0
1407 169.0
1408 140.0
1409 1.0
1410 203.0
1411 204.0
1412 203.0
1413 203.0
1414 203.0
1415 204.0
1416 203.0
1417 203.0
1418 315.0
1419 0.0
1420 315.0
1421 290.0
1422 169.0
1423 14.0
1424 203.0
1425 33.0
1426 30.0
1427 114.0
1428 315.0
1429 203.0
1430 251.0
1431 38.0
1432 203.0
1433 203.0
1434 203.0
1435 203.0
1436 25.0
1437 203.0
1438 203.0
1439 203.0
1440 203.0
1441 204.0
1442 204.0
1443 204.0
1444 204.0
1445 204.0
1446 103.0
1447 203.0
1448 204.0
1449 109.0
1450 203.0
1451 204.0
1452 6.0
1453 1.0
1454 240.0
1455 30.0
1456 203.0
1457 1.0
1458 204.0
1459 1.0
1460 251.0
1461 204.0
1462 204.0
1463 203.0
1464 104.0
1465 204.0
1466 204.0
1467 252.0
1468 203.0
1469 203.0
1470 203.0
1471 315.0
1472 269.0
1473 38.0
1474 203.0
1475 203.0
1476 203.0
1477 204.0
1478 186.0
1479 315.0
1480 191.0
1481 251.0
1482 0.0
1483 203.0
1484 203.0
1485 203.0
1486 169.0
1487 203.0
1488 203.0
1489 203.0
1490 203.0
1491 203.0
1492 204.0
1493 204.0
1494 204.0
1495 44.0
1496 204.0
1497 204.0
1498 180.0
1499 204.0
1500 185.0
1501 203.0
1502 203.0
1503 204.0
1504 240.0
1505 240.0
1506 240.0
1507 347.0
1508 49.0
1509 33.0
1510 1.0
1511 140.0
1512 204.0
1513 204.0
1514 203.0
1515 204.0
1516 204.0
1517 203.0
1518 203.0
1519 203.0
1520 0.0
1521 251.0
1522 315.0
1523 193.0
1524 180.0
1525 14.0
1526 203.0
1527 25.0
1528 203.0
1529 30.0
1530 347.0
1531 203.0
1532 251.0
1533 0.0
1534 203.0
1535 203.0
1536 203.0
1537 203.0
1538 203.0
1539 203.0
1540 203.0
1541 203.0
1542 32.0
1543 32.0
1544 204.0
1545 204.0
1546 204.0
1547 204.0
1548 203.0
1549 204.0
1550 204.0
1551 204.0
1552 204.0
1553 204.0
1554 204.0
1555 204.0
1556 240.0
1557 169.0
1558 0.0
1559 203.0
1560 31.0
1561 140.0
1562 140.0
1563 204.0
1564 204.0
1565 204.0
1566 203.0
1567 204.0
1568 203.0
1569 203.0
1570 203.0
1571 203.0
1572 214.0
1573 315.0
1574 0.0
1575 0.0
1576 25.0
1577 203.0
1578 93.0
1579 204.0
1580 30.0
1581 347.0
1582 49.0
1583 251.0
1584 38.0
1585 0.0
1586 203.0
1587 203.0
1588 203.0
1589 200.0
1590 203.0
1591 203.0
1592 203.0
1593 0.0
1594 204.0
1595 204.0
1596 204.0
1597 204.0
1598 204.0
1599 103.0
1600 204.0
1601 204.0
1602 204.0
1603 203.0
1604 31.0
1605 204.0
1606 204.0
1607 240.0
1608 315.0
1609 32.0
1610 203.0
1611 203.0
1612 140.0
1613 1.0
1614 204.0
1615 204.0
1616 104.0
1617 203.0
1618 204.0
1619 203.0
1620 204.0
1621 203.0
1622 203.0
1623 203.0
1624 315.0
1625 315.0
1626 38.0
1627 14.0
1628 203.0
1629 203.0
1630 204.0
1631 32.0
1632 347.0
1633 203.0
1634 251.0
1635 38.0
1636 0.0
1637 203.0
1638 203.0
1639 203.0
1640 203.0
1641 203.0
1642 203.0
1643 203.0
1644 203.0
1645 204.0
1646 204.0
1647 204.0
1648 204.0
1649 204.0
1650 103.0
1651 204.0
1652 204.0
1653 204.0
1654 203.0
1655 31.0
1656 204.0
1657 240.0
1658 7.0
1659 523.0
1660 203.0
1661 158.0
1662 158.0
1663 1.0
1664 140.0
1665 1.0
1666 204.0
1667 203.0
1668 104.0
1669 204.0
1670 252.0
1671 203.0
1672 0.0
1673 203.0
1674 203.0
1675 315.0
1676 315.0
1677 180.0
1678 14.0
1679 203.0
1680 25.0
1681 203.0
1682 98.0
1683 523.0
1684 203.0
1685 251.0
1686 32.0
1687 203.0
1688 203.0
1689 203.0
1690 203.0
1691 203.0
1692 203.0
1693 203.0
1694 203.0
1695 203.0
1696 32.0
1697 204.0
1698 204.0
1699 204.0
1700 204.0
1701 104.0
1702 204.0
1703 204.0
1704 204.0
1705 98.0
1706 203.0
1707 203.0
1708 87.0
1709 32.0
1710 203.0
1711 203.0
1712 180.0
1713 33.0
1714 1.0
1715 140.0
1716 140.0
1717 204.0
1718 204.0
1719 203.0
1720 109.0
1721 252.0
1722 203.0
1723 32.0
1724 203.0
1725 251.0
1726 315.0
1727 0.0
1728 203.0
1729 14.0
1730 203.0
1731 30.0
1732 203.0
1733 186.0
1734 523.0
1735 203.0
1736 251.0
1737 38.0
1738 203.0
1739 203.0
1740 203.0
1741 203.0
1742 31.0
1743 203.0
1744 203.0
1745 203.0
1746 203.0
1747 204.0
1748 204.0
1749 204.0
1750 204.0
1751 204.0
1752 103.0
1753 204.0
1754 204.0
1755 204.0
1756 98.0
1757 204.0
1758 240.0
1759 1.0
1760 32.0
1761 347.0
1762 0.0
1763 315.0
1764 203.0
1765 140.0
1766 1.0
1767 204.0
1768 204.0
1769 203.0
1770 203.0
1771 203.0
1772 252.0
1773 203.0
1774 203.0
1775 203.0
1776 251.0
1777 315.0
1778 315.0
1779 38.0
1780 0.0
1781 203.0
1782 93.0
1783 93.0
1784 30.0
1785 523.0
1786 191.0
1787 251.0
1788 186.0
1789 38.0
1790 203.0
1791 203.0
1792 203.0
1793 0.0
1794 203.0
1795 203.0
1796 203.0
1797 203.0
1798 203.0
1799 204.0
1800 204.0
1801 204.0
1802 204.0
1803 104.0
1804 204.0
1805 204.0
1806 204.0
1807 204.0
1808 31.0
1809 30.0
1810 157.0
1811 0.0
1812 315.0
1813 32.0
1814 203.0
1815 204.0
1816 140.0
1817 1.0
1818 204.0
1819 204.0
1820 104.0
1821 204.0
1822 204.0
1823 252.0
1824 203.0
1825 203.0
1826 203.0
1827 203.0
1828 315.0
1829 315.0
1830 0.0
1831 14.0
1832 203.0
1833 93.0
1834 204.0
1835 30.0
1836 523.0
1837 203.0
1838 251.0
1839 169.0
1840 33.0
1841 203.0
1842 203.0
1843 203.0
1844 203.0
1845 203.0
1846 203.0
1847 203.0
1848 0.0
1849 32.0
1850 204.0
1851 204.0
1852 204.0
1853 204.0
1854 114.0
1855 204.0
1856 204.0
1857 204.0
1858 203.0
1859 204.0
1860 9.0
1861 240.0
1862 32.0
1863 38.0
1864 203.0
1865 204.0
1866 203.0
1867 1.0
1868 187.0
1869 1.0
1870 204.0
1871 203.0
1872 203.0
1873 204.0
1874 252.0
1875 251.0
1876 239.0
1877 203.0
1878 203.0
1879 315.0
1880 315.0
1881 180.0
1882 25.0
1883 203.0
1884 93.0
1885 203.0
1886 114.0
1887 523.0
1888 175.0
1889 251.0
1890 251.0
1891 33.0
1892 203.0
1893 203.0
1894 203.0
1895 203.0
1896 203.0
1897 203.0
1898 203.0
1899 203.0
1900 204.0
1901 204.0
1902 204.0
1903 204.0
1904 204.0
1905 103.0
1906 204.0
1907 204.0
1908 204.0
1909 203.0
1910 1.0
1911 9.0
1912 204.0
1913 0.0
1914 316.0
1915 0.0
1916 245.0
1917 32.0
1918 140.0
1919 140.0
1920 204.0
1921 204.0
1922 203.0
1923 203.0
1924 204.0
1925 252.0
1926 252.0
1927 225.0
1928 251.0
1929 214.0
1930 315.0
1931 44.0
1932 38.0
1933 14.0
1934 203.0
1935 93.0
1936 204.0
1937 33.0
1938 523.0
1939 17.0
1940 251.0
1941 38.0
1942 0.0
1943 203.0
1944 203.0
1945 203.0
1946 0.0
1947 203.0
1948 203.0
1949 203.0
1950 203.0
1951 203.0
1952 204.0
1953 204.0
1954 204.0
1955 204.0
1956 103.0
1957 204.0
1958 204.0
1959 204.0
1960 203.0
1961 33.0
1962 33.0
1963 203.0
1964 1.0
1965 203.0
1966 315.0
1967 203.0
1968 347.0
1969 187.0
1970 1.0
1971 32.0
1972 204.0
1973 104.0
1974 204.0
1975 204.0
1976 252.0
1977 204.0
1978 169.0
1979 203.0
1980 315.0
1981 315.0
1982 38.0
1983 180.0
1984 25.0
1985 203.0
1986 30.0
1987 204.0
1988 204.0
1989 523.0
1990 203.0
1991 251.0
1992 251.0
1993 33.0
1994 203.0
1995 203.0
1996 203.0
1997 203.0
1998 203.0
1999 203.0
2000 203.0
2001 0.0
2002 32.0
2003 204.0
2004 204.0
2005 204.0
2006 204.0
2007 32.0
2008 204.0
2009 204.0
2010 204.0
2011 203.0
2012 33.0
2013 30.0
2014 203.0
2015 0.0
2016 203.0
2017 315.0
2018 204.0
2019 203.0
2020 347.0
2021 1.0
2022 204.0
2023 204.0
2024 204.0
2025 203.0
2026 203.0
2027 252.0
2028 203.0
2029 169.0
2030 251.0
2031 203.0
2032 315.0
2033 315.0
2034 30.0
2035 14.0
2036 203.0
2037 204.0
2038 204.0
2039 30.0
2040 523.0
2041 203.0
2042 251.0
2043 180.0
2044 33.0
2045 203.0
2046 203.0
2047 203.0
2048 203.0
2049 203.0
2050 203.0
2051 203.0
2052 204.0
2053 204.0
2054 204.0
2055 204.0
2056 204.0
2057 204.0
2058 203.0
2059 204.0
2060 204.0
2061 204.0
2062 203.0
2063 19.0
2064 9.0
2065 204.0
2066 32.0
2067 460.0
2068 459.0
2069 347.0
2070 459.0
2071 260.0
2072 266.0
2073 203.0
2074 204.0
2075 203.0
2076 203.0
2077 203.0
2078 252.0
2079 252.0
2080 157.0
2081 203.0
2082 315.0
2083 315.0
2084 1.0
2085 203.0
2086 14.0
2087 203.0
2088 93.0
2089 203.0
2090 30.0
2091 523.0
2092 203.0
2093 251.0
2094 251.0
2095 33.0
2096 203.0
2097 203.0
2098 203.0
2099 203.0
2100 203.0
2101 203.0
2102 33.0
2103 203.0
2104 203.0
2105 204.0
2106 204.0
2107 204.0
2108 204.0
2109 204.0
2110 204.0
2111 204.0
2112 204.0
2113 203.0
2114 1.0
2115 240.0
2116 240.0
2117 32.0
2118 459.0
2119 32.0
2120 203.0
2121 25.0
2122 204.0
2123 260.0
2124 347.0
2125 204.0
2126 203.0
2127 204.0
2128 204.0
2129 252.0
2130 203.0
2131 244.0
2132 203.0
2133 251.0
2134 315.0
2135 251.0
2136 237.0
2137 14.0
2138 204.0
2139 30.0
2140 93.0
2141 114.0
2142 523.0
2143 203.0
2144 251.0
2145 38.0
2146 33.0
2147 203.0
2148 203.0
2149 203.0
2150 203.0
2151 203.0
2152 203.0
2153 203.0
2154 0.0
2155 203.0
2156 204.0
2157 204.0
2158 204.0
2159 204.0
2160 204.0
2161 204.0
2162 204.0
2163 204.0
2164 204.0
2165 6.0
2166 204.0
2167 203.0
2168 1.0
2169 203.0
2170 315.0
2171 242.0
2172 347.0
2173 204.0
2174 347.0
2175 337.0
2176 347.0
2177 104.0
2178 204.0
2179 203.0
2180 252.0
2181 203.0
2182 32.0
2183 251.0
2184 220.0
2185 315.0
2186 315.0
2187 169.0
2188 14.0
2189 30.0
2190 93.0
2191 204.0
2192 33.0
2193 523.0
2194 203.0
2195 251.0
2196 38.0
2197 33.0
2198 203.0
2199 203.0
2200 203.0
2201 180.0
2202 203.0
2203 203.0
2204 203.0
2205 204.0
2206 204.0
2207 204.0
2208 204.0
2209 204.0
2210 204.0
2211 203.0
2212 204.0
2213 204.0
2214 204.0
2215 204.0
2216 38.0
2217 9.0
2218 240.0
2219 0.0
2220 315.0
2221 315.0
2222 204.0
2223 266.0
2224 347.0
2225 0.0
2226 347.0
2227 203.0
2228 203.0
2229 203.0
2230 203.0
2231 252.0
2232 203.0
2233 103.0
2234 203.0
2235 207.0
2236 315.0
2237 139.0
2238 0.0
2239 14.0
2240 204.0
2241 93.0
2242 203.0
2243 44.0
2244 523.0
2245 203.0
2246 251.0
2247 180.0
2248 31.0
2249 203.0
2250 203.0
2251 203.0
2252 203.0
2253 203.0
2254 203.0
2255 0.0
2256 203.0
2257 204.0
2258 204.0
2259 204.0
2260 204.0
2261 204.0
2262 204.0
2263 204.0
2264 204.0
2265 204.0
2266 204.0
2267 204.0
2268 240.0
2269 240.0
2270 203.0
2271 459.0
2272 38.0
2273 459.0
2274 30.0
2275 203.0
2276 203.0
2277 347.0
2278 203.0
2279 347.0
2280 204.0
2281 203.0
2282 252.0
2283 203.0
2284 222.0
2285 203.0
2286 251.0
2287 315.0
2288 251.0
2289 30.0
2290 14.0
2291 203.0
2292 -1.0
2293 203.0
2294 203.0
2295 523.0
2296 203.0
2297 251.0
2298 180.0
2299 0.0
2300 203.0
2301 203.0
2302 203.0
2303 203.0
2304 203.0
2305 203.0
2306 203.0
2307 32.0
2308 204.0
2309 204.0
2310 204.0
2311 204.0
2312 204.0
2313 103.0
2314 204.0
2315 204.0
2316 185.0
2317 203.0
2318 1.0
2319 204.0
2320 240.0
2321 0.0
2322 203.0
2323 203.0
2324 38.0
2325 315.0
2326 203.0
2327 348.0
2328 348.0
2329 261.0
2330 347.0
2331 347.0
2332 203.0
2333 252.0
2334 203.0
2335 203.0
2336 203.0
2337 301.0
2338 315.0
2339 315.0
2340 203.0
2341 0.0
2342 204.0
2343 93.0
2344 30.0
2345 30.0
2346 523.0
2347 203.0
2348 251.0
2349 38.0
2350 33.0
2351 203.0
2352 203.0
2353 203.0
2354 203.0
2355 203.0
2356 203.0
2357 203.0
2358 315.0
2359 204.0
2360 204.0
2361 204.0
2362 204.0
2363 204.0
2364 203.0
2365 204.0
2366 204.0
2367 204.0
2368 204.0
2369 169.0
2370 204.0
2371 55.0
2372 32.0
2373 460.0
2374 315.0
2375 204.0
2376 203.0
2377 266.0
2378 337.0
2379 337.0
2380 265.0
2381 347.0
2382 203.0
2383 203.0
2384 252.0
2385 252.0
2386 203.0
2387 203.0
2388 301.0
2389 315.0
2390 258.0
2391 203.0
2392 203.0
2393 204.0
2394 93.0
2395 204.0
2396 191.0
2397 523.0
2398 203.0
2399 251.0
2400 38.0
2401 33.0
2402 203.0
2403 203.0
2404 203.0
2405 180.0
2406 203.0
2407 203.0
2408 33.0
2409 32.0
2410 32.0
2411 204.0
2412 204.0
2413 204.0
2414 204.0
2415 204.0
2416 204.0
2417 204.0
2418 204.0
2419 203.0
2420 204.0
2421 9.0
2422 240.0
2423 6.0
2424 315.0
2425 203.0
2426 38.0
2427 203.0
2428 203.0
2429 651.0
2430 260.0
2431 347.0
2432 203.0
2433 203.0
2434 203.0
2435 252.0
2436 204.0
2437 30.0
2438 203.0
2439 161.0
2440 315.0
2441 258.0
2442 296.0
2443 0.0
2444 204.0
2445 0.0
2446 203.0
2447 103.0
2448 651.0
2449 203.0
2450 251.0
2451 38.0
2452 33.0
2453 203.0
2454 203.0
2455 203.0
2456 203.0
2457 203.0
2458 203.0
2459 203.0
2460 32.0
2461 203.0
2462 204.0
2463 204.0
2464 204.0
2465 204.0
2466 103.0
2467 204.0
2468 204.0
2469 204.0
2470 203.0
2471 1.0
2472 9.0
2473 240.0
2474 0.0
2475 203.0
2476 347.0
2477 203.0
2478 347.0
2479 203.0
2480 158.0
2481 158.0
2482 347.0
2483 347.0
2484 347.0
2485 203.0
2486 252.0
2487 315.0
2488 203.0
2489 251.0
2490 251.0
2491 315.0
2492 315.0
2493 0.0
2494 0.0
2495 204.0
2496 93.0
2497 204.0
2498 30.0
2499 651.0
2500 169.0
2501 251.0
2502 0.0
2503 33.0
2504 203.0
2505 203.0
2506 203.0
2507 203.0
2508 203.0
2509 203.0
2510 203.0
2511 33.0
2512 33.0
2513 204.0
2514 204.0
2515 204.0
2516 204.0
2517 204.0
2518 204.0
2519 204.0
2520 204.0
2521 204.0
2522 30.0
2523 204.0
2524 240.0
2525 32.0
2526 203.0
2527 204.0
2528 204.0
2529 252.0
2530 203.0
2531 347.0
2532 347.0
2533 347.0
2534 347.0
2535 347.0
2536 203.0
2537 203.0
2538 251.0
2539 203.0
2540 203.0
2541 301.0
2542 315.0
2543 290.0
2544 251.0
2545 6.0
2546 204.0
2547 93.0
2548 204.0
2549 38.0
2550 651.0
2551 203.0
2552 251.0
2553 0.0
2554 33.0
2555 203.0
2556 203.0
2557 203.0
2558 180.0
2559 203.0
2560 203.0
2561 203.0
2562 32.0
2563 32.0
2564 204.0
2565 204.0
2566 204.0
2567 204.0
2568 25.0
2569 204.0
2570 204.0
2571 204.0
2572 203.0
2573 1.0
2574 240.0
2575 240.0
2576 32.0
2577 651.0
2578 523.0
2579 347.0
2580 266.0
2581 203.0
2582 348.0
2583 348.0
2584 203.0
2585 347.0
2586 347.0
2587 203.0
2588 252.0
2589 251.0
2590 231.0
2591 251.0
2592 315.0
2593 315.0
2594 315.0
2595 0.0
2596 0.0
2597 204.0
2598 93.0
2599 204.0
2600 191.0
2601 651.0
2602 17.0
2603 251.0
2604 32.0
2605 33.0
2606 203.0
2607 203.0
2608 203.0
2609 203.0
2610 203.0
2611 203.0
2612 0.0
2613 0.0
2614 32.0
2615 204.0
2616 204.0
2617 204.0
2618 204.0
2619 203.0
2620 204.0
2621 204.0
2622 204.0
2623 204.0
2624 1.0
2625 240.0
2626 240.0
2627 315.0
2628 460.0
2629 203.0
2630 49.0
2631 25.0
2632 266.0
2633 0.0
2634 260.0
2635 203.0
2636 347.0
2637 203.0
2638 203.0
2639 252.0
2640 203.0
2641 176.0
2642 251.0
2643 251.0
2644 315.0
2645 251.0
2646 0.0
2647 0.0
2648 204.0
2649 93.0
2650 203.0
2651 175.0
2652 651.0
2653 203.0
2654 251.0
2655 0.0
2656 33.0
2657 203.0
2658 203.0
2659 203.0
2660 180.0
2661 203.0
2662 203.0
2663 203.0
2664 203.0
2665 32.0
2666 204.0
2667 204.0
2668 204.0
2669 204.0
2670 30.0
2671 204.0
2672 204.0
2673 204.0
2674 203.0
2675 2.0
2676 240.0
2677 169.0
2678 169.0
2679 523.0
2680 523.0
2681 203.0
2682 32.0
2683 203.0
2684 251.0
2685 158.0
2686 203.0
2687 347.0
2688 203.0
2689 203.0
2690 203.0
2691 204.0
2692 203.0
2693 203.0
2694 251.0
2695 315.0
2696 270.0
2697 0.0
2698 203.0
2699 204.0
2700 93.0
2701 204.0
2702 30.0
2703 651.0
2704 203.0
2705 251.0
2706 32.0
2707 33.0
2708 203.0
2709 203.0
2710 203.0
2711 203.0
2712 203.0
2713 203.0
2714 203.0
2715 0.0
2716 315.0
2717 204.0
2718 204.0
2719 204.0
2720 204.0
2721 103.0
2722 204.0
2723 204.0
2724 204.0
2725 204.0
2726 1.0
2727 204.0
2728 523.0
2729 523.0
2730 203.0
2731 651.0
2732 203.0
2733 252.0
2734 203.0
2735 347.0
2736 203.0
2737 347.0
2738 347.0
2739 347.0
2740 203.0
2741 203.0
2742 251.0
2743 203.0
2744 315.0
2745 315.0
2746 315.0
2747 269.0
2748 203.0
2749 185.0
2750 204.0
2751 93.0
2752 204.0
2753 191.0
2754 651.0
2755 203.0
2756 251.0
2757 38.0
2758 33.0
2759 203.0
2760 203.0
2761 203.0
2762 180.0
2763 203.0
2764 203.0
2765 203.0
2766 0.0
2767 315.0
2768 32.0
2769 204.0
2770 103.0
2771 204.0
2772 204.0
2773 204.0
2774 204.0
2775 204.0
2776 204.0
2777 1.0
2778 203.0
2779 203.0
2780 203.0
2781 459.0
2782 651.0
2783 38.0
2784 347.0
2785 203.0
2786 203.0
2787 348.0
2788 347.0
2789 347.0
2790 347.0
2791 240.0
2792 252.0
2793 315.0
2794 203.0
2795 251.0
2796 315.0
2797 315.0
2798 270.0
2799 231.0
2800 30.0
2801 204.0
2802 93.0
2803 204.0
2804 44.0
2805 651.0
2806 191.0
2807 251.0
2808 0.0
2809 33.0
2810 203.0
2811 203.0
2812 203.0
2813 180.0
2814 203.0
2815 203.0
2816 203.0
2817 203.0
2818 315.0
2819 33.0
2820 204.0
2821 204.0
2822 204.0
2823 203.0
2824 204.0
2825 204.0
2826 204.0
2827 204.0
2828 19.0
2829 169.0
2830 169.0
2831 30.0
2832 523.0
2833 523.0
2834 347.0
2835 30.0
2836 203.0
2837 251.0
2838 316.0
2839 347.0
2840 347.0
2841 203.0
2842 203.0
2843 203.0
2844 203.0
2845 203.0
2846 315.0
2847 251.0
2848 315.0
2849 315.0
2850 0.0
2851 30.0
2852 204.0
2853 93.0
2854 204.0
2855 30.0
2856 651.0
2857 203.0
2858 251.0
2859 0.0
2860 33.0
2861 203.0
2862 203.0
2863 203.0
2864 203.0
2865 203.0
2866 203.0
2867 203.0
2868 0.0
2869 315.0
2870 32.0
2871 204.0
2872 204.0
2873 204.0
2874 204.0
2875 204.0
2876 204.0
2877 204.0
2878 203.0
2879 180.0
2880 204.0
2881 169.0
2882 204.0
2883 523.0
2884 523.0
2885 274.0
2886 252.0
2887 315.0
2888 347.0
2889 337.0
2890 347.0
2891 347.0
2892 204.0
2893 347.0
2894 203.0
2895 315.0
2896 203.0
2897 203.0
2898 315.0
2899 315.0
2900 315.0
2901 237.0
2902 0.0
2903 204.0
2904 203.0
2905 204.0
2906 30.0
2907 651.0
2908 49.0
2909 251.0
2910 32.0
2911 33.0
2912 203.0
2913 203.0
2914 203.0
2915 203.0
2916 203.0
2917 203.0
2918 203.0
2919 33.0
2920 315.0
2921 32.0
2922 204.0
2923 204.0
2924 204.0
2925 204.0
2926 204.0
2927 204.0
2928 204.0
2929 204.0
2930 1.0
2931 32.0
2932 32.0
2933 175.0
2934 523.0
2935 523.0
2936 203.0
2937 252.0
2938 203.0
2939 203.0
2940 203.0
2941 347.0
2942 347.0
2943 203.0
2944 204.0
2945 203.0
2946 251.0
2947 203.0
2948 315.0
2949 315.0
2950 315.0
2951 251.0
2952 203.0
2953 30.0
2954 204.0
2955 93.0
2956 204.0
2957 32.0
2958 651.0
2959 203.0
2960 251.0
2961 38.0
2962 33.0
2963 203.0
2964 203.0
2965 203.0
2966 19.0
2967 203.0
2968 203.0
2969 203.0
2970 33.0
2971 315.0
2972 204.0
2973 204.0
2974 44.0
2975 204.0
2976 204.0
2977 204.0
2978 204.0
2979 204.0
2980 204.0
2981 87.0
2982 6.0
2983 32.0
2984 32.0
2985 523.0
2986 523.0
2987 347.0
2988 347.0
2989 203.0
2990 251.0
2991 651.0
2992 203.0
2993 347.0
2994 203.0
2995 203.0
2996 252.0
2997 203.0
2998 30.0
2999 220.0
3000 251.0
3001 315.0
3002 315.0
3003 0.0
3004 203.0
3005 204.0
3006 93.0
3007 204.0
3008 191.0
3009 651.0
3010 191.0
3011 251.0
3012 38.0
3013 33.0
3014 203.0
3015 203.0
3016 203.0
3017 203.0
3018 203.0
3019 203.0
3020 0.0
3021 32.0
3022 315.0
3023 0.0
3024 204.0
3025 204.0
3026 204.0
3027 204.0
3028 204.0
3029 204.0
3030 185.0
3031 204.0
3032 38.0
3033 0.0
3034 7.0
3035 32.0
3036 523.0
3037 523.0
3038 347.0
3039 32.0
3040 203.0
3041 347.0
3042 260.0
3043 204.0
3044 347.0
3045 203.0
3046 203.0
3047 252.0
3048 315.0
3049 251.0
3050 315.0
3051 315.0
3052 315.0
3053 315.0
3054 0.0
3055 203.0
3056 204.0
3057 93.0
3058 204.0
3059 30.0
3060 651.0
3061 60.0
3062 251.0
3063 251.0
3064 38.0
3065 203.0
3066 203.0
3067 203.0
3068 203.0
3069 203.0
3070 203.0
3071 33.0
3072 315.0
3073 315.0
3074 203.0
3075 204.0
3076 203.0
3077 204.0
3078 103.0
3079 204.0
3080 204.0
3081 204.0
3082 203.0
3083 38.0
3084 0.0
3085 203.0
3086 175.0
3087 651.0
3088 651.0
3089 203.0
3090 347.0
3091 203.0
3092 203.0
3093 203.0
3094 203.0
3095 347.0
3096 347.0
3097 203.0
3098 203.0
3099 251.0
3100 0.0
3101 203.0
3102 315.0
3103 315.0
3104 315.0
3105 203.0
3106 30.0
3107 204.0
3108 0.0
3109 204.0
3110 203.0
3111 651.0
3112 191.0
3113 251.0
3114 186.0
3115 33.0
3116 203.0
3117 203.0
3118 203.0
3119 203.0
3120 203.0
3121 203.0
3122 203.0
3123 33.0
3124 315.0
3125 203.0
3126 204.0
3127 204.0
3128 204.0
3129 204.0
3130 204.0
3131 204.0
3132 204.0
3133 204.0
3134 6.0
3135 1.0
3136 38.0
3137 6.0
3138 523.0
3139 523.0
3140 203.0
3141 347.0
3142 203.0
3143 251.0
3144 204.0
3145 347.0
3146 347.0
3147 203.0
3148 251.0
3149 252.0
3150 32.0
3151 30.0
3152 315.0
3153 251.0
3154 315.0
3155 258.0
3156 237.0
3157 30.0
3158 204.0
3159 93.0
3160 204.0
3161 191.0
3162 651.0
3163 191.0
3164 251.0
3165 251.0
3166 33.0
3167 203.0
3168 203.0
3169 203.0
3170 19.0
3171 203.0
3172 203.0
3173 203.0
3174 315.0
3175 315.0
3176 203.0
3177 204.0
3178 204.0
3179 204.0
3180 203.0
3181 204.0
3182 204.0
3183 185.0
3184 204.0
3185 1.0
3186 0.0
3187 6.0
3188 32.0
3189 651.0
3190 523.0
3191 347.0
3192 347.0
3193 158.0
3194 347.0
3195 347.0
3196 204.0
3197 347.0
3198 203.0
3199 203.0
3200 38.0
3201 251.0
3202 204.0
3203 251.0
3204 251.0
3205 315.0
3206 315.0
3207 0.0
3208 25.0
3209 204.0
3210 93.0
3211 204.0
3212 30.0
3213 651.0
3214 186.0
3215 251.0
3216 38.0
3217 33.0
3218 203.0
3219 203.0
3220 203.0
3221 200.0
3222 203.0
3223 203.0
3224 0.0
3225 32.0
3226 315.0
3227 0.0
3228 204.0
3229 204.0
3230 204.0
3231 204.0
3232 204.0
3233 204.0
3234 204.0
3235 204.0
3236 38.0
3237 30.0
3238 38.0
3239 32.0
3240 523.0
3241 651.0
3242 203.0
3243 315.0
3244 203.0
3245 347.0
3246 347.0
3247 203.0
3248 347.0
3249 204.0
3250 240.0
3251 203.0
3252 251.0
3253 231.0
3254 315.0
3255 315.0
3256 315.0
3257 315.0
3258 315.0
3259 0.0
3260 204.0
3261 93.0
3262 204.0
3263 30.0
3264 651.0
3265 180.0
3266 251.0
3267 251.0
3268 203.0
3269 203.0
3270 203.0
3271 203.0
3272 0.0
3273 203.0
3274 203.0
3275 33.0
3276 32.0
3277 315.0
3278 203.0
3279 204.0
3280 204.0
3281 204.0
3282 204.0
3283 204.0
3284 204.0
3285 204.0
3286 204.0
3287 32.0
3288 6.0
3289 32.0
3290 6.0
3291 651.0
3292 523.0
3293 203.0
3294 315.0
3295 347.0
3296 459.0
3297 203.0
3298 347.0
3299 347.0
3300 203.0
3301 203.0
3302 204.0
3303 203.0
3304 146.0
3305 271.0
3306 315.0
3307 315.0
3308 315.0
3309 273.0
3310 33.0
3311 204.0
3312 204.0
3313 204.0
3314 114.0
3315 651.0
3316 175.0
3317 251.0
3318 186.0
3319 33.0
3320 203.0
3321 203.0
3322 203.0
3323 203.0
3324 203.0
3325 203.0
3326 203.0
3327 33.0
3328 315.0
3329 203.0
3330 204.0
3331 204.0
3332 204.0
3333 204.0
3334 204.0
3335 204.0
3336 204.0
3337 204.0
3338 1.0
3339 1.0
3340 203.0
3341 6.0
3342 651.0
3343 523.0
3344 348.0
3345 347.0
3346 203.0
3347 315.0
3348 185.0
3349 348.0
3350 347.0
3351 203.0
3352 240.0
3353 203.0
3354 251.0
3355 203.0
3356 270.0
3357 251.0
3358 315.0
3359 315.0
3360 270.0
3361 25.0
3362 204.0
3363 93.0
3364 204.0
3365 204.0
3366 651.0
3367 186.0
3368 251.0
3369 38.0
3370 33.0
3371 203.0
3372 203.0
3373 203.0
3374 203.0
3375 203.0
3376 203.0
3377 203.0
3378 32.0
3379 315.0
3380 203.0
3381 204.0
3382 204.0
3383 204.0
3384 204.0
3385 204.0
3386 204.0
3387 204.0
3388 204.0
3389 203.0
3390 0.0
3391 203.0
3392 0.0
3393 651.0
3394 523.0
3395 203.0
3396 459.0
3397 347.0
3398 651.0
3399 347.0
3400 203.0
3401 347.0
3402 203.0
3403 203.0
3404 203.0
3405 251.0
3406 203.0
3407 270.0
3408 315.0
3409 315.0
3410 315.0
3411 6.0
3412 25.0
3413 204.0
3414 93.0
3415 204.0
3416 203.0
3417 651.0
3418 169.0
3419 251.0
3420 38.0
3421 33.0
3422 203.0
3423 203.0
3424 203.0
3425 203.0
3426 203.0
3427 203.0
3428 0.0
3429 315.0
3430 315.0
3431 203.0
3432 204.0
3433 204.0
3434 204.0
3435 204.0
3436 204.0
3437 204.0
3438 204.0
3439 204.0
3440 38.0
3441 32.0
3442 169.0
3443 6.0
3444 651.0
3445 523.0
3446 203.0
3447 459.0
3448 203.0
3449 347.0
3450 347.0
3451 203.0
3452 347.0
3453 204.0
3454 203.0
3455 203.0
3456 32.0
3457 203.0
3458 315.0
3459 315.0
3460 315.0
3461 315.0
3462 263.0
3463 6.0
3464 204.0
3465 44.0
3466 204.0
3467 38.0
3468 651.0
3469 17.0
3470 251.0
3471 32.0
3472 203.0
3473 203.0
3474 203.0
3475 203.0
3476 203.0
3477 203.0
3478 203.0
3479 203.0
3480 33.0
3481 315.0
3482 203.0
3483 204.0
3484 204.0
3485 204.0
3486 204.0
3487 204.0
3488 204.0
3489 204.0
3490 204.0
3491 1.0
3492 6.0
3493 203.0
3494 6.0
3495 523.0
3496 523.0
3497 33.0
3498 347.0
3499 347.0
3500 651.0
3501 185.0
3502 347.0
3503 347.0
3504 203.0
3505 203.0
3506 203.0
3507 203.0
3508 203.0
3509 266.0
3510 315.0
3511 315.0
3512 315.0
3513 315.0
3514 160.0
3515 204.0
3516 93.0
3517 204.0
3518 103.0
3519 651.0
3520 175.0
3521 251.0
3522 180.0
3523 33.0
3524 203.0
3525 203.0
3526 203.0
3527 203.0
3528 203.0
3529 203.0
3530 203.0
3531 32.0
3532 315.0
3533 203.0
3534 204.0
3535 204.0
3536 204.0
3537 203.0
3538 204.0
3539 204.0
3540 204.0
3541 204.0
3542 180.0
3543 6.0
3544 203.0
3545 0.0
3546 651.0
3547 523.0
3548 523.0
3549 347.0
3550 203.0
3551 459.0
3552 19.0
3553 203.0
3554 203.0
3555 203.0
3556 203.0
3557 251.0
3558 251.0
3559 251.0
3560 266.0
3561 315.0
3562 315.0
3563 315.0
3564 286.0
3565 207.0
3566 204.0
3567 93.0
3568 204.0
3569 38.0
3570 651.0
3571 186.0
3572 251.0
3573 38.0
3574 203.0
3575 203.0
3576 203.0
3577 203.0
3578 200.0
3579 203.0
3580 203.0
3581 203.0
3582 315.0
3583 315.0
3584 203.0
3585 204.0
3586 204.0
3587 204.0
3588 203.0
3589 204.0
3590 204.0
3591 204.0
3592 204.0
3593 92.0
3594 316.0
3595 203.0
3596 0.0
3597 651.0
3598 523.0
3599 315.0
3600 460.0
3601 203.0
3602 651.0
3603 347.0
3604 347.0
3605 203.0
3606 203.0
3607 251.0
3608 44.0
3609 251.0
3610 315.0
3611 270.0
3612 315.0
3613 315.0
3614 315.0
3615 262.0
3616 0.0
3617 6.0
3618 93.0
3619 204.0
3620 38.0
3621 651.0
3622 175.0
3623 251.0
3624 186.0
3625 33.0
3626 203.0
3627 203.0
3628 203.0
3629 203.0
3630 203.0
3631 203.0
3632 203.0
3633 315.0
3634 315.0
3635 0.0
3636 204.0
3637 204.0
3638 204.0
3639 204.0
3640 204.0
3641 204.0
3642 204.0
3643 204.0
3644 98.0
3645 32.0
3646 315.0
3647 0.0
3648 651.0
3649 651.0
3650 220.0
3651 203.0
3652 203.0
3653 347.0
3654 158.0
3655 347.0
3656 347.0
3657 203.0
3658 203.0
3659 251.0
3660 203.0
3661 30.0
3662 315.0
3663 315.0
3664 315.0
3665 315.0
3666 315.0
3667 32.0
3668 33.0
3669 93.0
3670 204.0
3671 203.0
3672 651.0
3673 203.0
3674 251.0
3675 186.0
3676 33.0
3677 203.0
3678 203.0
3679 203.0
3680 203.0
3681 203.0
3682 203.0
3683 203.0
3684 33.0
3685 315.0
3686 203.0
3687 204.0
3688 203.0
3689 204.0
3690 204.0
3691 204.0
3692 204.0
3693 204.0
3694 204.0
3695 7.0
3696 169.0
3697 316.0
3698 0.0
3699 651.0
3700 523.0
3701 203.0
3702 460.0
3703 347.0
3704 651.0
3705 203.0
3706 203.0
3707 203.0
3708 203.0
3709 203.0
3710 203.0
3711 203.0
3712 315.0
3713 315.0
3714 315.0
3715 315.0
3716 315.0
3717 315.0
3718 263.0
3719 204.0
3720 203.0
3721 204.0
3722 204.0
3723 651.0
3724 17.0
3725 251.0
3726 38.0
3727 31.0
3728 203.0
3729 203.0
3730 203.0
3731 180.0
3732 203.0
3733 203.0
3734 203.0
3735 33.0
3736 315.0
3737 203.0
3738 204.0
3739 203.0
3740 204.0
3741 203.0
3742 204.0
3743 204.0
3744 204.0
3745 204.0
3746 0.0
3747 203.0
3748 203.0
3749 32.0
3750 651.0
3751 459.0
3752 185.0
3753 523.0
3754 203.0
3755 459.0
3756 347.0
3757 25.0
3758 203.0
3759 203.0
3760 203.0
3761 44.0
3762 203.0
3763 315.0
3764 251.0
3765 315.0
3766 315.0
3767 315.0
3768 251.0
3769 181.0
3770 93.0
3771 93.0
3772 204.0
3773 204.0
3774 651.0
3775 203.0
3776 251.0
3777 186.0
3778 0.0
3779 203.0
3780 203.0
3781 203.0
3782 169.0
3783 203.0
3784 203.0
3785 203.0
3786 315.0
3787 315.0
3788 203.0
3789 204.0
3790 204.0
3791 204.0
3792 204.0
3793 204.0
3794 204.0
3795 204.0
3796 204.0
3797 92.0
3798 203.0
3799 316.0
3800 30.0
3801 523.0
3802 523.0
3803 9.0
3804 459.0
3805 203.0
3806 651.0
3807 347.0
3808 260.0
3809 347.0
3810 203.0
3811 203.0
3812 203.0
3813 203.0
3814 30.0
3815 270.0
3816 315.0
3817 315.0
3818 315.0
3819 262.0
3820 25.0
3821 31.0
3822 93.0
3823 204.0
3824 203.0
3825 651.0
3826 191.0
3827 251.0
3828 186.0
3829 0.0
3830 203.0
3831 203.0
3832 203.0
3833 203.0
3834 203.0
3835 203.0
3836 203.0
3837 32.0
3838 315.0
3839 203.0
3840 204.0
3841 204.0
3842 204.0
3843 204.0
3844 204.0
3845 204.0
3846 204.0
3847 204.0
3848 6.0
3849 315.0
3850 315.0
3851 203.0
3852 651.0
3853 523.0
3854 0.0
3855 651.0
3856 158.0
3857 347.0
3858 203.0
3859 260.0
3860 203.0
3861 203.0
3862 203.0
3863 347.0
3864 203.0
3865 268.0
3866 347.0
3867 315.0
3868 315.0
3869 315.0
3870 251.0
3871 0.0
3872 30.0
3873 93.0
3874 204.0
3875 203.0
3876 651.0
3877 17.0
3878 251.0
3879 175.0
3880 33.0
3881 203.0
3882 203.0
3883 203.0
3884 203.0
3885 203.0
3886 203.0
3887 203.0
3888 33.0
3889 315.0
3890 203.0
3891 204.0
3892 204.0
3893 204.0
3894 204.0
3895 204.0
3896 204.0
3897 204.0
3898 204.0
3899 203.0
3900 169.0
3901 203.0
3902 32.0
3903 651.0
3904 523.0
3905 203.0
3906 459.0
3907 203.0
3908 347.0
3909 347.0
3910 158.0
3911 347.0
3912 203.0
3913 203.0
3914 251.0
3915 203.0
3916 315.0
3917 203.0
3918 251.0
3919 315.0
3920 315.0
3921 315.0
3922 267.0
3923 0.0
3924 93.0
3925 204.0
3926 204.0
3927 651.0
3928 17.0
3929 251.0
3930 38.0
3931 31.0
3932 203.0
3933 203.0
3934 203.0
3935 180.0
3936 203.0
3937 203.0
3938 203.0
3939 33.0
3940 315.0
3941 203.0
3942 204.0
3943 204.0
3944 204.0
3945 204.0
3946 204.0
3947 204.0
3948 204.0
3949 204.0
3950 203.0
3951 203.0
3952 460.0
3953 32.0
3954 651.0
3955 204.0
3956 315.0
3957 203.0
3958 203.0
3959 459.0
3960 347.0
3961 252.0
3962 203.0
3963 204.0
3964 203.0
3965 347.0
3966 203.0
3967 315.0
3968 315.0
3969 315.0
3970 315.0
3971 315.0
3972 303.0
3973 176.0
3974 0.0
3975 0.0
3976 204.0
3977 203.0
3978 651.0
3979 203.0
3980 251.0
3981 180.0
3982 33.0
3983 203.0
3984 203.0
3985 203.0
3986 203.0
3987 203.0
3988 203.0
3989 203.0
3990 315.0
3991 315.0
3992 203.0
3993 204.0
3994 204.0
3995 204.0
3996 204.0
3997 204.0
3998 204.0
3999 204.0
4000 204.0
4001 203.0
4002 203.0
4003 315.0
4004 169.0
4005 651.0
4006 523.0
4007 33.0
4008 347.0
4009 203.0
4010 651.0
4011 251.0
4012 337.0
4013 203.0
4014 347.0
4015 203.0
4016 347.0
4017 203.0
4018 30.0
4019 315.0
4020 251.0
4021 315.0
4022 315.0
4023 275.0
4024 30.0
4025 203.0
4026 30.0
4027 204.0
4028 203.0
4029 651.0
4030 203.0
4031 251.0
4032 186.0
4033 0.0
4034 203.0
4035 203.0
4036 203.0
4037 203.0
4038 203.0
4039 203.0
4040 203.0
4041 315.0
4042 315.0
4043 203.0
4044 204.0
4045 204.0
4046 204.0
4047 204.0
4048 204.0
4049 204.0
4050 204.0
4051 204.0
4052 6.0
4053 169.0
4054 523.0
4055 315.0
4056 651.0
4057 459.0
4058 203.0
4059 460.0
4060 252.0
4061 347.0
4062 251.0
4063 203.0
4064 348.0
4065 203.0
4066 203.0
4067 347.0
4068 203.0
4069 315.0
4070 315.0
4071 251.0
4072 315.0
4073 315.0
4074 251.0
4075 162.0
4076 203.0
4077 93.0
4078 204.0
4079 204.0
4080 651.0
4081 49.0
4082 251.0
4083 38.0
4084 33.0
4085 203.0
4086 203.0
4087 203.0
4088 203.0
4089 203.0
4090 203.0
4091 203.0
4092 32.0
4093 315.0
4094 203.0
4095 204.0
4096 204.0
4097 204.0
4098 204.0
4099 204.0
4100 204.0
4101 204.0
4102 204.0
4103 32.0
4104 55.0
4105 523.0
4106 38.0
4107 651.0
4108 523.0
4109 185.0
4110 459.0
4111 203.0
4112 315.0
4113 459.0
4114 347.0
4115 203.0
4116 273.0
4117 203.0
4118 347.0
4119 203.0
4120 315.0
4121 315.0
4122 251.0
4123 315.0
4124 315.0
4125 251.0
4126 255.0
4127 204.0
4128 93.0
4129 204.0
4130 204.0
4131 651.0
4132 17.0
4133 251.0
4134 186.0
4135 31.0
4136 203.0
4137 203.0
4138 203.0
4139 203.0
4140 203.0
4141 203.0
4142 203.0
4143 315.0
4144 315.0
4145 203.0
4146 204.0
4147 204.0
4148 204.0
4149 204.0
4150 204.0
4151 204.0
4152 204.0
4153 204.0
4154 210.0
4155 32.0
4156 523.0
4157 316.0
4158 651.0
4159 523.0
4160 523.0
4161 347.0
4162 261.0
4163 347.0
4164 203.0
4165 340.0
4166 347.0
4167 203.0
4168 32.0
4169 203.0
4170 203.0
4171 315.0
4172 315.0
4173 315.0
4174 315.0
4175 315.0
4176 297.0
4177 203.0
4178 204.0
4179 30.0
4180 204.0
4181 203.0
4182 651.0
4183 186.0
4184 251.0
4185 186.0
4186 33.0
4187 203.0
4188 203.0
4189 203.0
4190 175.0
4191 203.0
4192 203.0
4193 203.0
4194 315.0
4195 315.0
4196 203.0
4197 204.0
4198 204.0
4199 204.0
4200 204.0
4201 204.0
4202 204.0
4203 204.0
4204 204.0
4205 203.0
4206 460.0
4207 460.0
4208 316.0
4209 523.0
4210 459.0
4211 203.0
4212 459.0
4213 158.0
4214 347.0
4215 251.0
4216 25.0
4217 203.0
4218 203.0
4219 203.0
4220 251.0
4221 203.0
4222 300.0
4223 266.0
4224 271.0
4225 315.0
4226 315.0
4227 315.0
4228 203.0
4229 0.0
4230 93.0
4231 203.0
4232 203.0
4233 651.0
4234 175.0
4235 251.0
4236 38.0
4237 33.0
4238 203.0
4239 203.0
4240 203.0
4241 180.0
4242 203.0
4243 203.0
4244 203.0
4245 32.0
4246 315.0
4247 203.0
4248 204.0
4249 204.0
4250 204.0
4251 204.0
4252 204.0
4253 204.0
4254 204.0
4255 9.0
4256 203.0
4257 7.0
4258 460.0
4259 32.0
4260 651.0
4261 523.0
4262 203.0
4263 460.0
4264 158.0
4265 459.0
4266 251.0
4267 158.0
4268 203.0
4269 203.0
4270 203.0
4271 347.0
4272 347.0
4273 0.0
4274 203.0
4275 269.0
4276 315.0
4277 315.0
4278 275.0
4279 251.0
4280 203.0
4281 93.0
4282 203.0
4283 204.0
4284 651.0
4285 175.0
4286 251.0
4287 251.0
4288 186.0
4289 203.0
4290 203.0
4291 203.0
4292 203.0
4293 203.0
4294 203.0
4295 203.0
4296 315.0
4297 315.0
4298 203.0
4299 204.0
4300 204.0
4301 204.0
4302 204.0
4303 204.0
4304 204.0
4305 204.0
4306 225.0
4307 203.0
4308 6.0
4309 523.0
4310 169.0
4311 651.0
4312 523.0
4313 315.0
4314 523.0
4315 203.0
4316 651.0
4317 203.0
4318 321.0
4319 203.0
4320 203.0
4321 32.0
4322 203.0
4323 347.0
4324 315.0
4325 203.0
4326 168.0
4327 315.0
4328 315.0
4329 251.0
4330 0.0
4331 203.0
4332 93.0
4333 93.0
4334 204.0
4335 651.0
4336 175.0
4337 251.0
4338 251.0
4339 0.0
4340 203.0
4341 203.0
4342 203.0
4343 203.0
4344 203.0
4345 203.0
4346 203.0
4347 315.0
4348 315.0
4349 203.0
4350 204.0
4351 204.0
4352 204.0
4353 204.0
4354 204.0
4355 204.0
4356 316.0
4357 316.0
4358 315.0
4359 6.0
4360 523.0
4361 203.0
4362 523.0
4363 523.0
4364 169.0
4365 203.0
4366 348.0
4367 347.0
4368 347.0
4369 347.0
4370 203.0
4371 203.0
4372 203.0
4373 203.0
4374 203.0
4375 0.0
4376 251.0
4377 168.0
4378 315.0
4379 315.0
4380 251.0
4381 0.0
4382 203.0
4383 93.0
4384 204.0
4385 203.0
4386 651.0
4387 44.0
4388 251.0
4389 38.0
4390 203.0
4391 203.0
4392 203.0
4393 203.0
4394 32.0
4395 203.0
4396 203.0
4397 203.0
4398 315.0
4399 315.0
4400 203.0
4401 204.0
4402 204.0
4403 204.0
4404 204.0
4405 204.0
4406 33.0
4407 251.0
4408 204.0
4409 3.0
4410 0.0
4411 460.0
4412 32.0
4413 523.0
4414 523.0
4415 203.0
4416 459.0
4417 203.0
4418 651.0
4419 251.0
4420 261.0
4421 203.0
4422 203.0
4423 203.0
4424 203.0
4425 347.0
4426 30.0
4427 220.0
4428 251.0
4429 315.0
4430 315.0
4431 297.0
4432 152.0
4433 203.0
4434 93.0
4435 203.0
4436 204.0
4437 651.0
4438 191.0
4439 251.0
4440 186.0
4441 109.0
4442 203.0
4443 203.0
4444 203.0
4445 203.0
4446 203.0
4447 203.0
4448 203.0
4449 315.0
4450 315.0
4451 203.0
4452 204.0
4453 204.0
4454 204.0
4455 204.0
4456 204.0
4457 33.0
4458 204.0
4459 225.0
4460 218.0
4461 6.0
4462 523.0
4463 203.0
4464 651.0
4465 523.0
4466 203.0
4467 459.0
4468 261.0
4469 459.0
4470 203.0
4471 332.0
4472 203.0
4473 203.0
4474 203.0
4475 203.0
4476 347.0
4477 271.0
4478 203.0
4479 315.0
4480 315.0
4481 315.0
4482 251.0
4483 0.0
4484 203.0
4485 93.0
4486 203.0
4487 204.0
4488 651.0
4489 191.0
4490 251.0
4491 251.0
4492 33.0
4493 203.0
4494 203.0
4495 203.0
4496 203.0
4497 203.0
4498 203.0
4499 203.0
4500 315.0
4501 315.0
4502 203.0
4503 204.0
4504 204.0
4505 204.0
4506 204.0
4507 204.0
4508 204.0
4509 204.0
4510 210.0
4511 203.0
4512 6.0
4513 523.0
4514 315.0
4515 651.0
4516 523.0
4517 251.0
4518 460.0
4519 347.0
4520 651.0
4521 203.0
4522 347.0
4523 203.0
4524 203.0
4525 240.0
4526 203.0
4527 203.0
4528 315.0
4529 251.0
4530 162.0
4531 315.0
4532 315.0
4533 251.0
4534 0.0
4535 203.0
4536 93.0
4537 93.0
4538 204.0
4539 651.0
4540 17.0
4541 251.0
4542 251.0
4543 203.0
4544 203.0
4545 203.0
4546 203.0
4547 200.0
4548 203.0
4549 203.0
4550 203.0
4551 315.0
4552 315.0
4553 203.0
4554 204.0
4555 204.0
4556 204.0
4557 204.0
4558 204.0
4559 204.0
4560 252.0
4561 210.0
4562 315.0
4563 0.0
4564 523.0
4565 203.0
4566 651.0
4567 523.0
4568 231.0
4569 459.0
4570 158.0
4571 651.0
4572 315.0
4573 261.0
4574 203.0
4575 203.0
4576 203.0
4577 347.0
4578 347.0
4579 315.0
4580 203.0
4581 315.0
4582 315.0
4583 315.0
4584 251.0
4585 131.0
4586 30.0
4587 93.0
4588 93.0
4589 204.0
4590 651.0
4591 49.0
4592 251.0
4593 175.0
4594 169.0
4595 203.0
4596 203.0
4597 203.0
4598 203.0
4599 203.0
4600 203.0
4601 203.0
4602 315.0
4603 315.0
4604 203.0
4605 204.0
4606 204.0
4607 204.0
4608 204.0
4609 204.0
4610 204.0
4611 251.0
4612 203.0
4613 203.0
4614 0.0
4615 523.0
4616 523.0
4617 651.0
4618 204.0
4619 347.0
4620 347.0
4621 203.0
4622 651.0
4623 347.0
4624 347.0
4625 203.0
4626 203.0
4627 240.0
4628 203.0
4629 347.0
4630 30.0
4631 203.0
4632 271.0
4633 315.0
4634 315.0
4635 315.0
4636 304.0
4637 203.0
4638 93.0
4639 204.0
4640 204.0
4641 651.0
4642 175.0
4643 251.0
4644 251.0
4645 203.0
4646 203.0
4647 203.0
4648 203.0
4649 0.0
4650 203.0
4651 203.0
4652 203.0
4653 315.0
4654 315.0
4655 203.0
4656 204.0
4657 204.0
4658 204.0
4659 204.0
4660 204.0
4661 204.0
4662 316.0
4663 0.0
4664 197.0
4665 1.0
4666 523.0
4667 523.0
4668 651.0
4669 651.0
4670 203.0
4671 459.0
4672 203.0
4673 651.0
4674 347.0
4675 347.0
4676 203.0
4677 347.0
4678 203.0
4679 203.0
4680 340.0
4681 30.0
4682 315.0
4683 271.0
4684 315.0
4685 315.0
4686 315.0
4687 30.0
4688 203.0
4689 93.0
4690 204.0
4691 204.0
4692 651.0
4693 204.0
4694 251.0
4695 251.0
4696 38.0
4697 203.0
4698 203.0
4699 203.0
4700 200.0
4701 203.0
4702 203.0
4703 203.0
4704 315.0
4705 315.0
4706 203.0
4707 204.0
4708 204.0
4709 204.0
4710 204.0
4711 204.0
4712 203.0
4713 204.0
4714 252.0
4715 315.0
4716 203.0
4717 523.0
4718 203.0
4719 651.0
4720 523.0
4721 651.0
4722 459.0
4723 203.0
4724 651.0
4725 347.0
4726 251.0
4727 203.0
4728 203.0
4729 203.0
4730 203.0
4731 459.0
4732 269.0
4733 201.0
4734 251.0
4735 315.0
4736 315.0
4737 251.0
4738 13.0
4739 30.0
4740 93.0
4741 93.0
4742 203.0
4743 651.0
4744 169.0
4745 251.0
4746 251.0
4747 203.0
4748 203.0
4749 203.0
4750 203.0
4751 203.0
4752 203.0
4753 203.0
4754 203.0
4755 315.0
4756 315.0
4757 203.0
4758 204.0
4759 204.0
4760 204.0
4761 204.0
4762 204.0
4763 204.0
4764 204.0
4765 210.0
4766 203.0
4767 0.0
4768 460.0
4769 315.0
4770 651.0
4771 523.0
4772 315.0
4773 651.0
4774 203.0
4775 651.0
4776 347.0
4777 348.0
4778 203.0
4779 203.0
4780 203.0
4781 203.0
4782 204.0
4783 459.0
4784 315.0
4785 161.0
4786 315.0
4787 315.0
4788 275.0
4789 263.0
4790 203.0
4791 93.0
4792 203.0
4793 203.0
4794 651.0
4795 191.0
4796 251.0
4797 251.0
4798 203.0
4799 203.0
4800 203.0
4801 203.0
4802 203.0
4803 203.0
4804 203.0
4805 203.0
4806 315.0
4807 315.0
4808 203.0
4809 204.0
4810 204.0
4811 204.0
4812 204.0
4813 204.0
4814 204.0
4815 203.0
4816 174.0
4817 316.0
4818 1.0
4819 523.0
4820 523.0
4821 651.0
4822 204.0
4823 231.0
4824 459.0
4825 203.0
4826 651.0
4827 651.0
4828 261.0
4829 203.0
4830 251.0
4831 203.0
4832 203.0
4833 204.0
4834 343.0
4835 204.0
4836 251.0
4837 315.0
4838 315.0
4839 315.0
4840 294.0
4841 0.0
4842 93.0
4843 203.0
4844 204.0
4845 651.0
4846 17.0
4847 251.0
4848 251.0
4849 186.0
4850 203.0
4851 203.0
4852 203.0
4853 203.0
4854 203.0
4855 203.0
4856 203.0
4857 315.0
4858 315.0
4859 203.0
4860 204.0
4861 204.0
4862 204.0
4863 204.0
4864 204.0
4865 204.0
4866 251.0
4867 0.0
4868 315.0
4869 1.0
4870 523.0
4871 203.0
4872 651.0
4873 204.0
4874 347.0
4875 347.0
4876 203.0
4877 651.0
4878 347.0
4879 0.0
4880 203.0
4881 164.0
4882 203.0
4883 203.0
4884 459.0
4885 229.0
4886 459.0
4887 203.0
4888 315.0
4889 315.0
4890 251.0
4891 30.0
4892 30.0
4893 93.0
4894 93.0
4895 204.0
4896 651.0
4897 169.0
4898 251.0
4899 251.0
4900 38.0
4901 203.0
4902 203.0
4903 203.0
4904 203.0
4905 203.0
4906 203.0
4907 203.0
4908 315.0
4909 315.0
4910 203.0
4911 204.0
4912 204.0
4913 204.0
4914 204.0
4915 204.0
4916 33.0
4917 204.0
4918 203.0
4919 460.0
4920 0.0
4921 523.0
4922 523.0
4923 651.0
4924 203.0
4925 523.0
4926 203.0
4927 203.0
4928 651.0
4929 347.0
4930 260.0
4931 203.0
4932 32.0
4933 203.0
4934 203.0
4935 459.0
4936 459.0
4937 343.0
4938 459.0
4939 315.0
4940 315.0
4941 251.0
4942 30.0
4943 0.0
4944 93.0
4945 204.0
4946 203.0
4947 651.0
4948 191.0
4949 251.0
4950 251.0
4951 203.0
4952 203.0
4953 203.0
4954 203.0
4955 203.0
4956 203.0
4957 203.0
4958 203.0
4959 315.0
4960 315.0
4961 203.0
4962 204.0
4963 204.0
4964 204.0
4965 204.0
4966 204.0
4967 204.0
4968 204.0
4969 213.0
4970 203.0
4971 0.0
4972 523.0
4973 523.0
4974 523.0
4975 523.0
4976 220.0
4977 459.0
4978 203.0
4979 651.0
4980 347.0
4981 203.0
4982 203.0
4983 203.0
4984 251.0
4985 203.0
4986 204.0
4987 343.0
4988 203.0
4989 459.0
4990 229.0
4991 315.0
4992 297.0
4993 252.0
4994 203.0
4995 93.0
4996 204.0
4997 204.0
4998 651.0
4999 60.0
5000 251.0
5001 251.0
5002 203.0
5003 203.0
5004 203.0
5005 203.0
5006 203.0
5007 203.0
5008 203.0
5009 203.0
5010 315.0
5011 315.0
5012 0.0
5013 204.0
5014 204.0
5015 204.0
5016 204.0
5017 204.0
5018 204.0
5019 251.0
5020 180.0
5021 315.0
5022 1.0
5023 523.0
5024 203.0
5025 651.0
5026 204.0
5027 459.0
5028 459.0
5029 203.0
5030 651.0
5031 651.0
5032 261.0
5033 203.0
5034 203.0
5035 203.0
5036 203.0
5037 204.0
5038 459.0
5039 343.0
5040 240.0
5041 229.0
5042 315.0
5043 315.0
5044 0.0
5045 30.0
5046 30.0
5047 204.0
5048 203.0
5049 651.0
5050 186.0
5051 251.0
5052 251.0
5053 203.0
5054 203.0
5055 203.0
5056 203.0
5057 32.0
5058 203.0
5059 203.0
5060 203.0
5061 315.0
5062 315.0
5063 203.0
5064 204.0
5065 204.0
5066 204.0
5067 204.0
5068 204.0
5069 204.0
5070 316.0
5071 185.0
5072 315.0
5073 1.0
5074 523.0
5075 203.0
5076 651.0
5077 204.0
5078 459.0
5079 459.0
5080 204.0
5081 651.0
5082 651.0
5083 523.0
5084 347.0
5085 203.0
5086 203.0
5087 419.0
5088 340.0
5089 229.0
5090 343.0
5091 204.0
5092 459.0
5093 315.0
5094 251.0
5095 255.0
5096 204.0
5097 93.0
5098 204.0
5099 204.0
5100 651.0
