1 0.0
2 0.0
3 0.0
4 0.0
5 0.0
6 25.0
7 0.0
8 203.0
9 0.0
10 0.0
11 0.0
12 0.0
13 0.0
14 0.0
15 0.0
16 0.0
17 175.0
18 0.0
19 0.0
20 0.0
21 180.0
22 0.0
23 0.0
24 0.0
25 0.0
26 32.0
27 0.0
28 32.0
29 0.0
30 0.0
31 180.0
32 0.0
33 0.0
34 32.0
35 0.0
36 186.0
37 0.0
38 0.0
39 19.0
40 0.0
41 0.0
42 0.0
43 0.0
44 0.0
45 32.0
46 0.0
47 0.0
48 0.0
49 0.0
50 0.0
51 203.0
52 103.0
53 32.0
54 0.0
55 203.0
56 203.0
57 38.0
58 0.0
59 0.0
60 0.0
61 0.0
62 0.0
63 180.0
64 0.0
65 0.0
66 0.0
67 32.0
68 180.0
69 103.0
70 30.0
71 203.0
72 203.0
73 169.0
74 0.0
75 25.0
76 0.0
77 32.0
78 0.0
79 203.0
80 32.0
81 203.0
82 203.0
83 180.0
84 180.0
85 30.0
86 169.0
87 204.0
88 30.0
89 203.0
90 0.0
91 32.0
92 0.0
93 203.0
94 0.0
95 32.0
96 98.0
97 103.0
98 0.0
99 103.0
100 203.0
101 32.0
102 204.0
103 203.0
104 98.0
105 0.0
106 204.0
107 204.0
108 203.0
109 0.0
110 204.0
111 0.0
112 30.0
113 203.0
114 204.0
115 204.0
116 204.0
117 0.0
118 204.0
119 204.0
120 175.0
121 164.0
122 30.0
123 204.0
124 169.0
125 0.0
126 25.0
127 204.0
128 0.0
129 0.0
130 120.0
131 204.0
132 175.0
133 114.0
134 204.0
135 169.0
136 30.0
137 175.0
138 204.0
139 30.0
140 180.0
141 204.0
142 32.0
143 32.0
144 98.0
145 0.0
146 204.0
147 33.0
148 33.0
149 6.0
150 203.0
151 204.0
152 30.0
153 204.0
154 103.0
155 203.0
156 0.0
157 204.0
158 33.0
159 32.0
160 69.0
161 204.0
162 0.0
163 0.0
164 204.0
165 0.0
166 204.0
167 204.0
168 6.0
169 0.0
170 204.0
171 0.0
172 204.0
173 30.0
174 204.0
175 0.0
176 31.0
177 204.0
178 204.0
179 30.0
180 30.0
181 203.0
182 0.0
183 204.0
184 103.0
185 204.0
186 0.0
187 204.0
188 175.0
189 203.0
190 0.0
191 0.0
192 203.0
193 0.0
194 204.0
195 0.0
196 32.0
197 204.0
198 204.0
199 175.0
200 0.0
201 204.0
202 175.0
203 103.0
204 204.0
205 204.0
206 0.0
207 0.0
208 204.0
209 33.0
210 203.0
211 0.0
212 204.0
213 204.0
214 31.0
215 204.0
216 0.0
217 0.0
218 0.0
219 0.0
220 32.0
221 32.0
222 103.0
223 0.0
224 0.0
225 32.0
226 169.0
227 204.0
228 0.0
229 1.0
230 32.0
231 25.0
232 30.0
233 32.0
234 0.0
235 204.0
236 204.0
237 0.0
238 204.0
239 0.0
240 0.0
241 0.0
242 203.0
243 0.0
244 0.0
245 0.0
246 0.0
247 32.0
248 204.0
249 0.0
250 0.0
251 0.0
252 0.0
253 0.0
254 0.0
255 204.0
256 0.0
257 204.0
258 25.0
259 203.0
260 203.0
261 203.0
262 0.0
263 0.0
264 0.0
265 0.0
266 204.0
267 175.0
268 203.0
269 204.0
270 0.0
271 1.0
272 203.0
273 204.0
274 175.0
275 0.0
276 204.0
277 169.0
278 0.0
279 0.0
280 32.0
281 30.0
282 0.0
283 204.0
284 103.0
285 203.0
286 203.0
287 203.0
288 32.0
289 204.0
290 204.0
291 204.0
292 32.0
293 203.0
294 175.0
295 32.0
296 1.0
297 0.0
298 32.0
299 0.0
300 32.0
301 204.0
302 203.0
303 33.0
304 0.0
305 0.0
306 204.0
307 204.0
308 0.0
309 0.0
310 204.0
311 204.0
312 204.0
313 0.0
314 175.0
315 0.0
316 204.0
317 204.0
318 0.0
319 204.0
320 204.0
321 6.0
322 33.0
323 204.0
324 0.0
325 204.0
326 0.0
327 204.0
328 0.0
329 0.0
330 32.0
331 32.0
332 0.0
333 0.0
334 33.0
335 0.0
336 0.0
337 114.0
338 204.0
339 0.0
340 204.0
341 175.0
342 186.0
343 30.0
344 0.0
345 204.0
346 103.0
347 0.0
348 98.0
349 32.0
350 0.0
351 33.0
352 175.0
353 0.0
354 204.0
355 204.0
356 32.0
357 204.0
358 204.0
359 32.0
360 0.0
361 204.0
362 204.0
363 204.0
364 0.0
365 203.0
366 204.0
367 204.0
368 0.0
369 0.0
370 203.0
371 204.0
372 0.0
373 98.0
374 204.0
375 204.0
376 0.0
377 25.0
378 204.0
379 32.0
380 0.0
381 32.0
382 38.0
383 0.0
384 1.0
385 204.0
386 175.0
387 0.0
388 174.0
389 204.0
390 0.0
391 180.0
392 0.0
393 204.0
394 0.0
395 0.0
396 0.0
397 104.0
398 0.0
399 32.0
400 32.0
401 175.0
402 32.0
403 0.0
404 1.0
405 0.0
406 175.0
407 32.0
408 204.0
409 0.0
410 0.0
411 0.0
412 203.0
413 203.0
414 204.0
415 25.0
416 0.0
417 33.0
418 0.0
419 204.0
420 175.0
421 0.0
422 204.0
423 0.0
424 204.0
425 32.0
426 103.0
427 204.0
428 25.0
429 204.0
430 169.0
431 0.0
432 0.0
433 38.0
434 32.0
435 0.0
436 0.0
437 103.0
438 25.0
439 204.0
440 0.0
441 32.0
442 203.0
443 0.0
444 204.0
445 0.0
446 180.0
447 203.0
448 203.0
449 32.0
450 0.0
451 32.0
452 204.0
453 0.0
454 30.0
455 0.0
456 204.0
457 175.0
458 103.0
459 204.0
460 0.0
461 0.0
462 0.0
463 204.0
464 175.0
465 204.0
466 0.0
467 175.0
468 203.0
469 204.0
470 204.0
471 204.0
472 0.0
473 204.0
474 204.0
475 1.0
476 32.0
477 204.0
478 175.0
479 0.0
480 203.0
481 180.0
482 204.0
483 0.0
484 30.0
485 0.0
486 204.0
487 204.0
488 0.0
489 25.0
490 114.0
491 203.0
492 0.0
493 20.0
494 175.0
495 203.0
496 32.0
497 0.0
498 204.0
499 33.0
500 0.0
501 0.0
502 32.0
503 0.0
504 32.0
505 32.0
506 204.0
507 204.0
508 0.0
509 0.0
510 204.0
511 204.0
512 0.0
513 0.0
514 204.0
515 203.0
516 204.0
517 204.0
518 204.0
519 0.0
520 31.0
521 204.0
522 0.0
523 175.0
524 204.0
525 0.0
526 32.0
527 204.0
528 32.0
529 203.0
530 0.0
531 98.0
532 0.0
533 204.0
534 25.0
535 32.0
536 33.0
537 203.0
538 33.0
539 0.0
540 204.0
541 204.0
542 204.0
543 0.0
544 164.0
545 175.0
546 0.0
547 30.0
548 0.0
549 0.0
550 33.0
551 1.0
552 0.0
553 32.0
554 175.0
555 33.0
556 0.0
557 0.0
558 204.0
559 32.0
560 32.0
561 204.0
562 204.0
563 0.0
564 0.0
565 204.0
566 204.0
567 204.0
568 204.0
569 0.0
570 103.0
571 0.0
572 204.0
573 204.0
574 204.0
575 0.0
576 6.0
577 0.0
578 204.0
579 32.0
580 33.0
581 25.0
582 204.0
583 204.0
584 32.0
585 25.0
586 38.0
587 175.0
588 204.0
589 32.0
590 0.0
591 0.0
592 180.0
593 204.0
594 0.0
595 204.0
596 0.0
597 203.0
598 0.0
599 203.0
600 204.0
601 33.0
602 0.0
603 0.0
604 32.0
605 175.0
606 33.0
607 32.0
608 0.0
609 32.0
610 175.0
611 0.0
612 204.0
613 0.0
614 0.0
615 32.0
616 203.0
617 204.0
618 204.0
619 0.0
620 175.0
621 203.0
622 0.0
623 0.0
624 175.0
625 203.0
626 204.0
627 204.0
628 1.0
629 32.0
630 103.0
631 25.0
632 204.0
633 203.0
634 169.0
635 30.0
636 203.0
637 38.0
638 32.0
639 204.0
640 204.0
641 32.0
642 25.0
643 203.0
644 203.0
645 0.0
646 203.0
647 175.0
648 204.0
649 32.0
650 203.0
651 204.0
652 104.0
653 32.0
654 0.0
655 32.0
656 175.0
657 32.0
658 0.0
659 0.0
660 0.0
661 203.0
662 0.0
663 204.0
664 0.0
665 0.0
666 0.0
667 204.0
668 204.0
669 204.0
670 0.0
671 175.0
672 203.0
673 204.0
674 204.0
675 204.0
676 204.0
677 204.0
678 0.0
679 0.0
680 32.0
681 204.0
682 204.0
683 0.0
684 103.0
685 175.0
686 0.0
687 0.0
688 32.0
689 175.0
690 30.0
691 33.0
692 0.0
693 204.0
694 185.0
695 0.0
696 0.0
697 0.0
698 204.0
699 203.0
700 30.0
701 204.0
702 203.0
703 33.0
704 32.0
705 98.0
706 32.0
707 204.0
708 204.0
709 0.0
710 0.0
711 204.0
712 204.0
713 32.0
714 204.0
715 204.0
716 0.0
717 164.0
718 204.0
719 204.0
720 204.0
721 204.0
722 32.0
723 204.0
724 31.0
725 32.0
726 204.0
727 204.0
728 0.0
729 204.0
730 0.0
731 204.0
732 204.0
733 0.0
734 30.0
735 204.0
736 204.0
737 0.0
738 25.0
739 32.0
740 204.0
741 204.0
742 204.0
743 0.0
744 0.0
745 180.0
746 204.0
747 0.0
748 164.0
749 0.0
750 203.0
751 0.0
752 204.0
753 204.0
754 38.0
755 0.0
756 0.0
757 169.0
758 0.0
759 33.0
760 175.0
761 204.0
762 38.0
763 0.0
764 204.0
765 204.0
766 0.0
767 0.0
768 0.0
769 204.0
770 204.0
771 204.0
772 0.0
773 203.0
774 204.0
775 204.0
776 204.0
777 204.0
778 204.0
779 0.0
780 204.0
781 203.0
782 0.0
783 204.0
784 175.0
785 30.0
786 203.0
787 204.0
788 0.0
789 25.0
790 38.0
791 0.0
792 204.0
793 25.0
794 26.0
795 25.0
796 180.0
797 175.0
798 0.0
799 204.0
800 204.0
801 204.0
802 0.0
803 204.0
804 204.0
805 104.0
806 204.0
807 203.0
808 32.0
809 204.0
810 204.0
811 32.0
812 0.0
813 32.0
814 203.0
815 0.0
816 204.0
817 0.0
818 0.0
819 204.0
820 203.0
821 204.0
822 204.0
823 0.0
824 175.0
825 204.0
826 204.0
827 0.0
828 0.0
829 204.0
830 204.0
831 0.0
832 0.0
833 32.0
834 6.0
835 164.0
836 0.0
837 203.0
838 204.0
839 204.0
840 0.0
841 38.0
842 203.0
843 204.0
844 33.0
845 0.0
846 0.0
847 174.0
848 0.0
849 0.0
850 203.0
851 204.0
852 0.0
853 32.0
854 203.0
855 204.0
856 33.0
857 32.0
858 103.0
859 32.0
860 0.0
861 204.0
862 203.0
863 204.0
864 0.0
865 204.0
866 204.0
867 204.0
868 103.0
869 0.0
870 0.0
871 204.0
872 204.0
873 204.0
874 204.0
875 204.0
876 203.0
877 0.0
878 32.0
879 0.0
880 204.0
881 204.0
882 204.0
883 32.0
884 204.0
885 203.0
886 25.0
887 204.0
888 98.0
889 175.0
890 204.0
891 204.0
892 30.0
893 32.0
894 25.0
895 204.0
896 32.0
897 0.0
898 174.0
899 175.0
900 0.0
901 203.0
902 204.0
903 204.0
904 0.0
905 204.0
906 204.0
907 88.0
908 204.0
909 0.0
910 32.0
911 0.0
912 204.0
913 0.0
914 6.0
915 204.0
916 0.0
917 32.0
918 204.0
919 204.0
920 32.0
921 204.0
922 204.0
923 204.0
924 204.0
925 0.0
926 0.0
927 204.0
928 204.0
929 204.0
930 204.0
931 204.0
932 32.0
933 204.0
934 0.0
935 175.0
936 175.0
937 32.0
938 30.0
939 203.0
940 204.0
941 204.0
942 32.0
943 32.0
944 175.0
945 32.0
946 32.0
947 32.0
948 0.0
949 174.0
950 204.0
951 32.0
952 203.0
953 0.0
954 204.0
955 33.0
956 204.0
957 204.0
958 104.0
959 0.0
960 0.0
961 32.0
962 175.0
963 204.0
964 175.0
965 204.0
966 6.0
967 204.0
968 0.0
969 204.0
970 0.0
971 0.0
972 203.0
973 204.0
974 6.0
975 204.0
976 0.0
977 0.0
978 204.0
979 204.0
980 0.0
981 204.0
982 204.0
983 32.0
984 0.0
985 0.0
986 103.0
987 0.0
988 175.0
989 0.0
990 204.0
991 0.0
992 0.0
993 204.0
994 32.0
995 32.0
996 0.0
997 175.0
998 0.0
999 25.0
1000 174.0
1001 204.0
1002 0.0
1003 164.0
1004 0.0
1005 38.0
1006 32.0
1007 203.0
1008 204.0
1009 44.0
1010 203.0
1011 30.0
1012 32.0
1013 175.0
1014 204.0
1015 32.0
1016 0.0
1017 204.0
1018 204.0
1019 103.0
1020 204.0
1021 0.0
1022 203.0
1023 203.0
1024 204.0
1025 204.0
1026 204.0
1027 203.0
1028 175.0
1029 203.0
1030 0.0
1031 0.0
1032 204.0
1033 175.0
1034 204.0
1035 0.0
1036 0.0
1037 203.0
1038 32.0
1039 0.0
1040 32.0
1041 98.0
1042 169.0
1043 0.0
1044 0.0
1045 38.0
1046 204.0
1047 0.0
1048 33.0
1049 0.0
1050 0.0
1051 114.0
1052 169.0
1053 0.0
1054 203.0
1055 175.0
1056 203.0
1057 30.0
1058 204.0
1059 203.0
1060 32.0
1061 32.0
1062 204.0
1063 32.0
1064 203.0
1065 204.0
1066 32.0
1067 1.0
1068 204.0
1069 204.0
1070 204.0
1071 204.0
1072 203.0
1073 0.0
1074 0.0
1075 0.0
1076 203.0
1077 0.0
1078 0.0
1079 204.0
1080 203.0
1081 0.0
1082 32.0
1083 0.0
1084 0.0
1085 204.0
1086 6.0
1087 175.0
1088 204.0
1089 204.0
1090 204.0
1091 153.0
1092 203.0
1093 204.0
1094 204.0
1095 25.0
1096 32.0
1097 33.0
1098 0.0
1099 0.0
1100 0.0
1101 0.0
1102 185.0
1103 204.0
1104 0.0
1105 203.0
1106 175.0
1107 204.0
1108 0.0
1109 204.0
1110 204.0
1111 204.0
1112 32.0
1113 0.0
1114 32.0
1115 203.0
1116 204.0
1117 0.0
1118 204.0
1119 204.0
1120 204.0
1121 103.0
1122 204.0
1123 0.0
1124 0.0
1125 204.0
1126 204.0
1127 204.0
1128 0.0
1129 204.0
1130 0.0
1131 204.0
1132 31.0
1133 204.0
1134 204.0
1135 204.0
1136 0.0
1137 0.0
1138 0.0
1139 204.0
1140 204.0
1141 175.0
1142 30.0
1143 203.0
1144 204.0
1145 204.0
1146 204.0
1147 204.0
1148 175.0
1149 0.0
1150 203.0
1151 204.0
1152 30.0
1153 174.0
1154 204.0
1155 0.0
1156 180.0
1157 0.0
1158 203.0
1159 0.0
1160 204.0
1161 0.0
1162 103.0
1163 0.0
1164 0.0
1165 32.0
1166 175.0
1167 204.0
1168 204.0
1169 0.0
1170 0.0
1171 203.0
1172 0.0
1173 204.0
1174 204.0
1175 0.0
1176 169.0
1177 204.0
1178 0.0
1179 204.0
1180 0.0
1181 204.0
1182 204.0
1183 31.0
1184 204.0
1185 204.0
1186 175.0
1187 0.0
1188 0.0
1189 204.0
1190 185.0
1191 32.0
1192 0.0
1193 0.0
1194 204.0
1195 204.0
1196 0.0
1197 0.0
1198 204.0
1199 30.0
1200 204.0
1201 204.0
1202 0.0
1203 1.0
1204 174.0
1205 169.0
1206 0.0
1207 203.0
1208 175.0
1209 38.0
1210 0.0
1211 203.0
1212 0.0
1213 204.0
1214 0.0
1215 30.0
1216 93.0
1217 204.0
1218 203.0
1219 175.0
1220 204.0
1221 204.0
1222 204.0
1223 203.0
1224 204.0
1225 204.0
1226 0.0
1227 169.0
1228 204.0
1229 204.0
1230 204.0
1231 0.0
1232 38.0
1233 204.0
1234 0.0
1235 204.0
1236 0.0
1237 0.0
1238 204.0
1239 203.0
1240 32.0
1241 180.0
1242 32.0
1243 204.0
1244 30.0
1245 203.0
1246 204.0
1247 204.0
1248 0.0
1249 204.0
1250 33.0
1251 0.0
1252 204.0
1253 32.0
1254 204.0
1255 174.0
1256 169.0
1257 0.0
1258 203.0
1259 169.0
1260 204.0
1261 0.0
1262 204.0
1263 38.0
1264 38.0
1265 0.0
1266 204.0
1267 32.0
1268 204.0
1269 203.0
1270 175.0
1271 204.0
1272 204.0
1273 204.0
1274 103.0
1275 204.0
1276 0.0
1277 0.0
1278 0.0
1279 204.0
1280 203.0
1281 0.0
1282 6.0
1283 204.0
1284 0.0
1285 0.0
1286 204.0
1287 0.0
1288 204.0
1289 32.0
1290 204.0
1291 1.0
1292 204.0
1293 175.0
1294 175.0
1295 30.0
1296 204.0
1297 204.0
1298 204.0
1299 0.0
1300 204.0
1301 33.0
1302 0.0
1303 204.0
1304 0.0
1305 204.0
1306 1.0
1307 204.0
1308 0.0
1309 164.0
1310 0.0
1311 204.0
1312 0.0
1313 204.0
1314 38.0
1315 204.0
1316 0.0
1317 0.0
1318 32.0
1319 204.0
1320 204.0
1321 204.0
1322 0.0
1323 0.0
1324 0.0
1325 103.0
1326 204.0
1327 0.0
1328 0.0
1329 0.0
1330 204.0
1331 204.0
1332 204.0
1333 204.0
1334 204.0
1335 33.0
1336 31.0
1337 204.0
1338 204.0
1339 175.0
1340 0.0
1341 0.0
1342 204.0
1343 185.0
1344 175.0
1345 0.0
1346 0.0
1347 204.0
1348 204.0
1349 204.0
1350 0.0
1351 204.0
1352 33.0
1353 0.0
1354 204.0
1355 0.0
1356 204.0
1357 185.0
1358 204.0
1359 0.0
1360 180.0
1361 0.0
1362 0.0
1363 0.0
1364 203.0
1365 0.0
1366 204.0
1367 204.0
1368 204.0
1369 32.0
1370 204.0
1371 204.0
1372 204.0
1373 204.0
1374 204.0
1375 0.0
1376 204.0
1377 204.0
1378 203.0
1379 0.0
1380 0.0
1381 204.0
1382 204.0
1383 204.0
1384 204.0
1385 204.0
1386 204.0
1387 204.0
1388 204.0
1389 204.0
1390 175.0
1391 103.0
1392 204.0
1393 169.0
1394 204.0
1395 204.0
1396 25.0
1397 204.0
1398 203.0
1399 204.0
1400 204.0
1401 0.0
1402 204.0
1403 204.0
1404 0.0
1405 204.0
1406 32.0
1407 204.0
1408 174.0
1409 203.0
1410 30.0
1411 203.0
1412 169.0
1413 203.0
1414 0.0
1415 204.0
1416 204.0
1417 0.0
1418 0.0
1419 103.0
1420 32.0
1421 204.0
1422 203.0
1423 204.0
1424 204.0
1425 204.0
1426 32.0
1427 103.0
1428 204.0
1429 0.0
1430 0.0
1431 0.0
1432 0.0
1433 203.0
1434 169.0
1435 0.0
1436 203.0
1437 0.0
1438 0.0
1439 204.0
1440 0.0
1441 204.0
1442 32.0
1443 203.0
1444 32.0
1445 204.0
1446 204.0
1447 175.0
1448 30.0
1449 204.0
1450 175.0
1451 204.0
1452 0.0
1453 203.0
1454 204.0
1455 0.0
1456 204.0
1457 0.0
1458 204.0
1459 185.0
1460 0.0
1461 0.0
1462 164.0
1463 169.0
1464 204.0
1465 0.0
1466 204.0
1467 38.0
1468 38.0
1469 204.0
1470 103.0
1471 32.0
1472 204.0
1473 204.0
1474 204.0
1475 204.0
1476 0.0
1477 0.0
1478 103.0
1479 204.0
1480 0.0
1481 0.0
1482 0.0
1483 114.0
1484 203.0
1485 204.0
1486 204.0
1487 204.0
1488 204.0
1489 31.0
1490 204.0
1491 204.0
1492 0.0
1493 0.0
1494 204.0
1495 0.0
1496 6.0
1497 204.0
1498 204.0
1499 0.0
1500 204.0
1501 175.0
1502 203.0
1503 0.0
1504 32.0
1505 175.0
1506 0.0
1507 204.0
1508 0.0
1509 30.0
1510 114.0
1511 204.0
1512 0.0
1513 203.0
1514 0.0
1515 204.0
1516 0.0
1517 204.0
1518 204.0
1519 109.0
1520 1.0
1521 0.0
1522 32.0
1523 204.0
1524 204.0
1525 204.0
1526 204.0
1527 204.0
1528 0.0
1529 103.0
1530 204.0
1531 33.0
1532 0.0
1533 203.0
1534 180.0
1535 0.0
1536 204.0
1537 204.0
1538 204.0
1539 103.0
1540 0.0
1541 204.0
1542 204.0
1543 0.0
1544 204.0
1545 0.0
1546 0.0
1547 204.0
1548 204.0
1549 0.0
1550 204.0
1551 204.0
1552 0.0
1553 0.0
1554 0.0
1555 32.0
1556 204.0
1557 204.0
1558 204.0
1559 0.0
1560 203.0
1561 174.0
1562 204.0
1563 30.0
1564 203.0
1565 0.0
1566 0.0
1567 0.0
1568 203.0
1569 0.0
1570 33.0
1571 203.0
1572 0.0
1573 32.0
1574 204.0
1575 204.0
1576 203.0
1577 204.0
1578 204.0
1579 0.0
1580 103.0
1581 204.0
1582 33.0
1583 0.0
1584 169.0
1585 109.0
1586 204.0
1587 0.0
1588 204.0
1589 204.0
1590 0.0
1591 0.0
1592 0.0
1593 0.0
1594 204.0
1595 204.0
1596 0.0
1597 0.0
1598 204.0
1599 204.0
1600 203.0
1601 203.0
1602 203.0
1603 169.0
1604 98.0
1605 0.0
1606 32.0
1607 175.0
1608 204.0
1609 204.0
1610 0.0
1611 204.0
1612 175.0
1613 0.0
1614 19.0
1615 30.0
1616 169.0
1617 204.0
1618 0.0
1619 203.0
1620 0.0
1621 32.0
1622 0.0
1623 0.0
1624 32.0
1625 175.0
1626 204.0
1627 203.0
1628 204.0
1629 0.0
1630 33.0
1631 33.0
1632 204.0
1633 0.0
1634 0.0
1635 0.0
1636 204.0
1637 203.0
1638 204.0
1639 204.0
1640 0.0
1641 203.0
1642 31.0
1643 204.0
1644 204.0
1645 204.0
1646 33.0
1647 204.0
1648 0.0
1649 204.0
1650 204.0
1651 204.0
1652 203.0
1653 203.0
1654 204.0
1655 204.0
1656 25.0
1657 204.0
1658 204.0
1659 0.0
1660 204.0
1661 0.0
1662 204.0
1663 185.0
1664 204.0
1665 0.0
1666 204.0
1667 0.0
1668 204.0
1669 32.0
1670 204.0
1671 38.0
1672 103.0
1673 1.0
1674 103.0
1675 32.0
1676 0.0
1677 204.0
1678 175.0
1679 204.0
1680 0.0
1681 0.0
1682 0.0
1683 204.0
1684 0.0
1685 0.0
1686 204.0
1687 0.0
1688 204.0
1689 204.0
1690 204.0
1691 204.0
1692 204.0
1693 204.0
1694 204.0
1695 204.0
1696 0.0
1697 204.0
1698 204.0
1699 0.0
1700 185.0
1701 204.0
1702 204.0
1703 30.0
1704 204.0
1705 0.0
1706 0.0
1707 0.0
1708 32.0
1709 204.0
1710 0.0
1711 204.0
1712 175.0
1713 204.0
1714 174.0
1715 204.0
1716 32.0
1717 203.0
1718 0.0
1719 0.0
1720 0.0
1721 204.0
1722 38.0
1723 204.0
1724 1.0
1725 103.0
1726 32.0
1727 175.0
1728 204.0
1729 0.0
1730 204.0
1731 204.0
1732 0.0
1733 103.0
1734 204.0
1735 33.0
1736 32.0
1737 30.0
1738 30.0
1739 204.0
1740 203.0
1741 204.0
1742 204.0
1743 204.0
1744 0.0
1745 0.0
1746 0.0
1747 175.0
1748 204.0
1749 204.0
1750 0.0
1751 185.0
1752 103.0
1753 204.0
1754 30.0
1755 203.0
1756 0.0
1757 204.0
1758 0.0
1759 32.0
1760 33.0
1761 204.0
1762 204.0
1763 0.0
1764 204.0
1765 174.0
1766 204.0
1767 0.0
1768 20.0
1769 169.0
1770 204.0
1771 0.0
1772 204.0
1773 1.0
1774 38.0
1775 0.0
1776 0.0
1777 32.0
1778 204.0
1779 203.0
1780 204.0
1781 0.0
1782 203.0
1783 204.0
1784 32.0
1785 204.0
1786 203.0
1787 0.0
1788 0.0
1789 204.0
1790 203.0
1791 204.0
1792 203.0
1793 0.0
1794 203.0
1795 0.0
1796 204.0
1797 204.0
1798 204.0
1799 32.0
1800 204.0
1801 0.0
1802 204.0
1803 103.0
1804 33.0
1805 32.0
1806 32.0
1807 169.0
1808 204.0
1809 0.0
1810 32.0
1811 218.0
1812 0.0
1813 204.0
1814 0.0
1815 204.0
1816 1.0
1817 203.0
1818 0.0
1819 20.0
1820 169.0
1821 204.0
1822 32.0
1823 204.0
1824 0.0
1825 204.0
1826 0.0
1827 0.0
1828 32.0
1829 204.0
1830 203.0
1831 204.0
1832 204.0
1833 204.0
1834 203.0
1835 204.0
1836 218.0
1837 0.0
1838 0.0
1839 204.0
1840 204.0
1841 175.0
1842 204.0
1843 203.0
1844 224.0
1845 175.0
1846 1.0
1847 210.0
1848 204.0
1849 0.0
1850 33.0
1851 33.0
1852 0.0
1853 175.0
1854 33.0
1855 103.0
1856 204.0
1857 204.0
1858 169.0
1859 33.0
1860 0.0
1861 0.0
1862 204.0
1863 32.0
1864 33.0
1865 0.0
1866 103.0
1867 104.0
1868 175.0
1869 32.0
1870 32.0
1871 0.0
1872 203.0
1873 32.0
1874 204.0
1875 32.0
1876 103.0
1877 1.0
1878 33.0
1879 32.0
1880 203.0
1881 33.0
1882 203.0
1883 33.0
1884 0.0
1885 0.0
1886 33.0
1887 224.0
1888 0.0
1889 0.0
1890 218.0
1891 204.0
1892 203.0
1893 204.0
1894 203.0
1895 203.0
1896 103.0
1897 1.0
1898 33.0
1899 33.0
1900 204.0
1901 175.0
1902 204.0
1903 0.0
1904 103.0
1905 204.0
1906 204.0
1907 33.0
1908 33.0
1909 32.0
1910 204.0
1911 0.0
1912 204.0
1913 204.0
1914 32.0
1915 175.0
1916 0.0
1917 193.0
1918 104.0
1919 204.0
1920 0.0
1921 203.0
1922 0.0
1923 203.0
1924 0.0
1925 204.0
1926 32.0
1927 0.0
1928 1.0
1929 204.0
1930 32.0
1931 245.0
1932 203.0
1933 204.0
1934 204.0
1935 204.0
1936 204.0
1937 30.0
1938 245.0
1939 33.0
1940 0.0
1941 203.0
1942 204.0
1943 203.0
1944 204.0
1945 204.0
1946 204.0
1947 204.0
1948 0.0
1949 204.0
1950 175.0
1951 175.0
1952 245.0
1953 0.0
1954 32.0
1955 204.0
1956 203.0
1957 32.0
1958 204.0
1959 204.0
1960 169.0
1961 204.0
1962 0.0
1963 32.0
1964 204.0
1965 0.0
1966 32.0
1967 0.0
1968 33.0
1969 114.0
1970 218.0
1971 0.0
1972 203.0
1973 204.0
1974 0.0
1975 33.0
1976 245.0
1977 228.0
1978 245.0
1979 0.0
1980 204.0
1981 32.0
1982 218.0
1983 33.0
1984 204.0
1985 204.0
1986 33.0
1987 203.0
1988 204.0
1989 245.0
1990 225.0
1991 204.0
1992 32.0
1993 225.0
1994 33.0
1995 32.0
1996 204.0
1997 204.0
1998 0.0
1999 0.0
2000 32.0
2001 204.0
2002 210.0
2003 203.0
2004 0.0
2005 0.0
2006 204.0
2007 33.0
2008 204.0
2009 204.0
2010 38.0
2011 169.0
2012 33.0
2013 0.0
2014 32.0
2015 203.0
2016 0.0
2017 204.0
2018 0.0
2019 222.0
2020 103.0
2021 204.0
2022 0.0
2023 169.0
2024 204.0
2025 32.0
2026 32.0
2027 204.0
2028 33.0
2029 204.0
2030 0.0
2031 103.0
2032 32.0
2033 245.0
2034 32.0
2035 30.0
2036 218.0
2037 0.0
2038 245.0
2039 203.0
2040 245.0
2041 0.0
2042 0.0
2043 204.0
2044 199.0
2045 204.0
2046 204.0
2047 32.0
2048 33.0
2049 203.0
2050 1.0
2051 203.0
2052 204.0
2053 33.0
2054 175.0
2055 175.0
2056 0.0
2057 32.0
2058 210.0
2059 204.0
2060 204.0
2061 98.0
2062 0.0
2063 204.0
2064 0.0
2065 204.0
2066 175.0
2067 0.0
2068 204.0
2069 0.0
2070 32.0
2071 104.0
2072 175.0
2073 32.0
2074 204.0
2075 186.0
2076 0.0
2077 0.0
2078 204.0
2079 217.0
2080 204.0
2081 1.0
2082 32.0
2083 32.0
2084 204.0
2085 0.0
2086 30.0
2087 203.0
2088 0.0
2089 210.0
2090 0.0
2091 245.0
2092 33.0
2093 0.0
2094 203.0
2095 204.0
2096 33.0
2097 204.0
2098 203.0
2099 204.0
2100 203.0
2101 0.0
2102 204.0
2103 204.0
2104 204.0
2105 245.0
2106 32.0
2107 0.0
2108 1.0
2109 204.0
2110 32.0
2111 204.0
2112 32.0
2113 0.0
2114 203.0
2115 0.0
2116 32.0
2117 204.0
2118 0.0
2119 33.0
2120 0.0
2121 204.0
2122 104.0
2123 218.0
2124 0.0
2125 204.0
2126 0.0
2127 32.0
2128 0.0
2129 245.0
2130 33.0
2131 204.0
2132 203.0
2133 0.0
2134 32.0
2135 245.0
2136 204.0
2137 204.0
2138 204.0
2139 32.0
2140 33.0
2141 33.0
2142 245.0
2143 33.0
2144 0.0
2145 204.0
2146 204.0
2147 203.0
2148 0.0
2149 204.0
2150 175.0
2151 204.0
2152 0.0
2153 103.0
2154 33.0
2155 204.0
2156 203.0
2157 204.0
2158 0.0
2159 204.0
2160 210.0
2161 204.0
2162 0.0
2163 204.0
2164 245.0
2165 0.0
2166 1.0
2167 204.0
2168 204.0
2169 0.0
2170 204.0
2171 0.0
2172 204.0
2173 203.0
2174 218.0
2175 0.0
2176 203.0
2177 204.0
2178 0.0
2179 32.0
2180 204.0
2181 217.0
2182 245.0
2183 0.0
2184 0.0
2185 32.0
2186 245.0
2187 32.0
2188 0.0
2189 204.0
2190 204.0
2191 203.0
2192 203.0
2193 245.0
2194 30.0
2195 0.0
2196 204.0
2197 251.0
2198 204.0
2199 204.0
2200 32.0
2201 33.0
2202 0.0
2203 1.0
2204 33.0
2205 30.0
2206 32.0
2207 204.0
2208 32.0
2209 0.0
2210 204.0
2211 210.0
2212 203.0
2213 0.0
2214 32.0
2215 169.0
2216 0.0
2217 32.0
2218 0.0
2219 218.0
2220 0.0
2221 225.0
2222 32.0
2223 204.0
2224 109.0
2225 245.0
2226 32.0
2227 33.0
2228 203.0
2229 203.0
2230 0.0
2231 204.0
2232 0.0
2233 204.0
2234 1.0
2235 0.0
2236 32.0
2237 245.0
2238 38.0
2239 0.0
2240 203.0
2241 0.0
2242 32.0
2243 32.0
2244 251.0
2245 203.0
2246 0.0
2247 225.0
2248 225.0
2249 32.0
2250 204.0
2251 32.0
2252 175.0
2253 204.0
2254 0.0
2255 32.0
2256 204.0
2257 32.0
2258 175.0
2259 103.0
2260 0.0
2261 33.0
2262 204.0
2263 204.0
2264 175.0
2265 32.0
2266 32.0
2267 204.0
2268 0.0
2269 245.0
2270 175.0
2271 25.0
2272 204.0
2273 0.0
2274 0.0
2275 185.0
2276 204.0
2277 32.0
2278 203.0
2279 0.0
2280 0.0
2281 32.0
2282 225.0
2283 133.0
2284 225.0
2285 1.0
2286 204.0
2287 32.0
2288 224.0
2289 0.0
2290 0.0
2291 33.0
2292 204.0
2293 203.0
2294 33.0
2295 251.0
2296 33.0
2297 204.0
2298 203.0
2299 225.0
2300 32.0
2301 0.0
2302 204.0
2303 175.0
2304 203.0
2305 0.0
2306 225.0
2307 203.0
2308 204.0
2309 203.0
2310 103.0
2311 0.0
2312 204.0
2313 32.0
2314 25.0
2315 33.0
2316 225.0
2317 32.0
2318 204.0
2319 32.0
2320 203.0
2321 175.0
2322 0.0
2323 204.0
2324 0.0
2325 203.0
2326 203.0
2327 204.0
2328 204.0
2329 203.0
2330 0.0
2331 0.0
2332 175.0
2333 225.0
2334 32.0
2335 0.0
2336 1.0
2337 204.0
2338 32.0
2339 251.0
2340 32.0
2341 0.0
2342 204.0
2343 204.0
2344 225.0
2345 203.0
2346 251.0
2347 203.0
2348 32.0
2349 203.0
2350 251.0
2351 32.0
2352 204.0
2353 204.0
2354 204.0
2355 0.0
2356 1.0
2357 204.0
2358 204.0
2359 32.0
2360 203.0
2361 175.0
2362 204.0
2363 33.0
2364 33.0
2365 203.0
2366 0.0
2367 98.0
2368 175.0
2369 0.0
2370 203.0
2371 204.0
2372 225.0
2373 0.0
2374 203.0
2375 0.0
2376 204.0
2377 203.0
2378 204.0
2379 33.0
2380 33.0
2381 33.0
2382 32.0
2383 0.0
2384 225.0
2385 0.0
2386 204.0
2387 0.0
2388 0.0
2389 32.0
2390 204.0
2391 32.0
2392 0.0
2393 204.0
2394 0.0
2395 210.0
2396 203.0
2397 251.0
2398 0.0
2399 32.0
2400 204.0
2401 204.0
2402 32.0
2403 204.0
2404 30.0
2405 203.0
2406 0.0
2407 0.0
2408 203.0
2409 175.0
2410 0.0
2411 245.0
2412 204.0
2413 0.0
2414 204.0
2415 203.0
2416 203.0
2417 30.0
2418 25.0
2419 204.0
2420 0.0
2421 0.0
2422 204.0
2423 225.0
2424 0.0
2425 203.0
2426 32.0
2427 32.0
2428 203.0
2429 225.0
2430 0.0
2431 204.0
2432 33.0
2433 0.0
2434 30.0
2435 225.0
2436 32.0
2437 204.0
2438 0.0
2439 0.0
2440 32.0
2441 203.0
2442 204.0
2443 204.0
2444 32.0
2445 204.0
2446 203.0
2447 32.0
2448 251.0
2449 33.0
2450 0.0
2451 203.0
2452 204.0
2453 204.0
2454 251.0
2455 245.0
2456 175.0
2457 225.0
2458 0.0
2459 204.0
2460 204.0
2461 204.0
2462 204.0
2463 204.0
2464 0.0
2465 204.0
2466 203.0
2467 203.0
2468 25.0
2469 32.0
2470 204.0
2471 204.0
2472 203.0
2473 204.0
2474 225.0
2475 204.0
2476 203.0
2477 32.0
2478 103.0
2479 203.0
2480 204.0
2481 32.0
2482 204.0
2483 32.0
2484 0.0
2485 0.0
2486 251.0
2487 0.0
2488 32.0
2489 1.0
2490 204.0
2491 32.0
2492 204.0
2493 203.0
2494 0.0
2495 204.0
2496 32.0
2497 225.0
2498 204.0
2499 251.0
2500 204.0
2501 0.0
2502 204.0
2503 204.0
2504 32.0
2505 203.0
2506 218.0
2507 245.0
2508 204.0
2509 1.0
2510 204.0
2511 204.0
2512 32.0
2513 180.0
2514 193.0
2515 0.0
2516 204.0
2517 203.0
2518 203.0
2519 0.0
2520 32.0
2521 33.0
2522 204.0
2523 32.0
2524 204.0
2525 225.0
2526 0.0
2527 203.0
2528 0.0
2529 203.0
2530 203.0
2531 204.0
2532 33.0
2533 203.0
2534 32.0
2535 32.0
2536 0.0
2537 225.0
2538 0.0
2539 251.0
2540 0.0
2541 204.0
2542 32.0
2543 203.0
2544 231.0
2545 33.0
2546 204.0
2547 0.0
2548 32.0
2549 204.0
2550 251.0
2551 0.0
2552 0.0
2553 33.0
2554 225.0
2555 204.0
2556 225.0
2557 218.0
2558 245.0
2559 204.0
2560 1.0
2561 203.0
2562 204.0
2563 204.0
2564 204.0
2565 240.0
2566 0.0
2567 32.0
2568 32.0
2569 204.0
2570 0.0
2571 32.0
2572 204.0
2573 0.0
2574 32.0
2575 204.0
2576 225.0
2577 0.0
2578 0.0
2579 0.0
2580 33.0
2581 204.0
2582 225.0
2583 32.0
2584 30.0
2585 203.0
2586 32.0
2587 30.0
2588 225.0
2589 0.0
2590 204.0
2591 0.0
2592 0.0
2593 32.0
2594 204.0
2595 204.0
2596 204.0
2597 0.0
2598 0.0
2599 32.0
2600 25.0
2601 251.0
2602 33.0
2603 32.0
2604 203.0
2605 204.0
2606 32.0
2607 204.0
2608 33.0
2609 225.0
2610 251.0
2611 0.0
2612 204.0
2613 204.0
2614 0.0
2615 204.0
2616 240.0
2617 0.0
2618 204.0
2619 203.0
2620 204.0
2621 0.0
2622 32.0
2623 175.0
2624 204.0
2625 204.0
2626 225.0
2627 204.0
2628 0.0
2629 203.0
2630 0.0
2631 193.0
2632 203.0
2633 204.0
2634 0.0
2635 204.0
2636 33.0
2637 0.0
2638 0.0
2639 251.0
2640 0.0
2641 32.0
2642 0.0
2643 32.0
2644 32.0
2645 203.0
2646 204.0
2647 175.0
2648 32.0
2649 0.0
2650 203.0
2651 204.0
2652 251.0
2653 33.0
2654 0.0
2655 203.0
2656 251.0
2657 32.0
2658 204.0
2659 30.0
2660 204.0
2661 204.0
2662 0.0
2663 175.0
2664 225.0
2665 0.0
2666 204.0
2667 240.0
2668 1.0
2669 204.0
2670 203.0
2671 204.0
2672 33.0
2673 38.0
2674 225.0
2675 225.0
2676 204.0
2677 203.0
2678 225.0
2679 30.0
2680 203.0
2681 0.0
2682 203.0
2683 103.0
2684 225.0
2685 33.0
2686 98.0
2687 32.0
2688 32.0
2689 32.0
2690 225.0
2691 0.0
2692 225.0
2693 0.0
2694 0.0
2695 32.0
2696 203.0
2697 175.0
2698 30.0
2699 204.0
2700 204.0
2701 203.0
2702 204.0
2703 251.0
2704 0.0
2705 204.0
2706 203.0
2707 251.0
2708 32.0
2709 225.0
2710 204.0
2711 225.0
2712 204.0
2713 25.0
2714 204.0
2715 203.0
2716 0.0
2717 180.0
2718 204.0
2719 0.0
2720 32.0
2721 204.0
2722 204.0
2723 225.0
2724 98.0
2725 33.0
2726 204.0
2727 199.0
2728 204.0
2729 204.0
2730 0.0
2731 0.0
2732 0.0
2733 204.0
2734 204.0
2735 204.0
2736 32.0
2737 98.0
2738 32.0
2739 32.0
2740 30.0
2741 245.0
2742 228.0
2743 225.0
2744 0.0
2745 0.0
2746 32.0
2747 203.0
2748 203.0
2749 225.0
2750 0.0
2751 0.0
2752 204.0
2753 25.0
2754 251.0
2755 203.0
2756 0.0
2757 103.0
2758 204.0
2759 32.0
2760 32.0
2761 33.0
2762 225.0
2763 204.0
2764 31.0
2765 204.0
2766 204.0
2767 204.0
2768 204.0
2769 204.0
2770 204.0
2771 204.0
2772 203.0
2773 203.0
2774 203.0
2775 32.0
2776 204.0
2777 204.0
2778 0.0
2779 0.0
2780 204.0
2781 0.0
2782 0.0
2783 0.0
2784 32.0
2785 204.0
2786 245.0
2787 0.0
2788 25.0
2789 19.0
2790 0.0
2791 32.0
2792 251.0
2793 0.0
2794 203.0
2795 0.0
2796 225.0
2797 32.0
2798 204.0
2799 231.0
2800 33.0
2801 203.0
2802 204.0
2803 204.0
2804 30.0
2805 251.0
2806 203.0
2807 0.0
2808 203.0
2809 225.0
2810 204.0
2811 225.0
2812 180.0
2813 204.0
2814 0.0
2815 204.0
2816 33.0
2817 204.0
2818 0.0
2819 204.0
2820 251.0
2821 0.0
2822 33.0
2823 203.0
2824 203.0
2825 33.0
2826 32.0
2827 204.0
2828 204.0
2829 203.0
2830 204.0
2831 175.0
2832 32.0
2833 203.0
2834 0.0
2835 193.0
2836 104.0
2837 32.0
2838 33.0
2839 158.0
2840 32.0
2841 32.0
2842 32.0
2843 225.0
2844 32.0
2845 32.0
2846 0.0
2847 204.0
2848 32.0
2849 203.0
2850 203.0
2851 203.0
2852 32.0
2853 204.0
2854 225.0
2855 204.0
2856 251.0
2857 0.0
2858 175.0
2859 225.0
2860 225.0
2861 204.0
2862 225.0
2863 32.0
2864 245.0
2865 204.0
2866 0.0
2867 204.0
2868 30.0
2869 0.0
2870 204.0
2871 204.0
2872 0.0
2873 38.0
2874 210.0
2875 204.0
2876 33.0
2877 38.0
2878 225.0
2879 225.0
2880 204.0
2881 204.0
2882 204.0
2883 0.0
2884 0.0
2885 0.0
2886 203.0
2887 203.0
2888 225.0
2889 33.0
2890 204.0
2891 180.0
2892 32.0
2893 33.0
2894 225.0
2895 0.0
2896 251.0
2897 32.0
2898 204.0
2899 32.0
2900 169.0
2901 203.0
2902 175.0
2903 204.0
2904 0.0
2905 204.0
2906 33.0
2907 251.0
2908 0.0
2909 0.0
2910 103.0
2911 169.0
2912 32.0
2913 225.0
2914 204.0
2915 204.0
2916 32.0
2917 33.0
2918 0.0
2919 204.0
2920 32.0
2921 180.0
2922 175.0
2923 0.0
2924 32.0
2925 210.0
2926 204.0
2927 204.0
2928 6.0
2929 33.0
2930 204.0
2931 203.0
2932 0.0
2933 225.0
2934 0.0
2935 203.0
2936 0.0
2937 103.0
2938 185.0
2939 218.0
2940 32.0
2941 0.0
2942 180.0
2943 33.0
2944 32.0
2945 225.0
2946 162.0
2947 225.0
2948 1.0
2949 204.0
2950 32.0
2951 169.0
2952 225.0
2953 204.0
2954 33.0
2955 32.0
2956 225.0
2957 0.0
2958 251.0
2959 33.0
2960 204.0
2961 204.0
2962 204.0
2963 218.0
2964 204.0
2965 204.0
2966 204.0
2967 175.0
2968 31.0
2969 0.0
2970 32.0
2971 0.0
2972 225.0
2973 175.0
2974 219.0
2975 33.0
2976 204.0
2977 203.0
2978 0.0
2979 98.0
2980 204.0
2981 225.0
2982 0.0
2983 225.0
2984 204.0
2985 0.0
2986 203.0
2987 0.0
2988 103.0
2989 196.0
2990 204.0
2991 203.0
2992 203.0
2993 204.0
2994 225.0
2995 30.0
2996 251.0
2997 159.0
2998 225.0
2999 0.0
3000 199.0
3001 32.0
3002 203.0
3003 203.0
3004 204.0
3005 32.0
3006 0.0
3007 218.0
3008 204.0
3009 251.0
3010 33.0
3011 204.0
3012 204.0
3013 204.0
3014 32.0
3015 225.0
3016 180.0
3017 204.0
3018 0.0
3019 0.0
3020 204.0
3021 204.0
3022 0.0
3023 225.0
3024 175.0
3025 0.0
3026 33.0
3027 210.0
3028 61.0
3029 33.0
3030 32.0
3031 204.0
3032 175.0
3033 0.0
3034 204.0
3035 204.0
3036 0.0
3037 225.0
3038 0.0
3039 103.0
3040 180.0
3041 218.0
3042 203.0
3043 204.0
3044 0.0
3045 204.0
3046 0.0
3047 251.0
3048 32.0
3049 206.0
3050 1.0
3051 251.0
3052 32.0
3053 203.0
3054 32.0
3055 204.0
3056 32.0
3057 0.0
3058 204.0
3059 0.0
3060 251.0
3061 0.0
3062 0.0
3063 204.0
3064 203.0
3065 32.0
3066 251.0
3067 180.0
3068 204.0
3069 32.0
3070 0.0
3071 204.0
3072 0.0
3073 32.0
3074 245.0
3075 204.0
3076 204.0
3077 33.0
3078 32.0
3079 204.0
3080 33.0
3081 38.0
3082 33.0
3083 204.0
3084 33.0
3085 225.0
3086 204.0
3087 0.0
3088 175.0
3089 0.0
3090 218.0
3091 109.0
3092 204.0
3093 204.0
3094 203.0
3095 204.0
3096 251.0
3097 33.0
3098 225.0
3099 32.0
3100 225.0
3101 225.0
3102 204.0
3103 32.0
3104 169.0
3105 231.0
3106 204.0
3107 33.0
3108 204.0
3109 204.0
3110 0.0
3111 251.0
3112 0.0
3113 204.0
3114 103.0
3115 204.0
3116 32.0
3117 225.0
3118 251.0
3119 225.0
3120 204.0
3121 33.0
3122 203.0
3123 0.0
3124 32.0
3125 175.0
3126 175.0
3127 30.0
3128 32.0
3129 210.0
3130 204.0
3131 251.0
3132 6.0
3133 204.0
3134 204.0
3135 0.0
3136 0.0
3137 225.0
3138 0.0
3139 203.0
3140 0.0
3141 189.0
3142 185.0
3143 32.0
3144 32.0
3145 32.0
3146 186.0
3147 204.0
3148 203.0
3149 245.0
3150 0.0
3151 225.0
3152 0.0
3153 204.0
3154 32.0
3155 33.0
3156 98.0
3157 204.0
3158 218.0
3159 204.0
3160 218.0
3161 204.0
3162 251.0
3163 203.0
3164 204.0
3165 204.0
3166 204.0
3167 32.0
3168 204.0
3169 33.0
3170 204.0
3171 30.0
3172 203.0
3173 0.0
3174 32.0
3175 0.0
3176 204.0
3177 204.0
3178 175.0
3179 32.0
3180 210.0
3181 218.0
3182 0.0
3183 32.0
3184 204.0
3185 204.0
3186 175.0
3187 0.0
3188 225.0
3189 204.0
3190 32.0
3191 0.0
3192 199.0
3193 32.0
3194 225.0
3195 204.0
3196 203.0
3197 203.0
3198 204.0
3199 30.0
3200 180.0
3201 0.0
3202 0.0
3203 33.0
3204 225.0
3205 32.0
3206 203.0
3207 98.0
3208 204.0
3209 33.0
3210 204.0
3211 225.0
3212 204.0
3213 251.0
3214 204.0
3215 0.0
3216 203.0
3217 204.0
3218 33.0
3219 225.0
3220 204.0
3221 251.0
3222 204.0
3223 0.0
3224 204.0
3225 32.0
3226 30.0
3227 204.0
3228 30.0
3229 204.0
3230 33.0
3231 204.0
3232 203.0
3233 225.0
3234 32.0
3235 33.0
3236 204.0
3237 204.0
3238 203.0
3239 175.0
3240 0.0
3241 204.0
3242 0.0
3243 193.0
3244 204.0
3245 203.0
3246 33.0
3247 251.0
3248 0.0
3249 175.0
3250 33.0
3251 251.0
3252 0.0
3253 204.0
3254 1.0
3255 225.0
3256 32.0
3257 251.0
3258 33.0
3259 32.0
3260 203.0
3261 204.0
3262 204.0
3263 0.0
3264 251.0
3265 204.0
3266 204.0
3267 103.0
3268 203.0
3269 32.0
3270 225.0
3271 169.0
3272 175.0
3273 204.0
3274 33.0
3275 175.0
3276 218.0
3277 204.0
3278 180.0
3279 204.0
3280 175.0
3281 33.0
3282 204.0
3283 225.0
3284 204.0
3285 32.0
3286 218.0
3287 204.0
3288 0.0
3289 204.0
3290 204.0
3291 251.0
3292 225.0
3293 0.0
3294 199.0
3295 104.0
3296 0.0
3297 204.0
3298 158.0
3299 204.0
3300 199.0
3301 32.0
3302 204.0
3303 0.0
3304 225.0
3305 0.0
3306 204.0
3307 32.0
3308 169.0
3309 203.0
3310 204.0
3311 33.0
3312 204.0
3313 204.0
3314 0.0
3315 251.0
3316 203.0
3317 32.0
3318 225.0
3319 204.0
3320 32.0
3321 203.0
3322 218.0
3323 225.0
3324 175.0
3325 32.0
3326 32.0
3327 0.0
3328 32.0
3329 225.0
3330 204.0
3331 199.0
3332 203.0
3333 210.0
3334 204.0
3335 0.0
3336 32.0
3337 203.0
3338 204.0
3339 225.0
3340 204.0
3341 0.0
3342 19.0
3343 225.0
3344 32.0
3345 38.0
3346 185.0
3347 32.0
3348 203.0
3349 175.0
3350 175.0
3351 218.0
3352 30.0
3353 204.0
3354 0.0
3355 32.0
3356 33.0
3357 204.0
3358 32.0
3359 203.0
3360 32.0
3361 204.0
3362 32.0
3363 204.0
3364 23.0
3365 204.0
3366 251.0
3367 204.0
3368 98.0
3369 204.0
3370 204.0
3371 32.0
3372 225.0
3373 251.0
3374 225.0
3375 0.0
3376 0.0
3377 204.0
3378 32.0
3379 32.0
3380 240.0
3381 30.0
3382 175.0
3383 32.0
3384 32.0
3385 203.0
3386 251.0
3387 32.0
3388 204.0
3389 204.0
3390 203.0
3391 225.0
3392 175.0
3393 30.0
3394 240.0
3395 0.0
3396 204.0
3397 174.0
3398 32.0
3399 225.0
3400 231.0
3401 0.0
3402 204.0
3403 204.0
3404 191.0
3405 0.0
3406 225.0
3407 32.0
3408 225.0
3409 32.0
3410 203.0
3411 203.0
3412 225.0
3413 218.0
3414 0.0
3415 245.0
3416 30.0
3417 251.0
3418 0.0
3419 235.0
3420 204.0
3421 204.0
3422 32.0
3423 225.0
3424 225.0
3425 204.0
3426 204.0
3427 0.0
3428 204.0
3429 225.0
3430 0.0
3431 204.0
3432 32.0
3433 169.0
3434 33.0
3435 210.0
3436 218.0
3437 204.0
3438 32.0
3439 218.0
3440 175.0
3441 251.0
3442 204.0
3443 204.0
3444 225.0
3445 225.0
3446 0.0
3447 103.0
3448 203.0
3449 203.0
3450 14.0
3451 164.0
3452 203.0
3453 204.0
3454 32.0
3455 225.0
3456 0.0
3457 251.0
3458 1.0
3459 225.0
3460 32.0
3461 175.0
3462 32.0
3463 204.0
3464 3.0
3465 204.0
3466 204.0
3467 0.0
3468 251.0
3469 225.0
3470 251.0
3471 225.0
3472 204.0
3473 203.0
3474 204.0
3475 225.0
3476 251.0
3477 204.0
3478 1.0
3479 32.0
3480 0.0
3481 32.0
3482 225.0
3483 175.0
3484 169.0
3485 33.0
3486 203.0
3487 204.0
3488 225.0
3489 98.0
3490 33.0
3491 204.0
3492 204.0
3493 0.0
3494 225.0
3495 32.0
3496 225.0
3497 0.0
3498 199.0
3499 109.0
3500 225.0
3501 225.0
3502 158.0
3503 175.0
3504 225.0
3505 32.0
3506 204.0
3507 0.0
3508 251.0
3509 32.0
3510 251.0
3511 32.0
3512 203.0
3513 2.0
3514 225.0
3515 33.0
3516 204.0
3517 225.0
3518 0.0
3519 251.0
3520 203.0
3521 251.0
3522 204.0
3523 204.0
3524 32.0
3525 251.0
3526 225.0
3527 204.0
3528 0.0
3529 0.0
3530 204.0
3531 204.0
3532 32.0
3533 225.0
3534 204.0
3535 6.0
3536 32.0
3537 210.0
3538 251.0
3539 203.0
3540 6.0
3541 38.0
3542 225.0
3543 251.0
3544 225.0
3545 0.0
3546 175.0
3547 204.0
3548 0.0
3549 203.0
3550 185.0
3551 32.0
3552 251.0
3553 0.0
3554 0.0
3555 199.0
3556 30.0
3557 32.0
3558 1.0
3559 251.0
3560 32.0
3561 225.0
3562 32.0
3563 251.0
3564 203.0
3565 204.0
3566 252.0
3567 204.0
3568 0.0
3569 0.0
3570 252.0
3571 0.0
3572 203.0
3573 204.0
3574 251.0
3575 32.0
3576 204.0
3577 32.0
3578 204.0
3579 204.0
3580 0.0
3581 203.0
3582 32.0
3583 0.0
3584 204.0
3585 25.0
3586 204.0
3587 0.0
3588 204.0
3589 251.0
3590 0.0
3591 109.0
3592 203.0
3593 204.0
3594 225.0
3595 204.0
3596 204.0
3597 0.0
3598 251.0
3599 0.0
3600 179.0
3601 109.0
3602 32.0
3603 0.0
3604 158.0
3605 0.0
3606 225.0
3607 169.0
3608 204.0
3609 0.0
3610 246.0
3611 0.0
3612 0.0
3613 32.0
3614 204.0
3615 204.0
3616 23.0
3617 33.0
3618 251.0
3619 240.0
3620 0.0
3621 252.0
3622 33.0
3623 251.0
3624 193.0
3625 251.0
3626 32.0
3627 251.0
3628 204.0
3629 252.0
3630 225.0
3631 203.0
3632 204.0
3633 1.0
3634 0.0
3635 0.0
3636 240.0
3637 204.0
3638 191.0
3639 204.0
3640 204.0
3641 203.0
3642 0.0
3643 204.0
3644 204.0
3645 245.0
3646 203.0
3647 231.0
3648 32.0
3649 204.0
3650 0.0
3651 33.0
3652 33.0
3653 203.0
3654 252.0
3655 0.0
3656 175.0
3657 204.0
3658 98.0
3659 218.0
3660 1.0
3661 225.0
3662 245.0
3663 0.0
3664 32.0
3665 204.0
3666 252.0
3667 225.0
3668 33.0
3669 0.0
3670 225.0
3671 0.0
3672 252.0
3673 0.0
3674 0.0
3675 231.0
3676 204.0
3677 32.0
3678 175.0
3679 204.0
3680 203.0
3681 204.0
3682 32.0
3683 203.0
3684 204.0
3685 0.0
3686 199.0
3687 204.0
3688 252.0
3689 185.0
3690 0.0
3691 204.0
3692 204.0
3693 32.0
3694 175.0
3695 0.0
3696 0.0
3697 33.0
3698 0.0
3699 169.0
3700 225.0
3701 0.0
3702 225.0
3703 204.0
3704 204.0
3705 251.0
3706 0.0
3707 204.0
3708 0.0
3709 33.0
3710 203.0
3711 0.0
3712 32.0
3713 33.0
3714 204.0
3715 32.0
3716 204.0
3717 204.0
3718 204.0
3719 32.0
3720 0.0
3721 218.0
3722 33.0
3723 252.0
3724 204.0
3725 218.0
3726 204.0
3727 204.0
3728 32.0
3729 252.0
3730 251.0
3731 203.0
3732 0.0
3733 0.0
3734 11.0
3735 0.0
3736 0.0
3737 240.0
3738 25.0
3739 0.0
3740 32.0
3741 175.0
3742 204.0
3743 203.0
3744 0.0
3745 32.0
3746 204.0
3747 204.0
3748 32.0
3749 204.0
3750 0.0
3751 225.0
3752 0.0
3753 203.0
3754 204.0
3755 32.0
3756 252.0
3757 0.0
3758 0.0
3759 204.0
3760 0.0
3761 251.0
3762 0.0
3763 252.0
3764 0.0
3765 251.0
3766 32.0
3767 175.0
3768 252.0
3769 32.0
3770 32.0
3771 0.0
3772 32.0
3773 30.0
3774 252.0
3775 203.0
3776 218.0
3777 231.0
3778 251.0
3779 32.0
3780 204.0
3781 203.0
3782 204.0
3783 203.0
3784 0.0
3785 225.0
3786 0.0
3787 204.0
3788 175.0
3789 240.0
3790 103.0
3791 185.0
3792 32.0
3793 251.0
3794 203.0
3795 32.0
3796 1.0
3797 251.0
3798 204.0
3799 204.0
3800 204.0
3801 32.0
3802 203.0
3803 0.0
3804 245.0
3805 203.0
3806 203.0
3807 0.0
3808 0.0
3809 0.0
3810 33.0
3811 169.0
3812 225.0
3813 0.0
3814 231.0
3815 0.0
3816 1.0
3817 32.0
3818 204.0
3819 33.0
3820 25.0
3821 204.0
3822 204.0
3823 0.0
3824 203.0
3825 252.0
3826 0.0
3827 0.0
3828 251.0
3829 204.0
3830 32.0
3831 251.0
3832 204.0
3833 33.0
3834 204.0
3835 0.0
3836 204.0
3837 251.0
3838 0.0
3839 225.0
3840 203.0
3841 0.0
3842 174.0
3843 210.0
3844 204.0
3845 245.0
3846 146.0
3847 1.0
3848 0.0
3849 0.0
3850 225.0
3851 0.0
3852 25.0
3853 231.0
3854 0.0
3855 203.0
3856 103.0
3857 33.0
3858 252.0
3859 203.0
3860 204.0
3861 0.0
3862 204.0
3863 225.0
3864 0.0
3865 231.0
3866 33.0
3867 33.0
3868 32.0
3869 204.0
3870 252.0
3871 210.0
3872 32.0
3873 204.0
3874 245.0
3875 0.0
3876 252.0
3877 203.0
3878 0.0
3879 204.0
3880 199.0
3881 204.0
3882 32.0
3883 32.0
3884 33.0
3885 251.0
3886 32.0
3887 225.0
3888 32.0
3889 0.0
3890 245.0
3891 32.0
3892 0.0
3893 32.0
3894 0.0
3895 204.0
3896 0.0
3897 191.0
3898 204.0
3899 204.0
3900 32.0
3901 204.0
3902 231.0
3903 30.0
3904 193.0
3905 0.0
3906 203.0
3907 203.0
3908 203.0
3909 204.0
3910 0.0
3911 175.0
3912 0.0
3913 32.0
3914 32.0
3915 0.0
3916 32.0
3917 251.0
3918 225.0
3919 32.0
3920 33.0
3921 204.0
3922 212.0
3923 32.0
3924 204.0
3925 218.0
3926 204.0
3927 252.0
3928 204.0
3929 203.0
3930 204.0
3931 251.0
3932 32.0
3933 204.0
3934 251.0
3935 33.0
3936 0.0
3937 204.0
3938 6.0
3939 204.0
3940 30.0
3941 180.0
3942 32.0
3943 98.0
3944 32.0
3945 204.0
3946 251.0
3947 245.0
3948 204.0
3949 217.0
3950 204.0
3951 32.0
3952 225.0
3953 231.0
3954 169.0
3955 32.0
3956 0.0
3957 203.0
3958 103.0
3959 240.0
3960 204.0
3961 169.0
3962 251.0
3963 204.0
3964 252.0
3965 32.0
3966 0.0
3967 252.0
3968 0.0
3969 0.0
3970 32.0
3971 204.0
3972 33.0
3973 0.0
3974 204.0
3975 252.0
3976 231.0
3977 0.0
3978 252.0
3979 33.0
3980 218.0
3981 251.0
3982 204.0
3983 32.0
3984 251.0
3985 218.0
3986 32.0
3987 225.0
3988 0.0
3989 204.0
3990 30.0
3991 0.0
3992 32.0
3993 203.0
3994 0.0
3995 191.0
3996 203.0
3997 204.0
3998 30.0
3999 204.0
4000 0.0
4001 0.0
4002 32.0
4003 225.0
4004 204.0
4005 32.0
4006 204.0
4007 0.0
4008 225.0
4009 203.0
4010 204.0
4011 204.0
4012 175.0
4013 204.0
4014 204.0
4015 169.0
4016 203.0
4017 0.0
4018 231.0
4019 251.0
4020 0.0
4021 32.0
4022 203.0
4023 33.0
4024 225.0
4025 32.0
4026 231.0
4027 0.0
4028 0.0
4029 252.0
4030 251.0
4031 231.0
4032 203.0
4033 251.0
4034 251.0
4035 32.0
4036 225.0
4037 32.0
4038 0.0
4039 0.0
4040 251.0
4041 204.0
4042 0.0
4043 204.0
4044 218.0
4045 0.0
4046 204.0
4047 210.0
4048 251.0
4049 0.0
4050 251.0
4051 33.0
4052 225.0
4053 32.0
4054 245.0
4055 204.0
4056 252.0
4057 225.0
4058 0.0
4059 203.0
4060 203.0
4061 204.0
4062 204.0
4063 164.0
4064 204.0
4065 204.0
4066 203.0
4067 32.0
4068 0.0
4069 231.0
4070 204.0
4071 199.0
4072 32.0
4073 32.0
4074 175.0
4075 252.0
4076 32.0
4077 252.0
4078 203.0
4079 25.0
4080 252.0
4081 204.0
4082 203.0
4083 225.0
4084 251.0
4085 203.0
4086 204.0
4087 0.0
4088 32.0
4089 0.0
4090 203.0
4091 6.0
4092 0.0
4093 0.0
4094 204.0
4095 32.0
4096 93.0
4097 32.0
4098 0.0
4099 251.0
4100 30.0
4101 252.0
4102 204.0
4103 251.0
4104 32.0
4105 204.0
4106 231.0
4107 18.0
4108 251.0
4109 0.0
4110 204.0
4111 204.0
4112 6.0
4113 252.0
4114 169.0
4115 231.0
4116 0.0
4117 252.0
4118 32.0
4119 0.0
4120 252.0
4121 204.0
4122 203.0
4123 32.0
4124 251.0
4125 252.0
4126 204.0
4127 32.0
4128 204.0
4129 245.0
4130 25.0
4131 252.0
4132 175.0
4133 203.0
4134 204.0
4135 251.0
4136 204.0
4137 204.0
4138 1.0
4139 32.0
4140 204.0
4141 32.0
4142 252.0
4143 0.0
4144 0.0
4145 103.0
4146 32.0
4147 251.0
4148 185.0
4149 32.0
4150 251.0
4151 10.0
4152 204.0
4153 0.0
4154 204.0
4155 32.0
4156 33.0
4157 231.0
4158 33.0
4159 231.0
4160 0.0
4161 218.0
4162 203.0
4163 204.0
4164 204.0
4165 169.0
4166 251.0
4167 33.0
4168 0.0
4169 204.0
4170 32.0
4171 251.0
4172 0.0
4173 0.0
4174 32.0
4175 203.0
4176 33.0
4177 225.0
4178 32.0
4179 231.0
4180 0.0
4181 25.0
4182 252.0
4183 32.0
4184 252.0
4185 225.0
4186 231.0
4187 204.0
4188 251.0
4189 33.0
4190 204.0
4191 251.0
4192 203.0
4193 204.0
4194 251.0
4195 0.0
4196 38.0
4197 240.0
4198 0.0
4199 191.0
4200 203.0
4201 204.0
4202 32.0
4203 251.0
4204 8.0
4205 204.0
4206 32.0
4207 30.0
4208 204.0
4209 204.0
4210 32.0
4211 0.0
4212 203.0
4213 180.0
4214 32.0
4215 204.0
4216 204.0
4217 231.0
4218 32.0
4219 231.0
4220 225.0
4221 203.0
4222 252.0
4223 251.0
4224 251.0
4225 32.0
4226 33.0
4227 203.0
4228 225.0
4229 32.0
4230 252.0
4231 252.0
4232 25.0
4233 252.0
4234 251.0
4235 0.0
4236 204.0
4237 251.0
4238 32.0
4239 204.0
4240 252.0
4241 32.0
4242 0.0
4243 0.0
4244 252.0
4245 32.0
4246 25.0
4247 204.0
4248 231.0
4249 232.0
4250 32.0
4251 251.0
4252 251.0
4253 225.0
4254 6.0
4255 221.0
4256 251.0
4257 210.0
4258 203.0
4259 231.0
4260 0.0
4261 251.0
4262 0.0
4263 203.0
4264 33.0
4265 251.0
4266 252.0
4267 0.0
4268 231.0
4269 0.0
4270 203.0
4271 32.0
4272 131.0
4273 231.0
4274 204.0
4275 251.0
4276 32.0
4277 204.0
4278 33.0
4279 251.0
4280 32.0
4281 204.0
4282 225.0
4283 0.0
4284 252.0
4285 225.0
4286 204.0
4287 204.0
4288 199.0
4289 32.0
4290 204.0
4291 0.0
4292 33.0
4293 204.0
4294 0.0
4295 251.0
4296 0.0
4297 0.0
4298 245.0
4299 251.0
4300 204.0
4301 169.0
4302 32.0
4303 231.0
4304 30.0
4305 251.0
4306 204.0
4307 0.0
4308 32.0
4309 32.0
4310 225.0
4311 251.0
4312 251.0
4313 0.0
4314 225.0
4315 50.0
4316 251.0
4317 231.0
4318 158.0
4319 251.0
4320 0.0
4321 0.0
4322 218.0
4323 163.0
4324 32.0
4325 0.0
4326 218.0
4327 32.0
4328 203.0
4329 38.0
4330 204.0
4331 251.0
4332 252.0
4333 203.0
4334 25.0
4335 252.0
4336 32.0
4337 204.0
4338 204.0
4339 204.0
4340 32.0
4341 251.0
4342 204.0
4343 33.0
4344 204.0
4345 32.0
4346 252.0
4347 204.0
4348 32.0
4349 32.0
4350 251.0
4351 0.0
4352 169.0
4353 32.0
4354 204.0
4355 0.0
4356 251.0
4357 0.0
4358 199.0
4359 32.0
4360 252.0
4361 204.0
4362 204.0
4363 252.0
4364 0.0
4365 251.0
4366 203.0
4367 32.0
4368 251.0
4369 169.0
4370 251.0
4371 204.0
4372 252.0
4373 225.0
4374 0.0
4375 32.0
4376 0.0
4377 0.0
4378 32.0
4379 203.0
4380 252.0
4381 204.0
4382 33.0
4383 231.0
4384 0.0
4385 25.0
4386 252.0
4387 32.0
4388 204.0
4389 251.0
4390 251.0
4391 32.0
4392 204.0
4393 1.0
4394 32.0
4395 204.0
4396 0.0
4397 204.0
4398 204.0
4399 0.0
4400 33.0
4401 240.0
4402 232.0
4403 204.0
4404 225.0
4405 252.0
4406 0.0
4407 204.0
4408 5.0
4409 204.0
4410 0.0
4411 32.0
4412 204.0
4413 0.0
4414 25.0
4415 0.0
4416 204.0
4417 32.0
4418 0.0
4419 204.0
4420 158.0
4421 204.0
4422 0.0
4423 203.0
4424 251.0
4425 251.0
4426 32.0
4427 204.0
4428 251.0
4429 32.0
4430 204.0
4431 204.0
4432 204.0
4433 32.0
4434 204.0
4435 204.0
4436 25.0
4437 252.0
4438 204.0
4439 0.0
4440 199.0
4441 251.0
4442 32.0
4443 204.0
4444 0.0
4445 33.0
4446 0.0
4447 0.0
4448 225.0
4449 204.0
4450 32.0
4451 204.0
4452 32.0
4453 232.0
4454 32.0
4455 203.0
4456 0.0
4457 0.0
4458 251.0
4459 204.0
4460 204.0
4461 0.0
4462 32.0
4463 231.0
4464 0.0
4465 25.0
4466 0.0
4467 204.0
4468 104.0
4469 251.0
4470 204.0
4471 158.0
4472 204.0
4473 0.0
4474 251.0
4475 251.0
4476 203.0
4477 231.0
4478 251.0
4479 204.0
4480 32.0
4481 175.0
4482 33.0
4483 231.0
4484 204.0
4485 251.0
4486 0.0
4487 19.0
4488 252.0
4489 225.0
4490 204.0
4491 251.0
4492 251.0
4493 32.0
4494 32.0
4495 203.0
4496 32.0
4497 225.0
4498 30.0
4499 252.0
4500 0.0
4501 30.0
4502 204.0
4503 240.0
4504 0.0
4505 32.0
4506 204.0
4507 0.0
4508 0.0
4509 252.0
4510 0.0
4511 204.0
4512 32.0
4513 252.0
4514 231.0
4515 225.0
4516 235.0
4517 0.0
4518 225.0
4519 185.0
4520 204.0
4521 204.0
4522 204.0
4523 204.0
4524 251.0
4525 0.0
4526 251.0
4527 0.0
4528 252.0
4529 0.0
4530 251.0
4531 32.0
4532 204.0
4533 33.0
4534 251.0
4535 32.0
4536 252.0
4537 252.0
4538 25.0
4539 252.0
4540 32.0
4541 252.0
4542 251.0
4543 251.0
4544 32.0
4545 204.0
4546 1.0
4547 204.0
4548 204.0
4549 32.0
4550 252.0
4551 204.0
4552 0.0
4553 33.0
4554 251.0
4555 0.0
4556 174.0
4557 218.0
4558 204.0
4559 0.0
4560 251.0
4561 203.0
4562 251.0
4563 251.0
4564 33.0
4565 204.0
4566 245.0
4567 251.0
4568 0.0
4569 251.0
4570 109.0
4571 0.0
4572 204.0
4573 203.0
4574 203.0
4575 0.0
4576 245.0
4577 218.0
4578 0.0
4579 32.0
4580 0.0
4581 0.0
4582 32.0
4583 251.0
4584 204.0
4585 251.0
4586 32.0
4587 0.0
4588 225.0
4589 25.0
4590 252.0
4591 252.0
4592 0.0
4593 252.0
4594 225.0
4595 32.0
4596 204.0
4597 1.0
4598 33.0
4599 199.0
4600 0.0
4601 204.0
4602 204.0
4603 175.0
4604 180.0
4605 251.0
4606 251.0
4607 32.0
4608 251.0
4609 0.0
4610 0.0
4611 204.0
4612 38.0
4613 204.0
4614 0.0
4615 32.0
4616 231.0
4617 204.0
4618 0.0
4619 0.0
4620 0.0
4621 204.0
4622 231.0
4623 231.0
4624 204.0
4625 0.0
4626 251.0
4627 252.0
4628 0.0
4629 251.0
4630 32.0
4631 0.0
4632 204.0
4633 32.0
4634 218.0
4635 204.0
4636 204.0
4637 204.0
4638 251.0
4639 251.0
4640 25.0
4641 252.0
4642 225.0
4643 204.0
4644 204.0
4645 225.0
4646 32.0
4647 32.0
4648 33.0
4649 204.0
4650 0.0
4651 31.0
4652 225.0
4653 3.0
4654 0.0
4655 204.0
4656 204.0
4657 204.0
4658 185.0
4659 203.0
4660 252.0
4661 204.0
4662 204.0
4663 32.0
4664 204.0
4665 32.0
4666 204.0
4667 231.0
4668 204.0
4669 180.0
4670 0.0
4671 251.0
4672 203.0
4673 251.0
4674 0.0
4675 158.0
4676 203.0
4677 204.0
4678 252.0
4679 204.0
4680 204.0
4681 225.0
4682 204.0
4683 203.0
4684 32.0
4685 204.0
4686 33.0
4687 251.0
4688 203.0
4689 251.0
4690 252.0
4691 0.0
4692 252.0
4693 0.0
4694 252.0
4695 231.0
4696 225.0
4697 32.0
4698 204.0
4699 203.0
4700 33.0
4701 204.0
4702 32.0
4703 251.0
4704 204.0
4705 204.0
4706 204.0
4707 204.0
4708 0.0
4709 174.0
4710 204.0
4711 251.0
4712 0.0
4713 251.0
4714 1.0
4715 204.0
4716 0.0
4717 32.0
4718 0.0
4719 245.0
4720 204.0
4721 0.0
4722 218.0
4723 32.0
4724 252.0
4725 231.0
4726 204.0
4727 251.0
4728 204.0
4729 252.0
4730 252.0
4731 204.0
4732 225.0
4733 204.0
4734 204.0
4735 32.0
4736 204.0
4737 33.0
4738 252.0
4739 33.0
4740 252.0
4741 252.0
4742 0.0
4743 252.0
4744 175.0
4745 204.0
4746 252.0
4747 251.0
4748 32.0
4749 251.0
4750 1.0
4751 32.0
4752 251.0
4753 0.0
4754 252.0
4755 204.0
4756 32.0
4757 33.0
4758 251.0
4759 0.0
4760 32.0
4761 204.0
4762 252.0
4763 32.0
4764 204.0
4765 1.0
4766 225.0
4767 0.0
4768 32.0
4769 251.0
4770 231.0
4771 38.0
4772 0.0
4773 225.0
4774 33.0
4775 30.0
4776 251.0
4777 204.0
4778 0.0
4779 0.0
4780 231.0
4781 0.0
4782 0.0
4783 252.0
4784 0.0
4785 252.0
4786 32.0
4787 225.0
4788 203.0
4789 252.0
4790 0.0
4791 251.0
4792 252.0
4793 19.0
4794 252.0
4795 251.0
4796 0.0
4797 252.0
4798 251.0
4799 32.0
4800 231.0
4801 1.0
4802 33.0
4803 204.0
4804 25.0
4805 204.0
4806 251.0
4807 32.0
4808 204.0
4809 251.0
4810 0.0
4811 204.0
4812 175.0
4813 6.0
4814 240.0
4815 204.0
4816 0.0
4817 204.0
4818 225.0
4819 32.0
4820 203.0
4821 164.0
4822 204.0
4823 0.0
4824 1.0
4825 104.0
4826 204.0
4827 252.0
4828 209.0
4829 204.0
4830 251.0
4831 251.0
4832 251.0
4833 204.0
4834 32.0
4835 204.0
4836 0.0
4837 32.0
4838 199.0
4839 203.0
4840 252.0
4841 33.0
4842 251.0
4843 252.0
4844 25.0
4845 252.0
4846 32.0
4847 0.0
4848 231.0
4849 251.0
4850 32.0
4851 231.0
4852 33.0
4853 251.0
4854 251.0
4855 32.0
4856 204.0
4857 203.0
4858 32.0
4859 204.0
4860 204.0
4861 203.0
4862 191.0
4863 204.0
4864 252.0
4865 204.0
4866 251.0
4867 0.0
4868 252.0
4869 218.0
4870 32.0
4871 203.0
4872 252.0
4873 180.0
4874 0.0
4875 204.0
4876 204.0
4877 251.0
4878 204.0
4879 175.0
4880 203.0
4881 204.0
4882 252.0
4883 225.0
4884 225.0
4885 252.0
4886 204.0
4887 251.0
4888 32.0
4889 251.0
4890 33.0
4891 204.0
4892 252.0
4893 251.0
4894 251.0
4895 25.0
4896 252.0
4897 240.0
4898 218.0
4899 252.0
4900 225.0
4901 32.0
4902 32.0
4903 225.0
4904 204.0
4905 204.0
4906 32.0
4907 252.0
4908 218.0
4909 32.0
4910 204.0
4911 251.0
4912 0.0
4913 32.0
4914 251.0
4915 251.0
4916 252.0
4917 191.0
4918 175.0
4919 204.0
4920 224.0
4921 18.0
4922 231.0
4923 231.0
4924 231.0
4925 0.0
4926 225.0
4927 32.0
4928 252.0
4929 251.0
4930 204.0
4931 251.0
4932 245.0
4933 252.0
4934 0.0
4935 0.0
4936 231.0
4937 204.0
4938 251.0
4939 32.0
4940 231.0
4941 204.0
4942 252.0
4943 0.0
4944 252.0
4945 252.0
4946 0.0
4947 252.0
4948 251.0
4949 218.0
4950 252.0
4951 199.0
4952 32.0
4953 251.0
4954 0.0
4955 203.0
4956 251.0
4957 204.0
4958 204.0
4959 204.0
4960 32.0
4961 33.0
4962 240.0
4963 204.0
4964 32.0
4965 175.0
4966 231.0
4967 203.0
4968 204.0
4969 0.0
4970 252.0
4971 252.0
4972 32.0
4973 204.0
4974 225.0
4975 235.0
4976 26.0
4977 225.0
4978 204.0
4979 1.0
4980 204.0
4981 0.0
4982 204.0
4983 0.0
4984 251.0
4985 0.0
4986 204.0
4987 251.0
4988 0.0
4989 0.0
4990 32.0
4991 225.0
4992 33.0
4993 252.0
4994 252.0
4995 251.0
4996 252.0
4997 25.0
4998 252.0
4999 252.0
5000 0.0
5001 204.0
5002 251.0
5003 204.0
5004 231.0
5005 0.0
5006 203.0
5007 204.0
5008 0.0
5009 204.0
5010 204.0
5011 32.0
5012 204.0
5013 240.0
5014 0.0
5015 191.0
5016 251.0
5017 251.0
5018 251.0
5019 32.0
5020 175.0
5021 204.0
5022 0.0
5023 32.0
5024 203.0
5025 204.0
5026 32.0
5027 0.0
5028 252.0
5029 174.0
5030 225.0
5031 0.0
5032 0.0
5033 204.0
5034 32.0
5035 225.0
5036 252.0
5037 225.0
5038 32.0
5039 32.0
5040 251.0
5041 32.0
5042 0.0
5043 252.0
5044 252.0
5045 204.0
5046 225.0
5047 252.0
5048 25.0
5049 252.0
5050 252.0
5051 203.0
5052 231.0
5053 252.0
5054 32.0
5055 32.0
5056 252.0
5057 204.0
5058 175.0
5059 25.0
5060 251.0
5061 32.0
5062 32.0
5063 180.0
5064 251.0
5065 204.0
5066 191.0
5067 204.0
5068 252.0
5069 252.0
5070 251.0
5071 0.0
5072 252.0
5073 252.0
5074 32.0
5075 251.0
5076 204.0
5077 180.0
5078 0.0
5079 6.0
5080 0.0
5081 252.0
5082 252.0
5083 203.0
5084 175.0
5085 245.0
5086 251.0
5087 225.0
5088 0.0
5089 252.0
5090 204.0
5091 251.0
5092 32.0
5093 225.0
5094 204.0
5095 204.0
5096 0.0
5097 251.0
5098 252.0
5099 0.0
5100 252.0
