1 0.0
2 32.0
3 0.0
4 0.0
5 0.0
6 0.0
7 33.0
8 0.0
9 32.0
10 14.0
11 98.0
12 0.0
13 203.0
14 169.0
15 32.0
16 38.0
17 203.0
18 0.0
19 174.0
20 0.0
21 0.0
22 175.0
23 25.0
24 98.0
25 0.0
26 38.0
27 0.0
28 0.0
29 203.0
30 32.0
31 204.0
32 0.0
33 6.0
34 0.0
35 203.0
36 32.0
37 164.0
38 0.0
39 103.0
40 103.0
41 169.0
42 203.0
43 185.0
44 0.0
45 203.0
46 25.0
47 0.0
48 0.0
49 32.0
50 203.0
51 204.0
52 203.0
53 32.0
54 203.0
55 0.0
56 0.0
57 0.0
58 33.0
59 160.0
60 32.0
61 92.0
62 98.0
63 0.0
64 203.0
65 203.0
66 33.0
67 38.0
68 203.0
69 203.0
70 174.0
71 0.0
72 180.0
73 175.0
74 0.0
75 98.0
76 203.0
77 38.0
78 0.0
79 203.0
80 203.0
81 38.0
82 204.0
83 223.0
84 6.0
85 0.0
86 203.0
87 1.0
88 164.0
89 164.0
90 103.0
91 38.0
92 44.0
93 203.0
94 0.0
95 203.0
96 203.0
97 204.0
98 30.0
99 32.0
100 203.0
101 203.0
102 223.0
103 0.0
104 32.0
105 203.0
106 25.0
107 0.0
108 0.0
109 160.0
110 32.0
111 160.0
112 203.0
113 98.0
114 0.0
115 203.0
116 203.0
117 14.0
118 38.0
119 203.0
120 203.0
121 203.0
122 164.0
123 180.0
124 180.0
125 25.0
126 203.0
127 203.0
128 204.0
129 203.0
130 0.0
131 203.0
132 204.0
133 203.0
134 103.0
135 0.0
136 3.0
137 203.0
138 33.0
139 164.0
140 0.0
141 98.0
142 38.0
143 43.0
144 203.0
145 32.0
146 204.0
147 204.0
148 33.0
149 203.0
150 204.0
151 204.0
152 203.0
153 223.0
154 0.0
155 203.0
156 203.0
157 203.0
158 33.0
159 0.0
160 19.0
161 0.0
162 32.0
163 203.0
164 203.0
165 203.0
166 203.0
167 203.0
168 203.0
169 32.0
170 203.0
171 203.0
172 38.0
173 38.0
174 180.0
175 180.0
176 203.0
177 203.0
178 38.0
179 204.0
180 203.0
181 25.0
182 203.0
183 109.0
184 203.0
185 204.0
186 251.0
187 3.0
188 203.0
189 33.0
190 164.0
191 0.0
192 164.0
193 180.0
194 169.0
195 203.0
196 0.0
197 169.0
198 175.0
199 203.0
200 32.0
201 204.0
202 203.0
203 203.0
204 251.0
205 0.0
206 203.0
207 32.0
208 32.0
209 203.0
210 0.0
211 33.0
212 32.0
213 203.0
214 203.0
215 203.0
216 203.0
217 203.0
218 0.0
219 204.0
220 252.0
221 203.0
222 38.0
223 169.0
224 20.0
225 169.0
226 180.0
227 203.0
228 109.0
229 0.0
230 199.0
231 1.0
232 203.0
233 203.0
234 38.0
235 204.0
236 103.0
237 203.0
238 203.0
239 203.0
240 1.0
241 164.0
242 0.0
243 32.0
244 98.0
245 32.0
246 203.0
247 204.0
248 204.0
249 203.0
250 203.0
251 169.0
252 203.0
253 204.0
254 203.0
255 252.0
256 203.0
257 204.0
258 32.0
259 203.0
260 203.0
261 203.0
262 160.0
263 32.0
264 0.0
265 98.0
266 203.0
267 203.0
268 203.0
269 204.0
270 203.0
271 251.0
272 203.0
273 203.0
274 38.0
275 203.0
276 180.0
277 203.0
278 203.0
279 203.0
280 0.0
281 203.0
282 25.0
283 25.0
284 204.0
285 191.0
286 204.0
287 103.0
288 180.0
289 0.0
290 203.0
291 0.0
292 164.0
293 169.0
294 164.0
295 204.0
296 203.0
297 204.0
298 98.0
299 204.0
300 204.0
301 204.0
302 164.0
303 32.0
304 204.0
305 203.0
306 252.0
307 33.0
308 204.0
309 203.0
310 203.0
311 203.0
312 33.0
313 203.0
314 30.0
315 33.0
316 203.0
317 203.0
318 0.0
319 204.0
320 204.0
321 251.0
322 251.0
323 169.0
324 203.0
325 38.0
326 25.0
327 169.0
328 38.0
329 203.0
330 203.0
331 203.0
332 204.0
333 25.0
334 180.0
335 109.0
336 109.0
337 203.0
338 0.0
339 191.0
340 0.0
341 203.0
342 33.0
343 169.0
344 169.0
345 109.0
346 180.0
347 203.0
348 204.0
349 204.0
350 169.0
351 204.0
352 175.0
353 32.0
354 204.0
355 204.0
356 32.0
357 252.0
358 203.0
359 204.0
360 204.0
361 32.0
362 204.0
363 203.0
364 203.0
365 109.0
366 32.0
367 203.0
368 203.0
369 204.0
370 204.0
371 204.0
372 203.0
373 203.0
374 169.0
375 38.0
376 25.0
377 25.0
378 203.0
379 203.0
380 203.0
381 203.0
382 203.0
383 199.0
384 30.0
385 169.0
386 203.0
387 0.0
388 204.0
389 203.0
390 203.0
391 0.0
392 203.0
393 33.0
394 169.0
395 20.0
396 169.0
397 98.0
398 204.0
399 32.0
400 0.0
401 169.0
402 204.0
403 203.0
404 175.0
405 204.0
406 204.0
407 203.0
408 252.0
409 159.0
410 204.0
411 32.0
412 204.0
413 204.0
414 204.0
415 25.0
416 38.0
417 0.0
418 203.0
419 204.0
420 204.0
421 204.0
422 203.0
423 203.0
424 185.0
425 252.0
426 38.0
427 38.0
428 38.0
429 203.0
430 203.0
431 203.0
432 98.0
433 203.0
434 204.0
435 25.0
436 203.0
437 204.0
438 32.0
439 203.0
440 204.0
441 203.0
442 0.0
443 203.0
444 0.0
445 164.0
446 169.0
447 32.0
448 203.0
449 32.0
450 33.0
451 169.0
452 203.0
453 204.0
454 204.0
455 169.0
456 32.0
457 204.0
458 203.0
459 252.0
460 203.0
461 204.0
462 203.0
463 203.0
464 203.0
465 25.0
466 32.0
467 32.0
468 0.0
469 204.0
470 203.0
471 204.0
472 203.0
473 203.0
474 251.0
475 203.0
476 251.0
477 251.0
478 38.0
479 38.0
480 203.0
481 32.0
482 203.0
483 203.0
484 0.0
485 204.0
486 0.0
487 203.0
488 204.0
489 38.0
490 204.0
491 204.0
492 223.0
493 0.0
494 203.0
495 1.0
496 0.0
497 169.0
498 109.0
499 180.0
500 203.0
501 204.0
502 203.0
503 169.0
504 175.0
505 33.0
506 204.0
507 203.0
508 204.0
509 203.0
510 252.0
511 203.0
512 203.0
513 32.0
514 204.0
515 204.0
516 203.0
517 204.0
518 1.0
519 30.0
520 32.0
521 204.0
522 0.0
523 204.0
524 204.0
525 203.0
526 203.0
527 204.0
528 251.0
529 203.0
530 38.0
531 169.0
532 203.0
533 203.0
534 203.0
535 0.0
536 203.0
537 25.0
538 169.0
539 109.0
540 109.0
541 204.0
542 204.0
543 203.0
544 0.0
545 203.0
546 32.0
547 164.0
548 164.0
549 180.0
550 38.0
551 204.0
552 204.0
553 0.0
554 204.0
555 204.0
556 204.0
557 32.0
558 204.0
559 204.0
560 203.0
561 252.0
562 203.0
563 204.0
564 203.0
565 32.0
566 204.0
567 203.0
568 38.0
569 203.0
570 30.0
571 203.0
572 203.0
573 204.0
574 204.0
575 203.0
576 251.0
577 251.0
578 204.0
579 204.0
580 203.0
581 203.0
582 169.0
583 203.0
584 203.0
585 203.0
586 204.0
587 38.0
588 38.0
589 30.0
590 109.0
591 204.0
592 204.0
593 204.0
594 251.0
595 0.0
596 203.0
597 1.0
598 169.0
599 0.0
600 169.0
601 98.0
602 204.0
603 203.0
604 204.0
605 203.0
606 204.0
607 203.0
608 32.0
609 32.0
610 204.0
611 203.0
612 252.0
613 0.0
614 204.0
615 203.0
616 32.0
617 204.0
618 25.0
619 204.0
620 204.0
621 25.0
622 204.0
623 204.0
624 203.0
625 204.0
626 203.0
627 203.0
628 204.0
629 251.0
630 38.0
631 185.0
632 169.0
633 180.0
634 203.0
635 0.0
636 38.0
637 203.0
638 204.0
639 203.0
640 203.0
641 203.0
642 38.0
643 223.0
644 203.0
645 251.0
646 0.0
647 203.0
648 203.0
649 169.0
650 0.0
651 180.0
652 180.0
653 180.0
654 203.0
655 98.0
656 204.0
657 175.0
658 33.0
659 32.0
660 204.0
661 204.0
662 204.0
663 252.0
664 158.0
665 203.0
666 203.0
667 204.0
668 203.0
669 203.0
670 25.0
671 38.0
672 0.0
673 32.0
674 203.0
675 204.0
676 204.0
677 204.0
678 203.0
679 251.0
680 251.0
681 315.0
682 203.0
683 38.0
684 0.0
685 203.0
686 203.0
687 6.0
688 204.0
689 204.0
690 203.0
691 203.0
692 203.0
693 180.0
694 203.0
695 203.0
696 231.0
697 0.0
698 203.0
699 32.0
700 169.0
701 169.0
702 180.0
703 180.0
704 203.0
705 203.0
706 0.0
707 204.0
708 204.0
709 175.0
710 32.0
711 204.0
712 204.0
713 203.0
714 315.0
715 203.0
716 204.0
717 203.0
718 203.0
719 203.0
720 203.0
721 203.0
722 204.0
723 0.0
724 32.0
725 204.0
726 204.0
727 204.0
728 204.0
729 251.0
730 203.0
731 331.0
732 203.0
733 203.0
734 38.0
735 203.0
736 203.0
737 203.0
738 38.0
739 204.0
740 203.0
741 25.0
742 203.0
743 109.0
744 204.0
745 204.0
746 203.0
747 223.0
748 3.0
749 203.0
750 203.0
751 0.0
752 169.0
753 180.0
754 180.0
755 204.0
756 204.0
757 0.0
758 203.0
759 204.0
760 25.0
761 0.0
762 204.0
763 204.0
764 203.0
765 331.0
766 203.0
767 204.0
768 203.0
769 204.0
770 204.0
771 32.0
772 204.0
773 204.0
774 203.0
775 32.0
776 204.0
777 204.0
778 204.0
779 203.0
780 203.0
781 331.0
782 331.0
783 315.0
784 204.0
785 203.0
786 169.0
787 203.0
788 0.0
789 204.0
790 203.0
791 204.0
792 31.0
793 0.0
794 163.0
795 203.0
796 204.0
797 204.0
798 251.0
799 0.0
800 203.0
801 32.0
802 169.0
803 0.0
804 30.0
805 180.0
806 204.0
807 104.0
808 25.0
809 203.0
810 204.0
811 204.0
812 1.0
813 203.0
814 204.0
815 203.0
816 331.0
817 203.0
818 204.0
819 203.0
820 33.0
821 204.0
822 203.0
823 38.0
824 38.0
825 0.0
826 30.0
827 204.0
828 203.0
829 204.0
830 203.0
831 315.0
832 252.0
833 331.0
834 252.0
835 204.0
836 204.0
837 169.0
838 203.0
839 38.0
840 0.0
841 204.0
842 204.0
843 38.0
844 203.0
845 204.0
846 251.0
847 204.0
848 203.0
849 223.0
850 0.0
851 203.0
852 32.0
853 158.0
854 169.0
855 180.0
856 98.0
857 203.0
858 203.0
859 0.0
860 204.0
861 204.0
862 33.0
863 32.0
864 203.0
865 204.0
866 203.0
867 331.0
868 25.0
869 204.0
870 32.0
871 204.0
872 203.0
873 203.0
874 204.0
875 204.0
876 32.0
877 87.0
878 204.0
879 204.0
880 204.0
881 25.0
882 315.0
883 315.0
884 252.0
885 203.0
886 203.0
887 204.0
888 203.0
889 203.0
890 203.0
891 203.0
892 204.0
893 204.0
894 203.0
895 203.0
896 203.0
897 203.0
898 203.0
899 203.0
900 251.0
901 0.0
902 203.0
903 203.0
904 0.0
905 169.0
906 169.0
907 180.0
908 203.0
909 203.0
910 204.0
911 169.0
912 175.0
913 33.0
914 0.0
915 204.0
916 204.0
917 203.0
918 331.0
919 203.0
920 204.0
921 203.0
922 204.0
923 204.0
924 32.0
925 203.0
926 204.0
927 30.0
928 203.0
929 204.0
930 204.0
931 204.0
932 203.0
933 315.0
934 315.0
935 331.0
936 315.0
937 203.0
938 204.0
939 203.0
940 32.0
941 203.0
942 203.0
943 204.0
944 204.0
945 98.0
946 169.0
947 203.0
948 203.0
949 191.0
950 204.0
951 251.0
952 0.0
953 203.0
954 25.0
955 32.0
956 0.0
957 32.0
958 180.0
959 203.0
960 204.0
961 169.0
962 204.0
963 204.0
964 32.0
965 32.0
966 203.0
967 204.0
968 203.0
969 331.0
970 203.0
971 204.0
972 203.0
973 204.0
974 204.0
975 203.0
976 203.0
977 38.0
978 98.0
979 32.0
980 204.0
981 204.0
982 204.0
983 38.0
984 252.0
985 252.0
986 251.0
987 252.0
988 203.0
989 109.0
990 203.0
991 331.0
992 0.0
993 203.0
994 203.0
995 204.0
996 204.0
997 203.0
998 204.0
999 203.0
1000 203.0
1001 251.0
1002 223.0
1003 0.0
1004 203.0
1005 203.0
1006 169.0
1007 0.0
1008 32.0
1009 180.0
1010 204.0
1011 204.0
1012 164.0
1013 203.0
1014 204.0
1015 204.0
1016 204.0
1017 203.0
1018 204.0
1019 204.0
1020 331.0
1021 204.0
1022 204.0
1023 203.0
1024 32.0
1025 203.0
1026 204.0
1027 204.0
1028 204.0
1029 0.0
1030 204.0
1031 204.0
1032 204.0
1033 204.0
1034 203.0
1035 331.0
1036 252.0
1037 203.0
1038 331.0
1039 38.0
1040 204.0
1041 203.0
1042 180.0
1043 169.0
1044 38.0
1045 203.0
1046 204.0
1047 32.0
1048 203.0
1049 109.0
1050 203.0
1051 203.0
1052 203.0
1053 251.0
1054 0.0
1055 203.0
1056 32.0
1057 169.0
1058 169.0
1059 169.0
1060 180.0
1061 204.0
1062 32.0
1063 0.0
1064 204.0
1065 175.0
1066 33.0
1067 169.0
1068 204.0
1069 204.0
1070 203.0
1071 331.0
1072 204.0
1073 204.0
1074 32.0
1075 204.0
1076 204.0
1077 203.0
1078 204.0
1079 204.0
1080 32.0
1081 204.0
1082 204.0
1083 204.0
1084 204.0
1085 204.0
1086 331.0
1087 315.0
1088 331.0
1089 315.0
1090 203.0
1091 204.0
1092 203.0
1093 203.0
1094 203.0
1095 204.0
1096 203.0
1097 204.0
1098 204.0
1099 203.0
1100 191.0
1101 203.0
1102 180.0
1103 204.0
1104 223.0
1105 0.0
1106 203.0
1107 32.0
1108 169.0
1109 164.0
1110 32.0
1111 204.0
1112 203.0
1113 203.0
1114 0.0
1115 204.0
1116 204.0
1117 204.0
1118 0.0
1119 204.0
1120 204.0
1121 204.0
1122 331.0
1123 203.0
1124 204.0
1125 203.0
1126 204.0
1127 204.0
1128 204.0
1129 203.0
1130 38.0
1131 98.0
1132 203.0
1133 203.0
1134 204.0
1135 204.0
1136 204.0
1137 252.0
1138 203.0
1139 331.0
1140 252.0
1141 204.0
1142 204.0
1143 234.0
1144 180.0
1145 203.0
1146 203.0
1147 204.0
1148 204.0
1149 203.0
1150 203.0
1151 25.0
1152 203.0
1153 203.0
1154 204.0
1155 223.0
1156 0.0
1157 203.0
1158 1.0
1159 169.0
1160 164.0
1161 32.0
1162 180.0
1163 203.0
1164 203.0
1165 25.0
1166 204.0
1167 204.0
1168 203.0
1169 0.0
1170 204.0
1171 204.0
1172 203.0
1173 331.0
1174 203.0
1175 204.0
1176 203.0
1177 204.0
1178 204.0
1179 203.0
1180 204.0
1181 204.0
1182 98.0
1183 32.0
1184 204.0
1185 204.0
1186 204.0
1187 203.0
1188 252.0
1189 252.0
1190 251.0
1191 315.0
1192 114.0
1193 203.0
1194 203.0
1195 204.0
1196 203.0
1197 33.0
1198 204.0
1199 204.0
1200 204.0
1201 203.0
1202 204.0
1203 203.0
1204 204.0
1205 203.0
1206 203.0
1207 0.0
1208 203.0
1209 98.0
1210 169.0
1211 0.0
1212 169.0
1213 204.0
1214 204.0
1215 204.0
1216 0.0
1217 204.0
1218 204.0
1219 203.0
1220 33.0
1221 203.0
1222 204.0
1223 204.0
1224 331.0
1225 204.0
1226 204.0
1227 203.0
1228 203.0
1229 203.0
1230 204.0
1231 204.0
1232 204.0
1233 204.0
1234 204.0
1235 204.0
1236 204.0
1237 204.0
1238 204.0
1239 331.0
1240 252.0
1241 204.0
1242 315.0
1243 185.0
1244 204.0
1245 204.0
1246 203.0
1247 203.0
1248 33.0
1249 204.0
1250 204.0
1251 38.0
1252 203.0
1253 109.0
1254 203.0
1255 203.0
1256 203.0
1257 251.0
1258 0.0
1259 203.0
1260 98.0
1261 30.0
1262 203.0
1263 180.0
1264 180.0
1265 203.0
1266 203.0
1267 0.0
1268 204.0
1269 175.0
1270 175.0
1271 204.0
1272 204.0
1273 204.0
1274 203.0
1275 331.0
1276 204.0
1277 203.0
1278 203.0
1279 204.0
1280 204.0
1281 32.0
1282 203.0
1283 204.0
1284 209.0
1285 203.0
1286 204.0
1287 204.0
1288 204.0
1289 204.0
1290 331.0
1291 203.0
1292 315.0
1293 331.0
1294 109.0
1295 203.0
1296 204.0
1297 203.0
1298 204.0
1299 203.0
1300 204.0
1301 203.0
1302 38.0
1303 203.0
1304 32.0
1305 203.0
1306 203.0
1307 204.0
1308 231.0
1309 0.0
1310 203.0
1311 32.0
1312 169.0
1313 30.0
1314 32.0
1315 204.0
1316 180.0
1317 204.0
1318 0.0
1319 204.0
1320 204.0
1321 33.0
1322 1.0
1323 32.0
1324 204.0
1325 203.0
1326 331.0
1327 203.0
1328 204.0
1329 203.0
1330 204.0
1331 204.0
1332 204.0
1333 204.0
1334 98.0
1335 209.0
1336 209.0
1337 204.0
1338 204.0
1339 204.0
1340 203.0
1341 251.0
1342 203.0
1343 331.0
1344 331.0
1345 203.0
1346 203.0
1347 203.0
1348 204.0
1349 204.0
1350 203.0
1351 204.0
1352 203.0
1353 203.0
1354 203.0
1355 203.0
1356 203.0
1357 191.0
1358 204.0
1359 251.0
1360 0.0
1361 203.0
1362 98.0
1363 169.0
1364 0.0
1365 169.0
1366 180.0
1367 204.0
1368 204.0
1369 0.0
1370 204.0
1371 203.0
1372 204.0
1373 1.0
1374 32.0
1375 204.0
1376 204.0
1377 331.0
1378 204.0
1379 204.0
1380 203.0
1381 32.0
1382 203.0
1383 203.0
1384 204.0
1385 208.0
1386 209.0
1387 209.0
1388 209.0
1389 204.0
1390 204.0
1391 203.0
1392 252.0
1393 231.0
1394 251.0
1395 315.0
1396 38.0
1397 204.0
1398 203.0
1399 38.0
1400 204.0
1401 33.0
1402 204.0
1403 204.0
1404 203.0
1405 169.0
1406 109.0
1407 203.0
1408 203.0
1409 1.0
1410 251.0
1411 0.0
1412 203.0
1413 32.0
1414 203.0
1415 203.0
1416 25.0
1417 204.0
1418 204.0
1419 203.0
1420 0.0
1421 204.0
1422 204.0
1423 203.0
1424 204.0
1425 204.0
1426 204.0
1427 203.0
1428 331.0
1429 204.0
1430 204.0
1431 203.0
1432 203.0
1433 204.0
1434 204.0
1435 208.0
1436 98.0
1437 209.0
1438 209.0
1439 209.0
1440 209.0
1441 204.0
1442 204.0
1443 331.0
1444 203.0
1445 204.0
1446 331.0
1447 32.0
1448 203.0
1449 203.0
1450 203.0
1451 180.0
1452 203.0
1453 204.0
1454 204.0
1455 38.0
1456 203.0
1457 203.0
1458 203.0
1459 203.0
1460 1.0
1461 223.0
1462 0.0
1463 203.0
1464 98.0
1465 158.0
1466 0.0
1467 38.0
1468 180.0
1469 203.0
1470 203.0
1471 0.0
1472 204.0
1473 175.0
1474 204.0
1475 204.0
1476 204.0
1477 204.0
1478 204.0
1479 331.0
1480 204.0
1481 204.0
1482 203.0
1483 204.0
1484 204.0
1485 209.0
1486 32.0
1487 98.0
1488 209.0
1489 209.0
1490 209.0
1491 209.0
1492 98.0
1493 38.0
1494 331.0
1495 203.0
1496 315.0
1497 331.0
1498 38.0
1499 203.0
1500 169.0
1501 204.0
1502 204.0
1503 33.0
1504 204.0
1505 203.0
1506 38.0
1507 203.0
1508 169.0
1509 203.0
1510 203.0
1511 103.0
1512 251.0
1513 0.0
1514 203.0
1515 32.0
1516 169.0
1517 30.0
1518 180.0
1519 180.0
1520 203.0
1521 204.0
1522 164.0
1523 204.0
1524 204.0
1525 175.0
1526 1.0
1527 204.0
1528 204.0
1529 203.0
1530 331.0
1531 204.0
1532 204.0
1533 203.0
1534 204.0
1535 208.0
1536 209.0
1537 203.0
1538 204.0
1539 209.0
1540 209.0
1541 209.0
1542 204.0
1543 203.0
1544 203.0
1545 331.0
1546 33.0
1547 203.0
1548 331.0
1549 251.0
1550 185.0
1551 235.0
1552 33.0
1553 203.0
1554 202.0
1555 204.0
1556 204.0
1557 203.0
1558 203.0
1559 191.0
1560 251.0
1561 251.0
1562 0.0
1563 251.0
1564 0.0
1565 203.0
1566 203.0
1567 169.0
1568 0.0
1569 180.0
1570 204.0
1571 204.0
1572 203.0
1573 0.0
1574 204.0
1575 204.0
1576 204.0
1577 204.0
1578 203.0
1579 204.0
1580 203.0
1581 331.0
1582 203.0
1583 204.0
1584 203.0
1585 209.0
1586 209.0
1587 0.0
1588 203.0
1589 32.0
1590 209.0
1591 209.0
1592 209.0
1593 204.0
1594 204.0
1595 203.0
1596 252.0
1597 231.0
1598 573.0
1599 331.0
1600 203.0
1601 0.0
1602 203.0
1603 203.0
1604 204.0
1605 204.0
1606 204.0
1607 204.0
1608 180.0
1609 203.0
1610 204.0
1611 251.0
1612 203.0
1613 1.0
1614 251.0
1615 0.0
1616 203.0
1617 32.0
1618 158.0
1619 0.0
1620 180.0
1621 204.0
1622 203.0
1623 203.0
1624 0.0
1625 204.0
1626 175.0
1627 175.0
1628 204.0
1629 203.0
1630 204.0
1631 204.0
1632 573.0
1633 204.0
1634 203.0
1635 210.0
1636 209.0
1637 209.0
1638 209.0
1639 32.0
1640 98.0
1641 209.0
1642 204.0
1643 209.0
1644 209.0
1645 98.0
1646 204.0
1647 252.0
1648 203.0
1649 204.0
1650 331.0
1651 252.0
1652 180.0
1653 180.0
1654 203.0
1655 203.0
1656 203.0
1657 204.0
1658 204.0
1659 180.0
1660 203.0
1661 204.0
1662 251.0
1663 203.0
1664 1.0
1665 251.0
1666 0.0
1667 203.0
1668 33.0
1669 158.0
1670 32.0
1671 180.0
1672 180.0
1673 204.0
1674 204.0
1675 25.0
1676 204.0
1677 175.0
1678 204.0
1679 1.0
1680 204.0
1681 204.0
1682 203.0
1683 573.0
1684 203.0
1685 204.0
1686 209.0
1687 209.0
1688 209.0
1689 209.0
1690 32.0
1691 203.0
1692 209.0
1693 209.0
1694 204.0
1695 209.0
1696 98.0
1697 38.0
1698 331.0
1699 203.0
1700 315.0
1701 331.0
1702 251.0
1703 38.0
1704 174.0
1705 38.0
1706 169.0
1707 33.0
1708 204.0
1709 204.0
1710 204.0
1711 203.0
1712 203.0
1713 251.0
1714 203.0
1715 103.0
1716 251.0
1717 0.0
1718 203.0
1719 32.0
1720 0.0
1721 0.0
1722 92.0
1723 180.0
1724 204.0
1725 203.0
1726 203.0
1727 204.0
1728 203.0
1729 204.0
1730 1.0
1731 203.0
1732 204.0
1733 204.0
1734 573.0
1735 204.0
1736 210.0
1737 204.0
1738 207.0
1739 98.0
1740 209.0
1741 204.0
1742 32.0
1743 209.0
1744 209.0
1745 204.0
1746 209.0
1747 203.0
1748 203.0
1749 252.0
1750 33.0
1751 331.0
1752 331.0
1753 203.0
1754 0.0
1755 234.0
1756 44.0
1757 204.0
1758 204.0
1759 204.0
1760 204.0
1761 203.0
1762 203.0
1763 203.0
1764 203.0
1765 203.0
1766 203.0
1767 251.0
1768 0.0
1769 203.0
1770 33.0
1771 169.0
1772 0.0
1773 180.0
1774 204.0
1775 180.0
1776 203.0
1777 0.0
1778 204.0
1779 204.0
1780 175.0
1781 204.0
1782 203.0
1783 204.0
1784 204.0
1785 573.0
1786 214.0
1787 210.0
1788 0.0
1789 204.0
1790 209.0
1791 32.0
1792 203.0
1793 32.0
1794 209.0
1795 209.0
1796 209.0
1797 204.0
1798 203.0
1799 204.0
1800 252.0
1801 33.0
1802 204.0
1803 331.0
1804 370.0
1805 204.0
1806 0.0
1807 203.0
1808 204.0
1809 204.0
1810 204.0
1811 204.0
1812 38.0
1813 204.0
1814 203.0
1815 251.0
1816 203.0
1817 203.0
1818 251.0
1819 203.0
1820 203.0
1821 98.0
1822 25.0
1823 0.0
1824 180.0
1825 204.0
1826 204.0
1827 203.0
1828 98.0
1829 204.0
1830 204.0
1831 204.0
1832 0.0
1833 204.0
1834 204.0
1835 204.0
1836 573.0
1837 209.0
1838 214.0
1839 209.0
1840 209.0
1841 209.0
1842 30.0
1843 32.0
1844 203.0
1845 209.0
1846 203.0
1847 209.0
1848 209.0
1849 98.0
1850 204.0
1851 331.0
1852 0.0
1853 315.0
1854 331.0
1855 252.0
1856 169.0
1857 203.0
1858 204.0
1859 203.0
1860 204.0
1861 204.0
1862 199.0
1863 203.0
1864 203.0
1865 169.0
1866 251.0
1867 203.0
1868 103.0
1869 251.0
1870 0.0
1871 203.0
1872 0.0
1873 25.0
1874 32.0
1875 164.0
1876 180.0
1877 204.0
1878 180.0
1879 25.0
1880 204.0
1881 175.0
1882 204.0
1883 0.0
1884 204.0
1885 204.0
1886 98.0
1887 573.0
1888 217.0
1889 203.0
1890 209.0
1891 209.0
1892 230.0
1893 209.0
1894 203.0
1895 209.0
1896 209.0
1897 216.0
1898 209.0
1899 209.0
1900 203.0
1901 204.0
1902 331.0
1903 203.0
1904 251.0
1905 639.0
1906 315.0
1907 203.0
1908 204.0
1909 38.0
1910 204.0
1911 203.0
1912 204.0
1913 204.0
1914 203.0
1915 203.0
1916 180.0
1917 251.0
1918 203.0
1919 103.0
1920 251.0
1921 0.0
1922 203.0
1923 33.0
1924 0.0
1925 0.0
1926 164.0
1927 204.0
1928 32.0
1929 33.0
1930 0.0
1931 204.0
1932 204.0
1933 175.0
1934 204.0
1935 204.0
1936 204.0
1937 98.0
1938 639.0
1939 204.0
1940 204.0
1941 32.0
1942 30.0
1943 204.0
1944 204.0
1945 30.0
1946 32.0
1947 214.0
1948 214.0
1949 209.0
1950 209.0
1951 203.0
1952 203.0
1953 252.0
1954 204.0
1955 204.0
1956 252.0
1957 315.0
1958 204.0
1959 202.0
1960 32.0
1961 204.0
1962 204.0
1963 204.0
1964 204.0
1965 32.0
1966 203.0
1967 203.0
1968 203.0
1969 203.0
1970 1.0
1971 251.0
1972 203.0
1973 203.0
1974 98.0
1975 0.0
1976 169.0
1977 180.0
1978 204.0
1979 32.0
1980 203.0
1981 0.0
1982 204.0
1983 203.0
1984 204.0
1985 204.0
1986 204.0
1987 204.0
1988 33.0
1989 639.0
1990 210.0
1991 208.0
1992 209.0
1993 209.0
1994 209.0
1995 204.0
1996 203.0
1997 214.0
1998 214.0
1999 204.0
2000 209.0
2001 204.0
2002 98.0
2003 203.0
2004 331.0
2005 203.0
2006 251.0
2007 639.0
2008 252.0
2009 204.0
2010 174.0
2011 180.0
2012 203.0
2013 204.0
2014 204.0
2015 204.0
2016 38.0
2017 203.0
2018 251.0
2019 251.0
2020 203.0
2021 1.0
2022 251.0
2023 0.0
2024 203.0
2025 33.0
2026 158.0
2027 32.0
2028 180.0
2029 180.0
2030 203.0
2031 204.0
2032 203.0
2033 204.0
2034 33.0
2035 204.0
2036 1.0
2037 204.0
2038 204.0
2039 103.0
2040 639.0
2041 214.0
2042 204.0
2043 210.0
2044 208.0
2045 209.0
2046 204.0
2047 203.0
2048 209.0
2049 214.0
2050 211.0
2051 204.0
2052 204.0
2053 98.0
2054 204.0
2055 331.0
2056 203.0
2057 315.0
2058 331.0
2059 636.0
2060 203.0
2061 204.0
2062 204.0
2063 203.0
2064 33.0
2065 204.0
2066 38.0
2067 98.0
2068 203.0
2069 203.0
2070 251.0
2071 203.0
2072 103.0
2073 251.0
2074 0.0
2075 203.0
2076 32.0
2077 0.0
2078 203.0
2079 169.0
2080 204.0
2081 104.0
2082 32.0
2083 203.0
2084 204.0
2085 164.0
2086 204.0
2087 204.0
2088 38.0
2089 204.0
2090 211.0
2091 639.0
2092 204.0
2093 204.0
2094 204.0
2095 204.0
2096 204.0
2097 209.0
2098 204.0
2099 204.0
2100 209.0
2101 216.0
2102 209.0
2103 209.0
2104 204.0
2105 204.0
2106 252.0
2107 251.0
2108 204.0
2109 252.0
2110 315.0
2111 203.0
2112 203.0
2113 203.0
2114 38.0
2115 203.0
2116 203.0
2117 203.0
2118 38.0
2119 203.0
2120 203.0
2121 251.0
2122 203.0
2123 93.0
2124 251.0
2125 0.0
2126 203.0
2127 98.0
2128 169.0
2129 0.0
2130 180.0
2131 180.0
2132 203.0
2133 204.0
2134 0.0
2135 204.0
2136 203.0
2137 204.0
2138 204.0
2139 204.0
2140 171.0
2141 214.0
2142 639.0
2143 204.0
2144 208.0
2145 30.0
2146 209.0
2147 209.0
2148 204.0
2149 203.0
2150 204.0
2151 209.0
2152 204.0
2153 216.0
2154 209.0
2155 204.0
2156 203.0
2157 252.0
2158 204.0
2159 251.0
2160 331.0
2161 252.0
2162 203.0
2163 204.0
2164 180.0
2165 203.0
2166 204.0
2167 204.0
2168 204.0
2169 32.0
2170 203.0
2171 203.0
2172 203.0
2173 203.0
2174 1.0
2175 223.0
2176 251.0
2177 203.0
2178 0.0
2179 169.0
2180 30.0
2181 180.0
2182 180.0
2183 203.0
2184 204.0
2185 0.0
2186 204.0
2187 33.0
2188 204.0
2189 0.0
2190 204.0
2191 115.0
2192 186.0
2193 639.0
2194 214.0
2195 204.0
2196 204.0
2197 209.0
2198 209.0
2199 204.0
2200 98.0
2201 209.0
2202 214.0
2203 204.0
2204 214.0
2205 214.0
2206 98.0
2207 203.0
2208 203.0
2209 203.0
2210 315.0
2211 641.0
2212 315.0
2213 204.0
2214 204.0
2215 204.0
2216 203.0
2217 204.0
2218 204.0
2219 204.0
2220 38.0
2221 25.0
2222 203.0
2223 251.0
2224 203.0
2225 103.0
2226 251.0
2227 0.0
2228 0.0
2229 0.0
2230 0.0
2231 32.0
2232 180.0
2233 204.0
2234 203.0
2235 104.0
2236 0.0
2237 204.0
2238 33.0
2239 204.0
2240 33.0
2241 203.0
2242 205.0
2243 98.0
2244 641.0
2245 214.0
2246 204.0
2247 209.0
2248 204.0
2249 204.0
2250 207.0
2251 30.0
2252 209.0
2253 214.0
2254 214.0
2255 204.0
2256 214.0
2257 0.0
2258 203.0
2259 251.0
2260 203.0
2261 252.0
2262 252.0
2263 533.0
2264 185.0
2265 0.0
2266 203.0
2267 38.0
2268 203.0
2269 204.0
2270 38.0
2271 31.0
2272 203.0
2273 203.0
2274 251.0
2275 38.0
2276 204.0
2277 251.0
2278 191.0
2279 0.0
2280 0.0
2281 158.0
2282 0.0
2283 32.0
2284 204.0
2285 204.0
2286 203.0
2287 0.0
2288 204.0
2289 19.0
2290 204.0
2291 204.0
2292 205.0
2293 163.0
2294 208.0
2295 641.0
2296 204.0
2297 210.0
2298 209.0
2299 209.0
2300 204.0
2301 204.0
2302 204.0
2303 204.0
2304 209.0
2305 204.0
2306 87.0
2307 209.0
2308 204.0
2309 204.0
2310 252.0
2311 231.0
2312 204.0
2313 573.0
2314 252.0
2315 203.0
2316 204.0
2317 203.0
2318 49.0
2319 204.0
2320 204.0
2321 204.0
2322 204.0
2323 203.0
2324 203.0
2325 251.0
2326 204.0
2327 203.0
2328 223.0
2329 251.0
2330 203.0
2331 98.0
2332 169.0
2333 203.0
2334 169.0
2335 180.0
2336 204.0
2337 204.0
2338 98.0
2339 204.0
2340 19.0
2341 204.0
2342 98.0
2343 205.0
2344 32.0
2345 214.0
2346 641.0
2347 214.0
2348 214.0
2349 204.0
2350 209.0
2351 209.0
2352 209.0
2353 216.0
2354 209.0
2355 214.0
2356 204.0
2357 216.0
2358 209.0
2359 98.0
2360 203.0
2361 203.0
2362 203.0
2363 331.0
2364 573.0
2365 252.0
2366 203.0
2367 203.0
2368 203.0
2369 203.0
2370 204.0
2371 204.0
2372 204.0
2373 38.0
2374 203.0
2375 203.0
2376 251.0
2377 204.0
2378 103.0
2379 251.0
2380 180.0
2381 32.0
2382 203.0
2383 204.0
2384 30.0
2385 203.0
2386 180.0
2387 203.0
2388 204.0
2389 204.0
2390 204.0
2391 33.0
2392 204.0
2393 98.0
2394 205.0
2395 98.0
2396 98.0
2397 641.0
2398 217.0
2399 204.0
2400 204.0
2401 210.0
2402 204.0
2403 204.0
2404 214.0
2405 209.0
2406 207.0
2407 214.0
2408 214.0
2409 214.0
2410 206.0
2411 204.0
2412 331.0
2413 252.0
2414 331.0
2415 641.0
2416 331.0
2417 204.0
2418 203.0
2419 203.0
2420 49.0
2421 204.0
2422 204.0
2423 38.0
2424 38.0
2425 203.0
2426 203.0
2427 251.0
2428 38.0
2429 103.0
2430 251.0
2431 191.0
2432 203.0
2433 169.0
2434 158.0
2435 203.0
2436 180.0
2437 204.0
2438 203.0
2439 32.0
2440 0.0
2441 204.0
2442 204.0
2443 204.0
2444 98.0
2445 98.0
2446 203.0
2447 204.0
2448 641.0
2449 204.0
2450 204.0
2451 209.0
2452 32.0
2453 204.0
2454 209.0
2455 211.0
2456 204.0
2457 209.0
2458 0.0
2459 216.0
2460 216.0
2461 204.0
2462 204.0
2463 252.0
2464 231.0
2465 331.0
2466 252.0
2467 533.0
2468 204.0
2469 204.0
2470 203.0
2471 38.0
2472 203.0
2473 204.0
2474 204.0
2475 38.0
2476 203.0
2477 203.0
2478 251.0
2479 203.0
2480 103.0
2481 223.0
2482 251.0
2483 32.0
2484 174.0
2485 169.0
2486 158.0
2487 32.0
2488 204.0
2489 204.0
2490 104.0
2491 169.0
2492 204.0
2493 164.0
2494 204.0
2495 203.0
2496 208.0
2497 211.0
2498 214.0
2499 641.0
2500 214.0
2501 210.0
2502 204.0
2503 209.0
2504 209.0
2505 204.0
2506 216.0
2507 204.0
2508 214.0
2509 209.0
2510 204.0
2511 209.0
2512 216.0
2513 203.0
2514 203.0
2515 231.0
2516 204.0
2517 252.0
2518 252.0
2519 203.0
2520 0.0
2521 180.0
2522 203.0
2523 204.0
2524 204.0
2525 204.0
2526 204.0
2527 203.0
2528 203.0
2529 251.0
2530 203.0
2531 103.0
2532 251.0
2533 0.0
2534 32.0
2535 203.0
2536 169.0
2537 251.0
2538 32.0
2539 180.0
2540 203.0
2541 204.0
2542 0.0
2543 204.0
2544 203.0
2545 204.0
2546 203.0
2547 214.0
2548 204.0
2549 214.0
2550 641.0
2551 214.0
2552 204.0
2553 204.0
2554 32.0
2555 160.0
2556 209.0
2557 216.0
2558 209.0
2559 214.0
2560 214.0
2561 216.0
2562 209.0
2563 98.0
2564 203.0
2565 331.0
2566 203.0
2567 204.0
2568 331.0
2569 252.0
2570 203.0
2571 204.0
2572 203.0
2573 203.0
2574 203.0
2575 204.0
2576 204.0
2577 203.0
2578 203.0
2579 203.0
2580 251.0
2581 203.0
2582 103.0
2583 251.0
2584 203.0
2585 231.0
2586 38.0
2587 164.0
2588 0.0
2589 204.0
2590 180.0
2591 203.0
2592 204.0
2593 164.0
2594 204.0
2595 33.0
2596 204.0
2597 211.0
2598 214.0
2599 205.0
2600 212.0
2601 641.0
2602 204.0
2603 204.0
2604 214.0
2605 209.0
2606 204.0
2607 204.0
2608 216.0
2609 209.0
2610 204.0
2611 211.0
2612 216.0
2613 214.0
2614 98.0
2615 203.0
2616 252.0
2617 252.0
2618 315.0
2619 616.0
2620 636.0
2621 204.0
2622 174.0
2623 203.0
2624 203.0
2625 202.0
2626 204.0
2627 203.0
2628 38.0
2629 203.0
2630 203.0
2631 251.0
2632 38.0
2633 103.0
2634 251.0
2635 203.0
2636 0.0
2637 191.0
2638 25.0
2639 203.0
2640 180.0
2641 204.0
2642 104.0
2643 180.0
2644 164.0
2645 204.0
2646 204.0
2647 211.0
2648 205.0
2649 208.0
2650 211.0
2651 211.0
2652 641.0
2653 217.0
2654 210.0
2655 210.0
2656 204.0
2657 209.0
2658 160.0
2659 216.0
2660 214.0
2661 204.0
2662 209.0
2663 219.0
2664 214.0
2665 204.0
2666 203.0
2667 252.0
2668 231.0
2669 204.0
2670 252.0
2671 252.0
2672 251.0
2673 203.0
2674 180.0
2675 203.0
2676 33.0
2677 203.0
2678 204.0
2679 38.0
2680 203.0
2681 203.0
2682 251.0
2683 203.0
2684 103.0
2685 223.0
2686 203.0
2687 203.0
2688 191.0
2689 0.0
2690 164.0
2691 164.0
2692 204.0
2693 204.0
2694 204.0
2695 0.0
2696 204.0
2697 98.0
2698 208.0
2699 103.0
2700 208.0
2701 98.0
2702 205.0
2703 641.0
2704 214.0
2705 204.0
2706 204.0
2707 209.0
2708 209.0
2709 209.0
2710 216.0
2711 203.0
2712 214.0
2713 216.0
2714 98.0
2715 209.0
2716 221.0
2717 204.0
2718 203.0
2719 231.0
2720 203.0
2721 641.0
2722 252.0
2723 203.0
2724 174.0
2725 180.0
2726 203.0
2727 203.0
2728 203.0
2729 203.0
2730 203.0
2731 203.0
2732 203.0
2733 251.0
2734 191.0
2735 1.0
2736 251.0
2737 180.0
2738 203.0
2739 32.0
2740 0.0
2741 0.0
2742 251.0
2743 180.0
2744 174.0
2745 204.0
2746 158.0
2747 204.0
2748 204.0
2749 98.0
2750 208.0
2751 214.0
2752 205.0
2753 214.0
2754 641.0
2755 217.0
2756 204.0
2757 204.0
2758 207.0
2759 32.0
2760 204.0
2761 216.0
2762 203.0
2763 204.0
2764 214.0
2765 216.0
2766 214.0
2767 98.0
2768 38.0
2769 252.0
2770 203.0
2771 203.0
2772 626.0
2773 315.0
2774 185.0
2775 203.0
2776 33.0
2777 203.0
2778 203.0
2779 0.0
2780 204.0
2781 38.0
2782 203.0
2783 203.0
2784 251.0
2785 203.0
2786 203.0
2787 251.0
2788 32.0
2789 0.0
2790 32.0
2791 25.0
2792 0.0
2793 38.0
2794 204.0
2795 32.0
2796 203.0
2797 164.0
2798 204.0
2799 204.0
2800 98.0
2801 208.0
2802 214.0
2803 214.0
2804 212.0
2805 641.0
2806 204.0
2807 214.0
2808 209.0
2809 209.0
2810 210.0
2811 204.0
2812 216.0
2813 214.0
2814 204.0
2815 214.0
2816 216.0
2817 214.0
2818 216.0
2819 203.0
2820 252.0
2821 203.0
2822 204.0
2823 639.0
2824 635.0
2825 32.0
2826 203.0
2827 25.0
2828 203.0
2829 204.0
2830 203.0
2831 204.0
2832 38.0
2833 203.0
2834 203.0
2835 251.0
2836 203.0
2837 103.0
2838 251.0
2839 0.0
2840 180.0
2841 32.0
2842 0.0
2843 251.0
2844 203.0
2845 251.0
2846 203.0
2847 204.0
2848 0.0
2849 204.0
2850 214.0
2851 98.0
2852 208.0
2853 208.0
2854 211.0
2855 212.0
2856 641.0
2857 214.0
2858 214.0
2859 209.0
2860 204.0
2861 210.0
2862 209.0
2863 216.0
2864 209.0
2865 216.0
2866 209.0
2867 204.0
2868 209.0
2869 204.0
2870 252.0
2871 203.0
2872 251.0
2873 204.0
2874 611.0
2875 370.0
2876 203.0
2877 196.0
2878 203.0
2879 49.0
2880 202.0
2881 203.0
2882 204.0
2883 203.0
2884 203.0
2885 203.0
2886 251.0
2887 203.0
2888 1.0
2889 251.0
2890 203.0
2891 32.0
2892 316.0
2893 0.0
2894 169.0
2895 158.0
2896 203.0
2897 203.0
2898 204.0
2899 25.0
2900 204.0
2901 93.0
2902 98.0
2903 203.0
2904 211.0
2905 205.0
2906 212.0
2907 641.0
2908 204.0
2909 204.0
2910 32.0
2911 207.0
2912 98.0
2913 209.0
2914 216.0
2915 0.0
2916 214.0
2917 214.0
2918 204.0
2919 209.0
2920 204.0
2921 203.0
2922 251.0
2923 231.0
2924 203.0
2925 252.0
2926 252.0
2927 203.0
2928 196.0
2929 332.0
2930 49.0
2931 6.0
2932 204.0
2933 203.0
2934 203.0
2935 203.0
2936 251.0
2937 251.0
2938 203.0
2939 203.0
2940 251.0
2941 32.0
2942 32.0
2943 38.0
2944 203.0
2945 0.0
2946 180.0
2947 251.0
2948 180.0
2949 203.0
2950 158.0
2951 204.0
2952 98.0
2953 98.0
2954 98.0
2955 205.0
2956 205.0
2957 205.0
2958 641.0
2959 217.0
2960 214.0
2961 209.0
2962 207.0
2963 203.0
2964 204.0
2965 216.0
2966 204.0
2967 214.0
2968 98.0
2969 216.0
2970 209.0
2971 204.0
2972 38.0
2973 331.0
2974 252.0
2975 203.0
2976 573.0
2977 315.0
2978 38.0
2979 204.0
2980 33.0
2981 203.0
2982 203.0
2983 204.0
2984 203.0
2985 38.0
2986 203.0
2987 203.0
2988 251.0
2989 191.0
2990 103.0
2991 251.0
2992 203.0
2993 0.0
2994 32.0
2995 0.0
2996 203.0
2997 180.0
2998 251.0
2999 203.0
3000 203.0
3001 0.0
3002 98.0
3003 211.0
3004 98.0
3005 195.0
3006 98.0
3007 98.0
3008 205.0
3009 641.0
3010 214.0
3011 214.0
3012 209.0
3013 209.0
3014 203.0
3015 32.0
3016 216.0
3017 209.0
3018 204.0
3019 209.0
3020 216.0
3021 209.0
3022 214.0
3023 204.0
3024 331.0
3025 203.0
3026 204.0
3027 611.0
3028 533.0
3029 203.0
3030 203.0
3031 204.0
3032 203.0
3033 203.0
3034 204.0
3035 204.0
3036 203.0
3037 203.0
3038 251.0
3039 251.0
3040 203.0
3041 103.0
3042 251.0
3043 0.0
3044 0.0
3045 32.0
3046 203.0
3047 164.0
3048 164.0
3049 251.0
3050 203.0
3051 204.0
3052 0.0
3053 204.0
3054 98.0
3055 98.0
3056 98.0
3057 214.0
3058 161.0
3059 212.0
3060 641.0
3061 214.0
3062 204.0
3063 204.0
3064 207.0
3065 210.0
3066 209.0
3067 216.0
3068 214.0
3069 204.0
3070 214.0
3071 204.0
3072 209.0
3073 203.0
3074 204.0
3075 331.0
3076 203.0
3077 204.0
3078 252.0
3079 252.0
3080 203.0
3081 169.0
3082 204.0
3083 191.0
3084 38.0
3085 204.0
3086 203.0
3087 203.0
3088 203.0
3089 203.0
3090 251.0
3091 203.0
3092 114.0
3093 251.0
3094 38.0
3095 203.0
3096 32.0
3097 203.0
3098 38.0
3099 203.0
3100 251.0
3101 203.0
3102 204.0
3103 25.0
3104 204.0
3105 93.0
3106 98.0
3107 186.0
3108 205.0
3109 204.0
3110 204.0
3111 641.0
3112 217.0
3113 217.0
3114 30.0
3115 207.0
3116 208.0
3117 160.0
3118 216.0
3119 209.0
3120 214.0
3121 214.0
3122 204.0
3123 209.0
3124 32.0
3125 203.0
3126 252.0
3127 231.0
3128 331.0
3129 639.0
3130 252.0
3131 38.0
3132 191.0
3133 33.0
3134 203.0
3135 203.0
3136 204.0
3137 38.0
3138 204.0
3139 169.0
3140 203.0
3141 251.0
3142 191.0
3143 103.0
3144 251.0
3145 203.0
3146 32.0
3147 38.0
3148 203.0
3149 0.0
3150 180.0
3151 203.0
3152 204.0
3153 203.0
3154 0.0
3155 204.0
3156 98.0
3157 98.0
3158 214.0
3159 221.0
3160 103.0
3161 214.0
3162 641.0
3163 217.0
3164 214.0
3165 209.0
3166 207.0
3167 204.0
3168 32.0
3169 216.0
3170 214.0
3171 204.0
3172 204.0
3173 216.0
3174 209.0
3175 164.0
3176 204.0
3177 331.0
3178 231.0
3179 203.0
3180 573.0
3181 315.0
3182 33.0
3183 203.0
3184 33.0
3185 204.0
3186 38.0
3187 204.0
3188 204.0
3189 38.0
3190 203.0
3191 203.0
3192 251.0
3193 191.0
3194 103.0
3195 251.0
3196 0.0
3197 203.0
3198 38.0
3199 0.0
3200 203.0
3201 251.0
3202 251.0
3203 203.0
3204 203.0
3205 0.0
3206 98.0
3207 25.0
3208 98.0
3209 196.0
3210 203.0
3211 204.0
3212 214.0
3213 641.0
3214 214.0
3215 214.0
3216 209.0
3217 207.0
3218 30.0
3219 209.0
3220 216.0
3221 208.0
3222 214.0
3223 209.0
3224 204.0
3225 209.0
3226 207.0
3227 203.0
3228 331.0
3229 0.0
3230 203.0
3231 611.0
3232 252.0
3233 251.0
3234 203.0
3235 204.0
3236 203.0
3237 34.0
3238 203.0
3239 204.0
3240 203.0
3241 203.0
3242 203.0
3243 251.0
3244 203.0
3245 203.0
3246 251.0
3247 203.0
3248 251.0
3249 38.0
3250 0.0
3251 203.0
3252 158.0
3253 251.0
3254 203.0
3255 204.0
3256 0.0
3257 204.0
3258 204.0
3259 208.0
3260 208.0
3261 205.0
3262 204.0
3263 204.0
3264 641.0
3265 214.0
3266 204.0
3267 203.0
3268 207.0
3269 208.0
3270 208.0
3271 216.0
3272 208.0
3273 214.0
3274 98.0
3275 211.0
3276 209.0
3277 98.0
3278 203.0
3279 331.0
3280 0.0
3281 204.0
3282 611.0
3283 363.0
3284 203.0
3285 203.0
3286 204.0
3287 203.0
3288 203.0
3289 204.0
3290 38.0
3291 204.0
3292 25.0
3293 203.0
3294 251.0
3295 191.0
3296 93.0
3297 223.0
3298 32.0
3299 215.0
3300 38.0
3301 0.0
3302 32.0
3303 158.0
3304 251.0
3305 203.0
3306 204.0
3307 98.0
3308 204.0
3309 98.0
3310 98.0
3311 0.0
3312 98.0
3313 115.0
3314 214.0
3315 641.0
3316 204.0
3317 214.0
3318 32.0
3319 207.0
3320 204.0
3321 30.0
3322 216.0
3323 209.0
3324 219.0
3325 214.0
3326 216.0
3327 209.0
3328 221.0
3329 203.0
3330 331.0
3331 33.0
3332 204.0
3333 639.0
3334 636.0
3335 38.0
3336 203.0
3337 44.0
3338 204.0
3339 203.0
3340 204.0
3341 204.0
3342 38.0
3343 203.0
3344 203.0
3345 251.0
3346 38.0
3347 103.0
3348 251.0
3349 203.0
3350 33.0
3351 316.0
3352 158.0
3353 32.0
3354 180.0
3355 251.0
3356 203.0
3357 203.0
3358 0.0
3359 214.0
3360 98.0
3361 98.0
3362 211.0
3363 205.0
3364 204.0
3365 214.0
3366 641.0
3367 204.0
3368 214.0
3369 209.0
3370 207.0
3371 204.0
3372 209.0
3373 216.0
3374 209.0
3375 204.0
3376 98.0
3377 211.0
3378 209.0
3379 164.0
3380 203.0
3381 331.0
3382 231.0
3383 204.0
3384 626.0
3385 636.0
3386 203.0
3387 203.0
3388 331.0
3389 204.0
3390 203.0
3391 204.0
3392 204.0
3393 204.0
3394 93.0
3395 251.0
3396 251.0
3397 203.0
3398 103.0
3399 251.0
3400 0.0
3401 203.0
3402 316.0
3403 0.0
3404 203.0
3405 180.0
3406 251.0
3407 203.0
3408 203.0
3409 0.0
3410 203.0
3411 32.0
3412 32.0
3413 208.0
3414 205.0
3415 204.0
3416 98.0
3417 641.0
3418 210.0
3419 204.0
3420 32.0
3421 207.0
3422 210.0
3423 214.0
3424 216.0
3425 208.0
3426 216.0
3427 209.0
3428 211.0
3429 209.0
3430 164.0
3431 252.0
3432 331.0
3433 0.0
3434 203.0
3435 634.0
3436 573.0
3437 33.0
3438 203.0
3439 203.0
3440 180.0
3441 204.0
3442 203.0
3443 204.0
3444 204.0
3445 25.0
3446 203.0
3447 251.0
3448 203.0
3449 103.0
3450 251.0
3451 0.0
3452 191.0
3453 49.0
3454 0.0
3455 32.0
3456 164.0
3457 251.0
3458 203.0
3459 204.0
3460 169.0
3461 204.0
3462 98.0
3463 98.0
3464 205.0
3465 211.0
3466 0.0
3467 204.0
3468 641.0
3469 204.0
3470 204.0
3471 32.0
3472 207.0
3473 204.0
3474 160.0
3475 216.0
3476 207.0
3477 216.0
3478 214.0
3479 219.0
3480 209.0
3481 179.0
3482 204.0
3483 331.0
3484 0.0
3485 204.0
3486 634.0
3487 573.0
3488 33.0
3489 203.0
3490 203.0
3491 174.0
3492 38.0
3493 204.0
3494 38.0
3495 204.0
3496 203.0
3497 251.0
3498 251.0
3499 38.0
3500 114.0
3501 251.0
3502 32.0
3503 191.0
3504 316.0
3505 203.0
3506 203.0
3507 38.0
3508 251.0
3509 203.0
3510 180.0
3511 169.0
3512 204.0
3513 87.0
3514 98.0
3515 214.0
3516 159.0
3517 0.0
3518 214.0
3519 641.0
3520 204.0
3521 214.0
3522 98.0
3523 207.0
3524 203.0
3525 0.0
3526 216.0
3527 209.0
3528 98.0
3529 214.0
3530 216.0
3531 209.0
3532 103.0
3533 203.0
3534 331.0
3535 315.0
3536 331.0
3537 639.0
3538 573.0
3539 203.0
3540 180.0
3541 33.0
3542 204.0
3543 202.0
3544 204.0
3545 203.0
3546 204.0
3547 169.0
3548 203.0
3549 251.0
3550 203.0
3551 103.0
3552 251.0
3553 0.0
3554 203.0
3555 316.0
3556 0.0
3557 203.0
3558 164.0
3559 251.0
3560 204.0
3561 204.0
3562 98.0
3563 214.0
3564 98.0
3565 98.0
3566 0.0
3567 211.0
3568 203.0
3569 217.0
3570 641.0
3571 214.0
3572 214.0
3573 32.0
3574 209.0
3575 231.0
3576 209.0
3577 216.0
3578 209.0
3579 216.0
3580 214.0
3581 204.0
3582 221.0
3583 214.0
3584 203.0
3585 331.0
3586 204.0
3587 315.0
3588 639.0
3589 636.0
3590 204.0
3591 203.0
3592 33.0
3593 180.0
3594 203.0
3595 203.0
3596 204.0
3597 204.0
3598 169.0
3599 251.0
3600 251.0
3601 203.0
3602 103.0
3603 251.0
3604 0.0
3605 49.0
3606 191.0
3607 0.0
3608 204.0
3609 158.0
3610 251.0
3611 203.0
3612 204.0
3613 98.0
3614 204.0
3615 98.0
3616 204.0
3617 205.0
3618 205.0
3619 0.0
3620 212.0
3621 641.0
3622 214.0
3623 204.0
3624 209.0
3625 207.0
3626 210.0
3627 98.0
3628 216.0
3629 207.0
3630 214.0
3631 98.0
3632 216.0
3633 209.0
3634 164.0
3635 251.0
3636 331.0
3637 203.0
3638 252.0
3639 641.0
3640 634.0
3641 203.0
3642 204.0
3643 204.0
3644 203.0
3645 203.0
3646 175.0
3647 204.0
3648 204.0
3649 0.0
3650 251.0
3651 251.0
3652 223.0
3653 103.0
3654 251.0
3655 191.0
3656 252.0
3657 191.0
3658 204.0
3659 32.0
3660 180.0
3661 251.0
3662 204.0
3663 203.0
3664 98.0
3665 98.0
3666 98.0
3667 204.0
3668 32.0
3669 98.0
3670 204.0
3671 214.0
3672 641.0
3673 204.0
3674 204.0
3675 32.0
3676 207.0
3677 98.0
3678 32.0
3679 216.0
3680 214.0
3681 216.0
3682 204.0
3683 216.0
3684 216.0
3685 207.0
3686 204.0
3687 331.0
3688 203.0
3689 203.0
3690 641.0
3691 252.0
3692 203.0
3693 203.0
3694 203.0
3695 180.0
3696 202.0
3697 204.0
3698 203.0
3699 204.0
3700 203.0
3701 251.0
3702 251.0
3703 191.0
3704 103.0
3705 251.0
3706 38.0
3707 49.0
3708 49.0
3709 204.0
3710 203.0
3711 203.0
3712 251.0
3713 203.0
3714 203.0
3715 0.0
3716 209.0
3717 25.0
3718 98.0
3719 214.0
3720 159.0
3721 204.0
3722 211.0
3723 641.0
3724 204.0
3725 214.0
3726 32.0
3727 208.0
3728 204.0
3729 208.0
3730 216.0
3731 209.0
3732 25.0
3733 214.0
3734 216.0
3735 209.0
3736 103.0
3737 268.0
3738 331.0
3739 252.0
3740 331.0
3741 639.0
3742 634.0
3743 38.0
3744 203.0
3745 44.0
3746 316.0
3747 203.0
3748 203.0
3749 204.0
3750 204.0
3751 180.0
3752 251.0
3753 251.0
3754 191.0
3755 103.0
3756 251.0
3757 109.0
3758 316.0
3759 316.0
3760 0.0
3761 203.0
3762 158.0
3763 251.0
3764 180.0
3765 204.0
3766 0.0
3767 204.0
3768 93.0
3769 205.0
3770 205.0
3771 205.0
3772 98.0
3773 98.0
3774 641.0
3775 208.0
3776 214.0
3777 32.0
3778 204.0
3779 204.0
3780 208.0
3781 216.0
3782 207.0
3783 214.0
3784 98.0
3785 211.0
3786 221.0
3787 103.0
3788 315.0
3789 331.0
3790 252.0
3791 251.0
3792 639.0
3793 573.0
3794 185.0
3795 203.0
3796 203.0
3797 204.0
3798 203.0
3799 204.0
3800 204.0
3801 204.0
3802 204.0
3803 251.0
3804 251.0
3805 203.0
3806 203.0
3807 251.0
3808 0.0
3809 316.0
3810 49.0
3811 0.0
3812 204.0
3813 158.0
3814 251.0
3815 180.0
3816 203.0
3817 98.0
3818 203.0
3819 204.0
3820 203.0
3821 160.0
3822 208.0
3823 205.0
3824 211.0
3825 641.0
3826 210.0
3827 204.0
3828 98.0
3829 209.0
3830 98.0
3831 160.0
3832 216.0
3833 207.0
3834 0.0
3835 0.0
3836 216.0
3837 209.0
3838 203.0
3839 203.0
3840 331.0
3841 203.0
3842 252.0
3843 641.0
3844 370.0
3845 203.0
3846 203.0
3847 180.0
3848 174.0
3849 174.0
3850 33.0
3851 204.0
3852 204.0
3853 203.0
3854 251.0
3855 251.0
3856 203.0
3857 103.0
3858 251.0
3859 33.0
3860 316.0
3861 191.0
3862 0.0
3863 251.0
3864 180.0
3865 251.0
3866 204.0
3867 203.0
3868 0.0
3869 204.0
3870 98.0
3871 192.0
3872 160.0
3873 98.0
3874 205.0
3875 211.0
3876 641.0
3877 30.0
3878 217.0
3879 32.0
3880 209.0
3881 214.0
3882 210.0
3883 216.0
3884 209.0
3885 204.0
3886 216.0
3887 221.0
3888 209.0
3889 103.0
3890 331.0
3891 331.0
3892 252.0
3893 331.0
3894 641.0
3895 370.0
3896 203.0
3897 169.0
3898 44.0
3899 204.0
3900 204.0
3901 203.0
3902 204.0
3903 204.0
3904 191.0
3905 251.0
3906 251.0
3907 191.0
3908 1.0
3909 251.0
3910 25.0
3911 316.0
3912 49.0
3913 0.0
3914 203.0
3915 38.0
3916 251.0
3917 251.0
3918 203.0
3919 204.0
3920 204.0
3921 98.0
3922 208.0
3923 205.0
3924 98.0
3925 204.0
3926 98.0
3927 641.0
3928 32.0
3929 214.0
3930 32.0
3931 32.0
3932 231.0
3933 207.0
3934 216.0
3935 0.0
3936 214.0
3937 214.0
3938 221.0
3939 209.0
3940 0.0
3941 315.0
3942 331.0
3943 252.0
3944 251.0
3945 639.0
3946 533.0
3947 203.0
3948 203.0
3949 180.0
3950 219.0
3951 204.0
3952 203.0
3953 204.0
3954 180.0
3955 180.0
3956 251.0
3957 251.0
3958 191.0
3959 103.0
3960 251.0
3961 104.0
3962 316.0
3963 191.0
3964 0.0
3965 203.0
3966 164.0
3967 251.0
3968 203.0
3969 203.0
3970 169.0
3971 209.0
3972 98.0
3973 205.0
3974 160.0
3975 205.0
3976 98.0
3977 217.0
3978 641.0
3979 209.0
3980 204.0
3981 32.0
3982 207.0
3983 204.0
3984 208.0
3985 216.0
3986 214.0
3987 204.0
3988 211.0
3989 216.0
3990 209.0
3991 203.0
3992 331.0
3993 331.0
3994 252.0
3995 331.0
3996 641.0
3997 611.0
3998 38.0
3999 169.0
4000 204.0
4001 169.0
4002 203.0
4003 0.0
4004 204.0
4005 204.0
4006 204.0
4007 251.0
4008 251.0
4009 203.0
4010 1.0
4011 251.0
4012 49.0
4013 316.0
4014 251.0
4015 158.0
4016 251.0
4017 158.0
4018 251.0
4019 203.0
4020 203.0
4021 0.0
4022 204.0
4023 211.0
4024 98.0
4025 160.0
4026 226.0
4027 205.0
4028 211.0
4029 641.0
4030 210.0
4031 204.0
4032 209.0
4033 207.0
4034 98.0
4035 32.0
4036 216.0
4037 214.0
4038 204.0
4039 216.0
4040 216.0
4041 209.0
4042 109.0
4043 950.0
4044 331.0
4045 315.0
4046 331.0
4047 641.0
4048 252.0
4049 203.0
4050 203.0
4051 44.0
4052 169.0
4053 204.0
4054 203.0
4055 204.0
4056 204.0
4057 203.0
4058 251.0
4059 251.0
4060 203.0
4061 1.0
4062 251.0
4063 203.0
4064 316.0
4065 38.0
4066 0.0
4067 251.0
4068 180.0
4069 251.0
4070 204.0
4071 203.0
4072 0.0
4073 204.0
4074 204.0
4075 204.0
4076 205.0
4077 98.0
4078 211.0
4079 98.0
4080 950.0
4081 32.0
4082 214.0
4083 32.0
4084 204.0
4085 98.0
4086 208.0
4087 216.0
4088 204.0
4089 216.0
4090 214.0
4091 221.0
4092 209.0
4093 251.0
4094 736.0
4095 859.0
4096 251.0
4097 616.0
4098 641.0
4099 639.0
4100 203.0
4101 203.0
4102 331.0
4103 174.0
4104 180.0
4105 203.0
4106 204.0
4107 180.0
4108 204.0
4109 251.0
4110 251.0
4111 203.0
4112 103.0
4113 251.0
4114 104.0
4115 316.0
4116 316.0
4117 0.0
4118 203.0
4119 38.0
4120 251.0
4121 204.0
4122 203.0
4123 93.0
4124 98.0
4125 214.0
4126 204.0
4127 162.0
4128 205.0
4129 103.0
4130 214.0
4131 950.0
4132 214.0
4133 204.0
4134 160.0
4135 32.0
4136 231.0
4137 210.0
4138 216.0
4139 216.0
4140 216.0
4141 214.0
4142 221.0
4143 209.0
4144 203.0
4145 331.0
4146 950.0
4147 203.0
4148 252.0
4149 641.0
4150 573.0
4151 175.0
4152 203.0
4153 203.0
4154 203.0
4155 204.0
4156 0.0
4157 204.0
4158 204.0
4159 25.0
4160 251.0
4161 251.0
4162 203.0
4163 1.0
4164 251.0
4165 33.0
4166 316.0
4167 38.0
4168 0.0
4169 251.0
4170 38.0
4171 251.0
4172 203.0
4173 203.0
4174 0.0
4175 98.0
4176 98.0
4177 205.0
4178 214.0
4179 205.0
4180 204.0
4181 211.0
4182 950.0
4183 209.0
4184 214.0
4185 209.0
4186 207.0
4187 204.0
4188 30.0
4189 216.0
4190 214.0
4191 204.0
4192 98.0
4193 216.0
4194 0.0
4195 203.0
4196 862.0
4197 203.0
4198 203.0
4199 252.0
4200 641.0
4201 611.0
4202 203.0
4203 169.0
4204 33.0
4205 169.0
4206 204.0
4207 6.0
4208 204.0
4209 204.0
4210 0.0
4211 251.0
4212 251.0
4213 203.0
4214 1.0
4215 251.0
4216 203.0
4217 316.0
4218 251.0
4219 0.0
4220 251.0
4221 180.0
4222 251.0
4223 203.0
4224 203.0
4225 0.0
4226 98.0
4227 98.0
4228 205.0
4229 160.0
4230 205.0
4231 204.0
4232 217.0
4233 950.0
4234 32.0
4235 214.0
4236 209.0
4237 207.0
4238 214.0
4239 208.0
4240 216.0
4241 204.0
4242 216.0
4243 204.0
4244 214.0
4245 206.0
4246 30.0
4247 736.0
4248 859.0
4249 203.0
4250 331.0
4251 641.0
4252 611.0
4253 251.0
4254 203.0
4255 180.0
4256 169.0
4257 169.0
4258 203.0
4259 204.0
4260 204.0
4261 169.0
4262 251.0
4263 251.0
4264 203.0
4265 103.0
4266 251.0
4267 33.0
4268 316.0
4269 49.0
4270 0.0
4271 251.0
4272 164.0
4273 251.0
4274 204.0
4275 204.0
4276 93.0
4277 204.0
4278 211.0
4279 205.0
4280 208.0
4281 98.0
4282 211.0
4283 217.0
4284 950.0
4285 210.0
4286 204.0
4287 160.0
4288 209.0
4289 204.0
4290 231.0
4291 216.0
4292 204.0
4293 216.0
4294 214.0
4295 216.0
4296 164.0
4297 203.0
4298 859.0
4299 859.0
4300 331.0
4301 331.0
4302 639.0
4303 573.0
4304 203.0
4305 203.0
4306 203.0
4307 204.0
4308 219.0
4309 203.0
4310 204.0
4311 204.0
4312 169.0
4313 251.0
4314 251.0
4315 203.0
4316 103.0
4317 251.0
4318 33.0
4319 316.0
4320 38.0
4321 0.0
4322 251.0
4323 158.0
4324 251.0
4325 204.0
4326 204.0
4327 0.0
4328 203.0
4329 98.0
4330 192.0
4331 205.0
4332 205.0
4333 214.0
4334 217.0
4335 950.0
4336 208.0
4337 204.0
4338 32.0
4339 204.0
4340 204.0
4341 30.0
4342 98.0
4343 214.0
4344 204.0
4345 221.0
4346 216.0
4347 0.0
4348 158.0
4349 331.0
4350 203.0
4351 252.0
4352 252.0
4353 641.0
4354 635.0
4355 315.0
4356 203.0
4357 38.0
4358 204.0
4359 204.0
4360 0.0
4361 204.0
4362 204.0
4363 25.0
4364 251.0
4365 251.0
4366 203.0
4367 203.0
4368 251.0
4369 98.0
4370 316.0
4371 251.0
4372 33.0
4373 251.0
4374 180.0
4375 251.0
4376 251.0
4377 203.0
4378 169.0
4379 204.0
4380 98.0
4381 98.0
4382 208.0
4383 205.0
4384 93.0
4385 217.0
4386 950.0
4387 204.0
4388 214.0
4389 209.0
4390 209.0
4391 214.0
4392 231.0
4393 214.0
4394 214.0
4395 221.0
4396 211.0
4397 221.0
4398 203.0
4399 32.0
4400 331.0
4401 203.0
4402 203.0
4403 252.0
4404 641.0
4405 573.0
4406 203.0
4407 203.0
4408 203.0
4409 203.0
4410 204.0
4411 204.0
4412 204.0
4413 204.0
4414 0.0
4415 251.0
4416 251.0
4417 203.0
4418 1.0
4419 251.0
4420 38.0
4421 316.0
4422 251.0
4423 169.0
4424 251.0
4425 203.0
4426 251.0
4427 203.0
4428 203.0
4429 204.0
4430 204.0
4431 211.0
4432 98.0
4433 98.0
4434 98.0
4435 32.0
4436 214.0
4437 950.0
4438 203.0
4439 214.0
4440 209.0
4441 209.0
4442 231.0
4443 210.0
4444 216.0
4445 211.0
4446 164.0
4447 214.0
4448 216.0
4449 17.0
4450 32.0
4451 859.0
4452 331.0
4453 331.0
4454 331.0
4455 641.0
4456 611.0
4457 251.0
4458 169.0
4459 180.0
4460 203.0
4461 169.0
4462 0.0
4463 204.0
4464 204.0
4465 169.0
4466 251.0
4467 251.0
4468 223.0
4469 103.0
4470 251.0
4471 33.0
4472 316.0
4473 49.0
4474 204.0
4475 251.0
4476 164.0
4477 251.0
4478 203.0
4479 204.0
4480 98.0
4481 204.0
4482 211.0
4483 205.0
4484 225.0
4485 98.0
4486 211.0
4487 217.0
4488 950.0
4489 214.0
4490 204.0
4491 32.0
4492 204.0
4493 204.0
4494 231.0
4495 204.0
4496 216.0
4497 221.0
4498 211.0
4499 216.0
4500 251.0
4501 32.0
4502 331.0
4503 203.0
4504 252.0
4505 251.0
4506 641.0
4507 252.0
4508 252.0
4509 203.0
4510 38.0
4511 169.0
4512 169.0
4513 0.0
4514 204.0
4515 204.0
4516 169.0
4517 251.0
4518 251.0
4519 203.0
4520 103.0
4521 251.0
4522 203.0
4523 316.0
4524 191.0
4525 0.0
4526 251.0
4527 38.0
4528 251.0
4529 204.0
4530 203.0
4531 169.0
4532 98.0
4533 98.0
4534 160.0
4535 204.0
4536 205.0
4537 205.0
4538 217.0
4539 950.0
4540 210.0
4541 214.0
4542 209.0
4543 204.0
4544 231.0
4545 203.0
4546 98.0
4547 216.0
4548 216.0
4549 211.0
4550 101.0
4551 251.0
4552 251.0
4553 331.0
4554 203.0
4555 203.0
4556 252.0
4557 641.0
4558 611.0
4559 203.0
4560 203.0
4561 180.0
4562 203.0
4563 204.0
4564 33.0
4565 204.0
4566 204.0
4567 25.0
4568 251.0
4569 251.0
4570 203.0
4571 0.0
4572 251.0
4573 109.0
4574 316.0
4575 49.0
4576 0.0
4577 251.0
4578 251.0
4579 251.0
4580 204.0
4581 204.0
4582 204.0
4583 204.0
4584 98.0
4585 214.0
4586 32.0
4587 98.0
4588 214.0
4589 217.0
4590 950.0
4591 214.0
4592 214.0
4593 209.0
4594 207.0
4595 98.0
4596 208.0
4597 216.0
4598 214.0
4599 221.0
4600 214.0
4601 315.0
4602 203.0
4603 159.0
4604 950.0
4605 331.0
4606 252.0
4607 331.0
4608 641.0
4609 635.0
4610 203.0
4611 203.0
4612 203.0
4613 169.0
4614 332.0
4615 204.0
4616 204.0
4617 204.0
4618 169.0
4619 251.0
4620 251.0
4621 203.0
4622 1.0
4623 251.0
4624 33.0
4625 316.0
4626 49.0
4627 191.0
4628 251.0
4629 164.0
4630 251.0
4631 203.0
4632 204.0
4633 204.0
4634 209.0
4635 211.0
4636 98.0
4637 221.0
4638 98.0
4639 98.0
4640 217.0
4641 950.0
4642 204.0
4643 204.0
4644 32.0
4645 207.0
4646 230.0
4647 204.0
4648 216.0
4649 216.0
4650 221.0
4651 203.0
4652 203.0
4653 203.0
4654 203.0
4655 859.0
4656 950.0
4657 203.0
4658 616.0
4659 641.0
4660 573.0
4661 203.0
4662 203.0
4663 38.0
4664 204.0
4665 169.0
4666 203.0
4667 204.0
4668 204.0
4669 25.0
4670 251.0
4671 251.0
4672 203.0
4673 204.0
4674 251.0
4675 203.0
4676 316.0
4677 315.0
4678 203.0
4679 251.0
4680 204.0
4681 251.0
4682 204.0
4683 204.0
4684 98.0
4685 169.0
4686 211.0
4687 160.0
4688 98.0
4689 98.0
4690 205.0
4691 217.0
4692 950.0
4693 214.0
4694 217.0
4695 32.0
4696 204.0
4697 230.0
4698 203.0
4699 216.0
4700 211.0
4701 216.0
4702 203.0
4703 0.0
4704 251.0
4705 32.0
4706 331.0
4707 203.0
4708 736.0
4709 252.0
4710 641.0
4711 252.0
4712 32.0
4713 204.0
4714 204.0
4715 204.0
4716 204.0
4717 0.0
4718 204.0
4719 204.0
4720 98.0
4721 251.0
4722 251.0
4723 203.0
4724 103.0
4725 251.0
4726 204.0
4727 316.0
4728 32.0
4729 169.0
4730 251.0
4731 180.0
4732 251.0
4733 204.0
4734 203.0
4735 169.0
4736 204.0
4737 214.0
4738 205.0
4739 203.0
4740 205.0
4741 205.0
4742 211.0
4743 950.0
4744 214.0
4745 214.0
4746 32.0
4747 32.0
4748 98.0
4749 30.0
4750 214.0
4751 214.0
4752 221.0
4753 30.0
4754 251.0
4755 251.0
4756 157.0
4757 331.0
4758 331.0
4759 315.0
4760 203.0
4761 641.0
4762 363.0
4763 203.0
4764 203.0
4765 180.0
4766 203.0
4767 203.0
4768 203.0
4769 204.0
4770 204.0
4771 169.0
4772 251.0
4773 251.0
4774 203.0
4775 0.0
4776 251.0
4777 203.0
4778 316.0
4779 38.0
4780 203.0
4781 251.0
4782 203.0
4783 251.0
4784 203.0
4785 204.0
4786 204.0
4787 204.0
4788 98.0
4789 98.0
4790 98.0
4791 98.0
4792 160.0
4793 214.0
4794 950.0
4795 204.0
4796 204.0
4797 209.0
4798 207.0
4799 230.0
4800 209.0
4801 216.0
4802 214.0
4803 221.0
4804 103.0
4805 203.0
4806 251.0
4807 251.0
4808 950.0
4809 331.0
4810 736.0
4811 203.0
4812 641.0
4813 533.0
4814 203.0
4815 203.0
4816 203.0
4817 169.0
4818 203.0
4819 204.0
4820 204.0
4821 204.0
4822 169.0
4823 251.0
4824 251.0
4825 203.0
4826 25.0
4827 251.0
4828 203.0
4829 316.0
4830 204.0
4831 203.0
4832 251.0
4833 163.0
4834 251.0
4835 203.0
4836 204.0
4837 169.0
4838 98.0
4839 98.0
4840 192.0
4841 208.0
4842 98.0
4843 180.0
4844 217.0
4845 950.0
4846 204.0
4847 204.0
4848 32.0
4849 207.0
4850 230.0
4851 32.0
4852 211.0
4853 211.0
4854 221.0
4855 214.0
4856 315.0
4857 103.0
4858 98.0
4859 950.0
4860 203.0
4861 203.0
4862 340.0
4863 639.0
4864 252.0
4865 103.0
4866 203.0
4867 203.0
4868 169.0
4869 174.0
4870 180.0
4871 204.0
4872 204.0
4873 203.0
4874 251.0
4875 251.0
4876 203.0
4877 103.0
4878 251.0
4879 203.0
4880 316.0
4881 33.0
4882 169.0
4883 251.0
4884 180.0
4885 251.0
4886 204.0
4887 204.0
4888 98.0
4889 204.0
4890 209.0
4891 160.0
4892 98.0
4893 159.0
4894 205.0
4895 217.0
4896 950.0
4897 214.0
4898 204.0
4899 32.0
4900 207.0
4901 98.0
4902 32.0
4903 203.0
4904 214.0
4905 216.0
4906 203.0
4907 203.0
4908 203.0
4909 158.0
4910 331.0
4911 203.0
4912 203.0
4913 203.0
4914 641.0
4915 252.0
4916 203.0
4917 203.0
4918 180.0
4919 169.0
4920 203.0
4921 204.0
4922 204.0
4923 204.0
4924 98.0
4925 251.0
4926 251.0
4927 203.0
4928 0.0
4929 251.0
4930 191.0
4931 316.0
4932 204.0
4933 32.0
4934 251.0
4935 180.0
4936 251.0
4937 204.0
4938 204.0
4939 204.0
4940 204.0
4941 209.0
4942 98.0
4943 163.0
4944 205.0
4945 214.0
4946 217.0
4947 950.0
4948 214.0
4949 214.0
4950 32.0
4951 204.0
4952 231.0
4953 209.0
4954 214.0
4955 216.0
4956 221.0
4957 203.0
4958 203.0
4959 251.0
4960 0.0
4961 950.0
4962 251.0
4963 331.0
4964 331.0
4965 641.0
4966 533.0
4967 203.0
4968 204.0
4969 204.0
4970 180.0
4971 203.0
4972 204.0
4973 204.0
4974 204.0
4975 98.0
4976 251.0
4977 251.0
4978 203.0
4979 1.0
4980 251.0
4981 32.0
4982 316.0
4983 25.0
4984 203.0
4985 251.0
4986 158.0
4987 251.0
4988 203.0
4989 204.0
4990 98.0
4991 98.0
4992 98.0
4993 205.0
4994 201.0
4995 98.0
4996 98.0
4997 217.0
4998 950.0
4999 204.0
5000 214.0
5001 32.0
5002 207.0
5003 230.0
5004 32.0
5005 204.0
5006 206.0
5007 221.0
5008 0.0
5009 203.0
5010 251.0
5011 32.0
5012 950.0
5013 203.0
5014 736.0
5015 251.0
5016 639.0
5017 533.0
5018 38.0
5019 203.0
5020 203.0
5021 204.0
5022 174.0
5023 204.0
5024 204.0
5025 204.0
5026 25.0
5027 251.0
5028 251.0
5029 203.0
5030 103.0
5031 251.0
5032 251.0
5033 316.0
5034 30.0
5035 203.0
5036 251.0
5037 180.0
5038 251.0
5039 204.0
5040 204.0
5041 98.0
5042 98.0
5043 98.0
5044 98.0
5045 211.0
5046 98.0
5047 160.0
5048 217.0
5049 950.0
5050 204.0
5051 204.0
5052 32.0
5053 209.0
5054 231.0
5055 208.0
5056 216.0
5057 214.0
5058 221.0
5059 203.0
5060 251.0
5061 251.0
5062 203.0
5063 331.0
5064 203.0
5065 203.0
5066 203.0
5067 641.0
5068 252.0
5069 251.0
5070 203.0
5071 203.0
5072 204.0
5073 203.0
5074 204.0
5075 204.0
5076 204.0
5077 25.0
5078 251.0
5079 251.0
5080 203.0
5081 203.0
5082 251.0
5083 203.0
5084 316.0
5085 33.0
5086 98.0
5087 251.0
5088 164.0
5089 251.0
5090 204.0
5091 204.0
5092 98.0
5093 204.0
5094 211.0
5095 191.0
5096 225.0
5097 159.0
5098 211.0
5099 217.0
5100 950.0
