1 203.0
2 6.0
3 1.0
4 0.0
5 32.0
6 0.0
7 203.0
8 33.0
9 0.0
10 0.0
11 203.0
12 0.0
13 32.0
14 204.0
15 0.0
16 38.0
17 32.0
18 0.0
19 169.0
20 0.0
21 0.0
22 1.0
23 203.0
24 0.0
25 0.0
26 30.0
27 0.0
28 0.0
29 0.0
30 0.0
31 98.0
32 203.0
33 0.0
34 0.0
35 0.0
36 0.0
37 204.0
38 98.0
39 175.0
40 191.0
41 0.0
42 6.0
43 38.0
44 25.0
45 204.0
46 0.0
47 203.0
48 0.0
49 203.0
50 32.0
51 204.0
52 203.0
53 203.0
54 6.0
55 32.0
56 32.0
57 204.0
58 203.0
59 203.0
60 203.0
61 204.0
62 203.0
63 38.0
64 44.0
65 204.0
66 204.0
67 38.0
68 0.0
69 169.0
70 169.0
71 169.0
72 1.0
73 0.0
74 203.0
75 58.0
76 203.0
77 30.0
78 104.0
79 0.0
80 0.0
81 32.0
82 0.0
83 203.0
84 32.0
85 0.0
86 0.0
87 204.0
88 204.0
89 204.0
90 203.0
91 191.0
92 203.0
93 38.0
94 38.0
95 203.0
96 204.0
97 204.0
98 203.0
99 203.0
100 203.0
101 32.0
102 204.0
103 203.0
104 33.0
105 180.0
106 32.0
107 0.0
108 203.0
109 0.0
110 203.0
111 43.0
112 203.0
113 204.0
114 0.0
115 44.0
116 204.0
117 204.0
118 204.0
119 0.0
120 204.0
121 169.0
122 203.0
123 32.0
124 0.0
125 203.0
126 203.0
127 120.0
128 169.0
129 104.0
130 0.0
131 0.0
132 203.0
133 203.0
134 203.0
135 203.0
136 32.0
137 0.0
138 0.0
139 204.0
140 204.0
141 204.0
142 191.0
143 191.0
144 183.0
145 203.0
146 204.0
147 204.0
148 33.0
149 204.0
150 203.0
151 203.0
152 203.0
153 204.0
154 203.0
155 169.0
156 32.0
157 32.0
158 204.0
159 0.0
160 203.0
161 33.0
162 109.0
163 203.0
164 203.0
165 203.0
166 204.0
167 204.0
168 0.0
169 169.0
170 109.0
171 204.0
172 204.0
173 93.0
174 203.0
175 0.0
176 203.0
177 0.0
178 203.0
179 120.0
180 169.0
181 0.0
182 203.0
183 98.0
184 38.0
185 203.0
186 203.0
187 32.0
188 204.0
189 0.0
190 204.0
191 204.0
192 203.0
193 203.0
194 25.0
195 43.0
196 203.0
197 204.0
198 204.0
199 204.0
200 203.0
201 203.0
202 203.0
203 203.0
204 204.0
205 203.0
206 203.0
207 203.0
208 0.0
209 32.0
210 203.0
211 203.0
212 203.0
213 203.0
214 0.0
215 0.0
216 203.0
217 32.0
218 204.0
219 0.0
220 251.0
221 103.0
222 169.0
223 204.0
224 33.0
225 204.0
226 175.0
227 203.0
228 203.0
229 25.0
230 25.0
231 180.0
232 0.0
233 104.0
234 98.0
235 0.0
236 203.0
237 32.0
238 204.0
239 203.0
240 204.0
241 204.0
242 204.0
243 204.0
244 203.0
245 203.0
246 203.0
247 203.0
248 204.0
249 204.0
250 180.0
251 203.0
252 204.0
253 203.0
254 32.0
255 251.0
256 203.0
257 175.0
258 33.0
259 19.0
260 0.0
261 204.0
262 0.0
263 203.0
264 203.0
265 203.0
266 204.0
267 203.0
268 0.0
269 204.0
270 204.0
271 38.0
272 204.0
273 204.0
274 204.0
275 164.0
276 204.0
277 204.0
278 203.0
279 0.0
280 120.0
281 0.0
282 180.0
283 204.0
284 0.0
285 203.0
286 0.0
287 203.0
288 203.0
289 32.0
290 204.0
291 0.0
292 204.0
293 204.0
294 203.0
295 204.0
296 191.0
297 204.0
298 0.0
299 204.0
300 204.0
301 204.0
302 203.0
303 203.0
304 204.0
305 33.0
306 251.0
307 203.0
308 203.0
309 169.0
310 32.0
311 32.0
312 0.0
313 203.0
314 203.0
315 203.0
316 204.0
317 203.0
318 203.0
319 44.0
320 204.0
321 204.0
322 204.0
323 0.0
324 204.0
325 204.0
326 169.0
327 203.0
328 204.0
329 164.0
330 2.0
331 120.0
332 38.0
333 104.0
334 204.0
335 0.0
336 98.0
337 0.0
338 203.0
339 0.0
340 175.0
341 204.0
342 204.0
343 204.0
344 204.0
345 203.0
346 185.0
347 204.0
348 204.0
349 203.0
350 203.0
351 204.0
352 33.0
353 33.0
354 203.0
355 204.0
356 204.0
357 251.0
358 38.0
359 203.0
360 204.0
361 0.0
362 32.0
363 203.0
364 203.0
365 203.0
366 203.0
367 204.0
368 203.0
369 203.0
370 38.0
371 204.0
372 204.0
373 169.0
374 204.0
375 204.0
376 204.0
377 204.0
378 203.0
379 204.0
380 204.0
381 0.0
382 203.0
383 120.0
384 104.0
385 32.0
386 104.0
387 203.0
388 203.0
389 203.0
390 0.0
391 32.0
392 203.0
393 0.0
394 204.0
395 204.0
396 203.0
397 204.0
398 204.0
399 180.0
400 0.0
401 203.0
402 204.0
403 204.0
404 204.0
405 203.0
406 203.0
407 38.0
408 251.0
409 38.0
410 169.0
411 203.0
412 25.0
413 32.0
414 203.0
415 0.0
416 203.0
417 204.0
418 204.0
419 204.0
420 203.0
421 32.0
422 204.0
423 204.0
424 34.0
425 203.0
426 169.0
427 204.0
428 33.0
429 158.0
430 38.0
431 158.0
432 203.0
433 203.0
434 174.0
435 203.0
436 30.0
437 109.0
438 203.0
439 203.0
440 203.0
441 203.0
442 203.0
443 204.0
444 204.0
445 204.0
446 204.0
447 203.0
448 204.0
449 204.0
450 204.0
451 203.0
452 204.0
453 204.0
454 204.0
455 203.0
456 175.0
457 203.0
458 203.0
459 251.0
460 251.0
461 204.0
462 169.0
463 32.0
464 32.0
465 0.0
466 0.0
467 203.0
468 203.0
469 204.0
470 203.0
471 0.0
472 204.0
473 204.0
474 242.0
475 30.0
476 252.0
477 204.0
478 204.0
479 103.0
480 204.0
481 169.0
482 164.0
483 109.0
484 203.0
485 38.0
486 204.0
487 203.0
488 92.0
489 98.0
490 0.0
491 203.0
492 180.0
493 30.0
494 204.0
495 32.0
496 204.0
497 204.0
498 204.0
499 203.0
500 203.0
501 204.0
502 204.0
503 203.0
504 204.0
505 204.0
506 203.0
507 203.0
508 204.0
509 203.0
510 252.0
511 38.0
512 38.0
513 109.0
514 25.0
515 32.0
516 0.0
517 0.0
518 203.0
519 203.0
520 204.0
521 0.0
522 203.0
523 44.0
524 204.0
525 1.0
526 1.0
527 12.0
528 204.0
529 204.0
530 204.0
531 203.0
532 204.0
533 204.0
534 203.0
535 203.0
536 180.0
537 204.0
538 204.0
539 98.0
540 203.0
541 203.0
542 203.0
543 203.0
544 204.0
545 204.0
546 204.0
547 204.0
548 204.0
549 203.0
550 203.0
551 204.0
552 180.0
553 204.0
554 203.0
555 204.0
556 33.0
557 0.0
558 203.0
559 204.0
560 109.0
561 252.0
562 203.0
563 169.0
564 180.0
565 25.0
566 32.0
567 203.0
568 203.0
569 203.0
570 203.0
571 204.0
572 204.0
573 203.0
574 32.0
575 204.0
576 1.0
577 204.0
578 204.0
579 204.0
580 204.0
581 169.0
582 204.0
583 0.0
584 158.0
585 203.0
586 203.0
587 38.0
588 204.0
589 204.0
590 204.0
591 203.0
592 203.0
593 203.0
594 204.0
595 32.0
596 204.0
597 0.0
598 204.0
599 204.0
600 203.0
601 203.0
602 204.0
603 204.0
604 204.0
605 204.0
606 204.0
607 0.0
608 204.0
609 203.0
610 203.0
611 203.0
612 252.0
613 0.0
614 38.0
615 169.0
616 32.0
617 203.0
618 203.0
619 203.0
620 203.0
621 6.0
622 204.0
623 203.0
624 203.0
625 17.0
626 6.0
627 204.0
628 251.0
629 204.0
630 203.0
631 204.0
632 33.0
633 158.0
634 158.0
635 204.0
636 180.0
637 203.0
638 38.0
639 203.0
640 203.0
641 0.0
642 203.0
643 203.0
644 203.0
645 0.0
646 175.0
647 204.0
648 204.0
649 204.0
650 204.0
651 203.0
652 203.0
653 204.0
654 204.0
655 43.0
656 204.0
657 204.0
658 180.0
659 203.0
660 203.0
661 203.0
662 203.0
663 252.0
664 38.0
665 38.0
666 169.0
667 32.0
668 203.0
669 0.0
670 0.0
671 203.0
672 0.0
673 204.0
674 203.0
675 203.0
676 44.0
677 242.0
678 204.0
679 6.0
680 6.0
681 204.0
682 204.0
683 204.0
684 203.0
685 203.0
686 164.0
687 109.0
688 203.0
689 38.0
690 103.0
691 204.0
692 109.0
693 103.0
694 0.0
695 203.0
696 32.0
697 204.0
698 204.0
699 32.0
700 204.0
701 204.0
702 203.0
703 204.0
704 204.0
705 180.0
706 203.0
707 0.0
708 204.0
709 32.0
710 204.0
711 204.0
712 203.0
713 231.0
714 252.0
715 38.0
716 38.0
717 203.0
718 25.0
719 19.0
720 203.0
721 0.0
722 203.0
723 203.0
724 204.0
725 204.0
726 204.0
727 6.0
728 251.0
729 0.0
730 32.0
731 6.0
732 204.0
733 204.0
734 204.0
735 203.0
736 204.0
737 204.0
738 38.0
739 203.0
740 114.0
741 204.0
742 203.0
743 104.0
744 203.0
745 0.0
746 25.0
747 203.0
748 203.0
749 204.0
750 0.0
751 204.0
752 204.0
753 204.0
754 191.0
755 204.0
756 204.0
757 204.0
758 0.0
759 204.0
760 33.0
761 33.0
762 203.0
763 38.0
764 226.0
765 252.0
766 0.0
767 38.0
768 203.0
769 25.0
770 203.0
771 203.0
772 203.0
773 203.0
774 204.0
775 204.0
776 204.0
777 204.0
778 6.0
779 204.0
780 0.0
781 204.0
782 204.0
783 204.0
784 204.0
785 174.0
786 158.0
787 203.0
788 158.0
789 38.0
790 203.0
791 38.0
792 204.0
793 204.0
794 0.0
795 203.0
796 203.0
797 203.0
798 0.0
799 203.0
800 204.0
801 0.0
802 204.0
803 204.0
804 203.0
805 204.0
806 204.0
807 204.0
808 204.0
809 204.0
810 204.0
811 0.0
812 204.0
813 203.0
814 204.0
815 203.0
816 252.0
817 204.0
818 33.0
819 169.0
820 0.0
821 204.0
822 0.0
823 203.0
824 203.0
825 204.0
826 204.0
827 204.0
828 204.0
829 203.0
830 245.0
831 38.0
832 0.0
833 204.0
834 203.0
835 204.0
836 32.0
837 158.0
838 32.0
839 204.0
840 204.0
841 203.0
842 38.0
843 203.0
844 204.0
845 0.0
846 109.0
847 203.0
848 33.0
849 32.0
850 186.0
851 204.0
852 204.0
853 204.0
854 204.0
855 203.0
856 204.0
857 204.0
858 180.0
859 204.0
860 204.0
861 204.0
862 204.0
863 204.0
864 203.0
865 38.0
866 250.0
867 252.0
868 38.0
869 38.0
870 204.0
871 25.0
872 25.0
873 0.0
874 25.0
875 203.0
876 204.0
877 204.0
878 203.0
879 204.0
880 25.0
881 242.0
882 204.0
883 252.0
884 6.0
885 103.0
886 204.0
887 169.0
888 204.0
889 204.0
890 164.0
891 180.0
892 32.0
893 114.0
894 204.0
895 203.0
896 104.0
897 2.0
898 0.0
899 0.0
900 32.0
901 203.0
902 204.0
903 203.0
904 204.0
905 204.0
906 204.0
907 203.0
908 204.0
909 180.0
910 203.0
911 0.0
912 204.0
913 33.0
914 204.0
915 203.0
916 180.0
917 251.0
918 252.0
919 38.0
920 38.0
921 203.0
922 25.0
923 203.0
924 0.0
925 0.0
926 204.0
927 204.0
928 204.0
929 204.0
930 204.0
931 203.0
932 204.0
933 1.0
934 204.0
935 6.0
936 204.0
937 204.0
938 33.0
939 203.0
940 204.0
941 158.0
942 203.0
943 204.0
944 169.0
945 204.0
946 203.0
947 14.0
948 203.0
949 203.0
950 0.0
951 204.0
952 203.0
953 204.0
954 203.0
955 204.0
956 204.0
957 203.0
958 203.0
959 204.0
960 204.0
961 204.0
962 203.0
963 204.0
964 0.0
965 104.0
966 204.0
967 204.0
968 231.0
969 252.0
970 180.0
971 38.0
972 180.0
973 0.0
974 25.0
975 203.0
976 203.0
977 203.0
978 203.0
979 204.0
980 203.0
981 204.0
982 0.0
983 204.0
984 0.0
985 0.0
986 6.0
987 30.0
988 204.0
989 33.0
990 204.0
991 203.0
992 158.0
993 158.0
994 203.0
995 38.0
996 204.0
997 204.0
998 0.0
999 109.0
1000 203.0
1001 203.0
1002 204.0
1003 175.0
1004 204.0
1005 169.0
1006 204.0
1007 204.0
1008 204.0
1009 204.0
1010 204.0
1011 204.0
1012 204.0
1013 204.0
1014 204.0
1015 164.0
1016 0.0
1017 203.0
1018 38.0
1019 250.0
1020 252.0
1021 38.0
1022 38.0
1023 169.0
1024 32.0
1025 32.0
1026 0.0
1027 0.0
1028 203.0
1029 204.0
1030 204.0
1031 203.0
1032 204.0
1033 33.0
1034 251.0
1035 33.0
1036 0.0
1037 204.0
1038 6.0
1039 204.0
1040 169.0
1041 204.0
1042 203.0
1043 204.0
1044 169.0
1045 158.0
1046 38.0
1047 204.0
1048 204.0
1049 109.0
1050 0.0
1051 203.0
1052 203.0
1053 32.0
1054 203.0
1055 204.0
1056 204.0
1057 204.0
1058 204.0
1059 203.0
1060 204.0
1061 204.0
1062 180.0
1063 204.0
1064 203.0
1065 204.0
1066 33.0
1067 203.0
1068 204.0
1069 224.0
1070 231.0
1071 252.0
1072 38.0
1073 38.0
1074 204.0
1075 32.0
1076 203.0
1077 203.0
1078 203.0
1079 204.0
1080 203.0
1081 204.0
1082 203.0
1083 204.0
1084 0.0
1085 242.0
1086 33.0
1087 204.0
1088 204.0
1089 103.0
1090 204.0
1091 204.0
1092 203.0
1093 204.0
1094 204.0
1095 158.0
1096 92.0
1097 114.0
1098 204.0
1099 32.0
1100 104.0
1101 109.0
1102 0.0
1103 0.0
1104 203.0
1105 203.0
1106 204.0
1107 204.0
1108 204.0
1109 204.0
1110 204.0
1111 203.0
1112 204.0
1113 204.0
1114 204.0
1115 204.0
1116 204.0
1117 33.0
1118 203.0
1119 204.0
1120 224.0
1121 231.0
1122 252.0
1123 180.0
1124 38.0
1125 180.0
1126 25.0
1127 204.0
1128 204.0
1129 33.0
1130 203.0
1131 203.0
1132 204.0
1133 203.0
1134 204.0
1135 174.0
1136 204.0
1137 0.0
1138 204.0
1139 6.0
1140 204.0
1141 204.0
1142 32.0
1143 204.0
1144 203.0
1145 158.0
1146 0.0
1147 203.0
1148 38.0
1149 203.0
1150 204.0
1151 104.0
1152 109.0
1153 0.0
1154 0.0
1155 204.0
1156 203.0
1157 204.0
1158 180.0
1159 204.0
1160 204.0
1161 203.0
1162 204.0
1163 204.0
1164 204.0
1165 204.0
1166 204.0
1167 204.0
1168 169.0
1169 104.0
1170 221.0
1171 203.0
1172 203.0
1173 252.0
1174 38.0
1175 38.0
1176 169.0
1177 32.0
1178 25.0
1179 0.0
1180 203.0
1181 203.0
1182 203.0
1183 204.0
1184 204.0
1185 203.0
1186 0.0
1187 44.0
1188 33.0
1189 0.0
1190 6.0
1191 204.0
1192 204.0
1193 204.0
1194 204.0
1195 204.0
1196 158.0
1197 204.0
1198 204.0
1199 38.0
1200 203.0
1201 204.0
1202 0.0
1203 9.0
1204 203.0
1205 203.0
1206 204.0
1207 204.0
1208 204.0
1209 204.0
1210 204.0
1211 204.0
1212 204.0
1213 204.0
1214 204.0
1215 180.0
1216 204.0
1217 203.0
1218 204.0
1219 33.0
1220 43.0
1221 43.0
1222 38.0
1223 231.0
1224 252.0
1225 250.0
1226 38.0
1227 204.0
1228 32.0
1229 19.0
1230 204.0
1231 203.0
1232 204.0
1233 203.0
1234 204.0
1235 203.0
1236 204.0
1237 0.0
1238 1.0
1239 204.0
1240 0.0
1241 204.0
1242 204.0
1243 204.0
1244 169.0
1245 204.0
1246 204.0
1247 204.0
1248 164.0
1249 204.0
1250 114.0
1251 204.0
1252 203.0
1253 204.0
1254 2.0
1255 203.0
1256 204.0
1257 204.0
1258 203.0
1259 204.0
1260 204.0
1261 204.0
1262 204.0
1263 203.0
1264 204.0
1265 204.0
1266 180.0
1267 204.0
1268 203.0
1269 204.0
1270 33.0
1271 0.0
1272 224.0
1273 33.0
1274 231.0
1275 252.0
1276 204.0
1277 38.0
1278 180.0
1279 30.0
1280 19.0
1281 204.0
1282 203.0
1283 203.0
1284 203.0
1285 204.0
1286 203.0
1287 204.0
1288 0.0
1289 204.0
1290 251.0
1291 204.0
1292 204.0
1293 204.0
1294 204.0
1295 204.0
1296 203.0
1297 204.0
1298 204.0
1299 204.0
1300 164.0
1301 38.0
1302 204.0
1303 204.0
1304 104.0
1305 109.0
1306 203.0
1307 0.0
1308 204.0
1309 203.0
1310 204.0
1311 204.0
1312 204.0
1313 204.0
1314 203.0
1315 203.0
1316 204.0
1317 204.0
1318 204.0
1319 204.0
1320 204.0
1321 204.0
1322 49.0
1323 174.0
1324 38.0
1325 250.0
1326 252.0
1327 0.0
1328 38.0
1329 180.0
1330 32.0
1331 203.0
1332 204.0
1333 204.0
1334 203.0
1335 203.0
1336 204.0
1337 204.0
1338 204.0
1339 204.0
1340 204.0
1341 1.0
1342 204.0
1343 1.0
1344 6.0
1345 204.0
1346 32.0
1347 204.0
1348 32.0
1349 204.0
1350 25.0
1351 164.0
1352 38.0
1353 204.0
1354 204.0
1355 0.0
1356 9.0
1357 204.0
1358 203.0
1359 204.0
1360 204.0
1361 204.0
1362 204.0
1363 204.0
1364 204.0
1365 203.0
1366 204.0
1367 204.0
1368 180.0
1369 204.0
1370 203.0
1371 204.0
1372 33.0
1373 38.0
1374 224.0
1375 245.0
1376 231.0
1377 252.0
1378 38.0
1379 38.0
1380 204.0
1381 32.0
1382 32.0
1383 203.0
1384 0.0
1385 203.0
1386 203.0
1387 204.0
1388 204.0
1389 204.0
1390 0.0
1391 1.0
1392 251.0
1393 0.0
1394 204.0
1395 204.0
1396 204.0
1397 32.0
1398 204.0
1399 204.0
1400 204.0
1401 164.0
1402 158.0
1403 104.0
1404 98.0
1405 203.0
1406 0.0
1407 0.0
1408 203.0
1409 203.0
1410 204.0
1411 204.0
1412 204.0
1413 204.0
1414 204.0
1415 204.0
1416 204.0
1417 204.0
1418 204.0
1419 204.0
1420 204.0
1421 203.0
1422 204.0
1423 203.0
1424 235.0
1425 224.0
1426 245.0
1427 250.0
1428 252.0
1429 250.0
1430 38.0
1431 204.0
1432 32.0
1433 19.0
1434 203.0
1435 204.0
1436 204.0
1437 203.0
1438 204.0
1439 203.0
1440 204.0
1441 204.0
1442 204.0
1443 0.0
1444 1.0
1445 252.0
1446 204.0
1447 204.0
1448 32.0
1449 204.0
1450 204.0
1451 158.0
1452 204.0
1453 203.0
1454 109.0
1455 203.0
1456 203.0
1457 98.0
1458 203.0
1459 204.0
1460 203.0
1461 204.0
1462 204.0
1463 204.0
1464 204.0
1465 204.0
1466 204.0
1467 203.0
1468 204.0
1469 204.0
1470 204.0
1471 203.0
1472 204.0
1473 204.0
1474 224.0
1475 250.0
1476 38.0
1477 224.0
1478 250.0
1479 252.0
1480 204.0
1481 38.0
1482 204.0
1483 32.0
1484 203.0
1485 204.0
1486 204.0
1487 204.0
1488 204.0
1489 204.0
1490 204.0
1491 204.0
1492 32.0
1493 204.0
1494 156.0
1495 204.0
1496 6.0
1497 6.0
1498 204.0
1499 204.0
1500 203.0
1501 204.0
1502 204.0
1503 158.0
1504 203.0
1505 38.0
1506 204.0
1507 203.0
1508 204.0
1509 32.0
1510 204.0
1511 203.0
1512 204.0
1513 204.0
1514 204.0
1515 203.0
1516 204.0
1517 204.0
1518 204.0
1519 203.0
1520 204.0
1521 204.0
1522 204.0
1523 203.0
1524 204.0
1525 250.0
1526 250.0
1527 224.0
1528 224.0
1529 235.0
1530 252.0
1531 38.0
1532 38.0
1533 204.0
1534 32.0
1535 19.0
1536 204.0
1537 0.0
1538 204.0
1539 203.0
1540 204.0
1541 203.0
1542 204.0
1543 38.0
1544 6.0
1545 33.0
1546 0.0
1547 204.0
1548 6.0
1549 204.0
1550 0.0
1551 203.0
1552 204.0
1553 204.0
1554 164.0
1555 158.0
1556 251.0
1557 203.0
1558 204.0
1559 0.0
1560 32.0
1561 204.0
1562 204.0
1563 204.0
1564 204.0
1565 204.0
1566 204.0
1567 204.0
1568 204.0
1569 204.0
1570 204.0
1571 204.0
1572 180.0
1573 204.0
1574 203.0
1575 267.0
1576 273.0
1577 271.0
1578 251.0
1579 38.0
1580 203.0
1581 250.0
1582 38.0
1583 38.0
1584 204.0
1585 0.0
1586 25.0
1587 204.0
1588 0.0
1589 203.0
1590 204.0
1591 204.0
1592 0.0
1593 204.0
1594 203.0
1595 204.0
1596 0.0
1597 204.0
1598 6.0
1599 204.0
1600 204.0
1601 0.0
1602 158.0
1603 203.0
1604 204.0
1605 158.0
1606 32.0
1607 114.0
1608 104.0
1609 204.0
1610 104.0
1611 203.0
1612 203.0
1613 203.0
1614 204.0
1615 204.0
1616 204.0
1617 204.0
1618 204.0
1619 204.0
1620 204.0
1621 204.0
1622 204.0
1623 204.0
1624 204.0
1625 203.0
1626 273.0
1627 273.0
1628 231.0
1629 271.0
1630 38.0
1631 315.0
1632 315.0
1633 174.0
1634 38.0
1635 204.0
1636 30.0
1637 203.0
1638 204.0
1639 1.0
1640 204.0
1641 204.0
1642 204.0
1643 204.0
1644 204.0
1645 203.0
1646 204.0
1647 33.0
1648 204.0
1649 6.0
1650 103.0
1651 204.0
1652 103.0
1653 158.0
1654 204.0
1655 158.0
1656 158.0
1657 32.0
1658 38.0
1659 204.0
1660 203.0
1661 104.0
1662 104.0
1663 203.0
1664 0.0
1665 204.0
1666 204.0
1667 204.0
1668 204.0
1669 204.0
1670 204.0
1671 204.0
1672 203.0
1673 204.0
1674 204.0
1675 204.0
1676 203.0
1677 314.0
1678 250.0
1679 250.0
1680 250.0
1681 33.0
1682 231.0
1683 315.0
1684 38.0
1685 38.0
1686 204.0
1687 0.0
1688 203.0
1689 204.0
1690 204.0
1691 204.0
1692 1.0
1693 204.0
1694 204.0
1695 204.0
1696 251.0
1697 204.0
1698 156.0
1699 1.0
1700 204.0
1701 87.0
1702 204.0
1703 169.0
1704 203.0
1705 204.0
1706 204.0
1707 204.0
1708 203.0
1709 114.0
1710 114.0
1711 203.0
1712 109.0
1713 203.0
1714 0.0
1715 0.0
1716 204.0
1717 203.0
1718 204.0
1719 204.0
1720 204.0
1721 204.0
1722 203.0
1723 204.0
1724 204.0
1725 180.0
1726 204.0
1727 203.0
1728 266.0
1729 266.0
1730 315.0
1731 238.0
1732 245.0
1733 251.0
1734 315.0
1735 38.0
1736 231.0
1737 204.0
1738 32.0
1739 19.0
1740 204.0
1741 0.0
1742 204.0
1743 204.0
1744 204.0
1745 204.0
1746 203.0
1747 17.0
1748 0.0
1749 251.0
1750 0.0
1751 204.0
1752 87.0
1753 204.0
1754 0.0
1755 203.0
1756 93.0
1757 204.0
1758 204.0
1759 32.0
1760 114.0
1761 120.0
1762 204.0
1763 0.0
1764 98.0
1765 203.0
1766 203.0
1767 204.0
1768 203.0
1769 204.0
1770 204.0
1771 204.0
1772 204.0
1773 203.0
1774 204.0
1775 204.0
1776 204.0
1777 204.0
1778 203.0
1779 314.0
1780 274.0
1781 33.0
1782 315.0
1783 38.0
1784 250.0
1785 315.0
1786 38.0
1787 38.0
1788 250.0
1789 32.0
1790 152.0
1791 203.0
1792 0.0
1793 204.0
1794 204.0
1795 204.0
1796 203.0
1797 204.0
1798 204.0
1799 44.0
1800 0.0
1801 204.0
1802 6.0
1803 103.0
1804 204.0
1805 103.0
1806 204.0
1807 204.0
1808 204.0
1809 158.0
1810 109.0
1811 32.0
1812 38.0
1813 204.0
1814 109.0
1815 30.0
1816 203.0
1817 203.0
1818 204.0
1819 204.0
1820 204.0
1821 204.0
1822 204.0
1823 204.0
1824 204.0
1825 203.0
1826 204.0
1827 204.0
1828 204.0
1829 103.0
1830 314.0
1831 203.0
1832 250.0
1833 203.0
1834 224.0
1835 250.0
1836 315.0
1837 0.0
1838 38.0
1839 38.0
1840 33.0
1841 203.0
1842 203.0
1843 204.0
1844 203.0
1845 204.0
1846 204.0
1847 204.0
1848 204.0
1849 204.0
1850 204.0
1851 38.0
1852 204.0
1853 6.0
1854 87.0
1855 204.0
1856 169.0
1857 204.0
1858 204.0
1859 204.0
1860 158.0
1861 203.0
1862 224.0
1863 204.0
1864 203.0
1865 204.0
1866 33.0
1867 32.0
1868 0.0
1869 204.0
1870 203.0
1871 204.0
1872 204.0
1873 204.0
1874 204.0
1875 204.0
1876 203.0
1877 204.0
1878 204.0
1879 204.0
1880 103.0
1881 314.0
1882 0.0
1883 257.0
1884 261.0
1885 38.0
1886 231.0
1887 315.0
1888 38.0
1889 38.0
1890 0.0
1891 33.0
1892 204.0
1893 0.0
1894 0.0
1895 204.0
1896 204.0
1897 204.0
1898 204.0
1899 204.0
1900 251.0
1901 0.0
1902 33.0
1903 0.0
1904 204.0
1905 92.0
1906 204.0
1907 203.0
1908 204.0
1909 204.0
1910 204.0
1911 204.0
1912 203.0
1913 114.0
1914 38.0
1915 204.0
1916 104.0
1917 104.0
1918 203.0
1919 203.0
1920 32.0
1921 203.0
1922 204.0
1923 204.0
1924 204.0
1925 204.0
1926 203.0
1927 204.0
1928 204.0
1929 204.0
1930 204.0
1931 109.0
1932 314.0
1933 268.0
1934 38.0
1935 250.0
1936 231.0
1937 250.0
1938 315.0
1939 38.0
1940 38.0
1941 0.0
1942 32.0
1943 19.0
1944 0.0
1945 203.0
1946 203.0
1947 204.0
1948 204.0
1949 203.0
1950 203.0
1951 251.0
1952 204.0
1953 0.0
1954 0.0
1955 204.0
1956 6.0
1957 204.0
1958 32.0
1959 203.0
1960 1.0
1961 158.0
1962 158.0
1963 25.0
1964 114.0
1965 120.0
1966 204.0
1967 204.0
1968 32.0
1969 203.0
1970 203.0
1971 32.0
1972 203.0
1973 204.0
1974 204.0
1975 204.0
1976 204.0
1977 204.0
1978 204.0
1979 204.0
1980 204.0
1981 204.0
1982 109.0
1983 314.0
1984 314.0
1985 203.0
1986 250.0
1987 38.0
1988 231.0
1989 315.0
1990 315.0
1991 38.0
1992 0.0
1993 204.0
1994 152.0
1995 203.0
1996 0.0
1997 203.0
1998 204.0
1999 204.0
2000 204.0
2001 204.0
2002 204.0
2003 204.0
2004 38.0
2005 204.0
2006 6.0
2007 103.0
2008 204.0
2009 169.0
2010 204.0
2011 204.0
2012 158.0
2013 158.0
2014 203.0
2015 38.0
2016 38.0
2017 203.0
2018 109.0
2019 33.0
2020 204.0
2021 0.0
2022 204.0
2023 203.0
2024 204.0
2025 204.0
2026 204.0
2027 204.0
2028 203.0
2029 204.0
2030 204.0
2031 204.0
2032 204.0
2033 109.0
2034 314.0
2035 250.0
2036 257.0
2037 250.0
2038 240.0
2039 250.0
2040 315.0
2041 0.0
2042 38.0
2043 250.0
2044 32.0
2045 203.0
2046 0.0
2047 203.0
2048 204.0
2049 204.0
2050 204.0
2051 204.0
2052 203.0
2053 251.0
2054 240.0
2055 38.0
2056 204.0
2057 204.0
2058 103.0
2059 204.0
2060 169.0
2061 204.0
2062 204.0
2063 204.0
2064 204.0
2065 203.0
2066 229.0
2067 38.0
2068 203.0
2069 204.0
2070 33.0
2071 98.0
2072 0.0
2073 32.0
2074 204.0
2075 204.0
2076 204.0
2077 204.0
2078 204.0
2079 204.0
2080 203.0
2081 204.0
2082 204.0
2083 204.0
2084 109.0
2085 314.0
2086 203.0
2087 257.0
2088 203.0
2089 224.0
2090 251.0
2091 315.0
2092 38.0
2093 38.0
2094 38.0
2095 38.0
2096 152.0
2097 0.0
2098 204.0
2099 204.0
2100 204.0
2101 204.0
2102 204.0
2103 203.0
2104 251.0
2105 1.0
2106 0.0
2107 0.0
2108 204.0
2109 103.0
2110 204.0
2111 103.0
2112 203.0
2113 1.0
2114 164.0
2115 204.0
2116 203.0
2117 104.0
2118 251.0
2119 204.0
2120 204.0
2121 203.0
2122 203.0
2123 203.0
2124 32.0
2125 203.0
2126 204.0
2127 204.0
2128 204.0
2129 204.0
2130 204.0
2131 204.0
2132 204.0
2133 204.0
2134 204.0
2135 109.0
2136 314.0
2137 268.0
2138 38.0
2139 38.0
2140 235.0
2141 231.0
2142 315.0
2143 231.0
2144 38.0
2145 257.0
2146 38.0
2147 152.0
2148 203.0
2149 0.0
2150 203.0
2151 204.0
2152 204.0
2153 203.0
2154 204.0
2155 251.0
2156 0.0
2157 204.0
2158 0.0
2159 6.0
2160 164.0
2161 204.0
2162 33.0
2163 204.0
2164 98.0
2165 158.0
2166 204.0
2167 242.0
2168 114.0
2169 187.0
2170 187.0
2171 109.0
2172 0.0
2173 203.0
2174 203.0
2175 204.0
2176 204.0
2177 204.0
2178 204.0
2179 204.0
2180 204.0
2181 203.0
2182 204.0
2183 204.0
2184 204.0
2185 204.0
2186 109.0
2187 314.0
2188 266.0
2189 203.0
2190 250.0
2191 235.0
2192 251.0
2193 315.0
2194 275.0
2195 38.0
2196 250.0
2197 38.0
2198 204.0
2199 203.0
2200 204.0
2201 204.0
2202 204.0
2203 204.0
2204 204.0
2205 203.0
2206 204.0
2207 204.0
2208 33.0
2209 204.0
2210 204.0
2211 164.0
2212 204.0
2213 204.0
2214 204.0
2215 204.0
2216 164.0
2217 169.0
2218 32.0
2219 204.0
2220 38.0
2221 231.0
2222 109.0
2223 109.0
2224 30.0
2225 0.0
2226 204.0
2227 203.0
2228 204.0
2229 204.0
2230 204.0
2231 204.0
2232 204.0
2233 203.0
2234 204.0
2235 204.0
2236 204.0
2237 98.0
2238 314.0
2239 314.0
2240 257.0
2241 315.0
2242 315.0
2243 231.0
2244 315.0
2245 275.0
2246 38.0
2247 257.0
2248 231.0
2249 204.0
2250 204.0
2251 203.0
2252 204.0
2253 204.0
2254 204.0
2255 204.0
2256 0.0
2257 251.0
2258 32.0
2259 210.0
2260 204.0
2261 204.0
2262 103.0
2263 204.0
2264 204.0
2265 204.0
2266 204.0
2267 204.0
2268 33.0
2269 203.0
2270 114.0
2271 203.0
2272 231.0
2273 316.0
2274 109.0
2275 203.0
2276 0.0
2277 204.0
2278 203.0
2279 204.0
2280 204.0
2281 204.0
2282 204.0
2283 203.0
2284 204.0
2285 204.0
2286 204.0
2287 204.0
2288 32.0
2289 314.0
2290 0.0
2291 38.0
2292 252.0
2293 38.0
2294 231.0
2295 316.0
2296 231.0
2297 38.0
2298 231.0
2299 231.0
2300 203.0
2301 0.0
2302 203.0
2303 203.0
2304 204.0
2305 204.0
2306 203.0
2307 204.0
2308 247.0
2309 25.0
2310 0.0
2311 0.0
2312 6.0
2313 103.0
2314 204.0
2315 204.0
2316 203.0
2317 169.0
2318 158.0
2319 203.0
2320 30.0
2321 251.0
2322 203.0
2323 32.0
2324 33.0
2325 104.0
2326 203.0
2327 203.0
2328 204.0
2329 203.0
2330 204.0
2331 204.0
2332 204.0
2333 204.0
2334 203.0
2335 204.0
2336 204.0
2337 204.0
2338 204.0
2339 109.0
2340 314.0
2341 203.0
2342 252.0
2343 315.0
2344 235.0
2345 251.0
2346 316.0
2347 231.0
2348 38.0
2349 231.0
2350 231.0
2351 204.0
2352 203.0
2353 203.0
2354 203.0
2355 204.0
2356 204.0
2357 203.0
2358 203.0
2359 204.0
2360 0.0
2361 33.0
2362 0.0
2363 204.0
2364 87.0
2365 204.0
2366 174.0
2367 203.0
2368 204.0
2369 204.0
2370 203.0
2371 32.0
2372 231.0
2373 38.0
2374 231.0
2375 205.0
2376 32.0
2377 203.0
2378 204.0
2379 204.0
2380 204.0
2381 204.0
2382 204.0
2383 204.0
2384 204.0
2385 203.0
2386 204.0
2387 204.0
2388 180.0
2389 204.0
2390 204.0
2391 314.0
2392 250.0
2393 257.0
2394 250.0
2395 315.0
2396 231.0
2397 316.0
2398 251.0
2399 38.0
2400 257.0
2401 274.0
2402 204.0
2403 0.0
2404 0.0
2405 203.0
2406 204.0
2407 204.0
2408 204.0
2409 203.0
2410 204.0
2411 98.0
2412 252.0
2413 204.0
2414 204.0
2415 92.0
2416 204.0
2417 169.0
2418 204.0
2419 204.0
2420 204.0
2421 32.0
2422 32.0
2423 114.0
2424 187.0
2425 231.0
2426 38.0
2427 32.0
2428 30.0
2429 203.0
2430 204.0
2431 203.0
2432 204.0
2433 204.0
2434 204.0
2435 204.0
2436 203.0
2437 204.0
2438 204.0
2439 180.0
2440 204.0
2441 98.0
2442 314.0
2443 314.0
2444 203.0
2445 252.0
2446 38.0
2447 231.0
2448 316.0
2449 251.0
2450 38.0
2451 257.0
2452 0.0
2453 33.0
2454 0.0
2455 203.0
2456 204.0
2457 204.0
2458 204.0
2459 204.0
2460 204.0
2461 251.0
2462 98.0
2463 204.0
2464 0.0
2465 204.0
2466 6.0
2467 204.0
2468 33.0
2469 158.0
2470 203.0
2471 204.0
2472 203.0
2473 25.0
2474 114.0
2475 187.0
2476 30.0
2477 205.0
2478 104.0
2479 32.0
2480 204.0
2481 204.0
2482 204.0
2483 204.0
2484 204.0
2485 204.0
2486 204.0
2487 203.0
2488 204.0
2489 204.0
2490 204.0
2491 204.0
2492 203.0
2493 314.0
2494 0.0
2495 38.0
2496 250.0
2497 38.0
2498 275.0
2499 316.0
2500 315.0
2501 38.0
2502 274.0
2503 231.0
2504 0.0
2505 203.0
2506 204.0
2507 203.0
2508 204.0
2509 204.0
2510 204.0
2511 203.0
2512 251.0
2513 0.0
2514 204.0
2515 0.0
2516 6.0
2517 103.0
2518 204.0
2519 33.0
2520 204.0
2521 204.0
2522 158.0
2523 203.0
2524 203.0
2525 38.0
2526 38.0
2527 231.0
2528 214.0
2529 104.0
2530 203.0
2531 203.0
2532 204.0
2533 204.0
2534 204.0
2535 204.0
2536 204.0
2537 204.0
2538 203.0
2539 204.0
2540 204.0
2541 204.0
2542 204.0
2543 109.0
2544 260.0
2545 0.0
2546 252.0
2547 250.0
2548 235.0
2549 250.0
2550 316.0
2551 231.0
2552 38.0
2553 226.0
2554 231.0
2555 0.0
2556 203.0
2557 203.0
2558 204.0
2559 204.0
2560 204.0
2561 204.0
2562 203.0
2563 204.0
2564 98.0
2565 33.0
2566 204.0
2567 252.0
2568 164.0
2569 204.0
2570 204.0
2571 203.0
2572 204.0
2573 204.0
2574 32.0
2575 203.0
2576 114.0
2577 38.0
2578 316.0
2579 33.0
2580 104.0
2581 204.0
2582 203.0
2583 204.0
2584 203.0
2585 204.0
2586 204.0
2587 204.0
2588 204.0
2589 203.0
2590 203.0
2591 204.0
2592 204.0
2593 204.0
2594 32.0
2595 314.0
2596 250.0
2597 257.0
2598 314.0
2599 38.0
2600 315.0
2601 316.0
2602 315.0
2603 38.0
2604 257.0
2605 0.0
2606 203.0
2607 0.0
2608 204.0
2609 204.0
2610 204.0
2611 204.0
2612 204.0
2613 204.0
2614 251.0
2615 98.0
2616 33.0
2617 0.0
2618 204.0
2619 92.0
2620 204.0
2621 103.0
2622 204.0
2623 203.0
2624 204.0
2625 203.0
2626 186.0
2627 114.0
2628 203.0
2629 30.0
2630 38.0
2631 203.0
2632 32.0
2633 204.0
2634 204.0
2635 204.0
2636 204.0
2637 204.0
2638 204.0
2639 204.0
2640 203.0
2641 204.0
2642 204.0
2643 204.0
2644 204.0
2645 203.0
2646 314.0
2647 250.0
2648 38.0
2649 252.0
2650 38.0
2651 231.0
2652 316.0
2653 251.0
2654 38.0
2655 274.0
2656 257.0
2657 204.0
2658 0.0
2659 203.0
2660 203.0
2661 204.0
2662 204.0
2663 204.0
2664 204.0
2665 251.0
2666 0.0
2667 204.0
2668 0.0
2669 204.0
2670 92.0
2671 204.0
2672 33.0
2673 204.0
2674 203.0
2675 158.0
2676 203.0
2677 169.0
2678 114.0
2679 203.0
2680 316.0
2681 205.0
2682 103.0
2683 185.0
2684 203.0
2685 204.0
2686 204.0
2687 204.0
2688 204.0
2689 204.0
2690 204.0
2691 203.0
2692 203.0
2693 204.0
2694 204.0
2695 204.0
2696 109.0
2697 314.0
2698 250.0
2699 38.0
2700 315.0
2701 224.0
2702 231.0
2703 316.0
2704 315.0
2705 38.0
2706 213.0
2707 250.0
2708 33.0
2709 203.0
2710 203.0
2711 203.0
2712 6.0
2713 204.0
2714 204.0
2715 203.0
2716 204.0
2717 175.0
2718 33.0
2719 204.0
2720 6.0
2721 4.0
2722 204.0
2723 204.0
2724 203.0
2725 203.0
2726 204.0
2727 32.0
2728 204.0
2729 226.0
2730 38.0
2731 231.0
2732 316.0
2733 104.0
2734 203.0
2735 204.0
2736 204.0
2737 204.0
2738 204.0
2739 204.0
2740 204.0
2741 204.0
2742 203.0
2743 204.0
2744 204.0
2745 204.0
2746 204.0
2747 109.0
2748 314.0
2749 266.0
2750 257.0
2751 250.0
2752 240.0
2753 250.0
2754 316.0
2755 315.0
2756 38.0
2757 274.0
2758 0.0
2759 203.0
2760 203.0
2761 203.0
2762 203.0
2763 204.0
2764 204.0
2765 204.0
2766 203.0
2767 251.0
2768 98.0
2769 33.0
2770 204.0
2771 252.0
2772 4.0
2773 204.0
2774 204.0
2775 203.0
2776 203.0
2777 204.0
2778 32.0
2779 32.0
2780 114.0
2781 175.0
2782 33.0
2783 217.0
2784 104.0
2785 203.0
2786 204.0
2787 204.0
2788 204.0
2789 204.0
2790 204.0
2791 204.0
2792 204.0
2793 203.0
2794 204.0
2795 204.0
2796 204.0
2797 204.0
2798 98.0
2799 314.0
2800 250.0
2801 250.0
2802 250.0
2803 38.0
2804 251.0
2805 316.0
2806 251.0
2807 38.0
2808 274.0
2809 250.0
2810 203.0
2811 0.0
2812 204.0
2813 204.0
2814 204.0
2815 204.0
2816 204.0
2817 204.0
2818 251.0
2819 0.0
2820 38.0
2821 1.0
2822 204.0
2823 103.0
2824 204.0
2825 174.0
2826 204.0
2827 203.0
2828 204.0
2829 203.0
2830 32.0
2831 315.0
2832 38.0
2833 30.0
2834 315.0
2835 25.0
2836 32.0
2837 203.0
2838 204.0
2839 204.0
2840 204.0
2841 204.0
2842 204.0
2843 204.0
2844 203.0
2845 204.0
2846 204.0
2847 204.0
2848 204.0
2849 98.0
2850 314.0
2851 250.0
2852 203.0
2853 252.0
2854 38.0
2855 231.0
2856 316.0
2857 251.0
2858 38.0
2859 274.0
2860 231.0
2861 203.0
2862 32.0
2863 203.0
2864 203.0
2865 1.0
2866 204.0
2867 204.0
2868 203.0
2869 204.0
2870 0.0
2871 203.0
2872 0.0
2873 204.0
2874 98.0
2875 204.0
2876 174.0
2877 204.0
2878 203.0
2879 204.0
2880 203.0
2881 169.0
2882 223.0
2883 38.0
2884 231.0
2885 205.0
2886 109.0
2887 203.0
2888 203.0
2889 204.0
2890 204.0
2891 204.0
2892 204.0
2893 204.0
2894 204.0
2895 203.0
2896 204.0
2897 204.0
2898 204.0
2899 204.0
2900 98.0
2901 314.0
2902 250.0
2903 252.0
2904 250.0
2905 240.0
2906 251.0
2907 316.0
2908 315.0
2909 38.0
2910 257.0
2911 250.0
2912 33.0
2913 203.0
2914 203.0
2915 204.0
2916 204.0
2917 204.0
2918 204.0
2919 203.0
2920 251.0
2921 169.0
2922 33.0
2923 204.0
2924 252.0
2925 103.0
2926 204.0
2927 204.0
2928 203.0
2929 203.0
2930 204.0
2931 203.0
2932 169.0
2933 226.0
2934 25.0
2935 332.0
2936 33.0
2937 104.0
2938 203.0
2939 204.0
2940 204.0
2941 204.0
2942 204.0
2943 204.0
2944 204.0
2945 204.0
2946 203.0
2947 204.0
2948 204.0
2949 204.0
2950 204.0
2951 32.0
2952 260.0
2953 250.0
2954 252.0
2955 250.0
2956 33.0
2957 315.0
2958 332.0
2959 315.0
2960 38.0
2961 274.0
2962 238.0
2963 204.0
2964 169.0
2965 203.0
2966 204.0
2967 204.0
2968 204.0
2969 204.0
2970 204.0
2971 251.0
2972 32.0
2973 33.0
2974 0.0
2975 204.0
2976 169.0
2977 204.0
2978 204.0
2979 204.0
2980 203.0
2981 204.0
2982 32.0
2983 203.0
2984 114.0
2985 234.0
2986 316.0
2987 231.0
2988 32.0
2989 32.0
2990 203.0
2991 204.0
2992 204.0
2993 204.0
2994 204.0
2995 204.0
2996 204.0
2997 203.0
2998 204.0
2999 204.0
3000 204.0
3001 204.0
3002 204.0
3003 273.0
3004 268.0
3005 204.0
3006 315.0
3007 204.0
3008 231.0
3009 332.0
3010 315.0
3011 38.0
3012 274.0
3013 257.0
3014 204.0
3015 32.0
3016 203.0
3017 204.0
3018 204.0
3019 204.0
3020 204.0
3021 204.0
3022 204.0
3023 30.0
3024 204.0
3025 0.0
3026 204.0
3027 169.0
3028 204.0
3029 103.0
3030 158.0
3031 98.0
3032 204.0
3033 203.0
3034 109.0
3035 114.0
3036 38.0
3037 231.0
3038 205.0
3039 32.0
3040 203.0
3041 203.0
3042 204.0
3043 204.0
3044 204.0
3045 204.0
3046 204.0
3047 204.0
3048 203.0
3049 204.0
3050 204.0
3051 204.0
3052 204.0
3053 109.0
3054 314.0
3055 250.0
3056 314.0
3057 315.0
3058 38.0
3059 315.0
3060 332.0
3061 315.0
3062 38.0
3063 274.0
3064 250.0
3065 204.0
3066 203.0
3067 203.0
3068 203.0
3069 204.0
3070 204.0
3071 204.0
3072 204.0
3073 204.0
3074 169.0
3075 204.0
3076 204.0
3077 252.0
3078 103.0
3079 204.0
3080 204.0
3081 203.0
3082 203.0
3083 204.0
3084 203.0
3085 204.0
3086 229.0
3087 0.0
3088 231.0
3089 315.0
3090 0.0
3091 203.0
3092 203.0
3093 204.0
3094 204.0
3095 204.0
3096 204.0
3097 204.0
3098 204.0
3099 204.0
3100 204.0
3101 204.0
3102 204.0
3103 204.0
3104 250.0
3105 314.0
3106 250.0
3107 257.0
3108 250.0
3109 224.0
3110 251.0
3111 332.0
3112 315.0
3113 38.0
3114 315.0
3115 250.0
3116 33.0
3117 203.0
3118 0.0
3119 204.0
3120 204.0
3121 204.0
3122 204.0
3123 203.0
3124 247.0
3125 0.0
3126 33.0
3127 204.0
3128 204.0
3129 98.0
3130 204.0
3131 203.0
3132 203.0
3133 204.0
3134 204.0
3135 203.0
3136 32.0
3137 229.0
3138 169.0
3139 316.0
3140 218.0
3141 203.0
3142 32.0
3143 204.0
3144 204.0
3145 204.0
3146 204.0
3147 204.0
3148 204.0
3149 204.0
3150 203.0
3151 204.0
3152 204.0
3153 204.0
3154 109.0
3155 32.0
3156 314.0
3157 250.0
3158 38.0
3159 250.0
3160 224.0
3161 251.0
3162 332.0
3163 315.0
3164 38.0
3165 273.0
3166 0.0
3167 204.0
3168 0.0
3169 203.0
3170 203.0
3171 204.0
3172 204.0
3173 204.0
3174 203.0
3175 247.0
3176 0.0
3177 33.0
3178 0.0
3179 252.0
3180 98.0
3181 204.0
3182 103.0
3183 204.0
3184 203.0
3185 204.0
3186 32.0
3187 32.0
3188 114.0
3189 205.0
3190 33.0
3191 205.0
3192 205.0
3193 203.0
3194 204.0
3195 204.0
3196 204.0
3197 204.0
3198 204.0
3199 204.0
3200 204.0
3201 203.0
3202 204.0
3203 204.0
3204 204.0
3205 103.0
3206 32.0
3207 273.0
3208 250.0
3209 257.0
3210 250.0
3211 204.0
3212 231.0
3213 332.0
3214 315.0
3215 38.0
3216 315.0
3217 231.0
3218 204.0
3219 0.0
3220 204.0
3221 203.0
3222 204.0
3223 204.0
3224 204.0
3225 203.0
3226 204.0
3227 0.0
3228 204.0
3229 6.0
3230 252.0
3231 103.0
3232 204.0
3233 204.0
3234 204.0
3235 203.0
3236 204.0
3237 204.0
3238 169.0
3239 226.0
3240 38.0
3241 204.0
3242 205.0
3243 251.0
3244 203.0
3245 32.0
3246 204.0
3247 204.0
3248 204.0
3249 204.0
3250 204.0
3251 204.0
3252 204.0
3253 204.0
3254 204.0
3255 180.0
3256 109.0
3257 203.0
3258 268.0
3259 251.0
3260 257.0
3261 315.0
3262 224.0
3263 231.0
3264 332.0
3265 315.0
3266 38.0
3267 274.0
3268 231.0
3269 204.0
3270 203.0
3271 25.0
3272 203.0
3273 204.0
3274 204.0
3275 204.0
3276 38.0
3277 204.0
3278 32.0
3279 38.0
3280 204.0
3281 252.0
3282 98.0
3283 204.0
3284 204.0
3285 203.0
3286 204.0
3287 204.0
3288 203.0
3289 203.0
3290 114.0
3291 33.0
3292 0.0
3293 315.0
3294 204.0
3295 203.0
3296 203.0
3297 204.0
3298 204.0
3299 204.0
3300 204.0
3301 204.0
3302 204.0
3303 203.0
3304 204.0
3305 204.0
3306 204.0
3307 98.0
3308 203.0
3309 268.0
3310 250.0
3311 315.0
3312 250.0
3313 224.0
3314 251.0
3315 332.0
3316 315.0
3317 38.0
3318 315.0
3319 238.0
3320 204.0
3321 204.0
3322 203.0
3323 204.0
3324 204.0
3325 204.0
3326 204.0
3327 203.0
3328 204.0
3329 0.0
3330 33.0
3331 0.0
3332 204.0
3333 98.0
3334 204.0
3335 204.0
3336 203.0
3337 203.0
3338 204.0
3339 32.0
3340 203.0
3341 234.0
3342 25.0
3343 315.0
3344 30.0
3345 214.0
3346 204.0
3347 204.0
3348 204.0
3349 204.0
3350 204.0
3351 204.0
3352 204.0
3353 204.0
3354 203.0
3355 203.0
3356 204.0
3357 180.0
3358 103.0
3359 32.0
3360 257.0
3361 250.0
3362 203.0
3363 250.0
3364 204.0
3365 315.0
3366 332.0
3367 315.0
3368 38.0
3369 315.0
3370 33.0
3371 204.0
3372 0.0
3373 32.0
3374 204.0
3375 204.0
3376 204.0
3377 204.0
3378 204.0
3379 251.0
3380 0.0
3381 204.0
3382 0.0
3383 252.0
3384 103.0
3385 204.0
3386 204.0
3387 204.0
3388 204.0
3389 204.0
3390 203.0
3391 25.0
3392 251.0
3393 38.0
3394 204.0
3395 288.0
3396 219.0
3397 203.0
3398 204.0
3399 204.0
3400 204.0
3401 204.0
3402 204.0
3403 204.0
3404 204.0
3405 204.0
3406 203.0
3407 204.0
3408 204.0
3409 109.0
3410 38.0
3411 314.0
3412 250.0
3413 252.0
3414 250.0
3415 33.0
3416 231.0
3417 332.0
3418 315.0
3419 38.0
3420 274.0
3421 250.0
3422 204.0
3423 0.0
3424 203.0
3425 204.0
3426 203.0
3427 204.0
3428 204.0
3429 203.0
3430 251.0
3431 0.0
3432 204.0
3433 204.0
3434 252.0
3435 103.0
3436 204.0
3437 204.0
3438 204.0
3439 203.0
3440 204.0
3441 203.0
3442 203.0
3443 114.0
3444 25.0
3445 0.0
3446 205.0
3447 221.0
3448 216.0
3449 203.0
3450 204.0
3451 204.0
3452 204.0
3453 204.0
3454 204.0
3455 204.0
3456 204.0
3457 204.0
3458 204.0
3459 204.0
3460 109.0
3461 109.0
3462 266.0
3463 0.0
3464 257.0
3465 261.0
3466 245.0
3467 251.0
3468 332.0
3469 315.0
3470 38.0
3471 274.0
3472 231.0
3473 204.0
3474 203.0
3475 0.0
3476 203.0
3477 204.0
3478 204.0
3479 204.0
3480 203.0
3481 204.0
3482 169.0
3483 33.0
3484 0.0
3485 204.0
3486 98.0
3487 204.0
3488 203.0
3489 204.0
3490 203.0
3491 158.0
3492 251.0
3493 32.0
3494 114.0
3495 205.0
3496 30.0
3497 217.0
3498 169.0
3499 177.0
3500 44.0
3501 204.0
3502 204.0
3503 204.0
3504 204.0
3505 204.0
3506 204.0
3507 204.0
3508 204.0
3509 204.0
3510 204.0
3511 103.0
3512 203.0
3513 273.0
3514 0.0
3515 203.0
3516 250.0
3517 204.0
3518 315.0
3519 332.0
3520 315.0
3521 38.0
3522 273.0
3523 33.0
3524 204.0
3525 203.0
3526 203.0
3527 204.0
3528 6.0
3529 204.0
3530 204.0
3531 203.0
3532 251.0
3533 0.0
3534 33.0
3535 0.0
3536 252.0
3537 103.0
3538 204.0
3539 103.0
3540 204.0
3541 203.0
3542 203.0
3543 32.0
3544 203.0
3545 240.0
3546 231.0
3547 203.0
3548 32.0
3549 109.0
3550 33.0
3551 176.0
3552 204.0
3553 203.0
3554 204.0
3555 204.0
3556 204.0
3557 204.0
3558 204.0
3559 203.0
3560 204.0
3561 180.0
3562 203.0
3563 103.0
3564 314.0
3565 274.0
3566 204.0
3567 250.0
3568 204.0
3569 231.0
3570 332.0
3571 315.0
3572 38.0
3573 315.0
3574 250.0
3575 33.0
3576 0.0
3577 203.0
3578 204.0
3579 204.0
3580 204.0
3581 204.0
3582 204.0
3583 251.0
3584 0.0
3585 204.0
3586 204.0
3587 252.0
3588 103.0
3589 204.0
3590 103.0
3591 204.0
3592 203.0
3593 32.0
3594 203.0
3595 203.0
3596 251.0
3597 231.0
3598 180.0
3599 315.0
3600 33.0
3601 33.0
3602 203.0
3603 204.0
3604 203.0
3605 204.0
3606 204.0
3607 204.0
3608 204.0
3609 204.0
3610 203.0
3611 204.0
3612 204.0
3613 109.0
3614 32.0
3615 264.0
3616 250.0
3617 257.0
3618 315.0
3619 38.0
3620 251.0
3621 332.0
3622 315.0
3623 38.0
3624 274.0
3625 250.0
3626 33.0
3627 0.0
3628 203.0
3629 203.0
3630 204.0
3631 204.0
3632 204.0
3633 203.0
3634 251.0
3635 0.0
3636 204.0
3637 204.0
3638 204.0
3639 98.0
3640 204.0
3641 203.0
3642 204.0
3643 203.0
3644 109.0
3645 204.0
3646 33.0
3647 234.0
3648 33.0
3649 25.0
3650 231.0
3651 33.0
3652 32.0
3653 0.0
3654 204.0
3655 204.0
3656 204.0
3657 204.0
3658 204.0
3659 204.0
3660 204.0
3661 204.0
3662 204.0
3663 204.0
3664 204.0
3665 203.0
3666 273.0
3667 43.0
3668 315.0
3669 250.0
3670 174.0
3671 251.0
3672 332.0
3673 315.0
3674 38.0
3675 315.0
3676 0.0
3677 33.0
3678 0.0
3679 203.0
3680 204.0
3681 204.0
3682 204.0
3683 204.0
3684 203.0
3685 251.0
3686 1.0
3687 33.0
3688 0.0
3689 204.0
3690 0.0
3691 204.0
3692 204.0
3693 204.0
3694 203.0
3695 203.0
3696 203.0
3697 204.0
3698 251.0
3699 231.0
3700 203.0
3701 316.0
3702 33.0
3703 176.0
3704 218.0
3705 204.0
3706 203.0
3707 204.0
3708 204.0
3709 204.0
3710 204.0
3711 204.0
3712 204.0
3713 204.0
3714 204.0
3715 203.0
3716 203.0
3717 314.0
3718 0.0
3719 203.0
3720 250.0
3721 203.0
3722 231.0
3723 332.0
3724 315.0
3725 38.0
3726 315.0
3727 0.0
3728 204.0
3729 203.0
3730 203.0
3731 204.0
3732 204.0
3733 204.0
3734 204.0
3735 203.0
3736 251.0
3737 0.0
3738 38.0
3739 204.0
3740 6.0
3741 103.0
3742 204.0
3743 204.0
3744 204.0
3745 204.0
3746 33.0
3747 203.0
3748 203.0
3749 229.0
3750 231.0
3751 114.0
3752 30.0
3753 33.0
3754 179.0
3755 176.0
3756 219.0
3757 203.0
3758 204.0
3759 204.0
3760 204.0
3761 204.0
3762 204.0
3763 203.0
3764 204.0
3765 204.0
3766 109.0
3767 38.0
3768 266.0
3769 250.0
3770 252.0
3771 261.0
3772 204.0
3773 315.0
3774 332.0
3775 315.0
3776 38.0
3777 274.0
3778 238.0
3779 226.0
3780 203.0
3781 204.0
3782 203.0
3783 204.0
3784 204.0
3785 203.0
3786 204.0
3787 251.0
3788 32.0
3789 204.0
3790 204.0
3791 6.0
3792 103.0
3793 204.0
3794 204.0
3795 204.0
3796 203.0
3797 32.0
3798 164.0
3799 203.0
3800 251.0
3801 205.0
3802 203.0
3803 231.0
3804 33.0
3805 203.0
3806 33.0
3807 214.0
3808 203.0
3809 204.0
3810 204.0
3811 204.0
3812 204.0
3813 203.0
3814 203.0
3815 204.0
3816 204.0
3817 32.0
3818 38.0
3819 268.0
3820 250.0
3821 252.0
3822 314.0
3823 174.0
3824 251.0
3825 332.0
3826 315.0
3827 38.0
3828 274.0
3829 231.0
3830 33.0
3831 315.0
3832 48.0
3833 203.0
3834 204.0
3835 204.0
3836 204.0
3837 204.0
3838 251.0
3839 0.0
3840 33.0
3841 204.0
3842 204.0
3843 98.0
3844 204.0
3845 204.0
3846 204.0
3847 203.0
3848 169.0
3849 109.0
3850 203.0
3851 114.0
3852 332.0
3853 203.0
3854 204.0
3855 33.0
3856 218.0
3857 210.0
3858 219.0
3859 203.0
3860 204.0
3861 204.0
3862 204.0
3863 204.0
3864 204.0
3865 204.0
3866 204.0
3867 204.0
3868 32.0
3869 203.0
3870 250.0
3871 250.0
3872 203.0
3873 250.0
3874 32.0
3875 315.0
3876 332.0
3877 315.0
3878 38.0
3879 257.0
3880 231.0
3881 204.0
3882 33.0
3883 38.0
3884 204.0
3885 204.0
3886 204.0
3887 204.0
3888 203.0
3889 251.0
3890 0.0
3891 33.0
3892 0.0
3893 204.0
3894 103.0
3895 204.0
3896 204.0
3897 204.0
3898 38.0
3899 203.0
3900 32.0
3901 203.0
3902 203.0
3903 33.0
3904 231.0
3905 180.0
3906 33.0
3907 33.0
3908 176.0
3909 32.0
3910 203.0
3911 204.0
3912 204.0
3913 204.0
3914 204.0
3915 204.0
3916 204.0
3917 204.0
3918 204.0
3919 204.0
3920 203.0
3921 251.0
3922 268.0
3923 315.0
3924 315.0
3925 33.0
3926 231.0
3927 332.0
3928 315.0
3929 38.0
3930 274.0
3931 38.0
3932 32.0
3933 0.0
3934 176.0
3935 203.0
3936 204.0
3937 204.0
3938 203.0
3939 203.0
3940 251.0
3941 0.0
3942 204.0
3943 204.0
3944 6.0
3945 98.0
3946 204.0
3947 204.0
3948 204.0
3949 204.0
3950 32.0
3951 203.0
3952 203.0
3953 33.0
3954 332.0
3955 114.0
3956 204.0
3957 33.0
3958 44.0
3959 176.0
3960 210.0
3961 203.0
3962 204.0
3963 204.0
3964 204.0
3965 204.0
3966 203.0
3967 203.0
3968 204.0
3969 204.0
3970 203.0
3971 38.0
3972 314.0
3973 250.0
3974 252.0
3975 315.0
3976 204.0
3977 315.0
3978 332.0
3979 315.0
3980 38.0
3981 315.0
3982 231.0
3983 33.0
3984 0.0
3985 32.0
3986 204.0
3987 204.0
3988 204.0
3989 204.0
3990 203.0
3991 251.0
3992 0.0
3993 33.0
3994 204.0
3995 204.0
3996 98.0
3997 204.0
3998 204.0
3999 204.0
4000 204.0
4001 33.0
4002 203.0
4003 203.0
4004 104.0
4005 332.0
4006 203.0
4007 316.0
4008 30.0
4009 203.0
4010 32.0
4011 219.0
4012 169.0
4013 204.0
4014 204.0
4015 204.0
4016 204.0
4017 204.0
4018 204.0
4019 204.0
4020 204.0
4021 32.0
4022 38.0
4023 314.0
4024 266.0
4025 203.0
4026 250.0
4027 203.0
4028 251.0
4029 332.0
4030 315.0
4031 38.0
4032 274.0
4033 274.0
4034 33.0
4035 33.0
4036 180.0
4037 204.0
4038 204.0
4039 204.0
4040 204.0
4041 204.0
4042 251.0
4043 0.0
4044 33.0
4045 1.0
4046 204.0
4047 98.0
4048 204.0
4049 203.0
4050 204.0
4051 32.0
4052 25.0
4053 203.0
4054 203.0
4055 203.0
4056 33.0
4057 204.0
4058 0.0
4059 33.0
4060 33.0
4061 210.0
4062 32.0
4063 203.0
4064 204.0
4065 204.0
4066 204.0
4067 204.0
4068 204.0
4069 204.0
4070 204.0
4071 204.0
4072 38.0
4073 109.0
4074 314.0
4075 250.0
4076 252.0
4077 250.0
4078 174.0
4079 315.0
4080 332.0
4081 315.0
4082 38.0
4083 274.0
4084 38.0
4085 203.0
4086 33.0
4087 203.0
4088 204.0
4089 204.0
4090 204.0
4091 204.0
4092 203.0
4093 251.0
4094 0.0
4095 204.0
4096 204.0
4097 6.0
4098 98.0
4099 204.0
4100 204.0
4101 204.0
4102 204.0
4103 203.0
4104 203.0
4105 203.0
4106 217.0
4107 332.0
4108 114.0
4109 332.0
4110 0.0
4111 203.0
4112 32.0
4113 219.0
4114 203.0
4115 204.0
4116 204.0
4117 204.0
4118 204.0
4119 204.0
4120 204.0
4121 204.0
4122 204.0
4123 32.0
4124 203.0
4125 314.0
4126 250.0
4127 250.0
4128 33.0
4129 204.0
4130 315.0
4131 332.0
4132 315.0
4133 38.0
4134 273.0
4135 231.0
4136 33.0
4137 203.0
4138 231.0
4139 204.0
4140 204.0
4141 204.0
4142 203.0
4143 204.0
4144 204.0
4145 0.0
4146 38.0
4147 204.0
4148 6.0
4149 98.0
4150 204.0
4151 203.0
4152 203.0
4153 203.0
4154 109.0
4155 32.0
4156 203.0
4157 104.0
4158 205.0
4159 114.0
4160 231.0
4161 33.0
4162 203.0
4163 30.0
4164 214.0
4165 169.0
4166 204.0
4167 204.0
4168 204.0
4169 204.0
4170 204.0
4171 203.0
4172 204.0
4173 204.0
4174 32.0
4175 38.0
4176 314.0
4177 250.0
4178 204.0
4179 250.0
4180 204.0
4181 315.0
4182 332.0
4183 315.0
4184 38.0
4185 315.0
4186 231.0
4187 33.0
4188 0.0
4189 38.0
4190 1.0
4191 204.0
4192 204.0
4193 204.0
4194 204.0
4195 204.0
4196 98.0
4197 33.0
4198 204.0
4199 204.0
4200 98.0
4201 204.0
4202 103.0
4203 204.0
4204 1.0
4205 203.0
4206 203.0
4207 203.0
4208 104.0
4209 33.0
4210 114.0
4211 231.0
4212 27.0
4213 33.0
4214 176.0
4215 219.0
4216 169.0
4217 204.0
4218 204.0
4219 204.0
4220 204.0
4221 204.0
4222 204.0
4223 204.0
4224 204.0
4225 203.0
4226 0.0
4227 314.0
4228 250.0
4229 252.0
4230 250.0
4231 38.0
4232 315.0
4233 332.0
4234 315.0
4235 38.0
4236 274.0
4237 38.0
4238 0.0
4239 33.0
4240 180.0
4241 0.0
4242 204.0
4243 204.0
4244 204.0
4245 204.0
4246 247.0
4247 0.0
4248 204.0
4249 1.0
4250 204.0
4251 98.0
4252 204.0
4253 203.0
4254 204.0
4255 204.0
4256 203.0
4257 246.0
4258 203.0
4259 181.0
4260 331.0
4261 114.0
4262 30.0
4263 33.0
4264 33.0
4265 176.0
4266 219.0
4267 203.0
4268 204.0
4269 204.0
4270 204.0
4271 204.0
4272 204.0
4273 204.0
4274 204.0
4275 204.0
4276 203.0
4277 203.0
4278 314.0
4279 250.0
4280 252.0
4281 33.0
4282 33.0
4283 315.0
4284 332.0
4285 315.0
4286 38.0
4287 274.0
4288 231.0
4289 33.0
4290 0.0
4291 203.0
4292 203.0
4293 204.0
4294 204.0
4295 204.0
4296 204.0
4297 247.0
4298 0.0
4299 204.0
4300 204.0
4301 6.0
4302 0.0
4303 204.0
4304 203.0
4305 203.0
4306 204.0
4307 203.0
4308 203.0
4309 32.0
4310 38.0
4311 205.0
4312 203.0
4313 332.0
4314 0.0
4315 203.0
4316 176.0
4317 44.0
4318 33.0
4319 204.0
4320 204.0
4321 204.0
4322 204.0
4323 203.0
4324 204.0
4325 204.0
4326 204.0
4327 32.0
4328 32.0
4329 314.0
4330 250.0
4331 204.0
4332 250.0
4333 203.0
4334 315.0
4335 332.0
4336 315.0
4337 38.0
4338 315.0
4339 231.0
4340 33.0
4341 275.0
4342 33.0
4343 0.0
4344 204.0
4345 204.0
4346 203.0
4347 203.0
4348 247.0
4349 0.0
4350 252.0
4351 252.0
4352 204.0
4353 98.0
4354 204.0
4355 204.0
4356 204.0
4357 204.0
4358 203.0
4359 104.0
4360 203.0
4361 331.0
4362 316.0
4363 203.0
4364 231.0
4365 33.0
4366 33.0
4367 32.0
4368 214.0
4369 169.0
4370 204.0
4371 204.0
4372 204.0
4373 204.0
4374 204.0
4375 204.0
4376 204.0
4377 204.0
4378 33.0
4379 38.0
4380 314.0
4381 250.0
4382 204.0
4383 238.0
4384 245.0
4385 315.0
4386 332.0
4387 315.0
4388 38.0
4389 315.0
4390 38.0
4391 226.0
4392 33.0
4393 33.0
4394 0.0
4395 204.0
4396 204.0
4397 204.0
4398 203.0
4399 251.0
4400 0.0
4401 38.0
4402 204.0
4403 204.0
4404 103.0
4405 204.0
4406 204.0
4407 204.0
4408 203.0
4409 32.0
4410 109.0
4411 204.0
4412 187.0
4413 316.0
4414 114.0
4415 332.0
4416 33.0
4417 251.0
4418 176.0
4419 218.0
4420 203.0
4421 204.0
4422 204.0
4423 204.0
4424 204.0
4425 204.0
4426 204.0
4427 204.0
4428 204.0
4429 231.0
4430 0.0
4431 314.0
4432 250.0
4433 252.0
4434 250.0
4435 33.0
4436 315.0
4437 332.0
4438 315.0
4439 38.0
4440 274.0
4441 38.0
4442 32.0
4443 33.0
4444 203.0
4445 0.0
4446 204.0
4447 204.0
4448 204.0
4449 203.0
4450 251.0
4451 0.0
4452 204.0
4453 204.0
4454 251.0
4455 103.0
4456 204.0
4457 204.0
4458 204.0
4459 204.0
4460 204.0
4461 32.0
4462 203.0
4463 331.0
4464 205.0
4465 231.0
4466 32.0
4467 33.0
4468 203.0
4469 32.0
4470 32.0
4471 203.0
4472 204.0
4473 204.0
4474 204.0
4475 204.0
4476 203.0
4477 204.0
4478 204.0
4479 38.0
4480 225.0
4481 203.0
4482 314.0
4483 250.0
4484 203.0
4485 38.0
4486 204.0
4487 315.0
4488 332.0
4489 315.0
4490 38.0
4491 315.0
4492 231.0
4493 33.0
4494 0.0
4495 33.0
4496 204.0
4497 204.0
4498 204.0
4499 203.0
4500 203.0
4501 251.0
4502 0.0
4503 38.0
4504 204.0
4505 6.0
4506 92.0
4507 204.0
4508 204.0
4509 203.0
4510 204.0
4511 203.0
4512 33.0
4513 203.0
4514 203.0
4515 316.0
4516 203.0
4517 316.0
4518 0.0
4519 33.0
4520 203.0
4521 0.0
4522 203.0
4523 204.0
4524 204.0
4525 204.0
4526 204.0
4527 204.0
4528 204.0
4529 204.0
4530 250.0
4531 38.0
4532 32.0
4533 314.0
4534 250.0
4535 314.0
4536 38.0
4537 204.0
4538 315.0
4539 332.0
4540 315.0
4541 38.0
4542 315.0
4543 38.0
4544 0.0
4545 33.0
4546 33.0
4547 201.0
4548 204.0
4549 204.0
4550 204.0
4551 204.0
4552 247.0
4553 0.0
4554 33.0
4555 252.0
4556 204.0
4557 98.0
4558 204.0
4559 204.0
4560 204.0
4561 204.0
4562 32.0
4563 109.0
4564 32.0
4565 301.0
4566 33.0
4567 204.0
4568 231.0
4569 33.0
4570 33.0
4571 176.0
4572 235.0
4573 169.0
4574 204.0
4575 204.0
4576 204.0
4577 204.0
4578 204.0
4579 204.0
4580 203.0
4581 204.0
4582 0.0
4583 38.0
4584 314.0
4585 250.0
4586 250.0
4587 238.0
4588 174.0
4589 315.0
4590 332.0
4591 315.0
4592 38.0
4593 274.0
4594 231.0
4595 33.0
4596 268.0
4597 180.0
4598 38.0
4599 204.0
4600 204.0
4601 204.0
4602 203.0
4603 251.0
4604 32.0
4605 38.0
4606 252.0
4607 204.0
4608 0.0
4609 204.0
4610 203.0
4611 204.0
4612 204.0
4613 109.0
4614 234.0
4615 203.0
4616 187.0
4617 214.0
4618 114.0
4619 316.0
4620 33.0
4621 203.0
4622 33.0
4623 176.0
4624 169.0
4625 204.0
4626 204.0
4627 204.0
4628 204.0
4629 204.0
4630 204.0
4631 238.0
4632 231.0
4633 203.0
4634 38.0
4635 314.0
4636 250.0
4637 252.0
4638 250.0
4639 203.0
4640 231.0
4641 331.0
4642 315.0
4643 38.0
4644 315.0
4645 231.0
4646 33.0
4647 33.0
4648 33.0
4649 204.0
4650 204.0
4651 204.0
4652 203.0
4653 203.0
4654 247.0
4655 0.0
4656 252.0
4657 204.0
4658 6.0
4659 103.0
4660 204.0
4661 204.0
4662 204.0
4663 204.0
4664 25.0
4665 32.0
4666 203.0
4667 203.0
4668 204.0
4669 204.0
4670 332.0
4671 0.0
4672 219.0
4673 33.0
4674 235.0
4675 203.0
4676 204.0
4677 204.0
4678 204.0
4679 204.0
4680 204.0
4681 250.0
4682 251.0
4683 231.0
4684 203.0
4685 273.0
4686 314.0
4687 250.0
4688 203.0
4689 38.0
4690 38.0
4691 251.0
4692 332.0
4693 315.0
4694 38.0
4695 315.0
4696 38.0
4697 0.0
4698 0.0
4699 33.0
4700 0.0
4701 204.0
4702 204.0
4703 203.0
4704 203.0
4705 251.0
4706 1.0
4707 38.0
4708 252.0
4709 252.0
4710 98.0
4711 204.0
4712 204.0
4713 203.0
4714 204.0
4715 203.0
4716 104.0
4717 203.0
4718 203.0
4719 205.0
4720 203.0
4721 231.0
4722 33.0
4723 33.0
4724 216.0
4725 44.0
4726 33.0
4727 204.0
4728 204.0
4729 204.0
4730 204.0
4731 250.0
4732 268.0
4733 251.0
4734 224.0
4735 203.0
4736 203.0
4737 314.0
4738 250.0
4739 250.0
4740 203.0
4741 174.0
4742 251.0
4743 332.0
4744 315.0
4745 38.0
4746 274.0
4747 38.0
4748 226.0
4749 33.0
4750 315.0
4751 0.0
4752 204.0
4753 204.0
4754 204.0
4755 204.0
4756 251.0
4757 0.0
4758 38.0
4759 252.0
4760 204.0
4761 169.0
4762 204.0
4763 204.0
4764 203.0
4765 204.0
4766 204.0
4767 104.0
4768 203.0
4769 114.0
4770 205.0
4771 204.0
4772 33.0
4773 33.0
4774 220.0
4775 176.0
4776 210.0
4777 203.0
4778 204.0
4779 204.0
4780 204.0
4781 314.0
4782 250.0
4783 268.0
4784 268.0
4785 250.0
4786 33.0
4787 225.0
4788 314.0
4789 250.0
4790 250.0
4791 236.0
4792 203.0
4793 231.0
4794 332.0
4795 315.0
4796 38.0
4797 315.0
4798 38.0
4799 33.0
4800 33.0
4801 33.0
4802 33.0
4803 204.0
4804 204.0
4805 203.0
4806 203.0
4807 251.0
4808 0.0
4809 38.0
4810 252.0
4811 204.0
4812 103.0
4813 204.0
4814 204.0
4815 169.0
4816 204.0
4817 114.0
4818 33.0
4819 203.0
4820 204.0
4821 0.0
4822 32.0
4823 231.0
4824 0.0
4825 44.0
4826 33.0
4827 176.0
4828 219.0
4829 204.0
4830 204.0
4831 250.0
4832 250.0
4833 250.0
4834 250.0
4835 251.0
4836 225.0
4837 273.0
4838 38.0
4839 314.0
4840 250.0
4841 252.0
4842 38.0
4843 32.0
4844 231.0
4845 332.0
4846 315.0
4847 38.0
4848 273.0
4849 38.0
4850 0.0
4851 204.0
4852 33.0
4853 251.0
4854 204.0
4855 204.0
4856 203.0
4857 203.0
4858 251.0
4859 0.0
4860 38.0
4861 252.0
4862 6.0
4863 98.0
4864 204.0
4865 204.0
4866 158.0
4867 204.0
4868 109.0
4869 186.0
4870 203.0
4871 203.0
4872 234.0
4873 316.0
4874 231.0
4875 0.0
4876 33.0
4877 32.0
4878 32.0
4879 203.0
4880 219.0
4881 314.0
4882 252.0
4883 251.0
4884 250.0
4885 267.0
4886 268.0
4887 203.0
4888 38.0
4889 38.0
4890 314.0
4891 250.0
4892 252.0
4893 32.0
4894 33.0
4895 251.0
4896 332.0
4897 315.0
4898 38.0
4899 274.0
4900 38.0
4901 0.0
4902 275.0
4903 33.0
4904 38.0
4905 203.0
4906 204.0
4907 204.0
4908 204.0
4909 251.0
4910 32.0
4911 38.0
4912 252.0
4913 204.0
4914 98.0
4915 204.0
4916 204.0
4917 203.0
4918 204.0
4919 104.0
4920 104.0
4921 32.0
4922 226.0
4923 30.0
4924 204.0
4925 30.0
4926 33.0
4927 220.0
4928 44.0
4929 32.0
4930 225.0
4931 38.0
4932 250.0
4933 252.0
4934 250.0
4935 250.0
4936 268.0
4937 251.0
4938 250.0
4939 38.0
4940 273.0
4941 314.0
4942 250.0
4943 250.0
4944 203.0
4945 33.0
4946 315.0
4947 332.0
4948 315.0
4949 38.0
4950 315.0
4951 38.0
4952 38.0
4953 33.0
4954 33.0
4955 315.0
4956 203.0
4957 204.0
4958 203.0
4959 204.0
4960 251.0
4961 169.0
4962 252.0
4963 252.0
4964 204.0
4965 103.0
4966 204.0
4967 204.0
4968 203.0
4969 204.0
4970 104.0
4971 242.0
4972 32.0
4973 187.0
4974 332.0
4975 0.0
4976 32.0
4977 33.0
4978 45.0
4979 203.0
4980 176.0
4981 33.0
4982 38.0
4983 314.0
4984 256.0
4985 250.0
4986 250.0
4987 268.0
4988 266.0
4989 251.0
4990 33.0
4991 225.0
4992 314.0
4993 250.0
4994 315.0
4995 38.0
4996 32.0
4997 231.0
4998 332.0
4999 315.0
5000 38.0
5001 315.0
5002 38.0
5003 33.0
5004 33.0
5005 33.0
5006 38.0
5007 33.0
5008 204.0
5009 204.0
5010 204.0
5011 251.0
5012 0.0
5013 252.0
5014 252.0
5015 6.0
5016 103.0
5017 204.0
5018 204.0
5019 204.0
5020 93.0
5021 203.0
5022 246.0
5023 109.0
5024 203.0
5025 230.0
5026 109.0
5027 231.0
5028 33.0
5029 33.0
5030 33.0
5031 203.0
5032 205.0
5033 243.0
5034 250.0
5035 38.0
5036 38.0
5037 250.0
5038 268.0
5039 251.0
5040 225.0
5041 33.0
5042 273.0
5043 314.0
5044 250.0
5045 252.0
5046 38.0
5047 33.0
5048 315.0
5049 332.0
5050 315.0
5051 38.0
5052 315.0
5053 231.0
5054 0.0
5055 268.0
5056 204.0
5057 38.0
5058 33.0
5059 204.0
5060 204.0
5061 204.0
5062 251.0
5063 169.0
5064 252.0
5065 252.0
5066 204.0
5067 98.0
5068 204.0
5069 204.0
5070 158.0
5071 204.0
5072 32.0
5073 203.0
5074 180.0
5075 223.0
5076 316.0
5077 231.0
5078 231.0
5079 33.0
5080 33.0
5081 44.0
5082 32.0
5083 33.0
5084 250.0
5085 250.0
5086 250.0
5087 250.0
5088 246.0
5089 238.0
5090 264.0
5091 32.0
5092 38.0
5093 250.0
5094 314.0
5095 203.0
5096 250.0
5097 43.0
5098 32.0
5099 251.0
5100 332.0
