1 0.0
2 0.0
3 0.0
4 0.0
5 0.0
6 0.0
7 104.0
8 203.0
9 92.0
10 158.0
11 203.0
12 0.0
13 109.0
14 32.0
15 0.0
16 0.0
17 0.0
18 32.0
19 87.0
20 0.0
21 203.0
22 203.0
23 204.0
24 204.0
25 203.0
26 0.0
27 0.0
28 98.0
29 0.0
30 0.0
31 0.0
32 33.0
33 204.0
34 0.0
35 29.0
36 203.0
37 203.0
38 0.0
39 32.0
40 0.0
41 32.0
42 203.0
43 32.0
44 32.0
45 0.0
46 0.0
47 0.0
48 203.0
49 0.0
50 11.0
51 204.0
52 179.0
53 0.0
54 0.0
55 0.0
56 0.0
57 0.0
58 203.0
59 203.0
60 32.0
61 203.0
62 203.0
63 0.0
64 109.0
65 0.0
66 32.0
67 0.0
68 0.0
69 87.0
70 87.0
71 0.0
72 203.0
73 203.0
74 204.0
75 204.0
76 203.0
77 180.0
78 0.0
79 98.0
80 0.0
81 0.0
82 33.0
83 203.0
84 204.0
85 203.0
86 0.0
87 203.0
88 203.0
89 203.0
90 32.0
91 0.0
92 32.0
93 203.0
94 25.0
95 32.0
96 0.0
97 0.0
98 203.0
99 203.0
100 0.0
101 11.0
102 204.0
103 203.0
104 98.0
105 0.0
106 0.0
107 0.0
108 0.0
109 203.0
110 203.0
111 98.0
112 203.0
113 203.0
114 203.0
115 109.0
116 0.0
117 38.0
118 32.0
119 98.0
120 169.0
121 87.0
122 203.0
123 203.0
124 203.0
125 204.0
126 204.0
127 203.0
128 203.0
129 0.0
130 98.0
131 0.0
132 33.0
133 6.0
134 32.0
135 204.0
136 30.0
137 203.0
138 203.0
139 203.0
140 203.0
141 203.0
142 30.0
143 0.0
144 203.0
145 32.0
146 32.0
147 25.0
148 175.0
149 203.0
150 203.0
151 0.0
152 203.0
153 204.0
154 203.0
155 203.0
156 32.0
157 0.0
158 0.0
159 203.0
160 203.0
161 203.0
162 104.0
163 203.0
164 203.0
165 32.0
166 49.0
167 0.0
168 38.0
169 0.0
170 175.0
171 169.0
172 103.0
173 203.0
174 203.0
175 203.0
176 204.0
177 204.0
178 203.0
179 203.0
180 191.0
181 98.0
182 30.0
183 30.0
184 38.0
185 204.0
186 204.0
187 30.0
188 203.0
189 203.0
190 203.0
191 0.0
192 203.0
193 203.0
194 25.0
195 203.0
196 32.0
197 32.0
198 0.0
199 471.0
200 203.0
201 203.0
202 203.0
203 203.0
204 471.0
205 203.0
206 203.0
207 203.0
208 32.0
209 203.0
210 203.0
211 32.0
212 203.0
213 32.0
214 203.0
215 203.0
216 0.0
217 203.0
218 103.0
219 25.0
220 87.0
221 175.0
222 169.0
223 103.0
224 203.0
225 203.0
226 204.0
227 204.0
228 204.0
229 203.0
230 203.0
231 203.0
232 191.0
233 30.0
234 0.0
235 203.0
236 33.0
237 204.0
238 30.0
239 203.0
240 203.0
241 203.0
242 203.0
243 38.0
244 203.0
245 0.0
246 203.0
247 32.0
248 32.0
249 0.0
250 180.0
251 109.0
252 203.0
253 203.0
254 179.0
255 471.0
256 203.0
257 203.0
258 195.0
259 32.0
260 180.0
261 0.0
262 203.0
263 203.0
264 0.0
265 203.0
266 203.0
267 0.0
268 203.0
269 203.0
270 38.0
271 180.0
272 164.0
273 164.0
274 98.0
275 104.0
276 204.0
277 203.0
278 204.0
279 204.0
280 203.0
281 180.0
282 148.0
283 203.0
284 32.0
285 6.0
286 6.0
287 203.0
288 204.0
289 204.0
290 203.0
291 203.0
292 203.0
293 203.0
294 203.0
295 30.0
296 0.0
297 203.0
298 32.0
299 32.0
300 0.0
301 316.0
302 191.0
303 203.0
304 6.0
305 11.0
306 471.0
307 203.0
308 203.0
309 32.0
310 0.0
311 203.0
312 34.0
313 203.0
314 203.0
315 98.0
316 203.0
317 203.0
318 0.0
319 203.0
320 203.0
321 38.0
322 164.0
323 180.0
324 164.0
325 87.0
326 204.0
327 204.0
328 203.0
329 204.0
330 204.0
331 32.0
332 318.0
333 30.0
334 203.0
335 191.0
336 38.0
337 38.0
338 203.0
339 204.0
340 204.0
341 203.0
342 203.0
343 203.0
344 203.0
345 203.0
346 203.0
347 32.0
348 203.0
349 32.0
350 32.0
351 0.0
352 175.0
353 98.0
354 203.0
355 0.0
356 203.0
357 471.0
358 203.0
359 6.0
360 203.0
361 0.0
362 0.0
363 203.0
364 32.0
365 203.0
366 32.0
367 203.0
368 203.0
369 0.0
370 203.0
371 203.0
372 103.0
373 169.0
374 38.0
375 0.0
376 203.0
377 204.0
378 204.0
379 204.0
380 204.0
381 204.0
382 203.0
383 377.0
384 0.0
385 202.0
386 158.0
387 30.0
388 38.0
389 203.0
390 204.0
391 31.0
392 203.0
393 203.0
394 203.0
395 0.0
396 203.0
397 203.0
398 203.0
399 203.0
400 0.0
401 32.0
402 0.0
403 316.0
404 0.0
405 203.0
406 0.0
407 6.0
408 471.0
409 203.0
410 203.0
411 195.0
412 203.0
413 203.0
414 203.0
415 191.0
416 203.0
417 203.0
418 203.0
419 203.0
420 0.0
421 203.0
422 203.0
423 203.0
424 180.0
425 38.0
426 203.0
427 203.0
428 203.0
429 203.0
430 203.0
431 204.0
432 204.0
433 32.0
434 153.0
435 203.0
436 203.0
437 191.0
438 30.0
439 38.0
440 33.0
441 204.0
442 31.0
443 203.0
444 203.0
445 203.0
446 203.0
447 203.0
448 0.0
449 32.0
450 203.0
451 32.0
452 32.0
453 0.0
454 316.0
455 203.0
456 203.0
457 6.0
458 203.0
459 471.0
460 203.0
461 203.0
462 195.0
463 203.0
464 203.0
465 6.0
466 203.0
467 203.0
468 203.0
469 203.0
470 203.0
471 0.0
472 203.0
473 203.0
474 32.0
475 98.0
476 204.0
477 203.0
478 203.0
479 1.0
480 203.0
481 203.0
482 204.0
483 204.0
484 32.0
485 265.0
486 98.0
487 203.0
488 38.0
489 38.0
490 204.0
491 32.0
492 204.0
493 204.0
494 33.0
495 203.0
496 203.0
497 203.0
498 203.0
499 203.0
500 0.0
501 203.0
502 0.0
503 32.0
504 175.0
505 0.0
506 0.0
507 203.0
508 203.0
509 203.0
510 471.0
511 203.0
512 203.0
513 0.0
514 0.0
515 0.0
516 203.0
517 98.0
518 203.0
519 203.0
520 203.0
521 203.0
522 0.0
523 49.0
524 203.0
525 203.0
526 98.0
527 203.0
528 203.0
529 203.0
530 25.0
531 204.0
532 203.0
533 204.0
534 204.0
535 203.0
536 318.0
537 30.0
538 202.0
539 169.0
540 38.0
541 38.0
542 0.0
543 204.0
544 204.0
545 203.0
546 203.0
547 203.0
548 0.0
549 203.0
550 203.0
551 0.0
552 203.0
553 203.0
554 203.0
555 0.0
556 203.0
557 0.0
558 203.0
559 0.0
560 203.0
561 471.0
562 203.0
563 203.0
564 0.0
565 203.0
566 203.0
567 203.0
568 203.0
569 203.0
570 32.0
571 203.0
572 203.0
573 0.0
574 203.0
575 203.0
576 0.0
577 25.0
578 204.0
579 203.0
580 203.0
581 25.0
582 203.0
583 204.0
584 204.0
585 204.0
586 203.0
587 318.0
588 203.0
589 202.0
590 0.0
591 203.0
592 38.0
593 32.0
594 204.0
595 204.0
596 203.0
597 203.0
598 203.0
599 0.0
600 203.0
601 0.0
602 0.0
603 203.0
604 32.0
605 203.0
606 0.0
607 180.0
608 0.0
609 203.0
610 6.0
611 6.0
612 471.0
613 203.0
614 203.0
615 197.0
616 203.0
617 203.0
618 203.0
619 203.0
620 203.0
621 32.0
622 203.0
623 203.0
624 0.0
625 203.0
626 203.0
627 32.0
628 92.0
629 164.0
630 203.0
631 98.0
632 25.0
633 203.0
634 204.0
635 204.0
636 204.0
637 32.0
638 203.0
639 98.0
640 203.0
641 203.0
642 38.0
643 38.0
644 30.0
645 204.0
646 204.0
647 204.0
648 203.0
649 203.0
650 203.0
651 203.0
652 203.0
653 0.0
654 203.0
655 0.0
656 32.0
657 0.0
658 305.0
659 0.0
660 203.0
661 203.0
662 203.0
663 471.0
664 203.0
665 203.0
666 7.0
667 0.0
668 203.0
669 38.0
670 203.0
671 203.0
672 203.0
673 203.0
674 203.0
675 0.0
676 49.0
677 203.0
678 32.0
679 25.0
680 203.0
681 203.0
682 203.0
683 203.0
684 204.0
685 203.0
686 204.0
687 204.0
688 256.0
689 208.0
690 203.0
691 203.0
692 180.0
693 38.0
694 38.0
695 0.0
696 204.0
697 204.0
698 203.0
699 33.0
700 203.0
701 0.0
702 203.0
703 203.0
704 203.0
705 203.0
706 32.0
707 203.0
708 175.0
709 180.0
710 0.0
711 203.0
712 203.0
713 203.0
714 471.0
715 203.0
716 203.0
717 197.0
718 203.0
719 180.0
720 203.0
721 203.0
722 203.0
723 203.0
724 203.0
725 203.0
726 0.0
727 49.0
728 203.0
729 203.0
730 30.0
731 204.0
732 203.0
733 203.0
734 25.0
735 203.0
736 203.0
737 204.0
738 190.0
739 203.0
740 318.0
741 30.0
742 203.0
743 0.0
744 33.0
745 203.0
746 1.0
747 204.0
748 204.0
749 203.0
750 204.0
751 203.0
752 0.0
753 203.0
754 203.0
755 0.0
756 203.0
757 25.0
758 203.0
759 0.0
760 180.0
761 0.0
762 203.0
763 203.0
764 203.0
765 471.0
766 203.0
767 6.0
768 0.0
769 203.0
770 203.0
771 203.0
772 203.0
773 203.0
774 32.0
775 203.0
776 203.0
777 0.0
778 203.0
779 203.0
780 203.0
781 0.0
782 204.0
783 203.0
784 0.0
785 25.0
786 203.0
787 203.0
788 204.0
789 203.0
790 32.0
791 377.0
792 203.0
793 203.0
794 203.0
795 38.0
796 38.0
797 0.0
798 204.0
799 204.0
800 203.0
801 30.0
802 204.0
803 0.0
804 203.0
805 32.0
806 0.0
807 203.0
808 203.0
809 203.0
810 302.0
811 180.0
812 0.0
813 203.0
814 6.0
815 203.0
816 471.0
817 203.0
818 203.0
819 0.0
820 203.0
821 0.0
822 34.0
823 203.0
824 203.0
825 114.0
826 203.0
827 203.0
828 0.0
829 49.0
830 203.0
831 32.0
832 169.0
833 38.0
834 203.0
835 203.0
836 0.0
837 203.0
838 204.0
839 204.0
840 32.0
841 32.0
842 203.0
843 0.0
844 203.0
845 203.0
846 38.0
847 38.0
848 204.0
849 204.0
850 204.0
851 204.0
852 204.0
853 203.0
854 203.0
855 203.0
856 32.0
857 0.0
858 203.0
859 32.0
860 255.0
861 0.0
862 0.0
863 180.0
864 203.0
865 6.0
866 203.0
867 471.0
868 203.0
869 203.0
870 197.0
871 203.0
872 180.0
873 0.0
874 203.0
875 203.0
876 203.0
877 203.0
878 203.0
879 0.0
880 49.0
881 203.0
882 203.0
883 158.0
884 203.0
885 203.0
886 203.0
887 25.0
888 203.0
889 203.0
890 204.0
891 30.0
892 32.0
893 377.0
894 203.0
895 203.0
896 203.0
897 203.0
898 203.0
899 0.0
900 204.0
901 204.0
902 33.0
903 204.0
904 203.0
905 0.0
906 203.0
907 203.0
908 203.0
909 203.0
910 203.0
911 186.0
912 175.0
913 203.0
914 0.0
915 203.0
916 203.0
917 203.0
918 471.0
919 203.0
920 203.0
921 0.0
922 203.0
923 203.0
924 180.0
925 203.0
926 203.0
927 98.0
928 203.0
929 203.0
930 0.0
931 203.0
932 203.0
933 203.0
934 175.0
935 204.0
936 203.0
937 204.0
938 204.0
939 203.0
940 203.0
941 204.0
942 153.0
943 203.0
944 318.0
945 30.0
946 203.0
947 203.0
948 38.0
949 38.0
950 0.0
951 204.0
952 204.0
953 204.0
954 30.0
955 204.0
956 203.0
957 203.0
958 203.0
959 0.0
960 203.0
961 180.0
962 202.0
963 0.0
964 305.0
965 203.0
966 203.0
967 203.0
968 203.0
969 471.0
970 203.0
971 203.0
972 7.0
973 203.0
974 0.0
975 34.0
976 203.0
977 203.0
978 114.0
979 203.0
980 203.0
981 32.0
982 203.0
983 203.0
984 32.0
985 175.0
986 38.0
987 203.0
988 203.0
989 25.0
990 203.0
991 204.0
992 204.0
993 38.0
994 30.0
995 203.0
996 410.0
997 203.0
998 203.0
999 38.0
1000 38.0
1001 204.0
1002 204.0
1003 204.0
1004 204.0
1005 30.0
1006 203.0
1007 0.0
1008 32.0
1009 215.0
1010 0.0
1011 203.0
1012 203.0
1013 191.0
1014 203.0
1015 205.0
1016 175.0
1017 203.0
1018 203.0
1019 203.0
1020 471.0
1021 203.0
1022 203.0
1023 197.0
1024 207.0
1025 203.0
1026 180.0
1027 203.0
1028 203.0
1029 203.0
1030 203.0
1031 203.0
1032 0.0
1033 49.0
1034 203.0
1035 203.0
1036 25.0
1037 204.0
1038 203.0
1039 204.0
1040 25.0
1041 204.0
1042 203.0
1043 204.0
1044 32.0
1045 32.0
1046 377.0
1047 203.0
1048 184.0
1049 203.0
1050 203.0
1051 203.0
1052 0.0
1053 204.0
1054 204.0
1055 33.0
1056 204.0
1057 203.0
1058 0.0
1059 228.0
1060 203.0
1061 181.0
1062 203.0
1063 0.0
1064 186.0
1065 33.0
1066 180.0
1067 0.0
1068 203.0
1069 203.0
1070 203.0
1071 471.0
1072 203.0
1073 6.0
1074 197.0
1075 0.0
1076 203.0
1077 180.0
1078 203.0
1079 203.0
1080 114.0
1081 203.0
1082 203.0
1083 20.0
1084 203.0
1085 203.0
1086 203.0
1087 32.0
1088 203.0
1089 203.0
1090 203.0
1091 25.0
1092 204.0
1093 204.0
1094 204.0
1095 203.0
1096 169.0
1097 204.0
1098 30.0
1099 203.0
1100 203.0
1101 38.0
1102 38.0
1103 0.0
1104 204.0
1105 204.0
1106 204.0
1107 204.0
1108 204.0
1109 0.0
1110 33.0
1111 203.0
1112 0.0
1113 203.0
1114 191.0
1115 203.0
1116 0.0
1117 180.0
1118 0.0
1119 203.0
1120 203.0
1121 203.0
1122 471.0
1123 203.0
1124 203.0
1125 0.0
1126 203.0
1127 203.0
1128 0.0
1129 203.0
1130 203.0
1131 203.0
1132 203.0
1133 203.0
1134 0.0
1135 203.0
1136 203.0
1137 32.0
1138 203.0
1139 164.0
1140 203.0
1141 203.0
1142 203.0
1143 203.0
1144 203.0
1145 204.0
1146 203.0
1147 203.0
1148 411.0
1149 203.0
1150 203.0
1151 203.0
1152 203.0
1153 38.0
1154 0.0
1155 204.0
1156 204.0
1157 204.0
1158 30.0
1159 203.0
1160 1.0
1161 208.0
1162 203.0
1163 30.0
1164 203.0
1165 32.0
1166 0.0
1167 0.0
1168 305.0
1169 203.0
1170 203.0
1171 203.0
1172 203.0
1173 471.0
1174 203.0
1175 203.0
1176 0.0
1177 203.0
1178 203.0
1179 38.0
1180 203.0
1181 203.0
1182 203.0
1183 203.0
1184 203.0
1185 20.0
1186 38.0
1187 203.0
1188 32.0
1189 203.0
1190 169.0
1191 203.0
1192 175.0
1193 1.0
1194 203.0
1195 204.0
1196 204.0
1197 169.0
1198 204.0
1199 397.0
1200 203.0
1201 203.0
1202 203.0
1203 264.0
1204 38.0
1205 33.0
1206 204.0
1207 204.0
1208 204.0
1209 30.0
1210 203.0
1211 215.0
1212 225.0
1213 203.0
1214 215.0
1215 203.0
1216 0.0
1217 191.0
1218 0.0
1219 203.0
1220 203.0
1221 203.0
1222 203.0
1223 203.0
1224 471.0
1225 203.0
1226 6.0
1227 0.0
1228 0.0
1229 203.0
1230 0.0
1231 203.0
1232 203.0
1233 203.0
1234 203.0
1235 203.0
1236 0.0
1237 38.0
1238 203.0
1239 203.0
1240 203.0
1241 204.0
1242 203.0
1243 0.0
1244 25.0
1245 204.0
1246 204.0
1247 204.0
1248 203.0
1249 32.0
1250 411.0
1251 0.0
1252 203.0
1253 203.0
1254 38.0
1255 38.0
1256 0.0
1257 204.0
1258 204.0
1259 33.0
1260 33.0
1261 263.0
1262 203.0
1263 215.0
1264 203.0
1265 33.0
1266 215.0
1267 203.0
1268 191.0
1269 0.0
1270 203.0
1271 180.0
1272 203.0
1273 203.0
1274 203.0
1275 471.0
1276 203.0
1277 6.0
1278 195.0
1279 32.0
1280 0.0
1281 0.0
1282 203.0
1283 203.0
1284 114.0
1285 203.0
1286 203.0
1287 0.0
1288 38.0
1289 203.0
1290 32.0
1291 32.0
1292 204.0
1293 204.0
1294 0.0
1295 25.0
1296 203.0
1297 204.0
1298 204.0
1299 175.0
1300 163.0
1301 392.0
1302 203.0
1303 203.0
1304 203.0
1305 204.0
1306 38.0
1307 204.0
1308 204.0
1309 204.0
1310 204.0
1311 203.0
1312 203.0
1313 33.0
1314 33.0
1315 11.0
1316 215.0
1317 215.0
1318 203.0
1319 191.0
1320 175.0
1321 316.0
1322 0.0
1323 203.0
1324 203.0
1325 203.0
1326 471.0
1327 203.0
1328 203.0
1329 196.0
1330 203.0
1331 169.0
1332 180.0
1333 203.0
1334 203.0
1335 114.0
1336 203.0
1337 203.0
1338 0.0
1339 203.0
1340 203.0
1341 32.0
1342 203.0
1343 169.0
1344 203.0
1345 0.0
1346 25.0
1347 0.0
1348 204.0
1349 204.0
1350 32.0
1351 169.0
1352 374.0
1353 0.0
1354 155.0
1355 30.0
1356 204.0
1357 38.0
1358 32.0
1359 204.0
1360 204.0
1361 204.0
1362 0.0
1363 263.0
1364 33.0
1365 33.0
1366 203.0
1367 32.0
1368 1.0
1369 180.0
1370 321.0
1371 32.0
1372 471.0
1373 471.0
1374 203.0
1375 203.0
1376 203.0
1377 471.0
1378 203.0
1379 6.0
1380 203.0
1381 0.0
1382 203.0
1383 0.0
1384 203.0
1385 203.0
1386 203.0
1387 203.0
1388 203.0
1389 0.0
1390 38.0
1391 203.0
1392 203.0
1393 203.0
1394 204.0
1395 204.0
1396 0.0
1397 25.0
1398 204.0
1399 204.0
1400 204.0
1401 204.0
1402 32.0
1403 376.0
1404 0.0
1405 180.0
1406 0.0
1407 38.0
1408 38.0
1409 0.0
1410 204.0
1411 204.0
1412 204.0
1413 203.0
1414 204.0
1415 38.0
1416 204.0
1417 215.0
1418 33.0
1419 32.0
1420 180.0
1421 321.0
1422 175.0
1423 203.0
1424 186.0
1425 180.0
1426 203.0
1427 203.0
1428 471.0
1429 203.0
1430 203.0
1431 0.0
1432 203.0
1433 0.0
1434 0.0
1435 203.0
1436 203.0
1437 203.0
1438 203.0
1439 203.0
1440 0.0
1441 203.0
1442 203.0
1443 203.0
1444 203.0
1445 203.0
1446 203.0
1447 0.0
1448 25.0
1449 203.0
1450 204.0
1451 204.0
1452 256.0
1453 203.0
1454 411.0
1455 203.0
1456 30.0
1457 203.0
1458 204.0
1459 38.0
1460 0.0
1461 204.0
1462 204.0
1463 204.0
1464 203.0
1465 262.0
1466 253.0
1467 207.0
1468 203.0
1469 215.0
1470 215.0
1471 203.0
1472 321.0
1473 0.0
1474 316.0
1475 180.0
1476 180.0
1477 203.0
1478 203.0
1479 471.0
1480 203.0
1481 203.0
1482 203.0
1483 92.0
1484 203.0
1485 180.0
1486 203.0
1487 203.0
1488 114.0
1489 203.0
1490 203.0
1491 0.0
1492 38.0
1493 203.0
1494 32.0
1495 169.0
1496 204.0
1497 0.0
1498 0.0
1499 25.0
1500 203.0
1501 204.0
1502 199.0
1503 161.0
1504 201.0
1505 410.0
1506 203.0
1507 203.0
1508 32.0
1509 33.0
1510 38.0
1511 0.0
1512 204.0
1513 204.0
1514 204.0
1515 0.0
1516 203.0
1517 203.0
1518 233.0
1519 203.0
1520 220.0
1521 246.0
1522 203.0
1523 321.0
1524 203.0
1525 316.0
1526 0.0
1527 286.0
1528 203.0
1529 203.0
1530 471.0
1531 203.0
1532 203.0
1533 17.0
1534 207.0
1535 32.0
1536 169.0
1537 203.0
1538 203.0
1539 104.0
1540 203.0
1541 203.0
1542 0.0
1543 25.0
1544 203.0
1545 32.0
1546 169.0
1547 204.0
1548 203.0
1549 203.0
1550 25.0
1551 203.0
1552 204.0
1553 204.0
1554 203.0
1555 32.0
1556 374.0
1557 203.0
1558 191.0
1559 0.0
1560 38.0
1561 38.0
1562 0.0
1563 204.0
1564 204.0
1565 204.0
1566 203.0
1567 263.0
1568 38.0
1569 227.0
1570 204.0
1571 32.0
1572 225.0
1573 203.0
1574 321.0
1575 33.0
1576 205.0
1577 180.0
1578 203.0
1579 0.0
1580 203.0
1581 471.0
1582 203.0
1583 203.0
1584 0.0
1585 203.0
1586 32.0
1587 180.0
1588 98.0
1589 203.0
1590 203.0
1591 203.0
1592 203.0
1593 0.0
1594 203.0
1595 203.0
1596 203.0
1597 203.0
1598 175.0
1599 203.0
1600 0.0
1601 25.0
1602 203.0
1603 204.0
1604 198.0
1605 38.0
1606 163.0
1607 376.0
1608 203.0
1609 87.0
1610 0.0
1611 203.0
1612 38.0
1613 0.0
1614 204.0
1615 204.0
1616 204.0
1617 203.0
1618 262.0
1619 38.0
1620 218.0
1621 203.0
1622 33.0
1623 215.0
1624 203.0
1625 321.0
1626 0.0
1627 203.0
1628 186.0
1629 180.0
1630 0.0
1631 203.0
1632 471.0
1633 203.0
1634 203.0
1635 32.0
1636 92.0
1637 203.0
1638 0.0
1639 203.0
1640 203.0
1641 203.0
1642 203.0
1643 203.0
1644 0.0
1645 38.0
1646 203.0
1647 203.0
1648 203.0
1649 204.0
1650 203.0
1651 0.0
1652 25.0
1653 203.0
1654 204.0
1655 270.0
1656 141.0
1657 197.0
1658 411.0
1659 30.0
1660 87.0
1661 32.0
1662 203.0
1663 38.0
1664 32.0
1665 204.0
1666 204.0
1667 204.0
1668 203.0
1669 203.0
1670 253.0
1671 215.0
1672 6.0
1673 215.0
1674 215.0
1675 0.0
1676 321.0
1677 0.0
1678 316.0
1679 316.0
1680 180.0
1681 5.0
1682 203.0
1683 471.0
1684 203.0
1685 203.0
1686 203.0
1687 203.0
1688 203.0
1689 169.0
1690 203.0
1691 203.0
1692 203.0
1693 203.0
1694 203.0
1695 0.0
1696 38.0
1697 203.0
1698 32.0
1699 203.0
1700 203.0
1701 203.0
1702 0.0
1703 25.0
1704 204.0
1705 203.0
1706 203.0
1707 159.0
1708 203.0
1709 411.0
1710 0.0
1711 203.0
1712 30.0
1713 38.0
1714 38.0
1715 203.0
1716 204.0
1717 204.0
1718 33.0
1719 203.0
1720 203.0
1721 32.0
1722 253.0
1723 6.0
1724 32.0
1725 233.0
1726 0.0
1727 321.0
1728 0.0
1729 203.0
1730 180.0
1731 0.0
1732 203.0
1733 203.0
1734 471.0
1735 203.0
1736 203.0
1737 197.0
1738 203.0
1739 0.0
1740 180.0
1741 203.0
1742 203.0
1743 203.0
1744 203.0
1745 203.0
1746 20.0
1747 203.0
1748 203.0
1749 203.0
1750 204.0
1751 204.0
1752 203.0
1753 0.0
1754 25.0
1755 203.0
1756 25.0
1757 197.0
1758 161.0
1759 0.0
1760 411.0
1761 187.0
1762 169.0
1763 203.0
1764 203.0
1765 38.0
1766 33.0
1767 204.0
1768 204.0
1769 204.0
1770 203.0
1771 253.0
1772 38.0
1773 204.0
1774 203.0
1775 0.0
1776 203.0
1777 295.0
1778 321.0
1779 0.0
1780 203.0
1781 316.0
1782 0.0
1783 0.0
1784 203.0
1785 471.0
1786 203.0
1787 203.0
1788 203.0
1789 207.0
1790 203.0
1791 0.0
1792 98.0
1793 203.0
1794 203.0
1795 203.0
1796 203.0
1797 0.0
1798 203.0
1799 203.0
1800 204.0
1801 204.0
1802 204.0
1803 203.0
1804 0.0
1805 204.0
1806 203.0
1807 32.0
1808 168.0
1809 203.0
1810 201.0
1811 374.0
1812 203.0
1813 87.0
1814 32.0
1815 203.0
1816 38.0
1817 33.0
1818 204.0
1819 204.0
1820 204.0
1821 0.0
1822 263.0
1823 38.0
1824 210.0
1825 6.0
1826 33.0
1827 332.0
1828 281.0
1829 321.0
1830 0.0
1831 316.0
1832 186.0
1833 203.0
1834 5.0
1835 203.0
1836 471.0
1837 203.0
1838 203.0
1839 0.0
1840 203.0
1841 203.0
1842 0.0
1843 203.0
1844 203.0
1845 203.0
1846 203.0
1847 203.0
1848 0.0
1849 49.0
1850 204.0
1851 204.0
1852 204.0
1853 203.0
1854 203.0
1855 0.0
1856 25.0
1857 203.0
1858 38.0
1859 203.0
1860 203.0
1861 32.0
1862 374.0
1863 203.0
1864 0.0
1865 32.0
1866 38.0
1867 38.0
1868 30.0
1869 204.0
1870 204.0
1871 204.0
1872 0.0
1873 263.0
1874 33.0
1875 210.0
1876 203.0
1877 33.0
1878 203.0
1879 191.0
1880 258.0
1881 0.0
1882 205.0
1883 468.0
1884 180.0
1885 0.0
1886 203.0
1887 471.0
1888 203.0
1889 203.0
1890 0.0
1891 203.0
1892 0.0
1893 0.0
1894 98.0
1895 203.0
1896 203.0
1897 203.0
1898 203.0
1899 0.0
1900 203.0
1901 204.0
1902 204.0
1903 203.0
1904 204.0
1905 204.0
1906 0.0
1907 25.0
1908 203.0
1909 203.0
1910 198.0
1911 190.0
1912 0.0
1913 411.0
1914 0.0
1915 0.0
1916 32.0
1917 38.0
1918 38.0
1919 204.0
1920 204.0
1921 204.0
1922 204.0
1923 0.0
1924 262.0
1925 253.0
1926 253.0
1927 204.0
1928 0.0
1929 256.0
1930 332.0
1931 321.0
1932 0.0
1933 316.0
1934 180.0
1935 180.0
1936 0.0
1937 203.0
1938 471.0
1939 203.0
1940 203.0
1941 0.0
1942 203.0
1943 191.0
1944 180.0
1945 203.0
1946 203.0
1947 203.0
1948 203.0
1949 203.0
1950 0.0
1951 203.0
1952 204.0
1953 203.0
1954 204.0
1955 204.0
1956 203.0
1957 203.0
1958 25.0
1959 203.0
1960 25.0
1961 38.0
1962 192.0
1963 200.0
1964 374.0
1965 218.0
1966 203.0
1967 180.0
1968 203.0
1969 38.0
1970 33.0
1971 204.0
1972 204.0
1973 204.0
1974 0.0
1975 204.0
1976 33.0
1977 204.0
1978 203.0
1979 33.0
1980 203.0
1981 221.0
1982 332.0
1983 0.0
1984 316.0
1985 316.0
1986 203.0
1987 6.0
1988 203.0
1989 471.0
1990 203.0
1991 203.0
1992 197.0
1993 92.0
1994 203.0
1995 0.0
1996 203.0
1997 203.0
1998 203.0
1999 203.0
2000 203.0
2001 98.0
2002 203.0
2003 203.0
2004 204.0
2005 204.0
2006 203.0
2007 203.0
2008 0.0
2009 204.0
2010 203.0
2011 204.0
2012 203.0
2013 203.0
2014 169.0
2015 374.0
2016 203.0
2017 203.0
2018 180.0
2019 38.0
2020 38.0
2021 204.0
2022 204.0
2023 204.0
2024 204.0
2025 32.0
2026 203.0
2027 253.0
2028 253.0
2029 203.0
2030 0.0
2031 203.0
2032 191.0
2033 231.0
2034 0.0
2035 471.0
2036 186.0
2037 180.0
2038 5.0
2039 203.0
2040 471.0
2041 203.0
2042 203.0
2043 0.0
2044 203.0
2045 203.0
2046 0.0
2047 32.0
2048 203.0
2049 203.0
2050 203.0
2051 203.0
2052 0.0
2053 30.0
2054 204.0
2055 204.0
2056 204.0
2057 203.0
2058 203.0
2059 203.0
2060 25.0
2061 204.0
2062 203.0
2063 190.0
2064 256.0
2065 32.0
2066 411.0
2067 0.0
2068 87.0
2069 203.0
2070 38.0
2071 6.0
2072 30.0
2073 204.0
2074 204.0
2075 204.0
2076 0.0
2077 33.0
2078 253.0
2079 253.0
2080 204.0
2081 32.0
2082 203.0
2083 311.0
2084 311.0
2085 32.0
2086 203.0
2087 468.0
2088 180.0
2089 6.0
2090 203.0
2091 471.0
2092 203.0
2093 203.0
2094 0.0
2095 203.0
2096 203.0
2097 0.0
2098 203.0
2099 203.0
2100 203.0
2101 203.0
2102 203.0
2103 0.0
2104 204.0
2105 204.0
2106 203.0
2107 204.0
2108 204.0
2109 32.0
2110 0.0
2111 25.0
2112 204.0
2113 203.0
2114 33.0
2115 161.0
2116 203.0
2117 374.0
2118 204.0
2119 169.0
2120 203.0
2121 38.0
2122 33.0
2123 203.0
2124 204.0
2125 204.0
2126 204.0
2127 203.0
2128 203.0
2129 253.0
2130 204.0
2131 204.0
2132 33.0
2133 242.0
2134 203.0
2135 256.0
2136 0.0
2137 316.0
2138 316.0
2139 0.0
2140 0.0
2141 203.0
2142 471.0
2143 203.0
2144 203.0
2145 336.0
2146 203.0
2147 203.0
2148 203.0
2149 203.0
2150 203.0
2151 203.0
2152 203.0
2153 203.0
2154 0.0
2155 203.0
2156 204.0
2157 203.0
2158 204.0
2159 204.0
2160 203.0
2161 0.0
2162 25.0
2163 203.0
2164 204.0
2165 181.0
2166 203.0
2167 169.0
2168 411.0
2169 203.0
2170 249.0
2171 238.0
2172 38.0
2173 203.0
2174 33.0
2175 204.0
2176 204.0
2177 204.0
2178 0.0
2179 33.0
2180 253.0
2181 204.0
2182 203.0
2183 33.0
2184 203.0
2185 256.0
2186 220.0
2187 0.0
2188 316.0
2189 316.0
2190 504.0
2191 203.0
2192 203.0
2193 504.0
2194 203.0
2195 196.0
2196 329.0
2197 329.0
2198 203.0
2199 0.0
2200 203.0
2201 203.0
2202 203.0
2203 203.0
2204 203.0
2205 0.0
2206 204.0
2207 204.0
2208 204.0
2209 204.0
2210 203.0
2211 203.0
2212 0.0
2213 25.0
2214 204.0
2215 204.0
2216 203.0
2217 192.0
2218 32.0
2219 411.0
2220 0.0
2221 87.0
2222 169.0
2223 38.0
2224 30.0
2225 204.0
2226 204.0
2227 204.0
2228 204.0
2229 32.0
2230 33.0
2231 224.0
2232 253.0
2233 0.0
2234 33.0
2235 203.0
2236 191.0
2237 221.0
2238 302.0
2239 203.0
2240 470.0
2241 403.0
2242 6.0
2243 203.0
2244 504.0
2245 203.0
2246 196.0
2247 195.0
2248 329.0
2249 203.0
2250 0.0
2251 203.0
2252 203.0
2253 203.0
2254 203.0
2255 203.0
2256 0.0
2257 204.0
2258 204.0
2259 203.0
2260 204.0
2261 204.0
2262 203.0
2263 0.0
2264 204.0
2265 204.0
2266 203.0
2267 203.0
2268 270.0
2269 196.0
2270 374.0
2271 315.0
2272 30.0
2273 220.0
2274 38.0
2275 203.0
2276 203.0
2277 204.0
2278 204.0
2279 204.0
2280 0.0
2281 204.0
2282 267.0
2283 253.0
2284 204.0
2285 203.0
2286 203.0
2287 221.0
2288 311.0
2289 0.0
2290 316.0
2291 504.0
2292 203.0
2293 6.0
2294 203.0
2295 504.0
2296 203.0
2297 0.0
2298 203.0
2299 17.0
2300 350.0
2301 0.0
2302 203.0
2303 203.0
2304 203.0
2305 203.0
2306 203.0
2307 0.0
2308 203.0
2309 204.0
2310 204.0
2311 204.0
2312 204.0
2313 204.0
2314 0.0
2315 25.0
2316 204.0
2317 204.0
2318 198.0
2319 172.0
2320 169.0
2321 411.0
2322 203.0
2323 180.0
2324 203.0
2325 203.0
2326 194.0
2327 33.0
2328 204.0
2329 204.0
2330 204.0
2331 203.0
2332 253.0
2333 267.0
2334 33.0
2335 203.0
2336 33.0
2337 203.0
2338 221.0
2339 256.0
2340 0.0
2341 290.0
2342 203.0
2343 203.0
2344 0.0
2345 203.0
2346 504.0
2347 203.0
2348 203.0
2349 329.0
2350 7.0
2351 2.0
2352 0.0
2353 203.0
2354 203.0
2355 203.0
2356 203.0
2357 203.0
2358 0.0
2359 204.0
2360 204.0
2361 32.0
2362 204.0
2363 204.0
2364 32.0
2365 0.0
2366 0.0
2367 203.0
2368 204.0
2369 33.0
2370 203.0
2371 180.0
2372 411.0
2373 203.0
2374 87.0
2375 0.0
2376 38.0
2377 203.0
2378 33.0
2379 204.0
2380 204.0
2381 204.0
2382 203.0
2383 203.0
2384 267.0
2385 38.0
2386 203.0
2387 25.0
2388 203.0
2389 191.0
2390 220.0
2391 321.0
2392 408.0
2393 203.0
2394 294.0
2395 0.0
2396 203.0
2397 504.0
2398 203.0
2399 336.0
2400 329.0
2401 7.0
2402 346.0
2403 203.0
2404 203.0
2405 203.0
2406 203.0
2407 203.0
2408 203.0
2409 0.0
2410 204.0
2411 204.0
2412 203.0
2413 204.0
2414 204.0
2415 204.0
2416 203.0
2417 25.0
2418 203.0
2419 38.0
2420 203.0
2421 192.0
2422 203.0
2423 411.0
2424 203.0
2425 203.0
2426 169.0
2427 38.0
2428 38.0
2429 203.0
2430 204.0
2431 204.0
2432 204.0
2433 203.0
2434 263.0
2435 231.0
2436 203.0
2437 203.0
2438 32.0
2439 203.0
2440 203.0
2441 311.0
2442 32.0
2443 286.0
2444 203.0
2445 403.0
2446 6.0
2447 203.0
2448 504.0
2449 321.0
2450 330.0
2451 196.0
2452 197.0
2453 329.0
2454 203.0
2455 203.0
2456 203.0
2457 203.0
2458 203.0
2459 203.0
2460 204.0
2461 204.0
2462 204.0
2463 32.0
2464 204.0
2465 204.0
2466 204.0
2467 0.0
2468 25.0
2469 204.0
2470 204.0
2471 203.0
2472 270.0
2473 181.0
2474 411.0
2475 0.0
2476 169.0
2477 256.0
2478 38.0
2479 38.0
2480 204.0
2481 204.0
2482 204.0
2483 204.0
2484 203.0
2485 203.0
2486 267.0
2487 204.0
2488 203.0
2489 251.0
2490 203.0
2491 256.0
2492 220.0
2493 0.0
2494 298.0
2495 0.0
2496 0.0
2497 6.0
2498 203.0
2499 504.0
2500 322.0
2501 336.0
2502 195.0
2503 196.0
2504 350.0
2505 0.0
2506 203.0
2507 203.0
2508 203.0
2509 203.0
2510 204.0
2511 175.0
2512 204.0
2513 204.0
2514 204.0
2515 204.0
2516 204.0
2517 0.0
2518 204.0
2519 25.0
2520 204.0
2521 275.0
2522 203.0
2523 270.0
2524 169.0
2525 411.0
2526 30.0
2527 30.0
2528 203.0
2529 38.0
2530 38.0
2531 33.0
2532 204.0
2533 204.0
2534 204.0
2535 0.0
2536 267.0
2537 267.0
2538 203.0
2539 203.0
2540 33.0
2541 203.0
2542 180.0
2543 221.0
2544 0.0
2545 253.0
2546 253.0
2547 203.0
2548 203.0
2549 324.0
2550 504.0
2551 322.0
2552 196.0
2553 195.0
2554 322.0
2555 344.0
2556 0.0
2557 203.0
2558 203.0
2559 203.0
2560 204.0
2561 204.0
2562 0.0
2563 204.0
2564 204.0
2565 204.0
2566 204.0
2567 204.0
2568 204.0
2569 0.0
2570 25.0
2571 203.0
2572 203.0
2573 25.0
2574 192.0
2575 0.0
2576 411.0
2577 30.0
2578 87.0
2579 191.0
2580 38.0
2581 38.0
2582 203.0
2583 204.0
2584 204.0
2585 204.0
2586 203.0
2587 231.0
2588 267.0
2589 204.0
2590 203.0
2591 33.0
2592 203.0
2593 256.0
2594 311.0
2595 0.0
2596 466.0
2597 32.0
2598 316.0
2599 0.0
2600 322.0
2601 504.0
2602 322.0
2603 330.0
2604 329.0
2605 346.0
2606 351.0
2607 0.0
2608 104.0
2609 203.0
2610 204.0
2611 204.0
2612 204.0
2613 203.0
2614 204.0
2615 204.0
2616 203.0
2617 204.0
2618 204.0
2619 204.0
2620 0.0
2621 25.0
2622 203.0
2623 203.0
2624 30.0
2625 264.0
2626 374.0
2627 411.0
2628 0.0
2629 203.0
2630 203.0
2631 38.0
2632 38.0
2633 204.0
2634 204.0
2635 204.0
2636 204.0
2637 32.0
2638 267.0
2639 224.0
2640 204.0
2641 204.0
2642 33.0
2643 203.0
2644 203.0
2645 311.0
2646 0.0
2647 316.0
2648 0.0
2649 203.0
2650 5.0
2651 330.0
2652 504.0
2653 322.0
2654 330.0
2655 334.0
2656 344.0
2657 329.0
2658 345.0
2659 191.0
2660 109.0
2661 204.0
2662 204.0
2663 204.0
2664 203.0
2665 204.0
2666 204.0
2667 175.0
2668 204.0
2669 204.0
2670 0.0
2671 0.0
2672 25.0
2673 203.0
2674 38.0
2675 203.0
2676 397.0
2677 216.0
2678 411.0
2679 203.0
2680 203.0
2681 203.0
2682 38.0
2683 38.0
2684 203.0
2685 204.0
2686 204.0
2687 204.0
2688 203.0
2689 253.0
2690 224.0
2691 203.0
2692 203.0
2693 33.0
2694 203.0
2695 256.0
2696 311.0
2697 32.0
2698 247.0
2699 0.0
2700 203.0
2701 17.0
2702 0.0
2703 504.0
2704 196.0
2705 196.0
2706 360.0
2707 349.0
2708 365.0
2709 0.0
2710 331.0
2711 131.0
2712 203.0
2713 204.0
2714 204.0
2715 203.0
2716 204.0
2717 204.0
2718 203.0
2719 204.0
2720 204.0
2721 204.0
2722 0.0
2723 25.0
2724 203.0
2725 203.0
2726 203.0
2727 203.0
2728 411.0
2729 411.0
2730 30.0
2731 203.0
2732 225.0
2733 38.0
2734 32.0
2735 204.0
2736 204.0
2737 204.0
2738 204.0
2739 203.0
2740 267.0
2741 267.0
2742 204.0
2743 204.0
2744 33.0
2745 203.0
2746 256.0
2747 231.0
2748 0.0
2749 308.0
2750 203.0
2751 499.0
2752 203.0
2753 197.0
2754 504.0
2755 336.0
2756 344.0
2757 159.0
2758 197.0
2759 346.0
2760 157.0
2761 157.0
2762 6.0
2763 120.0
2764 204.0
2765 204.0
2766 203.0
2767 204.0
2768 204.0
2769 204.0
2770 204.0
2771 204.0
2772 204.0
2773 203.0
2774 25.0
2775 203.0
2776 203.0
2777 203.0
2778 374.0
2779 203.0
2780 411.0
2781 180.0
2782 87.0
2783 33.0
2784 203.0
2785 38.0
2786 204.0
2787 204.0
2788 204.0
2789 204.0
2790 203.0
2791 267.0
2792 231.0
2793 203.0
2794 203.0
2795 0.0
2796 203.0
2797 221.0
2798 311.0
2799 203.0
2800 252.0
2801 0.0
2802 286.0
2803 109.0
2804 322.0
2805 504.0
2806 157.0
2807 344.0
2808 360.0
2809 330.0
2810 329.0
2811 0.0
2812 157.0
2813 0.0
2814 204.0
2815 204.0
2816 204.0
2817 203.0
2818 204.0
2819 204.0
2820 203.0
2821 204.0
2822 204.0
2823 204.0
2824 0.0
2825 204.0
2826 204.0
2827 203.0
2828 38.0
2829 267.0
2830 256.0
2831 411.0
2832 0.0
2833 76.0
2834 313.0
2835 38.0
2836 38.0
2837 203.0
2838 204.0
2839 204.0
2840 204.0
2841 38.0
2842 204.0
2843 267.0
2844 203.0
2845 203.0
2846 33.0
2847 332.0
2848 221.0
2849 311.0
2850 302.0
2851 466.0
2852 175.0
2853 203.0
2854 8.0
2855 0.0
2856 504.0
2857 157.0
2858 360.0
2859 334.0
2860 344.0
2861 365.0
2862 0.0
2863 191.0
2864 6.0
2865 203.0
2866 204.0
2867 204.0
2868 204.0
2869 204.0
2870 204.0
2871 204.0
2872 204.0
2873 204.0
2874 0.0
2875 0.0
2876 25.0
2877 38.0
2878 203.0
2879 38.0
2880 203.0
2881 411.0
2882 411.0
2883 203.0
2884 203.0
2885 313.0
2886 0.0
2887 203.0
2888 203.0
2889 204.0
2890 204.0
2891 204.0
2892 32.0
2893 267.0
2894 224.0
2895 203.0
2896 203.0
2897 33.0
2898 203.0
2899 311.0
2900 220.0
2901 175.0
2902 466.0
2903 294.0
2904 203.0
2905 6.0
2906 0.0
2907 504.0
2908 0.0
2909 9.0
2910 360.0
2911 322.0
2912 365.0
2913 0.0
2914 0.0
2915 6.0
2916 204.0
2917 204.0
2918 204.0
2919 203.0
2920 204.0
2921 204.0
2922 204.0
2923 204.0
2924 204.0
2925 204.0
2926 203.0
2927 203.0
2928 203.0
2929 203.0
2930 332.0
2931 374.0
2932 411.0
2933 411.0
2934 30.0
2935 203.0
2936 231.0
2937 0.0
2938 32.0
2939 204.0
2940 204.0
2941 204.0
2942 204.0
2943 38.0
2944 267.0
2945 267.0
2946 204.0
2947 204.0
2948 33.0
2949 203.0
2950 180.0
2951 221.0
2952 175.0
2953 253.0
2954 0.0
2955 294.0
2956 203.0
2957 157.0
2958 504.0
2959 329.0
2960 344.0
2961 159.0
2962 325.0
2963 330.0
2964 0.0
2965 157.0
2966 0.0
2967 204.0
2968 204.0
2969 204.0
2970 203.0
2971 204.0
2972 204.0
2973 203.0
2974 204.0
2975 204.0
2976 204.0
2977 0.0
2978 1.0
2979 204.0
2980 203.0
2981 329.0
2982 190.0
2983 175.0
2984 411.0
2985 203.0
2986 1.0
2987 0.0
2988 33.0
2989 0.0
2990 204.0
2991 204.0
2992 204.0
2993 204.0
2994 38.0
2995 267.0
2996 267.0
2997 204.0
2998 6.0
2999 32.0
3000 203.0
3001 203.0
3002 311.0
3003 0.0
3004 203.0
3005 294.0
3006 308.0
3007 203.0
3008 0.0
3009 504.0
3010 357.0
3011 344.0
3012 360.0
3013 344.0
3014 329.0
3015 0.0
3016 195.0
3017 0.0
3018 204.0
3019 204.0
3020 204.0
3021 203.0
3022 204.0
3023 204.0
3024 204.0
3025 203.0
3026 204.0
3027 203.0
3028 203.0
3029 25.0
3030 203.0
3031 203.0
3032 38.0
3033 203.0
3034 374.0
3035 411.0
3036 198.0
3037 87.0
3038 231.0
3039 38.0
3040 6.0
3041 203.0
3042 204.0
3043 204.0
3044 204.0
3045 203.0
3046 253.0
3047 267.0
3048 264.0
3049 203.0
3050 0.0
3051 203.0
3052 221.0
3053 221.0
3054 0.0
3055 316.0
3056 308.0
3057 203.0
3058 170.0
3059 0.0
3060 504.0
3061 344.0
3062 329.0
3063 346.0
3064 344.0
3065 365.0
3066 0.0
3067 187.0
3068 6.0
3069 204.0
3070 204.0
3071 204.0
3072 204.0
3073 204.0
3074 204.0
3075 204.0
3076 204.0
3077 204.0
3078 204.0
3079 0.0
3080 25.0
3081 203.0
3082 203.0
3083 201.0
3084 374.0
3085 374.0
3086 411.0
3087 203.0
3088 203.0
3089 256.0
3090 0.0
3091 32.0
3092 203.0
3093 204.0
3094 204.0
3095 204.0
3096 32.0
3097 253.0
3098 224.0
3099 38.0
3100 0.0
3101 33.0
3102 203.0
3103 311.0
3104 221.0
3105 0.0
3106 471.0
3107 257.0
3108 294.0
3109 109.0
3110 157.0
3111 504.0
3112 344.0
3113 360.0
3114 360.0
3115 336.0
3116 365.0
3117 157.0
3118 350.0
3119 6.0
3120 204.0
3121 204.0
3122 204.0
3123 203.0
3124 204.0
3125 204.0
3126 204.0
3127 204.0
3128 203.0
3129 204.0
3130 203.0
3131 0.0
3132 198.0
3133 411.0
3134 314.0
3135 253.0
3136 256.0
3137 411.0
3138 197.0
3139 197.0
3140 250.0
3141 38.0
3142 0.0
3143 204.0
3144 204.0
3145 204.0
3146 204.0
3147 203.0
3148 33.0
3149 224.0
3150 262.0
3151 203.0
3152 33.0
3153 203.0
3154 221.0
3155 221.0
3156 0.0
3157 253.0
3158 240.0
3159 203.0
3160 0.0
3161 0.0
3162 504.0
3163 0.0
3164 344.0
3165 159.0
3166 344.0
3167 329.0
3168 17.0
3169 334.0
3170 0.0
3171 204.0
3172 204.0
3173 204.0
3174 203.0
3175 204.0
3176 204.0
3177 204.0
3178 203.0
3179 204.0
3180 204.0
3181 203.0
3182 25.0
3183 203.0
3184 203.0
3185 49.0
3186 203.0
3187 411.0
3188 411.0
3189 0.0
3190 185.0
3191 0.0
3192 38.0
3193 38.0
3194 204.0
3195 204.0
3196 204.0
3197 204.0
3198 203.0
3199 253.0
3200 267.0
3201 204.0
3202 203.0
3203 33.0
3204 203.0
3205 221.0
3206 311.0
3207 0.0
3208 493.0
3209 253.0
3210 203.0
3211 8.0
3212 322.0
3213 504.0
3214 157.0
3215 335.0
3216 360.0
3217 187.0
3218 330.0
3219 157.0
3220 346.0
3221 6.0
3222 204.0
3223 204.0
3224 204.0
3225 203.0
3226 204.0
3227 204.0
3228 204.0
3229 204.0
3230 204.0
3231 204.0
3232 203.0
3233 25.0
3234 201.0
3235 203.0
3236 314.0
3237 374.0
3238 374.0
3239 411.0
3240 315.0
3241 203.0
3242 256.0
3243 0.0
3244 38.0
3245 33.0
3246 204.0
3247 204.0
3248 204.0
3249 1.0
3250 204.0
3251 267.0
3252 38.0
3253 204.0
3254 33.0
3255 203.0
3256 311.0
3257 332.0
3258 175.0
3259 504.0
3260 481.0
3261 247.0
3262 203.0
3263 322.0
3264 504.0
3265 360.0
3266 360.0
3267 351.0
3268 197.0
3269 365.0
3270 157.0
3271 346.0
3272 331.0
3273 204.0
3274 204.0
3275 204.0
3276 203.0
3277 204.0
3278 204.0
3279 204.0
3280 204.0
3281 203.0
3282 0.0
3283 203.0
3284 204.0
3285 203.0
3286 201.0
3287 408.0
3288 207.0
3289 411.0
3290 411.0
3291 377.0
3292 194.0
3293 251.0
3294 0.0
3295 38.0
3296 203.0
3297 204.0
3298 204.0
3299 204.0
3300 203.0
3301 33.0
3302 267.0
3303 203.0
3304 268.0
3305 203.0
3306 203.0
3307 221.0
3308 221.0
3309 203.0
3310 504.0
3311 308.0
3312 203.0
3313 203.0
3314 0.0
3315 504.0
3316 203.0
3317 360.0
3318 360.0
3319 349.0
3320 330.0
3321 0.0
3322 335.0
3323 335.0
3324 340.0
3325 204.0
3326 204.0
3327 203.0
3328 204.0
3329 204.0
3330 204.0
3331 204.0
3332 204.0
3333 204.0
3334 203.0
3335 25.0
3336 203.0
3337 376.0
3338 332.0
3339 92.0
3340 411.0
3341 411.0
3342 203.0
3343 185.0
3344 0.0
3345 203.0
3346 203.0
3347 204.0
3348 204.0
3349 204.0
3350 204.0
3351 203.0
3352 231.0
3353 224.0
3354 38.0
3355 204.0
3356 33.0
3357 203.0
3358 221.0
3359 332.0
3360 203.0
3361 504.0
3362 308.0
3363 203.0
3364 17.0
3365 0.0
3366 504.0
3367 339.0
3368 335.0
3369 360.0
3370 344.0
3371 322.0
3372 7.0
3373 335.0
3374 333.0
3375 340.0
3376 333.0
3377 204.0
3378 203.0
3379 204.0
3380 204.0
3381 204.0
3382 203.0
3383 175.0
3384 204.0
3385 203.0
3386 1.0
3387 203.0
3388 203.0
3389 410.0
3390 409.0
3391 374.0
3392 411.0
3393 377.0
3394 194.0
3395 250.0
3396 38.0
3397 38.0
3398 204.0
3399 204.0
3400 204.0
3401 204.0
3402 0.0
3403 253.0
3404 267.0
3405 253.0
3406 203.0
3407 32.0
3408 332.0
3409 221.0
3410 256.0
3411 0.0
3412 493.0
3413 375.0
3414 499.0
3415 0.0
3416 157.0
3417 504.0
3418 344.0
3419 360.0
3420 350.0
3421 336.0
3422 365.0
3423 157.0
3424 346.0
3425 334.0
3426 6.0
3427 340.0
3428 313.0
3429 203.0
3430 204.0
3431 204.0
3432 204.0
3433 204.0
3434 204.0
3435 0.0
3436 204.0
3437 25.0
3438 204.0
3439 203.0
3440 410.0
3441 203.0
3442 411.0
3443 411.0
3444 180.0
3445 397.0
3446 237.0
3447 0.0
3448 6.0
3449 203.0
3450 204.0
3451 204.0
3452 204.0
3453 203.0
3454 253.0
3455 267.0
3456 203.0
3457 203.0
3458 33.0
3459 203.0
3460 256.0
3461 256.0
3462 191.0
3463 493.0
3464 492.0
3465 499.0
3466 170.0
3467 345.0
3468 504.0
3469 357.0
3470 360.0
3471 350.0
3472 326.0
3473 365.0
3474 7.0
3475 346.0
3476 328.0
3477 340.0
3478 340.0
3479 323.0
3480 0.0
3481 204.0
3482 204.0
3483 204.0
3484 204.0
3485 204.0
3486 204.0
3487 203.0
3488 204.0
3489 203.0
3490 396.0
3491 410.0
3492 92.0
3493 411.0
3494 411.0
3495 205.0
3496 203.0
3497 392.0
3498 0.0
3499 38.0
3500 204.0
3501 204.0
3502 204.0
3503 33.0
3504 38.0
3505 231.0
3506 224.0
3507 0.0
3508 204.0
3509 33.0
3510 332.0
3511 332.0
3512 220.0
3513 0.0
3514 504.0
3515 253.0
3516 504.0
3517 6.0
3518 351.0
3519 504.0
3520 203.0
3521 360.0
3522 360.0
3523 157.0
3524 365.0
3525 197.0
3526 334.0
3527 0.0
3528 340.0
3529 340.0
3530 331.0
3531 333.0
3532 204.0
3533 204.0
3534 204.0
3535 204.0
3536 175.0
3537 204.0
3538 204.0
3539 25.0
3540 203.0
3541 203.0
3542 410.0
3543 409.0
3544 374.0
3545 411.0
3546 203.0
3547 396.0
3548 203.0
3549 38.0
3550 203.0
3551 204.0
3552 204.0
3553 204.0
3554 204.0
3555 203.0
3556 267.0
3557 267.0
3558 0.0
3559 204.0
3560 32.0
3561 203.0
3562 221.0
3563 221.0
3564 0.0
3565 504.0
3566 253.0
3567 203.0
3568 203.0
3569 187.0
3570 504.0
3571 344.0
3572 360.0
3573 360.0
3574 329.0
3575 322.0
3576 329.0
3577 187.0
3578 6.0
3579 203.0
3580 340.0
3581 321.0
3582 6.0
3583 6.0
3584 204.0
3585 204.0
3586 203.0
3587 204.0
3588 0.0
3589 203.0
3590 104.0
3591 204.0
3592 409.0
3593 411.0
3594 203.0
3595 374.0
3596 411.0
3597 318.0
3598 158.0
3599 246.0
3600 0.0
3601 0.0
3602 203.0
3603 204.0
3604 204.0
3605 204.0
3606 203.0
3607 253.0
3608 267.0
3609 204.0
3610 203.0
3611 0.0
3612 332.0
3613 332.0
3614 311.0
3615 191.0
3616 493.0
3617 257.0
3618 499.0
3619 6.0
3620 349.0
3621 504.0
3622 335.0
3623 360.0
3624 350.0
3625 197.0
3626 322.0
3627 157.0
3628 187.0
3629 0.0
3630 340.0
3631 340.0
3632 0.0
3633 334.0
3634 6.0
3635 204.0
3636 204.0
3637 204.0
3638 203.0
3639 204.0
3640 203.0
3641 25.0
3642 203.0
3643 393.0
3644 411.0
3645 103.0
3646 411.0
3647 411.0
3648 319.0
3649 397.0
3650 0.0
3651 0.0
3652 38.0
3653 203.0
3654 204.0
3655 204.0
3656 33.0
3657 203.0
3658 267.0
3659 267.0
3660 25.0
3661 203.0
3662 33.0
3663 203.0
3664 256.0
3665 256.0
3666 0.0
3667 504.0
3668 493.0
3669 499.0
3670 203.0
3671 334.0
3672 504.0
3673 196.0
3674 360.0
3675 360.0
3676 0.0
3677 365.0
3678 197.0
3679 334.0
3680 0.0
3681 340.0
3682 340.0
3683 0.0
3684 0.0
3685 0.0
3686 204.0
3687 204.0
3688 204.0
3689 204.0
3690 204.0
3691 203.0
3692 203.0
3693 203.0
3694 203.0
3695 410.0
3696 197.0
3697 411.0
3698 411.0
3699 203.0
3700 197.0
3701 203.0
3702 203.0
3703 38.0
3704 203.0
3705 204.0
3706 204.0
3707 204.0
3708 203.0
3709 267.0
3710 267.0
3711 32.0
3712 204.0
3713 191.0
3714 203.0
3715 221.0
3716 332.0
3717 33.0
3718 203.0
3719 253.0
3720 203.0
3721 109.0
3722 322.0
3723 504.0
3724 157.0
3725 360.0
3726 350.0
3727 38.0
3728 365.0
3729 329.0
3730 334.0
3731 331.0
3732 328.0
3733 32.0
3734 340.0
3735 0.0
3736 6.0
3737 204.0
3738 204.0
3739 204.0
3740 204.0
3741 204.0
3742 204.0
3743 0.0
3744 204.0
3745 411.0
3746 410.0
3747 203.0
3748 374.0
3749 411.0
3750 178.0
3751 153.0
3752 203.0
3753 0.0
3754 38.0
3755 204.0
3756 204.0
3757 204.0
3758 204.0
3759 203.0
3760 267.0
3761 267.0
3762 203.0
3763 203.0
3764 0.0
3765 203.0
3766 256.0
3767 332.0
3768 49.0
3769 504.0
3770 253.0
3771 203.0
3772 6.0
3773 157.0
3774 504.0
3775 335.0
3776 360.0
3777 357.0
3778 0.0
3779 322.0
3780 157.0
3781 346.0
3782 174.0
3783 340.0
3784 340.0
3785 335.0
3786 340.0
3787 331.0
3788 204.0
3789 204.0
3790 204.0
3791 203.0
3792 203.0
3793 203.0
3794 203.0
3795 204.0
3796 427.0
3797 411.0
3798 203.0
3799 411.0
3800 411.0
3801 200.0
3802 410.0
3803 87.0
3804 0.0
3805 38.0
3806 203.0
3807 204.0
3808 204.0
3809 33.0
3810 203.0
3811 253.0
3812 267.0
3813 32.0
3814 6.0
3815 0.0
3816 203.0
3817 256.0
3818 256.0
3819 191.0
3820 493.0
3821 203.0
3822 253.0
3823 203.0
3824 360.0
3825 504.0
3826 335.0
3827 360.0
3828 360.0
3829 159.0
3830 330.0
3831 197.0
3832 346.0
3833 333.0
3834 340.0
3835 340.0
3836 0.0
3837 334.0
3838 330.0
3839 331.0
3840 204.0
3841 204.0
3842 204.0
3843 204.0
3844 204.0
3845 204.0
3846 203.0
3847 201.0
3848 393.0
3849 103.0
3850 316.0
3851 411.0
3852 203.0
3853 197.0
3854 203.0
3855 0.0
3856 38.0
3857 203.0
3858 204.0
3859 204.0
3860 33.0
3861 203.0
3862 267.0
3863 267.0
3864 0.0
3865 204.0
3866 33.0
3867 203.0
3868 332.0
3869 221.0
3870 41.0
3871 493.0
3872 247.0
3873 203.0
3874 203.0
3875 0.0
3876 504.0
3877 344.0
3878 360.0
3879 360.0
3880 0.0
3881 365.0
3882 18.0
3883 335.0
3884 333.0
3885 333.0
3886 340.0
3887 0.0
3888 321.0
3889 340.0
3890 0.0
3891 0.0
3892 204.0
3893 204.0
3894 204.0
3895 204.0
3896 204.0
3897 201.0
3898 393.0
3899 201.0
3900 372.0
3901 374.0
3902 411.0
3903 205.0
3904 153.0
3905 258.0
3906 38.0
3907 204.0
3908 204.0
3909 204.0
3910 204.0
3911 204.0
3912 203.0
3913 267.0
3914 224.0
3915 214.0
3916 231.0
3917 32.0
3918 203.0
3919 221.0
3920 220.0
3921 49.0
3922 203.0
3923 470.0
3924 203.0
3925 6.0
3926 333.0
3927 504.0
3928 195.0
3929 360.0
3930 350.0
3931 157.0
3932 330.0
3933 7.0
3934 335.0
3935 350.0
3936 340.0
3937 321.0
3938 0.0
3939 0.0
3940 340.0
3941 0.0
3942 334.0
3943 204.0
3944 204.0
3945 204.0
3946 203.0
3947 1.0
3948 204.0
3949 376.0
3950 376.0
3951 374.0
3952 411.0
3953 411.0
3954 203.0
3955 153.0
3956 241.0
3957 38.0
3958 38.0
3959 203.0
3960 204.0
3961 204.0
3962 204.0
3963 203.0
3964 204.0
3965 267.0
3966 203.0
3967 203.0
3968 203.0
3969 203.0
3970 221.0
3971 332.0
3972 49.0
3973 493.0
3974 203.0
3975 499.0
3976 6.0
3977 333.0
3978 504.0
3979 342.0
3980 360.0
3981 360.0
3982 157.0
3983 322.0
3984 0.0
3985 350.0
3986 6.0
3987 0.0
3988 340.0
3989 328.0
3990 334.0
3991 330.0
3992 0.0
3993 331.0
3994 7.0
3995 204.0
3996 203.0
3997 204.0
3998 204.0
3999 203.0
4000 376.0
4001 203.0
4002 103.0
4003 256.0
4004 411.0
4005 0.0
4006 410.0
4007 203.0
4008 48.0
4009 38.0
4010 204.0
4011 204.0
4012 204.0
4013 33.0
4014 203.0
4015 204.0
4016 267.0
4017 224.0
4018 408.0
4019 33.0
4020 203.0
4021 256.0
4022 311.0
4023 41.0
4024 493.0
4025 203.0
4026 499.0
4027 8.0
4028 0.0
4029 504.0
4030 344.0
4031 360.0
4032 360.0
4033 203.0
4034 365.0
4035 0.0
4036 350.0
4037 334.0
4038 340.0
4039 340.0
4040 0.0
4041 322.0
4042 340.0
4043 0.0
4044 334.0
4045 334.0
4046 203.0
4047 204.0
4048 204.0
4049 0.0
4050 203.0
4051 393.0
4052 201.0
4053 203.0
4054 411.0
4055 411.0
4056 205.0
4057 197.0
4058 203.0
4059 175.0
4060 264.0
4061 204.0
4062 204.0
4063 204.0
4064 204.0
4065 203.0
4066 231.0
4067 224.0
4068 38.0
4069 204.0
4070 204.0
4071 203.0
4072 221.0
4073 256.0
4074 41.0
4075 504.0
4076 470.0
4077 203.0
4078 1.0
4079 322.0
4080 504.0
4081 326.0
4082 360.0
4083 357.0
4084 329.0
4085 365.0
4086 38.0
4087 349.0
4088 331.0
4089 0.0
4090 0.0
4091 340.0
4092 6.0
4093 333.0
4094 333.0
4095 326.0
4096 334.0
4097 332.0
4098 204.0
4099 203.0
4100 114.0
4101 98.0
4102 393.0
4103 201.0
4104 203.0
4105 374.0
4106 411.0
4107 203.0
4108 410.0
4109 319.0
4110 32.0
4111 38.0
4112 0.0
4113 204.0
4114 204.0
4115 204.0
4116 203.0
4117 267.0
4118 267.0
4119 204.0
4120 231.0
4121 0.0
4122 203.0
4123 332.0
4124 221.0
4125 191.0
4126 504.0
4127 0.0
4128 203.0
4129 8.0
4130 325.0
4131 504.0
4132 357.0
4133 360.0
4134 357.0
4135 159.0
4136 322.0
4137 17.0
4138 350.0
4139 203.0
4140 340.0
4141 340.0
4142 0.0
4143 322.0
4144 328.0
4145 322.0
4146 331.0
4147 334.0
4148 307.0
4149 334.0
4150 203.0
4151 25.0
4152 203.0
4153 376.0
4154 203.0
4155 203.0
4156 411.0
4157 411.0
4158 203.0
4159 153.0
4160 258.0
4161 0.0
4162 38.0
4163 0.0
4164 204.0
4165 204.0
4166 33.0
4167 203.0
4168 401.0
4169 267.0
4170 204.0
4171 203.0
4172 0.0
4173 203.0
4174 256.0
4175 332.0
4176 308.0
4177 493.0
4178 492.0
4179 308.0
4180 203.0
4181 333.0
4182 504.0
4183 344.0
4184 360.0
4185 357.0
4186 203.0
4187 322.0
4188 0.0
4189 350.0
4190 335.0
4191 0.0
4192 340.0
4193 340.0
4194 322.0
4195 330.0
4196 323.0
4197 331.0
4198 334.0
4199 320.0
4200 334.0
4201 334.0
4202 203.0
4203 381.0
4204 376.0
4205 376.0
4206 372.0
4207 411.0
4208 411.0
4209 203.0
4210 410.0
4211 214.0
4212 93.0
4213 204.0
4214 0.0
4215 204.0
4216 204.0
4217 204.0
4218 203.0
4219 204.0
4220 253.0
4221 38.0
4222 204.0
4223 0.0
4224 203.0
4225 332.0
4226 256.0
4227 203.0
4228 493.0
4229 294.0
4230 247.0
4231 8.0
4232 159.0
4233 504.0
4234 339.0
4235 360.0
4236 360.0
4237 157.0
4238 365.0
4239 0.0
4240 335.0
4241 6.0
4242 350.0
4243 340.0
4244 0.0
4245 331.0
4246 330.0
4247 323.0
4248 331.0
4249 322.0
4250 322.0
4251 334.0
4252 320.0
4253 203.0
4254 203.0
4255 393.0
4256 203.0
4257 411.0
4258 411.0
4259 411.0
4260 7.0
4261 256.0
4262 203.0
4263 38.0
4264 38.0
4265 203.0
4266 204.0
4267 204.0
4268 204.0
4269 203.0
4270 253.0
4271 223.0
4272 30.0
4273 268.0
4274 203.0
4275 203.0
4276 221.0
4277 332.0
4278 203.0
4279 493.0
4280 294.0
4281 203.0
4282 0.0
4283 0.0
4284 504.0
4285 342.0
4286 342.0
4287 357.0
4288 344.0
4289 365.0
4290 0.0
4291 350.0
4292 157.0
4293 334.0
4294 6.0
4295 0.0
4296 0.0
4297 6.0
4298 322.0
4299 335.0
4300 334.0
4301 329.0
4302 0.0
4303 25.0
4304 204.0
4305 145.0
4306 393.0
4307 203.0
4308 103.0
4309 374.0
4310 411.0
4311 203.0
4312 153.0
4313 0.0
4314 204.0
4315 203.0
4316 32.0
4317 204.0
4318 204.0
4319 204.0
4320 203.0
4321 267.0
4322 267.0
4323 38.0
4324 203.0
4325 204.0
4326 332.0
4327 332.0
4328 221.0
4329 316.0
4330 504.0
4331 0.0
4332 499.0
4333 0.0
4334 322.0
4335 504.0
4336 357.0
4337 360.0
4338 357.0
4339 0.0
4340 365.0
4341 0.0
4342 350.0
4343 333.0
4344 0.0
4345 330.0
4346 328.0
4347 203.0
4348 0.0
4349 322.0
4350 0.0
4351 335.0
4352 334.0
4353 0.0
4354 0.0
4355 203.0
4356 201.0
4357 376.0
4358 49.0
4359 203.0
4360 316.0
4361 411.0
4362 203.0
4363 153.0
4364 0.0
4365 204.0
4366 204.0
4367 204.0
4368 204.0
4369 204.0
4370 33.0
4371 203.0
4372 231.0
4373 267.0
4374 203.0
4375 204.0
4376 0.0
4377 203.0
4378 332.0
4379 332.0
4380 504.0
4381 504.0
4382 0.0
4383 252.0
4384 162.0
4385 159.0
4386 504.0
4387 335.0
4388 360.0
4389 357.0
4390 6.0
4391 322.0
4392 0.0
4393 335.0
4394 6.0
4395 331.0
4396 0.0
4397 0.0
4398 322.0
4399 0.0
4400 340.0
4401 0.0
4402 6.0
4403 334.0
4404 334.0
4405 320.0
4406 38.0
4407 49.0
4408 376.0
4409 203.0
4410 203.0
4411 256.0
4412 411.0
4413 203.0
4414 194.0
4415 203.0
4416 203.0
4417 38.0
4418 0.0
4419 204.0
4420 204.0
4421 204.0
4422 267.0
4423 253.0
4424 267.0
4425 33.0
4426 204.0
4427 203.0
4428 203.0
4429 332.0
4430 14.0
4431 0.0
4432 493.0
4433 0.0
4434 203.0
4435 203.0
4436 187.0
4437 504.0
4438 357.0
4439 360.0
4440 360.0
4441 329.0
4442 322.0
4443 203.0
4444 349.0
4445 350.0
4446 333.0
4447 6.0
4448 333.0
4449 6.0
4450 190.0
4451 330.0
4452 333.0
4453 322.0
4454 335.0
4455 334.0
4456 7.0
4457 203.0
4458 203.0
4459 393.0
4460 203.0
4461 103.0
4462 374.0
4463 411.0
4464 38.0
4465 156.0
4466 203.0
4467 204.0
4468 38.0
4469 0.0
4470 204.0
4471 204.0
4472 203.0
4473 203.0
4474 204.0
4475 253.0
4476 32.0
4477 203.0
4478 203.0
4479 203.0
4480 221.0
4481 203.0
4482 472.0
4483 493.0
4484 0.0
4485 203.0
4486 6.0
4487 360.0
4488 504.0
4489 360.0
4490 360.0
4491 357.0
4492 157.0
4493 365.0
4494 197.0
4495 346.0
4496 331.0
4497 157.0
4498 0.0
4499 328.0
4500 340.0
4501 0.0
4502 340.0
4503 330.0
4504 335.0
4505 6.0
4506 335.0
4507 320.0
4508 203.0
4509 203.0
4510 376.0
4511 201.0
4512 103.0
4513 316.0
4514 411.0
4515 401.0
4516 273.0
4517 41.0
4518 204.0
4519 38.0
4520 0.0
4521 204.0
4522 204.0
4523 0.0
4524 203.0
4525 204.0
4526 267.0
4527 203.0
4528 253.0
4529 0.0
4530 203.0
4531 221.0
4532 209.0
4533 466.0
4534 504.0
4535 470.0
4536 253.0
4537 203.0
4538 336.0
4539 504.0
4540 360.0
4541 360.0
4542 357.0
4543 159.0
4544 365.0
4545 0.0
4546 334.0
4547 169.0
4548 0.0
4549 340.0
4550 331.0
4551 322.0
4552 0.0
4553 321.0
4554 0.0
4555 6.0
4556 6.0
4557 322.0
4558 320.0
4559 235.0
4560 203.0
4561 376.0
4562 201.0
4563 49.0
4564 182.0
4565 411.0
4566 203.0
4567 197.0
4568 337.0
4569 203.0
4570 38.0
4571 0.0
4572 204.0
4573 204.0
4574 245.0
4575 203.0
4576 231.0
4577 267.0
4578 203.0
4579 204.0
4580 54.0
4581 203.0
4582 256.0
4583 32.0
4584 0.0
4585 203.0
4586 253.0
4587 499.0
4588 161.0
4589 337.0
4590 504.0
4591 360.0
4592 360.0
4593 360.0
4594 329.0
4595 322.0
4596 157.0
4597 335.0
4598 334.0
4599 334.0
4600 340.0
4601 340.0
4602 328.0
4603 0.0
4604 340.0
4605 330.0
4606 334.0
4607 334.0
4608 335.0
4609 335.0
4610 203.0
4611 203.0
4612 393.0
4613 203.0
4614 38.0
4615 374.0
4616 411.0
4617 203.0
4618 410.0
4619 203.0
4620 0.0
4621 38.0
4622 203.0
4623 204.0
4624 245.0
4625 203.0
4626 203.0
4627 203.0
4628 253.0
4629 33.0
4630 267.0
4631 203.0
4632 332.0
4633 221.0
4634 203.0
4635 0.0
4636 493.0
4637 267.0
4638 203.0
4639 6.0
4640 344.0
4641 504.0
4642 360.0
4643 360.0
4644 360.0
4645 329.0
4646 322.0
4647 197.0
4648 350.0
4649 334.0
4650 334.0
4651 0.0
4652 340.0
4653 6.0
4654 0.0
4655 340.0
4656 333.0
4657 331.0
4658 334.0
4659 334.0
4660 0.0
4661 203.0
4662 203.0
4663 393.0
4664 203.0
4665 203.0
4666 411.0
4667 411.0
4668 411.0
4669 153.0
4670 203.0
4671 33.0
4672 38.0
4673 0.0
4674 245.0
4675 223.0
4676 32.0
4677 203.0
4678 253.0
4679 267.0
4680 203.0
4681 231.0
4682 0.0
4683 203.0
4684 221.0
4685 221.0
4686 49.0
4687 493.0
4688 504.0
4689 203.0
4690 1.0
4691 360.0
4692 504.0
4693 360.0
4694 360.0
4695 357.0
4696 187.0
4697 365.0
4698 157.0
4699 349.0
4700 98.0
4701 0.0
4702 340.0
4703 330.0
4704 326.0
4705 0.0
4706 333.0
4707 333.0
4708 6.0
4709 0.0
4710 32.0
4711 320.0
4712 203.0
4713 49.0
4714 376.0
4715 38.0
4716 187.0
4717 266.0
4718 411.0
4719 203.0
4720 411.0
4721 256.0
4722 0.0
4723 203.0
4724 0.0
4725 33.0
4726 245.0
4727 203.0
4728 203.0
4729 267.0
4730 267.0
4731 33.0
4732 256.0
4733 203.0
4734 203.0
4735 221.0
4736 32.0
4737 49.0
4738 504.0
4739 308.0
4740 499.0
4741 203.0
4742 336.0
4743 504.0
4744 360.0
4745 360.0
4746 357.0
4747 159.0
4748 365.0
4749 157.0
4750 335.0
4751 350.0
4752 334.0
4753 340.0
4754 340.0
4755 321.0
4756 0.0
4757 340.0
4758 331.0
4759 331.0
4760 6.0
4761 335.0
4762 324.0
4763 235.0
4764 145.0
4765 376.0
4766 376.0
4767 49.0
4768 266.0
4769 411.0
4770 203.0
4771 197.0
4772 214.0
4773 203.0
4774 38.0
4775 6.0
4776 267.0
4777 245.0
4778 203.0
4779 204.0
4780 267.0
4781 253.0
4782 32.0
4783 204.0
4784 256.0
4785 203.0
4786 311.0
4787 0.0
4788 32.0
4789 504.0
4790 493.0
4791 499.0
4792 203.0
4793 360.0
4794 504.0
4795 360.0
4796 360.0
4797 360.0
4798 329.0
4799 322.0
4800 196.0
4801 350.0
4802 331.0
4803 334.0
4804 6.0
4805 340.0
4806 0.0
4807 0.0
4808 340.0
4809 340.0
4810 6.0
4811 334.0
4812 334.0
4813 19.0
4814 203.0
4815 398.0
4816 393.0
4817 203.0
4818 49.0
4819 207.0
4820 411.0
4821 194.0
4822 197.0
4823 203.0
4824 32.0
4825 38.0
4826 33.0
4827 203.0
4828 245.0
4829 203.0
4830 203.0
4831 253.0
4832 253.0
4833 33.0
4834 507.0
4835 203.0
4836 203.0
4837 203.0
4838 210.0
4839 191.0
4840 493.0
4841 492.0
4842 203.0
4843 203.0
4844 357.0
4845 507.0
4846 360.0
4847 360.0
4848 360.0
4849 321.0
4850 365.0
4851 197.0
4852 350.0
4853 38.0
4854 6.0
4855 340.0
4856 340.0
4857 0.0
4858 0.0
4859 340.0
4860 330.0
4861 322.0
4862 308.0
4863 322.0
4864 196.0
4865 256.0
4866 205.0
4867 427.0
4868 203.0
4869 198.0
4870 411.0
4871 411.0
4872 374.0
4873 398.0
4874 203.0
4875 0.0
4876 264.0
4877 240.0
4878 33.0
4879 311.0
4880 25.0
4881 203.0
4882 253.0
4883 267.0
4884 203.0
4885 203.0
4886 215.0
4887 203.0
4888 256.0
4889 293.0
4890 191.0
4891 504.0
4892 308.0
4893 203.0
4894 180.0
4895 357.0
4896 507.0
4897 360.0
4898 360.0
4899 357.0
4900 329.0
4901 365.0
4902 157.0
4903 335.0
4904 334.0
4905 157.0
4906 331.0
4907 340.0
4908 322.0
4909 0.0
4910 340.0
4911 340.0
4912 0.0
4913 6.0
4914 334.0
4915 320.0
4916 203.0
4917 201.0
4918 376.0
4919 203.0
4920 103.0
4921 182.0
4922 411.0
4923 203.0
4924 317.0
4925 397.0
4926 203.0
4927 203.0
4928 213.0
4929 33.0
4930 267.0
4931 203.0
4932 203.0
4933 267.0
4934 240.0
4935 224.0
4936 33.0
4937 204.0
4938 203.0
4939 332.0
4940 292.0
4941 3.0
4942 504.0
4943 308.0
4944 499.0
4945 203.0
4946 335.0
4947 507.0
4948 360.0
4949 360.0
4950 357.0
4951 344.0
4952 365.0
4953 157.0
4954 350.0
4955 330.0
4956 331.0
4957 157.0
4958 340.0
4959 326.0
4960 0.0
4961 340.0
4962 333.0
4963 328.0
4964 334.0
4965 334.0
4966 6.0
4967 275.0
4968 207.0
4969 376.0
4970 411.0
4971 38.0
4972 216.0
4973 411.0
4974 203.0
4975 317.0
4976 203.0
4977 38.0
4978 38.0
4979 245.0
4980 33.0
4981 311.0
4982 0.0
4983 203.0
4984 267.0
4985 203.0
4986 30.0
4987 408.0
4988 408.0
4989 203.0
4990 221.0
4991 257.0
4992 504.0
4993 493.0
4994 504.0
4995 504.0
4996 203.0
4997 360.0
4998 507.0
4999 360.0
5000 360.0
5001 360.0
5002 344.0
5003 322.0
5004 197.0
5005 350.0
5006 157.0
5007 157.0
5008 340.0
5009 340.0
5010 0.0
5011 328.0
5012 340.0
5013 340.0
5014 201.0
5015 322.0
5016 329.0
5017 0.0
5018 204.0
5019 276.0
5020 393.0
5021 203.0
5022 38.0
5023 316.0
5024 411.0
5025 203.0
5026 411.0
5027 181.0
5028 38.0
5029 38.0
5030 231.0
5031 33.0
5032 245.0
5033 32.0
5034 203.0
5035 253.0
5036 253.0
5037 0.0
5038 263.0
5039 33.0
5040 204.0
5041 256.0
5042 300.0
5043 191.0
5044 493.0
5045 267.0
5046 203.0
5047 6.0
5048 360.0
5049 507.0
5050 357.0
5051 360.0
5052 360.0
5053 349.0
5054 322.0
5055 197.0
5056 350.0
5057 0.0
5058 0.0
5059 340.0
5060 340.0
5061 6.0
5062 0.0
5063 333.0
5064 330.0
5065 0.0
5066 6.0
5067 6.0
5068 0.0
5069 203.0
5070 398.0
5071 393.0
5072 201.0
5073 203.0
5074 203.0
5075 411.0
5076 203.0
5077 411.0
5078 393.0
5079 180.0
5080 203.0
5081 245.0
5082 33.0
5083 311.0
5084 203.0
5085 267.0
5086 204.0
5087 245.0
5088 203.0
5089 214.0
5090 204.0
5091 256.0
5092 332.0
5093 209.0
5094 201.0
5095 203.0
5096 294.0
5097 499.0
5098 203.0
5099 360.0
5100 507.0
