1 0.0
2 0.0
3 30.0
4 32.0
5 0.0
6 0.0
7 103.0
8 0.0
9 33.0
10 25.0
11 30.0
12 32.0
13 0.0
14 0.0
15 0.0
16 0.0
17 0.0
18 32.0
19 30.0
20 0.0
21 0.0
22 25.0
23 0.0
24 0.0
25 32.0
26 0.0
27 32.0
28 32.0
29 0.0
30 0.0
31 0.0
32 30.0
33 0.0
34 32.0
35 0.0
36 0.0
37 32.0
38 30.0
39 0.0
40 158.0
41 25.0
42 14.0
43 0.0
44 0.0
45 0.0
46 30.0
47 0.0
48 30.0
49 203.0
50 0.0
51 33.0
52 32.0
53 0.0
54 32.0
55 30.0
56 30.0
57 0.0
58 98.0
59 160.0
60 0.0
61 32.0
62 0.0
63 32.0
64 203.0
65 98.0
66 32.0
67 0.0
68 0.0
69 32.0
70 30.0
71 0.0
72 25.0
73 25.0
74 98.0
75 0.0
76 25.0
77 0.0
78 38.0
79 0.0
80 0.0
81 32.0
82 32.0
83 0.0
84 204.0
85 25.0
86 169.0
87 30.0
88 1.0
89 0.0
90 0.0
91 32.0
92 32.0
93 38.0
94 32.0
95 203.0
96 203.0
97 11.0
98 0.0
99 6.0
100 0.0
101 0.0
102 31.0
103 0.0
104 204.0
105 0.0
106 0.0
107 32.0
108 0.0
109 103.0
110 203.0
111 0.0
112 0.0
113 0.0
114 30.0
115 0.0
116 0.0
117 0.0
118 1.0
119 0.0
120 0.0
121 0.0
122 32.0
123 0.0
124 0.0
125 32.0
126 0.0
127 0.0
128 0.0
129 32.0
130 32.0
131 0.0
132 0.0
133 32.0
134 0.0
135 0.0
136 32.0
137 0.0
138 32.0
139 2.0
140 33.0
141 0.0
142 25.0
143 0.0
144 104.0
145 0.0
146 25.0
147 32.0
148 0.0
149 0.0
150 32.0
151 1.0
152 0.0
153 0.0
154 204.0
155 0.0
156 0.0
157 0.0
158 19.0
159 0.0
160 0.0
161 0.0
162 0.0
163 32.0
164 0.0
165 0.0
166 32.0
167 30.0
168 30.0
169 0.0
170 0.0
171 203.0
172 0.0
173 0.0
174 38.0
175 1.0
176 0.0
177 104.0
178 203.0
179 33.0
180 30.0
181 32.0
182 33.0
183 0.0
184 93.0
185 109.0
186 0.0
187 104.0
188 203.0
189 114.0
190 0.0
191 0.0
192 185.0
193 30.0
194 0.0
195 0.0
196 0.0
197 30.0
198 19.0
199 32.0
200 0.0
201 33.0
202 204.0
203 0.0
204 32.0
205 203.0
206 0.0
207 203.0
208 32.0
209 0.0
210 0.0
211 0.0
212 0.0
213 30.0
214 30.0
215 14.0
216 0.0
217 204.0
218 0.0
219 20.0
220 203.0
221 1.0
222 0.0
223 0.0
224 0.0
225 0.0
226 203.0
227 104.0
228 30.0
229 32.0
230 103.0
231 30.0
232 32.0
233 0.0
234 0.0
235 30.0
236 32.0
237 203.0
238 203.0
239 30.0
240 31.0
241 0.0
242 0.0
243 32.0
244 30.0
245 0.0
246 0.0
247 30.0
248 98.0
249 0.0
250 0.0
251 191.0
252 30.0
253 30.0
254 0.0
255 0.0
256 44.0
257 30.0
258 30.0
259 32.0
260 1.0
261 98.0
262 0.0
263 0.0
264 33.0
265 0.0
266 1.0
267 32.0
268 25.0
269 38.0
270 49.0
271 38.0
272 32.0
273 0.0
274 0.0
275 98.0
276 0.0
277 0.0
278 32.0
279 0.0
280 1.0
281 0.0
282 204.0
283 0.0
284 32.0
285 0.0
286 0.0
287 0.0
288 32.0
289 30.0
290 32.0
291 0.0
292 19.0
293 204.0
294 30.0
295 0.0
296 0.0
297 0.0
298 0.0
299 33.0
300 0.0
301 204.0
302 109.0
303 0.0
304 25.0
305 104.0
306 32.0
307 32.0
308 203.0
309 204.0
310 186.0
311 38.0
312 32.0
313 1.0
314 0.0
315 87.0
316 204.0
317 204.0
318 0.0
319 203.0
320 164.0
321 109.0
322 30.0
323 30.0
324 0.0
325 6.0
326 104.0
327 32.0
328 204.0
329 103.0
330 0.0
331 204.0
332 104.0
333 1.0
334 1.0
335 203.0
336 203.0
337 0.0
338 38.0
339 109.0
340 32.0
341 169.0
342 204.0
343 0.0
344 32.0
345 6.0
346 32.0
347 204.0
348 203.0
349 203.0
350 203.0
351 0.0
352 203.0
353 204.0
354 0.0
355 32.0
356 32.0
357 30.0
358 0.0
359 109.0
360 33.0
361 30.0
362 33.0
363 30.0
364 98.0
365 204.0
366 204.0
367 0.0
368 180.0
369 0.0
370 32.0
371 0.0
372 25.0
373 203.0
374 33.0
375 0.0
376 158.0
377 25.0
378 32.0
379 33.0
380 32.0
381 0.0
382 203.0
383 203.0
384 0.0
385 0.0
386 33.0
387 204.0
388 203.0
389 203.0
390 0.0
391 104.0
392 32.0
393 30.0
394 33.0
395 32.0
396 0.0
397 203.0
398 0.0
399 0.0
400 33.0
401 14.0
402 251.0
403 0.0
404 0.0
405 32.0
406 204.0
407 109.0
408 32.0
409 32.0
410 203.0
411 33.0
412 98.0
413 32.0
414 203.0
415 1.0
416 38.0
417 38.0
418 0.0
419 49.0
420 38.0
421 32.0
422 92.0
423 33.0
424 104.0
425 38.0
426 0.0
427 204.0
428 164.0
429 0.0
430 109.0
431 203.0
432 0.0
433 203.0
434 25.0
435 174.0
436 204.0
437 174.0
438 0.0
439 0.0
440 203.0
441 203.0
442 104.0
443 203.0
444 33.0
445 32.0
446 32.0
447 33.0
448 104.0
449 103.0
450 204.0
451 32.0
452 203.0
453 98.0
454 30.0
455 33.0
456 98.0
457 25.0
458 0.0
459 19.0
460 25.0
461 98.0
462 38.0
463 98.0
464 32.0
465 204.0
466 32.0
467 0.0
468 32.0
469 33.0
470 32.0
471 98.0
472 204.0
473 109.0
474 191.0
475 0.0
476 30.0
477 203.0
478 204.0
479 32.0
480 109.0
481 1.0
482 32.0
483 98.0
484 32.0
485 33.0
486 98.0
487 32.0
488 203.0
489 203.0
490 32.0
491 103.0
492 1.0
493 32.0
494 32.0
495 109.0
496 32.0
497 0.0
498 32.0
499 109.0
500 204.0
501 180.0
502 0.0
503 43.0
504 33.0
505 203.0
506 32.0
507 158.0
508 204.0
509 30.0
510 32.0
511 38.0
512 92.0
513 104.0
514 32.0
515 33.0
516 203.0
517 204.0
518 204.0
519 204.0
520 203.0
521 33.0
522 204.0
523 203.0
524 98.0
525 0.0
526 203.0
527 0.0
528 104.0
529 30.0
530 0.0
531 203.0
532 0.0
533 174.0
534 169.0
535 0.0
536 0.0
537 185.0
538 33.0
539 1.0
540 180.0
541 203.0
542 25.0
543 0.0
544 203.0
545 104.0
546 203.0
547 32.0
548 204.0
549 104.0
550 33.0
551 174.0
552 185.0
553 33.0
554 32.0
555 32.0
556 169.0
557 109.0
558 180.0
559 204.0
560 32.0
561 104.0
562 186.0
563 33.0
564 32.0
565 49.0
566 203.0
567 33.0
568 203.0
569 0.0
570 204.0
571 204.0
572 0.0
573 104.0
574 204.0
575 203.0
576 0.0
577 203.0
578 0.0
579 203.0
580 203.0
581 33.0
582 32.0
583 204.0
584 30.0
585 32.0
586 32.0
587 0.0
588 32.0
589 204.0
590 203.0
591 49.0
592 30.0
593 32.0
594 104.0
595 1.0
596 104.0
597 0.0
598 32.0
599 203.0
600 0.0
601 0.0
602 251.0
603 32.0
604 0.0
605 33.0
606 109.0
607 203.0
608 30.0
609 204.0
610 33.0
611 180.0
612 44.0
613 0.0
614 33.0
615 0.0
616 30.0
617 0.0
618 38.0
619 169.0
620 204.0
621 98.0
622 174.0
623 0.0
624 33.0
625 32.0
626 104.0
627 32.0
628 174.0
629 32.0
630 98.0
631 0.0
632 0.0
633 93.0
634 33.0
635 30.0
636 104.0
637 32.0
638 32.0
639 0.0
640 203.0
641 104.0
642 109.0
643 25.0
644 30.0
645 30.0
646 6.0
647 174.0
648 203.0
649 33.0
650 38.0
651 32.0
652 30.0
653 33.0
654 32.0
655 38.0
656 174.0
657 30.0
658 104.0
659 0.0
660 174.0
661 203.0
662 0.0
663 33.0
664 33.0
665 98.0
666 120.0
667 109.0
668 0.0
669 32.0
670 180.0
671 32.0
672 30.0
673 30.0
674 25.0
675 33.0
676 33.0
677 32.0
678 25.0
679 0.0
680 38.0
681 32.0
682 0.0
683 204.0
684 33.0
685 204.0
686 174.0
687 104.0
688 0.0
689 32.0
690 0.0
691 38.0
692 174.0
693 38.0
694 98.0
695 38.0
696 0.0
697 0.0
698 98.0
699 0.0
700 1.0
701 34.0
702 0.0
703 204.0
704 33.0
705 174.0
706 33.0
707 33.0
708 25.0
709 0.0
710 33.0
711 98.0
712 30.0
713 32.0
714 25.0
715 32.0
716 0.0
717 38.0
718 49.0
719 0.0
720 49.0
721 0.0
722 32.0
723 98.0
724 32.0
725 174.0
726 169.0
727 0.0
728 33.0
729 30.0
730 169.0
731 109.0
732 104.0
733 0.0
734 32.0
735 0.0
736 174.0
737 174.0
738 32.0
739 32.0
740 0.0
741 104.0
742 33.0
743 98.0
744 204.0
745 32.0
746 104.0
747 174.0
748 0.0
749 104.0
750 32.0
751 32.0
752 32.0
753 38.0
754 32.0
755 0.0
756 174.0
757 98.0
758 25.0
759 174.0
760 19.0
761 0.0
762 33.0
763 32.0
764 32.0
765 38.0
766 32.0
767 32.0
768 32.0
769 109.0
770 32.0
771 32.0
772 32.0
773 203.0
774 174.0
775 0.0
776 33.0
777 169.0
778 33.0
779 203.0
780 33.0
781 180.0
782 32.0
783 30.0
784 33.0
785 32.0
786 33.0
787 174.0
788 32.0
789 0.0
790 38.0
791 104.0
792 33.0
793 0.0
794 0.0
795 0.0
796 0.0
797 32.0
798 174.0
799 32.0
800 98.0
801 0.0
802 236.0
803 32.0
804 38.0
805 114.0
806 33.0
807 251.0
808 32.0
809 185.0
810 32.0
811 174.0
812 32.0
813 87.0
814 32.0
815 104.0
816 33.0
817 33.0
818 109.0
819 203.0
820 25.0
821 203.0
822 203.0
823 0.0
824 0.0
825 25.0
826 38.0
827 43.0
828 0.0
829 32.0
830 25.0
831 93.0
832 33.0
833 31.0
834 109.0
835 25.0
836 33.0
837 0.0
838 0.0
839 104.0
840 203.0
841 98.0
842 32.0
843 33.0
844 32.0
845 38.0
846 104.0
847 203.0
848 32.0
849 204.0
850 98.0
851 30.0
852 87.0
853 109.0
854 174.0
855 33.0
856 169.0
857 32.0
858 120.0
859 32.0
860 203.0
861 251.0
862 174.0
863 191.0
864 0.0
865 33.0
866 49.0
867 38.0
868 30.0
869 32.0
870 174.0
871 12.0
872 104.0
873 174.0
874 33.0
875 32.0
876 164.0
877 104.0
878 174.0
879 33.0
880 203.0
881 33.0
882 30.0
883 32.0
884 174.0
885 0.0
886 169.0
887 203.0
888 98.0
889 33.0
890 0.0
891 174.0
892 104.0
893 180.0
894 32.0
895 174.0
896 203.0
897 25.0
898 0.0
899 33.0
900 32.0
901 30.0
902 0.0
903 251.0
904 0.0
905 169.0
906 204.0
907 197.0
908 104.0
909 32.0
910 169.0
911 209.0
912 174.0
913 279.0
914 32.0
915 1.0
916 0.0
917 30.0
918 104.0
919 203.0
920 32.0
921 0.0
922 169.0
923 32.0
924 0.0
925 0.0
926 32.0
927 0.0
928 174.0
929 32.0
930 0.0
931 104.0
932 0.0
933 203.0
934 32.0
935 169.0
936 32.0
937 204.0
938 174.0
939 32.0
940 251.0
941 203.0
942 174.0
943 169.0
944 30.0
945 30.0
946 180.0
947 33.0
948 180.0
949 174.0
950 104.0
951 174.0
952 0.0
953 0.0
954 33.0
955 30.0
956 6.0
957 169.0
958 0.0
959 0.0
960 0.0
961 164.0
962 203.0
963 32.0
964 203.0
965 0.0
966 98.0
967 115.0
968 180.0
969 0.0
970 185.0
971 33.0
972 32.0
973 0.0
974 0.0
975 174.0
976 33.0
977 31.0
978 0.0
979 204.0
980 0.0
981 203.0
982 44.0
983 0.0
984 32.0
985 32.0
986 204.0
987 104.0
988 0.0
989 104.0
990 32.0
991 174.0
992 251.0
993 0.0
994 32.0
995 98.0
996 0.0
997 0.0
998 203.0
999 203.0
1000 38.0
1001 1.0
1002 0.0
1003 0.0
1004 174.0
1005 33.0
1006 180.0
1007 0.0
1008 207.0
1009 25.0
1010 0.0
1011 32.0
1012 204.0
1013 174.0
1014 203.0
1015 30.0
1016 203.0
1017 251.0
1018 0.0
1019 49.0
1020 0.0
1021 32.0
1022 203.0
1023 32.0
1024 177.0
1025 32.0
1026 174.0
1027 174.0
1028 98.0
1029 0.0
1030 93.0
1031 30.0
1032 104.0
1033 30.0
1034 25.0
1035 174.0
1036 33.0
1037 0.0
1038 204.0
1039 169.0
1040 38.0
1041 98.0
1042 204.0
1043 0.0
1044 204.0
1045 32.0
1046 32.0
1047 33.0
1048 32.0
1049 32.0
1050 32.0
1051 32.0
1052 103.0
1053 32.0
1054 0.0
1055 204.0
1056 0.0
1057 169.0
1058 33.0
1059 0.0
1060 180.0
1061 0.0
1062 25.0
1063 104.0
1064 0.0
1065 0.0
1066 203.0
1067 0.0
1068 31.0
1069 32.0
1070 174.0
1071 0.0
1072 32.0
1073 30.0
1074 0.0
1075 174.0
1076 251.0
1077 174.0
1078 32.0
1079 0.0
1080 43.0
1081 0.0
1082 180.0
1083 38.0
1084 32.0
1085 32.0
1086 32.0
1087 169.0
1088 0.0
1089 0.0
1090 104.0
1091 174.0
1092 33.0
1093 0.0
1094 1.0
1095 115.0
1096 32.0
1097 6.0
1098 32.0
1099 0.0
1100 32.0
1101 0.0
1102 0.0
1103 0.0
1104 32.0
1105 33.0
1106 185.0
1107 203.0
1108 32.0
1109 174.0
1110 33.0
1111 32.0
1112 6.0
1113 174.0
1114 92.0
1115 204.0
1116 33.0
1117 93.0
1118 32.0
1119 0.0
1120 32.0
1121 33.0
1122 203.0
1123 174.0
1124 32.0
1125 0.0
1126 25.0
1127 204.0
1128 114.0
1129 1.0
1130 30.0
1131 25.0
1132 103.0
1133 203.0
1134 32.0
1135 240.0
1136 204.0
1137 33.0
1138 0.0
1139 186.0
1140 32.0
1141 0.0
1142 180.0
1143 32.0
1144 33.0
1145 30.0
1146 0.0
1147 104.0
1148 1.0
1149 0.0
1150 164.0
1151 98.0
1152 25.0
1153 32.0
1154 109.0
1155 169.0
1156 32.0
1157 0.0
1158 203.0
1159 114.0
1160 174.0
1161 109.0
1162 33.0
1163 164.0
1164 169.0
1165 174.0
1166 164.0
1167 38.0
1168 0.0
1169 33.0
1170 180.0
1171 203.0
1172 251.0
1173 203.0
1174 32.0
1175 0.0
1176 174.0
1177 0.0
1178 0.0
1179 203.0
1180 0.0
1181 32.0
1182 0.0
1183 0.0
1184 38.0
1185 204.0
1186 30.0
1187 33.0
1188 180.0
1189 0.0
1190 38.0
1191 104.0
1192 222.0
1193 204.0
1194 180.0
1195 103.0
1196 169.0
1197 174.0
1198 0.0
1199 0.0
1200 174.0
1201 32.0
1202 32.0
1203 169.0
1204 279.0
1205 33.0
1206 180.0
1207 186.0
1208 251.0
1209 203.0
1210 32.0
1211 203.0
1212 186.0
1213 188.0
1214 180.0
1215 186.0
1216 191.0
1217 38.0
1218 32.0
1219 203.0
1220 204.0
1221 203.0
1222 203.0
1223 191.0
1224 191.0
1225 0.0
1226 25.0
1227 109.0
1228 191.0
1229 191.0
1230 280.0
1231 180.0
1232 203.0
1233 0.0
1234 32.0
1235 32.0
1236 191.0
1237 180.0
1238 180.0
1239 180.0
1240 203.0
1241 191.0
1242 251.0
1243 251.0
1244 25.0
1245 180.0
1246 32.0
1247 33.0
1248 186.0
1249 186.0
1250 245.0
1251 180.0
1252 203.0
1253 0.0
1254 30.0
1255 203.0
1256 180.0
1257 38.0
1258 186.0
1259 30.0
1260 32.0
1261 186.0
1262 49.0
1263 38.0
1264 204.0
1265 203.0
1266 180.0
1267 25.0
1268 203.0
1269 104.0
1270 0.0
1271 38.0
1272 1.0
1273 251.0
1274 0.0
1275 180.0
1276 203.0
1277 186.0
1278 1.0
1279 0.0
1280 203.0
1281 38.0
1282 38.0
1283 44.0
1284 33.0
1285 180.0
1286 251.0
1287 32.0
1288 180.0
1289 252.0
1290 191.0
1291 204.0
1292 203.0
1293 186.0
1294 175.0
1295 6.0
1296 93.0
1297 33.0
1298 104.0
1299 174.0
1300 109.0
1301 186.0
1302 38.0
1303 0.0
1304 44.0
1305 279.0
1306 274.0
1307 186.0
1308 186.0
1309 186.0
1310 180.0
1311 33.0
1312 180.0
1313 186.0
1314 32.0
1315 38.0
1316 180.0
1317 204.0
1318 252.0
1319 14.0
1320 191.0
1321 0.0
1322 180.0
1323 186.0
1324 104.0
1325 186.0
1326 38.0
1327 174.0
1328 25.0
1329 180.0
1330 186.0
1331 186.0
1332 186.0
1333 38.0
1334 203.0
1335 32.0
1336 203.0
1337 38.0
1338 203.0
1339 204.0
1340 251.0
1341 44.0
1342 109.0
1343 186.0
1344 0.0
1345 25.0
1346 174.0
1347 32.0
1348 32.0
1349 186.0
1350 25.0
1351 191.0
1352 204.0
1353 180.0
1354 180.0
1355 203.0
1356 203.0
1357 0.0
1358 25.0
1359 0.0
1360 30.0
1361 186.0
1362 191.0
1363 25.0
1364 32.0
1365 185.0
1366 0.0
1367 32.0
1368 203.0
1369 32.0
1370 44.0
1371 33.0
1372 38.0
1373 6.0
1374 30.0
1375 203.0
1376 180.0
1377 174.0
1378 191.0
1379 32.0
1380 203.0
1381 252.0
1382 0.0
1383 38.0
1384 413.0
1385 191.0
1386 98.0
1387 38.0
1388 33.0
1389 273.0
1390 203.0
1391 204.0
1392 204.0
1393 186.0
1394 363.0
1395 25.0
1396 109.0
1397 32.0
1398 204.0
1399 25.0
1400 443.0
1401 98.0
1402 38.0
1403 186.0
1404 186.0
1405 180.0
1406 180.0
1407 180.0
1408 203.0
1409 186.0
1410 191.0
1411 32.0
1412 30.0
1413 180.0
1414 186.0
1415 32.0
1416 32.0
1417 251.0
1418 38.0
1419 32.0
1420 186.0
1421 204.0
1422 180.0
1423 174.0
1424 280.0
1425 180.0
1426 204.0
1427 0.0
1428 186.0
1429 38.0
1430 0.0
1431 38.0
1432 25.0
1433 180.0
1434 191.0
1435 191.0
1436 32.0
1437 33.0
1438 252.0
1439 0.0
1440 180.0
1441 38.0
1442 180.0
1443 0.0
1444 251.0
1445 251.0
1446 0.0
1447 204.0
1448 32.0
1449 33.0
1450 0.0
1451 180.0
1452 98.0
1453 203.0
1454 203.0
1455 43.0
1456 252.0
1457 364.0
1458 169.0
1459 38.0
1460 274.0
1461 174.0
1462 49.0
1463 186.0
1464 0.0
1465 191.0
1466 49.0
1467 186.0
1468 186.0
1469 191.0
1470 180.0
1471 443.0
1472 185.0
1473 0.0
1474 413.0
1475 191.0
1476 33.0
1477 32.0
1478 186.0
1479 87.0
1480 180.0
1481 32.0
1482 204.0
1483 180.0
1484 1.0
1485 33.0
1486 191.0
1487 204.0
1488 180.0
1489 186.0
1490 38.0
1491 191.0
1492 32.0
1493 6.0
1494 191.0
1495 0.0
1496 180.0
1497 203.0
1498 180.0
1499 32.0
1500 0.0
1501 413.0
1502 203.0
1503 203.0
1504 109.0
1505 443.0
1506 25.0
1507 169.0
1508 186.0
1509 252.0
1510 203.0
1511 32.0
1512 203.0
1513 180.0
1514 251.0
1515 204.0
1516 413.0
1517 38.0
1518 33.0
1519 33.0
1520 204.0
1521 204.0
1522 204.0
1523 203.0
1524 202.0
1525 204.0
1526 38.0
1527 175.0
1528 203.0
1529 363.0
1530 251.0
1531 204.0
1532 0.0
1533 204.0
1534 6.0
1535 203.0
1536 180.0
1537 204.0
1538 252.0
1539 204.0
1540 109.0
1541 203.0
1542 174.0
1543 252.0
1544 204.0
1545 114.0
1546 104.0
1547 32.0
1548 25.0
1549 180.0
1550 204.0
1551 191.0
1552 186.0
1553 251.0
1554 38.0
1555 30.0
1556 186.0
1557 180.0
1558 203.0
1559 180.0
1560 32.0
1561 196.0
1562 32.0
1563 180.0
1564 38.0
1565 186.0
1566 180.0
1567 203.0
1568 169.0
1569 186.0
1570 180.0
1571 186.0
1572 413.0
1573 204.0
1574 32.0
1575 0.0
1576 169.0
1577 14.0
1578 204.0
1579 391.0
1580 0.0
1581 251.0
1582 413.0
1583 251.0
1584 186.0
1585 0.0
1586 191.0
1587 251.0
1588 204.0
1589 38.0
1590 38.0
1591 203.0
1592 204.0
1593 38.0
1594 186.0
1595 204.0
1596 32.0
1597 98.0
1598 191.0
1599 191.0
1600 203.0
1601 251.0
1602 443.0
1603 32.0
1604 252.0
1605 191.0
1606 203.0
1607 191.0
1608 251.0
1609 98.0
1610 363.0
1611 32.0
1612 291.0
1613 186.0
1614 280.0
1615 32.0
1616 180.0
1617 186.0
1618 191.0
1619 251.0
1620 251.0
1621 186.0
1622 0.0
1623 191.0
1624 203.0
1625 30.0
1626 38.0
1627 180.0
1628 186.0
1629 180.0
1630 252.0
1631 104.0
1632 186.0
1633 204.0
1634 180.0
1635 174.0
1636 191.0
1637 203.0
1638 203.0
1639 391.0
1640 180.0
1641 203.0
1642 32.0
1643 186.0
1644 279.0
1645 251.0
1646 180.0
1647 203.0
1648 44.0
1649 203.0
1650 38.0
1651 0.0
1652 251.0
1653 204.0
1654 251.0
1655 180.0
1656 186.0
1657 435.0
1658 0.0
1659 32.0
1660 203.0
1661 25.0
1662 186.0
1663 191.0
1664 25.0
1665 413.0
1666 43.0
1667 33.0
1668 204.0
1669 204.0
1670 33.0
1671 180.0
1672 204.0
1673 413.0
1674 33.0
1675 180.0
1676 204.0
1677 203.0
1678 413.0
1679 204.0
1680 180.0
1681 413.0
1682 203.0
1683 203.0
1684 204.0
1685 251.0
1686 93.0
1687 174.0
1688 33.0
1689 191.0
1690 186.0
1691 413.0
1692 204.0
1693 251.0
1694 186.0
1695 413.0
1696 204.0
1697 363.0
1698 30.0
1699 204.0
1700 44.0
1701 49.0
1702 32.0
1703 93.0
1704 186.0
1705 169.0
1706 251.0
1707 204.0
1708 174.0
1709 203.0
1710 186.0
1711 191.0
1712 203.0
1713 33.0
1714 204.0
1715 204.0
1716 38.0
1717 364.0
1718 204.0
1719 203.0
1720 204.0
1721 204.0
1722 252.0
1723 0.0
1724 203.0
1725 203.0
1726 32.0
1727 191.0
1728 0.0
1729 202.0
1730 186.0
1731 186.0
1732 180.0
1733 33.0
1734 174.0
1735 0.0
1736 204.0
1737 38.0
1738 0.0
1739 38.0
1740 0.0
1741 203.0
1742 203.0
1743 203.0
1744 33.0
1745 191.0
1746 203.0
1747 32.0
1748 363.0
1749 104.0
1750 186.0
1751 38.0
1752 203.0
1753 98.0
1754 191.0
1755 251.0
1756 180.0
1757 203.0
1758 186.0
1759 186.0
1760 186.0
1761 44.0
1762 180.0
1763 203.0
1764 14.0
1765 180.0
1766 191.0
1767 180.0
1768 204.0
1769 204.0
1770 38.0
1771 204.0
1772 363.0
1773 180.0
1774 204.0
1775 204.0
1776 363.0
1777 98.0
1778 204.0
1779 169.0
1780 104.0
1781 203.0
1782 32.0
1783 204.0
1784 180.0
1785 1.0
1786 191.0
1787 443.0
1788 252.0
1789 32.0
1790 180.0
1791 32.0
1792 191.0
1793 186.0
1794 6.0
1795 186.0
1796 180.0
1797 252.0
1798 251.0
1799 180.0
1800 180.0
1801 32.0
1802 413.0
1803 191.0
1804 164.0
1805 109.0
1806 443.0
1807 0.0
1808 413.0
1809 30.0
1810 251.0
1811 180.0
1812 32.0
1813 30.0
1814 186.0
1815 251.0
1816 186.0
1817 413.0
1818 191.0
1819 30.0
1820 251.0
1821 203.0
1822 252.0
1823 363.0
1824 203.0
1825 186.0
1826 251.0
1827 38.0
1828 203.0
1829 203.0
1830 363.0
1831 60.0
1832 180.0
1833 30.0
1834 252.0
1835 6.0
1836 1.0
1837 251.0
1838 251.0
1839 204.0
1840 104.0
1841 30.0
1842 443.0
1843 174.0
1844 204.0
1845 180.0
1846 0.0
1847 49.0
1848 0.0
1849 0.0
1850 203.0
1851 204.0
1852 251.0
1853 33.0
1854 251.0
1855 38.0
1856 30.0
1857 252.0
1858 14.0
1859 203.0
1860 32.0
1861 0.0
1862 0.0
1863 0.0
1864 180.0
1865 203.0
1866 204.0
1867 204.0
1868 204.0
1869 191.0
1870 203.0
1871 180.0
1872 38.0
1873 203.0
1874 204.0
1875 32.0
1876 0.0
1877 38.0
1878 204.0
1879 413.0
1880 363.0
1881 0.0
1882 38.0
1883 38.0
1884 30.0
1885 413.0
1886 0.0
1887 203.0
1888 443.0
1889 204.0
1890 30.0
1891 30.0
1892 33.0
1893 203.0
1894 186.0
1895 191.0
1896 204.0
1897 180.0
1898 186.0
1899 203.0
1900 180.0
1901 251.0
1902 203.0
1903 251.0
1904 191.0
1905 251.0
1906 191.0
1907 364.0
1908 203.0
1909 186.0
1910 30.0
1911 191.0
1912 191.0
1913 0.0
1914 191.0
1915 252.0
1916 0.0
1917 180.0
1918 191.0
1919 25.0
1920 251.0
1921 186.0
1922 186.0
1923 0.0
1924 280.0
1925 203.0
1926 251.0
1927 30.0
1928 49.0
1929 274.0
1930 191.0
1931 203.0
1932 180.0
1933 164.0
1934 363.0
1935 104.0
1936 180.0
1937 0.0
1938 30.0
1939 191.0
1940 180.0
1941 203.0
1942 251.0
1943 32.0
1944 38.0
1945 279.0
1946 191.0
1947 191.0
1948 203.0
1949 38.0
1950 180.0
1951 363.0
1952 32.0
1953 180.0
1954 38.0
1955 32.0
1956 38.0
1957 191.0
1958 251.0
1959 0.0
1960 32.0
1961 32.0
1962 251.0
1963 186.0
1964 0.0
1965 0.0
1966 251.0
1967 180.0
1968 49.0
1969 203.0
1970 175.0
1971 0.0
1972 186.0
1973 203.0
1974 191.0
1975 413.0
1976 180.0
1977 203.0
1978 251.0
1979 291.0
1980 251.0
1981 38.0
1982 180.0
1983 363.0
1984 251.0
1985 251.0
1986 251.0
1987 32.0
1988 204.0
1989 32.0
1990 191.0
1991 363.0
1992 391.0
1993 253.0
1994 251.0
1995 0.0
1996 253.0
1997 251.0
1998 363.0
1999 32.0
2000 443.0
2001 180.0
2002 2.0
2003 0.0
2004 33.0
2005 180.0
2006 33.0
2007 203.0
2008 203.0
2009 186.0
2010 203.0
2011 443.0
2012 174.0
2013 185.0
2014 98.0
2015 203.0
2016 413.0
2017 98.0
2018 191.0
2019 203.0
2020 185.0
2021 0.0
2022 203.0
2023 251.0
2024 32.0
2025 363.0
2026 203.0
2027 30.0
2028 191.0
2029 0.0
2030 203.0
2031 114.0
2032 191.0
2033 191.0
2034 0.0
2035 191.0
2036 0.0
2037 203.0
2038 32.0
2039 0.0
2040 174.0
2041 30.0
2042 191.0
2043 33.0
2044 204.0
2045 180.0
2046 269.0
2047 251.0
2048 32.0
2049 0.0
2050 32.0
2051 186.0
2052 38.0
2053 109.0
2054 103.0
2055 32.0
2056 252.0
2057 186.0
2058 203.0
2059 443.0
2060 204.0
2061 391.0
2062 204.0
2063 180.0
2064 33.0
2065 180.0
2066 0.0
2067 185.0
2068 180.0
2069 0.0
2070 55.0
2071 186.0
2072 363.0
2073 186.0
2074 0.0
2075 279.0
2076 203.0
2077 203.0
2078 104.0
2079 0.0
2080 25.0
2081 251.0
2082 104.0
2083 32.0
2084 251.0
2085 191.0
2086 180.0
2087 38.0
2088 204.0
2089 363.0
2090 38.0
2091 180.0
2092 32.0
2093 0.0
2094 191.0
2095 251.0
2096 153.0
2097 268.0
2098 186.0
2099 38.0
2100 180.0
2101 38.0
2102 38.0
2103 363.0
2104 180.0
2105 186.0
2106 114.0
2107 443.0
2108 6.0
2109 186.0
2110 203.0
2111 204.0
2112 204.0
2113 30.0
2114 0.0
2115 203.0
2116 30.0
2117 252.0
2118 279.0
2119 191.0
2120 0.0
2121 186.0
2122 383.0
2123 191.0
2124 180.0
2125 203.0
2126 204.0
2127 186.0
2128 38.0
2129 204.0
2130 186.0
2131 191.0
2132 186.0
2133 191.0
2134 109.0
2135 413.0
2136 32.0
2137 186.0
2138 204.0
2139 180.0
2140 251.0
2141 104.0
2142 32.0
2143 32.0
2144 252.0
2145 204.0
2146 180.0
2147 120.0
2148 180.0
2149 30.0
2150 33.0
2151 233.0
2152 180.0
2153 191.0
2154 251.0
2155 203.0
2156 0.0
2157 30.0
2158 38.0
2159 203.0
2160 191.0
2161 38.0
2162 30.0
2163 364.0
2164 0.0
2165 180.0
2166 203.0
2167 204.0
2168 203.0
2169 204.0
2170 203.0
2171 49.0
2172 32.0
2173 0.0
2174 186.0
2175 186.0
2176 32.0
2177 0.0
2178 38.0
2179 204.0
2180 413.0
2181 364.0
2182 30.0
2183 43.0
2184 44.0
2185 38.0
2186 180.0
2187 33.0
2188 32.0
2189 180.0
2190 0.0
2191 30.0
2192 203.0
2193 115.0
2194 174.0
2195 6.0
2196 364.0
2197 413.0
2198 6.0
2199 103.0
2200 186.0
2201 191.0
2202 203.0
2203 203.0
2204 186.0
2205 1.0
2206 252.0
2207 0.0
2208 225.0
2209 30.0
2210 251.0
2211 169.0
2212 186.0
2213 191.0
2214 186.0
2215 38.0
2216 280.0
2217 49.0
2218 203.0
2219 32.0
2220 25.0
2221 204.0
2222 0.0
2223 364.0
2224 32.0
2225 186.0
2226 32.0
2227 203.0
2228 33.0
2229 204.0
2230 191.0
2231 203.0
2232 180.0
2233 363.0
2234 186.0
2235 180.0
2236 109.0
2237 32.0
2238 413.0
2239 0.0
2240 191.0
2241 203.0
2242 186.0
2243 164.0
2244 44.0
2245 191.0
2246 186.0
2247 191.0
2248 203.0
2249 251.0
2250 44.0
2251 364.0
2252 180.0
2253 32.0
2254 174.0
2255 413.0
2256 251.0
2257 32.0
2258 33.0
2259 364.0
2260 0.0
2261 363.0
2262 0.0
2263 0.0
2264 186.0
2265 0.0
2266 25.0
2267 0.0
2268 191.0
2269 180.0
2270 32.0
2271 251.0
2272 0.0
2273 38.0
2274 180.0
2275 203.0
2276 251.0
2277 32.0
2278 204.0
2279 251.0
2280 413.0
2281 180.0
2282 180.0
2283 413.0
2284 363.0
2285 191.0
2286 186.0
2287 32.0
2288 93.0
2289 204.0
2290 32.0
2291 180.0
2292 363.0
2293 203.0
2294 0.0
2295 269.0
2296 180.0
2297 413.0
2298 180.0
2299 363.0
2300 103.0
2301 251.0
2302 32.0
2303 186.0
2304 186.0
2305 0.0
2306 30.0
2307 174.0
2308 38.0
2309 180.0
2310 180.0
2311 203.0
2312 280.0
2313 32.0
2314 180.0
2315 186.0
2316 203.0
2317 413.0
2318 32.0
2319 203.0
2320 202.0
2321 279.0
2322 253.0
2323 203.0
2324 180.0
2325 6.0
2326 413.0
2327 180.0
2328 0.0
2329 251.0
2330 25.0
2331 203.0
2332 114.0
2333 0.0
2334 413.0
2335 25.0
2336 1.0
2337 0.0
2338 180.0
2339 32.0
2340 32.0
2341 279.0
2342 180.0
2343 363.0
2344 38.0
2345 191.0
2346 0.0
2347 32.0
2348 33.0
2349 180.0
2350 363.0
2351 251.0
2352 0.0
2353 180.0
2354 224.0
2355 103.0
2356 279.0
2357 363.0
2358 180.0
2359 169.0
2360 191.0
2361 38.0
2362 180.0
2363 203.0
2364 98.0
2365 49.0
2366 38.0
2367 109.0
2368 186.0
2369 364.0
2370 191.0
2371 203.0
2372 180.0
2373 191.0
2374 363.0
2375 364.0
2376 180.0
2377 204.0
2378 413.0
2379 0.0
2380 32.0
2381 25.0
2382 291.0
2383 364.0
2384 0.0
2385 204.0
2386 0.0
2387 191.0
2388 38.0
2389 251.0
2390 204.0
2391 191.0
2392 191.0
2393 98.0
2394 30.0
2395 0.0
2396 204.0
2397 158.0
2398 0.0
2399 186.0
2400 203.0
2401 363.0
2402 180.0
2403 6.0
2404 33.0
2405 186.0
2406 32.0
2407 203.0
2408 443.0
2409 0.0
2410 186.0
2411 38.0
2412 251.0
2413 203.0
2414 32.0
2415 180.0
2416 33.0
2417 0.0
2418 180.0
2419 203.0
2420 413.0
2421 0.0
2422 203.0
2423 251.0
2424 252.0
2425 251.0
2426 33.0
2427 251.0
2428 33.0
2429 0.0
2430 180.0
2431 191.0
2432 191.0
2433 180.0
2434 203.0
2435 30.0
2436 269.0
2437 32.0
2438 186.0
2439 38.0
2440 203.0
2441 180.0
2442 180.0
2443 32.0
2444 204.0
2445 191.0
2446 251.0
2447 204.0
2448 180.0
2449 180.0
2450 32.0
2451 25.0
2452 413.0
2453 185.0
2454 251.0
2455 251.0
2456 363.0
2457 0.0
2458 30.0
2459 203.0
2460 180.0
2461 43.0
2462 0.0
2463 180.0
2464 169.0
2465 32.0
2466 191.0
2467 203.0
2468 1.0
2469 251.0
2470 204.0
2471 203.0
2472 204.0
2473 109.0
2474 186.0
2475 38.0
2476 204.0
2477 32.0
2478 0.0
2479 32.0
2480 204.0
2481 225.0
2482 204.0
2483 169.0
2484 185.0
2485 191.0
2486 33.0
2487 203.0
2488 252.0
2489 32.0
2490 413.0
2491 0.0
2492 203.0
2493 38.0
2494 180.0
2495 204.0
2496 32.0
2497 279.0
2498 186.0
2499 6.0
2500 191.0
2501 251.0
2502 180.0
2503 203.0
2504 180.0
2505 280.0
2506 363.0
2507 443.0
2508 0.0
2509 203.0
2510 0.0
2511 204.0
2512 180.0
2513 186.0
2514 186.0
2515 203.0
2516 191.0
2517 186.0
2518 0.0
2519 32.0
2520 191.0
2521 180.0
2522 251.0
2523 203.0
2524 191.0
2525 0.0
2526 191.0
2527 203.0
2528 204.0
2529 204.0
2530 32.0
2531 174.0
2532 186.0
2533 180.0
2534 363.0
2535 251.0
2536 191.0
2537 38.0
2538 104.0
2539 191.0
2540 203.0
2541 186.0
2542 186.0
2543 191.0
2544 203.0
2545 32.0
2546 32.0
2547 279.0
2548 0.0
2549 32.0
2550 251.0
2551 44.0
2552 32.0
2553 180.0
2554 191.0
2555 174.0
2556 413.0
2557 180.0
2558 191.0
2559 251.0
2560 279.0
2561 38.0
2562 258.0
2563 203.0
2564 0.0
2565 363.0
2566 191.0
2567 25.0
2568 252.0
2569 253.0
2570 32.0
2571 203.0
2572 204.0
2573 25.0
2574 413.0
2575 203.0
2576 291.0
2577 32.0
2578 32.0
2579 180.0
2580 186.0
2581 1.0
2582 364.0
2583 186.0
2584 203.0
2585 363.0
2586 413.0
2587 364.0
2588 413.0
2589 93.0
2590 0.0
2591 0.0
2592 191.0
2593 203.0
2594 203.0
2595 363.0
2596 251.0
2597 186.0
2598 203.0
2599 38.0
2600 180.0
2601 443.0
2602 413.0
2603 38.0
2604 49.0
2605 98.0
2606 0.0
2607 186.0
2608 240.0
2609 32.0
2610 191.0
2611 191.0
2612 203.0
2613 186.0
2614 191.0
2615 203.0
2616 30.0
2617 204.0
2618 413.0
2619 87.0
2620 186.0
2621 204.0
2622 30.0
2623 204.0
2624 251.0
2625 180.0
2626 38.0
2627 363.0
2628 203.0
2629 32.0
2630 203.0
2631 0.0
2632 203.0
2633 32.0
2634 0.0
2635 186.0
2636 0.0
2637 180.0
2638 49.0
2639 204.0
2640 38.0
2641 203.0
2642 204.0
2643 443.0
2644 203.0
2645 203.0
2646 413.0
2647 203.0
2648 443.0
2649 203.0
2650 30.0
2651 363.0
2652 180.0
2653 0.0
2654 0.0
2655 169.0
2656 98.0
2657 251.0
2658 364.0
2659 43.0
2660 203.0
2661 251.0
2662 204.0
2663 180.0
2664 114.0
2665 104.0
2666 0.0
2667 0.0
2668 0.0
2669 443.0
2670 186.0
2671 186.0
2672 55.0
2673 204.0
2674 251.0
2675 443.0
2676 191.0
2677 363.0
2678 251.0
2679 180.0
2680 32.0
2681 32.0
2682 186.0
2683 186.0
2684 180.0
2685 32.0
2686 203.0
2687 186.0
2688 191.0
2689 32.0
2690 191.0
2691 413.0
2692 186.0
2693 186.0
2694 180.0
2695 38.0
2696 186.0
2697 363.0
2698 204.0
2699 180.0
2700 180.0
2701 203.0
2702 413.0
2703 180.0
2704 180.0
2705 443.0
2706 203.0
2707 174.0
2708 114.0
2709 443.0
2710 25.0
2711 180.0
2712 204.0
2713 251.0
2714 443.0
2715 0.0
2716 180.0
2717 186.0
2718 413.0
2719 204.0
2720 363.0
2721 180.0
2722 33.0
2723 0.0
2724 203.0
2725 252.0
2726 204.0
2727 204.0
2728 204.0
2729 191.0
2730 185.0
2731 203.0
2732 38.0
2733 186.0
2734 413.0
2735 280.0
2736 280.0
2737 251.0
2738 0.0
2739 203.0
2740 180.0
2741 186.0
2742 413.0
2743 180.0
2744 32.0
2745 203.0
2746 38.0
2747 413.0
2748 413.0
2749 285.0
2750 203.0
2751 25.0
2752 25.0
2753 186.0
2754 180.0
2755 186.0
2756 0.0
2757 251.0
2758 203.0
2759 0.0
2760 180.0
2761 251.0
2762 180.0
2763 38.0
2764 32.0
2765 30.0
2766 32.0
2767 191.0
2768 251.0
2769 203.0
2770 38.0
2771 363.0
2772 363.0
2773 191.0
2774 186.0
2775 203.0
2776 49.0
2777 204.0
2778 0.0
2779 0.0
2780 363.0
2781 49.0
2782 204.0
2783 363.0
2784 169.0
2785 93.0
2786 32.0
2787 30.0
2788 363.0
2789 180.0
2790 180.0
2791 443.0
2792 32.0
2793 180.0
2794 32.0
2795 279.0
2796 204.0
2797 204.0
2798 203.0
2799 443.0
2800 413.0
2801 98.0
2802 191.0
2803 186.0
2804 203.0
2805 203.0
2806 280.0
2807 38.0
2808 180.0
2809 191.0
2810 364.0
2811 252.0
2812 443.0
2813 30.0
2814 413.0
2815 279.0
2816 413.0
2817 251.0
2818 363.0
2819 251.0
2820 204.0
2821 191.0
2822 443.0
2823 251.0
2824 180.0
2825 443.0
2826 38.0
2827 251.0
2828 204.0
2829 98.0
2830 38.0
2831 191.0
2832 203.0
2833 191.0
2834 49.0
2835 186.0
2836 363.0
2837 191.0
2838 38.0
2839 33.0
2840 32.0
2841 203.0
2842 191.0
2843 251.0
2844 203.0
2845 164.0
2846 38.0
2847 32.0
2848 279.0
2849 0.0
2850 203.0
2851 251.0
2852 44.0
2853 203.0
2854 180.0
2855 251.0
2856 38.0
2857 363.0
2858 0.0
2859 413.0
2860 252.0
2861 251.0
2862 32.0
2863 38.0
2864 180.0
2865 203.0
2866 203.0
2867 32.0
2868 174.0
2869 49.0
2870 253.0
2871 191.0
2872 203.0
2873 284.0
2874 38.0
2875 186.0
2876 204.0
2877 191.0
2878 191.0
2879 32.0
2880 203.0
2881 251.0
2882 413.0
2883 364.0
2884 204.0
2885 413.0
2886 98.0
2887 203.0
2888 204.0
2889 251.0
2890 32.0
2891 203.0
2892 203.0
2893 186.0
2894 204.0
2895 251.0
2896 204.0
2897 251.0
2898 186.0
2899 251.0
2900 413.0
2901 363.0
2902 203.0
2903 203.0
2904 38.0
2905 49.0
2906 32.0
2907 93.0
2908 180.0
2909 186.0
2910 443.0
2911 204.0
2912 186.0
2913 203.0
2914 413.0
2915 0.0
2916 203.0
2917 98.0
2918 363.0
2919 186.0
2920 92.0
2921 363.0
2922 203.0
2923 185.0
2924 203.0
2925 0.0
2926 191.0
2927 0.0
2928 363.0
2929 203.0
2930 30.0
2931 413.0
2932 0.0
2933 0.0
2934 38.0
2935 0.0
2936 203.0
2937 31.0
2938 180.0
2939 49.0
2940 251.0
2941 204.0
2942 174.0
2943 174.0
2944 363.0
2945 251.0
2946 251.0
2947 180.0
2948 251.0
2949 191.0
2950 251.0
2951 32.0
2952 363.0
2953 33.0
2954 203.0
2955 251.0
2956 195.0
2957 103.0
2958 186.0
2959 203.0
2960 180.0
2961 203.0
2962 186.0
2963 186.0
2964 363.0
2965 33.0
2966 186.0
2967 186.0
2968 0.0
2969 0.0
2970 251.0
2971 191.0
2972 186.0
2973 49.0
2974 203.0
2975 204.0
2976 279.0
2977 180.0
2978 191.0
2979 279.0
2980 443.0
2981 109.0
2982 0.0
2983 174.0
2984 203.0
2985 191.0
2986 32.0
2987 203.0
2988 186.0
2989 191.0
2990 191.0
2991 274.0
2992 203.0
2993 191.0
2994 25.0
2995 180.0
2996 38.0
2997 186.0
2998 252.0
2999 186.0
3000 192.0
3001 180.0
3002 413.0
3003 363.0
3004 186.0
3005 180.0
3006 363.0
3007 203.0
3008 204.0
3009 38.0
3010 443.0
3011 25.0
3012 169.0
3013 30.0
3014 251.0
3015 186.0
3016 203.0
3017 0.0
3018 191.0
3019 251.0
3020 203.0
3021 443.0
3022 49.0
3023 38.0
3024 0.0
3025 363.0
3026 252.0
3027 33.0
3028 169.0
3029 203.0
3030 251.0
3031 38.0
3032 203.0
3033 191.0
3034 191.0
3035 252.0
3036 413.0
3037 186.0
3038 413.0
3039 186.0
3040 0.0
3041 180.0
3042 364.0
3043 204.0
3044 104.0
3045 32.0
3046 0.0
3047 153.0
3048 251.0
3049 169.0
3050 251.0
3051 180.0
3052 32.0
3053 25.0
3054 186.0
3055 204.0
3056 204.0
3057 180.0
3058 204.0
3059 191.0
3060 0.0
3061 0.0
3062 251.0
3063 186.0
3064 186.0
3065 0.0
3066 175.0
3067 0.0
3068 180.0
3069 203.0
3070 203.0
3071 186.0
3072 180.0
3073 169.0
3074 186.0
3075 180.0
3076 363.0
3077 38.0
3078 186.0
3079 32.0
3080 0.0
3081 6.0
3082 30.0
3083 251.0
3084 364.0
3085 180.0
3086 251.0
3087 204.0
3088 30.0
3089 413.0
3090 0.0
3091 204.0
3092 203.0
3093 204.0
3094 180.0
3095 30.0
3096 413.0
3097 204.0
3098 0.0
3099 38.0
3100 204.0
3101 32.0
3102 186.0
3103 252.0
3104 251.0
3105 203.0
3106 32.0
3107 104.0
3108 180.0
3109 413.0
3110 191.0
3111 180.0
3112 251.0
3113 180.0
3114 30.0
3115 363.0
3116 191.0
3117 38.0
3118 203.0
3119 252.0
3120 251.0
3121 251.0
3122 186.0
3123 25.0
3124 251.0
3125 180.0
3126 186.0
3127 274.0
3128 204.0
3129 203.0
3130 251.0
3131 252.0
3132 191.0
3133 180.0
3134 203.0
3135 251.0
3136 169.0
3137 180.0
3138 279.0
3139 104.0
3140 33.0
3141 443.0
3142 14.0
3143 413.0
3144 251.0
3145 180.0
3146 169.0
3147 32.0
3148 186.0
3149 186.0
3150 191.0
3151 191.0
3152 0.0
3153 114.0
3154 203.0
3155 363.0
3156 180.0
3157 180.0
3158 0.0
3159 169.0
3160 32.0
3161 251.0
3162 203.0
3163 279.0
3164 363.0
3165 186.0
3166 25.0
3167 186.0
3168 191.0
3169 0.0
3170 32.0
3171 186.0
3172 191.0
3173 203.0
3174 174.0
3175 251.0
3176 363.0
3177 203.0
3178 443.0
3179 251.0
3180 204.0
3181 203.0
3182 191.0
3183 291.0
3184 413.0
3185 251.0
3186 204.0
3187 269.0
3188 413.0
3189 186.0
3190 38.0
3191 38.0
3192 38.0
3193 32.0
3194 191.0
3195 363.0
3196 279.0
3197 443.0
3198 363.0
3199 186.0
3200 251.0
3201 251.0
3202 413.0
3203 180.0
3204 413.0
3205 32.0
3206 251.0
3207 98.0
3208 103.0
3209 30.0
3210 191.0
3211 191.0
3212 204.0
3213 191.0
3214 203.0
3215 280.0
3216 0.0
3217 204.0
3218 30.0
3219 363.0
3220 186.0
3221 98.0
3222 180.0
3223 413.0
3224 185.0
3225 253.0
3226 203.0
3227 364.0
3228 203.0
3229 443.0
3230 203.0
3231 180.0
3232 275.0
3233 203.0
3234 0.0
3235 38.0
3236 203.0
3237 191.0
3238 25.0
3239 191.0
3240 0.0
3241 30.0
3242 38.0
3243 32.0
3244 363.0
3245 186.0
3246 191.0
3247 280.0
3248 413.0
3249 251.0
3250 180.0
3251 279.0
3252 32.0
3253 363.0
3254 251.0
3255 25.0
3256 38.0
3257 186.0
3258 203.0
3259 186.0
3260 191.0
3261 279.0
3262 204.0
3263 191.0
3264 203.0
3265 186.0
3266 33.0
3267 3224.0
3268 33.0
3269 25.0
3270 0.0
3271 443.0
3272 186.0
3273 20.0
3274 285.0
3275 251.0
3276 191.0
3277 413.0
3278 363.0
3279 0.0
3280 204.0
3281 203.0
3282 186.0
3283 33.0
3284 30.0
3285 291.0
3286 33.0
3287 32.0
3288 204.0
3289 174.0
3290 191.0
3291 32.0
3292 203.0
3293 443.0
3294 413.0
3295 0.0
3296 191.0
3297 191.0
3298 180.0
3299 363.0
3300 203.0
3301 0.0
3302 204.0
3303 413.0
3304 252.0
3305 252.0
3306 443.0
3307 364.0
3308 364.0
3309 30.0
3310 98.0
3311 3224.0
3312 180.0
3313 60.0
3314 30.0
3315 539.0
3316 191.0
3317 49.0
3318 0.0
3319 203.0
3320 443.0
3321 17.0
3322 203.0
3323 203.0
3324 191.0
3325 191.0
3326 251.0
3327 251.0
3328 33.0
3329 203.0
3330 251.0
3331 443.0
3332 251.0
3333 203.0
3334 44.0
3335 251.0
3336 290.0
3337 413.0
3338 1077.0
3339 486.0
3340 152.0
3341 1417.0
3342 49.0
3343 251.0
3344 204.0
3345 180.0
3346 25.0
3347 443.0
3348 2107.0
3349 251.0
3350 204.0
3351 1077.0
3352 443.0
3353 32.0
3354 0.0
3355 413.0
3356 203.0
3357 191.0
3358 251.0
3359 196.0
3360 203.0
3361 32.0
3362 443.0
3363 251.0
3364 203.0
3365 0.0
3366 32.0
3367 38.0
3368 0.0
3369 251.0
3370 33.0
3371 0.0
3372 413.0
3373 2107.0
3374 180.0
3375 33.0
3376 204.0
3377 280.0
3378 25.0
3379 909.0
3380 32.0
3381 0.0
3382 49.0
3383 204.0
3384 251.0
3385 2107.0
3386 180.0
3387 191.0
3388 909.0
3389 204.0
3390 2107.0
3391 38.0
3392 204.0
3393 203.0
3394 203.0
3395 203.0
3396 38.0
3397 486.0
3398 204.0
3399 6.0
3400 279.0
3401 251.0
3402 363.0
3403 30.0
3404 251.0
3405 203.0
3406 251.0
3407 38.0
3408 191.0
3409 253.0
3410 1436.0
3411 38.0
3412 204.0
3413 413.0
3414 2841.0
3415 0.0
3416 1834.0
3417 486.0
3418 60.0
3419 191.0
3420 252.0
3421 14.0
3422 251.0
3423 251.0
3424 251.0
3425 203.0
3426 0.0
3427 253.0
3428 6.0
3429 204.0
3430 251.0
3431 196.0
3432 364.0
3433 204.0
3434 251.0
3435 25.0
3436 443.0
3437 443.0
3438 1033.0
3439 186.0
3440 203.0
3441 104.0
3442 443.0
3443 413.0
3444 363.0
3445 203.0
3446 413.0
3447 204.0
3448 32.0
3449 203.0
3450 251.0
3451 202.0
3452 203.0
3453 251.0
3454 115.0
3455 203.0
3456 251.0
3457 191.0
3458 0.0
3459 486.0
3460 180.0
3461 203.0
3462 191.0
3463 251.0
3464 0.0
3465 251.0
3466 203.0
3467 32.0
3468 186.0
3469 32.0
3470 0.0
3471 202.0
3472 281.0
3473 486.0
3474 203.0
3475 204.0
3476 38.0
3477 17.0
3478 251.0
3479 44.0
3480 251.0
3481 204.0
3482 202.0
3483 6.0
3484 256.0
3485 475.0
3486 251.0
3487 486.0
3488 251.0
3489 253.0
3490 413.0
3491 251.0
3492 32.0
3493 0.0
3494 32.0
3495 169.0
3496 413.0
3497 186.0
3498 0.0
3499 251.0
3500 251.0
3501 1.0
3502 413.0
3503 252.0
3504 204.0
3505 253.0
3506 253.0
3507 0.0
3508 204.0
3509 0.0
3510 25.0
3511 30.0
3512 17.0
3513 202.0
3514 38.0
3515 203.0
3516 180.0
3517 33.0
3518 33.0
3519 30.0
3520 49.0
3521 60.0
3522 98.0
3523 186.0
3524 251.0
3525 30.0
3526 251.0
3527 203.0
3528 1391.0
3529 2.0
3530 413.0
3531 251.0
3532 204.0
3533 204.0
3534 0.0
3535 251.0
3536 54.0
3537 191.0
3538 251.0
3539 1.0
3540 30.0
3541 6.0
3542 203.0
3543 32.0
3544 32.0
3545 203.0
3546 2.0
3547 251.0
3548 3233.0
3549 413.0
3550 251.0
3551 38.0
3552 251.0
3553 38.0
3554 204.0
3555 191.0
3556 203.0
3557 38.0
3558 34.0
3559 98.0
3560 424.0
3561 17.0
3562 185.0
3563 204.0
3564 251.0
3565 204.0
3566 253.0
3567 109.0
3568 289.0
3569 251.0
3570 17.0
3571 413.0
3572 413.0
3573 251.0
3574 0.0
3575 203.0
3576 251.0
3577 252.0
3578 905.0
3579 251.0
3580 203.0
3581 251.0
3582 413.0
3583 180.0
3584 203.0
3585 180.0
3586 443.0
3587 34.0
3588 191.0
3589 204.0
3590 186.0
3591 191.0
3592 180.0
3593 413.0
3594 253.0
3595 413.0
3596 413.0
3597 202.0
3598 0.0
3599 49.0
3600 443.0
3601 169.0
3602 174.0
3603 203.0
3604 486.0
3605 1381.0
3606 251.0
3607 191.0
3608 251.0
3609 251.0
3610 203.0
3611 252.0
3612 3233.0
3613 202.0
3614 3859.0
3615 49.0
3616 251.0
3617 203.0
3618 0.0
3619 191.0
3620 169.0
3621 203.0
3622 32.0
3623 363.0
3624 204.0
3625 6.0
3626 49.0
3627 180.0
3628 203.0
3629 443.0
3630 280.0
3631 203.0
3632 251.0
3633 38.0
3634 251.0
3635 32.0
3636 251.0
3637 203.0
3638 486.0
3639 203.0
3640 191.0
3641 0.0
3642 180.0
3643 49.0
3644 251.0
3645 180.0
3646 44.0
3647 103.0
3648 204.0
3649 38.0
3650 486.0
3651 443.0
3652 17.0
3653 28.0
3654 32.0
3655 25.0
3656 443.0
3657 204.0
3658 413.0
3659 180.0
3660 251.0
3661 203.0
3662 32.0
3663 180.0
3664 204.0
3665 203.0
3666 186.0
3667 38.0
3668 180.0
3669 32.0
3670 6.0
3671 0.0
3672 203.0
3673 251.0
3674 2107.0
3675 413.0
3676 203.0
3677 204.0
3678 2107.0
3679 25.0
3680 204.0
3681 49.0
3682 0.0
3683 191.0
3684 204.0
3685 251.0
3686 180.0
3687 6.0
3688 180.0
3689 203.0
3690 0.0
3691 289.0
3692 180.0
3693 203.0
3694 180.0
3695 38.0
3696 180.0
3697 32.0
3698 191.0
3699 32.0
3700 1077.0
3701 204.0
3702 203.0
3703 443.0
3704 25.0
3705 363.0
3706 486.0
3707 203.0
3708 60.0
3709 481.0
3710 6.0
3711 251.0
3712 180.0
3713 413.0
3714 203.0
3715 180.0
3716 180.0
3717 180.0
3718 180.0
3719 204.0
3720 180.0
3721 2823.0
3722 14.0
3723 204.0
3724 251.0
3725 629.0
3726 251.0
3727 251.0
3728 253.0
3729 413.0
3730 413.0
3731 204.0
3732 204.0
3733 0.0
3734 251.0
3735 203.0
3736 191.0
3737 6.0
3738 1440.0
3739 2742.0
3740 486.0
3741 38.0
3742 104.0
3743 32.0
3744 204.0
3745 204.0
3746 180.0
3747 253.0
3748 251.0
3749 203.0
3750 203.0
3751 203.0
3752 202.0
3753 251.0
3754 204.0
3755 115.0
3756 28.0
3757 180.0
3758 204.0
3759 180.0
3760 180.0
3761 0.0
3762 443.0
3763 413.0
3764 180.0
3765 2841.0
3766 251.0
3767 203.0
3768 180.0
3769 203.0
3770 0.0
3771 0.0
3772 251.0
3773 287.0
3774 443.0
3775 204.0
3776 251.0
3777 251.0
3778 204.0
3779 203.0
3780 203.0
3781 60.0
3782 486.0
3783 60.0
3784 180.0
3785 413.0
3786 191.0
3787 203.0
3788 3237.0
3789 251.0
3790 251.0
3791 251.0
3792 1821.0
3793 251.0
3794 204.0
3795 32.0
3796 191.0
3797 2102.0
3798 443.0
3799 2841.0
3800 180.0
3801 12.0
3802 2048.0
3803 180.0
3804 180.0
3805 60.0
3806 486.0
3807 251.0
3808 6.0
3809 43.0
3810 443.0
3811 60.0
3812 32.0
3813 203.0
3814 49.0
3815 180.0
3816 203.0
3817 203.0
3818 191.0
3819 191.0
3820 32.0
3821 2823.0
3822 191.0
3823 191.0
3824 180.0
3825 251.0
3826 32.0
3827 191.0
3828 413.0
3829 191.0
3830 38.0
3831 2063.0
3832 17.0
3833 204.0
3834 204.0
3835 191.0
3836 204.0
3837 251.0
3838 0.0
3839 203.0
3840 203.0
3841 204.0
3842 49.0
3843 204.0
3844 0.0
3845 191.0
3846 180.0
3847 251.0
3848 1077.0
3849 180.0
3850 251.0
3851 202.0
3852 443.0
3853 413.0
3854 44.0
3855 391.0
3856 391.0
3857 203.0
3858 443.0
3859 251.0
3860 103.0
3861 191.0
3862 203.0
3863 186.0
3864 251.0
3865 191.0
3866 204.0
3867 251.0
3868 283.0
3869 251.0
3870 0.0
3871 28.0
3872 0.0
3873 443.0
3874 180.0
3875 191.0
3876 204.0
3877 204.0
3878 443.0
3879 180.0
3880 180.0
3881 363.0
3882 251.0
3883 2088.0
3884 191.0
3885 6.0
3886 251.0
3887 191.0
3888 33.0
3889 202.0
3890 204.0
3891 486.0
3892 251.0
3893 191.0
3894 413.0
3895 251.0
3896 486.0
3897 204.0
3898 180.0
3899 49.0
3900 0.0
3901 191.0
3902 251.0
3903 278.0
3904 251.0
3905 180.0
3906 251.0
3907 252.0
3908 413.0
3909 413.0
3910 203.0
3911 32.0
3912 252.0
3913 3859.0
3914 49.0
3915 251.0
3916 38.0
3917 251.0
3918 186.0
3919 203.0
3920 203.0
3921 203.0
3922 2099.0
3923 38.0
3924 413.0
3925 203.0
3926 32.0
3927 443.0
3928 204.0
3929 1.0
3930 204.0
3931 251.0
3932 174.0
3933 413.0
3934 38.0
3935 204.0
3936 180.0
3937 413.0
3938 251.0
3939 443.0
3940 32.0
3941 486.0
3942 33.0
3943 280.0
3944 38.0
3945 169.0
3946 413.0
3947 413.0
3948 251.0
3949 0.0
3950 33.0
3951 413.0
3952 291.0
3953 363.0
3954 186.0
3955 32.0
3956 38.0
3957 486.0
3958 180.0
3959 1384.0
3960 203.0
3961 186.0
3962 251.0
3963 0.0
3964 280.0
3965 203.0
3966 186.0
3967 98.0
3968 0.0
3969 1.0
3970 32.0
3971 180.0
3972 413.0
3973 253.0
3974 204.0
3975 443.0
3976 204.0
3977 191.0
3978 186.0
3979 203.0
3980 30.0
3981 443.0
3982 32.0
3983 0.0
3984 38.0
3985 204.0
3986 203.0
3987 0.0
3988 0.0
3989 1323.0
3990 98.0
3991 30.0
3992 2667.0
3993 25.0
3994 251.0
3995 180.0
3996 204.0
3997 413.0
3998 203.0
3999 204.0
4000 32.0
4001 191.0
4002 443.0
4003 180.0
4004 203.0
4005 191.0
4006 251.0
4007 203.0
4008 203.0
4009 49.0
4010 622.0
4011 291.0
4012 413.0
4013 191.0
4014 443.0
4015 1077.0
4016 413.0
4017 203.0
4018 413.0
4019 251.0
4020 251.0
4021 204.0
4022 413.0
4023 253.0
4024 186.0
4025 251.0
4026 49.0
4027 443.0
4028 180.0
4029 32.0
4030 191.0
4031 204.0
4032 2827.0
4033 158.0
4034 443.0
4035 259.0
4036 413.0
4037 251.0
4038 413.0
4039 191.0
4040 413.0
4041 424.0
4042 413.0
4043 174.0
4044 443.0
4045 203.0
4046 174.0
4047 2667.0
4048 191.0
4049 169.0
4050 17.0
4051 38.0
4052 104.0
4053 203.0
4054 413.0
4055 203.0
4056 44.0
4057 180.0
4058 33.0
4059 253.0
4060 251.0
4061 180.0
4062 180.0
4063 413.0
4064 443.0
4065 203.0
4066 251.0
4067 186.0
4068 104.0
4069 180.0
4070 174.0
4071 291.0
4072 32.0
4073 174.0
4074 251.0
4075 413.0
4076 180.0
4077 177.0
4078 251.0
4079 180.0
4080 204.0
4081 2041.0
4082 253.0
4083 251.0
4084 204.0
4085 413.0
4086 413.0
4087 413.0
4088 180.0
4089 191.0
4090 180.0
4091 443.0
4092 174.0
4093 612.0
4094 413.0
4095 38.0
4096 32.0
4097 413.0
4098 413.0
4099 443.0
4100 204.0
4101 443.0
4102 1277.0
4103 252.0
4104 443.0
4105 413.0
4106 32.0
4107 203.0
4108 413.0
4109 203.0
4110 98.0
4111 251.0
4112 180.0
4113 180.0
4114 180.0
4115 186.0
4116 191.0
4117 203.0
4118 6.0
4119 413.0
4120 251.0
4121 251.0
4122 413.0
4123 191.0
4124 158.0
4125 204.0
4126 174.0
4127 251.0
4128 203.0
4129 251.0
4130 204.0
4131 32.0
4132 443.0
4133 180.0
4134 49.0
4135 252.0
4136 38.0
4137 413.0
4138 204.0
4139 203.0
4140 203.0
4141 25.0
4142 204.0
4143 32.0
4144 443.0
4145 203.0
4146 0.0
4147 1.0
4148 443.0
4149 443.0
4150 2823.0
4151 203.0
4152 175.0
4153 203.0
4154 203.0
4155 32.0
4156 413.0
4157 38.0
4158 25.0
4159 251.0
4160 204.0
4161 98.0
4162 191.0
4163 180.0
4164 413.0
4165 204.0
4166 443.0
4167 203.0
4168 1435.0
4169 363.0
4170 443.0
4171 413.0
4172 1.0
4173 23.0
4174 443.0
4175 186.0
4176 203.0
4177 204.0
4178 204.0
4179 413.0
4180 251.0
4181 104.0
4182 253.0
4183 180.0
4184 1435.0
4185 204.0
4186 251.0
4187 253.0
4188 180.0
4189 34.0
4190 413.0
4191 204.0
4192 627.0
4193 2829.0
4194 32.0
4195 443.0
4196 203.0
4197 443.0
4198 203.0
4199 251.0
4200 49.0
4201 203.0
4202 413.0
4203 204.0
4204 203.0
4205 180.0
4206 413.0
4207 203.0
4208 180.0
4209 180.0
4210 180.0
4211 203.0
4212 204.0
4213 49.0
4214 3859.0
4215 413.0
4216 413.0
4217 49.0
4218 251.0
4219 2099.0
4220 38.0
4221 443.0
4222 2076.0
4223 203.0
4224 251.0
4225 203.0
4226 180.0
4227 0.0
4228 0.0
4229 169.0
4230 1401.0
4231 251.0
4232 280.0
4233 1077.0
4234 413.0
4235 49.0
4236 253.0
4237 49.0
4238 204.0
4239 98.0
4240 2107.0
4241 30.0
4242 413.0
4243 191.0
4244 413.0
4245 38.0
4246 180.0
4247 443.0
4248 413.0
4249 251.0
4250 203.0
4251 158.0
4252 443.0
4253 180.0
4254 186.0
4255 186.0
4256 32.0
4257 0.0
4258 204.0
4259 180.0
4260 443.0
4261 0.0
4262 203.0
4263 251.0
4264 0.0
4265 0.0
4266 413.0
4267 251.0
4268 0.0
4269 0.0
4270 38.0
4271 32.0
4272 413.0
4273 32.0
4274 253.0
4275 191.0
4276 413.0
4277 3761.0
4278 203.0
4279 109.0
4280 413.0
4281 30.0
4282 203.0
4283 32.0
4284 0.0
4285 32.0
4286 203.0
4287 413.0
4288 38.0
4289 0.0
4290 443.0
4291 12.0
4292 252.0
4293 443.0
4294 413.0
4295 203.0
4296 203.0
4297 204.0
4298 109.0
4299 0.0
4300 486.0
4301 203.0
4302 12.0
4303 191.0
4304 203.0
4305 443.0
4306 38.0
4307 251.0
4308 3787.0
4309 203.0
4310 251.0
4311 180.0
4312 443.0
4313 0.0
4314 169.0
4315 291.0
4316 203.0
4317 186.0
4318 25.0
4319 413.0
4320 174.0
4321 186.0
4322 104.0
4323 1260.0
4324 191.0
4325 180.0
4326 180.0
4327 253.0
4328 203.0
4329 19.0
4330 0.0
4331 191.0
4332 443.0
4333 203.0
4334 203.0
4335 204.0
4336 251.0
4337 251.0
4338 251.0
4339 413.0
4340 3403.0
4341 49.0
4342 413.0
4343 180.0
4344 33.0
4345 251.0
4346 204.0
4347 203.0
4348 253.0
4349 413.0
4350 169.0
4351 413.0
4352 203.0
4353 104.0
4354 252.0
4355 363.0
4356 413.0
4357 38.0
4358 203.0
4359 0.0
4360 253.0
4361 1.0
4362 98.0
4363 180.0
4364 443.0
4365 413.0
4366 33.0
4367 180.0
4368 180.0
4369 234.0
4370 33.0
4371 26.0
4372 251.0
4373 32.0
4374 413.0
4375 251.0
4376 413.0
4377 289.0
4378 251.0
4379 32.0
4380 180.0
4381 38.0
4382 475.0
4383 103.0
4384 251.0
4385 204.0
4386 203.0
4387 413.0
4388 413.0
4389 180.0
4390 253.0
4391 180.0
4392 204.0
4393 204.0
4394 180.0
4395 191.0
4396 25.0
4397 32.0
4398 443.0
4399 413.0
4400 3243.0
4401 413.0
4402 204.0
4403 204.0
4404 413.0
4405 413.0
4406 191.0
4407 251.0
4408 203.0
4409 191.0
4410 0.0
4411 43.0
4412 413.0
4413 32.0
4414 180.0
4415 203.0
4416 191.0
4417 191.0
4418 203.0
4419 1.0
4420 0.0
4421 180.0
4422 0.0
4423 413.0
4424 413.0
4425 0.0
4426 104.0
4427 0.0
4428 251.0
4429 251.0
4430 191.0
4431 180.0
4432 0.0
4433 443.0
4434 443.0
4435 0.0
4436 251.0
4437 104.0
4438 186.0
4439 413.0
4440 49.0
4441 191.0
4442 203.0
4443 30.0
4444 14.0
4445 180.0
4446 32.0
4447 0.0
4448 1.0
4449 0.0
4450 443.0
4451 186.0
4452 174.0
4453 49.0
4454 204.0
4455 3859.0
4456 30.0
4457 291.0
4458 186.0
4459 203.0
4460 413.0
4461 1415.0
4462 186.0
4463 174.0
4464 191.0
4465 413.0
4466 174.0
4467 203.0
4468 203.0
4469 413.0
4470 363.0
4471 363.0
4472 251.0
4473 253.0
4474 180.0
4475 413.0
4476 363.0
4477 0.0
4478 191.0
4479 253.0
4480 413.0
4481 413.0
4482 0.0
4483 203.0
4484 413.0
4485 413.0
4486 191.0
4487 436.0
4488 180.0
4489 252.0
4490 180.0
4491 413.0
4492 204.0
4493 251.0
4494 203.0
4495 174.0
4496 413.0
4497 251.0
4498 413.0
4499 0.0
4500 285.0
4501 251.0
4502 0.0
4503 252.0
4504 413.0
4505 203.0
4506 93.0
4507 180.0
4508 186.0
4509 252.0
4510 104.0
4511 413.0
4512 413.0
4513 180.0
4514 252.0
4515 3859.0
4516 32.0
4517 251.0
4518 203.0
4519 251.0
4520 443.0
4521 204.0
4522 251.0
4523 486.0
4524 204.0
4525 180.0
4526 443.0
4527 174.0
4528 43.0
4529 38.0
4530 251.0
4531 17.0
4532 413.0
4533 203.0
4534 180.0
4535 251.0
4536 413.0
4537 203.0
4538 32.0
4539 413.0
4540 443.0
4541 413.0
4542 204.0
4543 191.0
4544 191.0
4545 180.0
4546 253.0
4547 204.0
4548 424.0
4549 413.0
4550 413.0
4551 204.0
4552 202.0
4553 486.0
4554 1440.0
4555 49.0
4556 28.0
4557 32.0
4558 38.0
4559 2102.0
4560 204.0
4561 413.0
4562 180.0
4563 203.0
4564 443.0
4565 32.0
4566 203.0
4567 240.0
4568 202.0
4569 204.0
4570 0.0
4571 17.0
4572 0.0
4573 1423.0
4574 180.0
4575 203.0
4576 486.0
4577 413.0
4578 443.0
4579 191.0
4580 44.0
4581 251.0
4582 32.0
4583 180.0
4584 32.0
4585 186.0
4586 180.0
4587 204.0
4588 1077.0
4589 0.0
4590 7.0
4591 443.0
4592 191.0
4593 0.0
4594 1435.0
4595 0.0
4596 203.0
4597 443.0
4598 0.0
4599 98.0
4600 0.0
4601 6.0
4602 204.0
4603 0.0
4604 191.0
4605 251.0
4606 6.0
4607 204.0
4608 252.0
4609 191.0
4610 251.0
4611 1077.0
4612 363.0
4613 424.0
4614 1436.0
4615 413.0
4616 413.0
4617 3224.0
4618 180.0
4619 186.0
4620 443.0
4621 12.0
4622 180.0
4623 1435.0
4624 251.0
4625 1692.0
4626 251.0
4627 413.0
4628 413.0
4629 251.0
4630 251.0
4631 413.0
4632 251.0
4633 2667.0
4634 203.0
4635 49.0
4636 204.0
4637 180.0
4638 413.0
4639 204.0
4640 413.0
4641 104.0
4642 204.0
4643 198.0
4644 413.0
4645 33.0
4646 203.0
4647 204.0
4648 180.0
4649 253.0
4650 413.0
4651 203.0
4652 38.0
4653 203.0
4654 203.0
4655 60.0
4656 443.0
4657 251.0
4658 44.0
4659 203.0
4660 203.0
4661 204.0
4662 203.0
4663 191.0
4664 413.0
4665 251.0
4666 443.0
4667 203.0
4668 38.0
4669 180.0
4670 203.0
4671 224.0
4672 2102.0
4673 251.0
4674 25.0
4675 3203.0
4676 0.0
4677 253.0
4678 49.0
4679 251.0
4680 32.0
4681 251.0
4682 203.0
4683 251.0
4684 60.0
4685 251.0
4686 202.0
4687 180.0
4688 413.0
4689 475.0
4690 203.0
4691 413.0
4692 482.0
4693 413.0
4694 443.0
4695 32.0
4696 443.0
4697 204.0
4698 32.0
4699 443.0
4700 252.0
4701 280.0
4702 296.0
4703 49.0
4704 1819.0
4705 1376.0
4706 413.0
4707 251.0
4708 413.0
4709 251.0
4710 191.0
4711 30.0
4712 413.0
4713 251.0
4714 204.0
4715 55.0
4716 251.0
4717 486.0
4718 158.0
4719 204.0
4720 191.0
4721 291.0
4722 0.0
4723 363.0
4724 3243.0
4725 204.0
4726 0.0
4727 0.0
4728 180.0
4729 30.0
4730 253.0
4731 191.0
4732 253.0
4733 204.0
4734 32.0
4735 251.0
4736 203.0
4737 32.0
4738 0.0
4739 186.0
4740 443.0
4741 204.0
4742 443.0
4743 1.0
4744 191.0
4745 424.0
4746 204.0
4747 418.0
4748 180.0
4749 180.0
4750 0.0
4751 413.0
4752 413.0
4753 253.0
4754 202.0
4755 251.0
4756 1417.0
4757 38.0
4758 413.0
4759 33.0
4760 203.0
4761 0.0
4762 251.0
4763 33.0
4764 251.0
4765 1024.0
4766 443.0
4767 30.0
4768 363.0
4769 251.0
4770 413.0
4771 33.0
4772 443.0
4773 6.0
4774 49.0
4775 0.0
4776 413.0
4777 180.0
4778 413.0
4779 203.0
4780 413.0
4781 413.0
4782 2829.0
4783 2107.0
4784 49.0
4785 413.0
4786 413.0
4787 251.0
4788 204.0
4789 253.0
4790 363.0
4791 33.0
4792 1396.0
4793 204.0
4794 413.0
4795 204.0
4796 180.0
4797 413.0
4798 413.0
4799 486.0
4800 203.0
4801 413.0
4802 0.0
4803 186.0
4804 443.0
4805 191.0
4806 0.0
4807 93.0
4808 1077.0
4809 191.0
4810 909.0
4811 180.0
4812 180.0
4813 191.0
4814 203.0
4815 247.0
4816 3859.0
4817 413.0
4818 273.0
4819 38.0
4820 413.0
4821 186.0
4822 0.0
4823 203.0
4824 413.0
4825 363.0
4826 443.0
4827 251.0
4828 2099.0
4829 32.0
4830 0.0
4831 2841.0
4832 174.0
4833 413.0
4834 203.0
4835 180.0
4836 443.0
4837 186.0
4838 203.0
4839 203.0
4840 256.0
4841 413.0
4842 413.0
4843 191.0
4844 203.0
4845 413.0
4846 413.0
4847 38.0
4848 49.0
4849 251.0
4850 174.0
4851 204.0
4852 413.0
4853 38.0
4854 443.0
4855 191.0
4856 49.0
4857 413.0
4858 25.0
4859 38.0
4860 486.0
4861 204.0
4862 413.0
4863 38.0
4864 486.0
4865 32.0
4866 32.0
4867 32.0
4868 204.0
4869 251.0
4870 413.0
4871 0.0
4872 204.0
4873 114.0
4874 443.0
4875 38.0
4876 203.0
4877 204.0
4878 443.0
4879 203.0
4880 203.0
4881 104.0
4882 251.0
4883 32.0
4884 204.0
4885 32.0
4886 32.0
4887 2107.0
4888 204.0
4889 486.0
4890 1077.0
4891 0.0
4892 180.0
4893 32.0
4894 32.0
4895 443.0
4896 186.0
4897 443.0
4898 443.0
4899 0.0
4900 180.0
4901 203.0
4902 486.0
4903 32.0
4904 251.0
4905 180.0
4906 33.0
4907 203.0
4908 25.0
4909 251.0
4910 443.0
4911 203.0
4912 204.0
4913 291.0
4914 413.0
4915 413.0
4916 251.0
4917 413.0
4918 203.0
4919 443.0
4920 203.0
4921 252.0
4922 443.0
4923 2097.0
4924 203.0
4925 251.0
4926 0.0
4927 203.0
4928 413.0
4929 291.0
4930 363.0
4931 38.0
4932 0.0
4933 413.0
4934 413.0
4935 180.0
4936 114.0
4937 915.0
4938 251.0
4939 191.0
4940 251.0
4941 203.0
4942 191.0
4943 186.0
4944 413.0
4945 0.0
4946 174.0
4947 175.0
4948 204.0
4949 169.0
4950 180.0
4951 413.0
4952 32.0
4953 203.0
4954 2107.0
4955 203.0
4956 60.0
4957 482.0
4958 203.0
4959 115.0
4960 204.0
4961 0.0
4962 253.0
4963 0.0
4964 191.0
4965 180.0
4966 443.0
4967 627.0
4968 203.0
4969 413.0
4970 443.0
4971 33.0
4972 413.0
4973 180.0
4974 32.0
4975 32.0
4976 180.0
4977 1077.0
4978 273.0
4979 443.0
4980 203.0
4981 169.0
4982 413.0
4983 204.0
4984 475.0
4985 413.0
4986 413.0
4987 202.0
4988 251.0
4989 204.0
4990 2829.0
4991 204.0
4992 486.0
4993 251.0
4994 251.0
4995 186.0
4996 289.0
4997 191.0
4998 204.0
4999 32.0
5000 413.0
5001 1078.0
5002 443.0
5003 204.0
5004 251.0
5005 486.0
5006 625.0
5007 180.0
5008 191.0
5009 203.0
5010 203.0
5011 251.0
5012 203.0
5013 186.0
5014 413.0
5015 180.0
5016 43.0
5017 186.0
5018 191.0
5019 38.0
5020 203.0
5021 202.0
5022 191.0
5023 0.0
5024 32.0
5025 49.0
5026 191.0
5027 104.0
5028 443.0
5029 0.0
5030 251.0
5031 180.0
5032 253.0
5033 204.0
5034 0.0
5035 0.0
5036 2925.0
5037 251.0
5038 363.0
5039 251.0
5040 424.0
5041 443.0
5042 0.0
5043 413.0
5044 25.0
5045 203.0
5046 251.0
5047 204.0
5048 0.0
5049 104.0
5050 180.0
5051 413.0
5052 204.0
5053 443.0
5054 191.0
5055 202.0
5056 2078.0
5057 203.0
5058 33.0
5059 443.0
5060 33.0
5061 203.0
5062 203.0
5063 909.0
5064 0.0
5065 251.0
5066 49.0
5067 413.0
5068 204.0
5069 2107.0
5070 191.0
5071 0.0
5072 363.0
5073 2085.0
5074 25.0
5075 413.0
5076 1.0
5077 203.0
5078 0.0
5079 191.0
5080 203.0
5081 443.0
5082 204.0
5083 251.0
5084 203.0
5085 443.0
5086 413.0
5087 1436.0
5088 38.0
5089 180.0
5090 251.0
5091 1423.0
5092 0.0
5093 443.0
5094 203.0
5095 486.0
5096 38.0
5097 251.0
5098 191.0
5099 203.0
5100 251.0
5101 204.0
5102 443.0
5103 251.0
5104 186.0
5105 180.0
5106 413.0
5107 104.0
5108 251.0
5109 204.0
5110 251.0
5111 443.0
5112 203.0
5113 104.0
5114 203.0
5115 191.0
5116 158.0
5117 3859.0
5118 202.0
5119 413.0
5120 203.0
5121 3857.0
5122 1077.0
5123 204.0
5124 191.0
5125 424.0
5126 204.0
5127 251.0
5128 429.0
5129 180.0
5130 30.0
5131 30.0
5132 204.0
5133 1.0
5134 204.0
5135 191.0
5136 204.0
5137 203.0
5138 33.0
5139 273.0
5140 49.0
5141 254.0
5142 364.0
5143 413.0
5144 32.0
5145 486.0
5146 60.0
5147 363.0
5148 38.0
5149 203.0
5150 413.0
5151 443.0
5152 1760.0
5153 25.0
5154 153.0
5155 251.0
5156 204.0
5157 49.0
5158 413.0
5159 32.0
5160 32.0
5161 3787.0
5162 180.0
5163 203.0
5164 180.0
5165 413.0
5166 203.0
5167 180.0
5168 251.0
5169 204.0
5170 203.0
5171 413.0
5172 32.0
5173 251.0
5174 32.0
5175 413.0
5176 180.0
5177 253.0
5178 413.0
5179 98.0
5180 203.0
5181 191.0
5182 104.0
5183 413.0
5184 32.0
5185 186.0
5186 32.0
5187 30.0
5188 32.0
5189 203.0
5190 413.0
5191 203.0
5192 0.0
5193 443.0
5194 204.0
5195 30.0
5196 413.0
5197 30.0
5198 413.0
5199 33.0
5200 0.0
5201 443.0
5202 203.0
5203 203.0
5204 0.0
5205 251.0
5206 186.0
5207 204.0
5208 251.0
5209 19.0
5210 251.0
5211 203.0
5212 203.0
5213 627.0
5214 180.0
5215 443.0
5216 180.0
5217 486.0
5218 291.0
5219 1435.0
5220 413.0
5221 98.0
5222 443.0
5223 174.0
5224 413.0
5225 443.0
5226 191.0
5227 0.0
5228 38.0
5229 180.0
5230 251.0
5231 38.0
5232 0.0
5233 0.0
5234 413.0
5235 443.0
5236 191.0
5237 49.0
5238 180.0
5239 0.0
5240 180.0
5241 180.0
5242 363.0
5243 17.0
5244 486.0
5245 413.0
5246 364.0
5247 104.0
5248 203.0
5249 38.0
5250 251.0
5251 413.0
5252 203.0
5253 169.0
5254 203.0
5255 204.0
5256 180.0
5257 191.0
5258 203.0
5259 203.0
5260 203.0
5261 180.0
5262 203.0
5263 253.0
5264 186.0
5265 486.0
5266 38.0
5267 413.0
5268 413.0
5269 203.0
5270 230.0
5271 191.0
5272 203.0
5273 169.0
5274 413.0
5275 291.0
5276 38.0
5277 186.0
5278 413.0
5279 443.0
5280 203.0
5281 264.0
5282 33.0
5283 180.0
5284 204.0
5285 203.0
5286 180.0
5287 251.0
5288 204.0
5289 203.0
5290 413.0
5291 413.0
5292 32.0
5293 253.0
5294 413.0
5295 204.0
5296 204.0
5297 169.0
5298 49.0
5299 191.0
5300 32.0
5301 443.0
5302 413.0
5303 443.0
5304 204.0
5305 203.0
5306 413.0
5307 413.0
5308 251.0
5309 185.0
5310 38.0
5311 204.0
5312 413.0
5313 38.0
5314 203.0
5315 0.0
5316 186.0
5317 174.0
5318 204.0
5319 2061.0
5320 191.0
5321 203.0
5322 17.0
5323 38.0
5324 38.0
5325 25.0
5326 204.0
5327 180.0
5328 33.0
5329 251.0
5330 0.0
5331 251.0
5332 204.0
5333 30.0
5334 0.0
5335 38.0
5336 424.0
5337 291.0
5338 180.0
5339 251.0
5340 202.0
5341 204.0
5342 443.0
5343 49.0
5344 443.0
5345 191.0
5346 203.0
5347 413.0
5348 30.0
5349 203.0
5350 17.0
5351 109.0
5352 413.0
5353 180.0
5354 443.0
5355 203.0
5356 251.0
5357 1415.0
5358 3859.0
5359 251.0
5360 443.0
5361 443.0
5362 186.0
5363 280.0
5364 204.0
5365 109.0
5366 251.0
5367 186.0
5368 204.0
5369 204.0
5370 2099.0
5371 486.0
5372 32.0
5373 103.0
5374 2102.0
5375 203.0
5376 32.0
5377 77.0
5378 251.0
5379 363.0
5380 191.0
5381 203.0
5382 203.0
5383 204.0
5384 413.0
5385 443.0
5386 443.0
5387 443.0
5388 413.0
5389 191.0
5390 413.0
5391 180.0
5392 204.0
5393 34.0
5394 413.0
5395 204.0
5396 180.0
5397 104.0
5398 38.0
5399 413.0
5400 60.0
5401 486.0
5402 1077.0
5403 443.0
5404 191.0
5405 191.0
5406 251.0
5407 204.0
5408 23.0
5409 93.0
5410 1077.0
5411 2819.0
5412 251.0
5413 2989.0
5414 413.0
5415 413.0
5416 203.0
5417 247.0
5418 3859.0
5419 191.0
5420 204.0
5421 191.0
5422 443.0
5423 180.0
5424 38.0
5425 443.0
5426 486.0
5427 443.0
5428 443.0
5429 443.0
5430 251.0
5431 11.0
5432 49.0
5433 413.0
5434 17.0
5435 443.0
5436 203.0
5437 180.0
5438 174.0
5439 413.0
5440 253.0
5441 443.0
5442 413.0
5443 1415.0
5444 1078.0
5445 443.0
5446 180.0
5447 180.0
5448 180.0
5449 38.0
5450 2102.0
5451 203.0
5452 443.0
5453 251.0
5454 443.0
5455 25.0
5456 486.0
5457 180.0
5458 92.0
5459 251.0
5460 32.0
5461 44.0
5462 203.0
5463 2099.0
5464 443.0
5465 0.0
5466 413.0
5467 413.0
5468 0.0
5469 203.0
5470 1077.0
5471 251.0
5472 204.0
5473 0.0
5474 6.0
5475 186.0
5476 180.0
5477 180.0
5478 253.0
5479 204.0
5480 413.0
5481 911.0
5482 203.0
5483 204.0
5484 204.0
5485 32.0
5486 44.0
5487 32.0
5488 30.0
5489 413.0
5490 1410.0
5491 443.0
5492 251.0
5493 7.0
5494 251.0
5495 204.0
5496 251.0
5497 251.0
5498 180.0
5499 443.0
5500 204.0
5501 0.0
5502 413.0
5503 32.0
5504 6.0
5505 38.0
5506 204.0
5507 191.0
5508 0.0
5509 413.0
5510 191.0
5511 204.0
5512 191.0
5513 204.0
5514 413.0
5515 629.0
5516 413.0
5517 191.0
5518 280.0
5519 291.0
5520 186.0
5521 413.0
5522 180.0
5523 413.0
5524 6.0
5525 413.0
5526 180.0
5527 6.0
5528 191.0
5529 413.0
5530 32.0
5531 1376.0
5532 251.0
5533 0.0
5534 104.0
5535 191.0
5536 443.0
5537 32.0
5538 204.0
5539 3773.0
5540 413.0
5541 251.0
5542 251.0
5543 203.0
5544 17.0
5545 203.0
5546 413.0
5547 413.0
5548 180.0
5549 443.0
5550 443.0
5551 203.0
5552 443.0
5553 443.0
5554 169.0
5555 49.0
5556 475.0
5557 0.0
5558 38.0
5559 443.0
5560 363.0
5561 44.0
5562 443.0
5563 180.0
5564 191.0
5565 203.0
5566 204.0
5567 180.0
5568 443.0
5569 629.0
5570 413.0
5571 203.0
5572 493.0
5573 202.0
5574 413.0
5575 203.0
5576 251.0
5577 25.0
5578 1077.0
5579 186.0
5580 413.0
5581 413.0
5582 251.0
5583 14.0
5584 180.0
5585 203.0
5586 0.0
5587 186.0
5588 1404.0
5589 60.0
5590 443.0
5591 413.0
5592 251.0
5593 104.0
5594 413.0
5595 443.0
5596 443.0
5597 204.0
5598 413.0
5599 253.0
5600 0.0
5601 32.0
5602 424.0
5603 413.0
5604 32.0
5605 204.0
5606 3233.0
5607 443.0
5608 25.0
5609 180.0
5610 486.0
5611 32.0
5612 251.0
5613 413.0
5614 30.0
5615 443.0
5616 253.0
5617 60.0
5618 180.0
5619 204.0
5620 443.0
5621 191.0
5622 203.0
5623 1.0
5624 251.0
5625 38.0
5626 253.0
5627 203.0
5628 174.0
5629 180.0
5630 413.0
5631 180.0
5632 251.0
5633 253.0
5634 20.0
5635 180.0
5636 6.0
5637 251.0
5638 443.0
5639 413.0
5640 1435.0
5641 413.0
5642 897.0
5643 413.0
5644 49.0
5645 180.0
5646 203.0
5647 191.0
5648 0.0
5649 203.0
5650 203.0
5651 180.0
5652 204.0
5653 28.0
5654 180.0
5655 1410.0
5656 1413.0
5657 26.0
5658 413.0
5659 2822.0
5660 43.0
5661 413.0
5662 191.0
5663 49.0
5664 413.0
5665 1415.0
5666 38.0
5667 251.0
5668 251.0
5669 413.0
5670 204.0
5671 1408.0
5672 2060.0
5673 413.0
5674 283.0
5675 413.0
5676 175.0
5677 1077.0
5678 186.0
5679 38.0
5680 443.0
5681 0.0
5682 203.0
5683 443.0
5684 413.0
5685 2758.0
5686 174.0
5687 443.0
5688 191.0
5689 413.0
5690 191.0
5691 443.0
5692 191.0
5693 363.0
5694 34.0
5695 413.0
5696 204.0
5697 175.0
5698 104.0
5699 629.0
5700 443.0
5701 364.0
5702 413.0
5703 191.0
5704 413.0
5705 202.0
5706 203.0
5707 251.0
5708 251.0
5709 0.0
5710 109.0
5711 363.0
5712 251.0
5713 909.0
5714 413.0
5715 204.0
5716 191.0
5717 203.0
5718 252.0
5719 3859.0
5720 191.0
5721 251.0
5722 38.0
5723 413.0
5724 1077.0
5725 38.0
5726 251.0
5727 486.0
5728 413.0
5729 204.0
5730 443.0
5731 203.0
5732 0.0
5733 251.0
5734 413.0
5735 443.0
5736 2095.0
5737 203.0
5738 413.0
5739 251.0
5740 186.0
5741 1078.0
5742 32.0
5743 204.0
5744 413.0
5745 2107.0
5746 203.0
5747 1435.0
5748 203.0
5749 413.0
5750 49.0
5751 363.0
5752 443.0
5753 413.0
5754 32.0
5755 413.0
5756 180.0
5757 413.0
5758 186.0
5759 109.0
5760 413.0
5761 33.0
5762 0.0
5763 443.0
5764 251.0
5765 363.0
5766 203.0
5767 443.0
5768 251.0
5769 0.0
5770 443.0
5771 443.0
5772 486.0
5773 413.0
5774 30.0
5775 204.0
5776 186.0
5777 1077.0
5778 180.0
5779 251.0
5780 6.0
5781 413.0
5782 203.0
5783 38.0
5784 44.0
5785 251.0
5786 32.0
5787 44.0
5788 32.0
5789 32.0
5790 413.0
5791 180.0
5792 486.0
5793 203.0
5794 7.0
5795 443.0
5796 1.0
5797 0.0
5798 251.0
5799 413.0
5800 251.0
5801 203.0
5802 0.0
5803 413.0
5804 32.0
5805 203.0
5806 32.0
5807 251.0
5808 204.0
5809 413.0
5810 291.0
5811 191.0
5812 251.0
5813 413.0
5814 204.0
5815 180.0
5816 363.0
5817 413.0
5818 3787.0
5819 627.0
5820 413.0
5821 186.0
5822 251.0
5823 203.0
5824 0.0
5825 180.0
5826 251.0
5827 413.0
5828 413.0
5829 253.0
5830 204.0
5831 413.0
5832 413.0
5833 191.0
5834 0.0
5835 169.0
5836 486.0
5837 443.0
5838 203.0
5839 114.0
5840 204.0
5841 32.0
5842 203.0
5843 204.0
5844 203.0
5845 191.0
5846 2823.0
5847 475.0
5848 0.0
5849 180.0
5850 203.0
5851 204.0
5852 251.0
5853 251.0
5854 413.0
5855 169.0
5856 49.0
5857 202.0
5858 38.0
5859 413.0
5860 443.0
5861 391.0
5862 43.0
5863 191.0
5864 0.0
5865 253.0
5866 203.0
5867 180.0
5868 180.0
5869 413.0
5870 1078.0
5871 251.0
5872 0.0
5873 759.0
5874 104.0
5875 251.0
5876 186.0
5877 0.0
5878 32.0
5879 180.0
5880 38.0
5881 251.0
5882 204.0
5883 413.0
5884 14.0
5885 251.0
5886 204.0
5887 251.0
5888 443.0
5889 413.0
5890 60.0
5891 251.0
5892 413.0
5893 413.0
5894 363.0
5895 413.0
5896 363.0
5897 486.0
5898 203.0
5899 289.0
5900 191.0
5901 0.0
5902 32.0
5903 413.0
5904 2107.0
5905 203.0
5906 0.0
5907 204.0
5908 1277.0
5909 204.0
5910 180.0
5911 203.0
5912 203.0
5913 203.0
5914 204.0
5915 203.0
5916 49.0
5917 204.0
5918 191.0
5919 0.0
5920 0.0
5921 424.0
5922 158.0
5923 28.0
5924 202.0
5925 291.0
5926 38.0
5927 251.0
5928 204.0
5929 203.0
5930 158.0
5931 186.0
5932 443.0
5933 251.0
5934 253.0
5935 253.0
5936 443.0
5937 32.0
5938 251.0
5939 251.0
5940 204.0
5941 1.0
5942 33.0
5943 203.0
5944 391.0
5945 0.0
5946 1277.0
5947 413.0
5948 204.0
5949 413.0
5950 443.0
5951 413.0
5952 486.0
5953 180.0
5954 1833.0
5955 180.0
5956 443.0
5957 251.0
5958 251.0
5959 204.0
5960 413.0
5961 251.0
5962 443.0
5963 38.0
5964 180.0
5965 38.0
5966 251.0
5967 109.0
5968 251.0
5969 203.0
5970 1067.0
5971 443.0
5972 413.0
5973 203.0
5974 413.0
5975 273.0
5976 3243.0
5977 32.0
5978 191.0
5979 180.0
5980 251.0
5981 413.0
5982 186.0
5983 256.0
5984 443.0
5985 3421.0
5986 1404.0
5987 203.0
5988 49.0
5989 203.0
5990 413.0
5991 191.0
5992 204.0
5993 0.0
5994 363.0
5995 33.0
5996 443.0
5997 204.0
5998 186.0
5999 49.0
6000 251.0
6001 186.0
6002 104.0
6003 2107.0
6004 203.0
6005 413.0
6006 203.0
6007 32.0
6008 1410.0
6009 443.0
6010 203.0
6011 180.0
6012 443.0
6013 3854.0
6014 2107.0
6015 413.0
6016 251.0
6017 203.0
6018 203.0
6019 252.0
6020 3859.0
6021 191.0
6022 251.0
6023 38.0
6024 443.0
6025 0.0
6026 11.0
6027 32.0
6028 413.0
6029 443.0
6030 2107.0
6031 38.0
6032 180.0
6033 32.0
6034 0.0
6035 2829.0
6036 104.0
6037 3859.0
6038 280.0
6039 204.0
6040 251.0
6041 38.0
6042 203.0
6043 180.0
6044 17.0
6045 413.0
6046 413.0
6047 413.0
6048 49.0
6049 413.0
6050 363.0
6051 38.0
6052 1078.0
6053 443.0
6054 413.0
6055 32.0
6056 0.0
6057 38.0
6058 180.0
6059 204.0
6060 49.0
6061 443.0
6062 0.0
6063 38.0
6064 1401.0
6065 2107.0
6066 413.0
6067 413.0
6068 443.0
6069 203.0
6070 30.0
6071 203.0
6072 443.0
6073 251.0
6074 413.0
6075 0.0
6076 413.0
6077 413.0
6078 1077.0
6079 251.0
6080 253.0
6081 203.0
6082 1078.0
6083 204.0
6084 186.0
6085 180.0
6086 251.0
6087 32.0
6088 186.0
6089 251.0
6090 38.0
6091 413.0
6092 475.0
6093 1077.0
6094 203.0
6095 1.0
6096 204.0
6097 203.0
6098 251.0
6099 413.0
6100 191.0
6101 204.0
6102 363.0
6103 203.0
6104 180.0
6105 38.0
6106 204.0
6107 32.0
6108 251.0
6109 180.0
6110 204.0
6111 44.0
6112 191.0
6113 291.0
6114 443.0
6115 191.0
6116 180.0
6117 443.0
6118 443.0
6119 180.0
6120 627.0
6121 204.0
6122 49.0
6123 413.0
6124 203.0
6125 38.0
6126 174.0
6127 1404.0
6128 191.0
6129 191.0
6130 413.0
6131 203.0
6132 413.0
6133 1376.0
6134 203.0
6135 38.0
6136 253.0
6137 443.0
6138 443.0
6139 251.0
6140 225.0
6141 3638.0
6142 38.0
6143 413.0
6144 191.0
6145 413.0
6146 191.0
6147 413.0
6148 475.0
6149 413.0
6150 174.0
6151 909.0
6152 204.0
6153 174.0
6154 186.0
6155 1073.0
6156 164.0
6157 203.0
6158 204.0
6159 203.0
6160 202.0
6161 203.0
6162 203.0
6163 44.0
6164 180.0
6165 0.0
6166 251.0
6167 253.0
6168 191.0
6169 443.0
6170 413.0
6171 413.0
6172 203.0
6173 2925.0
6174 759.0
6175 202.0
6176 363.0
6177 203.0
6178 291.0
6179 180.0
6180 443.0
6181 38.0
6182 443.0
6183 203.0
6184 291.0
6185 2060.0
6186 203.0
6187 32.0
6188 202.0
6189 413.0
6190 3421.0
6191 203.0
6192 203.0
6193 1078.0
6194 413.0
6195 391.0
6196 253.0
6197 909.0
6198 486.0
6199 180.0
6200 413.0
6201 251.0
6202 251.0
6203 30.0
6204 443.0
6205 1078.0
6206 251.0
6207 251.0
6208 363.0
6209 413.0
6210 252.0
6211 180.0
6212 203.0
6213 191.0
6214 203.0
6215 413.0
6216 30.0
6217 203.0
6218 34.0
6219 186.0
6220 32.0
6221 413.0
6222 3859.0
6223 25.0
6224 203.0
6225 28.0
6226 191.0
6227 38.0
6228 251.0
6229 203.0
6230 204.0
6231 0.0
6232 1077.0
6233 180.0
6234 30.0
6235 443.0
6236 413.0
6237 174.0
6238 0.0
6239 413.0
6240 443.0
6241 204.0
6242 204.0
6243 443.0
6244 204.0
6245 443.0
6246 49.0
6247 443.0
6248 25.0
6249 203.0
6250 413.0
6251 14.0
6252 0.0
6253 939.0
6254 1.0
6255 203.0
6256 443.0
6257 486.0
6258 174.0
6259 251.0
6260 251.0
6261 1078.0
6262 30.0
6263 443.0
6264 3877.0
6265 0.0
6266 204.0
6267 443.0
6268 203.0
6269 33.0
6270 443.0
6271 413.0
6272 443.0
6273 1401.0
6274 1404.0
6275 32.0
6276 273.0
6277 413.0
6278 32.0
6279 30.0
6280 251.0
6281 909.0
6282 1077.0
6283 191.0
6284 203.0
6285 203.0
6286 413.0
6287 2829.0
6288 186.0
6289 2965.0
6290 1830.0
6291 251.0
6292 2107.0
6293 203.0
6294 191.0
6295 204.0
6296 104.0
6297 413.0
6298 204.0
6299 180.0
6300 33.0
6301 3773.0
6302 939.0
6303 486.0
6304 486.0
6305 204.0
6306 443.0
6307 191.0
6308 203.0
6309 413.0
6310 3773.0
6311 0.0
6312 98.0
6313 180.0
6314 443.0
6315 1077.0
6316 180.0
6317 194.0
6318 413.0
6319 204.0
6320 443.0
6321 3877.0
6322 413.0
6323 49.0
6324 49.0
6325 2838.0
6326 443.0
6327 203.0
6328 251.0
6329 2060.0
6330 443.0
6331 251.0
6332 251.0
6333 413.0
6334 180.0
6335 49.0
6336 443.0
6337 413.0
6338 413.0
6339 191.0
6340 2823.0
6341 413.0
6342 486.0
6343 253.0
6344 202.0
6345 0.0
6346 413.0
6347 413.0
6348 169.0
6349 203.0
6350 180.0
6351 204.0
6352 38.0
6353 180.0
6354 203.0
6355 413.0
6356 251.0
6357 0.0
6358 20.0
6359 2823.0
6360 204.0
6361 38.0
6362 939.0
6363 32.0
6364 33.0
6365 3877.0
6366 413.0
6367 180.0
6368 180.0
6369 3228.0
6370 251.0
6371 0.0
6372 413.0
6373 443.0
6374 413.0
6375 413.0
6376 30.0
6377 180.0
6378 49.0
6379 203.0
6380 203.0
6381 253.0
6382 49.0
6383 443.0
6384 186.0
6385 202.0
6386 185.0
6387 203.0
6388 32.0
6389 204.0
6390 32.0
6391 0.0
6392 180.0
6393 251.0
6394 413.0
6395 203.0
6396 25.0
6397 413.0
6398 104.0
6399 32.0
6400 203.0
6401 413.0
6402 4096.0
6403 443.0
6404 0.0
6405 413.0
6406 0.0
6407 44.0
6408 1.0
6409 203.0
6410 2102.0
6411 2102.0
6412 49.0
6413 25.0
6414 204.0
6415 3877.0
6416 251.0
6417 443.0
6418 38.0
6419 413.0
6420 180.0
6421 3859.0
6422 413.0
6423 186.0
6424 251.0
6425 38.0
6426 0.0
6427 44.0
6428 413.0
6429 413.0
6430 251.0
6431 413.0
6432 251.0
6433 32.0
6434 1403.0
6435 203.0
6436 203.0
6437 424.0
6438 191.0
6439 413.0
6440 203.0
6441 203.0
6442 486.0
6443 0.0
6444 251.0
6445 2099.0
6446 180.0
6447 443.0
6448 413.0
6449 2107.0
6450 413.0
6451 32.0
6452 413.0
6453 251.0
6454 30.0
6455 251.0
6456 413.0
6457 164.0
6458 251.0
6459 204.0
6460 0.0
6461 203.0
6462 203.0
6463 203.0
6464 44.0
6465 191.0
6466 251.0
6467 3857.0
6468 104.0
6469 23.0
6470 180.0
6471 443.0
6472 413.0
6473 33.0
6474 251.0
6475 443.0
6476 203.0
6477 413.0
6478 251.0
6479 251.0
6480 180.0
6481 180.0
6482 174.0
6483 413.0
6484 204.0
6485 413.0
6486 38.0
6487 203.0
6488 203.0
6489 203.0
6490 202.0
6491 443.0
6492 203.0
6493 203.0
6494 413.0
6495 203.0
6496 174.0
6497 251.0
6498 413.0
6499 413.0
6500 0.0
6501 98.0
6502 174.0
6503 191.0
6504 32.0
6505 443.0
6506 2107.0
6507 32.0
6508 203.0
6509 204.0
6510 1269.0
6511 627.0
6512 204.0
6513 204.0
6514 0.0
6515 0.0
6516 443.0
6517 1.0
6518 204.0
6519 251.0
6520 203.0
6521 252.0
6522 204.0
6523 627.0
6524 191.0
6525 204.0
6526 1.0
6527 3877.0
6528 38.0
6529 25.0
6530 203.0
6531 174.0
6532 33.0
6533 424.0
6534 363.0
6535 251.0
6536 204.0
6537 25.0
6538 191.0
6539 49.0
6540 413.0
6541 443.0
6542 443.0
6543 251.0
6544 251.0
6545 413.0
6546 204.0
6547 49.0
6548 413.0
6549 203.0
6550 203.0
6551 30.0
6552 32.0
6553 251.0
6554 291.0
6555 6.0
6556 3432.0
6557 443.0
6558 443.0
6559 413.0
6560 3243.0
6561 2099.0
6562 1417.0
6563 251.0
6564 443.0
6565 424.0
6566 17.0
6567 251.0
6568 413.0
6569 443.0
6570 180.0
6571 413.0
6572 1067.0
6573 1078.0
6574 475.0
6575 1404.0
6576 251.0
6577 283.0
6578 443.0
6579 175.0
6580 191.0
6581 251.0
6582 252.0
6583 1077.0
6584 180.0
6585 203.0
6586 443.0
6587 2060.0
6588 443.0
6589 413.0
6590 486.0
6591 413.0
6592 203.0
6593 413.0
6594 413.0
6595 627.0
6596 443.0
6597 25.0
6598 413.0
6599 204.0
6600 186.0
6601 203.0
6602 413.0
6603 413.0
6604 180.0
6605 413.0
6606 203.0
6607 413.0
6608 413.0
6609 413.0
6610 413.0
6611 203.0
6612 169.0
6613 98.0
6614 1077.0
6615 443.0
6616 204.0
6617 413.0
6618 413.0
6619 413.0
6620 203.0
6621 443.0
6622 4096.0
