1 0.0
2 30.0
3 0.0
4 33.0
5 0.0
6 0.0
7 0.0
8 0.0
9 146.0
10 0.0
11 0.0
12 0.0
13 0.0
14 37.0
15 203.0
16 29.0
17 0.0
18 30.0
19 0.0
20 6.0
21 29.0
22 71.0
23 61.0
24 30.0
25 0.0
26 0.0
27 0.0
28 0.0
29 0.0
30 0.0
31 0.0
32 30.0
33 0.0
34 0.0
35 163.0
36 0.0
37 0.0
38 0.0
39 203.0
40 0.0
41 0.0
42 0.0
43 0.0
44 0.0
45 165.0
46 251.0
47 0.0
48 0.0
49 0.0
50 0.0
51 251.0
52 98.0
53 316.0
54 0.0
55 30.0
56 180.0
57 0.0
58 104.0
59 191.0
60 203.0
61 176.0
62 0.0
63 195.0
64 25.0
65 59.0
66 29.0
67 251.0
68 251.0
69 203.0
70 54.0
71 30.0
72 251.0
73 251.0
74 0.0
75 24.0
76 94.0
77 33.0
78 32.0
79 75.0
80 0.0
81 251.0
82 203.0
83 33.0
84 203.0
85 0.0
86 46.0
87 32.0
88 0.0
89 99.0
90 37.0
91 0.0
92 25.0
93 0.0
94 25.0
95 25.0
96 104.0
97 252.0
98 25.0
99 0.0
100 164.0
101 98.0
102 316.0
103 38.0
104 251.0
105 0.0
106 30.0
107 38.0
108 203.0
109 0.0
110 77.0
111 72.0
112 176.0
113 198.0
114 25.0
115 25.0
116 83.0
117 176.0
118 251.0
119 251.0
120 57.0
121 0.0
122 203.0
123 203.0
124 175.0
125 251.0
126 315.0
127 37.0
128 33.0
129 32.0
130 251.0
131 142.0
132 117.0
133 203.0
134 251.0
135 251.0
136 0.0
137 0.0
138 191.0
139 316.0
140 32.0
141 172.0
142 6.0
143 32.0
144 35.0
145 38.0
146 32.0
147 204.0
148 10.0
149 25.0
150 38.0
151 251.0
152 177.0
153 316.0
154 0.0
155 30.0
156 30.0
157 49.0
158 38.0
159 0.0
160 268.0
161 0.0
162 0.0
163 177.0
164 251.0
165 203.0
166 74.0
167 67.0
168 214.0
169 315.0
170 60.0
171 61.0
172 109.0
173 21.0
174 251.0
175 98.0
176 251.0
177 220.0
178 44.0
179 0.0
180 38.0
181 251.0
182 142.0
183 54.0
184 203.0
185 18.0
186 251.0
187 0.0
188 6.0
189 109.0
190 252.0
191 32.0
192 20.0
193 203.0
194 99.0
195 185.0
196 0.0
197 110.0
198 25.0
199 251.0
200 32.0
201 82.0
202 253.0
203 109.0
204 316.0
205 0.0
206 251.0
207 30.0
208 49.0
209 25.0
210 30.0
211 0.0
212 251.0
213 251.0
214 0.0
215 0.0
216 0.0
217 25.0
218 115.0
219 251.0
220 0.0
221 0.0
222 203.0
223 0.0
224 32.0
225 33.0
226 163.0
227 315.0
228 111.0
229 0.0
230 0.0
231 25.0
232 91.0
233 203.0
234 103.0
235 175.0
236 0.0
237 204.0
238 0.0
239 0.0
240 251.0
241 203.0
242 0.0
243 30.0
244 52.0
245 56.0
246 251.0
247 0.0
248 0.0
249 203.0
250 186.0
251 251.0
252 251.0
253 203.0
254 203.0
255 316.0
256 32.0
257 67.0
258 0.0
259 44.0
260 38.0
261 0.0
262 0.0
263 77.0
264 110.0
265 0.0
266 49.0
267 203.0
268 25.0
269 252.0
270 33.0
271 251.0
272 251.0
273 203.0
274 0.0
275 0.0
276 104.0
277 171.0
278 60.0
279 56.0
280 54.0
281 0.0
282 32.0
283 91.0
284 0.0
285 203.0
286 252.0
287 0.0
288 0.0
289 25.0
290 46.0
291 61.0
292 225.0
293 0.0
294 37.0
295 60.0
296 41.0
297 38.0
298 71.0
299 66.0
300 203.0
301 251.0
302 0.0
303 36.0
304 203.0
305 0.0
306 316.0
307 25.0
308 315.0
309 0.0
310 252.0
311 0.0
312 30.0
313 0.0
314 77.0
315 191.0
316 251.0
317 49.0
318 203.0
319 0.0
320 252.0
321 251.0
322 252.0
323 251.0
324 203.0
325 30.0
326 30.0
327 251.0
328 203.0
329 252.0
330 203.0
331 44.0
332 0.0
333 0.0
334 48.0
335 142.0
336 127.0
337 251.0
338 18.0
339 203.0
340 0.0
341 46.0
342 251.0
343 316.0
344 38.0
345 30.0
346 56.0
347 251.0
348 315.0
349 32.0
350 99.0
351 28.0
352 10.0
353 32.0
354 38.0
355 251.0
356 316.0
357 316.0
358 0.0
359 0.0
360 0.0
361 30.0
362 25.0
363 0.0
364 251.0
365 0.0
366 315.0
367 251.0
368 49.0
369 251.0
370 0.0
371 252.0
372 239.0
373 203.0
374 8.0
375 25.0
376 125.0
377 30.0
378 9.0
379 204.0
380 251.0
381 45.0
382 0.0
383 165.0
384 0.0
385 0.0
386 24.0
387 59.0
388 196.0
389 32.0
390 252.0
391 0.0
392 18.0
393 60.0
394 258.0
395 103.0
396 30.0
397 315.0
398 56.0
399 1.0
400 71.0
401 0.0
402 9.0
403 252.0
404 32.0
405 0.0
406 81.0
407 109.0
408 316.0
409 32.0
410 252.0
411 30.0
412 14.0
413 66.0
414 171.0
415 0.0
416 203.0
417 61.0
418 69.0
419 315.0
420 0.0
421 242.0
422 77.0
423 251.0
424 315.0
425 252.0
426 38.0
427 0.0
428 25.0
429 6.0
430 315.0
431 316.0
432 25.0
433 0.0
434 32.0
435 0.0
436 0.0
437 0.0
438 85.0
439 251.0
440 0.0
441 30.0
442 0.0
443 43.0
444 61.0
445 252.0
446 0.0
447 29.0
448 45.0
449 74.0
450 97.0
451 0.0
452 251.0
453 203.0
454 186.0
455 14.0
456 38.0
457 203.0
458 203.0
459 316.0
460 201.0
461 251.0
462 0.0
463 252.0
464 32.0
465 240.0
466 0.0
467 251.0
468 178.0
469 251.0
470 197.0
471 252.0
472 251.0
473 251.0
474 33.0
475 251.0
476 192.0
477 221.0
478 203.0
479 251.0
480 251.0
481 251.0
482 251.0
483 204.0
484 203.0
485 24.0
486 0.0
487 30.0
488 0.0
489 155.0
490 251.0
491 0.0
492 186.0
493 0.0
494 46.0
495 252.0
496 83.0
497 93.0
498 251.0
499 0.0
500 32.0
501 0.0
502 82.0
503 254.0
504 154.0
505 186.0
506 127.0
507 252.0
508 251.0
509 0.0
510 316.0
511 30.0
512 1.0
513 56.0
514 66.0
515 185.0
516 204.0
517 0.0
518 0.0
519 178.0
520 251.0
521 56.0
522 203.0
523 77.0
524 316.0
525 251.0
526 252.0
527 251.0
528 30.0
529 0.0
530 0.0
531 251.0
532 251.0
533 252.0
534 32.0
535 38.0
536 162.0
537 0.0
538 252.0
539 142.0
540 203.0
541 203.0
542 32.0
543 196.0
544 0.0
545 36.0
546 251.0
547 252.0
548 38.0
549 30.0
550 251.0
551 56.0
552 251.0
553 25.0
554 138.0
555 118.0
556 251.0
557 32.0
558 0.0
559 251.0
560 315.0
561 316.0
562 109.0
563 1.0
564 0.0
565 0.0
566 0.0
567 190.0
568 0.0
569 203.0
570 0.0
571 251.0
572 251.0
573 203.0
574 121.0
575 111.0
576 251.0
577 315.0
578 0.0
579 251.0
580 203.0
581 111.0
582 266.0
583 270.0
584 252.0
585 252.0
586 37.0
587 0.0
588 0.0
589 25.0
590 153.0
591 251.0
592 203.0
593 94.0
594 0.0
595 25.0
596 46.0
597 251.0
598 315.0
599 30.0
600 30.0
601 45.0
602 203.0
603 160.0
604 25.0
605 251.0
606 42.0
607 251.0
608 18.0
609 33.0
610 0.0
611 252.0
612 316.0
613 98.0
614 316.0
615 251.0
616 251.0
617 38.0
618 251.0
619 125.0
620 69.0
621 0.0
622 251.0
623 38.0
624 251.0
625 252.0
626 251.0
627 239.0
628 251.0
629 14.0
630 60.0
631 203.0
632 38.0
633 30.0
634 257.0
635 82.0
636 30.0
637 44.0
638 0.0
639 32.0
640 20.0
641 0.0
642 203.0
643 252.0
644 12.0
645 60.0
646 0.0
647 0.0
648 77.0
649 78.0
650 93.0
651 29.0
652 142.0
653 32.0
654 315.0
655 111.0
656 251.0
657 42.0
658 252.0
659 0.0
660 148.0
661 252.0
662 316.0
663 316.0
664 30.0
665 316.0
666 0.0
667 203.0
668 38.0
669 204.0
670 203.0
671 251.0
672 32.0
673 251.0
674 42.0
675 0.0
676 251.0
677 251.0
678 30.0
679 261.0
680 0.0
681 0.0
682 203.0
683 263.0
684 0.0
685 251.0
686 53.0
687 30.0
688 44.0
689 0.0
690 32.0
691 44.0
692 0.0
693 147.0
694 260.0
695 0.0
696 185.0
697 0.0
698 158.0
699 77.0
700 255.0
701 38.0
702 98.0
703 209.0
704 32.0
705 0.0
706 0.0
707 251.0
708 38.0
709 252.0
710 32.0
711 0.0
712 251.0
713 0.0
714 316.0
715 43.0
716 204.0
717 251.0
718 0.0
719 25.0
720 251.0
721 0.0
722 252.0
723 0.0
724 252.0
725 58.0
726 203.0
727 121.0
728 111.0
729 252.0
730 51.0
731 251.0
732 203.0
733 0.0
734 0.0
735 98.0
736 252.0
737 316.0
738 22.0
739 38.0
740 33.0
741 43.0
742 48.0
743 147.0
744 203.0
745 4.0
746 32.0
747 185.0
748 0.0
749 33.0
750 251.0
751 203.0
752 49.0
753 29.0
754 251.0
755 204.0
756 154.0
757 99.0
758 251.0
759 27.0
760 251.0
761 0.0
762 252.0
763 252.0
764 316.0
765 316.0
766 27.0
767 203.0
768 252.0
769 0.0
770 215.0
771 251.0
772 251.0
773 29.0
774 0.0
775 61.0
776 38.0
777 203.0
778 0.0
779 267.0
780 251.0
781 252.0
782 251.0
783 60.0
784 19.0
785 96.0
786 0.0
787 44.0
788 252.0
789 203.0
790 47.0
791 0.0
792 100.0
793 0.0
794 142.0
795 29.0
796 316.0
797 203.0
798 251.0
799 0.0
800 0.0
801 251.0
802 0.0
803 121.0
804 60.0
805 142.0
806 2.0
807 251.0
808 252.0
809 251.0
810 42.0
811 10.0
812 0.0
813 203.0
814 109.0
815 263.0
816 316.0
817 0.0
818 316.0
819 251.0
820 203.0
821 32.0
822 203.0
823 251.0
824 251.0
825 252.0
826 203.0
827 6.0
828 0.0
829 69.0
830 252.0
831 251.0
832 251.0
833 0.0
834 0.0
835 316.0
836 251.0
837 25.0
838 9.0
839 266.0
840 0.0
841 203.0
842 251.0
843 0.0
844 48.0
845 0.0
846 252.0
847 251.0
848 0.0
849 0.0
850 0.0
851 158.0
852 252.0
853 255.0
854 0.0
855 30.0
856 203.0
857 32.0
858 123.0
859 105.0
860 203.0
861 204.0
862 175.0
863 252.0
864 77.0
865 54.0
866 315.0
867 316.0
868 25.0
869 204.0
870 251.0
871 252.0
872 0.0
873 204.0
874 272.0
875 251.0
876 192.0
877 251.0
878 0.0
879 252.0
880 251.0
881 252.0
882 251.0
883 88.0
884 0.0
885 6.0
886 204.0
887 0.0
888 251.0
889 251.0
890 251.0
891 90.0
892 203.0
893 0.0
894 0.0
895 0.0
896 251.0
897 252.0
898 4.0
899 136.0
900 69.0
901 0.0
902 158.0
903 77.0
904 315.0
905 6.0
906 164.0
907 220.0
908 74.0
909 97.0
910 111.0
911 252.0
912 203.0
913 185.0
914 99.0
915 0.0
916 251.0
917 203.0
918 316.0
919 38.0
920 315.0
921 251.0
922 11.0
923 0.0
924 67.0
925 174.0
926 0.0
927 0.0
928 251.0
929 67.0
930 251.0
931 251.0
932 252.0
933 251.0
934 315.0
935 252.0
936 196.0
937 251.0
938 44.0
939 194.0
940 252.0
941 252.0
942 0.0
943 203.0
944 0.0
945 191.0
946 20.0
947 142.0
948 252.0
949 2.0
950 49.0
951 198.0
952 0.0
953 251.0
954 251.0
955 316.0
956 146.0
957 30.0
958 114.0
959 0.0
960 252.0
961 251.0
962 251.0
963 136.0
964 10.0
965 0.0
966 33.0
967 251.0
968 251.0
969 316.0
970 32.0
971 315.0
972 61.0
973 32.0
974 32.0
975 252.0
976 252.0
977 252.0
978 191.0
979 0.0
980 6.0
981 251.0
982 0.0
983 77.0
984 251.0
985 251.0
986 252.0
987 203.0
988 66.0
989 251.0
990 0.0
991 316.0
992 252.0
993 32.0
994 203.0
995 24.0
996 67.0
997 20.0
998 151.0
999 252.0
1000 251.0
1001 0.0
1002 251.0
1003 33.0
1004 0.0
1005 251.0
1006 252.0
1007 251.0
1008 0.0
1009 25.0
1010 32.0
1011 0.0
1012 252.0
1013 203.0
1014 203.0
1015 251.0
1016 252.0
1017 252.0
1018 251.0
1019 262.0
1020 316.0
1021 25.0
1022 316.0
1023 252.0
1024 32.0
1025 3.0
1026 252.0
1027 252.0
1028 252.0
1029 25.0
1030 251.0
1031 0.0
1032 252.0
1033 0.0
1034 77.0
1035 265.0
1036 203.0
1037 0.0
1038 0.0
1039 203.0
1040 190.0
1041 0.0
1042 83.0
1043 252.0
1044 32.0
1045 203.0
1046 0.0
1047 251.0
1048 30.0
1049 0.0
1050 251.0
1051 252.0
1052 95.0
1053 0.0
1054 0.0
1055 251.0
1056 251.0
1057 251.0
1058 10.0
1059 0.0
1060 158.0
1061 44.0
1062 316.0
1063 111.0
1064 69.0
1065 20.0
1066 195.0
1067 110.0
1068 0.0
1069 252.0
1070 315.0
1071 316.0
1072 25.0
1073 251.0
1074 251.0
1075 0.0
1076 0.0
1077 69.0
1078 103.0
1079 71.0
1080 251.0
1081 252.0
1082 30.0
1083 315.0
1084 23.0
1085 251.0
1086 251.0
1087 203.0
1088 251.0
1089 0.0
1090 203.0
1091 33.0
1092 251.0
1093 251.0
1094 251.0
1095 0.0
1096 203.0
1097 24.0
1098 316.0
1099 25.0
1100 0.0
1101 252.0
1102 203.0
1103 32.0
1104 185.0
1105 69.0
1106 158.0
1107 252.0
1108 0.0
1109 251.0
1110 64.0
1111 175.0
1112 1.0
1113 185.0
1114 268.0
1115 66.0
1116 204.0
1117 251.0
1118 0.0
1119 252.0
1120 246.0
1121 0.0
1122 316.0
1123 38.0
1124 315.0
1125 252.0
1126 29.0
1127 38.0
1128 252.0
1129 251.0
1130 251.0
1131 0.0
1132 251.0
1133 11.0
1134 251.0
1135 38.0
1136 111.0
1137 315.0
1138 251.0
1139 267.0
1140 67.0
1141 8.0
1142 1.0
1143 251.0
1144 252.0
1145 251.0
1146 316.0
1147 203.0
1148 32.0
1149 0.0
1150 20.0
1151 56.0
1152 251.0
1153 251.0
1154 32.0
1155 251.0
1156 25.0
1157 158.0
1158 252.0
1159 253.0
1160 251.0
1161 60.0
1162 113.0
1163 32.0
1164 251.0
1165 251.0
1166 0.0
1167 204.0
1168 64.0
1169 0.0
1170 38.0
1171 252.0
1172 142.0
1173 316.0
1174 38.0
1175 258.0
1176 251.0
1177 30.0
1178 25.0
1179 251.0
1180 273.0
1181 252.0
1182 315.0
1183 119.0
1184 0.0
1185 252.0
1186 192.0
1187 267.0
1188 252.0
1189 251.0
1190 0.0
1191 0.0
1192 0.0
1193 32.0
1194 0.0
1195 77.0
1196 203.0
1197 32.0
1198 203.0
1199 0.0
1200 251.0
1201 203.0
1202 107.0
1203 316.0
1204 251.0
1205 251.0
1206 0.0
1207 0.0
1208 33.0
1209 251.0
1210 255.0
1211 69.0
1212 32.0
1213 46.0
1214 203.0
1215 0.0
1216 69.0
1217 252.0
1218 204.0
1219 109.0
1220 51.0
1221 251.0
1222 253.0
1223 191.0
1224 316.0
1225 25.0
1226 258.0
1227 252.0
1228 55.0
1229 25.0
1230 252.0
1231 82.0
1232 252.0
1233 99.0
1234 252.0
1235 0.0
1236 252.0
1237 0.0
1238 251.0
1239 251.0
1240 252.0
1241 315.0
1242 0.0
1243 0.0
1244 32.0
1245 69.0
1246 67.0
1247 252.0
1248 0.0
1249 203.0
1250 0.0
1251 251.0
1252 48.0
1253 0.0
1254 138.0
1255 65.0
1256 0.0
1257 251.0
1258 25.0
1259 0.0
1260 316.0
1261 252.0
1262 251.0
1263 30.0
1264 0.0
1265 15.0
1266 109.0
1267 51.0
1268 66.0
1269 111.0
1270 7.0
1271 25.0
1272 0.0
1273 315.0
1274 0.0
1275 316.0
1276 18.0
1277 252.0
1278 251.0
1279 203.0
1280 25.0
1281 138.0
1282 251.0
1283 56.0
1284 251.0
1285 44.0
1286 0.0
1287 251.0
1288 252.0
1289 77.0
1290 262.0
1291 203.0
1292 252.0
1293 0.0
1294 0.0
1295 30.0
1296 251.0
1297 251.0
1298 251.0
1299 57.0
1300 203.0
1301 32.0
1302 251.0
1303 0.0
1304 9.0
1305 251.0
1306 251.0
1307 0.0
1308 251.0
1309 25.0
1310 158.0
1311 138.0
1312 316.0
1313 251.0
1314 169.0
1315 78.0
1316 32.0
1317 144.0
1318 252.0
1319 251.0
1320 204.0
1321 251.0
1322 99.0
1323 28.0
1324 252.0
1325 0.0
1326 316.0
1327 38.0
1328 316.0
1329 251.0
1330 11.0
1331 117.0
1332 251.0
1333 251.0
1334 315.0
1335 0.0
1336 316.0
1337 0.0
1338 252.0
1339 38.0
1340 59.0
1341 315.0
1342 252.0
1343 82.0
1344 251.0
1345 0.0
1346 85.0
1347 251.0
1348 251.0
1349 49.0
1350 251.0
1351 203.0
1352 0.0
1353 0.0
1354 251.0
1355 56.0
1356 315.0
1357 252.0
1358 38.0
1359 251.0
1360 0.0
1361 46.0
1362 251.0
1363 225.0
1364 0.0
1365 169.0
1366 251.0
1367 32.0
1368 0.0
1369 69.0
1370 69.0
1371 251.0
1372 109.0
1373 99.0
1374 38.0
1375 267.0
1376 191.0
1377 316.0
1378 25.0
1379 316.0
1380 252.0
1381 0.0
1382 32.0
1383 251.0
1384 121.0
1385 251.0
1386 30.0
1387 251.0
1388 11.0
1389 251.0
1390 251.0
1391 251.0
1392 252.0
1393 251.0
1394 174.0
1395 0.0
1396 0.0
1397 0.0
1398 37.0
1399 4.0
1400 252.0
1401 33.0
1402 203.0
1403 24.0
1404 0.0
1405 196.0
1406 56.0
1407 316.0
1408 56.0
1409 32.0
1410 69.0
1411 0.0
1412 0.0
1413 316.0
1414 0.0
1415 43.0
1416 93.0
1417 203.0
1418 204.0
1419 0.0
1420 260.0
1421 251.0
1422 203.0
1423 26.0
1424 25.0
1425 0.0
1426 316.0
1427 181.0
1428 316.0
1429 25.0
1430 252.0
1431 252.0
1432 55.0
1433 32.0
1434 60.0
1435 252.0
1436 38.0
1437 99.0
1438 316.0
1439 0.0
1440 316.0
1441 0.0
1442 252.0
1443 315.0
1444 252.0
1445 316.0
1446 57.0
1447 51.0
1448 0.0
1449 30.0
1450 251.0
1451 316.0
1452 251.0
1453 6.0
1454 50.0
1455 69.0
1456 153.0
1457 142.0
1458 251.0
1459 266.0
1460 7.0
1461 252.0
1462 0.0
1463 32.0
1464 316.0
1465 251.0
1466 38.0
1467 93.0
1468 94.0
1469 63.0
1470 144.0
1471 251.0
1472 251.0
1473 203.0
1474 0.0
1475 251.0
1476 0.0
1477 138.0
1478 0.0
1479 316.0
1480 38.0
1481 252.0
1482 252.0
1483 29.0
1484 0.0
1485 252.0
1486 121.0
1487 39.0
1488 99.0
1489 69.0
1490 97.0
1491 252.0
1492 251.0
1493 77.0
1494 262.0
1495 315.0
1496 251.0
1497 0.0
1498 19.0
1499 30.0
1500 251.0
1501 251.0
1502 252.0
1503 22.0
1504 203.0
1505 32.0
1506 251.0
1507 253.0
1508 0.0
1509 251.0
1510 270.0
1511 23.0
1512 252.0
1513 0.0
1514 158.0
1515 251.0
1516 315.0
1517 0.0
1518 169.0
1519 252.0
1520 32.0
1521 109.0
1522 258.0
1523 251.0
1524 203.0
1525 103.0
1526 32.0
1527 30.0
1528 252.0
1529 0.0
1530 316.0
1531 38.0
1532 252.0
1533 251.0
1534 263.0
1535 0.0
1536 72.0
1537 251.0
1538 173.0
1539 0.0
1540 316.0
1541 11.0
1542 266.0
1543 184.0
1544 72.0
1545 315.0
1546 247.0
1547 251.0
1548 0.0
1549 0.0
1550 32.0
1551 252.0
1552 316.0
1553 252.0
1554 82.0
1555 203.0
1556 55.0
1557 251.0
1558 203.0
1559 203.0
1560 266.0
1561 56.0
1562 84.0
1563 252.0
1564 25.0
1565 61.0
1566 252.0
1567 252.0
1568 38.0
1569 104.0
1570 251.0
1571 56.0
1572 0.0
1573 69.0
1574 251.0
1575 203.0
1576 252.0
1577 25.0
1578 0.0
1579 251.0
1580 185.0
1581 316.0
1582 25.0
1583 258.0
1584 251.0
1585 60.0
1586 88.0
1587 119.0
1588 69.0
1589 54.0
1590 315.0
1591 251.0
1592 67.0
1593 251.0
1594 69.0
1595 111.0
1596 315.0
1597 316.0
1598 0.0
1599 103.0
1600 0.0
1601 29.0
1602 0.0
1603 251.0
1604 57.0
1605 33.0
1606 203.0
1607 24.0
1608 69.0
1609 252.0
1610 142.0
1611 316.0
1612 315.0
1613 32.0
1614 269.0
1615 32.0
1616 0.0
1617 268.0
1618 78.0
1619 38.0
1620 30.0
1621 106.0
1622 56.0
1623 6.0
1624 252.0
1625 69.0
1626 203.0
1627 7.0
1628 38.0
1629 0.0
1630 69.0
1631 251.0
1632 316.0
1633 14.0
1634 316.0
1635 252.0
1636 35.0
1637 32.0
1638 150.0
1639 82.0
1640 44.0
1641 32.0
1642 251.0
1643 0.0
1644 251.0
1645 0.0
1646 251.0
1647 315.0
1648 300.0
1649 251.0
1650 130.0
1651 51.0
1652 0.0
1653 251.0
1654 251.0
1655 252.0
1656 251.0
1657 203.0
1658 84.0
1659 0.0
1660 0.0
1661 203.0
1662 251.0
1663 252.0
1664 0.0
1665 69.0
1666 0.0
1667 158.0
1668 316.0
1669 244.0
1670 25.0
1671 93.0
1672 251.0
1673 32.0
1674 192.0
1675 251.0
1676 251.0
1677 203.0
1678 10.0
1679 251.0
1680 30.0
1681 69.0
1682 0.0
1683 316.0
1684 38.0
1685 252.0
1686 251.0
1687 45.0
1688 0.0
1689 181.0
1690 252.0
1691 71.0
1692 252.0
1693 119.0
1694 49.0
1695 251.0
1696 315.0
1697 269.0
1698 315.0
1699 231.0
1700 251.0
1701 64.0
1702 0.0
1703 192.0
1704 252.0
1705 258.0
1706 19.0
1707 315.0
1708 203.0
1709 32.0
1710 69.0
1711 0.0
1712 133.0
1713 266.0
1714 264.0
1715 105.0
1716 251.0
1717 0.0
1718 0.0
1719 316.0
1720 253.0
1721 55.0
1722 169.0
1723 203.0
1724 32.0
1725 123.0
1726 69.0
1727 251.0
1728 203.0
1729 151.0
1730 0.0
1731 0.0
1732 251.0
1733 0.0
1734 316.0
1735 18.0
1736 251.0
1737 252.0
1738 203.0
1739 0.0
1740 252.0
1741 82.0
1742 203.0
1743 0.0
1744 69.0
1745 251.0
1746 252.0
1747 251.0
1748 77.0
1749 252.0
1750 216.0
1751 0.0
1752 0.0
1753 0.0
1754 84.0
1755 26.0
1756 251.0
1757 203.0
1758 32.0
1759 203.0
1760 32.0
1761 251.0
1762 254.0
1763 2.0
1764 316.0
1765 64.0
1766 38.0
1767 252.0
1768 2.0
1769 43.0
1770 260.0
1771 0.0
1772 38.0
1773 64.0
1774 89.0
1775 0.0
1776 0.0
1777 251.0
1778 251.0
1779 203.0
1780 185.0
1781 251.0
1782 0.0
1783 251.0
1784 316.0
1785 316.0
1786 25.0
1787 258.0
1788 252.0
1789 29.0
1790 38.0
1791 116.0
1792 118.0
1793 252.0
1794 251.0
1795 251.0
1796 120.0
1797 267.0
1798 251.0
1799 77.0
1800 262.0
1801 204.0
1802 121.0
1803 0.0
1804 0.0
1805 143.0
1806 0.0
1807 251.0
1808 252.0
1809 251.0
1810 203.0
1811 0.0
1812 251.0
1813 251.0
1814 150.0
1815 252.0
1816 77.0
1817 0.0
1818 69.0
1819 0.0
1820 46.0
1821 251.0
1822 94.0
1823 0.0
1824 29.0
1825 62.0
1826 32.0
1827 204.0
1828 251.0
1829 69.0
1830 203.0
1831 251.0
1832 99.0
1833 251.0
1834 138.0
1835 191.0
1836 316.0
1837 38.0
1838 316.0
1839 251.0
1840 0.0
1841 38.0
1842 72.0
1843 251.0
1844 43.0
1845 252.0
1846 252.0
1847 251.0
1848 252.0
1849 119.0
1850 252.0
1851 251.0
1852 204.0
1853 251.0
1854 0.0
1855 0.0
1856 60.0
1857 61.0
1858 4.0
1859 251.0
1860 7.0
1861 203.0
1862 0.0
1863 69.0
1864 0.0
1865 251.0
1866 316.0
1867 261.0
1868 121.0
1869 251.0
1870 252.0
1871 34.0
1872 69.0
1873 265.0
1874 25.0
1875 158.0
1876 203.0
1877 0.0
1878 144.0
1879 69.0
1880 69.0
1881 203.0
1882 10.0
1883 251.0
1884 203.0
1885 316.0
1886 0.0
1887 316.0
1888 38.0
1889 251.0
1890 252.0
1891 32.0
1892 0.0
1893 168.0
1894 252.0
1895 83.0
1896 0.0
1897 138.0
1898 49.0
1899 251.0
1900 56.0
1901 111.0
1902 252.0
1903 263.0
1904 203.0
1905 0.0
1906 0.0
1907 251.0
1908 251.0
1909 266.0
1910 204.0
1911 32.0
1912 203.0
1913 186.0
1914 49.0
1915 66.0
1916 112.0
1917 316.0
1918 121.0
1919 35.0
1920 252.0
1921 32.0
1922 33.0
1923 251.0
1924 32.0
1925 25.0
1926 65.0
1927 203.0
1928 32.0
1929 315.0
1930 69.0
1931 66.0
1932 203.0
1933 175.0
1934 0.0
1935 252.0
1936 267.0
1937 0.0
1938 316.0
1939 25.0
1940 316.0
1941 60.0
1942 203.0
1943 135.0
1944 144.0
1945 94.0
1946 203.0
1947 99.0
1948 266.0
1949 49.0
1950 252.0
1951 69.0
1952 61.0
1953 252.0
1954 249.0
1955 8.0
1956 221.0
1957 204.0
1958 0.0
1959 0.0
1960 252.0
1961 252.0
1962 32.0
1963 203.0
1964 32.0
1965 252.0
1966 251.0
1967 203.0
1968 251.0
1969 175.0
1970 0.0
1971 111.0
1972 111.0
1973 33.0
1974 252.0
1975 32.0
1976 93.0
1977 251.0
1978 158.0
1979 2.0
1980 204.0
1981 251.0
1982 251.0
1983 203.0
1984 174.0
1985 0.0
1986 14.0
1987 251.0
1988 66.0
1989 316.0
1990 38.0
1991 315.0
1992 251.0
1993 38.0
1994 45.0
1995 16.0
1996 273.0
1997 203.0
1998 82.0
1999 252.0
2000 38.0
2001 251.0
2002 251.0
2003 252.0
2004 251.0
2005 224.0
2006 121.0
2007 251.0
2008 0.0
2009 0.0
2010 251.0
2011 315.0
2012 252.0
2013 32.0
2014 203.0
2015 37.0
2016 252.0
2017 30.0
2018 196.0
2019 316.0
2020 251.0
2021 30.0
2022 69.0
2023 204.0
2024 158.0
2025 251.0
2026 316.0
2027 103.0
2028 25.0
2029 203.0
2030 32.0
2031 9.0
2032 2.0
2033 0.0
2034 203.0
2035 0.0
2036 121.0
2037 14.0
2038 316.0
2039 251.0
2040 316.0
2041 0.0
2042 316.0
2043 252.0
2044 45.0
2045 6.0
2046 252.0
2047 251.0
2048 44.0
2049 86.0
2050 252.0
2051 42.0
2052 251.0
2053 251.0
2054 251.0
2055 315.0
2056 204.0
2057 203.0
2058 106.0
2059 203.0
2060 251.0
2061 251.0
2062 266.0
2063 252.0
2064 32.0
2065 203.0
2066 24.0
2067 0.0
2068 66.0
2069 251.0
2070 316.0
2071 169.0
2072 38.0
2073 252.0
2074 25.0
2075 316.0
2076 266.0
2077 83.0
2078 0.0
2079 0.0
2080 203.0
2081 32.0
2082 251.0
2083 267.0
2084 0.0
2085 203.0
2086 104.0
2087 38.0
2088 38.0
2089 263.0
2090 34.0
2091 316.0
2092 25.0
2093 316.0
2094 316.0
2095 32.0
2096 69.0
2097 110.0
2098 82.0
2099 44.0
2100 0.0
2101 69.0
2102 0.0
2103 316.0
2104 251.0
2105 0.0
2106 33.0
2107 203.0
2108 66.0
2109 252.0
2110 0.0
2111 38.0
2112 0.0
2113 251.0
2114 251.0
2115 32.0
2116 203.0
2117 315.0
2118 69.0
2119 49.0
2120 153.0
2121 267.0
2122 169.0
2123 21.0
2124 252.0
2125 252.0
2126 203.0
2127 69.0
2128 32.0
2129 0.0
2130 200.0
2131 72.0
2132 0.0
2133 204.0
2134 251.0
2135 66.0
2136 203.0
2137 93.0
2138 0.0
2139 0.0
2140 106.0
2141 179.0
2142 316.0
2143 38.0
2144 252.0
2145 136.0
2146 252.0
2147 38.0
2148 316.0
2149 94.0
2150 110.0
2151 228.0
2152 251.0
2153 44.0
2154 266.0
2155 251.0
2156 77.0
2157 315.0
2158 263.0
2159 0.0
2160 251.0
2161 0.0
2162 0.0
2163 315.0
2164 266.0
2165 251.0
2166 32.0
2167 203.0
2168 32.0
2169 252.0
2170 20.0
2171 125.0
2172 252.0
2173 254.0
2174 30.0
2175 111.0
2176 121.0
2177 33.0
2178 252.0
2179 252.0
2180 0.0
2181 109.0
2182 72.0
2183 32.0
2184 316.0
2185 315.0
2186 66.0
2187 203.0
2188 25.0
2189 32.0
2190 266.0
2191 69.0
2192 179.0
2193 316.0
2194 25.0
2195 315.0
2196 251.0
2197 0.0
2198 1.0
2199 203.0
2200 263.0
2201 131.0
2202 251.0
2203 138.0
2204 176.0
2205 316.0
2206 49.0
2207 185.0
2208 243.0
2209 218.0
2210 0.0
2211 316.0
2212 140.0
2213 251.0
2214 251.0
2215 266.0
2216 252.0
2217 33.0
2218 203.0
2219 203.0
2220 251.0
2221 30.0
2222 196.0
2223 266.0
2224 158.0
2225 251.0
2226 251.0
2227 252.0
2228 158.0
2229 266.0
2230 94.0
2231 32.0
2232 124.0
2233 316.0
2234 32.0
2235 251.0
2236 258.0
2237 0.0
2238 203.0
2239 252.0
2240 32.0
2241 50.0
2242 251.0
2243 0.0
2244 316.0
2245 32.0
2246 316.0
2247 72.0
2248 203.0
2249 0.0
2250 252.0
2251 252.0
2252 315.0
2253 315.0
2254 138.0
2255 0.0
2256 316.0
2257 251.0
2258 77.0
2259 33.0
2260 204.0
2261 252.0
2262 29.0
2263 0.0
2264 251.0
2265 26.0
2266 316.0
2267 49.0
2268 32.0
2269 203.0
2270 24.0
2271 0.0
2272 49.0
2273 203.0
2274 267.0
2275 197.0
2276 34.0
2277 251.0
2278 33.0
2279 46.0
2280 316.0
2281 0.0
2282 0.0
2283 109.0
2284 251.0
2285 32.0
2286 252.0
2287 316.0
2288 0.0
2289 203.0
2290 93.0
2291 25.0
2292 0.0
2293 251.0
2294 66.0
2295 316.0
2296 38.0
2297 251.0
2298 0.0
2299 252.0
2300 88.0
2301 251.0
2302 316.0
2303 54.0
2304 204.0
2305 251.0
2306 251.0
2307 316.0
2308 0.0
2309 32.0
2310 251.0
2311 204.0
2312 0.0
2313 251.0
2314 0.0
2315 0.0
2316 251.0
2317 251.0
2318 204.0
2319 32.0
2320 203.0
2321 24.0
2322 0.0
2323 251.0
2324 251.0
2325 252.0
2326 203.0
2327 99.0
2328 316.0
2329 0.0
2330 169.0
2331 315.0
2332 0.0
2333 0.0
2334 104.0
2335 266.0
2336 32.0
2337 204.0
2338 252.0
2339 32.0
2340 203.0
2341 93.0
2342 0.0
2343 252.0
2344 54.0
2345 179.0
2346 316.0
2347 25.0
2348 316.0
2349 0.0
2350 62.0
2351 269.0
2352 134.0
2353 251.0
2354 131.0
2355 251.0
2356 252.0
2357 49.0
2358 316.0
2359 138.0
2360 251.0
2361 238.0
2362 204.0
2363 69.0
2364 251.0
2365 0.0
2366 316.0
2367 316.0
2368 251.0
2369 19.0
2370 32.0
2371 203.0
2372 32.0
2373 67.0
2374 84.0
2375 133.0
2376 316.0
2377 251.0
2378 32.0
2379 69.0
2380 0.0
2381 169.0
2382 315.0
2383 83.0
2384 252.0
2385 109.0
2386 89.0
2387 32.0
2388 251.0
2389 252.0
2390 0.0
2391 203.0
2392 7.0
2393 38.0
2394 33.0
2395 316.0
2396 0.0
2397 316.0
2398 25.0
2399 252.0
2400 251.0
2401 252.0
2402 0.0
2403 252.0
2404 316.0
2405 69.0
2406 251.0
2407 119.0
2408 44.0
2409 316.0
2410 0.0
2411 191.0
2412 252.0
2413 249.0
2414 251.0
2415 138.0
2416 203.0
2417 252.0
2418 26.0
2419 316.0
2420 252.0
2421 32.0
2422 316.0
2423 258.0
2424 252.0
2425 204.0
2426 130.0
2427 315.0
2428 178.0
2429 32.0
2430 252.0
2431 25.0
2432 158.0
2433 138.0
2434 32.0
2435 32.0
2436 82.0
2437 252.0
2438 32.0
2439 204.0
2440 64.0
2441 32.0
2442 203.0
2443 26.0
2444 25.0
2445 13.0
2446 252.0
2447 6.0
2448 316.0
2449 38.0
2450 252.0
2451 61.0
2452 41.0
2453 251.0
2454 251.0
2455 252.0
2456 203.0
2457 252.0
2458 252.0
2459 49.0
2460 316.0
2461 0.0
2462 30.0
2463 251.0
2464 203.0
2465 121.0
2466 75.0
2467 0.0
2468 251.0
2469 69.0
2470 272.0
2471 315.0
2472 32.0
2473 203.0
2474 24.0
2475 0.0
2476 209.0
2477 0.0
2478 315.0
2479 116.0
2480 49.0
2481 252.0
2482 0.0
2483 158.0
2484 252.0
2485 32.0
2486 0.0
2487 82.0
2488 252.0
2489 32.0
2490 123.0
2491 251.0
2492 0.0
2493 203.0
2494 151.0
2495 25.0
2496 0.0
2497 263.0
2498 139.0
2499 316.0
2500 38.0
2501 316.0
2502 0.0
2503 252.0
2504 66.0
2505 10.0
2506 251.0
2507 110.0
2508 315.0
2509 252.0
2510 67.0
2511 316.0
2512 0.0
2513 10.0
2514 204.0
2515 204.0
2516 0.0
2517 251.0
2518 251.0
2519 251.0
2520 252.0
2521 316.0
2522 251.0
2523 32.0
2524 44.0
2525 41.0
2526 251.0
2527 235.0
2528 190.0
2529 252.0
2530 57.0
2531 32.0
2532 138.0
2533 0.0
2534 169.0
2535 316.0
2536 94.0
2537 0.0
2538 127.0
2539 138.0
2540 32.0
2541 109.0
2542 251.0
2543 0.0
2544 203.0
2545 251.0
2546 38.0
2547 148.0
2548 69.0
2549 139.0
2550 316.0
2551 32.0
2552 252.0
2553 85.0
2554 251.0
2555 0.0
2556 22.0
2557 316.0
2558 172.0
2559 316.0
2560 316.0
2561 38.0
2562 316.0
2563 251.0
2564 191.0
2565 251.0
2566 204.0
2567 251.0
2568 44.0
2569 0.0
2570 111.0
2571 251.0
2572 251.0
2573 49.0
2574 0.0
2575 29.0
2576 32.0
2577 251.0
2578 16.0
2579 0.0
2580 252.0
2581 252.0
2582 0.0
2583 69.0
2584 0.0
2585 46.0
2586 138.0
2587 83.0
2588 32.0
2589 104.0
2590 251.0
2591 32.0
2592 0.0
2593 266.0
2594 32.0
2595 203.0
2596 77.0
2597 25.0
2598 251.0
2599 315.0
2600 34.0
2601 316.0
2602 25.0
2603 316.0
2604 175.0
2605 252.0
2606 0.0
2607 0.0
2608 316.0
2609 251.0
2610 252.0
2611 138.0
2612 49.0
2613 316.0
2614 251.0
2615 32.0
2616 33.0
2617 229.0
2618 252.0
2619 316.0
2620 0.0
2621 143.0
2622 69.0
2623 315.0
2624 252.0
2625 93.0
2626 203.0
2627 24.0
2628 119.0
2629 252.0
2630 252.0
2631 316.0
2632 264.0
2633 30.0
2634 138.0
2635 0.0
2636 46.0
2637 69.0
2638 251.0
2639 0.0
2640 251.0
2641 251.0
2642 32.0
2643 112.0
2644 266.0
2645 32.0
2646 203.0
2647 252.0
2648 0.0
2649 252.0
2650 273.0
2651 6.0
2652 316.0
2653 25.0
2654 251.0
2655 316.0
2656 251.0
2657 3.0
2658 251.0
2659 252.0
2660 66.0
2661 252.0
2662 316.0
2663 0.0
2664 316.0
2665 251.0
2666 252.0
2667 33.0
2668 204.0
2669 60.0
2670 251.0
2671 0.0
2672 251.0
2673 267.0
2674 316.0
2675 252.0
2676 32.0
2677 55.0
2678 0.0
2679 0.0
2680 251.0
2681 203.0
2682 252.0
2683 107.0
2684 32.0
2685 252.0
2686 0.0
2687 251.0
2688 252.0
2689 0.0
2690 25.0
2691 0.0
2692 267.0
2693 32.0
2694 180.0
2695 315.0
2696 0.0
2697 203.0
2698 195.0
2699 38.0
2700 251.0
2701 267.0
2702 0.0
2703 316.0
2704 38.0
2705 204.0
2706 0.0
2707 252.0
2708 38.0
2709 204.0
2710 251.0
2711 69.0
2712 264.0
2713 252.0
2714 121.0
2715 316.0
2716 252.0
2717 252.0
2718 315.0
2719 204.0
2720 82.0
2721 138.0
2722 0.0
2723 85.0
2724 251.0
2725 316.0
2726 19.0
2727 32.0
2728 55.0
2729 33.0
2730 194.0
2731 241.0
2732 86.0
2733 252.0
2734 138.0
2735 32.0
2736 252.0
2737 0.0
2738 251.0
2739 316.0
2740 94.0
2741 103.0
2742 0.0
2743 251.0
2744 32.0
2745 97.0
2746 251.0
2747 0.0
2748 203.0
2749 77.0
2750 25.0
2751 148.0
2752 138.0
2753 138.0
2754 316.0
2755 38.0
2756 252.0
2757 38.0
2758 263.0
2759 251.0
2760 203.0
2761 85.0
2762 115.0
2763 315.0
2764 258.0
2765 49.0
2766 316.0
2767 252.0
2768 111.0
2769 264.0
2770 249.0
2771 251.0
2772 106.0
2773 106.0
2774 85.0
2775 315.0
2776 315.0
2777 316.0
2778 32.0
2779 29.0
2780 50.0
2781 0.0
2782 17.0
2783 252.0
2784 316.0
2785 251.0
2786 251.0
2787 69.0
2788 0.0
2789 46.0
2790 69.0
2791 94.0
2792 103.0
2793 109.0
2794 251.0
2795 32.0
2796 0.0
2797 315.0
2798 25.0
2799 203.0
2800 26.0
2801 99.0
2802 316.0
2803 251.0
2804 2.0
2805 316.0
2806 0.0
2807 252.0
2808 33.0
2809 264.0
2810 0.0
2811 251.0
2812 258.0
2813 203.0
2814 251.0
2815 266.0
2816 49.0
2817 316.0
2818 251.0
2819 38.0
2820 251.0
2821 278.0
2822 252.0
2823 316.0
2824 0.0
2825 252.0
2826 267.0
2827 316.0
2828 315.0
2829 6.0
2830 203.0
2831 0.0
2832 0.0
2833 251.0
2834 86.0
2835 316.0
2836 69.0
2837 25.0
2838 252.0
2839 262.0
2840 252.0
2841 69.0
2842 251.0
2843 0.0
2844 98.0
2845 266.0
2846 32.0
2847 0.0
2848 315.0
2849 25.0
2850 203.0
2851 251.0
2852 38.0
2853 252.0
2854 138.0
2855 204.0
2856 316.0
2857 8.0
2858 252.0
2859 251.0
2860 264.0
2861 32.0
2862 252.0
2863 316.0
2864 203.0
2865 315.0
2866 251.0
2867 32.0
2868 316.0
2869 252.0
2870 251.0
2871 252.0
2872 204.0
2873 0.0
2874 251.0
2875 0.0
2876 252.0
2877 316.0
2878 316.0
2879 252.0
2880 32.0
2881 203.0
2882 24.0
2883 177.0
2884 249.0
2885 70.0
2886 251.0
2887 121.0
2888 32.0
2889 251.0
2890 0.0
2891 315.0
2892 251.0
2893 0.0
2894 32.0
2895 0.0
2896 315.0
2897 0.0
2898 159.0
2899 251.0
2900 25.0
2901 203.0
2902 165.0
2903 25.0
2904 203.0
2905 315.0
2906 0.0
2907 316.0
2908 252.0
2909 316.0
2910 0.0
2911 316.0
2912 32.0
2913 204.0
2914 316.0
2915 49.0
2916 315.0
2917 251.0
2918 121.0
2919 316.0
2920 251.0
2921 185.0
2922 252.0
2923 204.0
2924 252.0
2925 252.0
2926 129.0
2927 251.0
2928 252.0
2929 315.0
2930 315.0
2931 32.0
2932 203.0
2933 33.0
2934 0.0
2935 253.0
2936 251.0
2937 316.0
2938 252.0
2939 32.0
2940 268.0
2941 37.0
2942 86.0
2943 252.0
2944 105.0
2945 103.0
2946 48.0
2947 252.0
2948 32.0
2949 0.0
2950 315.0
2951 25.0
2952 203.0
2953 251.0
2954 0.0
2955 13.0
2956 251.0
2957 203.0
2958 316.0
2959 251.0
2960 316.0
2961 150.0
2962 252.0
2963 25.0
2964 315.0
2965 2.0
2966 82.0
2967 251.0
2968 315.0
2969 44.0
2970 316.0
2971 251.0
2972 0.0
2973 243.0
2974 259.0
2975 251.0
2976 316.0
2977 203.0
2978 12.0
2979 316.0
2980 316.0
2981 252.0
2982 32.0
2983 203.0
2984 24.0
2985 0.0
2986 91.0
2987 316.0
2988 259.0
2989 251.0
2990 25.0
2991 316.0
2992 0.0
2993 260.0
2994 138.0
2995 251.0
2996 0.0
2997 149.0
2998 203.0
2999 32.0
3000 316.0
3001 267.0
3002 32.0
3003 203.0
3004 251.0
3005 38.0
3006 316.0
3007 69.0
3008 143.0
3009 316.0
3010 0.0
3011 251.0
3012 85.0
3013 316.0
3014 25.0
3015 252.0
3016 258.0
3017 251.0
3018 251.0
3019 267.0
3020 252.0
3021 252.0
3022 69.0
3023 137.0
3024 252.0
3025 251.0
3026 0.0
3027 138.0
3028 194.0
3029 316.0
3030 316.0
3031 316.0
3032 315.0
3033 93.0
3034 251.0
3035 50.0
3036 251.0
3037 103.0
3038 316.0
3039 251.0
3040 116.0
3041 32.0
3042 316.0
3043 0.0
3044 267.0
3045 27.0
3046 251.0
3047 32.0
3048 109.0
3049 203.0
3050 32.0
3051 154.0
3052 316.0
3053 25.0
3054 203.0
3055 251.0
3056 51.0
3057 251.0
3058 69.0
3059 135.0
3060 316.0
3061 18.0
3062 252.0
3063 0.0
3064 263.0
3065 251.0
3066 252.0
3067 251.0
3068 77.0
3069 315.0
3070 252.0
3071 251.0
3072 316.0
3073 119.0
3074 0.0
3075 33.0
3076 204.0
3077 0.0
3078 251.0
3079 316.0
3080 251.0
3081 316.0
3082 316.0
3083 315.0
3084 32.0
3085 55.0
3086 50.0
3087 251.0
3088 49.0
3089 251.0
3090 316.0
3091 267.0
3092 32.0
3093 316.0
3094 0.0
3095 252.0
3096 119.0
3097 251.0
3098 103.0
3099 25.0
3100 252.0
3101 32.0
3102 154.0
3103 251.0
3104 0.0
3105 203.0
3106 252.0
3107 25.0
3108 251.0
3109 251.0
3110 6.0
3111 316.0
3112 38.0
3113 252.0
3114 251.0
3115 252.0
3116 32.0
3117 89.0
3118 251.0
3119 131.0
3120 264.0
3121 316.0
3122 251.0
3123 267.0
3124 315.0
3125 78.0
3126 252.0
3127 203.0
3128 252.0
3129 251.0
3130 34.0
3131 77.0
3132 316.0
3133 315.0
3134 252.0
3135 32.0
3136 37.0
3137 24.0
3138 0.0
3139 257.0
3140 203.0
3141 315.0
3142 251.0
3143 25.0
3144 252.0
3145 0.0
3146 251.0
3147 251.0
3148 225.0
3149 0.0
3150 25.0
3151 258.0
3152 30.0
3153 0.0
3154 315.0
3155 25.0
3156 203.0
3157 251.0
3158 38.0
3159 148.0
3160 315.0
3161 6.0
3162 316.0
3163 203.0
3164 315.0
3165 251.0
3166 316.0
3167 66.0
3168 252.0
3169 85.0
3170 203.0
3171 251.0
3172 266.0
3173 266.0
3174 252.0
3175 58.0
3176 127.0
3177 243.0
3178 251.0
3179 251.0
3180 252.0
3181 140.0
3182 315.0
3183 315.0
3184 316.0
3185 252.0
3186 93.0
3187 30.0
3188 0.0
3189 251.0
3190 91.0
3191 251.0
3192 57.0
3193 121.0
3194 25.0
3195 315.0
3196 0.0
3197 41.0
3198 252.0
3199 0.0
3200 25.0
3201 104.0
3202 316.0
3203 32.0
3204 89.0
3205 252.0
3206 251.0
3207 203.0
3208 252.0
3209 32.0
3210 251.0
3211 266.0
3212 191.0
3213 316.0
3214 25.0
3215 252.0
3216 0.0
3217 316.0
3218 0.0
3219 251.0
3220 85.0
3221 203.0
3222 251.0
3223 252.0
3224 49.0
3225 316.0
3226 0.0
3227 252.0
3228 262.0
3229 203.0
3230 316.0
3231 107.0
3232 185.0
3233 251.0
3234 316.0
3235 267.0
3236 316.0
3237 32.0
3238 33.0
3239 39.0
3240 121.0
3241 316.0
3242 86.0
3243 252.0
3244 94.0
3245 32.0
3246 138.0
3247 0.0
3248 264.0
3249 69.0
3250 105.0
3251 32.0
3252 25.0
3253 189.0
3254 32.0
3255 196.0
3256 251.0
3257 30.0
3258 203.0
3259 252.0
3260 251.0
3261 252.0
3262 316.0
3263 2.0
3264 316.0
3265 0.0
3266 252.0
3267 136.0
3268 316.0
3269 30.0
3270 82.0
3271 251.0
3272 89.0
3273 315.0
3274 266.0
3275 251.0
3276 266.0
3277 251.0
3278 0.0
3279 32.0
3280 203.0
3281 0.0
3282 252.0
3283 315.0
3284 251.0
3285 316.0
3286 251.0
3287 315.0
3288 32.0
3289 37.0
3290 6.0
3291 121.0
3292 254.0
3293 203.0
3294 316.0
3295 265.0
3296 32.0
3297 316.0
3298 0.0
3299 203.0
3300 252.0
3301 316.0
3302 32.0
3303 251.0
3304 252.0
3305 32.0
3306 251.0
3307 252.0
3308 0.0
3309 203.0
3310 77.0
3311 0.0
3312 315.0
3313 315.0
3314 179.0
3315 316.0
3316 45.0
3317 258.0
3318 251.0
3319 316.0
3320 38.0
3321 316.0
3322 2.0
3323 316.0
3324 82.0
3325 316.0
3326 196.0
3327 316.0
3328 251.0
3329 30.0
3330 45.0
3331 316.0
3332 251.0
3333 251.0
3334 97.0
3335 69.0
3336 316.0
3337 251.0
3338 315.0
3339 32.0
3340 315.0
3341 24.0
3342 251.0
3343 92.0
3344 251.0
3345 273.0
3346 69.0
3347 25.0
3348 251.0
3349 25.0
3350 252.0
3351 252.0
3352 0.0
3353 0.0
3354 104.0
3355 252.0
3356 32.0
3357 315.0
3358 252.0
3359 25.0
3360 203.0
3361 252.0
3362 0.0
3363 316.0
3364 316.0
3365 0.0
3366 316.0
3367 32.0
3368 251.0
3369 0.0
3370 316.0
3371 251.0
3372 316.0
3373 44.0
3374 251.0
3375 251.0
3376 251.0
3377 315.0
3378 252.0
3379 0.0
3380 122.0
3381 180.0
3382 203.0
3383 316.0
3384 315.0
3385 316.0
3386 69.0
3387 316.0
3388 251.0
3389 252.0
3390 252.0
3391 30.0
3392 84.0
3393 251.0
3394 80.0
3395 315.0
3396 252.0
3397 61.0
3398 32.0
3399 69.0
3400 25.0
3401 60.0
3402 0.0
3403 225.0
3404 25.0
3405 0.0
3406 191.0
3407 32.0
3408 251.0
3409 252.0
3410 25.0
3411 203.0
3412 251.0
3413 32.0
3414 266.0
3415 138.0
3416 316.0
3417 316.0
3418 25.0
3419 204.0
3420 0.0
3421 252.0
3422 0.0
3423 69.0
3424 85.0
3425 316.0
3426 315.0
3427 266.0
3428 251.0
3429 251.0
3430 251.0
3431 252.0
3432 179.0
3433 203.0
3434 0.0
3435 69.0
3436 203.0
3437 252.0
3438 316.0
3439 267.0
3440 83.0
3441 32.0
3442 203.0
3443 24.0
3444 0.0
3445 251.0
3446 203.0
3447 316.0
3448 121.0
3449 32.0
3450 316.0
3451 98.0
3452 260.0
3453 251.0
3454 99.0
3455 32.0
3456 316.0
3457 252.0
3458 32.0
3459 160.0
3460 315.0
3461 0.0
3462 203.0
3463 252.0
3464 251.0
3465 251.0
3466 266.0
3467 139.0
3468 316.0
3469 251.0
3470 252.0
3471 251.0
3472 258.0
3473 72.0
3474 316.0
3475 252.0
3476 315.0
3477 138.0
3478 252.0
3479 251.0
3480 252.0
3481 188.0
3482 0.0
3483 33.0
3484 203.0
3485 0.0
3486 106.0
3487 315.0
3488 252.0
3489 316.0
3490 251.0
3491 316.0
3492 0.0
3493 54.0
3494 251.0
3495 119.0
3496 255.0
3497 251.0
3498 315.0
3499 251.0
3500 25.0
3501 251.0
3502 98.0
3503 251.0
3504 138.0
3505 251.0
3506 92.0
3507 109.0
3508 252.0
3509 32.0
3510 252.0
3511 266.0
3512 25.0
3513 203.0
3514 251.0
3515 0.0
3516 315.0
3517 316.0
3518 203.0
3519 316.0
3520 175.0
3521 252.0
3522 251.0
3523 251.0
3524 32.0
3525 316.0
3526 251.0
3527 251.0
3528 315.0
3529 252.0
3530 191.0
3531 266.0
3532 251.0
3533 62.0
3534 251.0
3535 205.0
3536 252.0
3537 251.0
3538 203.0
3539 264.0
3540 316.0
3541 252.0
3542 315.0
3543 32.0
3544 33.0
3545 203.0
3546 251.0
3547 98.0
3548 68.0
3549 251.0
3550 10.0
3551 25.0
3552 138.0
3553 60.0
3554 199.0
3555 0.0
3556 0.0
3557 0.0
3558 60.0
3559 194.0
3560 32.0
3561 204.0
3562 252.0
3563 25.0
3564 38.0
3565 251.0
3566 0.0
3567 316.0
3568 316.0
3569 0.0
3570 316.0
3571 0.0
3572 251.0
3573 0.0
3574 251.0
3575 38.0
3576 252.0
3577 316.0
3578 316.0
3579 251.0
3580 316.0
3581 186.0
3582 252.0
3583 0.0
3584 127.0
3585 168.0
3586 203.0
3587 251.0
3588 138.0
3589 315.0
3590 45.0
3591 316.0
3592 272.0
3593 252.0
3594 33.0
3595 33.0
3596 24.0
3597 201.0
3598 252.0
3599 251.0
3600 316.0
3601 251.0
3602 32.0
3603 69.0
3604 262.0
3605 265.0
3606 316.0
3607 252.0
3608 25.0
3609 0.0
3610 3.0
3611 32.0
3612 251.0
3613 251.0
3614 25.0
3615 203.0
3616 251.0
3617 121.0
3618 252.0
3619 316.0
3620 179.0
3621 316.0
3622 0.0
3623 252.0
3624 0.0
3625 252.0
3626 0.0
3627 138.0
3628 44.0
3629 316.0
3630 316.0
3631 315.0
3632 264.0
3633 251.0
3634 69.0
3635 0.0
3636 45.0
3637 204.0
3638 0.0
3639 107.0
3640 203.0
3641 252.0
3642 316.0
3643 251.0
3644 251.0
3645 32.0
3646 252.0
3647 81.0
3648 119.0
3649 252.0
3650 99.0
3651 316.0
3652 251.0
3653 25.0
3654 69.0
3655 251.0
3656 252.0
3657 251.0
3658 99.0
3659 103.0
3660 204.0
3661 252.0
3662 32.0
3663 204.0
3664 258.0
3665 0.0
3666 203.0
3667 251.0
3668 251.0
3669 316.0
3670 251.0
3671 315.0
3672 316.0
3673 66.0
3674 251.0
3675 33.0
3676 316.0
3677 32.0
3678 69.0
3679 252.0
3680 316.0
3681 315.0
3682 316.0
3683 251.0
3684 252.0
3685 251.0
3686 38.0
3687 45.0
3688 347.0
3689 0.0
3690 106.0
3691 315.0
3692 252.0
3693 316.0
3694 252.0
3695 252.0
3696 32.0
3697 38.0
3698 252.0
3699 119.0
3700 315.0
3701 316.0
3702 252.0
3703 316.0
3704 25.0
3705 251.0
3706 60.0
3707 46.0
3708 251.0
3709 0.0
3710 69.0
3711 260.0
3712 251.0
3713 32.0
3714 204.0
3715 64.0
3716 25.0
3717 203.0
3718 10.0
3719 252.0
3720 266.0
3721 138.0
3722 0.0
3723 347.0
3724 18.0
3725 203.0
3726 33.0
3727 347.0
3728 32.0
3729 348.0
3730 259.0
3731 270.0
3732 316.0
3733 251.0
3734 33.0
3735 252.0
3736 186.0
3737 104.0
3738 1.0
3739 248.0
3740 251.0
3741 268.0
3742 203.0
3743 203.0
3744 203.0
3745 203.0
3746 49.0
3747 32.0
3748 271.0
3749 77.0
3750 203.0
3751 261.0
3752 251.0
3753 203.0
3754 60.0
3755 32.0
3756 316.0
3757 105.0
3758 45.0
3759 67.0
3760 0.0
3761 30.0
3762 252.0
3763 251.0
3764 32.0
3765 327.0
3766 348.0
3767 25.0
3768 203.0
3769 67.0
3770 251.0
3771 347.0
3772 69.0
3773 31.0
3774 348.0
3775 189.0
3776 252.0
3777 0.0
3778 203.0
3779 0.0
3780 203.0
3781 44.0
3782 203.0
3783 251.0
3784 203.0
3785 316.0
3786 252.0
3787 203.0
3788 175.0
3789 315.0
3790 205.0
3791 252.0
3792 252.0
3793 252.0
3794 44.0
3795 316.0
3796 251.0
3797 347.0
3798 32.0
3799 203.0
3800 64.0
3801 116.0
3802 90.0
3803 187.0
3804 251.0
3805 251.0
3806 38.0
3807 251.0
3808 25.0
3809 29.0
3810 203.0
3811 33.0
3812 30.0
3813 315.0
3814 54.0
3815 32.0
3816 158.0
3817 315.0
3818 30.0
3819 203.0
3820 43.0
3821 121.0
3822 252.0
3823 266.0
3824 251.0
3825 348.0
3826 251.0
3827 252.0
3828 251.0
3829 251.0
3830 251.0
3831 316.0
3832 275.0
3833 251.0
3834 251.0
3835 203.0
3836 347.0
3837 252.0
3838 0.0
3839 0.0
3840 30.0
3841 204.0
3842 0.0
3843 315.0
3844 347.0
3845 252.0
3846 252.0
3847 269.0
3848 251.0
3849 32.0
3850 38.0
3851 74.0
3852 140.0
3853 251.0
3854 316.0
3855 348.0
3856 258.0
3857 25.0
3858 58.0
3859 32.0
3860 190.0
3861 251.0
3862 118.0
3863 315.0
3864 316.0
3865 203.0
3866 32.0
3867 169.0
3868 203.0
3869 25.0
3870 203.0
3871 204.0
3872 315.0
3873 315.0
3874 315.0
3875 181.0
3876 348.0
3877 347.0
3878 347.0
3879 251.0
3880 315.0
3881 32.0
3882 347.0
3883 315.0
3884 251.0
3885 143.0
3886 251.0
3887 347.0
3888 315.0
3889 38.0
3890 251.0
3891 109.0
3892 224.0
3893 0.0
3894 252.0
3895 203.0
3896 252.0
3897 315.0
3898 251.0
3899 98.0
3900 32.0
3901 204.0
3902 38.0
3903 266.0
3904 263.0
3905 251.0
3906 315.0
3907 6.0
3908 32.0
3909 315.0
3910 203.0
3911 32.0
3912 344.0
3913 0.0
3914 35.0
3915 347.0
3916 203.0
3917 32.0
3918 21.0
3919 69.0
3920 25.0
3921 203.0
3922 204.0
3923 69.0
3924 315.0
3925 348.0
3926 30.0
3927 348.0
3928 136.0
3929 315.0
3930 251.0
3931 267.0
3932 25.0
3933 196.0
3934 251.0
3935 315.0
3936 203.0
3937 120.0
3938 347.0
3939 251.0
3940 125.0
3941 190.0
3942 204.0
3943 229.0
3944 315.0
3945 252.0
3946 251.0
3947 252.0
3948 203.0
3949 251.0
3950 53.0
3951 32.0
3952 251.0
3953 86.0
3954 203.0
3955 57.0
3956 251.0
3957 252.0
3958 106.0
3959 32.0
3960 57.0
3961 0.0
3962 26.0
3963 315.0
3964 105.0
3965 347.0
3966 252.0
3967 25.0
3968 32.0
3969 203.0
3970 347.0
3971 25.0
3972 203.0
3973 32.0
3974 60.0
3975 315.0
3976 315.0
3977 0.0
3978 348.0
3979 251.0
3980 251.0
3981 218.0
3982 203.0
3983 0.0
3984 347.0
3985 63.0
3986 315.0
3987 203.0
3988 203.0
3989 252.0
3990 203.0
3991 0.0
3992 252.0
3993 185.0
3994 204.0
3995 251.0
3996 203.0
3997 315.0
3998 315.0
3999 251.0
4000 247.0
4001 18.0
4002 32.0
4003 251.0
4004 157.0
4005 315.0
4006 203.0
4007 251.0
4008 347.0
4009 67.0
4010 25.0
4011 347.0
4012 0.0
4013 115.0
4014 203.0
4015 55.0
4016 0.0
4017 252.0
4018 152.0
4019 32.0
4020 158.0
4021 315.0
4022 25.0
4023 203.0
4024 81.0
4025 110.0
4026 315.0
4027 251.0
4028 120.0
4029 347.0
4030 252.0
4031 348.0
4032 251.0
4033 203.0
4034 0.0
4035 271.0
4036 251.0
4037 251.0
4038 126.0
4039 347.0
4040 61.0
4041 191.0
4042 252.0
4043 252.0
4044 202.0
4045 251.0
4046 0.0
4047 114.0
4048 315.0
4049 316.0
4050 247.0
4051 251.0
4052 18.0
4053 32.0
4054 251.0
4055 251.0
4056 315.0
4057 316.0
4058 203.0
4059 315.0
4060 251.0
4061 25.0
4062 348.0
4063 44.0
4064 184.0
4065 252.0
4066 32.0
4067 96.0
4068 315.0
4069 316.0
4070 32.0
4071 23.0
4072 203.0
4073 25.0
4074 203.0
4075 32.0
4076 0.0
4077 347.0
4078 315.0
4079 252.0
4080 348.0
4081 203.0
4082 203.0
4083 251.0
4084 315.0
4085 30.0
4086 175.0
4087 267.0
4088 252.0
4089 251.0
4090 316.0
4091 315.0
4092 252.0
4093 251.0
4094 252.0
4095 45.0
4096 203.0
4097 142.0
4098 203.0
4099 315.0
4100 347.0
4101 203.0
4102 347.0
4103 24.0
4104 32.0
4105 203.0
4106 32.0
4107 315.0
4108 252.0
4109 203.0
4110 203.0
4111 0.0
4112 32.0
4113 203.0
4114 0.0
4115 30.0
4116 203.0
4117 316.0
4118 316.0
4119 251.0
4120 25.0
4121 32.0
4122 315.0
4123 347.0
4124 25.0
4125 203.0
4126 203.0
4127 60.0
4128 252.0
4129 203.0
4130 30.0
4131 348.0
4132 203.0
4133 203.0
4134 251.0
4135 203.0
4136 0.0
4137 348.0
4138 119.0
4139 203.0
4140 164.0
4141 316.0
4142 316.0
4143 204.0
4144 203.0
4145 192.0
4146 251.0
4147 204.0
4148 252.0
4149 203.0
4150 251.0
4151 203.0
4152 203.0
4153 251.0
4154 95.0
4155 32.0
4156 204.0
4157 185.0
4158 252.0
4159 252.0
4160 204.0
4161 253.0
4162 315.0
4163 38.0
4164 251.0
4165 203.0
4166 203.0
4167 203.0
4168 66.0
4169 0.0
4170 251.0
4171 251.0
4172 32.0
4173 39.0
4174 316.0
4175 25.0
4176 203.0
4177 248.0
4178 38.0
4179 315.0
4180 347.0
4181 31.0
4182 348.0
4183 188.0
4184 203.0
4185 0.0
4186 203.0
4187 0.0
4188 60.0
4189 119.0
4190 203.0
4191 203.0
4192 186.0
4193 315.0
4194 203.0
4195 0.0
4196 316.0
4197 229.0
4198 204.0
4199 251.0
4200 203.0
4201 251.0
4202 347.0
4203 251.0
4204 203.0
4205 98.0
4206 32.0
4207 203.0
4208 203.0
4209 120.0
4210 203.0
4211 315.0
4212 203.0
4213 251.0
4214 25.0
4215 203.0
4216 0.0
4217 126.0
4218 316.0
4219 32.0
4220 38.0
4221 251.0
4222 137.0
4223 32.0
4224 315.0
4225 203.0
4226 25.0
4227 203.0
4228 251.0
4229 315.0
4230 315.0
4231 316.0
4232 316.0
4233 348.0
4234 315.0
4235 347.0
4236 121.0
4237 316.0
4238 30.0
4239 348.0
4240 251.0
4241 316.0
4242 315.0
4243 267.0
4244 101.0
4245 203.0
4246 147.0
4247 32.0
4248 253.0
4249 347.0
4250 0.0
4251 204.0
4252 252.0
4253 263.0
4254 251.0
4255 203.0
4256 347.0
4257 32.0
4258 203.0
4259 6.0
4260 347.0
4261 251.0
4262 0.0
4263 251.0
4264 257.0
4265 38.0
4266 252.0
4267 266.0
4268 315.0
4269 252.0
4270 105.0
4271 86.0
4272 347.0
4273 316.0
4274 32.0
4275 29.0
4276 459.0
4277 25.0
4278 192.0
4279 203.0
4280 0.0
4281 251.0
4282 252.0
4283 266.0
4284 459.0
4285 0.0
4286 252.0
4287 240.0
4288 203.0
4289 24.0
4290 347.0
4291 251.0
4292 251.0
4293 67.0
4294 251.0
4295 60.0
4296 251.0
4297 203.0
4298 197.0
4299 203.0
4300 204.0
4301 0.0
4302 251.0
4303 239.0
4304 267.0
4305 347.0
4306 98.0
4307 203.0
4308 32.0
4309 204.0
4310 37.0
4311 315.0
4312 137.0
4313 269.0
4314 251.0
4315 121.0
4316 32.0
4317 60.0
4318 0.0
4319 26.0
4320 252.0
4321 66.0
4322 81.0
4323 271.0
4324 203.0
4325 32.0
4326 38.0
4327 69.0
4328 25.0
4329 203.0
4330 226.0
4331 251.0
4332 252.0
4333 203.0
4334 251.0
4335 459.0
4336 251.0
4337 251.0
4338 203.0
4339 203.0
4340 0.0
4341 251.0
4342 251.0
4343 264.0
4344 251.0
4345 271.0
4346 251.0
4347 315.0
4348 0.0
4349 252.0
4350 26.0
4351 204.0
4352 251.0
4353 203.0
4354 204.0
4355 203.0
4356 203.0
4357 203.0
4358 105.0
4359 32.0
4360 203.0
4361 55.0
4362 57.0
4363 251.0
4364 315.0
4365 251.0
4366 61.0
4367 48.0
4368 203.0
4369 185.0
4370 115.0
4371 251.0
4372 33.0
4373 103.0
4374 253.0
4375 203.0
4376 32.0
4377 169.0
4378 251.0
4379 25.0
4380 203.0
4381 248.0
4382 99.0
4383 252.0
4384 271.0
4385 315.0
4386 459.0
4387 315.0
4388 251.0
4389 245.0
4390 315.0
4391 0.0
4392 347.0
4393 55.0
4394 203.0
4395 203.0
4396 175.0
4397 203.0
4398 252.0
4399 251.0
4400 61.0
4401 27.0
4402 252.0
4403 251.0
4404 203.0
4405 251.0
4406 347.0
4407 203.0
4408 315.0
4409 60.0
4410 32.0
4411 203.0
4412 43.0
4413 203.0
4414 203.0
4415 315.0
4416 315.0
4417 203.0
4418 25.0
4419 203.0
4420 347.0
4421 115.0
4422 316.0
4423 18.0
4424 103.0
4425 251.0
4426 203.0
4427 32.0
4428 169.0
4429 203.0
4430 25.0
4431 203.0
4432 147.0
4433 251.0
4434 316.0
4435 252.0
4436 1.0
4437 459.0
4438 129.0
4439 348.0
4440 271.0
4441 315.0
4442 32.0
4443 203.0
4444 315.0
4445 138.0
4446 203.0
4447 251.0
4448 53.0
4449 252.0
4450 251.0
4451 252.0
4452 251.0
4453 204.0
4454 316.0
4455 120.0
4456 204.0
4457 316.0
4458 271.0
4459 251.0
4460 153.0
4461 32.0
4462 347.0
4463 39.0
4464 251.0
4465 348.0
4466 0.0
4467 347.0
4468 60.0
4469 32.0
4470 203.0
4471 203.0
4472 103.0
4473 315.0
4474 315.0
4475 82.0
4476 315.0
4477 0.0
4478 32.0
4479 0.0
4480 203.0
4481 251.0
4482 203.0
4483 247.0
4484 0.0
4485 203.0
4486 347.0
4487 315.0
4488 459.0
4489 252.0
4490 203.0
4491 315.0
4492 203.0
4493 0.0
4494 347.0
4495 250.0
4496 251.0
4497 2.0
4498 204.0
4499 203.0
4500 203.0
4501 0.0
4502 203.0
4503 251.0
4504 204.0
4505 0.0
4506 315.0
4507 223.0
4508 32.0
4509 316.0
4510 251.0
4511 60.0
4512 32.0
4513 203.0
4514 142.0
4515 57.0
4516 120.0
4517 170.0
4518 347.0
4519 38.0
4520 32.0
4521 347.0
4522 315.0
4523 26.0
4524 138.0
4525 55.0
4526 81.0
4527 315.0
4528 85.0
4529 32.0
4530 23.0
4531 169.0
4532 25.0
4533 203.0
4534 316.0
4535 251.0
4536 252.0
4537 251.0
4538 203.0
4539 459.0
4540 251.0
4541 251.0
4542 205.0
4543 203.0
4544 121.0
4545 259.0
4546 251.0
4547 203.0
4548 143.0
4549 159.0
4550 251.0
4551 251.0
4552 251.0
4553 203.0
4554 67.0
4555 347.0
4556 251.0
4557 252.0
4558 315.0
4559 203.0
4560 203.0
4561 347.0
4562 252.0
4563 93.0
4564 315.0
4565 210.0
4566 347.0
4567 251.0
4568 203.0
4569 347.0
4570 315.0
4571 32.0
4572 251.0
4573 316.0
4574 26.0
4575 315.0
4576 251.0
4577 38.0
4578 347.0
4579 191.0
4580 32.0
4581 169.0
4582 203.0
4583 25.0
4584 255.0
4585 347.0
4586 316.0
4587 348.0
4588 348.0
4589 316.0
4590 459.0
4591 251.0
4592 204.0
4593 315.0
4594 315.0
4595 0.0
4596 347.0
4597 57.0
4598 203.0
4599 181.0
4600 143.0
4601 60.0
4602 251.0
4603 114.0
4604 316.0
4605 203.0
4606 203.0
4607 252.0
4608 120.0
4609 251.0
4610 38.0
4611 203.0
4612 203.0
4613 315.0
4614 93.0
4615 203.0
4616 38.0
4617 347.0
4618 147.0
4619 191.0
4620 203.0
4621 316.0
4622 25.0
4623 315.0
4624 203.0
4625 38.0
4626 252.0
4627 32.0
4628 38.0
4629 347.0
4630 203.0
4631 32.0
4632 169.0
4633 315.0
4634 25.0
4635 203.0
4636 315.0
4637 251.0
4638 348.0
4639 315.0
4640 316.0
4641 459.0
4642 61.0
4643 252.0
4644 252.0
4645 251.0
4646 347.0
4647 348.0
4648 203.0
4649 64.0
4650 203.0
4651 252.0
4652 60.0
4653 252.0
4654 316.0
4655 316.0
4656 254.0
4657 316.0
4658 0.0
4659 251.0
4660 252.0
4661 259.0
4662 347.0
4663 57.0
4664 60.0
4665 32.0
4666 315.0
4667 6.0
4668 269.0
4669 188.0
4670 251.0
4671 315.0
4672 0.0
4673 25.0
4674 347.0
4675 347.0
4676 32.0
4677 116.0
4678 127.0
4679 82.0
4680 271.0
4681 251.0
4682 32.0
4683 347.0
4684 69.0
4685 25.0
4686 203.0
4687 252.0
4688 315.0
4689 347.0
4690 252.0
4691 203.0
4692 459.0
4693 203.0
4694 252.0
4695 248.0
4696 66.0
4697 0.0
4698 347.0
4699 62.0
4700 252.0
4701 130.0
4702 175.0
4703 203.0
4704 122.0
4705 0.0
4706 61.0
4707 61.0
4708 234.0
4709 0.0
4710 348.0
4711 315.0
4712 203.0
4713 347.0
4714 348.0
4715 274.0
4716 32.0
4717 204.0
4718 142.0
4719 252.0
4720 203.0
4721 315.0
4722 259.0
4723 251.0
4724 0.0
4725 251.0
4726 315.0
4727 98.0
4728 271.0
4729 55.0
4730 38.0
4731 315.0
4732 251.0
4733 32.0
4734 315.0
4735 1.0
4736 25.0
4737 203.0
4738 204.0
4739 315.0
4740 203.0
4741 251.0
4742 114.0
4743 459.0
4744 316.0
4745 315.0
4746 204.0
4747 203.0
4748 251.0
4749 348.0
4750 40.0
4751 315.0
4752 204.0
4753 316.0
4754 0.0
4755 203.0
4756 203.0
4757 315.0
4758 315.0
4759 316.0
4760 251.0
4761 315.0
4762 316.0
4763 459.0
4764 347.0
4765 203.0
4766 251.0
4767 93.0
4768 204.0
4769 252.0
4770 315.0
4771 305.0
4772 251.0
4773 315.0
4774 18.0
4775 32.0
4776 252.0
4777 315.0
4778 103.0
4779 203.0
4780 32.0
4781 38.0
4782 251.0
4783 203.0
4784 32.0
4785 347.0
4786 348.0
4787 25.0
4788 203.0
4789 347.0
4790 203.0
4791 348.0
4792 347.0
4793 120.0
4794 459.0
4795 347.0
4796 347.0
4797 315.0
4798 203.0
4799 251.0
4800 271.0
4801 316.0
4802 122.0
4803 251.0
4804 60.0
4805 33.0
4806 203.0
4807 125.0
4808 315.0
4809 60.0
4810 251.0
4811 315.0
4812 251.0
4813 248.0
4814 316.0
4815 347.0
4816 315.0
4817 257.0
4818 32.0
4819 315.0
4820 94.0
4821 348.0
4822 191.0
4823 203.0
4824 315.0
4825 316.0
4826 38.0
4827 348.0
4828 203.0
4829 104.0
4830 459.0
4831 38.0
4832 86.0
4833 347.0
4834 203.0
4835 0.0
4836 203.0
4837 348.0
4838 25.0
4839 203.0
4840 203.0
4841 315.0
4842 203.0
4843 315.0
4844 316.0
4845 459.0
4846 347.0
4847 251.0
4848 203.0
4849 61.0
4850 246.0
4851 203.0
4852 316.0
4853 315.0
4854 203.0
4855 203.0
4856 33.0
4857 315.0
4858 104.0
4859 38.0
4860 32.0
4861 203.0
4862 203.0
4863 251.0
4864 203.0
4865 347.0
4866 347.0
4867 459.0
4868 251.0
4869 32.0
4870 252.0
4871 337.0
4872 267.0
4873 251.0
4874 316.0
4875 203.0
4876 0.0
4877 0.0
4878 251.0
4879 203.0
4880 33.0
4881 266.0
4882 55.0
4883 0.0
4884 347.0
4885 251.0
4886 32.0
4887 203.0
4888 269.0
4889 25.0
4890 203.0
4891 347.0
4892 251.0
4893 252.0
4894 251.0
4895 203.0
4896 459.0
4897 316.0
4898 251.0
4899 112.0
4900 263.0
4901 204.0
4902 203.0
4903 203.0
4904 315.0
4905 251.0
4906 251.0
4907 0.0
4908 122.0
4909 316.0
4910 111.0
4911 109.0
4912 204.0
4913 418.0
4914 203.0
4915 203.0
4916 347.0
4917 316.0
4918 251.0
4919 203.0
4920 32.0
4921 203.0
4922 251.0
4923 347.0
4924 240.0
4925 347.0
4926 348.0
4927 316.0
4928 32.0
4929 347.0
4930 315.0
4931 103.0
4932 252.0
4933 60.0
4934 38.0
4935 347.0
4936 316.0
4937 32.0
4938 315.0
4939 316.0
4940 25.0
4941 251.0
4942 344.0
4943 203.0
4944 316.0
4945 251.0
4946 316.0
4947 459.0
4948 347.0
4949 252.0
4950 203.0
4951 203.0
4952 251.0
4953 60.0
4954 204.0
4955 147.0
4956 104.0
4957 60.0
4958 88.0
4959 251.0
4960 0.0
4961 252.0
4962 347.0
4963 252.0
4964 252.0
4965 252.0
4966 203.0
4967 347.0
4968 347.0
4969 315.0
4970 203.0
4971 93.0
4972 203.0
4973 98.0
4974 203.0
4975 191.0
4976 203.0
4977 315.0
4978 251.0
4979 99.0
4980 348.0
4981 316.0
4982 316.0
4983 316.0
4984 32.0
4985 81.0
4986 251.0
4987 203.0
4988 32.0
4989 347.0
4990 459.0
4991 25.0
4992 203.0
4993 316.0
4994 271.0
4995 315.0
4996 315.0
4997 114.0
4998 459.0
4999 343.0
5000 347.0
5001 203.0
5002 61.0
5003 251.0
5004 347.0
5005 203.0
5006 251.0
5007 251.0
5008 203.0
5009 49.0
5010 251.0
5011 251.0
5012 61.0
5013 33.0
5014 229.0
5015 315.0
5016 204.0
5017 204.0
5018 316.0
5019 347.0
5020 347.0
5021 34.0
5022 32.0
5023 315.0
5024 337.0
5025 57.0
5026 198.0
5027 337.0
5028 315.0
5029 252.0
5030 0.0
5031 348.0
5032 270.0
5033 27.0
5034 347.0
5035 192.0
5036 38.0
5037 348.0
5038 315.0
5039 32.0
5040 203.0
5041 347.0
5042 25.0
5043 203.0
5044 257.0
5045 315.0
5046 271.0
5047 203.0
5048 262.0
5049 459.0
5050 251.0
5051 251.0
5052 203.0
5053 143.0
5054 251.0
5055 203.0
5056 77.0
5057 252.0
5058 203.0
5059 203.0
5060 33.0
5061 191.0
5062 104.0
5063 315.0
5064 251.0
5065 251.0
5066 141.0
5067 252.0
5068 315.0
5069 347.0
5070 347.0
5071 259.0
5072 203.0
5073 32.0
5074 203.0
5075 76.0
5076 40.0
5077 203.0
5078 316.0
5079 347.0
5080 140.0
5081 66.0
5082 347.0
5083 203.0
5084 103.0
5085 251.0
5086 60.0
5087 38.0
5088 203.0
5089 251.0
5090 32.0
5091 347.0
5092 347.0
5093 25.0
5094 203.0
5095 204.0
5096 316.0
5097 315.0
5098 251.0
5099 203.0
5100 459.0
