1 25.0
2 0.0
3 32.0
4 0.0
5 245.0
6 30.0
7 25.0
8 32.0
9 30.0
10 203.0
11 0.0
12 203.0
13 32.0
14 32.0
15 0.0
16 38.0
17 0.0
18 114.0
19 0.0
20 169.0
21 32.0
22 30.0
23 32.0
24 0.0
25 169.0
26 32.0
27 30.0
28 38.0
29 187.0
30 169.0
31 32.0
32 0.0
33 98.0
34 0.0
35 30.0
36 0.0
37 0.0
38 0.0
39 0.0
40 38.0
41 32.0
42 203.0
43 104.0
44 169.0
45 30.0
46 164.0
47 0.0
48 0.0
49 0.0
50 33.0
51 245.0
52 33.0
53 203.0
54 32.0
55 6.0
56 245.0
57 32.0
58 0.0
59 32.0
60 203.0
61 203.0
62 0.0
63 203.0
64 203.0
65 32.0
66 33.0
67 38.0
68 109.0
69 114.0
70 169.0
71 169.0
72 32.0
73 25.0
74 32.0
75 158.0
76 169.0
77 169.0
78 203.0
79 38.0
80 187.0
81 203.0
82 180.0
83 32.0
84 98.0
85 32.0
86 30.0
87 20.0
88 0.0
89 0.0
90 0.0
91 38.0
92 92.0
93 203.0
94 175.0
95 169.0
96 203.0
97 164.0
98 0.0
99 0.0
100 32.0
101 33.0
102 245.0
103 169.0
104 203.0
105 203.0
106 203.0
107 245.0
108 49.0
109 203.0
110 32.0
111 203.0
112 203.0
113 0.0
114 203.0
115 203.0
116 32.0
117 33.0
118 38.0
119 120.0
120 191.0
121 32.0
122 169.0
123 169.0
124 25.0
125 158.0
126 164.0
127 169.0
128 114.0
129 203.0
130 38.0
131 203.0
132 204.0
133 32.0
134 32.0
135 98.0
136 98.0
137 203.0
138 25.0
139 25.0
140 0.0
141 38.0
142 203.0
143 32.0
144 203.0
145 98.0
146 203.0
147 203.0
148 203.0
149 0.0
150 0.0
151 98.0
152 33.0
153 245.0
154 32.0
155 203.0
156 203.0
157 203.0
158 245.0
159 49.0
160 104.0
161 203.0
162 43.0
163 203.0
164 0.0
165 203.0
166 0.0
167 25.0
168 33.0
169 120.0
170 191.0
171 191.0
172 169.0
173 169.0
174 33.0
175 0.0
176 20.0
177 25.0
178 169.0
179 0.0
180 120.0
181 203.0
182 183.0
183 98.0
184 98.0
185 32.0
186 98.0
187 98.0
188 200.0
189 203.0
190 25.0
191 38.0
192 0.0
193 98.0
194 169.0
195 203.0
196 104.0
197 203.0
198 203.0
199 203.0
200 203.0
201 25.0
202 204.0
203 32.0
204 245.0
205 32.0
206 0.0
207 203.0
208 0.0
209 245.0
210 49.0
211 98.0
212 203.0
213 203.0
214 203.0
215 0.0
216 203.0
217 0.0
218 32.0
219 109.0
220 191.0
221 191.0
222 169.0
223 169.0
224 169.0
225 203.0
226 32.0
227 30.0
228 153.0
229 169.0
230 203.0
231 203.0
232 203.0
233 203.0
234 98.0
235 180.0
236 180.0
237 98.0
238 203.0
239 203.0
240 98.0
241 0.0
242 38.0
243 98.0
244 38.0
245 93.0
246 203.0
247 104.0
248 203.0
249 25.0
250 0.0
251 38.0
252 30.0
253 203.0
254 203.0
255 245.0
256 180.0
257 203.0
258 203.0
259 203.0
260 245.0
261 203.0
262 32.0
263 203.0
264 203.0
265 203.0
266 203.0
267 203.0
268 0.0
269 30.0
270 251.0
271 180.0
272 120.0
273 169.0
274 169.0
275 169.0
276 203.0
277 32.0
278 164.0
279 164.0
280 203.0
281 203.0
282 203.0
283 251.0
284 187.0
285 169.0
286 109.0
287 32.0
288 239.0
289 180.0
290 32.0
291 203.0
292 0.0
293 32.0
294 30.0
295 203.0
296 204.0
297 203.0
298 98.0
299 203.0
300 203.0
301 251.0
302 0.0
303 30.0
304 98.0
305 203.0
306 251.0
307 32.0
308 203.0
309 203.0
310 203.0
311 245.0
312 32.0
313 104.0
314 204.0
315 203.0
316 203.0
317 203.0
318 203.0
319 103.0
320 32.0
321 251.0
322 203.0
323 191.0
324 191.0
325 169.0
326 32.0
327 33.0
328 0.0
329 20.0
330 203.0
331 109.0
332 203.0
333 203.0
334 191.0
335 32.0
336 203.0
337 203.0
338 315.0
339 200.0
340 193.0
341 200.0
342 203.0
343 203.0
344 32.0
345 7.0
346 204.0
347 32.0
348 204.0
349 98.0
350 203.0
351 251.0
352 203.0
353 0.0
354 25.0
355 204.0
356 98.0
357 315.0
358 32.0
359 0.0
360 203.0
361 203.0
362 245.0
363 49.0
364 33.0
365 203.0
366 203.0
367 203.0
368 204.0
369 203.0
370 203.0
371 32.0
372 251.0
373 203.0
374 203.0
375 191.0
376 191.0
377 32.0
378 33.0
379 169.0
380 153.0
381 180.0
382 203.0
383 25.0
384 203.0
385 251.0
386 203.0
387 204.0
388 0.0
389 142.0
390 154.0
391 173.0
392 200.0
393 203.0
394 0.0
395 32.0
396 203.0
397 32.0
398 93.0
399 204.0
400 109.0
401 251.0
402 164.0
403 242.0
404 203.0
405 25.0
406 204.0
407 98.0
408 315.0
409 32.0
410 203.0
411 203.0
412 202.0
413 245.0
414 203.0
415 203.0
416 204.0
417 1.0
418 33.0
419 152.0
420 203.0
421 25.0
422 32.0
423 251.0
424 120.0
425 203.0
426 203.0
427 191.0
428 32.0
429 203.0
430 32.0
431 153.0
432 203.0
433 203.0
434 38.0
435 203.0
436 203.0
437 32.0
438 98.0
439 109.0
440 204.0
441 242.0
442 109.0
443 204.0
444 203.0
445 0.0
446 251.0
447 82.0
448 204.0
449 204.0
450 204.0
451 203.0
452 288.0
453 203.0
454 203.0
455 203.0
456 0.0
457 32.0
458 203.0
459 315.0
460 32.0
461 203.0
462 203.0
463 203.0
464 245.0
465 33.0
466 203.0
467 203.0
468 203.0
469 206.0
470 204.0
471 152.0
472 33.0
473 251.0
474 251.0
475 120.0
476 191.0
477 203.0
478 203.0
479 32.0
480 203.0
481 158.0
482 20.0
483 175.0
484 185.0
485 203.0
486 33.0
487 251.0
488 203.0
489 203.0
490 180.0
491 180.0
492 1.0
493 178.0
494 30.0
495 203.0
496 0.0
497 33.0
498 203.0
499 204.0
500 204.0
501 204.0
502 251.0
503 251.0
504 180.0
505 203.0
506 203.0
507 32.0
508 204.0
509 203.0
510 315.0
511 32.0
512 32.0
513 203.0
514 203.0
515 245.0
516 25.0
517 203.0
518 203.0
519 33.0
520 32.0
521 211.0
522 33.0
523 251.0
524 169.0
525 251.0
526 120.0
527 203.0
528 203.0
529 120.0
530 32.0
531 32.0
532 33.0
533 20.0
534 203.0
535 203.0
536 203.0
537 191.0
538 203.0
539 32.0
540 204.0
541 32.0
542 164.0
543 200.0
544 188.0
545 214.0
546 0.0
547 0.0
548 33.0
549 33.0
550 204.0
551 204.0
552 251.0
553 251.0
554 251.0
555 0.0
556 203.0
557 0.0
558 30.0
559 204.0
560 169.0
561 315.0
562 32.0
563 25.0
564 203.0
565 203.0
566 245.0
567 49.0
568 203.0
569 203.0
570 30.0
571 211.0
572 205.0
573 31.0
574 251.0
575 180.0
576 185.0
577 203.0
578 235.0
579 203.0
580 191.0
581 33.0
582 32.0
583 32.0
584 153.0
585 203.0
586 203.0
587 203.0
588 203.0
589 251.0
590 203.0
591 98.0
592 0.0
593 204.0
594 204.0
595 203.0
596 200.0
597 192.0
598 32.0
599 203.0
600 251.0
601 204.0
602 203.0
603 251.0
604 203.0
605 203.0
606 203.0
607 315.0
608 203.0
609 32.0
610 98.0
611 104.0
612 315.0
613 32.0
614 203.0
615 203.0
616 203.0
617 245.0
618 203.0
619 203.0
620 203.0
621 0.0
622 203.0
623 203.0
624 0.0
625 251.0
626 32.0
627 185.0
628 203.0
629 120.0
630 203.0
631 203.0
632 32.0
633 203.0
634 30.0
635 153.0
636 203.0
637 203.0
638 203.0
639 33.0
640 203.0
641 32.0
642 203.0
643 30.0
644 180.0
645 252.0
646 25.0
647 200.0
648 192.0
649 0.0
650 104.0
651 38.0
652 225.0
653 203.0
654 251.0
655 180.0
656 203.0
657 0.0
658 0.0
659 0.0
660 0.0
661 32.0
662 203.0
663 315.0
664 180.0
665 203.0
666 203.0
667 203.0
668 245.0
669 33.0
670 204.0
671 204.0
672 0.0
673 206.0
674 30.0
675 33.0
676 252.0
677 191.0
678 114.0
679 120.0
680 203.0
681 120.0
682 120.0
683 32.0
684 203.0
685 169.0
686 103.0
687 164.0
688 203.0
689 203.0
690 25.0
691 251.0
692 252.0
693 204.0
694 203.0
695 203.0
696 200.0
697 178.0
698 185.0
699 203.0
700 32.0
701 203.0
702 33.0
703 33.0
704 315.0
705 251.0
706 104.0
707 203.0
708 0.0
709 203.0
710 25.0
711 203.0
712 98.0
713 203.0
714 315.0
715 203.0
716 25.0
717 203.0
718 0.0
719 245.0
720 49.0
721 203.0
722 203.0
723 0.0
724 206.0
725 30.0
726 0.0
727 38.0
728 32.0
729 185.0
730 203.0
731 203.0
732 203.0
733 203.0
734 0.0
735 32.0
736 33.0
737 20.0
738 180.0
739 203.0
740 203.0
741 203.0
742 251.0
743 32.0
744 32.0
745 0.0
746 203.0
747 252.0
748 204.0
749 204.0
750 103.0
751 33.0
752 203.0
753 33.0
754 203.0
755 251.0
756 251.0
757 98.0
758 203.0
759 203.0
760 315.0
761 203.0
762 25.0
763 203.0
764 180.0
765 315.0
766 32.0
767 203.0
768 203.0
769 0.0
770 245.0
771 49.0
772 203.0
773 204.0
774 0.0
775 203.0
776 203.0
777 33.0
778 252.0
779 32.0
780 185.0
781 120.0
782 120.0
783 203.0
784 120.0
785 33.0
786 32.0
787 30.0
788 153.0
789 203.0
790 203.0
791 203.0
792 203.0
793 271.0
794 203.0
795 203.0
796 98.0
797 204.0
798 204.0
799 203.0
800 200.0
801 200.0
802 0.0
803 98.0
804 33.0
805 38.0
806 251.0
807 251.0
808 169.0
809 203.0
810 0.0
811 0.0
812 204.0
813 30.0
814 204.0
815 49.0
816 315.0
817 203.0
818 203.0
819 203.0
820 203.0
821 245.0
822 38.0
823 203.0
824 203.0
825 150.0
826 150.0
827 38.0
828 33.0
829 252.0
830 180.0
831 191.0
832 120.0
833 191.0
834 120.0
835 120.0
836 33.0
837 203.0
838 32.0
839 153.0
840 164.0
841 203.0
842 203.0
843 203.0
844 203.0
845 203.0
846 315.0
847 98.0
848 204.0
849 200.0
850 32.0
851 200.0
852 203.0
853 0.0
854 203.0
855 30.0
856 203.0
857 251.0
858 251.0
859 169.0
860 251.0
861 0.0
862 180.0
863 0.0
864 0.0
865 98.0
866 203.0
867 315.0
868 203.0
869 0.0
870 203.0
871 203.0
872 245.0
873 33.0
874 203.0
875 204.0
876 32.0
877 211.0
878 30.0
879 0.0
880 38.0
881 30.0
882 109.0
883 120.0
884 203.0
885 120.0
886 120.0
887 0.0
888 203.0
889 33.0
890 204.0
891 164.0
892 203.0
893 203.0
894 120.0
895 203.0
896 0.0
897 204.0
898 98.0
899 204.0
900 316.0
901 1.0
902 32.0
903 4.0
904 25.0
905 251.0
906 110.0
907 207.0
908 251.0
909 251.0
910 158.0
911 203.0
912 0.0
913 203.0
914 0.0
915 0.0
916 204.0
917 98.0
918 316.0
919 203.0
920 32.0
921 203.0
922 49.0
923 245.0
924 49.0
925 203.0
926 203.0
927 203.0
928 206.0
929 203.0
930 33.0
931 251.0
932 231.0
933 251.0
934 203.0
935 120.0
936 203.0
937 203.0
938 33.0
939 32.0
940 164.0
941 20.0
942 32.0
943 203.0
944 203.0
945 203.0
946 203.0
947 203.0
948 175.0
949 32.0
950 203.0
951 204.0
952 204.0
953 200.0
954 203.0
955 0.0
956 203.0
957 33.0
958 203.0
959 251.0
960 251.0
961 158.0
962 203.0
963 203.0
964 315.0
965 164.0
966 25.0
967 204.0
968 30.0
969 316.0
970 32.0
971 32.0
972 203.0
973 0.0
974 245.0
975 203.0
976 203.0
977 204.0
978 30.0
979 211.0
980 204.0
981 33.0
982 252.0
983 169.0
984 185.0
985 120.0
986 203.0
987 120.0
988 120.0
989 32.0
990 32.0
991 0.0
992 153.0
993 175.0
994 203.0
995 32.0
996 32.0
997 251.0
998 156.0
999 297.0
1000 32.0
1001 204.0
1002 200.0
1003 5.0
1004 200.0
1005 200.0
1006 98.0
1007 203.0
1008 154.0
1009 120.0
1010 251.0
1011 251.0
1012 169.0
1013 203.0
1014 251.0
1015 180.0
1016 1.0
1017 203.0
1018 204.0
1019 203.0
1020 316.0
1021 203.0
1022 203.0
1023 203.0
1024 203.0
1025 245.0
1026 33.0
1027 203.0
1028 203.0
1029 38.0
1030 157.0
1031 0.0
1032 0.0
1033 38.0
1034 251.0
1035 251.0
1036 120.0
1037 120.0
1038 203.0
1039 120.0
1040 32.0
1041 203.0
1042 164.0
1043 153.0
1044 203.0
1045 203.0
1046 203.0
1047 30.0
1048 203.0
1049 172.0
1050 204.0
1051 180.0
1052 203.0
1053 200.0
1054 215.0
1055 25.0
1056 200.0
1057 0.0
1058 251.0
1059 38.0
1060 251.0
1061 251.0
1062 203.0
1063 169.0
1064 347.0
1065 0.0
1066 315.0
1067 203.0
1068 32.0
1069 98.0
1070 203.0
1071 347.0
1072 203.0
1073 203.0
1074 203.0
1075 203.0
1076 245.0
1077 32.0
1078 203.0
1079 203.0
1080 38.0
1081 203.0
1082 0.0
1083 0.0
1084 38.0
1085 169.0
1086 251.0
1087 203.0
1088 120.0
1089 203.0
1090 120.0
1091 0.0
1092 203.0
1093 175.0
1094 20.0
1095 32.0
1096 103.0
1097 203.0
1098 203.0
1099 203.0
1100 98.0
1101 190.0
1102 164.0
1103 203.0
1104 315.0
1105 214.0
1106 204.0
1107 203.0
1108 203.0
1109 203.0
1110 33.0
1111 203.0
1112 98.0
1113 251.0
1114 158.0
1115 203.0
1116 242.0
1117 203.0
1118 0.0
1119 203.0
1120 204.0
1121 104.0
1122 347.0
1123 203.0
1124 32.0
1125 203.0
1126 25.0
1127 245.0
1128 32.0
1129 203.0
1130 204.0
1131 1.0
1132 206.0
1133 205.0
1134 33.0
1135 251.0
1136 180.0
1137 251.0
1138 203.0
1139 203.0
1140 120.0
1141 120.0
1142 25.0
1143 32.0
1144 164.0
1145 20.0
1146 175.0
1147 103.0
1148 203.0
1149 38.0
1150 203.0
1151 98.0
1152 251.0
1153 25.0
1154 203.0
1155 203.0
1156 203.0
1157 195.0
1158 203.0
1159 30.0
1160 203.0
1161 251.0
1162 215.0
1163 251.0
1164 251.0
1165 158.0
1166 203.0
1167 203.0
1168 315.0
1169 348.0
1170 30.0
1171 204.0
1172 30.0
1173 348.0
1174 203.0
1175 203.0
1176 203.0
1177 203.0
1178 245.0
1179 32.0
1180 252.0
1181 203.0
1182 152.0
1183 203.0
1184 38.0
1185 0.0
1186 204.0
1187 169.0
1188 185.0
1189 203.0
1190 203.0
1191 203.0
1192 120.0
1193 0.0
1194 32.0
1195 203.0
1196 153.0
1197 103.0
1198 203.0
1199 203.0
1200 32.0
1201 38.0
1202 169.0
1203 315.0
1204 204.0
1205 204.0
1206 252.0
1207 32.0
1208 239.0
1209 200.0
1210 25.0
1211 109.0
1212 155.0
1213 109.0
1214 251.0
1215 251.0
1216 98.0
1217 164.0
1218 315.0
1219 347.0
1220 204.0
1221 204.0
1222 204.0
1223 30.0
1224 348.0
1225 203.0
1226 203.0
1227 203.0
1228 32.0
1229 245.0
1230 204.0
1231 203.0
1232 203.0
1233 33.0
1234 211.0
1235 150.0
1236 0.0
1237 103.0
1238 252.0
1239 191.0
1240 120.0
1241 120.0
1242 203.0
1243 120.0
1244 169.0
1245 203.0
1246 175.0
1247 153.0
1248 180.0
1249 203.0
1250 203.0
1251 38.0
1252 203.0
1253 203.0
1254 315.0
1255 30.0
1256 204.0
1257 200.0
1258 203.0
1259 203.0
1260 244.0
1261 98.0
1262 32.0
1263 33.0
1264 33.0
1265 315.0
1266 251.0
1267 169.0
1268 203.0
1269 347.0
1270 347.0
1271 204.0
1272 251.0
1273 204.0
1274 30.0
1275 348.0
1276 203.0
1277 32.0
1278 203.0
1279 203.0
1280 245.0
1281 203.0
1282 203.0
1283 104.0
1284 30.0
1285 211.0
1286 0.0
1287 32.0
1288 252.0
1289 169.0
1290 203.0
1291 203.0
1292 180.0
1293 120.0
1294 191.0
1295 32.0
1296 203.0
1297 203.0
1298 20.0
1299 180.0
1300 203.0
1301 203.0
1302 32.0
1303 188.0
1304 87.0
1305 251.0
1306 25.0
1307 273.0
1308 316.0
1309 59.0
1310 244.0
1311 30.0
1312 104.0
1313 32.0
1314 38.0
1315 38.0
1316 251.0
1317 251.0
1318 169.0
1319 251.0
1320 347.0
1321 315.0
1322 0.0
1323 315.0
1324 251.0
1325 203.0
1326 348.0
1327 203.0
1328 0.0
1329 203.0
1330 203.0
1331 245.0
1332 32.0
1333 204.0
1334 203.0
1335 0.0
1336 211.0
1337 30.0
1338 0.0
1339 251.0
1340 158.0
1341 251.0
1342 203.0
1343 203.0
1344 120.0
1345 191.0
1346 33.0
1347 203.0
1348 175.0
1349 25.0
1350 92.0
1351 203.0
1352 203.0
1353 32.0
1354 32.0
1355 98.0
1356 251.0
1357 0.0
1358 203.0
1359 203.0
1360 315.0
1361 192.0
1362 200.0
1363 25.0
1364 204.0
1365 32.0
1366 203.0
1367 204.0
1368 251.0
1369 98.0
1370 203.0
1371 251.0
1372 347.0
1373 203.0
1374 315.0
1375 251.0
1376 251.0
1377 348.0
1378 2.0
1379 203.0
1380 203.0
1381 203.0
1382 245.0
1383 180.0
1384 203.0
1385 203.0
1386 204.0
1387 211.0
1388 32.0
1389 32.0
1390 204.0
1391 0.0
1392 251.0
1393 203.0
1394 203.0
1395 203.0
1396 120.0
1397 0.0
1398 33.0
1399 202.0
1400 153.0
1401 38.0
1402 203.0
1403 203.0
1404 38.0
1405 203.0
1406 169.0
1407 197.0
1408 30.0
1409 203.0
1410 252.0
1411 157.0
1412 273.0
1413 200.0
1414 98.0
1415 203.0
1416 33.0
1417 33.0
1418 180.0
1419 251.0
1420 251.0
1421 203.0
1422 347.0
1423 348.0
1424 315.0
1425 315.0
1426 30.0
1427 192.0
1428 348.0
1429 2.0
1430 203.0
1431 203.0
1432 203.0
1433 245.0
1434 203.0
1435 203.0
1436 252.0
1437 33.0
1438 211.0
1439 206.0
1440 0.0
1441 38.0
1442 180.0
1443 203.0
1444 191.0
1445 120.0
1446 203.0
1447 120.0
1448 0.0
1449 203.0
1450 175.0
1451 153.0
1452 32.0
1453 203.0
1454 203.0
1455 32.0
1456 188.0
1457 203.0
1458 315.0
1459 0.0
1460 316.0
1461 200.0
1462 252.0
1463 32.0
1464 203.0
1465 0.0
1466 25.0
1467 33.0
1468 251.0
1469 315.0
1470 251.0
1471 169.0
1472 251.0
1473 315.0
1474 315.0
1475 164.0
1476 348.0
1477 251.0
1478 251.0
1479 348.0
1480 2.0
1481 32.0
1482 203.0
1483 203.0
1484 245.0
1485 204.0
1486 203.0
1487 203.0
1488 252.0
1489 211.0
1490 30.0
1491 0.0
1492 180.0
1493 38.0
1494 191.0
1495 203.0
1496 203.0
1497 120.0
1498 203.0
1499 32.0
1500 203.0
1501 175.0
1502 20.0
1503 33.0
1504 180.0
1505 203.0
1506 38.0
1507 156.0
1508 98.0
1509 315.0
1510 251.0
1511 204.0
1512 204.0
1513 242.0
1514 316.0
1515 200.0
1516 32.0
1517 203.0
1518 154.0
1519 203.0
1520 251.0
1521 251.0
1522 180.0
1523 288.0
1524 203.0
1525 348.0
1526 164.0
1527 348.0
1528 251.0
1529 251.0
1530 348.0
1531 251.0
1532 203.0
1533 203.0
1534 203.0
1535 245.0
1536 203.0
1537 203.0
1538 38.0
1539 203.0
1540 203.0
1541 38.0
1542 33.0
1543 33.0
1544 218.0
1545 203.0
1546 203.0
1547 203.0
1548 120.0
1549 203.0
1550 32.0
1551 203.0
1552 164.0
1553 20.0
1554 0.0
1555 203.0
1556 203.0
1557 180.0
1558 203.0
1559 98.0
1560 315.0
1561 0.0
1562 203.0
1563 32.0
1564 203.0
1565 200.0
1566 203.0
1567 203.0
1568 98.0
1569 33.0
1570 103.0
1571 251.0
1572 180.0
1573 98.0
1574 203.0
1575 348.0
1576 348.0
1577 204.0
1578 315.0
1579 251.0
1580 251.0
1581 348.0
1582 251.0
1583 251.0
1584 203.0
1585 49.0
1586 245.0
1587 204.0
1588 204.0
1589 203.0
1590 316.0
1591 32.0
1592 206.0
1593 33.0
1594 252.0
1595 180.0
1596 251.0
1597 203.0
1598 191.0
1599 120.0
1600 203.0
1601 32.0
1602 32.0
1603 175.0
1604 20.0
1605 251.0
1606 203.0
1607 203.0
1608 32.0
1609 203.0
1610 203.0
1611 315.0
1612 30.0
1613 315.0
1614 315.0
1615 316.0
1616 200.0
1617 2.0
1618 109.0
1619 203.0
1620 251.0
1621 214.0
1622 203.0
1623 251.0
1624 169.0
1625 0.0
1626 347.0
1627 316.0
1628 315.0
1629 348.0
1630 25.0
1631 251.0
1632 348.0
1633 2.0
1634 251.0
1635 0.0
1636 203.0
1637 245.0
1638 204.0
1639 204.0
1640 204.0
1641 1.0
1642 204.0
1643 205.0
1644 33.0
1645 251.0
1646 180.0
1647 251.0
1648 203.0
1649 203.0
1650 120.0
1651 203.0
1652 33.0
1653 203.0
1654 175.0
1655 153.0
1656 0.0
1657 164.0
1658 203.0
1659 32.0
1660 251.0
1661 25.0
1662 315.0
1663 30.0
1664 203.0
1665 252.0
1666 201.0
1667 98.0
1668 204.0
1669 104.0
1670 203.0
1671 110.0
1672 203.0
1673 251.0
1674 251.0
1675 281.0
1676 251.0
1677 348.0
1678 348.0
1679 164.0
1680 315.0
1681 251.0
1682 252.0
1683 348.0
1684 251.0
1685 251.0
1686 251.0
1687 203.0
1688 245.0
1689 204.0
1690 203.0
1691 204.0
1692 203.0
1693 203.0
1694 157.0
1695 0.0
1696 103.0
1697 180.0
1698 191.0
1699 203.0
1700 203.0
1701 120.0
1702 120.0
1703 32.0
1704 203.0
1705 175.0
1706 20.0
1707 0.0
1708 2.0
1709 203.0
1710 6.0
1711 203.0
1712 203.0
1713 315.0
1714 0.0
1715 316.0
1716 32.0
1717 200.0
1718 315.0
1719 200.0
1720 25.0
1721 32.0
1722 242.0
1723 251.0
1724 251.0
1725 251.0
1726 180.0
1727 158.0
1728 315.0
1729 347.0
1730 315.0
1731 348.0
1732 204.0
1733 251.0
1734 348.0
1735 251.0
1736 251.0
1737 251.0
1738 203.0
1739 245.0
1740 203.0
1741 203.0
1742 204.0
1743 316.0
1744 203.0
1745 206.0
1746 14.0
1747 251.0
1748 169.0
1749 38.0
1750 203.0
1751 203.0
1752 120.0
1753 203.0
1754 203.0
1755 32.0
1756 164.0
1757 20.0
1758 30.0
1759 153.0
1760 203.0
1761 1.0
1762 203.0
1763 203.0
1764 315.0
1765 180.0
1766 203.0
1767 252.0
1768 32.0
1769 252.0
1770 200.0
1771 114.0
1772 203.0
1773 33.0
1774 181.0
1775 251.0
1776 251.0
1777 251.0
1778 315.0
1779 347.0
1780 3.0
1781 204.0
1782 348.0
1783 30.0
1784 252.0
1785 348.0
1786 251.0
1787 251.0
1788 0.0
1789 203.0
1790 245.0
1791 204.0
1792 204.0
1793 203.0
1794 1.0
1795 203.0
1796 206.0
1797 33.0
1798 252.0
1799 169.0
1800 33.0
1801 203.0
1802 203.0
1803 120.0
1804 203.0
1805 32.0
1806 203.0
1807 203.0
1808 153.0
1809 0.0
1810 153.0
1811 203.0
1812 33.0
1813 251.0
1814 98.0
1815 315.0
1816 180.0
1817 316.0
1818 200.0
1819 200.0
1820 203.0
1821 4.0
1822 98.0
1823 38.0
1824 251.0
1825 203.0
1826 251.0
1827 251.0
1828 104.0
1829 203.0
1830 347.0
1831 348.0
1832 204.0
1833 315.0
1834 251.0
1835 252.0
1836 348.0
1837 2.0
1838 251.0
1839 251.0
1840 203.0
1841 245.0
1842 203.0
1843 203.0
1844 204.0
1845 203.0
1846 203.0
1847 211.0
1848 251.0
1849 251.0
1850 169.0
1851 191.0
1852 203.0
1853 203.0
1854 120.0
1855 120.0
1856 33.0
1857 203.0
1858 175.0
1859 20.0
1860 0.0
1861 2.0
1862 203.0
1863 169.0
1864 251.0
1865 204.0
1866 315.0
1867 203.0
1868 204.0
1869 316.0
1870 316.0
1871 203.0
1872 200.0
1873 104.0
1874 203.0
1875 251.0
1876 203.0
1877 251.0
1878 180.0
1879 180.0
1880 251.0
1881 316.0
1882 347.0
1883 203.0
1884 348.0
1885 251.0
1886 252.0
1887 348.0
1888 2.0
1889 251.0
1890 251.0
1891 203.0
1892 245.0
1893 203.0
1894 203.0
1895 251.0
1896 252.0
1897 204.0
1898 169.0
1899 0.0
1900 252.0
1901 98.0
1902 251.0
1903 203.0
1904 120.0
1905 120.0
1906 203.0
1907 32.0
1908 203.0
1909 175.0
1910 20.0
1911 0.0
1912 2.0
1913 203.0
1914 38.0
1915 156.0
1916 25.0
1917 315.0
1918 203.0
1919 203.0
1920 204.0
1921 32.0
1922 315.0
1923 252.0
1924 25.0
1925 203.0
1926 251.0
1927 203.0
1928 251.0
1929 251.0
1930 93.0
1931 315.0
1932 348.0
1933 203.0
1934 164.0
1935 348.0
1936 251.0
1937 252.0
1938 348.0
1939 251.0
1940 251.0
1941 251.0
1942 32.0
1943 245.0
1944 204.0
1945 252.0
1946 203.0
1947 1.0
1948 203.0
1949 0.0
1950 0.0
1951 38.0
1952 169.0
1953 251.0
1954 180.0
1955 120.0
1956 120.0
1957 203.0
1958 33.0
1959 32.0
1960 175.0
1961 164.0
1962 0.0
1963 153.0
1964 203.0
1965 38.0
1966 155.0
1967 203.0
1968 315.0
1969 203.0
1970 203.0
1971 315.0
1972 201.0
1973 316.0
1974 7.0
1975 109.0
1976 203.0
1977 33.0
1978 252.0
1979 251.0
1980 251.0
1981 281.0
1982 0.0
1983 347.0
1984 0.0
1985 251.0
1986 315.0
1987 204.0
1988 252.0
1989 348.0
1990 251.0
1991 251.0
1992 251.0
1993 251.0
1994 245.0
1995 203.0
1996 204.0
1997 203.0
1998 204.0
1999 32.0
2000 206.0
2001 33.0
2002 251.0
2003 169.0
2004 251.0
2005 251.0
2006 180.0
2007 120.0
2008 203.0
2009 32.0
2010 203.0
2011 175.0
2012 153.0
2013 0.0
2014 2.0
2015 203.0
2016 32.0
2017 203.0
2018 158.0
2019 315.0
2020 203.0
2021 44.0
2022 252.0
2023 200.0
2024 203.0
2025 200.0
2026 103.0
2027 203.0
2028 251.0
2029 218.0
2030 251.0
2031 32.0
2032 203.0
2033 19.0
2034 347.0
2035 347.0
2036 204.0
2037 315.0
2038 203.0
2039 252.0
2040 348.0
2041 2.0
2042 251.0
2043 251.0
2044 49.0
2045 251.0
2046 203.0
2047 203.0
2048 203.0
2049 203.0
2050 252.0
2051 6.0
2052 203.0
2053 38.0
2054 180.0
2055 251.0
2056 203.0
2057 203.0
2058 120.0
2059 203.0
2060 32.0
2061 203.0
2062 175.0
2063 153.0
2064 0.0
2065 2.0
2066 203.0
2067 204.0
2068 251.0
2069 169.0
2070 315.0
2071 204.0
2072 203.0
2073 203.0
2074 203.0
2075 315.0
2076 200.0
2077 114.0
2078 203.0
2079 218.0
2080 203.0
2081 251.0
2082 180.0
2083 164.0
2084 348.0
2085 348.0
2086 347.0
2087 315.0
2088 347.0
2089 252.0
2090 252.0
2091 348.0
2092 251.0
2093 25.0
2094 251.0
2095 251.0
2096 251.0
2097 203.0
2098 203.0
2099 204.0
2100 203.0
2101 203.0
2102 1.0
2103 0.0
2104 252.0
2105 169.0
2106 180.0
2107 120.0
2108 120.0
2109 120.0
2110 203.0
2111 169.0
2112 32.0
2113 202.0
2114 20.0
2115 30.0
2116 153.0
2117 251.0
2118 38.0
2119 203.0
2120 203.0
2121 315.0
2122 205.0
2123 203.0
2124 316.0
2125 252.0
2126 315.0
2127 182.0
2128 103.0
2129 203.0
2130 38.0
2131 203.0
2132 180.0
2133 204.0
2134 347.0
2135 267.0
2136 7.0
2137 3.0
2138 251.0
2139 348.0
2140 252.0
2141 252.0
2142 348.0
2143 251.0
2144 251.0
2145 251.0
2146 251.0
2147 203.0
2148 204.0
2149 204.0
2150 203.0
2151 252.0
2152 203.0
2153 38.0
2154 38.0
2155 252.0
2156 169.0
2157 251.0
2158 240.0
2159 120.0
2160 120.0
2161 203.0
2162 203.0
2163 32.0
2164 164.0
2165 174.0
2166 0.0
2167 191.0
2168 203.0
2169 32.0
2170 203.0
2171 98.0
2172 315.0
2173 316.0
2174 203.0
2175 252.0
2176 200.0
2177 315.0
2178 203.0
2179 109.0
2180 98.0
2181 204.0
2182 203.0
2183 251.0
2184 252.0
2185 347.0
2186 251.0
2187 348.0
2188 0.0
2189 203.0
2190 316.0
2191 251.0
2192 252.0
2193 348.0
2194 251.0
2195 251.0
2196 251.0
2197 191.0
2198 251.0
2199 203.0
2200 256.0
2201 203.0
2202 204.0
2203 203.0
2204 32.0
2205 33.0
2206 252.0
2207 169.0
2208 251.0
2209 203.0
2210 203.0
2211 120.0
2212 120.0
2213 32.0
2214 203.0
2215 175.0
2216 164.0
2217 0.0
2218 2.0
2219 175.0
2220 32.0
2221 32.0
2222 169.0
2223 225.0
2224 251.0
2225 203.0
2226 203.0
2227 32.0
2228 252.0
2229 200.0
2230 104.0
2231 25.0
2232 218.0
2233 251.0
2234 38.0
2235 0.0
2236 204.0
2237 203.0
2238 347.0
2239 348.0
2240 204.0
2241 348.0
2242 251.0
2243 252.0
2244 348.0
2245 203.0
2246 251.0
2247 251.0
2248 191.0
2249 203.0
2250 204.0
2251 203.0
2252 203.0
2253 204.0
2254 203.0
2255 1.0
2256 203.0
2257 38.0
2258 169.0
2259 38.0
2260 180.0
2261 203.0
2262 120.0
2263 203.0
2264 33.0
2265 203.0
2266 204.0
2267 20.0
2268 30.0
2269 2.0
2270 203.0
2271 38.0
2272 32.0
2273 169.0
2274 30.0
2275 316.0
2276 203.0
2277 316.0
2278 200.0
2279 252.0
2280 182.0
2281 114.0
2282 25.0
2283 38.0
2284 251.0
2285 203.0
2286 202.0
2287 203.0
2288 267.0
2289 348.0
2290 348.0
2291 164.0
2292 348.0
2293 203.0
2294 252.0
2295 348.0
2296 180.0
2297 203.0
2298 251.0
2299 251.0
2300 251.0
2301 204.0
2302 203.0
2303 204.0
2304 252.0
2305 251.0
2306 38.0
2307 0.0
2308 252.0
2309 169.0
2310 103.0
2311 203.0
2312 120.0
2313 203.0
2314 203.0
2315 169.0
2316 25.0
2317 175.0
2318 20.0
2319 0.0
2320 33.0
2321 203.0
2322 203.0
2323 180.0
2324 87.0
2325 26.0
2326 251.0
2327 203.0
2328 252.0
2329 178.0
2330 315.0
2331 200.0
2332 109.0
2333 30.0
2334 203.0
2335 315.0
2336 251.0
2337 203.0
2338 347.0
2339 348.0
2340 347.0
2341 0.0
2342 251.0
2343 348.0
2344 252.0
2345 252.0
2346 348.0
2347 203.0
2348 251.0
2349 251.0
2350 25.0
2351 251.0
2352 32.0
2353 203.0
2354 204.0
2355 204.0
2356 32.0
2357 1.0
2358 251.0
2359 252.0
2360 169.0
2361 251.0
2362 203.0
2363 203.0
2364 120.0
2365 203.0
2366 203.0
2367 20.0
2368 175.0
2369 164.0
2370 163.0
2371 87.0
2372 109.0
2373 38.0
2374 38.0
2375 98.0
2376 251.0
2377 203.0
2378 203.0
2379 203.0
2380 252.0
2381 315.0
2382 200.0
2383 109.0
2384 20.0
2385 203.0
2386 203.0
2387 204.0
2388 203.0
2389 347.0
2390 0.0
2391 347.0
2392 348.0
2393 204.0
2394 315.0
2395 25.0
2396 252.0
2397 348.0
2398 251.0
2399 251.0
2400 251.0
2401 49.0
2402 203.0
2403 315.0
2404 203.0
2405 203.0
2406 204.0
2407 203.0
2408 204.0
2409 33.0
2410 38.0
2411 174.0
2412 251.0
2413 191.0
2414 203.0
2415 120.0
2416 203.0
2417 32.0
2418 164.0
2419 175.0
2420 20.0
2421 0.0
2422 180.0
2423 203.0
2424 32.0
2425 32.0
2426 169.0
2427 251.0
2428 315.0
2429 203.0
2430 315.0
2431 203.0
2432 316.0
2433 181.0
2434 140.0
2435 98.0
2436 38.0
2437 203.0
2438 32.0
2439 203.0
2440 169.0
2441 347.0
2442 348.0
2443 348.0
2444 251.0
2445 348.0
2446 348.0
2447 252.0
2448 348.0
2449 252.0
2450 251.0
2451 251.0
2452 25.0
2453 203.0
2454 204.0
2455 204.0
2456 252.0
2457 251.0
2458 203.0
2459 204.0
2460 0.0
2461 38.0
2462 169.0
2463 251.0
2464 203.0
2465 120.0
2466 120.0
2467 203.0
2468 203.0
2469 164.0
2470 204.0
2471 20.0
2472 163.0
2473 30.0
2474 175.0
2475 38.0
2476 33.0
2477 98.0
2478 32.0
2479 315.0
2480 203.0
2481 315.0
2482 252.0
2483 316.0
2484 175.0
2485 114.0
2486 25.0
2487 218.0
2488 316.0
2489 315.0
2490 7.0
2491 203.0
2492 267.0
2493 348.0
2494 347.0
2495 203.0
2496 348.0
2497 251.0
2498 252.0
2499 348.0
2500 2.0
2501 251.0
2502 251.0
2503 180.0
2504 251.0
2505 204.0
2506 203.0
2507 33.0
2508 251.0
2509 32.0
2510 30.0
2511 251.0
2512 252.0
2513 169.0
2514 251.0
2515 203.0
2516 203.0
2517 120.0
2518 203.0
2519 33.0
2520 164.0
2521 175.0
2522 174.0
2523 163.0
2524 114.0
2525 203.0
2526 32.0
2527 32.0
2528 98.0
2529 32.0
2530 273.0
2531 203.0
2532 316.0
2533 200.0
2534 315.0
2535 195.0
2536 109.0
2537 203.0
2538 38.0
2539 251.0
2540 204.0
2541 204.0
2542 347.0
2543 203.0
2544 348.0
2545 203.0
2546 269.0
2547 315.0
2548 348.0
2549 251.0
2550 348.0
2551 252.0
2552 251.0
2553 251.0
2554 49.0
2555 251.0
2556 32.0
2557 203.0
2558 204.0
2559 204.0
2560 203.0
2561 203.0
2562 33.0
2563 252.0
2564 180.0
2565 252.0
2566 191.0
2567 203.0
2568 120.0
2569 203.0
2570 32.0
2571 175.0
2572 175.0
2573 164.0
2574 0.0
2575 169.0
2576 175.0
2577 38.0
2578 180.0
2579 169.0
2580 267.0
2581 315.0
2582 44.0
2583 316.0
2584 200.0
2585 316.0
2586 200.0
2587 103.0
2588 30.0
2589 38.0
2590 203.0
2591 103.0
2592 203.0
2593 347.0
2594 271.0
2595 348.0
2596 25.0
2597 204.0
2598 316.0
2599 204.0
2600 348.0
2601 348.0
2602 251.0
2603 251.0
2604 251.0
2605 191.0
2606 203.0
2607 204.0
2608 316.0
2609 251.0
2610 251.0
2611 204.0
2612 252.0
2613 0.0
2614 252.0
2615 158.0
2616 98.0
2617 109.0
2618 120.0
2619 120.0
2620 203.0
2621 203.0
2622 32.0
2623 204.0
2624 30.0
2625 0.0
2626 175.0
2627 203.0
2628 203.0
2629 32.0
2630 87.0
2631 109.0
2632 316.0
2633 203.0
2634 315.0
2635 203.0
2636 316.0
2637 177.0
2638 114.0
2639 204.0
2640 203.0
2641 203.0
2642 203.0
2643 49.0
2644 180.0
2645 267.0
2646 348.0
2647 348.0
2648 164.0
2649 348.0
2650 348.0
2651 204.0
2652 348.0
2653 2.0
2654 252.0
2655 251.0
2656 0.0
2657 251.0
2658 204.0
2659 203.0
2660 251.0
2661 251.0
2662 156.0
2663 204.0
2664 0.0
2665 252.0
2666 98.0
2667 251.0
2668 203.0
2669 120.0
2670 120.0
2671 203.0
2672 33.0
2673 164.0
2674 175.0
2675 33.0
2676 163.0
2677 33.0
2678 180.0
2679 38.0
2680 32.0
2681 98.0
2682 109.0
2683 273.0
2684 203.0
2685 315.0
2686 200.0
2687 316.0
2688 200.0
2689 251.0
2690 25.0
2691 203.0
2692 251.0
2693 251.0
2694 202.0
2695 347.0
2696 25.0
2697 348.0
2698 348.0
2699 164.0
2700 348.0
2701 348.0
2702 348.0
2703 348.0
2704 251.0
2705 252.0
2706 315.0
2707 49.0
2708 251.0
2709 251.0
2710 204.0
2711 204.0
2712 204.0
2713 203.0
2714 203.0
2715 33.0
2716 252.0
2717 180.0
2718 251.0
2719 203.0
2720 203.0
2721 120.0
2722 203.0
2723 203.0
2724 164.0
2725 175.0
2726 164.0
2727 163.0
2728 153.0
2729 32.0
2730 38.0
2731 32.0
2732 251.0
2733 109.0
2734 316.0
2735 203.0
2736 315.0
2737 200.0
2738 316.0
2739 201.0
2740 109.0
2741 203.0
2742 38.0
2743 218.0
2744 251.0
2745 251.0
2746 347.0
2747 203.0
2748 347.0
2749 203.0
2750 158.0
2751 315.0
2752 348.0
2753 348.0
2754 348.0
2755 251.0
2756 251.0
2757 251.0
2758 49.0
2759 251.0
2760 203.0
2761 203.0
2762 204.0
2763 204.0
2764 204.0
2765 203.0
2766 33.0
2767 252.0
2768 0.0
2769 38.0
2770 109.0
2771 203.0
2772 120.0
2773 203.0
2774 33.0
2775 164.0
2776 175.0
2777 164.0
2778 0.0
2779 186.0
2780 175.0
2781 38.0
2782 174.0
2783 169.0
2784 251.0
2785 315.0
2786 204.0
2787 252.0
2788 32.0
2789 316.0
2790 181.0
2791 103.0
2792 30.0
2793 241.0
2794 203.0
2795 204.0
2796 251.0
2797 347.0
2798 267.0
2799 348.0
2800 347.0
2801 158.0
2802 348.0
2803 25.0
2804 315.0
2805 348.0
2806 203.0
2807 252.0
2808 251.0
2809 274.0
2810 203.0
2811 32.0
2812 203.0
2813 1.0
2814 204.0
2815 203.0
2816 191.0
2817 0.0
2818 252.0
2819 98.0
2820 33.0
2821 203.0
2822 120.0
2823 120.0
2824 203.0
2825 32.0
2826 30.0
2827 175.0
2828 30.0
2829 163.0
2830 30.0
2831 109.0
2832 32.0
2833 32.0
2834 156.0
2835 316.0
2836 203.0
2837 203.0
2838 315.0
2839 32.0
2840 316.0
2841 7.0
2842 114.0
2843 203.0
2844 203.0
2845 203.0
2846 315.0
2847 251.0
2848 169.0
2849 0.0
2850 348.0
2851 347.0
2852 1.0
2853 348.0
2854 348.0
2855 203.0
2856 348.0
2857 2.0
2858 315.0
2859 251.0
2860 191.0
2861 203.0
2862 203.0
2863 204.0
2864 204.0
2865 251.0
2866 203.0
2867 203.0
2868 33.0
2869 252.0
2870 180.0
2871 251.0
2872 204.0
2873 120.0
2874 120.0
2875 203.0
2876 32.0
2877 164.0
2878 175.0
2879 30.0
2880 163.0
2881 153.0
2882 175.0
2883 32.0
2884 32.0
2885 0.0
2886 32.0
2887 316.0
2888 203.0
2889 315.0
2890 200.0
2891 316.0
2892 200.0
2893 109.0
2894 25.0
2895 203.0
2896 251.0
2897 251.0
2898 203.0
2899 316.0
2900 251.0
2901 347.0
2902 203.0
2903 1.0
2904 348.0
2905 315.0
2906 251.0
2907 348.0
2908 2.0
2909 0.0
2910 251.0
2911 203.0
2912 204.0
2913 203.0
2914 203.0
2915 204.0
2916 251.0
2917 203.0
2918 203.0
2919 33.0
2920 252.0
2921 251.0
2922 252.0
2923 180.0
2924 203.0
2925 120.0
2926 203.0
2927 203.0
2928 175.0
2929 204.0
2930 20.0
2931 0.0
2932 203.0
2933 180.0
2934 38.0
2935 104.0
2936 11.0
2937 315.0
2938 316.0
2939 203.0
2940 316.0
2941 200.0
2942 316.0
2943 186.0
2944 103.0
2945 33.0
2946 203.0
2947 251.0
2948 316.0
2949 204.0
2950 347.0
2951 267.0
2952 348.0
2953 203.0
2954 1.0
2955 348.0
2956 315.0
2957 348.0
2958 348.0
2959 316.0
2960 203.0
2961 252.0
2962 32.0
2963 251.0
2964 204.0
2965 203.0
2966 251.0
2967 204.0
2968 203.0
2969 203.0
2970 203.0
2971 252.0
2972 38.0
2973 33.0
2974 191.0
2975 120.0
2976 203.0
2977 203.0
2978 32.0
2979 32.0
2980 175.0
2981 164.0
2982 0.0
2983 32.0
2984 251.0
2985 203.0
2986 174.0
2987 267.0
2988 315.0
2989 273.0
2990 203.0
2991 315.0
2992 32.0
2993 316.0
2994 203.0
2995 114.0
2996 30.0
2997 203.0
2998 203.0
2999 204.0
3000 251.0
3001 347.0
3002 271.0
3003 348.0
3004 347.0
3005 1.0
3006 348.0
3007 348.0
3008 315.0
3009 348.0
3010 203.0
3011 315.0
3012 252.0
3013 169.0
3014 204.0
3015 203.0
3016 109.0
3017 252.0
3018 252.0
3019 204.0
3020 180.0
3021 0.0
3022 252.0
3023 252.0
3024 251.0
3025 203.0
3026 203.0
3027 120.0
3028 203.0
3029 203.0
3030 175.0
3031 175.0
3032 180.0
3033 163.0
3034 180.0
3035 175.0
3036 38.0
3037 32.0
3038 204.0
3039 251.0
3040 273.0
3041 315.0
3042 316.0
3043 32.0
3044 316.0
3045 200.0
3046 109.0
3047 25.0
3048 203.0
3049 203.0
3050 316.0
3051 32.0
3052 0.0
3053 25.0
3054 348.0
3055 348.0
3056 1.0
3057 348.0
3058 348.0
3059 315.0
3060 348.0
3061 251.0
3062 0.0
3063 251.0
3064 38.0
3065 204.0
3066 203.0
3067 204.0
3068 252.0
3069 251.0
3070 204.0
3071 203.0
3072 33.0
3073 252.0
3074 180.0
3075 251.0
3076 180.0
3077 120.0
3078 203.0
3079 203.0
3080 33.0
3081 164.0
3082 175.0
3083 20.0
3084 163.0
3085 186.0
3086 180.0
3087 38.0
3088 104.0
3089 204.0
3090 225.0
3091 315.0
3092 204.0
3093 316.0
3094 201.0
3095 316.0
3096 203.0
3097 103.0
3098 203.0
3099 38.0
3100 251.0
3101 315.0
3102 169.0
3103 347.0
3104 316.0
3105 347.0
3106 0.0
3107 1.0
3108 348.0
3109 315.0
3110 348.0
3111 348.0
3112 251.0
3113 203.0
3114 251.0
3115 32.0
3116 203.0
3117 203.0
3118 203.0
3119 252.0
3120 251.0
3121 203.0
3122 204.0
3123 33.0
3124 252.0
3125 180.0
3126 38.0
3127 109.0
3128 203.0
3129 120.0
3130 203.0
3131 33.0
3132 30.0
3133 204.0
3134 206.0
3135 0.0
3136 33.0
3137 175.0
3138 33.0
3139 174.0
3140 33.0
3141 32.0
3142 316.0
3143 203.0
3144 252.0
3145 203.0
3146 316.0
3147 32.0
3148 114.0
3149 203.0
3150 203.0
3151 251.0
3152 204.0
3153 32.0
3154 347.0
3155 25.0
3156 348.0
3157 203.0
3158 0.0
3159 348.0
3160 316.0
3161 348.0
3162 348.0
3163 180.0
3164 251.0
3165 252.0
3166 315.0
3167 251.0
3168 204.0
3169 204.0
3170 252.0
3171 204.0
3172 203.0
3173 203.0
3174 33.0
3175 252.0
3176 251.0
3177 103.0
3178 203.0
3179 203.0
3180 120.0
3181 203.0
3182 32.0
3183 30.0
3184 180.0
3185 164.0
3186 203.0
3187 32.0
3188 169.0
3189 204.0
3190 32.0
3191 160.0
3192 315.0
3193 251.0
3194 203.0
3195 316.0
3196 203.0
3197 316.0
3198 251.0
3199 114.0
3200 98.0
3201 203.0
3202 252.0
3203 203.0
3204 32.0
3205 347.0
3206 19.0
3207 348.0
3208 348.0
3209 1.0
3210 348.0
3211 348.0
3212 315.0
3213 348.0
3214 316.0
3215 0.0
3216 252.0
3217 169.0
3218 251.0
3219 203.0
3220 252.0
3221 252.0
3222 251.0
3223 204.0
3224 203.0
3225 0.0
3226 252.0
3227 38.0
3228 251.0
3229 251.0
3230 180.0
3231 120.0
3232 203.0
3233 169.0
3234 175.0
3235 30.0
3236 20.0
3237 163.0
3238 191.0
3239 175.0
3240 203.0
3241 104.0
3242 180.0
3243 251.0
3244 315.0
3245 203.0
3246 316.0
3247 200.0
3248 316.0
3249 203.0
3250 109.0
3251 203.0
3252 38.0
3253 203.0
3254 315.0
3255 32.0
3256 315.0
3257 347.0
3258 348.0
3259 348.0
3260 1.0
3261 348.0
3262 348.0
3263 315.0
3264 348.0
3265 251.0
3266 316.0
3267 251.0
3268 203.0
3269 251.0
3270 203.0
3271 203.0
3272 316.0
3273 251.0
3274 204.0
3275 203.0
3276 6.0
3277 252.0
3278 180.0
3279 251.0
3280 180.0
3281 120.0
3282 120.0
3283 203.0
3284 169.0
3285 30.0
3286 245.0
3287 2.0
3288 163.0
3289 191.0
3290 109.0
3291 204.0
3292 32.0
3293 33.0
3294 200.0
3295 316.0
3296 203.0
3297 252.0
3298 192.0
3299 316.0
3300 252.0
3301 251.0
3302 32.0
3303 38.0
3304 316.0
3305 315.0
3306 32.0
3307 251.0
3308 347.0
3309 348.0
3310 203.0
3311 1.0
3312 348.0
3313 348.0
3314 315.0
3315 348.0
3316 5.0
3317 177.0
3318 251.0
3319 169.0
3320 251.0
3321 204.0
3322 203.0
3323 251.0
3324 204.0
3325 203.0
3326 203.0
3327 33.0
3328 252.0
3329 252.0
3330 204.0
3331 203.0
3332 180.0
3333 120.0
3334 203.0
3335 32.0
3336 180.0
3337 109.0
3338 164.0
3339 0.0
3340 175.0
3341 109.0
3342 203.0
3343 33.0
3344 180.0
3345 251.0
3346 251.0
3347 315.0
3348 316.0
3349 32.0
3350 316.0
3351 203.0
3352 114.0
3353 203.0
3354 38.0
3355 252.0
3356 204.0
3357 32.0
3358 347.0
3359 251.0
3360 348.0
3361 348.0
3362 0.0
3363 348.0
3364 315.0
3365 251.0
3366 348.0
3367 251.0
3368 316.0
3369 315.0
3370 180.0
3371 204.0
3372 203.0
3373 43.0
3374 252.0
3375 204.0
3376 203.0
3377 316.0
3378 251.0
3379 252.0
3380 32.0
3381 251.0
3382 203.0
3383 203.0
3384 120.0
3385 203.0
3386 32.0
3387 180.0
3388 180.0
3389 180.0
3390 163.0
3391 175.0
3392 251.0
3393 203.0
3394 32.0
3395 180.0
3396 315.0
3397 316.0
3398 203.0
3399 316.0
3400 200.0
3401 316.0
3402 316.0
3403 109.0
3404 98.0
3405 218.0
3406 316.0
3407 316.0
3408 32.0
3409 347.0
3410 251.0
3411 348.0
3412 348.0
3413 1.0
3414 348.0
3415 316.0
3416 348.0
3417 348.0
3418 2.0
3419 0.0
3420 252.0
3421 315.0
3422 203.0
3423 251.0
3424 203.0
3425 251.0
3426 251.0
3427 203.0
3428 204.0
3429 203.0
3430 252.0
3431 252.0
3432 33.0
3433 109.0
3434 203.0
3435 120.0
3436 203.0
3437 32.0
3438 164.0
3439 30.0
3440 20.0
3441 163.0
3442 153.0
3443 175.0
3444 203.0
3445 180.0
3446 33.0
3447 204.0
3448 315.0
3449 203.0
3450 252.0
3451 200.0
3452 316.0
3453 252.0
3454 114.0
3455 203.0
3456 251.0
3457 203.0
3458 316.0
3459 32.0
3460 169.0
3461 271.0
3462 348.0
3463 203.0
3464 158.0
3465 348.0
3466 348.0
3467 203.0
3468 348.0
3469 316.0
3470 32.0
3471 38.0
3472 33.0
3473 204.0
3474 203.0
3475 204.0
3476 316.0
3477 251.0
3478 32.0
3479 203.0
3480 203.0
3481 252.0
3482 180.0
3483 103.0
3484 180.0
3485 120.0
3486 120.0
3487 203.0
3488 169.0
3489 103.0
3490 30.0
3491 164.0
3492 0.0
3493 32.0
3494 251.0
3495 203.0
3496 203.0
3497 38.0
3498 204.0
3499 316.0
3500 204.0
3501 252.0
3502 316.0
3503 316.0
3504 315.0
3505 114.0
3506 32.0
3507 164.0
3508 251.0
3509 316.0
3510 32.0
3511 251.0
3512 203.0
3513 348.0
3514 203.0
3515 1.0
3516 348.0
3517 203.0
3518 203.0
3519 348.0
3520 315.0
3521 38.0
3522 251.0
3523 296.0
3524 251.0
3525 204.0
3526 204.0
3527 251.0
3528 251.0
3529 204.0
3530 252.0
3531 204.0
3532 252.0
3533 38.0
3534 251.0
3535 180.0
3536 120.0
3537 120.0
3538 203.0
3539 32.0
3540 203.0
3541 109.0
3542 164.0
3543 163.0
3544 30.0
3545 109.0
3546 203.0
3547 203.0
3548 180.0
3549 204.0
3550 273.0
3551 316.0
3552 315.0
3553 109.0
3554 316.0
3555 315.0
3556 140.0
3557 33.0
3558 251.0
3559 316.0
3560 203.0
3561 98.0
3562 251.0
3563 252.0
3564 348.0
3565 348.0
3566 0.0
3567 348.0
3568 316.0
3569 348.0
3570 348.0
3571 203.0
3572 38.0
3573 252.0
3574 169.0
3575 203.0
3576 203.0
3577 203.0
3578 251.0
3579 252.0
3580 38.0
3581 251.0
3582 203.0
3583 252.0
3584 38.0
3585 251.0
3586 203.0
3587 203.0
3588 120.0
3589 203.0
3590 203.0
3591 180.0
3592 109.0
3593 30.0
3594 163.0
3595 174.0
3596 251.0
3597 203.0
3598 32.0
3599 109.0
3600 315.0
3601 316.0
3602 316.0
3603 252.0
3604 252.0
3605 316.0
3606 316.0
3607 203.0
3608 203.0
3609 252.0
3610 315.0
3611 316.0
3612 32.0
3613 347.0
3614 271.0
3615 348.0
3616 315.0
3617 0.0
3618 348.0
3619 251.0
3620 348.0
3621 348.0
3622 252.0
3623 251.0
3624 252.0
3625 296.0
3626 251.0
3627 203.0
3628 203.0
3629 251.0
3630 252.0
3631 203.0
3632 251.0
3633 203.0
3634 252.0
3635 180.0
3636 203.0
3637 180.0
3638 203.0
3639 120.0
3640 203.0
3641 32.0
3642 180.0
3643 164.0
3644 30.0
3645 0.0
3646 109.0
3647 251.0
3648 203.0
3649 203.0
3650 267.0
3651 315.0
3652 315.0
3653 204.0
3654 316.0
3655 315.0
3656 316.0
3657 315.0
3658 109.0
3659 203.0
3660 203.0
3661 252.0
3662 316.0
3663 32.0
3664 169.0
3665 348.0
3666 348.0
3667 315.0
3668 1.0
3669 348.0
3670 203.0
3671 315.0
3672 348.0
3673 252.0
3674 32.0
3675 251.0
3676 315.0
3677 204.0
3678 203.0
3679 204.0
3680 252.0
3681 252.0
3682 32.0
3683 251.0
3684 32.0
3685 252.0
3686 251.0
3687 251.0
3688 180.0
3689 180.0
3690 120.0
3691 203.0
3692 33.0
3693 174.0
3694 180.0
3695 164.0
3696 163.0
3697 32.0
3698 109.0
3699 203.0
3700 203.0
3701 180.0
3702 204.0
3703 316.0
3704 315.0
3705 252.0
3706 98.0
3707 316.0
3708 315.0
3709 32.0
3710 251.0
3711 251.0
3712 316.0
3713 203.0
3714 32.0
3715 347.0
3716 251.0
3717 348.0
3718 348.0
3719 1.0
3720 348.0
3721 251.0
3722 348.0
3723 348.0
3724 315.0
3725 316.0
3726 316.0
3727 274.0
3728 204.0
3729 203.0
3730 251.0
3731 251.0
3732 204.0
3733 203.0
3734 252.0
3735 229.0
3736 252.0
3737 38.0
3738 251.0
3739 203.0
3740 120.0
3741 120.0
3742 203.0
3743 32.0
3744 203.0
3745 103.0
3746 164.0
3747 163.0
3748 203.0
3749 175.0
3750 203.0
3751 38.0
3752 173.0
3753 316.0
3754 316.0
3755 315.0
3756 252.0
3757 252.0
3758 316.0
3759 316.0
3760 114.0
3761 109.0
3762 203.0
3763 316.0
3764 316.0
3765 32.0
3766 347.0
3767 347.0
3768 348.0
3769 347.0
3770 0.0
3771 348.0
3772 252.0
3773 348.0
3774 348.0
3775 315.0
3776 251.0
3777 252.0
3778 277.0
3779 251.0
3780 203.0
3781 203.0
3782 251.0
3783 252.0
3784 203.0
3785 252.0
3786 251.0
3787 252.0
3788 252.0
3789 203.0
3790 203.0
3791 120.0
3792 120.0
3793 203.0
3794 203.0
3795 109.0
3796 109.0
3797 20.0
3798 0.0
3799 175.0
3800 251.0
3801 203.0
3802 188.0
3803 33.0
3804 316.0
3805 316.0
3806 204.0
3807 316.0
3808 252.0
3809 316.0
3810 315.0
3811 114.0
3812 203.0
3813 203.0
3814 316.0
3815 316.0
3816 32.0
3817 348.0
3818 347.0
3819 348.0
3820 21.0
3821 29.0
3822 348.0
3823 252.0
3824 348.0
3825 348.0
3826 347.0
3827 0.0
3828 251.0
3829 251.0
3830 251.0
3831 203.0
3832 251.0
3833 252.0
3834 251.0
3835 203.0
3836 316.0
3837 204.0
3838 252.0
3839 251.0
3840 252.0
3841 120.0
3842 203.0
3843 120.0
3844 203.0
3845 169.0
3846 175.0
3847 30.0
3848 30.0
3849 0.0
3850 32.0
3851 109.0
3852 203.0
3853 203.0
3854 33.0
3855 204.0
3856 315.0
3857 204.0
3858 315.0
3859 98.0
3860 316.0
3861 316.0
3862 159.0
3863 203.0
3864 203.0
3865 316.0
3866 316.0
3867 32.0
3868 204.0
3869 348.0
3870 348.0
3871 316.0
3872 251.0
3873 348.0
3874 203.0
3875 315.0
3876 348.0
3877 203.0
3878 0.0
3879 203.0
3880 251.0
3881 251.0
3882 204.0
3883 203.0
3884 251.0
3885 204.0
3886 33.0
3887 316.0
3888 175.0
3889 252.0
3890 252.0
3891 251.0
3892 120.0
3893 120.0
3894 120.0
3895 203.0
3896 203.0
3897 169.0
3898 175.0
3899 30.0
3900 163.0
3901 203.0
3902 175.0
3903 204.0
3904 180.0
3905 180.0
3906 316.0
3907 273.0
3908 203.0
3909 315.0
3910 32.0
3911 316.0
3912 315.0
3913 109.0
3914 203.0
3915 252.0
3916 316.0
3917 203.0
3918 32.0
3919 347.0
3920 252.0
3921 348.0
3922 347.0
3923 0.0
3924 348.0
3925 251.0
3926 315.0
3927 348.0
3928 252.0
3929 251.0
3930 251.0
3931 276.0
3932 251.0
3933 203.0
3934 315.0
3935 251.0
3936 251.0
3937 203.0
3938 316.0
3939 44.0
3940 252.0
3941 252.0
3942 38.0
3943 203.0
3944 120.0
3945 120.0
3946 203.0
3947 32.0
3948 180.0
3949 109.0
3950 164.0
3951 163.0
3952 25.0
3953 251.0
3954 203.0
3955 32.0
3956 33.0
3957 273.0
3958 273.0
3959 204.0
3960 316.0
3961 192.0
3962 316.0
3963 315.0
3964 114.0
3965 251.0
3966 252.0
3967 316.0
3968 203.0
3969 32.0
3970 347.0
3971 267.0
3972 348.0
3973 316.0
3974 1.0
3975 348.0
3976 251.0
3977 348.0
3978 348.0
3979 251.0
3980 32.0
3981 251.0
3982 251.0
3983 251.0
3984 204.0
3985 203.0
3986 252.0
3987 251.0
3988 203.0
3989 252.0
3990 203.0
3991 252.0
3992 180.0
3993 103.0
3994 120.0
3995 203.0
3996 120.0
3997 203.0
3998 32.0
3999 180.0
4000 164.0
4001 164.0
4002 0.0
4003 120.0
4004 241.0
4005 204.0
4006 203.0
4007 33.0
4008 273.0
4009 316.0
4010 204.0
4011 316.0
4012 203.0
4013 316.0
4014 316.0
4015 251.0
4016 203.0
4017 204.0
4018 316.0
4019 316.0
4020 32.0
4021 204.0
4022 203.0
4023 348.0
4024 316.0
4025 0.0
4026 348.0
4027 25.0
4028 348.0
4029 348.0
4030 204.0
4031 183.0
4032 252.0
4033 203.0
4034 251.0
4035 203.0
4036 203.0
4037 252.0
4038 316.0
4039 203.0
4040 316.0
4041 204.0
4042 252.0
4043 180.0
4044 251.0
4045 203.0
4046 203.0
4047 203.0
4048 203.0
4049 33.0
4050 204.0
4051 164.0
4052 164.0
4053 0.0
4054 32.0
4055 251.0
4056 203.0
4057 38.0
4058 180.0
4059 315.0
4060 316.0
4061 203.0
4062 252.0
4063 32.0
4064 316.0
4065 316.0
4066 109.0
4067 315.0
4068 252.0
4069 315.0
4070 316.0
4071 32.0
4072 204.0
4073 3.0
4074 348.0
4075 347.0
4076 1.0
4077 348.0
4078 203.0
4079 315.0
4080 348.0
4081 251.0
4082 315.0
4083 252.0
4084 296.0
4085 251.0
4086 203.0
4087 203.0
4088 316.0
4089 204.0
4090 209.0
4091 316.0
4092 204.0
4093 252.0
4094 38.0
4095 252.0
4096 203.0
4097 120.0
4098 120.0
4099 203.0
4100 204.0
4101 203.0
4102 174.0
4103 164.0
4104 163.0
4105 25.0
4106 175.0
4107 203.0
4108 180.0
4109 315.0
4110 204.0
4111 273.0
4112 316.0
4113 315.0
4114 59.0
4115 316.0
4116 316.0
4117 114.0
4118 251.0
4119 252.0
4120 316.0
4121 203.0
4122 32.0
4123 347.0
4124 316.0
4125 348.0
4126 348.0
4127 1.0
4128 348.0
4129 251.0
4130 348.0
4131 348.0
4132 251.0
4133 3.0
4134 251.0
4135 251.0
4136 251.0
4137 203.0
4138 203.0
4139 251.0
4140 252.0
4141 252.0
4142 316.0
4143 203.0
4144 252.0
4145 252.0
4146 251.0
4147 120.0
4148 191.0
4149 120.0
4150 203.0
4151 203.0
4152 169.0
4153 103.0
4154 164.0
4155 0.0
4156 203.0
4157 109.0
4158 204.0
4159 316.0
4160 33.0
4161 204.0
4162 315.0
4163 204.0
4164 316.0
4165 157.0
4166 316.0
4167 316.0
4168 114.0
4169 203.0
4170 203.0
4171 252.0
4172 315.0
4173 32.0
4174 347.0
4175 347.0
4176 348.0
4177 315.0
4178 0.0
4179 348.0
4180 348.0
4181 315.0
4182 348.0
4183 204.0
4184 32.0
4185 251.0
4186 251.0
4187 251.0
4188 204.0
4189 252.0
4190 251.0
4191 315.0
4192 203.0
4193 252.0
4194 204.0
4195 252.0
4196 180.0
4197 191.0
4198 203.0
4199 203.0
4200 120.0
4201 203.0
4202 204.0
4203 186.0
4204 30.0
4205 20.0
4206 0.0
4207 32.0
4208 109.0
4209 204.0
4210 201.0
4211 180.0
4212 273.0
4213 316.0
4214 204.0
4215 315.0
4216 59.0
4217 316.0
4218 316.0
4219 109.0
4220 203.0
4221 203.0
4222 316.0
4223 316.0
4224 32.0
4225 347.0
4226 0.0
4227 348.0
4228 0.0
4229 1.0
4230 348.0
4231 25.0
4232 315.0
4233 348.0
4234 104.0
4235 347.0
4236 252.0
4237 38.0
4238 204.0
4239 203.0
4240 204.0
4241 316.0
4242 252.0
4243 251.0
4244 252.0
4245 204.0
4246 252.0
4247 252.0
4248 191.0
4249 203.0
4250 203.0
4251 203.0
4252 120.0
4253 0.0
4254 186.0
4255 30.0
4256 164.0
4257 163.0
4258 14.0
4259 175.0
4260 203.0
4261 201.0
4262 109.0
4263 204.0
4264 273.0
4265 204.0
4266 315.0
4267 203.0
4268 316.0
4269 316.0
4270 158.0
4271 315.0
4272 252.0
4273 316.0
4274 203.0
4275 32.0
4276 169.0
4277 251.0
4278 348.0
4279 348.0
4280 251.0
4281 348.0
4282 204.0
4283 348.0
4284 348.0
4285 315.0
4286 251.0
4287 251.0
4288 203.0
4289 251.0
4290 203.0
4291 203.0
4292 316.0
4293 204.0
4294 203.0
4295 316.0
4296 38.0
4297 252.0
4298 252.0
4299 252.0
4300 180.0
4301 120.0
4302 120.0
4303 203.0
4304 186.0
4305 203.0
4306 180.0
4307 164.0
4308 163.0
4309 158.0
4310 175.0
4311 203.0
4312 203.0
4313 225.0
4314 315.0
4315 316.0
4316 273.0
4317 315.0
4318 203.0
4319 316.0
4320 316.0
4321 114.0
4322 315.0
4323 203.0
4324 316.0
4325 316.0
4326 32.0
4327 347.0
4328 267.0
4329 348.0
4330 348.0
4331 1.0
4332 348.0
4333 251.0
4334 348.0
4335 348.0
4336 348.0
4337 347.0
4338 251.0
4339 251.0
4340 251.0
4341 203.0
4342 203.0
4343 251.0
4344 251.0
4345 251.0
4346 316.0
4347 252.0
4348 252.0
4349 180.0
4350 38.0
4351 191.0
4352 120.0
4353 120.0
4354 203.0
4355 204.0
4356 175.0
4357 109.0
4358 30.0
4359 0.0
4360 32.0
4361 241.0
4362 203.0
4363 227.0
4364 180.0
4365 273.0
4366 316.0
4367 204.0
4368 316.0
4369 157.0
4370 316.0
4371 316.0
4372 109.0
4373 203.0
4374 252.0
4375 316.0
4376 316.0
4377 32.0
4378 281.0
4379 267.0
4380 348.0
4381 7.0
4382 1.0
4383 348.0
4384 251.0
4385 315.0
4386 348.0
4387 109.0
4388 0.0
4389 251.0
4390 252.0
4391 251.0
4392 203.0
4393 252.0
4394 316.0
4395 252.0
4396 203.0
4397 316.0
4398 203.0
4399 252.0
4400 252.0
4401 191.0
4402 203.0
4403 203.0
4404 120.0
4405 203.0
4406 32.0
4407 204.0
4408 158.0
4409 33.0
4410 0.0
4411 203.0
4412 241.0
4413 203.0
4414 204.0
4415 315.0
4416 316.0
4417 316.0
4418 315.0
4419 315.0
4420 1.0
4421 316.0
4422 316.0
4423 109.0
4424 203.0
4425 252.0
4426 316.0
4427 203.0
4428 32.0
4429 169.0
4430 251.0
4431 348.0
4432 347.0
4433 0.0
4434 348.0
4435 251.0
4436 315.0
4437 348.0
4438 251.0
4439 0.0
4440 252.0
4441 38.0
4442 251.0
4443 203.0
4444 203.0
4445 252.0
4446 252.0
4447 203.0
4448 316.0
4449 203.0
4450 252.0
4451 251.0
4452 191.0
4453 32.0
4454 203.0
4455 120.0
4456 203.0
4457 186.0
4458 203.0
4459 30.0
4460 164.0
4461 163.0
4462 1.0
4463 251.0
4464 33.0
4465 304.0
4466 38.0
4467 204.0
4468 316.0
4469 273.0
4470 315.0
4471 252.0
4472 316.0
4473 316.0
4474 114.0
4475 315.0
4476 252.0
4477 316.0
4478 316.0
4479 32.0
4480 169.0
4481 251.0
4482 348.0
4483 348.0
4484 1.0
4485 348.0
4486 25.0
4487 348.0
4488 348.0
4489 251.0
4490 251.0
4491 251.0
4492 180.0
4493 251.0
4494 204.0
4495 252.0
4496 316.0
4497 252.0
4498 203.0
4499 316.0
4500 32.0
4501 252.0
4502 251.0
4503 252.0
4504 180.0
4505 120.0
4506 120.0
4507 203.0
4508 186.0
4509 175.0
4510 180.0
4511 20.0
4512 0.0
4513 169.0
4514 251.0
4515 204.0
4516 200.0
4517 160.0
4518 316.0
4519 316.0
4520 204.0
4521 316.0
4522 161.0
4523 316.0
4524 316.0
4525 114.0
4526 315.0
4527 203.0
4528 316.0
4529 316.0
4530 32.0
4531 281.0
4532 347.0
4533 348.0
4534 316.0
4535 251.0
4536 348.0
4537 251.0
4538 348.0
4539 348.0
4540 204.0
4541 251.0
4542 251.0
4543 251.0
4544 251.0
4545 203.0
4546 203.0
4547 252.0
4548 251.0
4549 203.0
4550 316.0
4551 315.0
4552 252.0
4553 252.0
4554 252.0
4555 203.0
4556 203.0
4557 120.0
4558 203.0
4559 200.0
4560 186.0
4561 180.0
4562 20.0
4563 0.0
4564 251.0
4565 251.0
4566 203.0
4567 252.0
4568 180.0
4569 273.0
4570 273.0
4571 315.0
4572 316.0
4573 203.0
4574 316.0
4575 316.0
4576 109.0
4577 203.0
4578 252.0
4579 316.0
4580 316.0
4581 32.0
4582 204.0
4583 348.0
4584 348.0
4585 347.0
4586 1.0
4587 348.0
4588 251.0
4589 315.0
4590 348.0
4591 204.0
4592 0.0
4593 251.0
4594 30.0
4595 251.0
4596 203.0
4597 203.0
4598 316.0
4599 252.0
4600 203.0
4601 316.0
4602 203.0
4603 203.0
4604 38.0
4605 252.0
4606 32.0
4607 203.0
4608 120.0
4609 203.0
4610 203.0
4611 203.0
4612 30.0
4613 164.0
4614 163.0
4615 169.0
4616 251.0
4617 103.0
4618 252.0
4619 32.0
4620 316.0
4621 316.0
4622 203.0
4623 315.0
4624 192.0
4625 316.0
4626 316.0
4627 114.0
4628 315.0
4629 252.0
4630 316.0
4631 316.0
4632 32.0
4633 347.0
4634 251.0
4635 348.0
4636 315.0
4637 1.0
4638 348.0
4639 203.0
4640 348.0
4641 348.0
4642 252.0
4643 348.0
4644 251.0
4645 275.0
4646 203.0
4647 203.0
4648 251.0
4649 252.0
4650 251.0
4651 252.0
4652 316.0
4653 203.0
4654 203.0
4655 180.0
4656 252.0
4657 191.0
4658 120.0
4659 120.0
4660 203.0
4661 186.0
4662 32.0
4663 109.0
4664 164.0
4665 0.0
4666 203.0
4667 251.0
4668 103.0
4669 304.0
4670 225.0
4671 204.0
4672 316.0
4673 204.0
4674 252.0
4675 210.0
4676 316.0
4677 316.0
4678 33.0
4679 315.0
4680 315.0
4681 316.0
4682 316.0
4683 32.0
4684 347.0
4685 347.0
4686 348.0
4687 348.0
4688 1.0
4689 348.0
4690 203.0
4691 348.0
4692 348.0
4693 348.0
4694 347.0
4695 251.0
4696 251.0
4697 251.0
4698 203.0
4699 203.0
4700 316.0
4701 252.0
4702 49.0
4703 316.0
4704 204.0
4705 203.0
4706 180.0
4707 252.0
4708 203.0
4709 120.0
4710 120.0
4711 203.0
4712 203.0
4713 175.0
4714 174.0
4715 30.0
4716 0.0
4717 120.0
4718 251.0
4719 203.0
4720 315.0
4721 180.0
4722 316.0
4723 316.0
4724 204.0
4725 315.0
4726 158.0
4727 316.0
4728 316.0
4729 203.0
4730 315.0
4731 315.0
4732 316.0
4733 316.0
4734 32.0
4735 98.0
4736 251.0
4737 348.0
4738 348.0
4739 1.0
4740 348.0
4741 251.0
4742 348.0
4743 348.0
4744 316.0
4745 348.0
4746 251.0
4747 203.0
4748 251.0
4749 203.0
4750 252.0
4751 252.0
4752 204.0
4753 203.0
4754 252.0
4755 203.0
4756 204.0
4757 38.0
4758 252.0
4759 203.0
4760 203.0
4761 120.0
4762 203.0
4763 175.0
4764 203.0
4765 30.0
4766 30.0
4767 163.0
4768 169.0
4769 251.0
4770 204.0
4771 252.0
4772 204.0
4773 273.0
4774 316.0
4775 203.0
4776 251.0
4777 178.0
4778 316.0
4779 316.0
4780 114.0
4781 315.0
4782 315.0
4783 316.0
4784 203.0
4785 32.0
4786 98.0
4787 348.0
4788 348.0
4789 316.0
4790 1.0
4791 348.0
4792 251.0
4793 316.0
4794 348.0
4795 251.0
4796 348.0
4797 251.0
4798 277.0
4799 251.0
4800 203.0
4801 203.0
4802 316.0
4803 316.0
4804 252.0
4805 252.0
4806 203.0
4807 203.0
4808 252.0
4809 252.0
4810 120.0
4811 203.0
4812 120.0
4813 203.0
4814 186.0
4815 169.0
4816 180.0
4817 103.0
4818 163.0
4819 169.0
4820 251.0
4821 103.0
4822 315.0
4823 251.0
4824 316.0
4825 316.0
4826 315.0
4827 315.0
4828 59.0
4829 316.0
4830 316.0
4831 114.0
4832 315.0
4833 252.0
4834 316.0
4835 316.0
4836 32.0
4837 274.0
4838 348.0
4839 348.0
4840 348.0
4841 1.0
4842 348.0
4843 25.0
4844 348.0
4845 348.0
4846 251.0
4847 348.0
4848 251.0
4849 315.0
4850 251.0
4851 203.0
4852 203.0
4853 252.0
4854 251.0
4855 203.0
4856 316.0
4857 32.0
4858 203.0
4859 251.0
4860 252.0
4861 180.0
4862 203.0
4863 120.0
4864 203.0
4865 186.0
4866 174.0
4867 180.0
4868 164.0
4869 0.0
4870 109.0
4871 251.0
4872 204.0
4873 315.0
4874 225.0
4875 316.0
4876 315.0
4877 204.0
4878 252.0
4879 157.0
4880 316.0
4881 316.0
4882 109.0
4883 315.0
4884 252.0
4885 316.0
4886 316.0
4887 32.0
4888 347.0
4889 348.0
4890 348.0
4891 348.0
4892 0.0
4893 348.0
4894 315.0
4895 348.0
4896 348.0
4897 348.0
4898 347.0
4899 203.0
4900 292.0
4901 204.0
4902 203.0
4903 251.0
4904 316.0
4905 251.0
4906 44.0
4907 252.0
4908 175.0
4909 251.0
4910 251.0
4911 252.0
4912 203.0
4913 120.0
4914 120.0
4915 203.0
4916 0.0
4917 204.0
4918 180.0
4919 20.0
4920 163.0
4921 125.0
4922 251.0
4923 204.0
4924 315.0
4925 180.0
4926 316.0
4927 315.0
4928 315.0
4929 316.0
4930 252.0
4931 316.0
4932 316.0
4933 109.0
4934 315.0
4935 316.0
4936 316.0
4937 316.0
4938 32.0
4939 169.0
4940 251.0
4941 348.0
4942 316.0
4943 0.0
4944 348.0
4945 347.0
4946 316.0
4947 348.0
4948 347.0
4949 252.0
4950 251.0
4951 169.0
4952 251.0
4953 203.0
4954 203.0
4955 316.0
4956 251.0
4957 251.0
4958 252.0
4959 203.0
4960 203.0
4961 252.0
4962 252.0
4963 315.0
4964 120.0
4965 120.0
4966 203.0
4967 0.0
4968 180.0
4969 180.0
4970 30.0
4971 163.0
4972 120.0
4973 251.0
4974 203.0
4975 315.0
4976 32.0
4977 316.0
4978 316.0
4979 316.0
4980 316.0
4981 59.0
4982 316.0
4983 316.0
4984 114.0
4985 316.0
4986 315.0
4987 316.0
4988 203.0
4989 32.0
4990 204.0
4991 348.0
4992 348.0
4993 347.0
4994 29.0
4995 348.0
4996 348.0
4997 315.0
4998 348.0
4999 347.0
5000 347.0
5001 251.0
5002 273.0
5003 251.0
5004 203.0
5005 316.0
5006 316.0
5007 252.0
5008 203.0
5009 252.0
5010 203.0
5011 180.0
5012 252.0
5013 251.0
5014 109.0
5015 203.0
5016 191.0
5017 203.0
5018 186.0
5019 203.0
5020 174.0
5021 164.0
5022 0.0
5023 180.0
5024 251.0
5025 103.0
5026 315.0
5027 33.0
5028 316.0
5029 316.0
5030 316.0
5031 315.0
5032 1.0
5033 316.0
5034 316.0
5035 114.0
5036 252.0
5037 316.0
5038 316.0
5039 316.0
5040 32.0
5041 267.0
5042 348.0
5043 348.0
5044 347.0
5045 0.0
5046 348.0
5047 203.0
5048 348.0
5049 348.0
5050 251.0
5051 348.0
5052 251.0
5053 315.0
5054 251.0
5055 204.0
5056 251.0
5057 316.0
5058 251.0
5059 316.0
5060 252.0
5061 203.0
5062 204.0
5063 251.0
5064 185.0
5065 203.0
5066 120.0
5067 120.0
5068 203.0
5069 186.0
5070 180.0
5071 174.0
5072 164.0
5073 0.0
5074 169.0
5075 251.0
5076 315.0
5077 313.0
5078 180.0
5079 316.0
5080 315.0
5081 204.0
5082 316.0
5083 203.0
5084 316.0
5085 316.0
5086 109.0
5087 315.0
5088 252.0
5089 316.0
5090 316.0
5091 32.0
5092 347.0
5093 251.0
5094 348.0
5095 316.0
5096 203.0
5097 348.0
5098 348.0
5099 348.0
5100 348.0
