1 109.0
2 0.0
3 32.0
4 180.0
5 0.0
6 93.0
7 204.0
8 0.0
9 251.0
10 32.0
11 0.0
12 203.0
13 25.0
14 180.0
15 25.0
16 30.0
17 33.0
18 204.0
19 0.0
20 0.0
21 0.0
22 104.0
23 2.0
24 32.0
25 33.0
26 203.0
27 30.0
28 203.0
29 315.0
30 0.0
31 246.0
32 0.0
33 33.0
34 32.0
35 32.0
36 0.0
37 0.0
38 0.0
39 38.0
40 1.0
41 33.0
42 109.0
43 204.0
44 0.0
45 0.0
46 0.0
47 203.0
48 25.0
49 0.0
50 203.0
51 315.0
52 203.0
53 87.0
54 33.0
55 180.0
56 6.0
57 203.0
58 204.0
59 204.0
60 251.0
61 32.0
62 203.0
63 203.0
64 203.0
65 180.0
66 158.0
67 32.0
68 203.0
69 204.0
70 0.0
71 0.0
72 0.0
73 104.0
74 177.0
75 160.0
76 203.0
77 203.0
78 203.0
79 251.0
80 315.0
81 175.0
82 246.0
83 0.0
84 33.0
85 32.0
86 32.0
87 32.0
88 0.0
89 180.0
90 38.0
91 38.0
92 175.0
93 114.0
94 204.0
95 204.0
96 0.0
97 203.0
98 203.0
99 204.0
100 6.0
101 203.0
102 315.0
103 203.0
104 203.0
105 0.0
106 180.0
107 164.0
108 0.0
109 204.0
110 203.0
111 251.0
112 204.0
113 203.0
114 203.0
115 203.0
116 203.0
117 153.0
118 203.0
119 203.0
120 204.0
121 37.0
122 0.0
123 0.0
124 177.0
125 32.0
126 0.0
127 174.0
128 203.0
129 237.0
130 185.0
131 315.0
132 175.0
133 246.0
134 0.0
135 33.0
136 32.0
137 32.0
138 0.0
139 180.0
140 180.0
141 38.0
142 32.0
143 114.0
144 204.0
145 204.0
146 203.0
147 103.0
148 0.0
149 204.0
150 25.0
151 203.0
152 203.0
153 315.0
154 203.0
155 203.0
156 203.0
157 180.0
158 33.0
159 30.0
160 204.0
161 0.0
162 251.0
163 203.0
164 203.0
165 203.0
166 203.0
167 203.0
168 6.0
169 203.0
170 204.0
171 204.0
172 43.0
173 203.0
174 0.0
175 32.0
176 32.0
177 180.0
178 251.0
179 231.0
180 38.0
181 252.0
182 315.0
183 0.0
184 246.0
185 0.0
186 33.0
187 32.0
188 32.0
189 38.0
190 109.0
191 0.0
192 38.0
193 1.0
194 103.0
195 98.0
196 204.0
197 204.0
198 109.0
199 0.0
200 204.0
201 203.0
202 203.0
203 203.0
204 315.0
205 203.0
206 203.0
207 203.0
208 38.0
209 33.0
210 203.0
211 204.0
212 0.0
213 251.0
214 251.0
215 204.0
216 203.0
217 203.0
218 203.0
219 203.0
220 204.0
221 0.0
222 204.0
223 31.0
224 203.0
225 33.0
226 98.0
227 33.0
228 203.0
229 33.0
230 103.0
231 44.0
232 203.0
233 315.0
234 169.0
235 246.0
236 33.0
237 33.0
238 32.0
239 32.0
240 204.0
241 180.0
242 32.0
243 180.0
244 33.0
245 103.0
246 204.0
247 204.0
248 204.0
249 204.0
250 1.0
251 203.0
252 203.0
253 0.0
254 203.0
255 315.0
256 203.0
257 204.0
258 109.0
259 203.0
260 203.0
261 203.0
262 204.0
263 204.0
264 251.0
265 204.0
266 203.0
267 203.0
268 203.0
269 180.0
270 203.0
271 204.0
272 204.0
273 204.0
274 0.0
275 32.0
276 203.0
277 98.0
278 33.0
279 32.0
280 203.0
281 0.0
282 38.0
283 315.0
284 315.0
285 231.0
286 246.0
287 169.0
288 33.0
289 0.0
290 38.0
291 204.0
292 204.0
293 180.0
294 180.0
295 109.0
296 169.0
297 109.0
298 204.0
299 203.0
300 0.0
301 0.0
302 203.0
303 204.0
304 203.0
305 203.0
306 315.0
307 204.0
308 204.0
309 204.0
310 203.0
311 204.0
312 0.0
313 204.0
314 203.0
315 251.0
316 203.0
317 203.0
318 180.0
319 203.0
320 203.0
321 25.0
322 204.0
323 204.0
324 204.0
325 204.0
326 31.0
327 203.0
328 32.0
329 0.0
330 33.0
331 185.0
332 175.0
333 38.0
334 315.0
335 315.0
336 175.0
337 246.0
338 0.0
339 169.0
340 17.0
341 204.0
342 38.0
343 1.0
344 204.0
345 180.0
346 180.0
347 174.0
348 203.0
349 204.0
350 204.0
351 204.0
352 0.0
353 204.0
354 25.0
355 204.0
356 203.0
357 315.0
358 204.0
359 204.0
360 203.0
361 115.0
362 204.0
363 0.0
364 204.0
365 0.0
366 251.0
367 180.0
368 203.0
369 204.0
370 203.0
371 203.0
372 204.0
373 204.0
374 203.0
375 204.0
376 204.0
377 203.0
378 203.0
379 204.0
380 32.0
381 33.0
382 33.0
383 103.0
384 175.0
385 315.0
386 315.0
387 231.0
388 246.0
389 33.0
390 203.0
391 203.0
392 204.0
393 38.0
394 204.0
395 0.0
396 1.0
397 169.0
398 204.0
399 92.0
400 204.0
401 203.0
402 103.0
403 0.0
404 204.0
405 204.0
406 32.0
407 204.0
408 315.0
409 204.0
410 203.0
411 109.0
412 204.0
413 204.0
414 203.0
415 204.0
416 204.0
417 251.0
418 204.0
419 203.0
420 204.0
421 43.0
422 0.0
423 0.0
424 204.0
425 203.0
426 204.0
427 203.0
428 203.0
429 0.0
430 203.0
431 33.0
432 33.0
433 174.0
434 0.0
435 38.0
436 203.0
437 315.0
438 316.0
439 246.0
440 169.0
441 203.0
442 203.0
443 204.0
444 204.0
445 1.0
446 180.0
447 1.0
448 32.0
449 98.0
450 204.0
451 204.0
452 203.0
453 203.0
454 0.0
455 204.0
456 203.0
457 203.0
458 203.0
459 316.0
460 114.0
461 203.0
462 1.0
463 203.0
464 204.0
465 203.0
466 204.0
467 203.0
468 251.0
469 203.0
470 203.0
471 204.0
472 252.0
473 180.0
474 204.0
475 204.0
476 204.0
477 204.0
478 203.0
479 204.0
480 203.0
481 19.0
482 169.0
483 0.0
484 203.0
485 103.0
486 203.0
487 315.0
488 316.0
489 0.0
490 246.0
491 180.0
492 32.0
493 38.0
494 38.0
495 204.0
496 1.0
497 180.0
498 180.0
499 0.0
500 204.0
501 103.0
502 204.0
503 203.0
504 204.0
505 0.0
506 204.0
507 204.0
508 203.0
509 204.0
510 316.0
511 204.0
512 204.0
513 1.0
514 204.0
515 204.0
516 93.0
517 204.0
518 251.0
519 251.0
520 204.0
521 38.0
522 252.0
523 158.0
524 203.0
525 204.0
526 204.0
527 204.0
528 204.0
529 204.0
530 25.0
531 203.0
532 203.0
533 32.0
534 203.0
535 33.0
536 231.0
537 251.0
538 316.0
539 316.0
540 227.0
541 252.0
542 169.0
543 32.0
544 204.0
545 204.0
546 38.0
547 38.0
548 30.0
549 204.0
550 98.0
551 109.0
552 203.0
553 204.0
554 203.0
555 204.0
556 6.0
557 204.0
558 25.0
559 203.0
560 204.0
561 316.0
562 204.0
563 204.0
564 109.0
565 6.0
566 204.0
567 203.0
568 203.0
569 0.0
570 251.0
571 180.0
572 204.0
573 252.0
574 38.0
575 203.0
576 204.0
577 203.0
578 204.0
579 204.0
580 204.0
581 169.0
582 0.0
583 204.0
584 169.0
585 38.0
586 33.0
587 295.0
588 44.0
589 314.0
590 316.0
591 316.0
592 252.0
593 251.0
594 186.0
595 203.0
596 204.0
597 0.0
598 38.0
599 1.0
600 204.0
601 98.0
602 98.0
603 204.0
604 204.0
605 1.0
606 204.0
607 6.0
608 204.0
609 203.0
610 30.0
611 204.0
612 316.0
613 204.0
614 203.0
615 0.0
616 203.0
617 204.0
618 0.0
619 203.0
620 0.0
621 251.0
622 180.0
623 251.0
624 252.0
625 38.0
626 203.0
627 6.0
628 204.0
629 203.0
630 204.0
631 203.0
632 203.0
633 203.0
634 204.0
635 180.0
636 0.0
637 32.0
638 1.0
639 205.0
640 316.0
641 316.0
642 175.0
643 1.0
644 203.0
645 180.0
646 203.0
647 204.0
648 204.0
649 204.0
650 30.0
651 186.0
652 169.0
653 204.0
654 203.0
655 204.0
656 0.0
657 203.0
658 0.0
659 204.0
660 203.0
661 203.0
662 203.0
663 316.0
664 204.0
665 204.0
666 204.0
667 203.0
668 204.0
669 30.0
670 203.0
671 204.0
672 251.0
673 204.0
674 252.0
675 252.0
676 158.0
677 203.0
678 204.0
679 204.0
680 203.0
681 204.0
682 204.0
683 25.0
684 203.0
685 203.0
686 0.0
687 104.0
688 295.0
689 231.0
690 251.0
691 316.0
692 316.0
693 32.0
694 87.0
695 316.0
696 180.0
697 204.0
698 204.0
699 204.0
700 1.0
701 180.0
702 204.0
703 98.0
704 104.0
705 203.0
706 204.0
707 204.0
708 163.0
709 203.0
710 204.0
711 204.0
712 203.0
713 203.0
714 316.0
715 204.0
716 204.0
717 109.0
718 204.0
719 204.0
720 93.0
721 251.0
722 204.0
723 251.0
724 203.0
725 203.0
726 252.0
727 43.0
728 203.0
729 204.0
730 204.0
731 204.0
732 204.0
733 204.0
734 203.0
735 19.0
736 203.0
737 180.0
738 33.0
739 38.0
740 263.0
741 316.0
742 316.0
743 316.0
744 175.0
745 252.0
746 109.0
747 186.0
748 204.0
749 204.0
750 0.0
751 1.0
752 204.0
753 204.0
754 98.0
755 204.0
756 204.0
757 204.0
758 203.0
759 204.0
760 6.0
761 204.0
762 204.0
763 203.0
764 109.0
765 316.0
766 203.0
767 203.0
768 0.0
769 203.0
770 204.0
771 93.0
772 204.0
773 44.0
774 251.0
775 0.0
776 252.0
777 252.0
778 38.0
779 203.0
780 204.0
781 203.0
782 204.0
783 204.0
784 204.0
785 0.0
786 203.0
787 204.0
788 203.0
789 311.0
790 169.0
791 32.0
792 44.0
793 315.0
794 316.0
795 316.0
796 252.0
797 203.0
798 32.0
799 203.0
800 204.0
801 204.0
802 204.0
803 1.0
804 186.0
805 203.0
806 98.0
807 204.0
808 204.0
809 0.0
810 204.0
811 203.0
812 204.0
813 203.0
814 30.0
815 204.0
816 316.0
817 204.0
818 204.0
819 109.0
820 204.0
821 204.0
822 0.0
823 203.0
824 203.0
825 251.0
826 203.0
827 252.0
828 252.0
829 169.0
830 203.0
831 204.0
832 204.0
833 203.0
834 204.0
835 30.0
836 32.0
837 158.0
838 203.0
839 203.0
840 220.0
841 251.0
842 231.0
843 251.0
844 316.0
845 316.0
846 32.0
847 98.0
848 203.0
849 180.0
850 204.0
851 204.0
852 204.0
853 1.0
854 204.0
855 186.0
856 98.0
857 203.0
858 203.0
859 204.0
860 0.0
861 203.0
862 0.0
863 204.0
864 204.0
865 203.0
866 203.0
867 316.0
868 204.0
869 204.0
870 109.0
871 204.0
872 204.0
873 204.0
874 204.0
875 203.0
876 251.0
877 252.0
878 203.0
879 252.0
880 203.0
881 203.0
882 204.0
883 204.0
884 204.0
885 204.0
886 203.0
887 169.0
888 0.0
889 204.0
890 203.0
891 38.0
892 313.0
893 315.0
894 205.0
895 316.0
896 316.0
897 175.0
898 252.0
899 203.0
900 186.0
901 204.0
902 204.0
903 204.0
904 6.0
905 204.0
906 204.0
907 32.0
908 204.0
909 204.0
910 204.0
911 203.0
912 103.0
913 6.0
914 204.0
915 204.0
916 32.0
917 204.0
918 316.0
919 203.0
920 204.0
921 1.0
922 204.0
923 204.0
924 204.0
925 203.0
926 0.0
927 252.0
928 0.0
929 203.0
930 252.0
931 203.0
932 49.0
933 204.0
934 204.0
935 204.0
936 204.0
937 204.0
938 203.0
939 203.0
940 204.0
941 180.0
942 38.0
943 103.0
944 169.0
945 44.0
946 316.0
947 316.0
948 315.0
949 252.0
950 316.0
951 186.0
952 204.0
953 204.0
954 0.0
955 0.0
956 1.0
957 204.0
958 169.0
959 204.0
960 203.0
961 204.0
962 203.0
963 203.0
964 6.0
965 204.0
966 203.0
967 203.0
968 203.0
969 316.0
970 204.0
971 204.0
972 1.0
973 203.0
974 204.0
975 0.0
976 251.0
977 248.0
978 34.0
979 204.0
980 252.0
981 252.0
982 169.0
983 203.0
984 6.0
985 204.0
986 203.0
987 204.0
988 204.0
989 32.0
990 203.0
991 203.0
992 38.0
993 252.0
994 204.0
995 316.0
996 44.0
997 316.0
998 316.0
999 32.0
1000 316.0
1001 203.0
1002 180.0
1003 203.0
1004 204.0
1005 30.0
1006 180.0
1007 180.0
1008 204.0
1009 180.0
1010 204.0
1011 203.0
1012 204.0
1013 204.0
1014 0.0
1015 203.0
1016 204.0
1017 203.0
1018 32.0
1019 204.0
1020 316.0
1021 204.0
1022 204.0
1023 109.0
1024 203.0
1025 204.0
1026 169.0
1027 180.0
1028 203.0
1029 251.0
1030 203.0
1031 252.0
1032 252.0
1033 203.0
1034 169.0
1035 6.0
1036 204.0
1037 204.0
1038 204.0
1039 203.0
1040 204.0
1041 204.0
1042 203.0
1043 109.0
1044 315.0
1045 175.0
1046 237.0
1047 205.0
1048 316.0
1049 316.0
1050 204.0
1051 251.0
1052 251.0
1053 186.0
1054 204.0
1055 204.0
1056 204.0
1057 6.0
1058 204.0
1059 204.0
1060 30.0
1061 203.0
1062 204.0
1063 204.0
1064 204.0
1065 163.0
1066 203.0
1067 204.0
1068 25.0
1069 203.0
1070 204.0
1071 316.0
1072 204.0
1073 204.0
1074 109.0
1075 203.0
1076 204.0
1077 169.0
1078 251.0
1079 0.0
1080 204.0
1081 0.0
1082 252.0
1083 252.0
1084 203.0
1085 191.0
1086 204.0
1087 204.0
1088 204.0
1089 204.0
1090 204.0
1091 203.0
1092 0.0
1093 204.0
1094 203.0
1095 263.0
1096 169.0
1097 1.0
1098 203.0
1099 316.0
1100 316.0
1101 175.0
1102 252.0
1103 180.0
1104 175.0
1105 204.0
1106 204.0
1107 204.0
1108 0.0
1109 1.0
1110 204.0
1111 32.0
1112 98.0
1113 203.0
1114 204.0
1115 203.0
1116 103.0
1117 6.0
1118 204.0
1119 203.0
1120 203.0
1121 204.0
1122 316.0
1123 204.0
1124 204.0
1125 0.0
1126 204.0
1127 204.0
1128 0.0
1129 203.0
1130 0.0
1131 252.0
1132 32.0
1133 252.0
1134 252.0
1135 49.0
1136 60.0
1137 204.0
1138 204.0
1139 204.0
1140 204.0
1141 204.0
1142 204.0
1143 203.0
1144 204.0
1145 0.0
1146 263.0
1147 203.0
1148 203.0
1149 0.0
1150 316.0
1151 316.0
1152 32.0
1153 252.0
1154 273.0
1155 203.0
1156 204.0
1157 204.0
1158 204.0
1159 0.0
1160 204.0
1161 204.0
1162 103.0
1163 98.0
1164 203.0
1165 204.0
1166 0.0
1167 0.0
1168 0.0
1169 204.0
1170 203.0
1171 204.0
1172 204.0
1173 316.0
1174 204.0
1175 204.0
1176 0.0
1177 203.0
1178 204.0
1179 0.0
1180 251.0
1181 203.0
1182 34.0
1183 203.0
1184 252.0
1185 252.0
1186 158.0
1187 203.0
1188 204.0
1189 204.0
1190 204.0
1191 204.0
1192 204.0
1193 204.0
1194 203.0
1195 203.0
1196 203.0
1197 251.0
1198 180.0
1199 237.0
1200 0.0
1201 316.0
1202 316.0
1203 180.0
1204 251.0
1205 252.0
1206 38.0
1207 203.0
1208 204.0
1209 0.0
1210 32.0
1211 204.0
1212 204.0
1213 169.0
1214 103.0
1215 203.0
1216 204.0
1217 1.0
1218 203.0
1219 204.0
1220 204.0
1221 204.0
1222 30.0
1223 204.0
1224 316.0
1225 204.0
1226 204.0
1227 203.0
1228 204.0
1229 204.0
1230 32.0
1231 251.0
1232 0.0
1233 32.0
1234 203.0
1235 203.0
1236 252.0
1237 32.0
1238 38.0
1239 6.0
1240 204.0
1241 204.0
1242 204.0
1243 203.0
1244 204.0
1245 204.0
1246 204.0
1247 203.0
1248 156.0
1249 38.0
1250 237.0
1251 38.0
1252 316.0
1253 316.0
1254 38.0
1255 98.0
1256 252.0
1257 203.0
1258 203.0
1259 204.0
1260 204.0
1261 38.0
1262 204.0
1263 204.0
1264 32.0
1265 204.0
1266 203.0
1267 204.0
1268 163.0
1269 103.0
1270 203.0
1271 204.0
1272 204.0
1273 204.0
1274 203.0
1275 316.0
1276 203.0
1277 204.0
1278 109.0
1279 203.0
1280 204.0
1281 0.0
1282 203.0
1283 218.0
1284 251.0
1285 0.0
1286 203.0
1287 252.0
1288 43.0
1289 204.0
1290 204.0
1291 203.0
1292 204.0
1293 204.0
1294 203.0
1295 203.0
1296 204.0
1297 204.0
1298 169.0
1299 316.0
1300 225.0
1301 25.0
1302 205.0
1303 316.0
1304 316.0
1305 38.0
1306 252.0
1307 169.0
1308 32.0
1309 186.0
1310 204.0
1311 46.0
1312 0.0
1313 204.0
1314 186.0
1315 32.0
1316 98.0
1317 204.0
1318 204.0
1319 0.0
1320 0.0
1321 0.0
1322 204.0
1323 204.0
1324 203.0
1325 204.0
1326 316.0
1327 204.0
1328 204.0
1329 0.0
1330 204.0
1331 204.0
1332 0.0
1333 251.0
1334 203.0
1335 252.0
1336 0.0
1337 251.0
1338 252.0
1339 213.0
1340 203.0
1341 204.0
1342 204.0
1343 204.0
1344 204.0
1345 204.0
1346 204.0
1347 204.0
1348 203.0
1349 203.0
1350 231.0
1351 315.0
1352 175.0
1353 49.0
1354 315.0
1355 316.0
1356 175.0
1357 98.0
1358 109.0
1359 251.0
1360 204.0
1361 204.0
1362 38.0
1363 32.0
1364 204.0
1365 186.0
1366 109.0
1367 103.0
1368 203.0
1369 204.0
1370 163.0
1371 0.0
1372 6.0
1373 204.0
1374 204.0
1375 204.0
1376 204.0
1377 316.0
1378 204.0
1379 204.0
1380 109.0
1381 204.0
1382 204.0
1383 0.0
1384 251.0
1385 186.0
1386 34.0
1387 203.0
1388 251.0
1389 252.0
1390 93.0
1391 180.0
1392 204.0
1393 204.0
1394 204.0
1395 204.0
1396 204.0
1397 0.0
1398 203.0
1399 204.0
1400 38.0
1401 316.0
1402 203.0
1403 175.0
1404 38.0
1405 316.0
1406 316.0
1407 175.0
1408 251.0
1409 252.0
1410 191.0
1411 33.0
1412 204.0
1413 204.0
1414 32.0
1415 204.0
1416 204.0
1417 109.0
1418 203.0
1419 203.0
1420 204.0
1421 163.0
1422 103.0
1423 203.0
1424 204.0
1425 204.0
1426 204.0
1427 204.0
1428 316.0
1429 204.0
1430 204.0
1431 204.0
1432 204.0
1433 204.0
1434 204.0
1435 251.0
1436 203.0
1437 251.0
1438 203.0
1439 203.0
1440 252.0
1441 87.0
1442 203.0
1443 6.0
1444 204.0
1445 204.0
1446 204.0
1447 30.0
1448 204.0
1449 204.0
1450 204.0
1451 169.0
1452 295.0
1453 316.0
1454 175.0
1455 205.0
1456 316.0
1457 316.0
1458 0.0
1459 252.0
1460 252.0
1461 203.0
1462 0.0
1463 204.0
1464 203.0
1465 0.0
1466 204.0
1467 204.0
1468 98.0
1469 98.0
1470 109.0
1471 204.0
1472 0.0
1473 0.0
1474 203.0
1475 204.0
1476 204.0
1477 204.0
1478 204.0
1479 316.0
1480 203.0
1481 204.0
1482 1.0
1483 203.0
1484 204.0
1485 252.0
1486 203.0
1487 32.0
1488 252.0
1489 32.0
1490 169.0
1491 252.0
1492 38.0
1493 213.0
1494 204.0
1495 204.0
1496 204.0
1497 204.0
1498 204.0
1499 204.0
1500 204.0
1501 203.0
1502 169.0
1503 315.0
1504 0.0
1505 204.0
1506 49.0
1507 316.0
1508 316.0
1509 32.0
1510 273.0
1511 109.0
1512 203.0
1513 204.0
1514 204.0
1515 0.0
1516 32.0
1517 204.0
1518 186.0
1519 109.0
1520 204.0
1521 203.0
1522 204.0
1523 204.0
1524 203.0
1525 204.0
1526 204.0
1527 203.0
1528 204.0
1529 204.0
1530 316.0
1531 204.0
1532 204.0
1533 204.0
1534 204.0
1535 204.0
1536 203.0
1537 203.0
1538 218.0
1539 251.0
1540 252.0
1541 203.0
1542 252.0
1543 43.0
1544 252.0
1545 32.0
1546 204.0
1547 204.0
1548 204.0
1549 204.0
1550 204.0
1551 204.0
1552 203.0
1553 109.0
1554 231.0
1555 316.0
1556 315.0
1557 49.0
1558 316.0
1559 316.0
1560 175.0
1561 180.0
1562 174.0
1563 203.0
1564 203.0
1565 204.0
1566 204.0
1567 32.0
1568 204.0
1569 186.0
1570 98.0
1571 203.0
1572 203.0
1573 204.0
1574 203.0
1575 103.0
1576 6.0
1577 204.0
1578 204.0
1579 204.0
1580 204.0
1581 316.0
1582 204.0
1583 204.0
1584 109.0
1585 204.0
1586 1.0
1587 203.0
1588 204.0
1589 204.0
1590 252.0
1591 203.0
1592 203.0
1593 252.0
1594 43.0
1595 180.0
1596 44.0
1597 204.0
1598 204.0
1599 204.0
1600 204.0
1601 204.0
1602 203.0
1603 204.0
1604 204.0
1605 32.0
1606 204.0
1607 175.0
1608 38.0
1609 316.0
1610 316.0
1611 169.0
1612 273.0
1613 252.0
1614 203.0
1615 203.0
1616 204.0
1617 38.0
1618 32.0
1619 204.0
1620 204.0
1621 98.0
1622 203.0
1623 204.0
1624 204.0
1625 203.0
1626 103.0
1627 203.0
1628 204.0
1629 204.0
1630 204.0
1631 204.0
1632 316.0
1633 204.0
1634 204.0
1635 109.0
1636 204.0
1637 204.0
1638 164.0
1639 204.0
1640 204.0
1641 251.0
1642 203.0
1643 203.0
1644 252.0
1645 32.0
1646 213.0
1647 6.0
1648 204.0
1649 204.0
1650 204.0
1651 30.0
1652 204.0
1653 204.0
1654 204.0
1655 180.0
1656 156.0
1657 252.0
1658 175.0
1659 44.0
1660 316.0
1661 316.0
1662 175.0
1663 316.0
1664 0.0
1665 203.0
1666 180.0
1667 204.0
1668 0.0
1669 0.0
1670 204.0
1671 204.0
1672 180.0
1673 203.0
1674 203.0
1675 204.0
1676 0.0
1677 0.0
1678 204.0
1679 204.0
1680 203.0
1681 204.0
1682 204.0
1683 316.0
1684 204.0
1685 204.0
1686 204.0
1687 204.0
1688 204.0
1689 204.0
1690 252.0
1691 0.0
1692 251.0
1693 204.0
1694 251.0
1695 252.0
1696 38.0
1697 252.0
1698 32.0
1699 204.0
1700 204.0
1701 204.0
1702 204.0
1703 204.0
1704 204.0
1705 204.0
1706 231.0
1707 316.0
1708 0.0
1709 1.0
1710 49.0
1711 316.0
1712 316.0
1713 175.0
1714 316.0
1715 169.0
1716 203.0
1717 191.0
1718 204.0
1719 204.0
1720 6.0
1721 204.0
1722 186.0
1723 109.0
1724 204.0
1725 103.0
1726 204.0
1727 203.0
1728 0.0
1729 6.0
1730 204.0
1731 204.0
1732 204.0
1733 204.0
1734 316.0
1735 204.0
1736 204.0
1737 1.0
1738 204.0
1739 204.0
1740 204.0
1741 252.0
1742 33.0
1743 251.0
1744 252.0
1745 203.0
1746 252.0
1747 38.0
1748 252.0
1749 252.0
1750 204.0
1751 204.0
1752 204.0
1753 204.0
1754 204.0
1755 203.0
1756 231.0
1757 109.0
1758 316.0
1759 204.0
1760 316.0
1761 38.0
1762 316.0
1763 316.0
1764 169.0
1765 1.0
1766 0.0
1767 203.0
1768 191.0
1769 204.0
1770 0.0
1771 6.0
1772 204.0
1773 204.0
1774 203.0
1775 204.0
1776 204.0
1777 204.0
1778 203.0
1779 103.0
1780 6.0
1781 204.0
1782 204.0
1783 204.0
1784 204.0
1785 316.0
1786 204.0
1787 204.0
1788 203.0
1789 204.0
1790 1.0
1791 252.0
1792 251.0
1793 252.0
1794 32.0
1795 252.0
1796 203.0
1797 252.0
1798 169.0
1799 218.0
1800 203.0
1801 38.0
1802 204.0
1803 204.0
1804 30.0
1805 204.0
1806 0.0
1807 0.0
1808 109.0
1809 282.0
1810 316.0
1811 175.0
1812 49.0
1813 316.0
1814 316.0
1815 169.0
1816 6.0
1817 251.0
1818 203.0
1819 204.0
1820 204.0
1821 203.0
1822 0.0
1823 204.0
1824 204.0
1825 98.0
1826 203.0
1827 203.0
1828 204.0
1829 203.0
1830 204.0
1831 204.0
1832 204.0
1833 204.0
1834 204.0
1835 204.0
1836 316.0
1837 204.0
1838 204.0
1839 109.0
1840 204.0
1841 203.0
1842 165.0
1843 252.0
1844 252.0
1845 34.0
1846 204.0
1847 252.0
1848 252.0
1849 25.0
1850 252.0
1851 32.0
1852 180.0
1853 204.0
1854 204.0
1855 204.0
1856 204.0
1857 204.0
1858 251.0
1859 185.0
1860 315.0
1861 251.0
1862 315.0
1863 203.0
1864 316.0
1865 316.0
1866 169.0
1867 273.0
1868 109.0
1869 203.0
1870 204.0
1871 204.0
1872 204.0
1873 32.0
1874 204.0
1875 204.0
1876 109.0
1877 203.0
1878 103.0
1879 204.0
1880 0.0
1881 0.0
1882 203.0
1883 204.0
1884 204.0
1885 204.0
1886 204.0
1887 316.0
1888 204.0
1889 204.0
1890 1.0
1891 204.0
1892 0.0
1893 203.0
1894 252.0
1895 32.0
1896 252.0
1897 203.0
1898 252.0
1899 252.0
1900 43.0
1901 252.0
1902 169.0
1903 204.0
1904 204.0
1905 204.0
1906 204.0
1907 204.0
1908 204.0
1909 30.0
1910 109.0
1911 316.0
1912 204.0
1913 203.0
1914 38.0
1915 316.0
1916 316.0
1917 175.0
1918 273.0
1919 252.0
1920 203.0
1921 191.0
1922 204.0
1923 204.0
1924 0.0
1925 204.0
1926 186.0
1927 30.0
1928 204.0
1929 103.0
1930 204.0
1931 203.0
1932 203.0
1933 163.0
1934 204.0
1935 204.0
1936 204.0
1937 204.0
1938 316.0
1939 204.0
1940 204.0
1941 1.0
1942 204.0
1943 1.0
1944 185.0
1945 204.0
1946 203.0
1947 252.0
1948 203.0
1949 252.0
1950 252.0
1951 38.0
1952 218.0
1953 6.0
1954 185.0
1955 204.0
1956 204.0
1957 203.0
1958 204.0
1959 251.0
1960 30.0
1961 109.0
1962 315.0
1963 316.0
1964 175.0
1965 0.0
1966 316.0
1967 316.0
1968 175.0
1969 1.0
1970 252.0
1971 203.0
1972 203.0
1973 204.0
1974 204.0
1975 0.0
1976 204.0
1977 186.0
1978 98.0
1979 204.0
1980 103.0
1981 204.0
1982 204.0
1983 204.0
1984 204.0
1985 204.0
1986 204.0
1987 204.0
1988 204.0
1989 316.0
1990 203.0
1991 204.0
1992 203.0
1993 204.0
1994 33.0
1995 203.0
1996 252.0
1997 252.0
1998 251.0
1999 0.0
2000 251.0
2001 252.0
2002 25.0
2003 205.0
2004 6.0
2005 252.0
2006 204.0
2007 204.0
2008 204.0
2009 0.0
2010 0.0
2011 251.0
2012 185.0
2013 263.0
2014 315.0
2015 175.0
2016 49.0
2017 315.0
2018 316.0
2019 32.0
2020 98.0
2021 169.0
2022 203.0
2023 203.0
2024 204.0
2025 203.0
2026 6.0
2027 204.0
2028 204.0
2029 169.0
2030 203.0
2031 98.0
2032 204.0
2033 203.0
2034 204.0
2035 203.0
2036 204.0
2037 204.0
2038 204.0
2039 204.0
2040 316.0
2041 204.0
2042 204.0
2043 109.0
2044 204.0
2045 204.0
2046 203.0
2047 252.0
2048 252.0
2049 32.0
2050 252.0
2051 252.0
2052 252.0
2053 32.0
2054 252.0
2055 203.0
2056 204.0
2057 180.0
2058 204.0
2059 203.0
2060 0.0
2061 251.0
2062 231.0
2063 109.0
2064 263.0
2065 225.0
2066 0.0
2067 49.0
2068 316.0
2069 316.0
2070 32.0
2071 316.0
2072 316.0
2073 38.0
2074 180.0
2075 204.0
2076 204.0
2077 0.0
2078 204.0
2079 186.0
2080 109.0
2081 203.0
2082 98.0
2083 204.0
2084 204.0
2085 204.0
2086 203.0
2087 204.0
2088 204.0
2089 204.0
2090 204.0
2091 316.0
2092 203.0
2093 204.0
2094 0.0
2095 204.0
2096 0.0
2097 252.0
2098 204.0
2099 252.0
2100 32.0
2101 203.0
2102 252.0
2103 252.0
2104 252.0
2105 252.0
2106 204.0
2107 252.0
2108 252.0
2109 204.0
2110 204.0
2111 0.0
2112 38.0
2113 204.0
2114 109.0
2115 315.0
2116 316.0
2117 175.0
2118 38.0
2119 316.0
2120 316.0
2121 316.0
2122 316.0
2123 252.0
2124 203.0
2125 191.0
2126 204.0
2127 204.0
2128 0.0
2129 204.0
2130 204.0
2131 98.0
2132 204.0
2133 98.0
2134 204.0
2135 203.0
2136 204.0
2137 6.0
2138 204.0
2139 204.0
2140 203.0
2141 204.0
2142 316.0
2143 204.0
2144 204.0
2145 204.0
2146 204.0
2147 203.0
2148 203.0
2149 203.0
2150 252.0
2151 252.0
2152 203.0
2153 252.0
2154 252.0
2155 43.0
2156 218.0
2157 205.0
2158 180.0
2159 205.0
2160 180.0
2161 204.0
2162 0.0
2163 0.0
2164 252.0
2165 185.0
2166 316.0
2167 316.0
2168 175.0
2169 203.0
2170 316.0
2171 316.0
2172 231.0
2173 180.0
2174 316.0
2175 203.0
2176 204.0
2177 204.0
2178 38.0
2179 1.0
2180 204.0
2181 204.0
2182 109.0
2183 204.0
2184 114.0
2185 204.0
2186 204.0
2187 203.0
2188 203.0
2189 204.0
2190 204.0
2191 204.0
2192 204.0
2193 316.0
2194 204.0
2195 204.0
2196 109.0
2197 204.0
2198 203.0
2199 203.0
2200 251.0
2201 32.0
2202 252.0
2203 163.0
2204 252.0
2205 252.0
2206 180.0
2207 218.0
2208 44.0
2209 252.0
2210 252.0
2211 38.0
2212 203.0
2213 204.0
2214 0.0
2215 0.0
2216 109.0
2217 295.0
2218 282.0
2219 175.0
2220 49.0
2221 316.0
2222 316.0
2223 169.0
2224 316.0
2225 0.0
2226 203.0
2227 203.0
2228 204.0
2229 38.0
2230 32.0
2231 204.0
2232 186.0
2233 109.0
2234 204.0
2235 109.0
2236 204.0
2237 204.0
2238 163.0
2239 203.0
2240 204.0
2241 204.0
2242 204.0
2243 204.0
2244 316.0
2245 204.0
2246 204.0
2247 0.0
2248 204.0
2249 0.0
2250 203.0
2251 251.0
2252 252.0
2253 32.0
2254 180.0
2255 251.0
2256 252.0
2257 169.0
2258 252.0
2259 49.0
2260 204.0
2261 180.0
2262 204.0
2263 203.0
2264 0.0
2265 0.0
2266 6.0
2267 109.0
2268 315.0
2269 225.0
2270 0.0
2271 38.0
2272 316.0
2273 316.0
2274 0.0
2275 316.0
2276 6.0
2277 203.0
2278 191.0
2279 204.0
2280 32.0
2281 0.0
2282 204.0
2283 186.0
2284 32.0
2285 204.0
2286 203.0
2287 204.0
2288 204.0
2289 204.0
2290 6.0
2291 204.0
2292 204.0
2293 204.0
2294 204.0
2295 316.0
2296 204.0
2297 204.0
2298 0.0
2299 204.0
2300 204.0
2301 252.0
2302 204.0
2303 252.0
2304 252.0
2305 203.0
2306 205.0
2307 252.0
2308 252.0
2309 252.0
2310 204.0
2311 252.0
2312 205.0
2313 204.0
2314 204.0
2315 0.0
2316 252.0
2317 252.0
2318 180.0
2319 315.0
2320 316.0
2321 315.0
2322 38.0
2323 316.0
2324 316.0
2325 175.0
2326 180.0
2327 316.0
2328 203.0
2329 191.0
2330 204.0
2331 204.0
2332 32.0
2333 204.0
2334 204.0
2335 98.0
2336 204.0
2337 98.0
2338 204.0
2339 204.0
2340 204.0
2341 204.0
2342 204.0
2343 204.0
2344 203.0
2345 204.0
2346 316.0
2347 204.0
2348 204.0
2349 109.0
2350 204.0
2351 203.0
2352 203.0
2353 204.0
2354 252.0
2355 252.0
2356 203.0
2357 252.0
2358 252.0
2359 38.0
2360 205.0
2361 204.0
2362 252.0
2363 205.0
2364 204.0
2365 204.0
2366 33.0
2367 231.0
2368 231.0
2369 109.0
2370 252.0
2371 316.0
2372 175.0
2373 49.0
2374 316.0
2375 316.0
2376 175.0
2377 189.0
2378 252.0
2379 180.0
2380 203.0
2381 204.0
2382 204.0
2383 32.0
2384 204.0
2385 204.0
2386 32.0
2387 204.0
2388 109.0
2389 204.0
2390 204.0
2391 204.0
2392 204.0
2393 204.0
2394 204.0
2395 204.0
2396 204.0
2397 316.0
2398 203.0
2399 204.0
2400 109.0
2401 204.0
2402 0.0
2403 252.0
2404 203.0
2405 252.0
2406 252.0
2407 180.0
2408 203.0
2409 252.0
2410 213.0
2411 252.0
2412 203.0
2413 205.0
2414 180.0
2415 204.0
2416 203.0
2417 30.0
2418 252.0
2419 203.0
2420 180.0
2421 231.0
2422 316.0
2423 315.0
2424 38.0
2425 316.0
2426 316.0
2427 38.0
2428 120.0
2429 252.0
2430 203.0
2431 191.0
2432 204.0
2433 0.0
2434 32.0
2435 204.0
2436 186.0
2437 169.0
2438 204.0
2439 109.0
2440 204.0
2441 204.0
2442 103.0
2443 204.0
2444 204.0
2445 204.0
2446 204.0
2447 204.0
2448 316.0
2449 204.0
2450 204.0
2451 1.0
2452 204.0
2453 0.0
2454 252.0
2455 204.0
2456 252.0
2457 32.0
2458 203.0
2459 203.0
2460 252.0
2461 169.0
2462 252.0
2463 169.0
2464 252.0
2465 180.0
2466 204.0
2467 204.0
2468 0.0
2469 203.0
2470 251.0
2471 109.0
2472 316.0
2473 316.0
2474 316.0
2475 38.0
2476 316.0
2477 316.0
2478 169.0
2479 252.0
2480 252.0
2481 252.0
2482 191.0
2483 204.0
2484 0.0
2485 204.0
2486 204.0
2487 204.0
2488 109.0
2489 204.0
2490 98.0
2491 204.0
2492 204.0
2493 204.0
2494 6.0
2495 204.0
2496 204.0
2497 203.0
2498 204.0
2499 316.0
2500 203.0
2501 204.0
2502 0.0
2503 204.0
2504 203.0
2505 252.0
2506 251.0
2507 32.0
2508 252.0
2509 204.0
2510 252.0
2511 252.0
2512 180.0
2513 252.0
2514 204.0
2515 252.0
2516 205.0
2517 204.0
2518 204.0
2519 33.0
2520 231.0
2521 231.0
2522 109.0
2523 315.0
2524 282.0
2525 316.0
2526 49.0
2527 316.0
2528 316.0
2529 175.0
2530 98.0
2531 316.0
2532 203.0
2533 203.0
2534 204.0
2535 204.0
2536 32.0
2537 204.0
2538 204.0
2539 98.0
2540 204.0
2541 203.0
2542 204.0
2543 204.0
2544 204.0
2545 6.0
2546 204.0
2547 204.0
2548 204.0
2549 204.0
2550 316.0
2551 204.0
2552 204.0
2553 203.0
2554 204.0
2555 203.0
2556 252.0
2557 204.0
2558 32.0
2559 252.0
2560 0.0
2561 252.0
2562 252.0
2563 0.0
2564 205.0
2565 203.0
2566 252.0
2567 204.0
2568 204.0
2569 203.0
2570 33.0
2571 231.0
2572 43.0
2573 180.0
2574 316.0
2575 316.0
2576 316.0
2577 0.0
2578 315.0
2579 316.0
2580 315.0
2581 273.0
2582 316.0
2583 203.0
2584 203.0
2585 204.0
2586 204.0
2587 0.0
2588 204.0
2589 204.0
2590 32.0
2591 203.0
2592 109.0
2593 204.0
2594 204.0
2595 203.0
2596 204.0
2597 204.0
2598 204.0
2599 204.0
2600 204.0
2601 316.0
2602 204.0
2603 204.0
2604 203.0
2605 204.0
2606 203.0
2607 252.0
2608 252.0
2609 252.0
2610 252.0
2611 252.0
2612 252.0
2613 252.0
2614 213.0
2615 252.0
2616 180.0
2617 252.0
2618 180.0
2619 180.0
2620 203.0
2621 0.0
2622 203.0
2623 203.0
2624 109.0
2625 315.0
2626 316.0
2627 316.0
2628 38.0
2629 316.0
2630 316.0
2631 32.0
2632 316.0
2633 252.0
2634 203.0
2635 203.0
2636 204.0
2637 203.0
2638 0.0
2639 204.0
2640 204.0
2641 109.0
2642 204.0
2643 203.0
2644 204.0
2645 204.0
2646 204.0
2647 6.0
2648 204.0
2649 204.0
2650 204.0
2651 204.0
2652 316.0
2653 204.0
2654 204.0
2655 203.0
2656 204.0
2657 0.0
2658 252.0
2659 252.0
2660 32.0
2661 252.0
2662 203.0
2663 252.0
2664 252.0
2665 38.0
2666 252.0
2667 204.0
2668 252.0
2669 252.0
2670 204.0
2671 204.0
2672 231.0
2673 203.0
2674 240.0
2675 109.0
2676 316.0
2677 316.0
2678 316.0
2679 49.0
2680 316.0
2681 316.0
2682 32.0
2683 6.0
2684 273.0
2685 38.0
2686 191.0
2687 204.0
2688 0.0
2689 32.0
2690 204.0
2691 204.0
2692 109.0
2693 204.0
2694 98.0
2695 204.0
2696 204.0
2697 204.0
2698 204.0
2699 204.0
2700 204.0
2701 204.0
2702 203.0
2703 316.0
2704 204.0
2705 204.0
2706 0.0
2707 204.0
2708 0.0
2709 252.0
2710 203.0
2711 32.0
2712 252.0
2713 32.0
2714 252.0
2715 252.0
2716 38.0
2717 205.0
2718 204.0
2719 252.0
2720 204.0
2721 180.0
2722 180.0
2723 204.0
2724 231.0
2725 252.0
2726 231.0
2727 263.0
2728 316.0
2729 175.0
2730 49.0
2731 315.0
2732 316.0
2733 175.0
2734 0.0
2735 316.0
2736 203.0
2737 203.0
2738 204.0
2739 204.0
2740 0.0
2741 204.0
2742 204.0
2743 109.0
2744 204.0
2745 92.0
2746 204.0
2747 204.0
2748 163.0
2749 204.0
2750 204.0
2751 204.0
2752 204.0
2753 204.0
2754 316.0
2755 204.0
2756 204.0
2757 203.0
2758 204.0
2759 203.0
2760 252.0
2761 204.0
2762 252.0
2763 252.0
2764 203.0
2765 252.0
2766 252.0
2767 213.0
2768 205.0
2769 180.0
2770 252.0
2771 204.0
2772 252.0
2773 231.0
2774 0.0
2775 240.0
2776 43.0
2777 203.0
2778 231.0
2779 316.0
2780 316.0
2781 38.0
2782 315.0
2783 316.0
2784 175.0
2785 6.0
2786 273.0
2787 203.0
2788 203.0
2789 204.0
2790 204.0
2791 32.0
2792 204.0
2793 204.0
2794 109.0
2795 203.0
2796 109.0
2797 204.0
2798 204.0
2799 204.0
2800 6.0
2801 204.0
2802 204.0
2803 204.0
2804 204.0
2805 316.0
2806 204.0
2807 204.0
2808 1.0
2809 204.0
2810 203.0
2811 252.0
2812 252.0
2813 32.0
2814 252.0
2815 203.0
2816 203.0
2817 252.0
2818 213.0
2819 252.0
2820 180.0
2821 252.0
2822 180.0
2823 205.0
2824 265.0
2825 33.0
2826 251.0
2827 252.0
2828 109.0
2829 315.0
2830 316.0
2831 316.0
2832 49.0
2833 316.0
2834 316.0
2835 164.0
2836 316.0
2837 316.0
2838 203.0
2839 203.0
2840 204.0
2841 203.0
2842 32.0
2843 204.0
2844 204.0
2845 109.0
2846 204.0
2847 103.0
2848 204.0
2849 204.0
2850 204.0
2851 6.0
2852 204.0
2853 204.0
2854 204.0
2855 203.0
2856 316.0
2857 204.0
2858 204.0
2859 1.0
2860 204.0
2861 1.0
2862 252.0
2863 252.0
2864 32.0
2865 252.0
2866 204.0
2867 205.0
2868 252.0
2869 38.0
2870 252.0
2871 204.0
2872 252.0
2873 252.0
2874 251.0
2875 252.0
2876 273.0
2877 43.0
2878 252.0
2879 109.0
2880 32.0
2881 316.0
2882 175.0
2883 44.0
2884 316.0
2885 316.0
2886 175.0
2887 273.0
2888 316.0
2889 49.0
2890 203.0
2891 204.0
2892 203.0
2893 32.0
2894 204.0
2895 204.0
2896 38.0
2897 204.0
2898 203.0
2899 204.0
2900 204.0
2901 163.0
2902 204.0
2903 204.0
2904 204.0
2905 204.0
2906 204.0
2907 316.0
2908 30.0
2909 204.0
2910 203.0
2911 204.0
2912 161.0
2913 252.0
2914 203.0
2915 252.0
2916 252.0
2917 204.0
2918 203.0
2919 252.0
2920 205.0
2921 252.0
2922 204.0
2923 252.0
2924 205.0
2925 269.0
2926 203.0
2927 202.0
2928 316.0
2929 252.0
2930 203.0
2931 231.0
2932 316.0
2933 316.0
2934 38.0
2935 315.0
2936 316.0
2937 175.0
2938 1.0
2939 316.0
2940 203.0
2941 203.0
2942 204.0
2943 204.0
2944 32.0
2945 204.0
2946 204.0
2947 32.0
2948 203.0
2949 203.0
2950 204.0
2951 204.0
2952 203.0
2953 204.0
2954 204.0
2955 204.0
2956 204.0
2957 203.0
2958 316.0
2959 204.0
2960 204.0
2961 203.0
2962 204.0
2963 1.0
2964 252.0
2965 203.0
2966 252.0
2967 252.0
2968 203.0
2969 203.0
2970 252.0
2971 205.0
2972 252.0
2973 180.0
2974 252.0
2975 109.0
2976 109.0
2977 204.0
2978 0.0
2979 253.0
2980 316.0
2981 203.0
2982 315.0
2983 316.0
2984 316.0
2985 49.0
2986 316.0
2987 316.0
2988 169.0
2989 6.0
2990 316.0
2991 203.0
2992 191.0
2993 204.0
2994 204.0
2995 0.0
2996 204.0
2997 204.0
2998 109.0
2999 204.0
3000 109.0
3001 204.0
3002 204.0
3003 204.0
3004 204.0
3005 204.0
3006 204.0
3007 204.0
3008 203.0
3009 316.0
3010 204.0
3011 204.0
3012 203.0
3013 204.0
3014 0.0
3015 252.0
3016 252.0
3017 203.0
3018 252.0
3019 204.0
3020 251.0
3021 252.0
3022 38.0
3023 252.0
3024 180.0
3025 252.0
3026 231.0
3027 252.0
3028 252.0
3029 160.0
3030 43.0
3031 264.0
3032 203.0
3033 315.0
3034 316.0
3035 175.0
3036 49.0
3037 316.0
3038 316.0
3039 169.0
3040 316.0
3041 316.0
3042 204.0
3043 191.0
3044 204.0
3045 46.0
3046 32.0
3047 204.0
3048 204.0
3049 38.0
3050 204.0
3051 109.0
3052 204.0
3053 204.0
3054 204.0
3055 204.0
3056 204.0
3057 204.0
3058 204.0
3059 204.0
3060 316.0
3061 204.0
3062 204.0
3063 109.0
3064 204.0
3065 0.0
3066 252.0
3067 252.0
3068 252.0
3069 252.0
3070 252.0
3071 205.0
3072 252.0
3073 252.0
3074 252.0
3075 205.0
3076 252.0
3077 109.0
3078 267.0
3079 203.0
3080 88.0
3081 316.0
3082 274.0
3083 109.0
3084 316.0
3085 316.0
3086 316.0
3087 38.0
3088 316.0
3089 204.0
3090 175.0
3091 316.0
3092 316.0
3093 186.0
3094 203.0
3095 204.0
3096 204.0
3097 0.0
3098 204.0
3099 204.0
3100 98.0
3101 204.0
3102 92.0
3103 204.0
3104 204.0
3105 163.0
3106 204.0
3107 204.0
3108 204.0
3109 204.0
3110 203.0
3111 316.0
3112 204.0
3113 204.0
3114 203.0
3115 204.0
3116 204.0
3117 252.0
3118 203.0
3119 252.0
3120 252.0
3121 203.0
3122 203.0
3123 252.0
3124 213.0
3125 252.0
3126 205.0
3127 252.0
3128 315.0
3129 109.0
3130 31.0
3131 0.0
3132 315.0
3133 316.0
3134 255.0
3135 231.0
3136 316.0
3137 295.0
3138 38.0
3139 316.0
3140 316.0
3141 175.0
3142 1.0
3143 316.0
3144 174.0
3145 191.0
3146 204.0
3147 204.0
3148 32.0
3149 204.0
3150 204.0
3151 32.0
3152 203.0
3153 203.0
3154 204.0
3155 204.0
3156 204.0
3157 204.0
3158 204.0
3159 204.0
3160 204.0
3161 204.0
3162 316.0
3163 203.0
3164 204.0
3165 114.0
3166 204.0
3167 204.0
3168 252.0
3169 203.0
3170 32.0
3171 252.0
3172 252.0
3173 252.0
3174 252.0
3175 213.0
3176 252.0
3177 180.0
3178 252.0
3179 109.0
3180 109.0
3181 273.0
3182 88.0
3183 43.0
3184 316.0
3185 180.0
3186 251.0
3187 316.0
3188 316.0
3189 38.0
3190 316.0
3191 316.0
3192 169.0
3193 1.0
3194 316.0
3195 169.0
3196 203.0
3197 204.0
3198 0.0
3199 1.0
3200 204.0
3201 204.0
3202 169.0
3203 204.0
3204 103.0
3205 204.0
3206 204.0
3207 204.0
3208 204.0
3209 204.0
3210 204.0
3211 204.0
3212 203.0
3213 316.0
3214 204.0
3215 204.0
3216 44.0
3217 204.0
3218 204.0
3219 252.0
3220 252.0
3221 32.0
3222 252.0
3223 180.0
3224 251.0
3225 252.0
3226 252.0
3227 252.0
3228 180.0
3229 175.0
3230 263.0
3231 191.0
3232 203.0
3233 0.0
3234 252.0
3235 316.0
3236 203.0
3237 316.0
3238 316.0
3239 175.0
3240 49.0
3241 287.0
3242 316.0
3243 175.0
3244 204.0
3245 316.0
3246 180.0
3247 203.0
3248 204.0
3249 0.0
3250 32.0
3251 204.0
3252 204.0
3253 203.0
3254 204.0
3255 204.0
3256 204.0
3257 204.0
3258 204.0
3259 203.0
3260 204.0
3261 204.0
3262 204.0
3263 203.0
3264 316.0
3265 204.0
3266 204.0
3267 203.0
3268 204.0
3269 204.0
3270 252.0
3271 252.0
3272 32.0
3273 252.0
3274 203.0
3275 203.0
3276 252.0
3277 0.0
3278 205.0
3279 205.0
3280 38.0
3281 263.0
3282 109.0
3283 251.0
3284 0.0
3285 316.0
3286 316.0
3287 109.0
3288 315.0
3289 316.0
3290 315.0
3291 44.0
3292 287.0
3293 316.0
3294 175.0
3295 316.0
3296 316.0
3297 109.0
3298 203.0
3299 204.0
3300 204.0
3301 0.0
3302 204.0
3303 204.0
3304 32.0
3305 204.0
3306 203.0
3307 204.0
3308 204.0
3309 203.0
3310 0.0
3311 204.0
3312 204.0
3313 204.0
3314 203.0
3315 316.0
3316 203.0
3317 204.0
3318 203.0
3319 204.0
3320 204.0
3321 252.0
3322 252.0
3323 252.0
3324 252.0
3325 203.0
3326 203.0
3327 252.0
3328 205.0
3329 252.0
3330 251.0
3331 109.0
3332 109.0
3333 231.0
3334 203.0
3335 88.0
3336 316.0
3337 316.0
3338 109.0
3339 38.0
3340 316.0
3341 316.0
3342 38.0
3343 316.0
3344 316.0
3345 175.0
3346 193.0
3347 316.0
3348 203.0
3349 191.0
3350 204.0
3351 30.0
3352 6.0
3353 204.0
3354 204.0
3355 203.0
3356 203.0
3357 103.0
3358 204.0
3359 204.0
3360 204.0
3361 0.0
3362 204.0
3363 204.0
3364 204.0
3365 203.0
3366 316.0
3367 204.0
3368 204.0
3369 204.0
3370 204.0
3371 44.0
3372 252.0
3373 252.0
3374 32.0
3375 252.0
3376 252.0
3377 205.0
3378 252.0
3379 218.0
3380 252.0
3381 180.0
3382 103.0
3383 252.0
3384 191.0
3385 315.0
3386 0.0
3387 315.0
3388 316.0
3389 180.0
3390 251.0
3391 316.0
3392 315.0
3393 38.0
3394 252.0
3395 316.0
3396 169.0
3397 6.0
3398 316.0
3399 251.0
3400 203.0
3401 204.0
3402 0.0
3403 204.0
3404 204.0
3405 204.0
3406 203.0
3407 204.0
3408 109.0
3409 204.0
3410 204.0
3411 204.0
3412 204.0
3413 204.0
3414 204.0
3415 204.0
3416 203.0
3417 316.0
3418 204.0
3419 204.0
3420 203.0
3421 204.0
3422 315.0
3423 252.0
3424 252.0
3425 32.0
3426 252.0
3427 180.0
3428 203.0
3429 252.0
3430 252.0
3431 252.0
3432 180.0
3433 109.0
3434 269.0
3435 203.0
3436 252.0
3437 0.0
3438 315.0
3439 316.0
3440 180.0
3441 231.0
3442 316.0
3443 175.0
3444 49.0
3445 180.0
3446 315.0
3447 175.0
3448 316.0
3449 316.0
3450 169.0
3451 203.0
3452 204.0
3453 204.0
3454 204.0
3455 204.0
3456 204.0
3457 109.0
3458 204.0
3459 98.0
3460 204.0
3461 204.0
3462 203.0
3463 203.0
3464 204.0
3465 204.0
3466 204.0
3467 109.0
3468 316.0
3469 204.0
3470 204.0
3471 0.0
3472 204.0
3473 315.0
3474 315.0
3475 252.0
3476 252.0
3477 252.0
3478 203.0
3479 252.0
3480 252.0
3481 180.0
3482 252.0
3483 205.0
3484 109.0
3485 253.0
3486 38.0
3487 315.0
3488 204.0
3489 316.0
3490 316.0
3491 109.0
3492 315.0
3493 316.0
3494 316.0
3495 49.0
3496 314.0
3497 315.0
3498 32.0
3499 316.0
3500 316.0
3501 204.0
3502 203.0
3503 204.0
3504 204.0
3505 109.0
3506 204.0
3507 204.0
3508 98.0
3509 204.0
3510 98.0
3511 204.0
3512 204.0
3513 204.0
3514 0.0
3515 204.0
3516 204.0
3517 204.0
3518 204.0
3519 316.0
3520 204.0
3521 204.0
3522 109.0
3523 203.0
3524 315.0
3525 315.0
3526 316.0
3527 252.0
3528 252.0
3529 252.0
3530 252.0
3531 252.0
3532 218.0
3533 252.0
3534 180.0
3535 109.0
3536 269.0
3537 204.0
3538 252.0
3539 88.0
3540 316.0
3541 316.0
3542 109.0
3543 295.0
3544 316.0
3545 316.0
3546 44.0
3547 316.0
3548 316.0
3549 169.0
3550 316.0
3551 316.0
3552 175.0
3553 203.0
3554 204.0
3555 203.0
3556 6.0
3557 204.0
3558 204.0
3559 30.0
3560 203.0
3561 204.0
3562 204.0
3563 204.0
3564 204.0
3565 204.0
3566 204.0
3567 204.0
3568 203.0
3569 203.0
3570 316.0
3571 204.0
3572 204.0
3573 203.0
3574 203.0
3575 203.0
3576 315.0
3577 315.0
3578 316.0
3579 252.0
3580 252.0
3581 252.0
3582 252.0
3583 252.0
3584 252.0
3585 180.0
3586 263.0
3587 253.0
3588 191.0
3589 269.0
3590 88.0
3591 315.0
3592 316.0
3593 185.0
3594 316.0
3595 316.0
3596 316.0
3597 38.0
3598 316.0
3599 316.0
3600 175.0
3601 189.0
3602 316.0
3603 252.0
3604 191.0
3605 204.0
3606 0.0
3607 204.0
3608 204.0
3609 204.0
3610 251.0
3611 203.0
3612 109.0
3613 204.0
3614 204.0
3615 204.0
3616 203.0
3617 204.0
3618 204.0
3619 203.0
3620 203.0
3621 316.0
3622 204.0
3623 204.0
3624 1.0
3625 185.0
3626 252.0
3627 316.0
3628 316.0
3629 203.0
3630 251.0
3631 252.0
3632 203.0
3633 252.0
3634 252.0
3635 252.0
3636 175.0
3637 251.0
3638 253.0
3639 252.0
3640 315.0
3641 0.0
3642 316.0
3643 316.0
3644 180.0
3645 316.0
3646 316.0
3647 203.0
3648 49.0
3649 316.0
3650 316.0
3651 175.0
3652 6.0
3653 316.0
3654 268.0
3655 203.0
3656 204.0
3657 204.0
3658 204.0
3659 204.0
3660 186.0
3661 169.0
3662 180.0
3663 114.0
3664 204.0
3665 204.0
3666 204.0
3667 204.0
3668 204.0
3669 204.0
3670 204.0
3671 204.0
3672 316.0
3673 204.0
3674 204.0
3675 1.0
3676 103.0
3677 315.0
3678 203.0
3679 316.0
3680 251.0
3681 251.0
3682 252.0
3683 252.0
3684 252.0
3685 180.0
3686 252.0
3687 251.0
3688 255.0
3689 252.0
3690 109.0
3691 316.0
3692 88.0
3693 316.0
3694 316.0
3695 109.0
3696 316.0
3697 316.0
3698 316.0
3699 38.0
3700 316.0
3701 316.0
3702 169.0
3703 273.0
3704 316.0
3705 251.0
3706 203.0
3707 204.0
3708 203.0
3709 6.0
3710 204.0
3711 46.0
3712 30.0
3713 203.0
3714 98.0
3715 204.0
3716 204.0
3717 204.0
3718 6.0
3719 204.0
3720 204.0
3721 204.0
3722 204.0
3723 316.0
3724 204.0
3725 204.0
3726 203.0
3727 203.0
3728 315.0
3729 315.0
3730 315.0
3731 180.0
3732 180.0
3733 252.0
3734 252.0
3735 252.0
3736 252.0
3737 252.0
3738 109.0
3739 269.0
3740 274.0
3741 316.0
3742 251.0
3743 109.0
3744 315.0
3745 316.0
3746 203.0
3747 251.0
3748 316.0
3749 315.0
3750 38.0
3751 316.0
3752 316.0
3753 231.0
3754 273.0
3755 316.0
3756 273.0
3757 203.0
3758 204.0
3759 203.0
3760 1.0
3761 204.0
3762 180.0
3763 30.0
3764 32.0
3765 114.0
3766 204.0
3767 204.0
3768 204.0
3769 6.0
3770 204.0
3771 204.0
3772 203.0
3773 204.0
3774 316.0
3775 204.0
3776 204.0
3777 109.0
3778 203.0
3779 252.0
3780 252.0
3781 315.0
3782 175.0
3783 315.0
3784 252.0
3785 203.0
3786 252.0
3787 205.0
3788 252.0
3789 191.0
3790 253.0
3791 109.0
3792 250.0
3793 315.0
3794 0.0
3795 316.0
3796 316.0
3797 180.0
3798 316.0
3799 316.0
3800 316.0
3801 49.0
3802 316.0
3803 316.0
3804 175.0
3805 204.0
3806 316.0
3807 175.0
3808 191.0
3809 204.0
3810 203.0
3811 0.0
3812 204.0
3813 169.0
3814 169.0
3815 32.0
3816 204.0
3817 204.0
3818 204.0
3819 204.0
3820 204.0
3821 204.0
3822 204.0
3823 203.0
3824 203.0
3825 316.0
3826 204.0
3827 204.0
3828 204.0
3829 203.0
3830 203.0
3831 203.0
3832 316.0
3833 251.0
3834 316.0
3835 175.0
3836 204.0
3837 252.0
3838 252.0
3839 252.0
3840 251.0
3841 269.0
3842 273.0
3843 316.0
3844 315.0
3845 262.0
3846 316.0
3847 316.0
3848 316.0
3849 316.0
3850 316.0
3851 315.0
3852 49.0
3853 316.0
3854 316.0
3855 175.0
3856 87.0
3857 316.0
3858 254.0
3859 186.0
3860 204.0
3861 203.0
3862 0.0
3863 204.0
3864 251.0
3865 251.0
3866 109.0
3867 98.0
3868 204.0
3869 204.0
3870 204.0
3871 204.0
3872 204.0
3873 204.0
3874 32.0
3875 204.0
3876 316.0
3877 204.0
3878 204.0
3879 1.0
3880 180.0
3881 315.0
3882 315.0
3883 315.0
3884 252.0
3885 251.0
3886 175.0
3887 203.0
3888 252.0
3889 252.0
3890 252.0
3891 252.0
3892 269.0
3893 252.0
3894 253.0
3895 315.0
3896 88.0
3897 315.0
3898 316.0
3899 0.0
3900 316.0
3901 316.0
3902 315.0
3903 38.0
3904 316.0
3905 316.0
3906 169.0
3907 316.0
3908 316.0
3909 273.0
3910 203.0
3911 204.0
3912 203.0
3913 0.0
3914 169.0
3915 32.0
3916 203.0
3917 98.0
3918 204.0
3919 204.0
3920 204.0
3921 204.0
3922 204.0
3923 204.0
3924 204.0
3925 204.0
3926 204.0
3927 316.0
3928 203.0
3929 204.0
3930 109.0
3931 104.0
3932 315.0
3933 315.0
3934 316.0
3935 204.0
3936 316.0
3937 251.0
3938 203.0
3939 252.0
3940 252.0
3941 252.0
3942 191.0
3943 269.0
3944 231.0
3945 315.0
3946 43.0
3947 0.0
3948 315.0
3949 316.0
3950 180.0
3951 315.0
3952 316.0
3953 316.0
3954 49.0
3955 316.0
3956 316.0
3957 175.0
3958 204.0
3959 316.0
3960 0.0
3961 203.0
3962 204.0
3963 203.0
3964 204.0
3965 169.0
3966 186.0
3967 169.0
3968 98.0
3969 109.0
3970 204.0
3971 204.0
3972 204.0
3973 6.0
3974 204.0
3975 204.0
3976 203.0
3977 204.0
3978 316.0
3979 204.0
3980 204.0
3981 0.0
3982 185.0
3983 203.0
3984 204.0
3985 316.0
3986 251.0
3987 315.0
3988 203.0
3989 205.0
3990 252.0
3991 205.0
3992 252.0
3993 251.0
3994 269.0
3995 269.0
3996 250.0
3997 315.0
3998 0.0
3999 316.0
4000 316.0
4001 180.0
4002 316.0
4003 316.0
4004 316.0
4005 49.0
4006 316.0
4007 316.0
4008 175.0
4009 1.0
4010 316.0
4011 273.0
4012 191.0
4013 204.0
4014 203.0
4015 204.0
4016 0.0
4017 169.0
4018 169.0
4019 98.0
4020 92.0
4021 204.0
4022 204.0
4023 203.0
4024 204.0
4025 204.0
4026 204.0
4027 32.0
4028 204.0
4029 316.0
4030 204.0
4031 204.0
4032 109.0
4033 203.0
4034 252.0
4035 204.0
4036 316.0
4037 251.0
4038 251.0
4039 251.0
4040 204.0
4041 252.0
4042 252.0
4043 252.0
4044 225.0
4045 315.0
4046 250.0
4047 274.0
4048 316.0
4049 88.0
4050 316.0
4051 316.0
4052 109.0
4053 316.0
4054 316.0
4055 315.0
4056 38.0
4057 316.0
4058 316.0
4059 169.0
4060 316.0
4061 316.0
4062 273.0
4063 203.0
4064 204.0
4065 203.0
4066 32.0
4067 204.0
4068 32.0
4069 203.0
4070 98.0
4071 109.0
4072 204.0
4073 204.0
4074 204.0
4075 6.0
4076 204.0
4077 204.0
4078 30.0
4079 204.0
4080 316.0
4081 204.0
4082 204.0
4083 33.0
4084 204.0
4085 315.0
4086 252.0
4087 316.0
4088 251.0
4089 316.0
4090 175.0
4091 203.0
4092 252.0
4093 252.0
4094 252.0
4095 231.0
4096 253.0
4097 252.0
4098 250.0
4099 315.0
4100 88.0
4101 315.0
4102 316.0
4103 185.0
4104 316.0
4105 316.0
4106 316.0
4107 38.0
4108 316.0
4109 316.0
4110 169.0
4111 273.0
4112 316.0
4113 316.0
4114 203.0
4115 204.0
4116 203.0
4117 0.0
4118 25.0
4119 180.0
4120 203.0
4121 98.0
4122 203.0
4123 204.0
4124 204.0
4125 204.0
4126 6.0
4127 204.0
4128 204.0
4129 203.0
4130 203.0
4131 316.0
4132 204.0
4133 204.0
4134 1.0
4135 104.0
4136 204.0
4137 315.0
4138 316.0
4139 33.0
4140 316.0
4141 251.0
4142 203.0
4143 252.0
4144 205.0
4145 252.0
4146 315.0
4147 269.0
4148 253.0
4149 267.0
4150 315.0
4151 0.0
4152 316.0
4153 316.0
4154 0.0
4155 263.0
4156 316.0
4157 316.0
4158 49.0
4159 316.0
4160 316.0
4161 164.0
4162 1.0
4163 316.0
4164 273.0
4165 191.0
4166 204.0
4167 203.0
4168 204.0
4169 204.0
4170 251.0
4171 169.0
4172 98.0
4173 203.0
4174 204.0
4175 204.0
4176 204.0
4177 204.0
4178 204.0
4179 204.0
4180 203.0
4181 203.0
4182 316.0
4183 204.0
4184 204.0
4185 109.0
4186 203.0
4187 315.0
4188 315.0
4189 316.0
4190 252.0
4191 315.0
4192 203.0
4193 252.0
4194 252.0
4195 252.0
4196 252.0
4197 250.0
4198 315.0
4199 269.0
4200 250.0
4201 315.0
4202 204.0
4203 316.0
4204 316.0
4205 109.0
4206 315.0
4207 316.0
4208 315.0
4209 251.0
4210 316.0
4211 316.0
4212 169.0
4213 87.0
4214 316.0
4215 316.0
4216 191.0
4217 204.0
4218 203.0
4219 0.0
4220 204.0
4221 0.0
4222 251.0
4223 98.0
4224 103.0
4225 204.0
4226 204.0
4227 204.0
4228 204.0
4229 204.0
4230 204.0
4231 204.0
4232 204.0
4233 316.0
4234 204.0
4235 204.0
4236 1.0
4237 203.0
4238 315.0
4239 252.0
4240 316.0
4241 251.0
4242 315.0
4243 251.0
4244 252.0
4245 252.0
4246 252.0
4247 267.0
4248 250.0
4249 253.0
4250 251.0
4251 109.0
4252 315.0
4253 88.0
4254 315.0
4255 316.0
4256 109.0
4257 316.0
4258 316.0
4259 315.0
4260 38.0
4261 316.0
4262 316.0
4263 169.0
4264 273.0
4265 316.0
4266 315.0
4267 203.0
4268 204.0
4269 203.0
4270 0.0
4271 0.0
4272 169.0
4273 203.0
4274 98.0
4275 204.0
4276 204.0
4277 204.0
4278 204.0
4279 204.0
4280 204.0
4281 204.0
4282 32.0
4283 204.0
4284 316.0
4285 204.0
4286 204.0
4287 1.0
4288 104.0
4289 315.0
4290 316.0
4291 316.0
4292 180.0
4293 315.0
4294 175.0
4295 203.0
4296 252.0
4297 253.0
4298 231.0
4299 315.0
4300 315.0
4301 316.0
4302 250.0
4303 315.0
4304 0.0
4305 315.0
4306 316.0
4307 185.0
4308 263.0
4309 316.0
4310 316.0
4311 49.0
4312 316.0
4313 316.0
4314 175.0
4315 316.0
4316 316.0
4317 316.0
4318 203.0
4319 204.0
4320 203.0
4321 32.0
4322 251.0
4323 32.0
4324 203.0
4325 98.0
4326 204.0
4327 204.0
4328 204.0
4329 204.0
4330 204.0
4331 204.0
4332 204.0
4333 204.0
4334 203.0
4335 316.0
4336 203.0
4337 204.0
4338 1.0
4339 203.0
4340 316.0
4341 315.0
4342 316.0
4343 175.0
4344 316.0
4345 252.0
4346 203.0
4347 268.0
4348 109.0
4349 251.0
4350 231.0
4351 236.0
4352 252.0
4353 231.0
4354 316.0
4355 250.0
4356 316.0
4357 316.0
4358 109.0
4359 315.0
4360 316.0
4361 316.0
4362 49.0
4363 316.0
4364 316.0
4365 175.0
4366 98.0
4367 316.0
4368 273.0
4369 191.0
4370 204.0
4371 30.0
4372 0.0
4373 169.0
4374 0.0
4375 203.0
4376 98.0
4377 203.0
4378 204.0
4379 204.0
4380 204.0
4381 204.0
4382 204.0
4383 204.0
4384 203.0
4385 203.0
4386 316.0
4387 204.0
4388 204.0
4389 109.0
4390 203.0
4391 203.0
4392 316.0
4393 316.0
4394 252.0
4395 315.0
4396 203.0
4397 109.0
4398 109.0
4399 253.0
4400 253.0
4401 250.0
4402 316.0
4403 316.0
4404 109.0
4405 315.0
4406 88.0
4407 316.0
4408 316.0
4409 109.0
4410 316.0
4411 316.0
4412 315.0
4413 38.0
4414 316.0
4415 316.0
4416 169.0
4417 273.0
4418 316.0
4419 316.0
4420 191.0
4421 204.0
4422 203.0
4423 32.0
4424 0.0
4425 0.0
4426 169.0
4427 169.0
4428 204.0
4429 204.0
4430 204.0
4431 204.0
4432 204.0
4433 204.0
4434 204.0
4435 32.0
4436 204.0
4437 316.0
4438 204.0
4439 204.0
4440 109.0
4441 204.0
4442 315.0
4443 252.0
4444 316.0
4445 316.0
4446 315.0
4447 203.0
4448 191.0
4449 191.0
4450 253.0
4451 258.0
4452 253.0
4453 252.0
4454 253.0
4455 203.0
4456 315.0
4457 0.0
4458 316.0
4459 316.0
4460 185.0
4461 263.0
4462 316.0
4463 316.0
4464 49.0
4465 316.0
4466 316.0
4467 203.0
4468 316.0
4469 316.0
4470 273.0
4471 203.0
4472 204.0
4473 203.0
4474 0.0
4475 204.0
4476 32.0
4477 18.0
4478 98.0
4479 204.0
4480 204.0
4481 204.0
4482 204.0
4483 204.0
4484 204.0
4485 204.0
4486 32.0
4487 203.0
4488 316.0
4489 204.0
4490 204.0
4491 0.0
4492 104.0
4493 252.0
4494 316.0
4495 316.0
4496 33.0
4497 316.0
4498 204.0
4499 203.0
4500 252.0
4501 269.0
4502 269.0
4503 231.0
4504 316.0
4505 240.0
4506 267.0
4507 316.0
4508 251.0
4509 315.0
4510 316.0
4511 109.0
4512 316.0
4513 316.0
4514 316.0
4515 49.0
4516 315.0
4517 316.0
4518 175.0
4519 273.0
4520 316.0
4521 316.0
4522 203.0
4523 204.0
4524 203.0
4525 32.0
4526 169.0
4527 169.0
4528 203.0
4529 98.0
4530 204.0
4531 204.0
4532 204.0
4533 204.0
4534 204.0
4535 204.0
4536 204.0
4537 203.0
4538 204.0
4539 316.0
4540 203.0
4541 204.0
4542 1.0
4543 203.0
4544 252.0
4545 315.0
4546 316.0
4547 251.0
4548 316.0
4549 203.0
4550 203.0
4551 103.0
4552 109.0
4553 231.0
4554 251.0
4555 316.0
4556 252.0
4557 109.0
4558 316.0
4559 109.0
4560 316.0
4561 316.0
4562 109.0
4563 315.0
4564 316.0
4565 315.0
4566 203.0
4567 316.0
4568 316.0
4569 169.0
4570 120.0
4571 316.0
4572 316.0
4573 191.0
4574 44.0
4575 203.0
4576 114.0
4577 38.0
4578 0.0
4579 169.0
4580 169.0
4581 204.0
4582 204.0
4583 204.0
4584 204.0
4585 204.0
4586 204.0
4587 204.0
4588 203.0
4589 204.0
4590 316.0
4591 204.0
4592 204.0
4593 109.0
4594 204.0
4595 316.0
4596 316.0
4597 316.0
4598 315.0
4599 315.0
4600 251.0
4601 270.0
4602 186.0
4603 191.0
4604 109.0
4605 231.0
4606 253.0
4607 251.0
4608 250.0
4609 316.0
4610 0.0
4611 316.0
4612 316.0
4613 185.0
4614 295.0
4615 316.0
4616 315.0
4617 38.0
4618 316.0
4619 316.0
4620 231.0
4621 215.0
4622 316.0
4623 273.0
4624 203.0
4625 203.0
4626 203.0
4627 0.0
4628 0.0
4629 0.0
4630 169.0
4631 180.0
4632 204.0
4633 204.0
4634 204.0
4635 204.0
4636 204.0
4637 204.0
4638 204.0
4639 32.0
4640 203.0
4641 316.0
4642 204.0
4643 204.0
4644 109.0
4645 203.0
4646 316.0
4647 252.0
4648 316.0
4649 175.0
4650 316.0
4651 203.0
4652 103.0
4653 251.0
4654 251.0
4655 269.0
4656 231.0
4657 253.0
4658 240.0
4659 250.0
4660 316.0
4661 32.0
4662 316.0
4663 316.0
4664 180.0
4665 315.0
4666 316.0
4667 316.0
4668 49.0
4669 316.0
4670 316.0
4671 180.0
4672 273.0
4673 316.0
4674 316.0
4675 203.0
4676 204.0
4677 203.0
4678 0.0
4679 204.0
4680 180.0
4681 169.0
4682 32.0
4683 204.0
4684 204.0
4685 204.0
4686 204.0
4687 204.0
4688 204.0
4689 204.0
4690 204.0
4691 204.0
4692 316.0
4693 204.0
4694 204.0
4695 33.0
4696 191.0
4697 252.0
4698 316.0
4699 316.0
4700 33.0
4701 316.0
4702 252.0
4703 32.0
4704 103.0
4705 103.0
4706 252.0
4707 250.0
4708 316.0
4709 240.0
4710 231.0
4711 316.0
4712 88.0
4713 315.0
4714 316.0
4715 109.0
4716 316.0
4717 316.0
4718 316.0
4719 49.0
4720 316.0
4721 316.0
4722 32.0
4723 204.0
4724 316.0
4725 316.0
4726 191.0
4727 204.0
4728 203.0
4729 6.0
4730 180.0
4731 46.0
4732 203.0
4733 32.0
4734 204.0
4735 204.0
4736 204.0
4737 204.0
4738 204.0
4739 204.0
4740 204.0
4741 203.0
4742 204.0
4743 316.0
4744 204.0
4745 204.0
4746 1.0
4747 203.0
4748 252.0
4749 316.0
4750 316.0
4751 251.0
4752 316.0
4753 33.0
4754 103.0
4755 32.0
4756 103.0
4757 231.0
4758 231.0
4759 315.0
4760 267.0
4761 316.0
4762 316.0
4763 251.0
4764 316.0
4765 316.0
4766 109.0
4767 263.0
4768 316.0
4769 315.0
4770 38.0
4771 316.0
4772 315.0
4773 38.0
4774 316.0
4775 316.0
4776 273.0
4777 191.0
4778 38.0
4779 203.0
4780 0.0
4781 38.0
4782 0.0
4783 169.0
4784 180.0
4785 204.0
4786 204.0
4787 204.0
4788 204.0
4789 204.0
4790 204.0
4791 204.0
4792 204.0
4793 203.0
4794 316.0
4795 204.0
4796 204.0
4797 1.0
4798 203.0
4799 316.0
4800 316.0
4801 316.0
4802 33.0
4803 315.0
4804 251.0
4805 103.0
4806 316.0
4807 109.0
4808 252.0
4809 231.0
4810 253.0
4811 253.0
4812 314.0
4813 316.0
4814 0.0
4815 316.0
4816 316.0
4817 185.0
4818 316.0
4819 316.0
4820 316.0
4821 44.0
4822 316.0
4823 316.0
4824 175.0
4825 316.0
4826 316.0
4827 273.0
4828 203.0
4829 0.0
4830 203.0
4831 0.0
4832 0.0
4833 180.0
4834 169.0
4835 169.0
4836 204.0
4837 204.0
4838 204.0
4839 204.0
4840 204.0
4841 204.0
4842 204.0
4843 204.0
4844 204.0
4845 316.0
4846 204.0
4847 204.0
4848 203.0
4849 203.0
4850 316.0
4851 316.0
4852 316.0
4853 204.0
4854 315.0
4855 203.0
4856 32.0
4857 103.0
4858 38.0
4859 269.0
4860 315.0
4861 316.0
4862 231.0
4863 231.0
4864 316.0
4865 32.0
4866 315.0
4867 316.0
4868 185.0
4869 316.0
4870 316.0
4871 316.0
4872 49.0
4873 316.0
4874 316.0
4875 180.0
4876 316.0
4877 316.0
4878 273.0
4879 203.0
4880 204.0
4881 203.0
4882 6.0
4883 204.0
4884 251.0
4885 203.0
4886 32.0
4887 203.0
4888 204.0
4889 204.0
4890 204.0
4891 204.0
4892 204.0
4893 204.0
4894 204.0
4895 204.0
4896 316.0
4897 204.0
4898 204.0
4899 204.0
4900 203.0
4901 316.0
4902 316.0
4903 316.0
4904 252.0
4905 316.0
4906 203.0
4907 32.0
4908 109.0
4909 103.0
4910 258.0
4911 253.0
4912 316.0
4913 236.0
4914 250.0
4915 316.0
4916 88.0
4917 316.0
4918 316.0
4919 109.0
4920 316.0
4921 316.0
4922 316.0
4923 38.0
4924 316.0
4925 316.0
4926 0.0
4927 315.0
4928 316.0
4929 316.0
4930 191.0
4931 204.0
4932 203.0
4933 203.0
4934 32.0
4935 0.0
4936 169.0
4937 32.0
4938 204.0
4939 204.0
4940 204.0
4941 204.0
4942 204.0
4943 204.0
4944 204.0
4945 203.0
4946 203.0
4947 316.0
4948 204.0
4949 204.0
4950 33.0
4951 203.0
4952 252.0
4953 316.0
4954 316.0
4955 203.0
4956 316.0
4957 204.0
4958 103.0
4959 203.0
4960 109.0
4961 252.0
4962 315.0
4963 253.0
4964 231.0
4965 262.0
4966 316.0
4967 0.0
4968 316.0
4969 316.0
4970 180.0
4971 263.0
4972 316.0
4973 316.0
4974 38.0
4975 316.0
4976 315.0
4977 38.0
4978 315.0
4979 316.0
4980 273.0
4981 203.0
4982 204.0
4983 203.0
4984 1.0
4985 0.0
4986 46.0
4987 169.0
4988 180.0
4989 204.0
4990 204.0
4991 204.0
4992 204.0
4993 204.0
4994 204.0
4995 204.0
4996 32.0
4997 204.0
4998 316.0
4999 204.0
5000 204.0
5001 33.0
5002 203.0
5003 252.0
5004 316.0
5005 316.0
5006 203.0
5007 316.0
5008 32.0
5009 251.0
5010 191.0
5011 109.0
5012 231.0
5013 316.0
5014 316.0
5015 315.0
5016 316.0
5017 316.0
5018 250.0
5019 315.0
5020 316.0
5021 185.0
5022 316.0
5023 316.0
5024 316.0
5025 49.0
5026 316.0
5027 316.0
5028 175.0
5029 316.0
5030 316.0
5031 316.0
5032 203.0
5033 38.0
5034 203.0
5035 109.0
5036 251.0
5037 169.0
5038 203.0
5039 98.0
5040 204.0
5041 204.0
5042 204.0
5043 204.0
5044 204.0
5045 204.0
5046 204.0
5047 203.0
5048 109.0
5049 316.0
5050 204.0
5051 204.0
5052 203.0
5053 104.0
5054 316.0
5055 316.0
5056 316.0
5057 204.0
5058 315.0
5059 251.0
5060 251.0
5061 103.0
5062 103.0
5063 269.0
5064 231.0
5065 316.0
5066 316.0
5067 231.0
5068 316.0
5069 109.0
5070 316.0
5071 316.0
5072 109.0
5073 316.0
5074 316.0
5075 316.0
5076 0.0
5077 316.0
5078 316.0
5079 169.0
5080 316.0
5081 316.0
5082 273.0
5083 203.0
5084 30.0
5085 203.0
5086 6.0
5087 169.0
5088 251.0
5089 30.0
5090 32.0
5091 204.0
5092 204.0
5093 204.0
5094 204.0
5095 204.0
5096 204.0
5097 204.0
5098 30.0
5099 204.0
5100 316.0
