1 0.0
2 100.0
3 105.0
4 0.0
5 0.0
6 204.0
7 203.0
8 30.0
9 204.0
10 0.0
11 0.0
12 42.0
13 0.0
14 0.0
15 18.0
16 72.0
17 251.0
18 0.0
19 17.0
20 45.0
21 147.0
22 0.0
23 177.0
24 5.0
25 184.0
26 196.0
27 51.0
28 132.0
29 11.0
30 0.0
31 0.0
32 203.0
33 225.0
34 204.0
35 203.0
36 190.0
37 0.0
38 0.0
39 39.0
40 0.0
41 0.0
42 169.0
43 235.0
44 0.0
45 0.0
46 0.0
47 0.0
48 203.0
49 175.0
50 110.0
51 251.0
52 6.0
53 204.0
54 105.0
55 116.0
56 0.0
57 204.0
58 203.0
59 203.0
60 204.0
61 203.0
62 26.0
63 42.0
64 203.0
65 16.0
66 0.0
67 251.0
68 251.0
69 251.0
70 0.0
71 251.0
72 147.0
73 0.0
74 177.0
75 184.0
76 58.0
77 196.0
78 203.0
79 132.0
80 0.0
81 0.0
82 203.0
83 203.0
84 225.0
85 315.0
86 202.0
87 50.0
88 0.0
89 39.0
90 39.0
91 0.0
92 0.0
93 136.0
94 235.0
95 203.0
96 0.0
97 0.0
98 33.0
99 203.0
100 116.0
101 0.0
102 315.0
103 39.0
104 105.0
105 207.0
106 203.0
107 203.0
108 204.0
109 203.0
110 203.0
111 204.0
112 204.0
113 203.0
114 154.0
115 0.0
116 86.0
117 203.0
118 90.0
119 251.0
120 25.0
121 108.0
122 203.0
123 204.0
124 25.0
125 0.0
126 171.0
127 169.0
128 203.0
129 50.0
130 176.0
131 153.0
132 0.0
133 81.0
134 251.0
135 149.0
136 203.0
137 251.0
138 203.0
139 201.0
140 186.0
141 39.0
142 0.0
143 169.0
144 203.0
145 235.0
146 163.0
147 34.0
148 33.0
149 55.0
150 203.0
151 203.0
152 110.0
153 315.0
154 38.0
155 103.0
156 204.0
157 202.0
158 203.0
159 204.0
160 204.0
161 203.0
162 204.0
163 204.0
164 204.0
165 203.0
166 0.0
167 203.0
168 203.0
169 90.0
170 251.0
171 251.0
172 102.0
173 45.0
174 203.0
175 224.0
176 0.0
177 169.0
178 202.0
179 203.0
180 203.0
181 191.0
182 0.0
183 0.0
184 203.0
185 203.0
186 229.0
187 225.0
188 203.0
189 252.0
190 0.0
191 0.0
192 0.0
193 169.0
194 121.0
195 203.0
196 235.0
197 203.0
198 203.0
199 147.0
200 55.0
201 203.0
202 203.0
203 103.0
204 315.0
205 0.0
206 203.0
207 203.0
208 186.0
209 204.0
210 204.0
211 204.0
212 104.0
213 204.0
214 204.0
215 204.0
216 204.0
217 0.0
218 203.0
219 34.0
220 8.0
221 251.0
222 251.0
223 30.0
224 34.0
225 147.0
226 72.0
227 27.0
228 203.0
229 186.0
230 196.0
231 196.0
232 185.0
233 186.0
234 0.0
235 203.0
236 203.0
237 203.0
238 251.0
239 105.0
240 203.0
241 231.0
242 35.0
243 65.0
244 42.0
245 203.0
246 203.0
247 235.0
248 1.0
249 190.0
250 191.0
251 0.0
252 203.0
253 35.0
254 154.0
255 315.0
256 8.0
257 207.0
258 105.0
259 203.0
260 0.0
261 204.0
262 204.0
263 204.0
264 204.0
265 204.0
266 204.0
267 204.0
268 203.0
269 203.0
270 77.0
271 203.0
272 251.0
273 251.0
274 0.0
275 203.0
276 204.0
277 371.0
278 203.0
279 203.0
280 84.0
281 7.0
282 7.0
283 0.0
284 191.0
285 0.0
286 176.0
287 203.0
288 229.0
289 203.0
290 204.0
291 203.0
292 251.0
293 142.0
294 164.0
295 203.0
296 203.0
297 203.0
298 235.0
299 203.0
300 239.0
301 203.0
302 137.0
303 203.0
304 10.0
305 165.0
306 371.0
307 35.0
308 123.0
309 207.0
310 33.0
311 203.0
312 204.0
313 203.0
314 204.0
315 204.0
316 204.0
317 203.0
318 203.0
319 0.0
320 61.0
321 203.0
322 90.0
323 251.0
324 251.0
325 0.0
326 233.0
327 203.0
328 0.0
329 203.0
330 37.0
331 203.0
332 191.0
333 7.0
334 203.0
335 192.0
336 203.0
337 39.0
338 203.0
339 229.0
340 204.0
341 203.0
342 185.0
343 203.0
344 37.0
345 62.0
346 151.0
347 133.0
348 195.0
349 235.0
350 224.0
351 203.0
352 203.0
353 6.0
354 203.0
355 140.0
356 59.0
357 371.0
358 2.0
359 203.0
360 103.0
361 35.0
362 203.0
363 204.0
364 203.0
365 203.0
366 204.0
367 204.0
368 202.0
369 204.0
370 0.0
371 203.0
372 0.0
373 94.0
374 251.0
375 223.0
376 93.0
377 66.0
378 39.0
379 203.0
380 0.0
381 180.0
382 71.0
383 184.0
384 184.0
385 192.0
386 203.0
387 0.0
388 204.0
389 203.0
390 251.0
391 204.0
392 252.0
393 251.0
394 251.0
395 203.0
396 113.0
397 203.0
398 203.0
399 203.0
400 235.0
401 251.0
402 203.0
403 203.0
404 55.0
405 203.0
406 203.0
407 173.0
408 371.0
409 203.0
410 203.0
411 203.0
412 49.0
413 307.0
414 204.0
415 204.0
416 203.0
417 204.0
418 204.0
419 203.0
420 204.0
421 251.0
422 203.0
423 0.0
424 8.0
425 251.0
426 251.0
427 0.0
428 61.0
429 203.0
430 209.0
431 203.0
432 29.0
433 202.0
434 7.0
435 203.0
436 0.0
437 17.0
438 203.0
439 251.0
440 165.0
441 252.0
442 203.0
443 203.0
444 203.0
445 203.0
446 8.0
447 203.0
448 32.0
449 203.0
450 109.0
451 159.0
452 222.0
453 183.0
454 203.0
455 88.0
456 203.0
457 32.0
458 203.0
459 371.0
460 203.0
461 233.0
462 202.0
463 204.0
464 203.0
465 220.0
466 204.0
467 204.0
468 204.0
469 204.0
470 204.0
471 203.0
472 251.0
473 203.0
474 203.0
475 251.0
476 251.0
477 251.0
478 0.0
479 203.0
480 227.0
481 32.0
482 203.0
483 29.0
484 117.0
485 203.0
486 55.0
487 192.0
488 139.0
489 203.0
490 203.0
491 203.0
492 315.0
493 203.0
494 203.0
495 252.0
496 203.0
497 203.0
498 204.0
499 33.0
500 203.0
501 109.0
502 251.0
503 224.0
504 224.0
505 203.0
506 36.0
507 203.0
508 72.0
509 93.0
510 371.0
511 143.0
512 203.0
513 103.0
514 204.0
515 218.0
516 204.0
517 203.0
518 181.0
519 204.0
520 204.0
521 204.0
522 203.0
523 251.0
524 203.0
525 203.0
526 90.0
527 251.0
528 251.0
529 32.0
530 147.0
531 203.0
532 136.0
533 128.0
534 184.0
535 71.0
536 191.0
537 203.0
538 192.0
539 192.0
540 203.0
541 202.0
542 203.0
543 225.0
544 252.0
545 209.0
546 203.0
547 89.0
548 32.0
549 204.0
550 0.0
551 203.0
552 233.0
553 203.0
554 251.0
555 255.0
556 203.0
557 33.0
558 203.0
559 164.0
560 93.0
561 371.0
562 203.0
563 233.0
564 203.0
565 203.0
566 203.0
567 222.0
568 203.0
569 181.0
570 204.0
571 204.0
572 203.0
573 251.0
574 203.0
575 141.0
576 0.0
577 110.0
578 251.0
579 223.0
580 108.0
581 66.0
582 203.0
583 209.0
584 12.0
585 169.0
586 71.0
587 203.0
588 203.0
589 203.0
590 0.0
591 0.0
592 203.0
593 251.0
594 315.0
595 218.0
596 203.0
597 251.0
598 203.0
599 0.0
600 213.0
601 38.0
602 203.0
603 203.0
604 203.0
605 189.0
606 13.0
607 173.0
608 163.0
609 203.0
610 196.0
611 203.0
612 371.0
613 77.0
614 203.0
615 123.0
616 203.0
617 225.0
618 204.0
619 204.0
620 203.0
621 204.0
622 204.0
623 203.0
624 251.0
625 203.0
626 203.0
627 158.0
628 6.0
629 251.0
630 203.0
631 86.0
632 203.0
633 21.0
634 0.0
635 0.0
636 29.0
637 186.0
638 203.0
639 203.0
640 179.0
641 106.0
642 203.0
643 203.0
644 203.0
645 149.0
646 204.0
647 203.0
648 251.0
649 203.0
650 0.0
651 198.0
652 30.0
653 173.0
654 157.0
655 172.0
656 191.0
657 249.0
658 203.0
659 165.0
660 203.0
661 203.0
662 203.0
663 371.0
664 216.0
665 233.0
666 233.0
667 204.0
668 204.0
669 218.0
670 204.0
671 204.0
672 204.0
673 204.0
674 203.0
675 203.0
676 251.0
677 203.0
678 203.0
679 251.0
680 251.0
681 251.0
682 0.0
683 203.0
684 171.0
685 62.0
686 0.0
687 169.0
688 186.0
689 203.0
690 203.0
691 192.0
692 191.0
693 7.0
694 203.0
695 251.0
696 203.0
697 203.0
698 304.0
699 202.0
700 160.0
701 251.0
702 203.0
703 203.0
704 0.0
705 213.0
706 170.0
707 203.0
708 249.0
709 203.0
710 92.0
711 203.0
712 203.0
713 93.0
714 371.0
715 104.0
716 233.0
717 103.0
718 204.0
719 204.0
720 204.0
721 203.0
722 204.0
723 204.0
724 204.0
725 203.0
726 203.0
727 251.0
728 203.0
729 203.0
730 90.0
731 251.0
732 251.0
733 113.0
734 204.0
735 204.0
736 209.0
737 0.0
738 180.0
739 202.0
740 203.0
741 203.0
742 203.0
743 160.0
744 204.0
745 251.0
746 218.0
747 203.0
748 203.0
749 203.0
750 203.0
751 89.0
752 0.0
753 203.0
754 214.0
755 0.0
756 203.0
757 202.0
758 255.0
759 203.0
760 251.0
761 163.0
762 203.0
763 203.0
764 216.0
765 371.0
766 204.0
767 233.0
768 202.0
769 204.0
770 203.0
771 204.0
772 243.0
773 203.0
774 204.0
775 204.0
776 0.0
777 251.0
778 204.0
779 20.0
780 122.0
781 61.0
782 251.0
783 223.0
784 163.0
785 203.0
786 139.0
787 32.0
788 0.0
789 203.0
790 203.0
791 203.0
792 203.0
793 192.0
794 203.0
795 251.0
796 204.0
797 203.0
798 251.0
799 204.0
800 231.0
801 285.0
802 0.0
803 26.0
804 0.0
805 61.0
806 169.0
807 203.0
808 203.0
809 203.0
810 203.0
811 203.0
812 203.0
813 203.0
814 203.0
815 110.0
816 371.0
817 203.0
818 203.0
819 202.0
820 212.0
821 203.0
822 307.0
823 203.0
824 203.0
825 204.0
826 204.0
827 0.0
828 251.0
829 251.0
830 203.0
831 158.0
832 90.0
833 251.0
834 132.0
835 108.0
836 230.0
837 204.0
838 209.0
839 0.0
840 203.0
841 179.0
842 203.0
843 203.0
844 192.0
845 203.0
846 251.0
847 203.0
848 251.0
849 315.0
850 322.0
851 299.0
852 251.0
853 117.0
854 203.0
855 203.0
856 214.0
857 198.0
858 157.0
859 203.0
860 255.0
861 249.0
862 203.0
863 251.0
864 203.0
865 32.0
866 203.0
867 371.0
868 235.0
869 233.0
870 232.0
871 180.0
872 220.0
873 220.0
874 203.0
875 204.0
876 204.0
877 204.0
878 203.0
879 165.0
880 251.0
881 203.0
882 203.0
883 164.0
884 251.0
885 251.0
886 163.0
887 228.0
888 203.0
889 226.0
890 89.0
891 177.0
892 202.0
893 203.0
894 203.0
895 191.0
896 201.0
897 181.0
898 202.0
899 203.0
900 203.0
901 203.0
902 204.0
903 314.0
904 82.0
905 0.0
906 6.0
907 204.0
908 0.0
909 168.0
910 190.0
911 191.0
912 249.0
913 336.0
914 203.0
915 203.0
916 152.0
917 196.0
918 371.0
919 3.0
920 204.0
921 203.0
922 203.0
923 218.0
924 307.0
925 203.0
926 203.0
927 204.0
928 204.0
929 203.0
930 251.0
931 251.0
932 204.0
933 85.0
934 203.0
935 251.0
936 251.0
937 0.0
938 147.0
939 204.0
940 0.0
941 204.0
942 29.0
943 203.0
944 203.0
945 203.0
946 203.0
947 252.0
948 202.0
949 202.0
950 203.0
951 324.0
952 204.0
953 225.0
954 251.0
955 166.0
956 203.0
957 200.0
958 204.0
959 128.0
960 203.0
961 203.0
962 203.0
963 203.0
964 220.0
965 0.0
966 203.0
967 220.0
968 175.0
969 371.0
970 226.0
971 235.0
972 33.0
973 203.0
974 203.0
975 204.0
976 202.0
977 204.0
978 204.0
979 204.0
980 203.0
981 251.0
982 204.0
983 203.0
984 105.0
985 203.0
986 251.0
987 251.0
988 81.0
989 110.0
990 86.0
991 64.0
992 0.0
993 40.0
994 204.0
995 203.0
996 203.0
997 203.0
998 251.0
999 203.0
1000 203.0
1001 160.0
1002 203.0
1003 204.0
1004 203.0
1005 203.0
1006 3.0
1007 203.0
1008 203.0
1009 0.0
1010 169.0
1011 203.0
1012 203.0
1013 255.0
1014 203.0
1015 203.0
1016 209.0
1017 203.0
1018 203.0
1019 204.0
1020 371.0
1021 251.0
1022 235.0
1023 203.0
1024 203.0
1025 203.0
1026 204.0
1027 204.0
1028 185.0
1029 204.0
1030 204.0
1031 158.0
1032 203.0
1033 203.0
1034 204.0
1035 158.0
1036 196.0
1037 251.0
1038 251.0
1039 108.0
1040 66.0
1041 30.0
1042 226.0
1043 203.0
1044 198.0
1045 202.0
1046 203.0
1047 203.0
1048 251.0
1049 251.0
1050 203.0
1051 204.0
1052 487.0
1053 204.0
1054 225.0
1055 204.0
1056 310.0
1057 32.0
1058 251.0
1059 203.0
1060 204.0
1061 169.0
1062 174.0
1063 251.0
1064 254.0
1065 203.0
1066 209.0
1067 203.0
1068 10.0
1069 203.0
1070 109.0
1071 487.0
1072 203.0
1073 251.0
1074 203.0
1075 203.0
1076 204.0
1077 222.0
1078 203.0
1079 203.0
1080 204.0
1081 204.0
1082 203.0
1083 203.0
1084 251.0
1085 203.0
1086 203.0
1087 251.0
1088 251.0
1089 38.0
1090 163.0
1091 204.0
1092 225.0
1093 371.0
1094 203.0
1095 199.0
1096 203.0
1097 203.0
1098 203.0
1099 203.0
1100 203.0
1101 185.0
1102 203.0
1103 203.0
1104 204.0
1105 203.0
1106 252.0
1107 203.0
1108 0.0
1109 208.0
1110 203.0
1111 216.0
1112 132.0
1113 171.0
1114 202.0
1115 203.0
1116 203.0
1117 220.0
1118 0.0
1119 203.0
1120 203.0
1121 111.0
1122 487.0
1123 251.0
1124 203.0
1125 32.0
1126 203.0
1127 220.0
1128 204.0
1129 196.0
1130 204.0
1131 204.0
1132 204.0
1133 203.0
1134 251.0
1135 251.0
1136 251.0
1137 203.0
1138 203.0
1139 251.0
1140 251.0
1141 30.0
1142 241.0
1143 0.0
1144 124.0
1145 203.0
1146 203.0
1147 203.0
1148 203.0
1149 203.0
1150 204.0
1151 251.0
1152 203.0
1153 165.0
1154 203.0
1155 203.0
1156 203.0
1157 107.0
1158 202.0
1159 0.0
1160 251.0
1161 0.0
1162 214.0
1163 0.0
1164 251.0
1165 203.0
1166 253.0
1167 203.0
1168 336.0
1169 251.0
1170 203.0
1171 203.0
1172 203.0
1173 487.0
1174 226.0
1175 226.0
1176 99.0
1177 221.0
1178 204.0
1179 220.0
1180 204.0
1181 204.0
1182 204.0
1183 204.0
1184 0.0
1185 251.0
1186 0.0
1187 251.0
1188 203.0
1189 72.0
1190 251.0
1191 251.0
1192 163.0
1193 204.0
1194 203.0
1195 363.0
1196 61.0
1197 203.0
1198 175.0
1199 204.0
1200 201.0
1201 185.0
1202 252.0
1203 203.0
1204 251.0
1205 203.0
1206 203.0
1207 204.0
1208 204.0
1209 0.0
1210 0.0
1211 251.0
1212 251.0
1213 204.0
1214 168.0
1215 180.0
1216 203.0
1217 203.0
1218 274.0
1219 203.0
1220 203.0
1221 203.0
1222 203.0
1223 136.0
1224 487.0
1225 251.0
1226 237.0
1227 103.0
1228 221.0
1229 204.0
1230 220.0
1231 199.0
1232 203.0
1233 204.0
1234 204.0
1235 202.0
1236 203.0
1237 0.0
1238 251.0
1239 149.0
1240 90.0
1241 251.0
1242 251.0
1243 108.0
1244 128.0
1245 203.0
1246 363.0
1247 81.0
1248 204.0
1249 186.0
1250 202.0
1251 203.0
1252 185.0
1253 173.0
1254 203.0
1255 203.0
1256 203.0
1257 223.0
1258 204.0
1259 92.0
1260 31.0
1261 201.0
1262 203.0
1263 203.0
1264 203.0
1265 203.0
1266 203.0
1267 203.0
1268 319.0
1269 436.0
1270 279.0
1271 196.0
1272 203.0
1273 203.0
1274 226.0
1275 487.0
1276 203.0
1277 203.0
1278 203.0
1279 419.0
1280 204.0
1281 204.0
1282 203.0
1283 204.0
1284 204.0
1285 204.0
1286 251.0
1287 252.0
1288 203.0
1289 169.0
1290 203.0
1291 47.0
1292 251.0
1293 251.0
1294 230.0
1295 251.0
1296 237.0
1297 135.0
1298 201.0
1299 150.0
1300 117.0
1301 203.0
1302 251.0
1303 204.0
1304 251.0
1305 180.0
1306 203.0
1307 203.0
1308 203.0
1309 251.0
1310 251.0
1311 251.0
1312 0.0
1313 251.0
1314 251.0
1315 203.0
1316 203.0
1317 202.0
1318 212.0
1319 203.0
1320 203.0
1321 182.0
1322 203.0
1323 203.0
1324 203.0
1325 103.0
1326 487.0
1327 203.0
1328 0.0
1329 203.0
1330 203.0
1331 203.0
1332 203.0
1333 204.0
1334 204.0
1335 204.0
1336 251.0
1337 203.0
1338 204.0
1339 169.0
1340 251.0
1341 203.0
1342 0.0
1343 251.0
1344 251.0
1345 98.0
1346 203.0
1347 96.0
1348 227.0
1349 0.0
1350 204.0
1351 117.0
1352 203.0
1353 203.0
1354 203.0
1355 251.0
1356 185.0
1357 176.0
1358 419.0
1359 203.0
1360 204.0
1361 325.0
1362 3.0
1363 246.0
1364 251.0
1365 252.0
1366 41.0
1367 203.0
1368 251.0
1369 203.0
1370 203.0
1371 436.0
1372 203.0
1373 152.0
1374 203.0
1375 203.0
1376 204.0
1377 487.0
1378 226.0
1379 226.0
1380 203.0
1381 203.0
1382 222.0
1383 204.0
1384 204.0
1385 204.0
1386 203.0
1387 203.0
1388 204.0
1389 194.0
1390 0.0
1391 251.0
1392 203.0
1393 198.0
1394 251.0
1395 132.0
1396 110.0
1397 251.0
1398 107.0
1399 363.0
1400 0.0
1401 203.0
1402 145.0
1403 204.0
1404 203.0
1405 233.0
1406 251.0
1407 203.0
1408 203.0
1409 340.0
1410 203.0
1411 62.0
1412 33.0
1413 0.0
1414 89.0
1415 191.0
1416 143.0
1417 41.0
1418 203.0
1419 150.0
1420 203.0
1421 203.0
1422 436.0
1423 153.0
1424 203.0
1425 203.0
1426 203.0
1427 109.0
1428 487.0
1429 226.0
1430 203.0
1431 236.0
1432 221.0
1433 203.0
1434 218.0
1435 203.0
1436 181.0
1437 203.0
1438 203.0
1439 0.0
1440 251.0
1441 203.0
1442 203.0
1443 203.0
1444 203.0
1445 251.0
1446 38.0
1447 30.0
1448 147.0
1449 204.0
1450 374.0
1451 203.0
1452 174.0
1453 163.0
1454 192.0
1455 0.0
1456 203.0
1457 203.0
1458 251.0
1459 203.0
1460 203.0
1461 252.0
1462 242.0
1463 234.0
1464 186.0
1465 0.0
1466 203.0
1467 202.0
1468 204.0
1469 203.0
1470 144.0
1471 203.0
1472 203.0
1473 203.0
1474 202.0
1475 197.0
1476 121.0
1477 203.0
1478 109.0
1479 487.0
1480 203.0
1481 251.0
1482 204.0
1483 221.0
1484 203.0
1485 204.0
1486 203.0
1487 203.0
1488 203.0
1489 203.0
1490 204.0
1491 204.0
1492 251.0
1493 203.0
1494 203.0
1495 72.0
1496 251.0
1497 251.0
1498 30.0
1499 204.0
1500 42.0
1501 135.0
1502 0.0
1503 154.0
1504 126.0
1505 251.0
1506 204.0
1507 251.0
1508 251.0
1509 202.0
1510 251.0
1511 487.0
1512 109.0
1513 203.0
1514 251.0
1515 2.0
1516 0.0
1517 203.0
1518 180.0
1519 99.0
1520 217.0
1521 251.0
1522 203.0
1523 186.0
1524 203.0
1525 186.0
1526 163.0
1527 203.0
1528 203.0
1529 203.0
1530 487.0
1531 123.0
1532 236.0
1533 204.0
1534 307.0
1535 204.0
1536 204.0
1537 203.0
1538 204.0
1539 203.0
1540 251.0
1541 251.0
1542 251.0
1543 0.0
1544 251.0
1545 203.0
1546 61.0
1547 251.0
1548 251.0
1549 184.0
1550 203.0
1551 204.0
1552 129.0
1553 203.0
1554 203.0
1555 6.0
1556 203.0
1557 203.0
1558 252.0
1559 251.0
1560 251.0
1561 203.0
1562 419.0
1563 203.0
1564 204.0
1565 203.0
1566 0.0
1567 160.0
1568 180.0
1569 57.0
1570 0.0
1571 201.0
1572 251.0
1573 203.0
1574 203.0
1575 436.0
1576 203.0
1577 152.0
1578 197.0
1579 203.0
1580 203.0
1581 487.0
1582 203.0
1583 203.0
1584 251.0
1585 203.0
1586 220.0
1587 218.0
1588 204.0
1589 204.0
1590 203.0
1591 203.0
1592 204.0
1593 194.0
1594 251.0
1595 251.0
1596 203.0
1597 90.0
1598 251.0
1599 132.0
1600 98.0
1601 147.0
1602 45.0
1603 375.0
1604 204.0
1605 204.0
1606 111.0
1607 251.0
1608 203.0
1609 252.0
1610 173.0
1611 203.0
1612 203.0
1613 203.0
1614 203.0
1615 203.0
1616 92.0
1617 252.0
1618 39.0
1619 180.0
1620 169.0
1621 203.0
1622 202.0
1623 202.0
1624 203.0
1625 186.0
1626 268.0
1627 251.0
1628 203.0
1629 203.0
1630 203.0
1631 3.0
1632 487.0
1633 226.0
1634 237.0
1635 252.0
1636 307.0
1637 222.0
1638 222.0
1639 204.0
1640 187.0
1641 203.0
1642 251.0
1643 175.0
1644 252.0
1645 251.0
1646 203.0
1647 176.0
1648 170.0
1649 251.0
1650 251.0
1651 0.0
1652 147.0
1653 32.0
1654 210.0
1655 203.0
1656 147.0
1657 70.0
1658 203.0
1659 203.0
1660 252.0
1661 203.0
1662 203.0
1663 176.0
1664 203.0
1665 203.0
1666 229.0
1667 224.0
1668 31.0
1669 157.0
1670 203.0
1671 202.0
1672 203.0
1673 213.0
1674 251.0
1675 203.0
1676 202.0
1677 436.0
1678 203.0
1679 203.0
1680 203.0
1681 203.0
1682 109.0
1683 487.0
1684 252.0
1685 252.0
1686 204.0
1687 221.0
1688 204.0
1689 204.0
1690 0.0
1691 204.0
1692 203.0
1693 251.0
1694 203.0
1695 251.0
1696 251.0
1697 169.0
1698 133.0
1699 90.0
1700 251.0
1701 251.0
1702 98.0
1703 203.0
1704 0.0
1705 339.0
1706 203.0
1707 204.0
1708 17.0
1709 203.0
1710 204.0
1711 252.0
1712 251.0
1713 203.0
1714 383.0
1715 422.0
1716 203.0
1717 304.0
1718 225.0
1719 25.0
1720 202.0
1721 251.0
1722 231.0
1723 70.0
1724 224.0
1725 251.0
1726 203.0
1727 134.0
1728 203.0
1729 203.0
1730 251.0
1731 203.0
1732 203.0
1733 203.0
1734 337.0
1735 204.0
1736 258.0
1737 203.0
1738 203.0
1739 204.0
1740 222.0
1741 177.0
1742 203.0
1743 203.0
1744 203.0
1745 251.0
1746 251.0
1747 0.0
1748 251.0
1749 203.0
1750 203.0
1751 251.0
1752 132.0
1753 251.0
1754 128.0
1755 204.0
1756 135.0
1757 204.0
1758 178.0
1759 203.0
1760 203.0
1761 203.0
1762 251.0
1763 252.0
1764 203.0
1765 203.0
1766 419.0
1767 203.0
1768 204.0
1769 251.0
1770 3.0
1771 193.0
1772 203.0
1773 203.0
1774 203.0
1775 201.0
1776 202.0
1777 203.0
1778 203.0
1779 436.0
1780 186.0
1781 0.0
1782 203.0
1783 203.0
1784 3.0
1785 487.0
1786 180.0
1787 204.0
1788 169.0
1789 203.0
1790 204.0
1791 222.0
1792 204.0
1793 204.0
1794 203.0
1795 251.0
1796 203.0
1797 252.0
1798 251.0
1799 203.0
1800 144.0
1801 164.0
1802 251.0
1803 251.0
1804 240.0
1805 251.0
1806 32.0
1807 339.0
1808 204.0
1809 163.0
1810 145.0
1811 203.0
1812 251.0
1813 252.0
1814 251.0
1815 176.0
1816 203.0
1817 203.0
1818 203.0
1819 203.0
1820 93.0
1821 31.0
1822 203.0
1823 203.0
1824 203.0
1825 203.0
1826 203.0
1827 202.0
1828 203.0
1829 203.0
1830 436.0
1831 182.0
1832 197.0
1833 203.0
1834 203.0
1835 103.0
1836 487.0
1837 203.0
1838 252.0
1839 251.0
1840 221.0
1841 204.0
1842 204.0
1843 204.0
1844 203.0
1845 203.0
1846 251.0
1847 0.0
1848 194.0
1849 203.0
1850 203.0
1851 203.0
1852 198.0
1853 251.0
1854 251.0
1855 252.0
1856 204.0
1857 32.0
1858 363.0
1859 203.0
1860 204.0
1861 120.0
1862 203.0
1863 203.0
1864 252.0
1865 203.0
1866 203.0
1867 176.0
1868 487.0
1869 229.0
1870 218.0
1871 202.0
1872 31.0
1873 203.0
1874 203.0
1875 203.0
1876 70.0
1877 203.0
1878 251.0
1879 146.0
1880 37.0
1881 436.0
1882 203.0
1883 203.0
1884 203.0
1885 61.0
1886 203.0
1887 369.0
1888 180.0
1889 209.0
1890 203.0
1891 221.0
1892 204.0
1893 204.0
1894 188.0
1895 204.0
1896 203.0
1897 203.0
1898 203.0
1899 194.0
1900 61.0
1901 204.0
1902 203.0
1903 72.0
1904 251.0
1905 204.0
1906 251.0
1907 251.0
1908 102.0
1909 363.0
1910 203.0
1911 203.0
1912 165.0
1913 203.0
1914 204.0
1915 252.0
1916 252.0
1917 225.0
1918 203.0
1919 419.0
1920 203.0
1921 202.0
1922 251.0
1923 34.0
1924 203.0
1925 203.0
1926 252.0
1927 99.0
1928 201.0
1929 202.0
1930 203.0
1931 203.0
1932 436.0
1933 203.0
1934 0.0
1935 203.0
1936 203.0
1937 3.0
1938 487.0
1939 103.0
1940 204.0
1941 204.0
1942 203.0
1943 204.0
1944 222.0
1945 1.0
1946 204.0
1947 203.0
1948 203.0
1949 165.0
1950 252.0
1951 251.0
1952 251.0
1953 203.0
1954 198.0
1955 251.0
1956 251.0
1957 251.0
1958 252.0
1959 204.0
1960 135.0
1961 0.0
1962 203.0
1963 141.0
1964 203.0
1965 252.0
1966 252.0
1967 251.0
1968 203.0
1969 143.0
1970 203.0
1971 204.0
1972 202.0
1973 203.0
1974 3.0
1975 203.0
1976 251.0
1977 203.0
1978 111.0
1979 224.0
1980 150.0
1981 203.0
1982 203.0
1983 436.0
1984 251.0
1985 203.0
1986 203.0
1987 84.0
1988 203.0
1989 487.0
1990 204.0
1991 203.0
1992 103.0
1993 221.0
1994 203.0
1995 222.0
1996 233.0
1997 203.0
1998 203.0
1999 251.0
2000 0.0
2001 200.0
2002 251.0
2003 203.0
2004 203.0
2005 196.0
2006 251.0
2007 203.0
2008 240.0
2009 240.0
2010 32.0
2011 176.0
2012 0.0
2013 147.0
2014 202.0
2015 203.0
2016 203.0
2017 252.0
2018 203.0
2019 204.0
2020 251.0
2021 419.0
2022 220.0
2023 251.0
2024 204.0
2025 493.0
2026 251.0
2027 191.0
2028 252.0
2029 85.0
2030 251.0
2031 171.0
2032 203.0
2033 203.0
2034 436.0
2035 203.0
2036 152.0
2037 203.0
2038 203.0
2039 226.0
2040 493.0
2041 180.0
2042 252.0
2043 203.0
2044 307.0
2045 203.0
2046 204.0
2047 204.0
2048 203.0
2049 203.0
2050 251.0
2051 204.0
2052 194.0
2053 0.0
2054 251.0
2055 203.0
2056 203.0
2057 251.0
2058 203.0
2059 252.0
2060 252.0
2061 204.0
2062 189.0
2063 203.0
2064 204.0
2065 138.0
2066 203.0
2067 252.0
2068 252.0
2069 251.0
2070 76.0
2071 203.0
2072 337.0
2073 203.0
2074 203.0
2075 203.0
2076 4.0
2077 0.0
2078 251.0
2079 203.0
2080 77.0
2081 161.0
2082 169.0
2083 203.0
2084 274.0
2085 436.0
2086 251.0
2087 197.0
2088 203.0
2089 76.0
2090 3.0
2091 493.0
2092 185.0
2093 218.0
2094 204.0
2095 203.0
2096 203.0
2097 222.0
2098 203.0
2099 203.0
2100 203.0
2101 203.0
2102 203.0
2103 252.0
2104 203.0
2105 251.0
2106 203.0
2107 203.0
2108 251.0
2109 252.0
2110 251.0
2111 251.0
2112 236.0
2113 66.0
2114 203.0
2115 203.0
2116 203.0
2117 251.0
2118 252.0
2119 252.0
2120 251.0
2121 174.0
2122 203.0
2123 487.0
2124 203.0
2125 35.0
2126 201.0
2127 17.0
2128 0.0
2129 203.0
2130 203.0
2131 108.0
2132 203.0
2133 74.0
2134 0.0
2135 319.0
2136 436.0
2137 251.0
2138 203.0
2139 203.0
2140 74.0
2141 203.0
2142 493.0
2143 203.0
2144 204.0
2145 203.0
2146 203.0
2147 38.0
2148 222.0
2149 203.0
2150 220.0
2151 203.0
2152 204.0
2153 203.0
2154 252.0
2155 203.0
2156 203.0
2157 169.0
2158 228.0
2159 251.0
2160 203.0
2161 251.0
2162 252.0
2163 32.0
2164 86.0
2165 0.0
2166 150.0
2167 251.0
2168 203.0
2169 251.0
2170 252.0
2171 93.0
2172 182.0
2173 383.0
2174 203.0
2175 203.0
2176 203.0
2177 203.0
2178 221.0
2179 71.0
2180 203.0
2181 203.0
2182 96.0
2183 224.0
2184 74.0
2185 203.0
2186 203.0
2187 436.0
2188 203.0
2189 203.0
2190 203.0
2191 203.0
2192 203.0
2193 493.0
2194 234.0
2195 204.0
2196 203.0
2197 307.0
2198 15.0
2199 222.0
2200 196.0
2201 204.0
2202 203.0
2203 0.0
2204 0.0
2205 194.0
2206 251.0
2207 204.0
2208 144.0
2209 94.0
2210 214.0
2211 98.0
2212 252.0
2213 252.0
2214 32.0
2215 209.0
2216 0.0
2217 140.0
2218 203.0
2219 203.0
2220 203.0
2221 252.0
2222 201.0
2223 251.0
2224 150.0
2225 419.0
2226 203.0
2227 251.0
2228 204.0
2229 3.0
2230 246.0
2231 251.0
2232 252.0
2233 110.0
2234 224.0
2235 203.0
2236 319.0
2237 496.0
2238 436.0
2239 202.0
2240 203.0
2241 203.0
2242 105.0
2243 3.0
2244 496.0
2245 251.0
2246 185.0
2247 106.0
2248 203.0
2249 204.0
2250 204.0
2251 203.0
2252 202.0
2253 203.0
2254 203.0
2255 203.0
2256 252.0
2257 203.0
2258 203.0
2259 203.0
2260 203.0
2261 203.0
2262 204.0
2263 252.0
2264 251.0
2265 204.0
2266 32.0
2267 203.0
2268 201.0
2269 251.0
2270 204.0
2271 203.0
2272 252.0
2273 173.0
2274 97.0
2275 203.0
2276 419.0
2277 203.0
2278 203.0
2279 203.0
2280 140.0
2281 0.0
2282 191.0
2283 252.0
2284 203.0
2285 161.0
2286 203.0
2287 203.0
2288 0.0
2289 368.0
2290 251.0
2291 251.0
2292 203.0
2293 203.0
2294 3.0
2295 496.0
2296 203.0
2297 218.0
2298 106.0
2299 203.0
2300 34.0
2301 307.0
2302 203.0
2303 204.0
2304 203.0
2305 203.0
2306 203.0
2307 252.0
2308 251.0
2309 251.0
2310 203.0
2311 228.0
2312 252.0
2313 251.0
2314 252.0
2315 252.0
2316 204.0
2317 32.0
2318 203.0
2319 203.0
2320 203.0
2321 252.0
2322 252.0
2323 252.0
2324 251.0
2325 203.0
2326 225.0
2327 203.0
2328 203.0
2329 316.0
2330 251.0
2331 4.0
2332 204.0
2333 203.0
2334 252.0
2335 96.0
2336 161.0
2337 203.0
2338 203.0
2339 319.0
2340 0.0
2341 203.0
2342 196.0
2343 203.0
2344 203.0
2345 81.0
2346 496.0
2347 220.0
2348 203.0
2349 187.0
2350 419.0
2351 37.0
2352 222.0
2353 203.0
2354 187.0
2355 203.0
2356 0.0
2357 0.0
2358 252.0
2359 251.0
2360 203.0
2361 203.0
2362 170.0
2363 204.0
2364 203.0
2365 252.0
2366 252.0
2367 32.0
2368 171.0
2369 203.0
2370 252.0
2371 252.0
2372 203.0
2373 203.0
2374 252.0
2375 251.0
2376 203.0
2377 203.0
2378 203.0
2379 204.0
2380 251.0
2381 57.0
2382 0.0
2383 203.0
2384 114.0
2385 203.0
2386 203.0
2387 224.0
2388 203.0
2389 0.0
2390 368.0
2391 436.0
2392 203.0
2393 251.0
2394 203.0
2395 203.0
2396 204.0
2397 496.0
2398 234.0
2399 205.0
2400 251.0
2401 203.0
2402 203.0
2403 204.0
2404 203.0
2405 203.0
2406 203.0
2407 203.0
2408 169.0
2409 183.0
2410 0.0
2411 251.0
2412 203.0
2413 30.0
2414 204.0
2415 203.0
2416 252.0
2417 252.0
2418 32.0
2419 39.0
2420 203.0
2421 251.0
2422 204.0
2423 203.0
2424 204.0
2425 252.0
2426 102.0
2427 203.0
2428 203.0
2429 487.0
2430 203.0
2431 203.0
2432 202.0
2433 0.0
2434 203.0
2435 203.0
2436 203.0
2437 85.0
2438 203.0
2439 203.0
2440 213.0
2441 198.0
2442 202.0
2443 251.0
2444 196.0
2445 203.0
2446 203.0
2447 3.0
2448 496.0
2449 209.0
2450 218.0
2451 203.0
2452 203.0
2453 203.0
2454 307.0
2455 204.0
2456 204.0
2457 251.0
2458 203.0
2459 203.0
2460 200.0
2461 251.0
2462 251.0
2463 203.0
2464 203.0
2465 98.0
2466 203.0
2467 252.0
2468 251.0
2469 203.0
2470 39.0
2471 203.0
2472 203.0
2473 203.0
2474 204.0
2475 204.0
2476 252.0
2477 251.0
2478 184.0
2479 203.0
2480 419.0
2481 132.0
2482 202.0
2483 218.0
2484 203.0
2485 25.0
2486 36.0
2487 231.0
2488 203.0
2489 251.0
2490 203.0
2491 203.0
2492 368.0
2493 203.0
2494 203.0
2495 203.0
2496 203.0
2497 32.0
2498 3.0
2499 496.0
2500 148.0
2501 204.0
2502 203.0
2503 203.0
2504 25.0
2505 222.0
2506 3.0
2507 204.0
2508 203.0
2509 251.0
2510 204.0
2511 252.0
2512 251.0
2513 203.0
2514 203.0
2515 203.0
2516 251.0
2517 251.0
2518 252.0
2519 252.0
2520 157.0
2521 209.0
2522 203.0
2523 251.0
2524 203.0
2525 203.0
2526 203.0
2527 252.0
2528 251.0
2529 0.0
2530 204.0
2531 487.0
2532 203.0
2533 198.0
2534 198.0
2535 203.0
2536 25.0
2537 294.0
2538 231.0
2539 203.0
2540 161.0
2541 128.0
2542 0.0
2543 196.0
2544 192.0
2545 251.0
2546 203.0
2547 203.0
2548 203.0
2549 204.0
2550 496.0
2551 203.0
2552 218.0
2553 187.0
2554 419.0
2555 203.0
2556 307.0
2557 1.0
2558 251.0
2559 203.0
2560 204.0
2561 0.0
2562 200.0
2563 0.0
2564 203.0
2565 203.0
2566 43.0
2567 251.0
2568 251.0
2569 252.0
2570 252.0
2571 32.0
2572 73.0
2573 203.0
2574 203.0
2575 203.0
2576 203.0
2577 203.0
2578 252.0
2579 251.0
2580 203.0
2581 203.0
2582 487.0
2583 204.0
2584 204.0
2585 203.0
2586 140.0
2587 95.0
2588 203.0
2589 104.0
2590 88.0
2591 203.0
2592 176.0
2593 199.0
2594 198.0
2595 203.0
2596 251.0
2597 279.0
2598 203.0
2599 65.0
2600 36.0
2601 496.0
2602 203.0
2603 218.0
2604 204.0
2605 203.0
2606 203.0
2607 307.0
2608 204.0
2609 251.0
2610 203.0
2611 203.0
2612 251.0
2613 252.0
2614 203.0
2615 251.0
2616 169.0
2617 203.0
2618 204.0
2619 203.0
2620 252.0
2621 252.0
2622 204.0
2623 166.0
2624 0.0
2625 251.0
2626 203.0
2627 203.0
2628 204.0
2629 252.0
2630 106.0
2631 203.0
2632 203.0
2633 487.0
2634 132.0
2635 13.0
2636 203.0
2637 203.0
2638 203.0
2639 32.0
2640 251.0
2641 99.0
2642 251.0
2643 183.0
2644 203.0
2645 265.0
2646 203.0
2647 203.0
2648 203.0
2649 203.0
2650 66.0
2651 204.0
2652 496.0
2653 202.0
2654 252.0
2655 204.0
2656 419.0
2657 25.0
2658 222.0
2659 4.0
2660 251.0
2661 203.0
2662 203.0
2663 251.0
2664 252.0
2665 203.0
2666 251.0
2667 203.0
2668 153.0
2669 251.0
2670 203.0
2671 252.0
2672 252.0
2673 203.0
2674 0.0
2675 203.0
2676 252.0
2677 202.0
2678 203.0
2679 203.0
2680 252.0
2681 252.0
2682 180.0
2683 225.0
2684 487.0
2685 132.0
2686 203.0
2687 251.0
2688 212.0
2689 93.0
2690 112.0
2691 252.0
2692 203.0
2693 251.0
2694 94.0
2695 203.0
2696 202.0
2697 203.0
2698 203.0
2699 219.0
2700 203.0
2701 203.0
2702 123.0
2703 496.0
2704 203.0
2705 218.0
2706 175.0
2707 419.0
2708 204.0
2709 307.0
2710 110.0
2711 175.0
2712 203.0
2713 204.0
2714 204.0
2715 252.0
2716 0.0
2717 203.0
2718 203.0
2719 5.0
2720 251.0
2721 251.0
2722 252.0
2723 252.0
2724 32.0
2725 19.0
2726 203.0
2727 251.0
2728 203.0
2729 203.0
2730 203.0
2731 252.0
2732 251.0
2733 0.0
2734 203.0
2735 339.0
2736 169.0
2737 204.0
2738 229.0
2739 0.0
2740 39.0
2741 203.0
2742 104.0
2743 88.0
2744 251.0
2745 202.0
2746 184.0
2747 202.0
2748 201.0
2749 203.0
2750 289.0
2751 203.0
2752 203.0
2753 203.0
2754 496.0
2755 118.0
2756 205.0
2757 251.0
2758 419.0
2759 203.0
2760 204.0
2761 203.0
2762 251.0
2763 203.0
2764 251.0
2765 203.0
2766 252.0
2767 203.0
2768 204.0
2769 203.0
2770 201.0
2771 203.0
2772 251.0
2773 252.0
2774 252.0
2775 32.0
2776 72.0
2777 0.0
2778 203.0
2779 203.0
2780 203.0
2781 203.0
2782 252.0
2783 251.0
2784 100.0
2785 225.0
2786 487.0
2787 203.0
2788 204.0
2789 203.0
2790 237.0
2791 79.0
2792 203.0
2793 203.0
2794 85.0
2795 202.0
2796 203.0
2797 203.0
2798 414.0
2799 431.0
2800 229.0
2801 251.0
2802 203.0
2803 93.0
2804 204.0
2805 496.0
2806 150.0
2807 218.0
2808 419.0
2809 203.0
2810 25.0
2811 307.0
2812 203.0
2813 175.0
2814 203.0
2815 203.0
2816 251.0
2817 252.0
2818 203.0
2819 251.0
2820 203.0
2821 20.0
2822 203.0
2823 232.0
2824 252.0
2825 252.0
2826 32.0
2827 171.0
2828 204.0
2829 203.0
2830 252.0
2831 204.0
2832 203.0
2833 252.0
2834 203.0
2835 157.0
2836 383.0
2837 487.0
2838 132.0
2839 170.0
2840 203.0
2841 212.0
2842 0.0
2843 0.0
2844 203.0
2845 96.0
2846 251.0
2847 203.0
2848 203.0
2849 414.0
2850 203.0
2851 203.0
2852 251.0
2853 203.0
2854 37.0
2855 3.0
2856 496.0
2857 110.0
2858 204.0
2859 204.0
2860 307.0
2861 38.0
2862 307.0
2863 251.0
2864 251.0
2865 203.0
2866 251.0
2867 252.0
2868 252.0
2869 0.0
2870 203.0
2871 203.0
2872 203.0
2873 203.0
2874 203.0
2875 252.0
2876 251.0
2877 203.0
2878 32.0
2879 203.0
2880 251.0
2881 203.0
2882 204.0
2883 203.0
2884 252.0
2885 251.0
2886 203.0
2887 438.0
2888 487.0
2889 203.0
2890 204.0
2891 56.0
2892 204.0
2893 0.0
2894 0.0
2895 77.0
2896 204.0
2897 251.0
2898 203.0
2899 203.0
2900 414.0
2901 203.0
2902 203.0
2903 279.0
2904 203.0
2905 111.0
2906 204.0
2907 496.0
2908 258.0
2909 204.0
2910 203.0
2911 203.0
2912 204.0
2913 307.0
2914 203.0
2915 252.0
2916 203.0
2917 204.0
2918 252.0
2919 252.0
2920 0.0
2921 251.0
2922 203.0
2923 203.0
2924 203.0
2925 204.0
2926 252.0
2927 252.0
2928 203.0
2929 32.0
2930 203.0
2931 203.0
2932 204.0
2933 203.0
2934 204.0
2935 252.0
2936 251.0
2937 251.0
2938 203.0
2939 487.0
2940 145.0
2941 204.0
2942 178.0
2943 0.0
2944 203.0
2945 180.0
2946 251.0
2947 110.0
2948 251.0
2949 203.0
2950 176.0
2951 202.0
2952 436.0
2953 203.0
2954 255.0
2955 203.0
2956 181.0
2957 203.0
2958 496.0
2959 248.0
2960 203.0
2961 203.0
2962 203.0
2963 203.0
2964 307.0
2965 203.0
2966 251.0
2967 203.0
2968 203.0
2969 251.0
2970 252.0
2971 203.0
2972 204.0
2973 203.0
2974 43.0
2975 251.0
2976 203.0
2977 252.0
2978 251.0
2979 71.0
2980 39.0
2981 204.0
2982 203.0
2983 203.0
2984 203.0
2985 251.0
2986 252.0
2987 203.0
2988 20.0
2989 203.0
2990 487.0
2991 203.0
2992 420.0
2993 203.0
2994 212.0
2995 203.0
2996 32.0
2997 203.0
2998 99.0
2999 251.0
3000 203.0
3001 251.0
3002 202.0
3003 203.0
3004 203.0
3005 279.0
3006 203.0
3007 203.0
3008 204.0
3009 496.0
3010 204.0
3011 394.0
3012 204.0
3013 419.0
3014 25.0
3015 307.0
3016 204.0
3017 251.0
3018 251.0
3019 202.0
3020 251.0
3021 252.0
3022 251.0
3023 203.0
3024 203.0
3025 203.0
3026 204.0
3027 203.0
3028 252.0
3029 252.0
3030 32.0
3031 224.0
3032 204.0
3033 252.0
3034 111.0
3035 203.0
3036 203.0
3037 252.0
3038 203.0
3039 117.0
3040 339.0
3041 487.0
3042 204.0
3043 193.0
3044 204.0
3045 240.0
3046 0.0
3047 0.0
3048 203.0
3049 96.0
3050 251.0
3051 176.0
3052 203.0
3053 421.0
3054 203.0
3055 202.0
3056 207.0
3057 203.0
3058 204.0
3059 0.0
3060 496.0
3061 203.0
3062 204.0
3063 203.0
3064 203.0
3065 203.0
3066 307.0
3067 204.0
3068 251.0
3069 203.0
3070 203.0
3071 252.0
3072 252.0
3073 0.0
3074 203.0
3075 203.0
3076 0.0
3077 204.0
3078 251.0
3079 252.0
3080 252.0
3081 203.0
3082 32.0
3083 203.0
3084 251.0
3085 204.0
3086 203.0
3087 203.0
3088 252.0
3089 252.0
3090 251.0
3091 487.0
3092 369.0
3093 203.0
3094 220.0
3095 204.0
3096 0.0
3097 93.0
3098 203.0
3099 32.0
3100 110.0
3101 251.0
3102 203.0
3103 203.0
3104 414.0
3105 178.0
3106 196.0
3107 203.0
3108 203.0
3109 252.0
3110 203.0
3111 496.0
3112 251.0
3113 252.0
3114 169.0
3115 203.0
3116 203.0
3117 307.0
3118 1.0
3119 252.0
3120 251.0
3121 203.0
3122 252.0
3123 252.0
3124 0.0
3125 251.0
3126 203.0
3127 203.0
3128 23.0
3129 251.0
3130 252.0
3131 252.0
3132 204.0
3133 86.0
3134 204.0
3135 252.0
3136 204.0
3137 203.0
3138 203.0
3139 252.0
3140 252.0
3141 199.0
3142 203.0
3143 487.0
3144 203.0
3145 204.0
3146 203.0
3147 140.0
3148 251.0
3149 180.0
3150 252.0
3151 88.0
3152 251.0
3153 203.0
3154 203.0
3155 198.0
3156 203.0
3157 203.0
3158 251.0
3159 203.0
3160 203.0
3161 204.0
3162 496.0
3163 147.0
3164 204.0
3165 203.0
3166 419.0
3167 203.0
3168 307.0
3169 203.0
3170 251.0
3171 0.0
3172 0.0
3173 251.0
3174 252.0
3175 251.0
3176 169.0
3177 203.0
3178 0.0
3179 251.0
3180 203.0
3181 252.0
3182 251.0
3183 32.0
3184 209.0
3185 204.0
3186 251.0
3187 252.0
3188 251.0
3189 203.0
3190 252.0
3191 251.0
3192 203.0
3193 203.0
3194 369.0
3195 203.0
3196 193.0
3197 203.0
3198 251.0
3199 203.0
3200 32.0
3201 185.0
3202 108.0
3203 251.0
3204 197.0
3205 203.0
3206 319.0
3207 203.0
3208 199.0
3209 188.0
3210 203.0
3211 42.0
3212 204.0
3213 496.0
3214 203.0
3215 204.0
3216 203.0
3217 419.0
3218 0.0
3219 307.0
3220 203.0
3221 251.0
3222 0.0
3223 0.0
3224 251.0
3225 252.0
3226 251.0
3227 169.0
3228 203.0
3229 38.0
3230 204.0
3231 204.0
3232 252.0
3233 251.0
3234 204.0
3235 135.0
3236 203.0
3237 251.0
3238 204.0
3239 203.0
3240 203.0
3241 252.0
3242 203.0
3243 203.0
3244 438.0
3245 487.0
3246 203.0
3247 193.0
3248 204.0
3249 204.0
3250 0.0
3251 39.0
3252 12.0
3253 94.0
3254 251.0
3255 176.0
3256 203.0
3257 534.0
3258 203.0
3259 186.0
3260 251.0
3261 203.0
3262 192.0
3263 203.0
3264 534.0
3265 252.0
3266 204.0
3267 204.0
3268 203.0
3269 38.0
3270 307.0
3271 225.0
3272 252.0
3273 203.0
3274 203.0
3275 252.0
3276 252.0
3277 203.0
3278 251.0
3279 203.0
3280 30.0
3281 204.0
3282 251.0
3283 252.0
3284 251.0
3285 204.0
3286 32.0
3287 203.0
3288 251.0
3289 204.0
3290 252.0
3291 185.0
3292 252.0
3293 251.0
3294 251.0
3295 487.0
3296 487.0
3297 132.0
3298 179.0
3299 208.0
3300 0.0
3301 203.0
3302 203.0
3303 68.0
3304 203.0
3305 251.0
3306 203.0
3307 169.0
3308 191.0
3309 431.0
3310 203.0
3311 285.0
3312 203.0
3313 216.0
3314 345.0
3315 534.0
3316 252.0
3317 455.0
3318 203.0
3319 419.0
3320 203.0
3321 307.0
3322 105.0
3323 251.0
3324 251.0
3325 203.0
3326 252.0
3327 252.0
3328 0.0
3329 251.0
3330 203.0
3331 203.0
3332 203.0
3333 204.0
3334 252.0
3335 251.0
3336 32.0
3337 149.0
3338 204.0
3339 251.0
3340 204.0
3341 203.0
3342 203.0
3343 252.0
3344 251.0
3345 203.0
3346 334.0
3347 487.0
3348 204.0
3349 30.0
3350 236.0
3351 220.0
3352 231.0
3353 203.0
3354 203.0
3355 108.0
3356 251.0
3357 203.0
3358 203.0
3359 414.0
3360 203.0
3361 436.0
3362 203.0
3363 203.0
3364 203.0
3365 228.0
3366 534.0
3367 203.0
3368 203.0
3369 252.0
3370 203.0
3371 204.0
3372 307.0
3373 204.0
3374 251.0
3375 138.0
3376 0.0
3377 183.0
3378 252.0
3379 251.0
3380 251.0
3381 251.0
3382 5.0
3383 251.0
3384 204.0
3385 252.0
3386 251.0
3387 32.0
3388 171.0
3389 204.0
3390 251.0
3391 48.0
3392 203.0
3393 203.0
3394 252.0
3395 252.0
3396 0.0
3397 487.0
3398 487.0
3399 197.0
3400 199.0
3401 203.0
3402 208.0
3403 203.0
3404 0.0
3405 203.0
3406 203.0
3407 251.0
3408 203.0
3409 196.0
3410 414.0
3411 203.0
3412 203.0
3413 203.0
3414 203.0
3415 251.0
3416 111.0
3417 534.0
3418 204.0
3419 204.0
3420 204.0
3421 203.0
3422 21.0
3423 307.0
3424 204.0
3425 251.0
3426 251.0
3427 0.0
3428 252.0
3429 252.0
3430 251.0
3431 251.0
3432 203.0
3433 203.0
3434 203.0
3435 23.0
3436 252.0
3437 240.0
3438 203.0
3439 32.0
3440 0.0
3441 251.0
3442 203.0
3443 203.0
3444 203.0
3445 252.0
3446 70.0
3447 203.0
3448 487.0
3449 487.0
3450 203.0
3451 198.0
3452 208.0
3453 0.0
3454 93.0
3455 117.0
3456 251.0
3457 110.0
3458 251.0
3459 203.0
3460 319.0
3461 199.0
3462 203.0
3463 203.0
3464 203.0
3465 188.0
3466 250.0
3467 494.0
3468 534.0
3469 69.0
3470 204.0
3471 203.0
3472 307.0
3473 0.0
3474 307.0
3475 203.0
3476 252.0
3477 203.0
3478 203.0
3479 252.0
3480 252.0
3481 0.0
3482 251.0
3483 203.0
3484 203.0
3485 204.0
3486 23.0
3487 252.0
3488 251.0
3489 203.0
3490 32.0
3491 203.0
3492 251.0
3493 252.0
3494 169.0
3495 203.0
3496 252.0
3497 203.0
3498 203.0
3499 203.0
3500 487.0
3501 147.0
3502 40.0
3503 251.0
3504 204.0
3505 99.0
3506 0.0
3507 32.0
3508 96.0
3509 251.0
3510 203.0
3511 26.0
3512 202.0
3513 534.0
3514 251.0
3515 251.0
3516 191.0
3517 251.0
3518 203.0
3519 534.0
3520 203.0
3521 251.0
3522 203.0
3523 203.0
3524 32.0
3525 307.0
3526 203.0
3527 252.0
3528 203.0
3529 204.0
3530 252.0
3531 200.0
3532 204.0
3533 251.0
3534 203.0
3535 33.0
3536 25.0
3537 98.0
3538 252.0
3539 251.0
3540 32.0
3541 74.0
3542 0.0
3543 251.0
3544 203.0
3545 203.0
3546 204.0
3547 252.0
3548 251.0
3549 0.0
3550 487.0
3551 487.0
3552 203.0
3553 174.0
3554 203.0
3555 28.0
3556 203.0
3557 0.0
3558 32.0
3559 108.0
3560 251.0
3561 203.0
3562 391.0
3563 368.0
3564 203.0
3565 203.0
3566 251.0
3567 203.0
3568 98.0
3569 203.0
3570 534.0
3571 87.0
3572 252.0
3573 203.0
3574 203.0
3575 24.0
3576 307.0
3577 1.0
3578 252.0
3579 204.0
3580 0.0
3581 251.0
3582 200.0
3583 203.0
3584 251.0
3585 116.0
3586 90.0
3587 252.0
3588 251.0
3589 252.0
3590 128.0
3591 71.0
3592 0.0
3593 204.0
3594 251.0
3595 203.0
3596 203.0
3597 203.0
3598 252.0
3599 252.0
3600 203.0
3601 487.0
3602 487.0
3603 132.0
3604 30.0
3605 204.0
3606 203.0
3607 196.0
3608 32.0
3609 203.0
3610 203.0
3611 251.0
3612 203.0
3613 203.0
3614 0.0
3615 203.0
3616 203.0
3617 203.0
3618 175.0
3619 251.0
3620 202.0
3621 534.0
3622 203.0
3623 203.0
3624 204.0
3625 419.0
3626 36.0
3627 307.0
3628 4.0
3629 251.0
3630 204.0
3631 0.0
3632 252.0
3633 252.0
3634 61.0
3635 251.0
3636 203.0
3637 203.0
3638 204.0
3639 23.0
3640 252.0
3641 204.0
3642 165.0
3643 135.0
3644 204.0
3645 251.0
3646 251.0
3647 203.0
3648 203.0
3649 252.0
3650 252.0
3651 251.0
3652 203.0
3653 487.0
3654 203.0
3655 30.0
3656 220.0
3657 208.0
3658 203.0
3659 203.0
3660 203.0
3661 106.0
3662 251.0
3663 203.0
3664 169.0
3665 203.0
3666 203.0
3667 229.0
3668 203.0
3669 268.0
3670 252.0
3671 202.0
3672 534.0
3673 203.0
3674 204.0
3675 169.0
3676 307.0
3677 47.0
3678 307.0
3679 204.0
3680 251.0
3681 203.0
3682 204.0
3683 252.0
3684 252.0
3685 203.0
3686 251.0
3687 203.0
3688 251.0
3689 246.0
3690 98.0
3691 252.0
3692 204.0
3693 375.0
3694 136.0
3695 203.0
3696 251.0
3697 252.0
3698 203.0
3699 203.0
3700 252.0
3701 251.0
3702 203.0
3703 203.0
3704 369.0
3705 180.0
3706 202.0
3707 208.0
3708 208.0
3709 251.0
3710 0.0
3711 203.0
3712 107.0
3713 251.0
3714 203.0
3715 363.0
3716 319.0
3717 399.0
3718 203.0
3719 203.0
3720 203.0
3721 203.0
3722 202.0
3723 534.0
3724 203.0
3725 203.0
3726 204.0
3727 203.0
3728 204.0
3729 307.0
3730 255.0
3731 251.0
3732 251.0
3733 203.0
3734 252.0
3735 200.0
3736 251.0
3737 251.0
3738 203.0
3739 90.0
3740 30.0
3741 98.0
3742 252.0
3743 128.0
3744 71.0
3745 104.0
3746 0.0
3747 203.0
3748 203.0
3749 203.0
3750 252.0
3751 252.0
3752 203.0
3753 203.0
3754 413.0
3755 487.0
3756 132.0
3757 189.0
3758 203.0
3759 203.0
3760 203.0
3761 0.0
3762 0.0
3763 108.0
3764 251.0
3765 203.0
3766 203.0
3767 319.0
3768 203.0
3769 203.0
3770 203.0
3771 203.0
3772 252.0
3773 202.0
3774 534.0
3775 204.0
3776 203.0
3777 204.0
3778 203.0
3779 82.0
3780 307.0
3781 204.0
3782 251.0
3783 252.0
3784 0.0
3785 0.0
3786 200.0
3787 0.0
3788 251.0
3789 203.0
3790 203.0
3791 204.0
3792 25.0
3793 252.0
3794 82.0
3795 67.0
3796 0.0
3797 204.0
3798 203.0
3799 203.0
3800 186.0
3801 204.0
3802 252.0
3803 251.0
3804 156.0
3805 203.0
3806 487.0
3807 180.0
3808 189.0
3809 213.0
3810 503.0
3811 21.0
3812 180.0
3813 203.0
3814 106.0
3815 251.0
3816 203.0
3817 203.0
3818 203.0
3819 203.0
3820 203.0
3821 204.0
3822 203.0
3823 220.0
3824 202.0
3825 534.0
3826 204.0
3827 203.0
3828 203.0
3829 419.0
3830 0.0
3831 307.0
3832 204.0
3833 204.0
3834 252.0
3835 251.0
3836 203.0
3837 252.0
3838 0.0
3839 251.0
3840 122.0
3841 203.0
3842 251.0
3843 232.0
3844 252.0
3845 1.0
3846 203.0
3847 104.0
3848 0.0
3849 251.0
3850 219.0
3851 252.0
3852 251.0
3853 252.0
3854 251.0
3855 251.0
3856 203.0
3857 487.0
3858 132.0
3859 202.0
3860 195.0
3861 249.0
3862 203.0
3863 0.0
3864 203.0
3865 108.0
3866 251.0
3867 203.0
3868 203.0
3869 414.0
3870 436.0
3871 203.0
3872 203.0
3873 202.0
3874 252.0
3875 202.0
3876 534.0
3877 203.0
3878 204.0
3879 203.0
3880 419.0
3881 42.0
3882 307.0
3883 307.0
3884 251.0
3885 251.0
3886 0.0
3887 0.0
3888 252.0
3889 203.0
3890 251.0
3891 169.0
3892 214.0
3893 14.0
3894 251.0
3895 252.0
3896 145.0
3897 203.0
3898 149.0
3899 203.0
3900 251.0
3901 204.0
3902 204.0
3903 203.0
3904 252.0
3905 203.0
3906 203.0
3907 487.0
3908 487.0
3909 203.0
3910 229.0
3911 242.0
3912 479.0
3913 203.0
3914 251.0
3915 39.0
3916 108.0
3917 251.0
3918 203.0
3919 399.0
3920 319.0
3921 203.0
3922 203.0
3923 203.0
3924 203.0
3925 252.0
3926 381.0
3927 534.0
3928 203.0
3929 203.0
3930 203.0
3931 203.0
3932 32.0
3933 307.0
3934 204.0
3935 251.0
3936 252.0
3937 203.0
3938 203.0
3939 200.0
3940 203.0
3941 169.0
3942 203.0
3943 203.0
3944 204.0
3945 252.0
3946 252.0
3947 227.0
3948 32.0
3949 32.0
3950 204.0
3951 251.0
3952 204.0
3953 203.0
3954 252.0
3955 252.0
3956 252.0
3957 277.0
3958 487.0
3959 369.0
3960 191.0
3961 531.0
3962 494.0
3963 220.0
3964 47.0
3965 181.0
3966 252.0
3967 106.0
3968 251.0
3969 203.0
3970 0.0
3971 203.0
3972 436.0
3973 203.0
3974 203.0
3975 197.0
3976 102.0
3977 1.0
3978 534.0
3979 204.0
3980 203.0
3981 204.0
3982 203.0
3983 27.0
3984 307.0
3985 204.0
3986 203.0
3987 252.0
3988 0.0
3989 203.0
3990 252.0
3991 0.0
3992 251.0
3993 203.0
3994 33.0
3995 38.0
3996 251.0
3997 252.0
3998 227.0
3999 203.0
4000 122.0
4001 203.0
4002 251.0
4003 203.0
4004 203.0
4005 252.0
4006 252.0
4007 204.0
4008 158.0
4009 487.0
4010 487.0
4011 39.0
4012 204.0
4013 35.0
4014 220.0
4015 203.0
4016 251.0
4017 185.0
4018 108.0
4019 251.0
4020 203.0
4021 203.0
4022 196.0
4023 251.0
4024 202.0
4025 203.0
4026 496.0
4027 252.0
4028 111.0
4029 534.0
4030 204.0
4031 204.0
4032 204.0
4033 419.0
4034 0.0
4035 307.0
4036 255.0
4037 252.0
4038 252.0
4039 0.0
4040 204.0
4041 252.0
4042 0.0
4043 251.0
4044 203.0
4045 203.0
4046 203.0
4047 251.0
4048 252.0
4049 203.0
4050 204.0
4051 169.0
4052 204.0
4053 251.0
4054 203.0
4055 203.0
4056 251.0
4057 252.0
4058 247.0
4059 251.0
4060 203.0
4061 487.0
4062 203.0
4063 204.0
4064 34.0
4065 545.0
4066 203.0
4067 0.0
4068 0.0
4069 108.0
4070 251.0
4071 203.0
4072 196.0
4073 555.0
4074 353.0
4075 203.0
4076 203.0
4077 203.0
4078 203.0
4079 98.0
4080 555.0
4081 203.0
4082 203.0
4083 554.0
4084 419.0
4085 203.0
4086 307.0
4087 255.0
4088 251.0
4089 251.0
4090 0.0
4091 203.0
4092 252.0
4093 203.0
4094 251.0
4095 203.0
4096 203.0
4097 203.0
4098 251.0
4099 252.0
4100 93.0
4101 32.0
4102 12.0
4103 204.0
4104 252.0
4105 93.0
4106 203.0
4107 252.0
4108 252.0
4109 252.0
4110 274.0
4111 487.0
4112 487.0
4113 129.0
4114 204.0
4115 251.0
4116 208.0
4117 251.0
4118 203.0
4119 203.0
4120 108.0
4121 251.0
4122 203.0
4123 24.0
4124 203.0
4125 203.0
4126 203.0
4127 202.0
4128 207.0
4129 203.0
4130 203.0
4131 555.0
4132 203.0
4133 203.0
4134 203.0
4135 203.0
4136 203.0
4137 307.0
4138 203.0
4139 252.0
4140 203.0
4141 61.0
4142 251.0
4143 252.0
4144 203.0
4145 251.0
4146 169.0
4147 203.0
4148 251.0
4149 252.0
4150 252.0
4151 55.0
4152 32.0
4153 74.0
4154 203.0
4155 252.0
4156 204.0
4157 204.0
4158 252.0
4159 252.0
4160 251.0
4161 162.0
4162 487.0
4163 487.0
4164 107.0
4165 204.0
4166 204.0
4167 249.0
4168 203.0
4169 109.0
4170 169.0
4171 110.0
4172 251.0
4173 203.0
4174 203.0
4175 368.0
4176 202.0
4177 203.0
4178 251.0
4179 251.0
4180 203.0
4181 204.0
4182 555.0
4183 204.0
4184 203.0
4185 204.0
4186 203.0
4187 36.0
4188 307.0
4189 255.0
4190 251.0
4191 251.0
4192 0.0
4193 30.0
4194 252.0
4195 203.0
4196 251.0
4197 251.0
4198 204.0
4199 203.0
4200 251.0
4201 252.0
4202 64.0
4203 203.0
4204 122.0
4205 204.0
4206 252.0
4207 204.0
4208 251.0
4209 252.0
4210 252.0
4211 251.0
4212 0.0
4213 203.0
4214 337.0
4215 199.0
4216 203.0
4217 175.0
4218 220.0
4219 203.0
4220 32.0
4221 0.0
4222 85.0
4223 251.0
4224 203.0
4225 0.0
4226 335.0
4227 251.0
4228 203.0
4229 203.0
4230 209.0
4231 203.0
4232 204.0
4233 555.0
4234 203.0
4235 204.0
4236 204.0
4237 251.0
4238 32.0
4239 307.0
4240 255.0
4241 252.0
4242 252.0
4243 0.0
4244 252.0
4245 252.0
4246 203.0
4247 251.0
4248 203.0
4249 203.0
4250 25.0
4251 252.0
4252 252.0
4253 203.0
4254 114.0
4255 86.0
4256 0.0
4257 252.0
4258 19.0
4259 427.0
4260 251.0
4261 252.0
4262 204.0
4263 203.0
4264 484.0
4265 487.0
4266 204.0
4267 204.0
4268 516.0
4269 220.0
4270 0.0
4271 251.0
4272 203.0
4273 64.0
4274 251.0
4275 203.0
4276 203.0
4277 203.0
4278 319.0
4279 203.0
4280 203.0
4281 203.0
4282 207.0
4283 202.0
4284 555.0
4285 203.0
4286 203.0
4287 203.0
4288 203.0
4289 36.0
4290 307.0
4291 203.0
4292 251.0
4293 203.0
4294 203.0
4295 252.0
4296 252.0
4297 203.0
4298 251.0
4299 149.0
4300 203.0
4301 204.0
4302 252.0
4303 252.0
4304 32.0
4305 32.0
4306 32.0
4307 203.0
4308 252.0
4309 251.0
4310 203.0
4311 186.0
4312 252.0
4313 203.0
4314 203.0
4315 487.0
4316 339.0
4317 186.0
4318 174.0
4319 251.0
4320 246.0
4321 203.0
4322 127.0
4323 0.0
4324 96.0
4325 251.0
4326 203.0
4327 184.0
4328 368.0
4329 203.0
4330 203.0
4331 203.0
4332 207.0
4333 203.0
4334 457.0
4335 555.0
4336 204.0
4337 204.0
4338 203.0
4339 203.0
4340 36.0
4341 307.0
4342 203.0
4343 252.0
4344 251.0
4345 0.0
4346 203.0
4347 252.0
4348 180.0
4349 251.0
4350 116.0
4351 32.0
4352 98.0
4353 251.0
4354 252.0
4355 12.0
4356 251.0
4357 32.0
4358 204.0
4359 252.0
4360 204.0
4361 251.0
4362 203.0
4363 252.0
4364 203.0
4365 111.0
4366 484.0
4367 419.0
4368 203.0
4369 204.0
4370 519.0
4371 234.0
4372 251.0
4373 109.0
4374 30.0
4375 203.0
4376 251.0
4377 203.0
4378 0.0
4379 496.0
4380 251.0
4381 203.0
4382 203.0
4383 203.0
4384 203.0
4385 3.0
4386 555.0
4387 204.0
4388 204.0
4389 204.0
4390 203.0
4391 32.0
4392 307.0
4393 203.0
4394 252.0
4395 251.0
4396 203.0
4397 204.0
4398 252.0
4399 0.0
4400 251.0
4401 251.0
4402 251.0
4403 203.0
4404 251.0
4405 252.0
4406 93.0
4407 223.0
4408 169.0
4409 204.0
4410 252.0
4411 204.0
4412 203.0
4413 252.0
4414 252.0
4415 147.0
4416 111.0
4417 487.0
4418 369.0
4419 39.0
4420 204.0
4421 203.0
4422 352.0
4423 203.0
4424 251.0
4425 169.0
4426 85.0
4427 251.0
4428 203.0
4429 198.0
4430 496.0
4431 251.0
4432 203.0
4433 203.0
4434 146.0
4435 231.0
4436 184.0
4437 555.0
4438 203.0
4439 203.0
4440 203.0
4441 382.0
4442 0.0
4443 307.0
4444 255.0
4445 252.0
4446 204.0
4447 203.0
4448 251.0
4449 252.0
4450 203.0
4451 251.0
4452 251.0
4453 204.0
4454 204.0
4455 252.0
4456 252.0
4457 9.0
4458 32.0
4459 104.0
4460 203.0
4461 252.0
4462 203.0
4463 203.0
4464 203.0
4465 252.0
4466 204.0
4467 251.0
4468 487.0
4469 487.0
4470 202.0
4471 189.0
4472 251.0
4473 220.0
4474 0.0
4475 251.0
4476 220.0
4477 0.0
4478 251.0
4479 203.0
4480 197.0
4481 203.0
4482 202.0
4483 203.0
4484 251.0
4485 176.0
4486 203.0
4487 204.0
4488 555.0
4489 204.0
4490 204.0
4491 252.0
4492 464.0
4493 82.0
4494 307.0
4495 203.0
4496 252.0
4497 165.0
4498 203.0
4499 0.0
4500 252.0
4501 203.0
4502 251.0
4503 176.0
4504 251.0
4505 7.0
4506 252.0
4507 252.0
4508 32.0
4509 32.0
4510 62.0
4511 0.0
4512 252.0
4513 203.0
4514 203.0
4515 203.0
4516 252.0
4517 203.0
4518 251.0
4519 203.0
4520 487.0
4521 119.0
4522 239.0
4523 452.0
4524 212.0
4525 203.0
4526 92.0
4527 0.0
4528 203.0
4529 251.0
4530 203.0
4531 203.0
4532 202.0
4533 203.0
4534 203.0
4535 203.0
4536 203.0
4537 203.0
4538 202.0
4539 555.0
4540 204.0
4541 420.0
4542 204.0
4543 425.0
4544 42.0
4545 307.0
4546 203.0
4547 252.0
4548 203.0
4549 0.0
4550 0.0
4551 252.0
4552 61.0
4553 251.0
4554 188.0
4555 203.0
4556 38.0
4557 251.0
4558 252.0
4559 93.0
4560 32.0
4561 32.0
4562 203.0
4563 252.0
4564 203.0
4565 235.0
4566 203.0
4567 252.0
4568 203.0
4569 0.0
4570 484.0
4571 487.0
4572 203.0
4573 174.0
4574 333.0
4575 240.0
4576 203.0
4577 114.0
4578 185.0
4579 203.0
4580 251.0
4581 203.0
4582 203.0
4583 203.0
4584 414.0
4585 203.0
4586 203.0
4587 251.0
4588 225.0
4589 203.0
4590 555.0
4591 203.0
4592 203.0
4593 204.0
4594 425.0
4595 203.0
4596 307.0
4597 204.0
4598 251.0
4599 203.0
4600 203.0
4601 204.0
4602 252.0
4603 203.0
4604 251.0
4605 203.0
4606 203.0
4607 187.0
4608 251.0
4609 252.0
4610 32.0
4611 83.0
4612 32.0
4613 203.0
4614 252.0
4615 204.0
4616 251.0
4617 203.0
4618 252.0
4619 203.0
4620 111.0
4621 487.0
4622 452.0
4623 38.0
4624 204.0
4625 251.0
4626 493.0
4627 0.0
4628 114.0
4629 92.0
4630 41.0
4631 251.0
4632 203.0
4633 203.0
4634 335.0
4635 203.0
4636 203.0
4637 314.0
4638 203.0
4639 203.0
4640 446.0
4641 555.0
4642 38.0
4643 203.0
4644 203.0
4645 425.0
4646 32.0
4647 307.0
4648 203.0
4649 252.0
4650 191.0
4651 252.0
4652 204.0
4653 252.0
4654 203.0
4655 251.0
4656 203.0
4657 203.0
4658 251.0
4659 251.0
4660 252.0
4661 93.0
4662 375.0
4663 135.0
4664 203.0
4665 251.0
4666 204.0
4667 203.0
4668 203.0
4669 252.0
4670 203.0
4671 251.0
4672 487.0
4673 487.0
4674 104.0
4675 198.0
4676 251.0
4677 508.0
4678 203.0
4679 251.0
4680 0.0
4681 66.0
4682 251.0
4683 203.0
4684 203.0
4685 368.0
4686 203.0
4687 203.0
4688 251.0
4689 203.0
4690 301.0
4691 202.0
4692 555.0
4693 204.0
4694 204.0
4695 203.0
4696 425.0
4697 41.0
4698 307.0
4699 203.0
4700 252.0
4701 252.0
4702 251.0
4703 465.0
4704 252.0
4705 252.0
4706 251.0
4707 158.0
4708 203.0
4709 32.0
4710 204.0
4711 252.0
4712 203.0
4713 17.0
4714 209.0
4715 203.0
4716 252.0
4717 167.0
4718 204.0
4719 203.0
4720 252.0
4721 203.0
4722 251.0
4723 487.0
4724 369.0
4725 204.0
4726 392.0
4727 204.0
4728 479.0
4729 203.0
4730 203.0
4731 251.0
4732 203.0
4733 251.0
4734 203.0
4735 203.0
4736 319.0
4737 268.0
4738 203.0
4739 274.0
4740 203.0
4741 209.0
4742 416.0
4743 555.0
4744 204.0
4745 204.0
4746 203.0
4747 464.0
4748 0.0
4749 307.0
4750 203.0
4751 251.0
4752 203.0
4753 204.0
4754 204.0
4755 463.0
4756 0.0
4757 251.0
4758 158.0
4759 251.0
4760 204.0
4761 252.0
4762 252.0
4763 42.0
4764 203.0
4765 19.0
4766 203.0
4767 252.0
4768 203.0
4769 203.0
4770 218.0
4771 252.0
4772 251.0
4773 251.0
4774 487.0
4775 452.0
4776 189.0
4777 174.0
4778 251.0
4779 503.0
4780 0.0
4781 203.0
4782 175.0
4783 203.0
4784 251.0
4785 203.0
4786 203.0
4787 319.0
4788 203.0
4789 203.0
4790 202.0
4791 150.0
4792 203.0
4793 204.0
4794 555.0
4795 204.0
4796 436.0
4797 423.0
4798 464.0
4799 204.0
4800 307.0
4801 203.0
4802 252.0
4803 203.0
4804 204.0
4805 338.0
4806 349.0
4807 104.0
4808 252.0
4809 149.0
4810 252.0
4811 187.0
4812 251.0
4813 252.0
4814 93.0
4815 61.0
4816 19.0
4817 203.0
4818 252.0
4819 157.0
4820 251.0
4821 203.0
4822 252.0
4823 203.0
4824 111.0
4825 337.0
4826 487.0
4827 171.0
4828 197.0
4829 252.0
4830 545.0
4831 53.0
4832 112.0
4833 18.0
4834 70.0
4835 251.0
4836 203.0
4837 203.0
4838 414.0
4839 203.0
4840 203.0
4841 203.0
4842 180.0
4843 209.0
4844 204.0
4845 555.0
4846 204.0
4847 203.0
4848 471.0
4849 203.0
4850 35.0
4851 307.0
4852 307.0
4853 251.0
4854 204.0
4855 355.0
4856 252.0
4857 203.0
4858 38.0
4859 203.0
4860 203.0
4861 204.0
4862 204.0
4863 252.0
4864 252.0
4865 93.0
4866 32.0
4867 209.0
4868 203.0
4869 251.0
4870 203.0
4871 203.0
4872 203.0
4873 252.0
4874 252.0
4875 159.0
4876 487.0
4877 487.0
4878 203.0
4879 197.0
4880 204.0
4881 478.0
4882 53.0
4883 114.0
4884 203.0
4885 191.0
4886 251.0
4887 203.0
4888 203.0
4889 368.0
4890 196.0
4891 203.0
4892 203.0
4893 203.0
4894 143.0
4895 192.0
4896 555.0
4897 203.0
4898 325.0
4899 203.0
4900 436.0
4901 27.0
4902 307.0
4903 307.0
4904 252.0
4905 204.0
4906 204.0
4907 204.0
4908 204.0
4909 204.0
4910 251.0
4911 87.0
4912 251.0
4913 251.0
4914 252.0
4915 252.0
4916 47.0
4917 105.0
4918 0.0
4919 203.0
4920 251.0
4921 203.0
4922 204.0
4923 252.0
4924 252.0
4925 137.0
4926 251.0
4927 487.0
4928 487.0
4929 203.0
4930 284.0
4931 163.0
4932 212.0
4933 0.0
4934 282.0
4935 203.0
4936 203.0
4937 251.0
4938 203.0
4939 198.0
4940 319.0
4941 203.0
4942 203.0
4943 203.0
4944 209.0
4945 203.0
4946 229.0
4947 555.0
4948 203.0
4949 204.0
4950 203.0
4951 425.0
4952 25.0
4953 307.0
4954 307.0
4955 252.0
4956 203.0
4957 204.0
4958 251.0
4959 204.0
4960 204.0
4961 203.0
4962 203.0
4963 203.0
4964 203.0
4965 251.0
4966 252.0
4967 59.0
4968 93.0
4969 124.0
4970 203.0
4971 252.0
4972 204.0
4973 203.0
4974 252.0
4975 252.0
4976 251.0
4977 0.0
4978 487.0
4979 369.0
4980 181.0
4981 203.0
4982 251.0
4983 352.0
4984 203.0
4985 251.0
4986 125.0
4987 67.0
4988 251.0
4989 203.0
4990 203.0
4991 319.0
4992 265.0
4993 251.0
4994 185.0
4995 203.0
4996 213.0
4997 203.0
4998 555.0
4999 204.0
5000 203.0
5001 423.0
5002 425.0
5003 32.0
5004 307.0
5005 307.0
5006 252.0
5007 148.0
5008 204.0
5009 204.0
5010 204.0
5011 252.0
5012 252.0
5013 204.0
5014 203.0
5015 203.0
5016 251.0
5017 252.0
5018 204.0
5019 17.0
5020 70.0
5021 203.0
5022 251.0
5023 203.0
5024 203.0
5025 203.0
5026 252.0
5027 203.0
5028 111.0
5029 484.0
5030 487.0
5031 159.0
5032 534.0
5033 251.0
5034 335.0
5035 53.0
5036 251.0
5037 203.0
5038 67.0
5039 251.0
5040 203.0
5041 203.0
5042 353.0
5043 203.0
5044 203.0
5045 203.0
5046 213.0
5047 231.0
5048 203.0
5049 555.0
5050 203.0
5051 203.0
5052 435.0
5053 554.0
5054 203.0
5055 307.0
5056 307.0
5057 252.0
5058 203.0
5059 252.0
5060 349.0
5061 204.0
5062 251.0
5063 251.0
5064 175.0
5065 203.0
5066 204.0
5067 252.0
5068 252.0
5069 32.0
5070 103.0
5071 135.0
5072 203.0
5073 251.0
5074 204.0
5075 186.0
5076 203.0
5077 252.0
5078 251.0
5079 160.0
5080 487.0
5081 487.0
5082 149.0
5083 204.0
5084 204.0
5085 208.0
5086 0.0
5087 114.0
5088 203.0
5089 173.0
5090 251.0
5091 203.0
5092 203.0
5093 319.0
5094 203.0
5095 203.0
5096 203.0
5097 203.0
5098 203.0
5099 204.0
5100 555.0
