1 32.0
2 38.0
3 33.0
4 0.0
5 203.0
6 204.0
7 180.0
8 203.0
9 33.0
10 203.0
11 109.0
12 0.0
13 204.0
14 38.0
15 169.0
16 180.0
17 0.0
18 32.0
19 1.0
20 169.0
21 30.0
22 0.0
23 25.0
24 204.0
25 38.0
26 93.0
27 6.0
28 203.0
29 0.0
30 14.0
31 0.0
32 204.0
33 0.0
34 166.0
35 0.0
36 0.0
37 32.0
38 169.0
39 98.0
40 203.0
41 32.0
42 0.0
43 0.0
44 0.0
45 0.0
46 0.0
47 0.0
48 204.0
49 38.0
50 169.0
51 204.0
52 169.0
53 38.0
54 0.0
55 109.0
56 204.0
57 204.0
58 204.0
59 203.0
60 98.0
61 203.0
62 109.0
63 204.0
64 204.0
65 204.0
66 203.0
67 180.0
68 180.0
69 32.0
70 32.0
71 169.0
72 25.0
73 0.0
74 38.0
75 204.0
76 203.0
77 93.0
78 0.0
79 203.0
80 203.0
81 14.0
82 30.0
83 204.0
84 1.0
85 166.0
86 209.0
87 32.0
88 169.0
89 169.0
90 203.0
91 203.0
92 203.0
93 0.0
94 0.0
95 0.0
96 0.0
97 0.0
98 33.0
99 204.0
100 203.0
101 169.0
102 209.0
103 38.0
104 203.0
105 203.0
106 109.0
107 204.0
108 204.0
109 204.0
110 204.0
111 203.0
112 203.0
113 203.0
114 203.0
115 204.0
116 204.0
117 203.0
118 203.0
119 98.0
120 169.0
121 32.0
122 169.0
123 0.0
124 31.0
125 33.0
126 204.0
127 33.0
128 203.0
129 182.0
130 203.0
131 203.0
132 16.0
133 54.0
134 204.0
135 1.0
136 224.0
137 0.0
138 32.0
139 98.0
140 169.0
141 203.0
142 203.0
143 203.0
144 204.0
145 0.0
146 0.0
147 0.0
148 0.0
149 0.0
150 204.0
151 204.0
152 203.0
153 224.0
154 203.0
155 180.0
156 203.0
157 203.0
158 204.0
159 204.0
160 204.0
161 204.0
162 114.0
163 203.0
164 204.0
165 204.0
166 204.0
167 203.0
168 203.0
169 203.0
170 169.0
171 175.0
172 32.0
173 169.0
174 204.0
175 38.0
176 49.0
177 204.0
178 203.0
179 33.0
180 133.0
181 203.0
182 203.0
183 204.0
184 204.0
185 204.0
186 251.0
187 0.0
188 0.0
189 251.0
190 204.0
191 169.0
192 203.0
193 203.0
194 204.0
195 204.0
196 204.0
197 0.0
198 0.0
199 0.0
200 204.0
201 204.0
202 204.0
203 203.0
204 251.0
205 32.0
206 38.0
207 203.0
208 98.0
209 204.0
210 204.0
211 174.0
212 114.0
213 238.0
214 204.0
215 204.0
216 204.0
217 204.0
218 204.0
219 204.0
220 169.0
221 32.0
222 175.0
223 25.0
224 204.0
225 204.0
226 0.0
227 25.0
228 204.0
229 0.0
230 93.0
231 204.0
232 203.0
233 204.0
234 204.0
235 204.0
236 34.0
237 0.0
238 148.0
239 203.0
240 251.0
241 98.0
242 0.0
243 203.0
244 204.0
245 204.0
246 203.0
247 203.0
248 0.0
249 0.0
250 0.0
251 0.0
252 204.0
253 204.0
254 204.0
255 251.0
256 204.0
257 180.0
258 204.0
259 134.0
260 204.0
261 204.0
262 204.0
263 203.0
264 204.0
265 203.0
266 203.0
267 204.0
268 204.0
269 204.0
270 203.0
271 204.0
272 180.0
273 175.0
274 32.0
275 204.0
276 164.0
277 30.0
278 44.0
279 204.0
280 0.0
281 204.0
282 0.0
283 203.0
284 33.0
285 204.0
286 54.0
287 0.0
288 0.0
289 0.0
290 26.0
291 251.0
292 87.0
293 32.0
294 98.0
295 204.0
296 204.0
297 0.0
298 25.0
299 203.0
300 0.0
301 25.0
302 0.0
303 204.0
304 204.0
305 174.0
306 251.0
307 204.0
308 104.0
309 0.0
310 109.0
311 204.0
312 204.0
313 204.0
314 204.0
315 109.0
316 32.0
317 204.0
318 203.0
319 204.0
320 204.0
321 203.0
322 203.0
323 204.0
324 175.0
325 30.0
326 204.0
327 204.0
328 49.0
329 203.0
330 204.0
331 204.0
332 32.0
333 230.0
334 204.0
335 33.0
336 203.0
337 204.0
338 30.0
339 1.0
340 0.0
341 153.0
342 180.0
343 220.0
344 0.0
345 32.0
346 204.0
347 203.0
348 204.0
349 30.0
350 203.0
351 203.0
352 204.0
353 32.0
354 204.0
355 204.0
356 204.0
357 251.0
358 203.0
359 203.0
360 38.0
361 251.0
362 203.0
363 204.0
364 180.0
365 204.0
366 204.0
367 204.0
368 204.0
369 204.0
370 204.0
371 204.0
372 203.0
373 203.0
374 204.0
375 204.0
376 204.0
377 32.0
378 204.0
379 49.0
380 203.0
381 204.0
382 33.0
383 203.0
384 5.0
385 203.0
386 203.0
387 203.0
388 204.0
389 52.0
390 251.0
391 204.0
392 252.0
393 251.0
394 1.0
395 0.0
396 98.0
397 204.0
398 203.0
399 204.0
400 203.0
401 203.0
402 203.0
403 32.0
404 204.0
405 204.0
406 204.0
407 204.0
408 252.0
409 203.0
410 204.0
411 378.0
412 246.0
413 116.0
414 204.0
415 174.0
416 115.0
417 204.0
418 204.0
419 204.0
420 204.0
421 204.0
422 204.0
423 203.0
424 202.0
425 204.0
426 204.0
427 163.0
428 204.0
429 0.0
430 203.0
431 49.0
432 204.0
433 0.0
434 0.0
435 133.0
436 204.0
437 203.0
438 204.0
439 54.0
440 0.0
441 0.0
442 0.0
443 180.0
444 236.0
445 147.0
446 251.0
447 204.0
448 204.0
449 204.0
450 203.0
451 25.0
452 32.0
453 204.0
454 203.0
455 0.0
456 204.0
457 204.0
458 120.0
459 378.0
460 203.0
461 104.0
462 317.0
463 378.0
464 32.0
465 204.0
466 203.0
467 203.0
468 114.0
469 32.0
470 204.0
471 204.0
472 204.0
473 204.0
474 204.0
475 204.0
476 204.0
477 204.0
478 32.0
479 204.0
480 204.0
481 203.0
482 203.0
483 204.0
484 33.0
485 38.0
486 0.0
487 204.0
488 33.0
489 203.0
490 204.0
491 0.0
492 33.0
493 0.0
494 215.0
495 251.0
496 98.0
497 251.0
498 186.0
499 204.0
500 204.0
501 203.0
502 25.0
503 203.0
504 25.0
505 0.0
506 0.0
507 204.0
508 204.0
509 204.0
510 378.0
511 204.0
512 378.0
513 0.0
514 203.0
515 319.0
516 204.0
517 180.0
518 203.0
519 114.0
520 32.0
521 204.0
522 204.0
523 204.0
524 204.0
525 204.0
526 204.0
527 204.0
528 204.0
529 30.0
530 204.0
531 204.0
532 38.0
533 204.0
534 204.0
535 0.0
536 32.0
537 38.0
538 203.0
539 203.0
540 0.0
541 204.0
542 204.0
543 251.0
544 38.0
545 215.0
546 180.0
547 209.0
548 209.0
549 190.0
550 204.0
551 204.0
552 204.0
553 204.0
554 203.0
555 204.0
556 32.0
557 0.0
558 204.0
559 204.0
560 204.0
561 378.0
562 318.0
563 378.0
564 378.0
565 131.0
566 204.0
567 203.0
568 203.0
569 104.0
570 204.0
571 204.0
572 204.0
573 204.0
574 204.0
575 204.0
576 203.0
577 204.0
578 203.0
579 204.0
580 163.0
581 204.0
582 19.0
583 180.0
584 203.0
585 204.0
586 0.0
587 93.0
588 0.0
589 191.0
590 203.0
591 204.0
592 204.0
593 0.0
594 0.0
595 0.0
596 180.0
597 251.0
598 38.0
599 180.0
600 204.0
601 203.0
602 203.0
603 204.0
604 203.0
605 203.0
606 203.0
607 87.0
608 0.0
609 204.0
610 204.0
611 204.0
612 378.0
613 204.0
614 378.0
615 317.0
616 317.0
617 204.0
618 319.0
619 203.0
620 204.0
621 114.0
622 109.0
623 204.0
624 204.0
625 204.0
626 204.0
627 203.0
628 203.0
629 203.0
630 204.0
631 33.0
632 204.0
633 204.0
634 203.0
635 204.0
636 204.0
637 33.0
638 203.0
639 0.0
640 203.0
641 33.0
642 203.0
643 204.0
644 0.0
645 34.0
646 225.0
647 236.0
648 251.0
649 251.0
650 251.0
651 204.0
652 204.0
653 204.0
654 203.0
655 0.0
656 204.0
657 203.0
658 0.0
659 0.0
660 204.0
661 204.0
662 204.0
663 378.0
664 104.0
665 12.0
666 378.0
667 378.0
668 427.0
669 427.0
670 427.0
671 203.0
672 114.0
673 109.0
674 204.0
675 204.0
676 204.0
677 204.0
678 204.0
679 203.0
680 204.0
681 204.0
682 32.0
683 204.0
684 204.0
685 49.0
686 203.0
687 204.0
688 204.0
689 32.0
690 203.0
691 175.0
692 33.0
693 203.0
694 204.0
695 30.0
696 33.0
697 225.0
698 209.0
699 252.0
700 120.0
701 209.0
702 209.0
703 204.0
704 204.0
705 25.0
706 0.0
707 203.0
708 204.0
709 204.0
710 0.0
711 204.0
712 204.0
713 114.0
714 427.0
715 204.0
716 203.0
717 314.0
718 317.0
719 252.0
720 427.0
721 154.0
722 251.0
723 204.0
724 204.0
725 204.0
726 204.0
727 204.0
728 204.0
729 203.0
730 204.0
731 204.0
732 204.0
733 203.0
734 204.0
735 25.0
736 32.0
737 204.0
738 204.0
739 38.0
740 1.0
741 133.0
742 169.0
743 203.0
744 203.0
745 204.0
746 0.0
747 0.0
748 225.0
749 180.0
750 180.0
751 38.0
752 252.0
753 347.0
754 251.0
755 204.0
756 203.0
757 203.0
758 203.0
759 203.0
760 252.0
761 0.0
762 204.0
763 204.0
764 104.0
765 427.0
766 204.0
767 378.0
768 203.0
769 427.0
770 203.0
771 427.0
772 109.0
773 251.0
774 251.0
775 204.0
776 204.0
777 204.0
778 204.0
779 204.0
780 204.0
781 204.0
782 204.0
783 204.0
784 33.0
785 204.0
786 0.0
787 49.0
788 203.0
789 204.0
790 33.0
791 6.0
792 5.0
793 204.0
794 204.0
795 204.0
796 204.0
797 0.0
798 0.0
799 205.0
800 203.0
801 205.0
802 109.0
803 251.0
804 251.0
805 251.0
806 252.0
807 204.0
808 203.0
809 203.0
810 0.0
811 32.0
812 0.0
813 204.0
814 204.0
815 204.0
816 427.0
817 378.0
818 378.0
819 253.0
820 427.0
821 204.0
822 319.0
823 361.0
824 253.0
825 203.0
826 203.0
827 204.0
828 204.0
829 204.0
830 204.0
831 204.0
832 203.0
833 204.0
834 203.0
835 30.0
836 204.0
837 204.0
838 203.0
839 203.0
840 204.0
841 33.0
842 133.0
843 204.0
844 203.0
845 203.0
846 203.0
847 30.0
848 0.0
849 1.0
850 224.0
851 236.0
852 252.0
853 44.0
854 203.0
855 347.0
856 251.0
857 180.0
858 30.0
859 0.0
860 204.0
861 25.0
862 33.0
863 32.0
864 204.0
865 203.0
866 378.0
867 427.0
868 104.0
869 203.0
870 378.0
871 314.0
872 204.0
873 427.0
874 155.0
875 114.0
876 251.0
877 203.0
878 204.0
879 204.0
880 204.0
881 204.0
882 203.0
883 204.0
884 203.0
885 204.0
886 32.0
887 204.0
888 204.0
889 32.0
890 49.0
891 204.0
892 204.0
893 174.0
894 203.0
895 0.0
896 109.0
897 204.0
898 204.0
899 34.0
900 0.0
901 224.0
902 231.0
903 180.0
904 251.0
905 251.0
906 427.0
907 203.0
908 251.0
909 180.0
910 204.0
911 204.0
912 203.0
913 226.0
914 0.0
915 204.0
916 378.0
917 335.0
918 427.0
919 204.0
920 378.0
921 314.0
922 314.0
923 203.0
924 427.0
925 114.0
926 252.0
927 114.0
928 204.0
929 204.0
930 204.0
931 204.0
932 204.0
933 204.0
934 204.0
935 203.0
936 203.0
937 32.0
938 204.0
939 33.0
940 49.0
941 203.0
942 204.0
943 204.0
944 0.0
945 178.0
946 0.0
947 203.0
948 203.0
949 204.0
950 30.0
951 0.0
952 225.0
953 278.0
954 180.0
955 209.0
956 44.0
957 427.0
958 203.0
959 30.0
960 204.0
961 203.0
962 203.0
963 204.0
964 32.0
965 0.0
966 204.0
967 318.0
968 318.0
969 427.0
970 328.0
971 378.0
972 158.0
973 427.0
974 320.0
975 427.0
976 361.0
977 427.0
978 251.0
979 203.0
980 204.0
981 204.0
982 204.0
983 204.0
984 204.0
985 203.0
986 204.0
987 204.0
988 33.0
989 204.0
990 204.0
991 49.0
992 203.0
993 204.0
994 204.0
995 164.0
996 154.0
997 0.0
998 203.0
999 203.0
1000 32.0
1001 0.0
1002 251.0
1003 252.0
1004 180.0
1005 203.0
1006 38.0
1007 98.0
1008 347.0
1009 44.0
1010 252.0
1011 180.0
1012 0.0
1013 203.0
1014 32.0
1015 32.0
1016 0.0
1017 378.0
1018 318.0
1019 378.0
1020 427.0
1021 378.0
1022 318.0
1023 253.0
1024 427.0
1025 204.0
1026 319.0
1027 155.0
1028 135.0
1029 114.0
1030 204.0
1031 204.0
1032 204.0
1033 204.0
1034 204.0
1035 204.0
1036 204.0
1037 204.0
1038 204.0
1039 30.0
1040 204.0
1041 204.0
1042 203.0
1043 204.0
1044 204.0
1045 204.0
1046 203.0
1047 174.0
1048 184.0
1049 33.0
1050 204.0
1051 204.0
1052 0.0
1053 174.0
1054 203.0
1055 278.0
1056 209.0
1057 209.0
1058 203.0
1059 347.0
1060 44.0
1061 180.0
1062 38.0
1063 204.0
1064 203.0
1065 32.0
1066 203.0
1067 367.0
1068 318.0
1069 378.0
1070 378.0
1071 427.0
1072 377.0
1073 318.0
1074 217.0
1075 203.0
1076 427.0
1077 317.0
1078 155.0
1079 135.0
1080 203.0
1081 31.0
1082 204.0
1083 204.0
1084 204.0
1085 204.0
1086 204.0
1087 204.0
1088 203.0
1089 204.0
1090 32.0
1091 204.0
1092 204.0
1093 32.0
1094 204.0
1095 204.0
1096 204.0
1097 203.0
1098 203.0
1099 0.0
1100 203.0
1101 204.0
1102 204.0
1103 30.0
1104 180.0
1105 225.0
1106 236.0
1107 180.0
1108 223.0
1109 251.0
1110 251.0
1111 203.0
1112 0.0
1113 0.0
1114 203.0
1115 203.0
1116 32.0
1117 104.0
1118 252.0
1119 378.0
1120 378.0
1121 378.0
1122 427.0
1123 378.0
1124 378.0
1125 203.0
1126 314.0
1127 203.0
1128 427.0
1129 119.0
1130 135.0
1131 427.0
1132 203.0
1133 204.0
1134 204.0
1135 204.0
1136 204.0
1137 203.0
1138 204.0
1139 204.0
1140 203.0
1141 33.0
1142 204.0
1143 204.0
1144 49.0
1145 204.0
1146 204.0
1147 204.0
1148 174.0
1149 133.0
1150 204.0
1151 204.0
1152 204.0
1153 30.0
1154 30.0
1155 209.0
1156 224.0
1157 180.0
1158 251.0
1159 209.0
1160 427.0
1161 251.0
1162 203.0
1163 180.0
1164 0.0
1165 30.0
1166 204.0
1167 32.0
1168 321.0
1169 204.0
1170 378.0
1171 378.0
1172 378.0
1173 427.0
1174 378.0
1175 378.0
1176 253.0
1177 427.0
1178 204.0
1179 427.0
1180 155.0
1181 135.0
1182 114.0
1183 252.0
1184 204.0
1185 204.0
1186 204.0
1187 204.0
1188 204.0
1189 203.0
1190 204.0
1191 202.0
1192 204.0
1193 204.0
1194 204.0
1195 49.0
1196 203.0
1197 204.0
1198 204.0
1199 178.0
1200 175.0
1201 0.0
1202 33.0
1203 204.0
1204 204.0
1205 203.0
1206 6.0
1207 203.0
1208 180.0
1209 209.0
1210 251.0
1211 251.0
1212 337.0
1213 203.0
1214 180.0
1215 251.0
1216 204.0
1217 204.0
1218 109.0
1219 104.0
1220 98.0
1221 378.0
1222 378.0
1223 378.0
1224 427.0
1225 378.0
1226 378.0
1227 427.0
1228 427.0
1229 203.0
1230 319.0
1231 155.0
1232 135.0
1233 114.0
1234 252.0
1235 251.0
1236 204.0
1237 204.0
1238 204.0
1239 203.0
1240 204.0
1241 203.0
1242 204.0
1243 32.0
1244 204.0
1245 204.0
1246 32.0
1247 204.0
1248 204.0
1249 204.0
1250 0.0
1251 203.0
1252 0.0
1253 203.0
1254 204.0
1255 204.0
1256 0.0
1257 203.0
1258 180.0
1259 340.0
1260 180.0
1261 203.0
1262 347.0
1263 347.0
1264 203.0
1265 30.0
1266 180.0
1267 30.0
1268 203.0
1269 98.0
1270 367.0
1271 253.0
1272 318.0
1273 378.0
1274 378.0
1275 427.0
1276 378.0
1277 317.0
1278 427.0
1279 427.0
1280 252.0
1281 319.0
1282 119.0
1283 427.0
1284 203.0
1285 427.0
1286 373.0
1287 251.0
1288 204.0
1289 204.0
1290 203.0
1291 204.0
1292 204.0
1293 204.0
1294 32.0
1295 204.0
1296 204.0
1297 49.0
1298 204.0
1299 204.0
1300 204.0
1301 204.0
1302 203.0
1303 0.0
1304 204.0
1305 204.0
1306 30.0
1307 34.0
1308 241.0
1309 224.0
1310 278.0
1311 180.0
1312 203.0
1313 203.0
1314 347.0
1315 203.0
1316 30.0
1317 180.0
1318 204.0
1319 203.0
1320 104.0
1321 104.0
1322 204.0
1323 109.0
1324 378.0
1325 378.0
1326 427.0
1327 378.0
1328 253.0
1329 252.0
1330 203.0
1331 203.0
1332 427.0
1333 253.0
1334 427.0
1335 114.0
1336 203.0
1337 373.0
1338 252.0
1339 251.0
1340 204.0
1341 203.0
1342 203.0
1343 204.0
1344 204.0
1345 33.0
1346 204.0
1347 204.0
1348 44.0
1349 204.0
1350 204.0
1351 204.0
1352 133.0
1353 5.0
1354 0.0
1355 33.0
1356 204.0
1357 204.0
1358 0.0
1359 214.0
1360 236.0
1361 180.0
1362 251.0
1363 251.0
1364 347.0
1365 251.0
1366 203.0
1367 211.0
1368 204.0
1369 33.0
1370 204.0
1371 104.0
1372 252.0
1373 252.0
1374 378.0
1375 378.0
1376 378.0
1377 427.0
1378 378.0
1379 92.0
1380 427.0
1381 203.0
1382 320.0
1383 427.0
1384 155.0
1385 135.0
1386 114.0
1387 252.0
1388 204.0
1389 373.0
1390 252.0
1391 203.0
1392 204.0
1393 204.0
1394 203.0
1395 204.0
1396 203.0
1397 204.0
1398 204.0
1399 38.0
1400 204.0
1401 204.0
1402 204.0
1403 203.0
1404 0.0
1405 0.0
1406 204.0
1407 204.0
1408 204.0
1409 204.0
1410 30.0
1411 0.0
1412 278.0
1413 209.0
1414 339.0
1415 347.0
1416 427.0
1417 44.0
1418 252.0
1419 204.0
1420 252.0
1421 204.0
1422 104.0
1423 367.0
1424 204.0
1425 318.0
1426 378.0
1427 378.0
1428 427.0
1429 378.0
1430 203.0
1431 427.0
1432 427.0
1433 427.0
1434 319.0
1435 427.0
1436 135.0
1437 203.0
1438 252.0
1439 114.0
1440 373.0
1441 373.0
1442 252.0
1443 203.0
1444 204.0
1445 204.0
1446 204.0
1447 32.0
1448 30.0
1449 204.0
1450 49.0
1451 203.0
1452 204.0
1453 204.0
1454 0.0
1455 6.0
1456 0.0
1457 204.0
1458 204.0
1459 204.0
1460 34.0
1461 252.0
1462 224.0
1463 279.0
1464 180.0
1465 251.0
1466 202.0
1467 347.0
1468 203.0
1469 180.0
1470 180.0
1471 203.0
1472 427.0
1473 104.0
1474 220.0
1475 204.0
1476 378.0
1477 378.0
1478 378.0
1479 427.0
1480 378.0
1481 158.0
1482 203.0
1483 203.0
1484 427.0
1485 319.0
1486 119.0
1487 135.0
1488 203.0
1489 204.0
1490 252.0
1491 252.0
1492 373.0
1493 373.0
1494 252.0
1495 204.0
1496 204.0
1497 204.0
1498 204.0
1499 204.0
1500 204.0
1501 49.0
1502 204.0
1503 204.0
1504 204.0
1505 175.0
1506 0.0
1507 0.0
1508 204.0
1509 204.0
1510 204.0
1511 240.0
1512 180.0
1513 224.0
1514 180.0
1515 180.0
1516 209.0
1517 220.0
1518 347.0
1519 203.0
1520 30.0
1521 180.0
1522 225.0
1523 204.0
1524 203.0
1525 367.0
1526 367.0
1527 378.0
1528 318.0
1529 378.0
1530 427.0
1531 378.0
1532 203.0
1533 203.0
1534 427.0
1535 204.0
1536 427.0
1537 155.0
1538 427.0
1539 114.0
1540 203.0
1541 114.0
1542 252.0
1543 373.0
1544 252.0
1545 252.0
1546 252.0
1547 204.0
1548 204.0
1549 33.0
1550 204.0
1551 204.0
1552 32.0
1553 203.0
1554 204.0
1555 204.0
1556 169.0
1557 0.0
1558 0.0
1559 203.0
1560 204.0
1561 174.0
1562 180.0
1563 251.0
1564 0.0
1565 180.0
1566 209.0
1567 251.0
1568 251.0
1569 251.0
1570 203.0
1571 222.0
1572 180.0
1573 204.0
1574 599.0
1575 33.0
1576 252.0
1577 378.0
1578 318.0
1579 378.0
1580 378.0
1581 599.0
1582 378.0
1583 378.0
1584 203.0
1585 427.0
1586 427.0
1587 427.0
1588 119.0
1589 135.0
1590 427.0
1591 252.0
1592 114.0
1593 373.0
1594 252.0
1595 252.0
1596 373.0
1597 252.0
1598 252.0
1599 204.0
1600 32.0
1601 30.0
1602 204.0
1603 32.0
1604 204.0
1605 204.0
1606 204.0
1607 38.0
1608 0.0
1609 0.0
1610 203.0
1611 204.0
1612 33.0
1613 220.0
1614 33.0
1615 215.0
1616 209.0
1617 251.0
1618 188.0
1619 251.0
1620 235.0
1621 203.0
1622 252.0
1623 38.0
1624 180.0
1625 203.0
1626 104.0
1627 367.0
1628 104.0
1629 204.0
1630 378.0
1631 378.0
1632 599.0
1633 378.0
1634 253.0
1635 427.0
1636 314.0
1637 427.0
1638 427.0
1639 155.0
1640 135.0
1641 253.0
1642 203.0
1643 114.0
1644 373.0
1645 373.0
1646 252.0
1647 252.0
1648 252.0
1649 373.0
1650 252.0
1651 32.0
1652 204.0
1653 204.0
1654 32.0
1655 203.0
1656 204.0
1657 204.0
1658 203.0
1659 133.0
1660 0.0
1661 109.0
1662 204.0
1663 32.0
1664 231.0
1665 240.0
1666 236.0
1667 209.0
1668 209.0
1669 251.0
1670 251.0
1671 347.0
1672 203.0
1673 180.0
1674 180.0
1675 203.0
1676 204.0
1677 0.0
1678 104.0
1679 204.0
1680 318.0
1681 378.0
1682 378.0
1683 599.0
1684 378.0
1685 378.0
1686 427.0
1687 427.0
1688 320.0
1689 427.0
1690 155.0
1691 427.0
1692 104.0
1693 203.0
1694 427.0
1695 373.0
1696 373.0
1697 252.0
1698 373.0
1699 114.0
1700 252.0
1701 373.0
1702 114.0
1703 204.0
1704 204.0
1705 203.0
1706 49.0
1707 204.0
1708 204.0
1709 174.0
1710 0.0
1711 0.0
1712 204.0
1713 204.0
1714 33.0
1715 180.0
1716 240.0
1717 180.0
1718 180.0
1719 180.0
1720 209.0
1721 251.0
1722 347.0
1723 203.0
1724 203.0
1725 180.0
1726 251.0
1727 204.0
1728 38.0
1729 204.0
1730 204.0
1731 204.0
1732 204.0
1733 378.0
1734 599.0
1735 335.0
1736 378.0
1737 203.0
1738 427.0
1739 203.0
1740 427.0
1741 155.0
1742 135.0
1743 104.0
1744 192.0
1745 114.0
1746 114.0
1747 252.0
1748 373.0
1749 373.0
1750 252.0
1751 373.0
1752 373.0
1753 114.0
1754 32.0
1755 204.0
1756 49.0
1757 203.0
1758 204.0
1759 204.0
1760 204.0
1761 235.0
1762 0.0
1763 204.0
1764 204.0
1765 251.0
1766 246.0
1767 240.0
1768 203.0
1769 169.0
1770 180.0
1771 209.0
1772 427.0
1773 251.0
1774 203.0
1775 180.0
1776 251.0
1777 251.0
1778 200.0
1779 104.0
1780 104.0
1781 104.0
1782 204.0
1783 318.0
1784 378.0
1785 599.0
1786 378.0
1787 203.0
1788 203.0
1789 427.0
1790 427.0
1791 427.0
1792 155.0
1793 135.0
1794 203.0
1795 252.0
1796 114.0
1797 373.0
1798 373.0
1799 373.0
1800 252.0
1801 317.0
1802 373.0
1803 252.0
1804 114.0
1805 33.0
1806 204.0
1807 203.0
1808 204.0
1809 204.0
1810 204.0
1811 203.0
1812 133.0
1813 175.0
1814 203.0
1815 243.0
1816 180.0
1817 185.0
1818 209.0
1819 224.0
1820 1.0
1821 205.0
1822 251.0
1823 347.0
1824 251.0
1825 203.0
1826 180.0
1827 217.0
1828 203.0
1829 251.0
1830 33.0
1831 317.0
1832 378.0
1833 318.0
1834 203.0
1835 378.0
1836 599.0
1837 378.0
1838 329.0
1839 427.0
1840 427.0
1841 203.0
1842 427.0
1843 155.0
1844 135.0
1845 203.0
1846 252.0
1847 114.0
1848 114.0
1849 373.0
1850 252.0
1851 252.0
1852 427.0
1853 373.0
1854 252.0
1855 373.0
1856 204.0
1857 204.0
1858 32.0
1859 204.0
1860 204.0
1861 204.0
1862 168.0
1863 203.0
1864 0.0
1865 247.0
1866 251.0
1867 174.0
1868 231.0
1869 251.0
1870 225.0
1871 197.0
1872 236.0
1873 251.0
1874 251.0
1875 347.0
1876 203.0
1877 203.0
1878 203.0
1879 251.0
1880 204.0
1881 32.0
1882 98.0
1883 204.0
1884 104.0
1885 203.0
1886 378.0
1887 599.0
1888 378.0
1889 378.0
1890 203.0
1891 427.0
1892 203.0
1893 427.0
1894 119.0
1895 135.0
1896 104.0
1897 114.0
1898 114.0
1899 252.0
1900 373.0
1901 373.0
1902 317.0
1903 252.0
1904 104.0
1905 373.0
1906 322.0
1907 373.0
1908 204.0
1909 38.0
1910 203.0
1911 204.0
1912 204.0
1913 1.0
1914 28.0
1915 169.0
1916 243.0
1917 240.0
1918 180.0
1919 220.0
1920 240.0
1921 0.0
1922 203.0
1923 252.0
1924 251.0
1925 209.0
1926 347.0
1927 203.0
1928 180.0
1929 203.0
1930 204.0
1931 203.0
1932 32.0
1933 204.0
1934 378.0
1935 378.0
1936 204.0
1937 378.0
1938 599.0
1939 378.0
1940 203.0
1941 427.0
1942 427.0
1943 427.0
1944 427.0
1945 155.0
1946 135.0
1947 114.0
1948 192.0
1949 251.0
1950 109.0
1951 252.0
1952 373.0
1953 373.0
1954 427.0
1955 427.0
1956 373.0
1957 114.0
1958 373.0
1959 373.0
1960 203.0
1961 204.0
1962 204.0
1963 204.0
1964 6.0
1965 133.0
1966 0.0
1967 243.0
1968 240.0
1969 180.0
1970 240.0
1971 236.0
1972 224.0
1973 203.0
1974 180.0
1975 204.0
1976 347.0
1977 235.0
1978 203.0
1979 180.0
1980 251.0
1981 203.0
1982 180.0
1983 33.0
1984 98.0
1985 378.0
1986 204.0
1987 204.0
1988 378.0
1989 599.0
1990 378.0
1991 427.0
1992 203.0
1993 427.0
1994 203.0
1995 427.0
1996 155.0
1997 135.0
1998 203.0
1999 252.0
2000 114.0
2001 373.0
2002 252.0
2003 373.0
2004 252.0
2005 317.0
2006 427.0
2007 114.0
2008 114.0
2009 373.0
2010 373.0
2011 153.0
2012 204.0
2013 204.0
2014 204.0
2015 0.0
2016 204.0
2017 1.0
2018 214.0
2019 243.0
2020 251.0
2021 209.0
2022 251.0
2023 224.0
2024 0.0
2025 252.0
2026 251.0
2027 347.0
2028 427.0
2029 203.0
2030 252.0
2031 223.0
2032 180.0
2033 180.0
2034 33.0
2035 104.0
2036 378.0
2037 104.0
2038 204.0
2039 378.0
2040 599.0
2041 318.0
2042 203.0
2043 203.0
2044 427.0
2045 427.0
2046 427.0
2047 155.0
2048 427.0
2049 114.0
2050 252.0
2051 114.0
2052 252.0
2053 373.0
2054 373.0
2055 317.0
2056 203.0
2057 427.0
2058 120.0
2059 373.0
2060 373.0
2061 373.0
2062 373.0
2063 203.0
2064 204.0
2065 204.0
2066 0.0
2067 203.0
2068 0.0
2069 243.0
2070 251.0
2071 203.0
2072 236.0
2073 252.0
2074 236.0
2075 278.0
2076 205.0
2077 251.0
2078 202.0
2079 347.0
2080 203.0
2081 30.0
2082 203.0
2083 251.0
2084 204.0
2085 32.0
2086 98.0
2087 378.0
2088 378.0
2089 204.0
2090 378.0
2091 599.0
2092 203.0
2093 427.0
2094 427.0
2095 427.0
2096 427.0
2097 427.0
2098 155.0
2099 135.0
2100 114.0
2101 427.0
2102 114.0
2103 252.0
2104 252.0
2105 373.0
2106 373.0
2107 373.0
2108 333.0
2109 427.0
2110 114.0
2111 373.0
2112 373.0
2113 335.0
2114 373.0
2115 204.0
2116 204.0
2117 0.0
2118 133.0
2119 6.0
2120 240.0
2121 240.0
2122 180.0
2123 252.0
2124 251.0
2125 203.0
2126 203.0
2127 180.0
2128 204.0
2129 251.0
2130 251.0
2131 251.0
2132 251.0
2133 204.0
2134 180.0
2135 602.0
2136 32.0
2137 104.0
2138 378.0
2139 204.0
2140 318.0
2141 378.0
2142 602.0
2143 317.0
2144 427.0
2145 427.0
2146 427.0
2147 320.0
2148 427.0
2149 155.0
2150 135.0
2151 203.0
2152 203.0
2153 120.0
2154 252.0
2155 252.0
2156 373.0
2157 373.0
2158 317.0
2159 427.0
2160 333.0
2161 109.0
2162 373.0
2163 373.0
2164 373.0
2165 373.0
2166 103.0
2167 204.0
2168 25.0
2169 204.0
2170 0.0
2171 210.0
2172 251.0
2173 180.0
2174 240.0
2175 251.0
2176 236.0
2177 0.0
2178 180.0
2179 204.0
2180 338.0
2181 347.0
2182 203.0
2183 251.0
2184 251.0
2185 204.0
2186 225.0
2187 104.0
2188 98.0
2189 378.0
2190 318.0
2191 203.0
2192 378.0
2193 602.0
2194 427.0
2195 427.0
2196 203.0
2197 427.0
2198 427.0
2199 427.0
2200 155.0
2201 135.0
2202 203.0
2203 252.0
2204 114.0
2205 373.0
2206 373.0
2207 373.0
2208 427.0
2209 252.0
2210 427.0
2211 120.0
2212 322.0
2213 373.0
2214 373.0
2215 373.0
2216 373.0
2217 373.0
2218 204.0
2219 0.0
2220 203.0
2221 169.0
2222 240.0
2223 243.0
2224 251.0
2225 236.0
2226 251.0
2227 224.0
2228 215.0
2229 205.0
2230 203.0
2231 347.0
2232 427.0
2233 203.0
2234 34.0
2235 203.0
2236 180.0
2237 226.0
2238 203.0
2239 169.0
2240 378.0
2241 204.0
2242 378.0
2243 378.0
2244 602.0
2245 403.0
2246 203.0
2247 203.0
2248 427.0
2249 427.0
2250 427.0
2251 155.0
2252 135.0
2253 114.0
2254 252.0
2255 114.0
2256 373.0
2257 373.0
2258 204.0
2259 373.0
2260 252.0
2261 427.0
2262 120.0
2263 334.0
2264 373.0
2265 373.0
2266 335.0
2267 373.0
2268 373.0
2269 373.0
2270 0.0
2271 133.0
2272 0.0
2273 243.0
2274 240.0
2275 204.0
2276 240.0
2277 252.0
2278 278.0
2279 6.0
2280 215.0
2281 191.0
2282 427.0
2283 251.0
2284 203.0
2285 34.0
2286 203.0
2287 203.0
2288 251.0
2289 32.0
2290 98.0
2291 378.0
2292 318.0
2293 204.0
2294 317.0
2295 602.0
2296 203.0
2297 252.0
2298 427.0
2299 427.0
2300 320.0
2301 427.0
2302 155.0
2303 135.0
2304 114.0
2305 119.0
2306 114.0
2307 373.0
2308 373.0
2309 317.0
2310 373.0
2311 317.0
2312 427.0
2313 335.0
2314 322.0
2315 427.0
2316 373.0
2317 373.0
2318 373.0
2319 373.0
2320 373.0
2321 373.0
2322 203.0
2323 6.0
2324 204.0
2325 251.0
2326 180.0
2327 180.0
2328 252.0
2329 203.0
2330 30.0
2331 180.0
2332 180.0
2333 251.0
2334 347.0
2335 44.0
2336 180.0
2337 201.0
2338 204.0
2339 347.0
2340 203.0
2341 98.0
2342 378.0
2343 204.0
2344 378.0
2345 458.0
2346 602.0
2347 320.0
2348 314.0
2349 427.0
2350 427.0
2351 427.0
2352 427.0
2353 427.0
2354 135.0
2355 203.0
2356 203.0
2357 114.0
2358 252.0
2359 252.0
2360 373.0
2361 373.0
2362 427.0
2363 427.0
2364 333.0
2365 373.0
2366 373.0
2367 373.0
2368 373.0
2369 373.0
2370 373.0
2371 373.0
2372 373.0
2373 252.0
2374 32.0
2375 240.0
2376 243.0
2377 180.0
2378 32.0
2379 203.0
2380 180.0
2381 153.0
2382 180.0
2383 427.0
2384 209.0
2385 251.0
2386 203.0
2387 251.0
2388 214.0
2389 204.0
2390 225.0
2391 6.0
2392 104.0
2393 378.0
2394 318.0
2395 321.0
2396 204.0
2397 602.0
2398 485.0
2399 427.0
2400 427.0
2401 427.0
2402 427.0
2403 427.0
2404 155.0
2405 135.0
2406 203.0
2407 252.0
2408 114.0
2409 252.0
2410 373.0
2411 427.0
2412 373.0
2413 373.0
2414 427.0
2415 204.0
2416 373.0
2417 373.0
2418 373.0
2419 373.0
2420 373.0
2421 373.0
2422 373.0
2423 373.0
2424 251.0
2425 427.0
2426 240.0
2427 240.0
2428 180.0
2429 180.0
2430 203.0
2431 236.0
2432 153.0
2433 205.0
2434 251.0
2435 347.0
2436 347.0
2437 251.0
2438 34.0
2439 204.0
2440 0.0
2441 251.0
2442 38.0
2443 316.0
2444 378.0
2445 321.0
2446 427.0
2447 371.0
2448 602.0
2449 174.0
2450 253.0
2451 203.0
2452 427.0
2453 203.0
2454 427.0
2455 251.0
2456 135.0
2457 253.0
2458 141.0
2459 114.0
2460 373.0
2461 427.0
2462 373.0
2463 373.0
2464 317.0
2465 427.0
2466 333.0
2467 322.0
2468 373.0
2469 373.0
2470 335.0
2471 373.0
2472 373.0
2473 373.0
2474 25.0
2475 362.0
2476 427.0
2477 362.0
2478 251.0
2479 229.0
2480 220.0
2481 251.0
2482 278.0
2483 180.0
2484 205.0
2485 209.0
2486 209.0
2487 347.0
2488 203.0
2489 34.0
2490 252.0
2491 204.0
2492 599.0
2493 204.0
2494 98.0
2495 204.0
2496 242.0
2497 252.0
2498 427.0
2499 602.0
2500 364.0
2501 331.0
2502 427.0
2503 427.0
2504 427.0
2505 427.0
2506 119.0
2507 135.0
2508 114.0
2509 109.0
2510 373.0
2511 335.0
2512 373.0
2513 427.0
2514 373.0
2515 317.0
2516 427.0
2517 335.0
2518 427.0
2519 333.0
2520 373.0
2521 252.0
2522 373.0
2523 373.0
2524 373.0
2525 252.0
2526 367.0
2527 241.0
2528 427.0
2529 362.0
2530 251.0
2531 180.0
2532 251.0
2533 180.0
2534 169.0
2535 251.0
2536 204.0
2537 209.0
2538 347.0
2539 203.0
2540 180.0
2541 251.0
2542 204.0
2543 607.0
2544 203.0
2545 98.0
2546 104.0
2547 204.0
2548 204.0
2549 203.0
2550 607.0
2551 364.0
2552 427.0
2553 427.0
2554 427.0
2555 320.0
2556 427.0
2557 155.0
2558 135.0
2559 203.0
2560 427.0
2561 373.0
2562 373.0
2563 373.0
2564 120.0
2565 427.0
2566 252.0
2567 427.0
2568 114.0
2569 322.0
2570 98.0
2571 373.0
2572 373.0
2573 373.0
2574 373.0
2575 373.0
2576 373.0
2577 370.0
2578 427.0
2579 427.0
2580 427.0
2581 362.0
2582 203.0
2583 252.0
2584 251.0
2585 209.0
2586 235.0
2587 196.0
2588 347.0
2589 251.0
2590 44.0
2591 34.0
2592 203.0
2593 32.0
2594 226.0
2595 32.0
2596 378.0
2597 104.0
2598 113.0
2599 203.0
2600 203.0
2601 607.0
2602 368.0
2603 253.0
2604 427.0
2605 427.0
2606 427.0
2607 427.0
2608 155.0
2609 135.0
2610 203.0
2611 252.0
2612 120.0
2613 203.0
2614 373.0
2615 427.0
2616 427.0
2617 317.0
2618 427.0
2619 114.0
2620 322.0
2621 373.0
2622 373.0
2623 335.0
2624 373.0
2625 373.0
2626 373.0
2627 120.0
2628 252.0
2629 427.0
2630 362.0
2631 427.0
2632 362.0
2633 203.0
2634 347.0
2635 340.0
2636 197.0
2637 204.0
2638 251.0
2639 252.0
2640 347.0
2641 251.0
2642 34.0
2643 251.0
2644 0.0
2645 607.0
2646 427.0
2647 98.0
2648 204.0
2649 203.0
2650 203.0
2651 320.0
2652 607.0
2653 427.0
2654 427.0
2655 203.0
2656 427.0
2657 427.0
2658 427.0
2659 155.0
2660 135.0
2661 114.0
2662 109.0
2663 114.0
2664 373.0
2665 427.0
2666 427.0
2667 373.0
2668 317.0
2669 427.0
2670 366.0
2671 322.0
2672 252.0
2673 335.0
2674 103.0
2675 373.0
2676 373.0
2677 373.0
2678 373.0
2679 427.0
2680 427.0
2681 362.0
2682 427.0
2683 362.0
2684 370.0
2685 0.0
2686 347.0
2687 180.0
2688 180.0
2689 209.0
2690 209.0
2691 347.0
2692 203.0
2693 251.0
2694 251.0
2695 602.0
2696 427.0
2697 204.0
2698 25.0
2699 98.0
2700 203.0
2701 21.0
2702 485.0
2703 607.0
2704 364.0
2705 185.0
2706 427.0
2707 427.0
2708 320.0
2709 427.0
2710 119.0
2711 427.0
2712 114.0
2713 141.0
2714 252.0
2715 373.0
2716 373.0
2717 373.0
2718 373.0
2719 252.0
2720 427.0
2721 333.0
2722 322.0
2723 98.0
2724 373.0
2725 373.0
2726 373.0
2727 373.0
2728 373.0
2729 335.0
2730 370.0
2731 427.0
2732 427.0
2733 427.0
2734 427.0
2735 370.0
2736 370.0
2737 30.0
2738 203.0
2739 251.0
2740 209.0
2741 347.0
2742 427.0
2743 427.0
2744 222.0
2745 180.0
2746 204.0
2747 226.0
2748 225.0
2749 104.0
2750 314.0
2751 378.0
2752 203.0
2753 203.0
2754 607.0
2755 589.0
2756 427.0
2757 427.0
2758 427.0
2759 320.0
2760 427.0
2761 155.0
2762 135.0
2763 427.0
2764 252.0
2765 114.0
2766 373.0
2767 373.0
2768 333.0
2769 427.0
2770 252.0
2771 427.0
2772 333.0
2773 322.0
2774 373.0
2775 373.0
2776 373.0
2777 373.0
2778 373.0
2779 120.0
2780 103.0
2781 427.0
2782 427.0
2783 427.0
2784 427.0
2785 427.0
2786 203.0
2787 370.0
2788 370.0
2789 0.0
2790 251.0
2791 251.0
2792 209.0
2793 427.0
2794 209.0
2795 222.0
2796 204.0
2797 226.0
2798 225.0
2799 251.0
2800 104.0
2801 204.0
2802 204.0
2803 427.0
2804 203.0
2805 607.0
2806 203.0
2807 368.0
2808 427.0
2809 427.0
2810 427.0
2811 427.0
2812 155.0
2813 427.0
2814 119.0
2815 203.0
2816 114.0
2817 427.0
2818 373.0
2819 373.0
2820 373.0
2821 252.0
2822 427.0
2823 373.0
2824 322.0
2825 373.0
2826 373.0
2827 252.0
2828 373.0
2829 373.0
2830 373.0
2831 333.0
2832 370.0
2833 427.0
2834 362.0
2835 427.0
2836 427.0
2837 252.0
2838 367.0
2839 370.0
2840 370.0
2841 205.0
2842 209.0
2843 209.0
2844 347.0
2845 475.0
2846 193.0
2847 0.0
2848 204.0
2849 226.0
2850 347.0
2851 104.0
2852 204.0
2853 203.0
2854 203.0
2855 403.0
2856 607.0
2857 203.0
2858 202.0
2859 427.0
2860 427.0
2861 427.0
2862 427.0
2863 192.0
2864 135.0
2865 251.0
2866 252.0
2867 114.0
2868 373.0
2869 373.0
2870 427.0
2871 373.0
2872 252.0
2873 427.0
2874 333.0
2875 322.0
2876 114.0
2877 427.0
2878 373.0
2879 373.0
2880 373.0
2881 373.0
2882 427.0
2883 427.0
2884 427.0
2885 362.0
2886 203.0
2887 427.0
2888 120.0
2889 370.0
2890 370.0
2891 370.0
2892 98.0
2893 362.0
2894 209.0
2895 347.0
2896 203.0
2897 242.0
2898 0.0
2899 204.0
2900 536.0
2901 347.0
2902 180.0
2903 321.0
2904 204.0
2905 403.0
2906 485.0
2907 607.0
2908 368.0
2909 253.0
2910 427.0
2911 427.0
2912 320.0
2913 427.0
2914 251.0
2915 135.0
2916 427.0
2917 252.0
2918 114.0
2919 373.0
2920 373.0
2921 114.0
2922 427.0
2923 317.0
2924 427.0
2925 335.0
2926 322.0
2927 427.0
2928 373.0
2929 335.0
2930 373.0
2931 373.0
2932 331.0
2933 427.0
2934 427.0
2935 427.0
2936 427.0
2937 0.0
2938 427.0
2939 373.0
2940 370.0
2941 370.0
2942 370.0
2943 251.0
2944 194.0
2945 427.0
2946 338.0
2947 251.0
2948 0.0
2949 203.0
2950 1.0
2951 607.0
2952 180.0
2953 204.0
2954 98.0
2955 378.0
2956 203.0
2957 203.0
2958 607.0
2959 368.0
2960 203.0
2961 427.0
2962 427.0
2963 320.0
2964 427.0
2965 155.0
2966 135.0
2967 427.0
2968 114.0
2969 120.0
2970 427.0
2971 373.0
2972 373.0
2973 427.0
2974 252.0
2975 427.0
2976 114.0
2977 322.0
2978 373.0
2979 373.0
2980 373.0
2981 373.0
2982 373.0
2983 373.0
2984 427.0
2985 370.0
2986 427.0
2987 427.0
2988 427.0
2989 427.0
2990 370.0
2991 120.0
2992 370.0
2993 370.0
2994 251.0
2995 251.0
2996 427.0
2997 186.0
2998 251.0
2999 203.0
3000 180.0
3001 0.0
3002 226.0
3003 180.0
3004 104.0
3005 104.0
3006 114.0
3007 427.0
3008 252.0
3009 607.0
3010 589.0
3011 320.0
3012 427.0
3013 427.0
3014 427.0
3015 427.0
3016 427.0
3017 135.0
3018 427.0
3019 114.0
3020 252.0
3021 252.0
3022 373.0
3023 427.0
3024 427.0
3025 252.0
3026 427.0
3027 114.0
3028 322.0
3029 427.0
3030 373.0
3031 373.0
3032 373.0
3033 373.0
3034 373.0
3035 427.0
3036 427.0
3037 427.0
3038 370.0
3039 427.0
3040 427.0
3041 427.0
3042 120.0
3043 370.0
3044 370.0
3045 98.0
3046 209.0
3047 209.0
3048 209.0
3049 203.0
3050 251.0
3051 204.0
3052 251.0
3053 427.0
3054 532.0
3055 98.0
3056 104.0
3057 253.0
3058 0.0
3059 427.0
3060 607.0
3061 427.0
3062 203.0
3063 427.0
3064 427.0
3065 427.0
3066 427.0
3067 251.0
3068 135.0
3069 203.0
3070 203.0
3071 114.0
3072 427.0
3073 373.0
3074 373.0
3075 373.0
3076 252.0
3077 427.0
3078 333.0
3079 322.0
3080 157.0
3081 373.0
3082 103.0
3083 373.0
3084 373.0
3085 370.0
3086 427.0
3087 427.0
3088 427.0
3089 427.0
3090 203.0
3091 427.0
3092 203.0
3093 120.0
3094 370.0
3095 370.0
3096 174.0
3097 209.0
3098 209.0
3099 209.0
3100 347.0
3101 251.0
3102 180.0
3103 0.0
3104 427.0
3105 347.0
3106 32.0
3107 204.0
3108 378.0
3109 204.0
3110 371.0
3111 607.0
3112 203.0
3113 203.0
3114 427.0
3115 427.0
3116 320.0
3117 427.0
3118 135.0
3119 427.0
3120 427.0
3121 203.0
3122 373.0
3123 373.0
3124 373.0
3125 373.0
3126 373.0
3127 252.0
3128 427.0
3129 366.0
3130 322.0
3131 427.0
3132 373.0
3133 373.0
3134 373.0
3135 373.0
3136 370.0
3137 427.0
3138 427.0
3139 427.0
3140 362.0
3141 427.0
3142 427.0
3143 147.0
3144 362.0
3145 370.0
3146 367.0
3147 209.0
3148 209.0
3149 427.0
3150 220.0
3151 251.0
3152 251.0
3153 226.0
3154 0.0
3155 226.0
3156 427.0
3157 0.0
3158 316.0
3159 378.0
3160 92.0
3161 203.0
3162 607.0
3163 485.0
3164 203.0
3165 427.0
3166 427.0
3167 320.0
3168 427.0
3169 155.0
3170 427.0
3171 427.0
3172 203.0
3173 114.0
3174 373.0
3175 373.0
3176 373.0
3177 427.0
3178 252.0
3179 427.0
3180 114.0
3181 322.0
3182 373.0
3183 373.0
3184 373.0
3185 373.0
3186 373.0
3187 373.0
3188 427.0
3189 427.0
3190 427.0
3191 362.0
3192 427.0
3193 427.0
3194 370.0
3195 367.0
3196 370.0
3197 370.0
3198 347.0
3199 251.0
3200 427.0
3201 251.0
3202 0.0
3203 203.0
3204 225.0
3205 251.0
3206 226.0
3207 220.0
3208 0.0
3209 204.0
3210 203.0
3211 98.0
3212 364.0
3213 607.0
3214 368.0
3215 203.0
3216 427.0
3217 427.0
3218 427.0
3219 427.0
3220 104.0
3221 135.0
3222 203.0
3223 114.0
3224 114.0
3225 427.0
3226 373.0
3227 373.0
3228 427.0
3229 252.0
3230 427.0
3231 427.0
3232 373.0
3233 157.0
3234 373.0
3235 98.0
3236 373.0
3237 103.0
3238 370.0
3239 427.0
3240 427.0
3241 427.0
3242 427.0
3243 203.0
3244 427.0
3245 203.0
3246 362.0
3247 370.0
3248 370.0
3249 251.0
3250 209.0
3251 209.0
3252 251.0
3253 251.0
3254 203.0
3255 225.0
3256 203.0
3257 427.0
3258 226.0
3259 104.0
3260 204.0
3261 427.0
3262 427.0
3263 427.0
3264 607.0
3265 427.0
3266 49.0
3267 427.0
3268 427.0
3269 427.0
3270 427.0
3271 104.0
3272 135.0
3273 427.0
3274 114.0
3275 114.0
3276 373.0
3277 373.0
3278 427.0
3279 373.0
3280 252.0
3281 427.0
3282 333.0
3283 427.0
3284 427.0
3285 157.0
3286 373.0
3287 373.0
3288 103.0
3289 335.0
3290 427.0
3291 427.0
3292 427.0
3293 427.0
3294 427.0
3295 427.0
3296 427.0
3297 109.0
3298 370.0
3299 370.0
3300 347.0
3301 209.0
3302 209.0
3303 209.0
3304 347.0
3305 251.0
3306 251.0
3307 251.0
3308 226.0
3309 347.0
3310 104.0
3311 204.0
3312 364.0
3313 204.0
3314 203.0
3315 607.0
3316 203.0
3317 185.0
3318 427.0
3319 427.0
3320 427.0
3321 427.0
3322 427.0
3323 135.0
3324 427.0
3325 203.0
3326 114.0
3327 373.0
3328 114.0
3329 427.0
3330 373.0
3331 317.0
3332 427.0
3333 427.0
3334 427.0
3335 373.0
3336 373.0
3337 373.0
3338 373.0
3339 373.0
3340 373.0
3341 427.0
3342 427.0
3343 427.0
3344 362.0
3345 147.0
3346 427.0
3347 367.0
3348 362.0
3349 370.0
3350 370.0
3351 427.0
3352 251.0
3353 427.0
3354 209.0
3355 240.0
3356 204.0
3357 204.0
3358 347.0
3359 204.0
3360 532.0
3361 0.0
3362 372.0
3363 364.0
3364 49.0
3365 368.0
3366 607.0
3367 364.0
3368 204.0
3369 427.0
3370 427.0
3371 320.0
3372 427.0
3373 155.0
3374 427.0
3375 251.0
3376 114.0
3377 120.0
3378 373.0
3379 373.0
3380 427.0
3381 427.0
3382 252.0
3383 427.0
3384 114.0
3385 427.0
3386 114.0
3387 373.0
3388 103.0
3389 373.0
3390 373.0
3391 373.0
3392 427.0
3393 427.0
3394 427.0
3395 427.0
3396 203.0
3397 427.0
3398 362.0
3399 370.0
3400 370.0
3401 203.0
3402 251.0
3403 209.0
3404 427.0
3405 180.0
3406 251.0
3407 203.0
3408 0.0
3409 0.0
3410 427.0
3411 204.0
3412 204.0
3413 378.0
3414 427.0
3415 203.0
3416 515.0
3417 607.0
3418 203.0
3419 203.0
3420 427.0
3421 427.0
3422 427.0
3423 427.0
3424 252.0
3425 427.0
3426 427.0
3427 114.0
3428 120.0
3429 373.0
3430 373.0
3431 427.0
3432 427.0
3433 317.0
3434 427.0
3435 427.0
3436 427.0
3437 114.0
3438 373.0
3439 103.0
3440 373.0
3441 427.0
3442 373.0
3443 427.0
3444 427.0
3445 427.0
3446 427.0
3447 203.0
3448 427.0
3449 203.0
3450 427.0
3451 370.0
3452 427.0
3453 427.0
3454 203.0
3455 209.0
3456 180.0
3457 180.0
3458 251.0
3459 225.0
3460 204.0
3461 427.0
3462 347.0
3463 38.0
3464 204.0
3465 427.0
3466 203.0
3467 203.0
3468 607.0
3469 427.0
3470 185.0
3471 427.0
3472 427.0
3473 427.0
3474 427.0
3475 427.0
3476 135.0
3477 427.0
3478 203.0
3479 252.0
3480 373.0
3481 373.0
3482 427.0
3483 373.0
3484 317.0
3485 427.0
3486 427.0
3487 322.0
3488 373.0
3489 114.0
3490 373.0
3491 373.0
3492 373.0
3493 373.0
3494 427.0
3495 427.0
3496 427.0
3497 427.0
3498 147.0
3499 427.0
3500 427.0
3501 203.0
3502 427.0
3503 370.0
3504 347.0
3505 427.0
3506 209.0
3507 360.0
3508 347.0
3509 183.0
3510 251.0
3511 251.0
3512 226.0
3513 427.0
3514 98.0
3515 427.0
3516 320.0
3517 204.0
3518 368.0
3519 607.0
3520 485.0
3521 203.0
3522 427.0
3523 427.0
3524 320.0
3525 427.0
3526 427.0
3527 427.0
3528 252.0
3529 203.0
3530 114.0
3531 373.0
3532 373.0
3533 427.0
3534 427.0
3535 252.0
3536 427.0
3537 427.0
3538 427.0
3539 427.0
3540 373.0
3541 373.0
3542 373.0
3543 370.0
3544 373.0
3545 427.0
3546 427.0
3547 427.0
3548 362.0
3549 147.0
3550 427.0
3551 362.0
3552 367.0
3553 333.0
3554 331.0
3555 209.0
3556 251.0
3557 427.0
3558 209.0
3559 347.0
3560 240.0
3561 214.0
3562 204.0
3563 226.0
3564 532.0
3565 98.0
3566 203.0
3567 427.0
3568 92.0
3569 517.0
3570 607.0
3571 485.0
3572 317.0
3573 427.0
3574 427.0
3575 427.0
3576 427.0
3577 252.0
3578 427.0
3579 427.0
3580 203.0
3581 114.0
3582 373.0
3583 373.0
3584 427.0
3585 427.0
3586 252.0
3587 427.0
3588 366.0
3589 427.0
3590 114.0
3591 427.0
3592 98.0
3593 331.0
3594 373.0
3595 427.0
3596 427.0
3597 427.0
3598 427.0
3599 427.0
3600 427.0
3601 427.0
3602 203.0
3603 367.0
3604 333.0
3605 331.0
3606 235.0
3607 204.0
3608 209.0
3609 347.0
3610 30.0
3611 251.0
3612 225.0
3613 0.0
3614 607.0
3615 204.0
3616 32.0
3617 204.0
3618 427.0
3619 204.0
3620 427.0
3621 607.0
3622 203.0
3623 427.0
3624 427.0
3625 427.0
3626 427.0
3627 427.0
3628 427.0
3629 427.0
3630 252.0
3631 203.0
3632 114.0
3633 373.0
3634 373.0
3635 427.0
3636 427.0
3637 252.0
3638 427.0
3639 366.0
3640 427.0
3641 427.0
3642 103.0
3643 373.0
3644 373.0
3645 373.0
3646 370.0
3647 427.0
3648 427.0
3649 427.0
3650 427.0
3651 203.0
3652 427.0
3653 362.0
3654 25.0
3655 370.0
3656 427.0
3657 427.0
3658 251.0
3659 209.0
3660 193.0
3661 220.0
3662 180.0
3663 204.0
3664 204.0
3665 427.0
3666 427.0
3667 32.0
3668 204.0
3669 252.0
3670 92.0
3671 427.0
3672 607.0
3673 589.0
3674 49.0
3675 427.0
3676 427.0
3677 427.0
3678 427.0
3679 155.0
3680 135.0
3681 427.0
3682 252.0
3683 114.0
3684 373.0
3685 373.0
3686 427.0
3687 427.0
3688 252.0
3689 427.0
3690 427.0
3691 427.0
3692 373.0
3693 373.0
3694 335.0
3695 373.0
3696 373.0
3697 373.0
3698 370.0
3699 427.0
3700 427.0
3701 362.0
3702 427.0
3703 427.0
3704 362.0
3705 370.0
3706 427.0
3707 370.0
3708 347.0
3709 251.0
3710 427.0
3711 427.0
3712 251.0
3713 180.0
3714 225.0
3715 204.0
3716 204.0
3717 532.0
3718 0.0
3719 203.0
3720 320.0
3721 92.0
3722 485.0
3723 607.0
3724 368.0
3725 203.0
3726 427.0
3727 427.0
3728 320.0
3729 427.0
3730 427.0
3731 135.0
3732 427.0
3733 203.0
3734 141.0
3735 373.0
3736 373.0
3737 427.0
3738 427.0
3739 317.0
3740 427.0
3741 366.0
3742 427.0
3743 252.0
3744 373.0
3745 103.0
3746 373.0
3747 373.0
3748 373.0
3749 427.0
3750 427.0
3751 427.0
3752 427.0
3753 147.0
3754 427.0
3755 203.0
3756 370.0
3757 333.0
3758 333.0
3759 427.0
3760 209.0
3761 427.0
3762 209.0
3763 427.0
3764 193.0
3765 203.0
3766 225.0
3767 607.0
3768 226.0
3769 32.0
3770 116.0
3771 427.0
3772 25.0
3773 589.0
3774 607.0
3775 368.0
3776 318.0
3777 427.0
3778 427.0
3779 427.0
3780 427.0
3781 427.0
3782 135.0
3783 427.0
3784 427.0
3785 114.0
3786 373.0
3787 373.0
3788 427.0
3789 427.0
3790 252.0
3791 427.0
3792 427.0
3793 427.0
3794 114.0
3795 373.0
3796 103.0
3797 373.0
3798 103.0
3799 427.0
3800 427.0
3801 427.0
3802 427.0
3803 427.0
3804 203.0
3805 427.0
3806 362.0
3807 98.0
3808 427.0
3809 331.0
3810 235.0
3811 186.0
3812 209.0
3813 251.0
3814 180.0
3815 34.0
3816 204.0
3817 203.0
3818 607.0
3819 532.0
3820 98.0
3821 203.0
3822 320.0
3823 203.0
3824 427.0
3825 607.0
3826 203.0
3827 204.0
3828 427.0
3829 427.0
3830 427.0
3831 427.0
3832 252.0
3833 135.0
3834 427.0
3835 252.0
3836 252.0
3837 373.0
3838 373.0
3839 427.0
3840 427.0
3841 252.0
3842 427.0
3843 427.0
3844 427.0
3845 427.0
3846 203.0
3847 203.0
3848 373.0
3849 373.0
3850 370.0
3851 333.0
3852 427.0
3853 427.0
3854 427.0
3855 203.0
3856 427.0
3857 427.0
3858 109.0
3859 370.0
3860 333.0
3861 427.0
3862 209.0
3863 427.0
3864 347.0
3865 203.0
3866 203.0
3867 225.0
3868 204.0
3869 204.0
3870 532.0
3871 98.0
3872 252.0
3873 427.0
3874 427.0
3875 485.0
3876 607.0
3877 368.0
3878 252.0
3879 427.0
3880 427.0
3881 427.0
3882 427.0
3883 427.0
3884 135.0
3885 427.0
3886 427.0
3887 114.0
3888 373.0
3889 373.0
3890 427.0
3891 427.0
3892 252.0
3893 427.0
3894 366.0
3895 427.0
3896 252.0
3897 427.0
3898 373.0
3899 103.0
3900 373.0
3901 427.0
3902 427.0
3903 427.0
3904 427.0
3905 427.0
3906 147.0
3907 427.0
3908 427.0
3909 370.0
3910 427.0
3911 370.0
3912 427.0
3913 251.0
3914 427.0
3915 209.0
3916 251.0
3917 347.0
3918 180.0
3919 427.0
3920 204.0
3921 607.0
3922 0.0
3923 116.0
3924 427.0
3925 0.0
3926 427.0
3927 607.0
3928 427.0
3929 203.0
3930 427.0
3931 427.0
3932 320.0
3933 427.0
3934 427.0
3935 427.0
3936 427.0
3937 119.0
3938 114.0
3939 373.0
3940 373.0
3941 427.0
3942 427.0
3943 317.0
3944 427.0
3945 366.0
3946 427.0
3947 427.0
3948 373.0
3949 335.0
3950 373.0
3951 373.0
3952 427.0
3953 427.0
3954 427.0
3955 427.0
3956 427.0
3957 203.0
3958 427.0
3959 362.0
3960 252.0
3961 333.0
3962 370.0
3963 427.0
3964 209.0
3965 209.0
3966 180.0
3967 203.0
3968 347.0
3969 204.0
3970 204.0
3971 607.0
3972 220.0
3973 104.0
3974 203.0
3975 320.0
3976 364.0
3977 589.0
3978 607.0
3979 203.0
3980 427.0
3981 427.0
3982 427.0
3983 427.0
3984 427.0
3985 427.0
3986 135.0
3987 427.0
3988 427.0
3989 114.0
3990 373.0
3991 373.0
3992 427.0
3993 427.0
3994 252.0
3995 427.0
3996 427.0
3997 427.0
3998 114.0
3999 373.0
4000 373.0
4001 103.0
4002 373.0
4003 427.0
4004 333.0
4005 427.0
4006 427.0
4007 427.0
4008 427.0
4009 427.0
4010 362.0
4011 98.0
4012 427.0
4013 333.0
4014 209.0
4015 209.0
4016 427.0
4017 180.0
4018 251.0
4019 30.0
4020 602.0
4021 204.0
4022 607.0
4023 532.0
4024 98.0
4025 427.0
4026 320.0
4027 203.0
4028 517.0
4029 607.0
4030 485.0
4031 174.0
4032 427.0
4033 427.0
4034 427.0
4035 427.0
4036 427.0
4037 135.0
4038 427.0
4039 252.0
4040 203.0
4041 373.0
4042 427.0
4043 427.0
4044 427.0
4045 252.0
4046 427.0
4047 427.0
4048 427.0
4049 427.0
4050 333.0
4051 373.0
4052 373.0
4053 373.0
4054 427.0
4055 427.0
4056 427.0
4057 427.0
4058 427.0
4059 147.0
4060 427.0
4061 427.0
4062 427.0
4063 427.0
4064 427.0
4065 427.0
4066 188.0
4067 209.0
4068 209.0
4069 320.0
4070 204.0
4071 225.0
4072 252.0
4073 204.0
4074 226.0
4075 98.0
4076 116.0
4077 427.0
4078 0.0
4079 203.0
4080 607.0
4081 368.0
4082 185.0
4083 427.0
4084 427.0
4085 427.0
4086 427.0
4087 427.0
4088 135.0
4089 427.0
4090 119.0
4091 204.0
4092 373.0
4093 373.0
4094 427.0
4095 427.0
4096 252.0
4097 427.0
4098 366.0
4099 427.0
4100 252.0
4101 114.0
4102 373.0
4103 167.0
4104 103.0
4105 427.0
4106 251.0
4107 427.0
4108 427.0
4109 427.0
4110 427.0
4111 427.0
4112 427.0
4113 370.0
4114 333.0
4115 427.0
4116 427.0
4117 347.0
4118 209.0
4119 251.0
4120 427.0
4121 347.0
4122 204.0
4123 225.0
4124 226.0
4125 226.0
4126 98.0
4127 116.0
4128 427.0
4129 203.0
4130 589.0
4131 607.0
4132 427.0
4133 203.0
4134 427.0
4135 427.0
4136 427.0
4137 427.0
4138 252.0
4139 135.0
4140 427.0
4141 203.0
4142 252.0
4143 373.0
4144 373.0
4145 427.0
4146 427.0
4147 252.0
4148 427.0
4149 427.0
4150 427.0
4151 427.0
4152 373.0
4153 373.0
4154 373.0
4155 427.0
4156 427.0
4157 427.0
4158 427.0
4159 427.0
4160 427.0
4161 203.0
4162 427.0
4163 362.0
4164 98.0
4165 333.0
4166 427.0
4167 427.0
4168 362.0
4169 427.0
4170 186.0
4171 203.0
4172 203.0
4173 186.0
4174 204.0
4175 204.0
4176 586.0
4177 104.0
4178 318.0
4179 320.0
4180 204.0
4181 485.0
4182 607.0
4183 427.0
4184 203.0
4185 427.0
4186 427.0
4187 427.0
4188 427.0
4189 252.0
4190 427.0
4191 427.0
4192 252.0
4193 252.0
4194 373.0
4195 373.0
4196 427.0
4197 427.0
4198 427.0
4199 427.0
4200 366.0
4201 427.0
4202 427.0
4203 427.0
4204 156.0
4205 373.0
4206 373.0
4207 427.0
4208 427.0
4209 427.0
4210 427.0
4211 427.0
4212 147.0
4213 427.0
4214 427.0
4215 367.0
4216 427.0
4217 427.0
4218 209.0
4219 209.0
4220 427.0
4221 347.0
4222 251.0
4223 0.0
4224 347.0
4225 252.0
4226 607.0
4227 427.0
4228 204.0
4229 427.0
4230 364.0
4231 204.0
4232 427.0
4233 607.0
4234 368.0
4235 203.0
4236 427.0
4237 427.0
4238 427.0
4239 427.0
4240 427.0
4241 427.0
4242 427.0
4243 252.0
4244 125.0
4245 373.0
4246 373.0
4247 427.0
4248 427.0
4249 252.0
4250 427.0
4251 366.0
4252 427.0
4253 427.0
4254 336.0
4255 103.0
4256 373.0
4257 103.0
4258 427.0
4259 333.0
4260 427.0
4261 427.0
4262 427.0
4263 427.0
4264 427.0
4265 427.0
4266 370.0
4267 427.0
4268 427.0
4269 427.0
4270 251.0
4271 427.0
4272 209.0
4273 320.0
4274 203.0
4275 204.0
4276 214.0
4277 427.0
4278 226.0
4279 98.0
4280 116.0
4281 203.0
4282 49.0
4283 589.0
4284 607.0
4285 427.0
4286 203.0
4287 427.0
4288 427.0
4289 427.0
4290 427.0
4291 427.0
4292 135.0
4293 427.0
4294 203.0
4295 203.0
4296 373.0
4297 373.0
4298 427.0
4299 427.0
4300 317.0
4301 427.0
4302 427.0
4303 427.0
4304 427.0
4305 373.0
4306 373.0
4307 373.0
4308 427.0
4309 370.0
4310 370.0
4311 427.0
4312 427.0
4313 427.0
4314 203.0
4315 427.0
4316 427.0
4317 120.0
4318 427.0
4319 427.0
4320 427.0
4321 209.0
4322 209.0
4323 427.0
4324 251.0
4325 203.0
4326 347.0
4327 204.0
4328 204.0
4329 220.0
4330 313.0
4331 427.0
4332 368.0
4333 359.0
4334 589.0
4335 607.0
4336 427.0
4337 203.0
4338 427.0
4339 427.0
4340 427.0
4341 427.0
4342 427.0
4343 427.0
4344 427.0
4345 252.0
4346 252.0
4347 373.0
4348 373.0
4349 427.0
4350 427.0
4351 317.0
4352 427.0
4353 366.0
4354 427.0
4355 427.0
4356 373.0
4357 373.0
4358 373.0
4359 373.0
4360 427.0
4361 427.0
4362 427.0
4363 427.0
4364 427.0
4365 427.0
4366 427.0
4367 362.0
4368 370.0
4369 333.0
4370 427.0
4371 235.0
4372 209.0
4373 209.0
4374 193.0
4375 242.0
4376 203.0
4377 252.0
4378 225.0
4379 226.0
4380 427.0
4381 204.0
4382 427.0
4383 252.0
4384 427.0
4385 517.0
4386 607.0
4387 368.0
4388 203.0
4389 427.0
4390 427.0
4391 427.0
4392 427.0
4393 252.0
4394 135.0
4395 427.0
4396 252.0
4397 252.0
4398 373.0
4399 204.0
4400 427.0
4401 427.0
4402 317.0
4403 427.0
4404 366.0
4405 427.0
4406 427.0
4407 427.0
4408 373.0
4409 373.0
4410 373.0
4411 427.0
4412 427.0
4413 427.0
4414 427.0
4415 427.0
4416 427.0
4417 427.0
4418 427.0
4419 370.0
4420 427.0
4421 427.0
4422 427.0
4423 251.0
4424 427.0
4425 209.0
4426 204.0
4427 203.0
4428 251.0
4429 251.0
4430 607.0
4431 532.0
4432 104.0
4433 252.0
4434 203.0
4435 252.0
4436 427.0
4437 607.0
4438 427.0
4439 49.0
4440 427.0
4441 427.0
4442 427.0
4443 427.0
4444 252.0
4445 135.0
4446 427.0
4447 252.0
4448 204.0
4449 373.0
4450 114.0
4451 427.0
4452 427.0
4453 252.0
4454 427.0
4455 427.0
4456 427.0
4457 427.0
4458 427.0
4459 103.0
4460 373.0
4461 120.0
4462 427.0
4463 251.0
4464 427.0
4465 427.0
4466 427.0
4467 427.0
4468 427.0
4469 427.0
4470 109.0
4471 427.0
4472 427.0
4473 427.0
4474 186.0
4475 427.0
4476 361.0
4477 242.0
4478 203.0
4479 204.0
4480 204.0
4481 607.0
4482 532.0
4483 98.0
4484 116.0
4485 427.0
4486 203.0
4487 589.0
4488 607.0
4489 427.0
4490 92.0
4491 427.0
4492 427.0
4493 427.0
4494 427.0
4495 427.0
4496 135.0
4497 427.0
4498 192.0
4499 109.0
4500 373.0
4501 427.0
4502 427.0
4503 427.0
4504 317.0
4505 427.0
4506 427.0
4507 427.0
4508 427.0
4509 373.0
4510 373.0
4511 373.0
4512 103.0
4513 427.0
4514 427.0
4515 427.0
4516 427.0
4517 427.0
4518 203.0
4519 427.0
4520 362.0
4521 109.0
4522 333.0
4523 427.0
4524 209.0
4525 362.0
4526 209.0
4527 180.0
4528 242.0
4529 32.0
4530 251.0
4531 204.0
4532 226.0
4533 252.0
4534 204.0
4535 427.0
4536 126.0
4537 320.0
4538 589.0
4539 607.0
4540 485.0
4541 204.0
4542 427.0
4543 427.0
4544 427.0
4545 427.0
4546 252.0
4547 135.0
4548 427.0
4549 252.0
4550 252.0
4551 373.0
4552 373.0
4553 427.0
4554 427.0
4555 252.0
4556 427.0
4557 366.0
4558 373.0
4559 427.0
4560 373.0
4561 335.0
4562 103.0
4563 373.0
4564 427.0
4565 427.0
4566 427.0
4567 427.0
4568 427.0
4569 362.0
4570 427.0
4571 427.0
4572 180.0
4573 427.0
4574 427.0
4575 235.0
4576 251.0
4577 209.0
4578 203.0
4579 251.0
4580 204.0
4581 214.0
4582 0.0
4583 427.0
4584 532.0
4585 204.0
4586 427.0
4587 203.0
4588 372.0
4589 427.0
4590 607.0
4591 485.0
4592 95.0
4593 427.0
4594 427.0
4595 427.0
4596 427.0
4597 427.0
4598 427.0
4599 427.0
4600 252.0
4601 373.0
4602 373.0
4603 427.0
4604 427.0
4605 427.0
4606 252.0
4607 427.0
4608 366.0
4609 427.0
4610 427.0
4611 427.0
4612 373.0
4613 373.0
4614 373.0
4615 427.0
4616 333.0
4617 427.0
4618 427.0
4619 427.0
4620 427.0
4621 427.0
4622 427.0
4623 252.0
4624 427.0
4625 427.0
4626 347.0
4627 251.0
4628 427.0
4629 186.0
4630 242.0
4631 180.0
4632 347.0
4633 204.0
4634 607.0
4635 532.0
4636 176.0
4637 116.0
4638 427.0
4639 427.0
4640 427.0
4641 607.0
4642 427.0
4643 92.0
4644 427.0
4645 427.0
4646 427.0
4647 427.0
4648 427.0
4649 427.0
4650 427.0
4651 203.0
4652 114.0
4653 373.0
4654 114.0
4655 427.0
4656 427.0
4657 252.0
4658 427.0
4659 427.0
4660 427.0
4661 427.0
4662 114.0
4663 156.0
4664 373.0
4665 373.0
4666 427.0
4667 427.0
4668 427.0
4669 427.0
4670 427.0
4671 203.0
4672 427.0
4673 427.0
4674 362.0
4675 427.0
4676 427.0
4677 427.0
4678 209.0
4679 427.0
4680 251.0
4681 476.0
4682 347.0
4683 203.0
4684 251.0
4685 226.0
4686 252.0
4687 312.0
4688 427.0
4689 368.0
4690 203.0
4691 589.0
4692 607.0
4693 485.0
4694 204.0
4695 203.0
4696 427.0
4697 427.0
4698 427.0
4699 427.0
4700 135.0
4701 427.0
4702 252.0
4703 114.0
4704 114.0
4705 427.0
4706 427.0
4707 427.0
4708 252.0
4709 427.0
4710 427.0
4711 427.0
4712 427.0
4713 427.0
4714 103.0
4715 373.0
4716 427.0
4717 427.0
4718 427.0
4719 427.0
4720 427.0
4721 427.0
4722 203.0
4723 427.0
4724 427.0
4725 204.0
4726 427.0
4727 427.0
4728 235.0
4729 204.0
4730 209.0
4731 203.0
4732 193.0
4733 180.0
4734 427.0
4735 0.0
4736 607.0
4737 204.0
4738 0.0
4739 427.0
4740 427.0
4741 185.0
4742 427.0
4743 607.0
4744 485.0
4745 98.0
4746 203.0
4747 427.0
4748 427.0
4749 427.0
4750 252.0
4751 135.0
4752 427.0
4753 252.0
4754 373.0
4755 373.0
4756 373.0
4757 427.0
4758 427.0
4759 252.0
4760 427.0
4761 366.0
4762 427.0
4763 427.0
4764 373.0
4765 335.0
4766 373.0
4767 373.0
4768 427.0
4769 427.0
4770 427.0
4771 427.0
4772 427.0
4773 367.0
4774 427.0
4775 427.0
4776 367.0
4777 427.0
4778 427.0
4779 235.0
4780 251.0
4781 209.0
4782 347.0
4783 251.0
4784 180.0
4785 226.0
4786 536.0
4787 427.0
4788 220.0
4789 32.0
4790 427.0
4791 427.0
4792 203.0
4793 589.0
4794 607.0
4795 589.0
4796 118.0
4797 427.0
4798 427.0
4799 427.0
4800 427.0
4801 252.0
4802 135.0
4803 427.0
4804 252.0
4805 373.0
4806 427.0
4807 373.0
4808 427.0
4809 427.0
4810 252.0
4811 427.0
4812 427.0
4813 427.0
4814 427.0
4815 427.0
4816 427.0
4817 373.0
4818 331.0
4819 427.0
4820 312.0
4821 427.0
4822 427.0
4823 427.0
4824 147.0
4825 427.0
4826 427.0
4827 367.0
4828 427.0
4829 427.0
4830 347.0
4831 251.0
4832 427.0
4833 0.0
4834 347.0
4835 368.0
4836 204.0
4837 204.0
4838 204.0
4839 251.0
4840 104.0
4841 252.0
4842 364.0
4843 203.0
4844 589.0
4845 607.0
4846 427.0
4847 427.0
4848 427.0
4849 427.0
4850 427.0
4851 427.0
4852 427.0
4853 135.0
4854 427.0
4855 119.0
4856 120.0
4857 373.0
4858 427.0
4859 427.0
4860 427.0
4861 252.0
4862 427.0
4863 427.0
4864 427.0
4865 427.0
4866 427.0
4867 103.0
4868 103.0
4869 103.0
4870 427.0
4871 427.0
4872 427.0
4873 427.0
4874 427.0
4875 427.0
4876 427.0
4877 427.0
4878 204.0
4879 427.0
4880 427.0
4881 235.0
4882 209.0
4883 209.0
4884 186.0
4885 347.0
4886 180.0
4887 226.0
4888 0.0
4889 226.0
4890 427.0
4891 203.0
4892 427.0
4893 252.0
4894 427.0
4895 589.0
4896 607.0
4897 485.0
4898 204.0
4899 203.0
4900 314.0
4901 427.0
4902 427.0
4903 252.0
4904 135.0
4905 427.0
4906 252.0
4907 373.0
4908 373.0
4909 427.0
4910 427.0
4911 427.0
4912 252.0
4913 427.0
4914 427.0
4915 427.0
4916 427.0
4917 373.0
4918 373.0
4919 373.0
4920 373.0
4921 427.0
4922 427.0
4923 427.0
4924 427.0
4925 427.0
4926 203.0
4927 427.0
4928 427.0
4929 104.0
4930 427.0
4931 427.0
4932 251.0
4933 427.0
4934 209.0
4935 203.0
4936 251.0
4937 226.0
4938 214.0
4939 427.0
4940 204.0
4941 220.0
4942 98.0
4943 427.0
4944 427.0
4945 203.0
4946 427.0
4947 607.0
4948 589.0
4949 204.0
4950 427.0
4951 427.0
4952 427.0
4953 427.0
4954 252.0
4955 135.0
4956 427.0
4957 252.0
4958 204.0
4959 373.0
4960 373.0
4961 427.0
4962 427.0
4963 252.0
4964 427.0
4965 366.0
4966 427.0
4967 427.0
4968 427.0
4969 427.0
4970 373.0
4971 373.0
4972 427.0
4973 427.0
4974 427.0
4975 427.0
4976 427.0
4977 147.0
4978 427.0
4979 427.0
4980 252.0
4981 427.0
4982 427.0
4983 347.0
4984 251.0
4985 427.0
4986 180.0
4987 251.0
4988 203.0
4989 204.0
4990 204.0
4991 607.0
4992 220.0
4993 98.0
4994 427.0
4995 427.0
4996 203.0
4997 589.0
4998 607.0
4999 589.0
5000 240.0
5001 427.0
5002 427.0
5003 427.0
5004 427.0
5005 427.0
5006 135.0
5007 427.0
5008 203.0
5009 109.0
5010 373.0
5011 427.0
5012 427.0
5013 427.0
5014 252.0
5015 427.0
5016 427.0
5017 427.0
5018 427.0
5019 114.0
5020 103.0
5021 373.0
5022 373.0
5023 427.0
5024 427.0
5025 427.0
5026 427.0
5027 427.0
5028 427.0
5029 427.0
5030 427.0
5031 109.0
5032 427.0
5033 427.0
5034 251.0
5035 361.0
5036 427.0
5037 209.0
5038 247.0
5039 427.0
5040 251.0
5041 214.0
5042 607.0
5043 427.0
5044 98.0
5045 116.0
5046 427.0
5047 202.0
5048 589.0
5049 607.0
5050 517.0
5051 92.0
5052 427.0
5053 427.0
5054 320.0
5055 427.0
5056 427.0
5057 427.0
5058 427.0
5059 141.0
5060 252.0
5061 373.0
5062 114.0
5063 427.0
5064 427.0
5065 252.0
5066 427.0
5067 427.0
5068 427.0
5069 427.0
5070 427.0
5071 203.0
5072 373.0
5073 373.0
5074 427.0
5075 427.0
5076 427.0
5077 427.0
5078 427.0
5079 203.0
5080 427.0
5081 427.0
5082 252.0
5083 427.0
5084 427.0
5085 347.0
5086 209.0
5087 209.0
5088 347.0
5089 427.0
5090 34.0
5091 180.0
5092 214.0
5093 226.0
5094 532.0
5095 127.0
5096 427.0
5097 320.0
5098 203.0
5099 427.0
5100 607.0
