1 147.0
2 0.0
3 163.0
4 43.0
5 0.0
6 33.0
7 0.0
8 30.0
9 0.0
10 120.0
11 34.0
12 90.0
13 0.0
14 50.0
15 94.0
16 0.0
17 50.0
18 0.0
19 0.0
20 32.0
21 0.0
22 203.0
23 0.0
24 0.0
25 20.0
26 1.0
27 38.0
28 0.0
29 39.0
30 0.0
31 180.0
32 38.0
33 0.0
34 0.0
35 30.0
36 33.0
37 0.0
38 0.0
39 6.0
40 32.0
41 203.0
42 204.0
43 33.0
44 186.0
45 0.0
46 39.0
47 0.0
48 30.0
49 169.0
50 25.0
51 204.0
52 147.0
53 158.0
54 163.0
55 203.0
56 43.0
57 33.0
58 0.0
59 30.0
60 120.0
61 120.0
62 125.0
63 90.0
64 17.0
65 71.0
66 94.0
67 38.0
68 50.0
69 30.0
70 25.0
71 32.0
72 0.0
73 203.0
74 0.0
75 20.0
76 20.0
77 0.0
78 38.0
79 49.0
80 39.0
81 204.0
82 180.0
83 38.0
84 0.0
85 98.0
86 33.0
87 33.0
88 7.0
89 6.0
90 32.0
91 177.0
92 185.0
93 204.0
94 204.0
95 186.0
96 131.0
97 39.0
98 0.0
99 0.0
100 169.0
101 25.0
102 204.0
103 158.0
104 32.0
105 115.0
106 94.0
107 49.0
108 0.0
109 0.0
110 98.0
111 143.0
112 131.0
113 126.0
114 93.0
115 203.0
116 0.0
117 94.0
118 43.0
119 50.0
120 0.0
121 76.0
122 32.0
123 0.0
124 203.0
125 39.0
126 251.0
127 20.0
128 0.0
129 60.0
130 49.0
131 204.0
132 203.0
133 203.0
134 27.0
135 61.0
136 87.0
137 0.0
138 33.0
139 7.0
140 0.0
141 182.0
142 142.0
143 203.0
144 204.0
145 204.0
146 204.0
147 24.0
148 0.0
149 39.0
150 175.0
151 169.0
152 33.0
153 251.0
154 124.0
155 36.0
156 115.0
157 163.0
158 32.0
159 33.0
160 198.0
161 163.0
162 96.0
163 178.0
164 126.0
165 110.0
166 203.0
167 204.0
168 94.0
169 43.0
170 50.0
171 0.0
172 82.0
173 82.0
174 0.0
175 203.0
176 203.0
177 251.0
178 203.0
179 60.0
180 49.0
181 204.0
182 203.0
183 8.0
184 203.0
185 203.0
186 148.0
187 0.0
188 37.0
189 33.0
190 33.0
191 252.0
192 186.0
193 33.0
194 204.0
195 204.0
196 203.0
197 251.0
198 0.0
199 0.0
200 0.0
201 169.0
202 169.0
203 109.0
204 252.0
205 158.0
206 0.0
207 33.0
208 203.0
209 131.0
210 128.0
211 131.0
212 136.0
213 93.0
214 142.0
215 126.0
216 203.0
217 203.0
218 204.0
219 203.0
220 43.0
221 50.0
222 61.0
223 82.0
224 82.0
225 0.0
226 203.0
227 11.0
228 251.0
229 38.0
230 49.0
231 204.0
232 204.0
233 204.0
234 0.0
235 203.0
236 186.0
237 0.0
238 2.0
239 24.0
240 30.0
241 203.0
242 186.0
243 186.0
244 32.0
245 164.0
246 204.0
247 204.0
248 204.0
249 24.0
250 169.0
251 169.0
252 169.0
253 175.0
254 109.0
255 252.0
256 32.0
257 147.0
258 33.0
259 115.0
260 38.0
261 203.0
262 193.0
263 203.0
264 98.0
265 125.0
266 204.0
267 203.0
268 204.0
269 204.0
270 203.0
271 158.0
272 83.0
273 82.0
274 82.0
275 76.0
276 0.0
277 203.0
278 203.0
279 0.0
280 203.0
281 203.0
282 251.0
283 144.0
284 1.0
285 203.0
286 32.0
287 0.0
288 0.0
289 56.0
290 8.0
291 203.0
292 203.0
293 0.0
294 186.0
295 39.0
296 203.0
297 204.0
298 251.0
299 251.0
300 203.0
301 31.0
302 163.0
303 175.0
304 175.0
305 169.0
306 252.0
307 128.0
308 147.0
309 44.0
310 50.0
311 93.0
312 175.0
313 153.0
314 0.0
315 59.0
316 203.0
317 203.0
318 204.0
319 0.0
320 127.0
321 0.0
322 203.0
323 6.0
324 76.0
325 82.0
326 76.0
327 0.0
328 203.0
329 203.0
330 203.0
331 3.0
332 114.0
333 60.0
334 251.0
335 203.0
336 204.0
337 203.0
338 186.0
339 43.0
340 30.0
341 8.0
342 203.0
343 251.0
344 203.0
345 203.0
346 0.0
347 180.0
348 180.0
349 203.0
350 204.0
351 203.0
352 251.0
353 180.0
354 169.0
355 175.0
356 103.0
357 252.0
358 163.0
359 158.0
360 32.0
361 50.0
362 168.0
363 203.0
364 131.0
365 136.0
366 82.0
367 203.0
368 203.0
369 38.0
370 203.0
371 204.0
372 204.0
373 203.0
374 38.0
375 0.0
376 82.0
377 82.0
378 0.0
379 203.0
380 2.0
381 251.0
382 251.0
383 136.0
384 203.0
385 65.0
386 251.0
387 0.0
388 148.0
389 203.0
390 201.0
391 14.0
392 30.0
393 203.0
394 189.0
395 186.0
396 203.0
397 203.0
398 204.0
399 163.0
400 204.0
401 204.0
402 0.0
403 203.0
404 51.0
405 180.0
406 169.0
407 175.0
408 252.0
409 266.0
410 0.0
411 38.0
412 115.0
413 178.0
414 32.0
415 197.0
416 126.0
417 104.0
418 57.0
419 181.0
420 0.0
421 152.0
422 152.0
423 149.0
424 251.0
425 44.0
426 0.0
427 82.0
428 82.0
429 0.0
430 203.0
431 203.0
432 3.0
433 251.0
434 203.0
435 203.0
436 203.0
437 60.0
438 203.0
439 32.0
440 0.0
441 39.0
442 203.0
443 203.0
444 25.0
445 203.0
446 203.0
447 186.0
448 0.0
449 203.0
450 181.0
451 204.0
452 204.0
453 203.0
454 158.0
455 169.0
456 109.0
457 175.0
458 43.0
459 266.0
460 142.0
461 154.0
462 115.0
463 203.0
464 203.0
465 175.0
466 0.0
467 0.0
468 144.0
469 186.0
470 203.0
471 203.0
472 159.0
473 152.0
474 204.0
475 43.0
476 11.0
477 82.0
478 82.0
479 82.0
480 0.0
481 203.0
482 203.0
483 1.0
484 38.0
485 203.0
486 60.0
487 203.0
488 60.0
489 203.0
490 203.0
491 203.0
492 74.0
493 24.0
494 30.0
495 203.0
496 203.0
497 203.0
498 203.0
499 0.0
500 158.0
501 203.0
502 203.0
503 252.0
504 204.0
505 136.0
506 169.0
507 180.0
508 175.0
509 191.0
510 266.0
511 185.0
512 32.0
513 31.0
514 50.0
515 234.0
516 146.0
517 0.0
518 203.0
519 29.0
520 93.0
521 204.0
522 363.0
523 0.0
524 203.0
525 93.0
526 0.0
527 204.0
528 0.0
529 76.0
530 82.0
531 0.0
532 203.0
533 203.0
534 251.0
535 251.0
536 65.0
537 49.0
538 60.0
539 203.0
540 203.0
541 204.0
542 186.0
543 175.0
544 201.0
545 0.0
546 203.0
547 20.0
548 235.0
549 236.0
550 203.0
551 174.0
552 204.0
553 363.0
554 204.0
555 204.0
556 203.0
557 33.0
558 169.0
559 175.0
560 180.0
561 363.0
562 178.0
563 103.0
564 43.0
565 55.0
566 104.0
567 178.0
568 0.0
569 136.0
570 0.0
571 204.0
572 38.0
573 38.0
574 0.0
575 204.0
576 251.0
577 251.0
578 203.0
579 87.0
580 76.0
581 82.0
582 0.0
583 203.0
584 31.0
585 251.0
586 0.0
587 82.0
588 203.0
589 60.0
590 203.0
591 204.0
592 204.0
593 203.0
594 39.0
595 0.0
596 45.0
597 251.0
598 203.0
599 202.0
600 186.0
601 203.0
602 204.0
603 204.0
604 364.0
605 203.0
606 204.0
607 203.0
608 97.0
609 169.0
610 175.0
611 202.0
612 364.0
613 294.0
614 98.0
615 196.0
616 200.0
617 202.0
618 55.0
619 122.0
620 203.0
621 39.0
622 203.0
623 443.0
624 204.0
625 364.0
626 203.0
627 152.0
628 3.0
629 203.0
630 0.0
631 203.0
632 82.0
633 0.0
634 203.0
635 203.0
636 0.0
637 38.0
638 158.0
639 251.0
640 203.0
641 103.0
642 203.0
643 203.0
644 203.0
645 0.0
646 1.0
647 203.0
648 203.0
649 203.0
650 203.0
651 203.0
652 32.0
653 203.0
654 203.0
655 203.0
656 364.0
657 251.0
658 31.0
659 169.0
660 109.0
661 257.0
662 200.0
663 443.0
664 300.0
665 158.0
666 44.0
667 186.0
668 234.0
669 93.0
670 0.0
671 0.0
672 203.0
673 203.0
674 0.0
675 0.0
676 203.0
677 0.0
678 0.0
679 204.0
680 33.0
681 0.0
682 203.0
683 203.0
684 0.0
685 203.0
686 53.0
687 203.0
688 251.0
689 203.0
690 59.0
691 251.0
692 17.0
693 203.0
694 204.0
695 186.0
696 79.0
697 0.0
698 25.0
699 203.0
700 233.0
701 235.0
702 239.0
703 60.0
704 204.0
705 203.0
706 363.0
707 203.0
708 363.0
709 363.0
710 175.0
711 258.0
712 142.0
713 196.0
714 443.0
715 158.0
716 30.0
717 32.0
718 203.0
719 104.0
720 44.0
721 0.0
722 203.0
723 148.0
724 388.0
725 443.0
726 0.0
727 38.0
728 443.0
729 152.0
730 12.0
731 204.0
732 0.0
733 203.0
734 203.0
735 0.0
736 203.0
737 203.0
738 251.0
739 203.0
740 2.0
741 251.0
742 65.0
743 180.0
744 49.0
745 204.0
746 203.0
747 39.0
748 203.0
749 0.0
750 203.0
751 203.0
752 226.0
753 635.0
754 60.0
755 158.0
756 203.0
757 364.0
758 363.0
759 203.0
760 203.0
761 363.0
762 142.0
763 158.0
764 98.0
765 635.0
766 93.0
767 271.0
768 33.0
769 180.0
770 203.0
771 178.0
772 134.0
773 136.0
774 0.0
775 0.0
776 0.0
777 443.0
778 34.0
779 0.0
780 203.0
781 204.0
782 203.0
783 0.0
784 31.0
785 12.0
786 0.0
787 203.0
788 226.0
789 251.0
790 38.0
791 87.0
792 203.0
793 203.0
794 203.0
795 203.0
796 204.0
797 204.0
798 202.0
799 1.0
800 127.0
801 203.0
802 203.0
803 251.0
804 203.0
805 30.0
806 204.0
807 364.0
808 203.0
809 203.0
810 158.0
811 130.0
812 51.0
813 251.0
814 196.0
815 202.0
816 635.0
817 278.0
818 116.0
819 163.0
820 183.0
821 203.0
822 93.0
823 193.0
824 202.0
825 63.0
826 203.0
827 82.0
828 0.0
829 30.0
830 203.0
831 203.0
832 0.0
833 11.0
834 0.0
835 203.0
836 203.0
837 0.0
838 226.0
839 203.0
840 20.0
841 203.0
842 158.0
843 49.0
844 251.0
845 204.0
846 204.0
847 204.0
848 204.0
849 251.0
850 203.0
851 25.0
852 203.0
853 225.0
854 203.0
855 251.0
856 43.0
857 203.0
858 203.0
859 203.0
860 364.0
861 203.0
862 151.0
863 174.0
864 270.0
865 142.0
866 98.0
867 635.0
868 142.0
869 258.0
870 203.0
871 183.0
872 203.0
873 55.0
874 175.0
875 203.0
876 204.0
877 443.0
878 0.0
879 443.0
880 204.0
881 443.0
882 152.0
883 203.0
884 203.0
885 0.0
886 203.0
887 203.0
888 0.0
889 182.0
890 203.0
891 20.0
892 203.0
893 202.0
894 203.0
895 65.0
896 60.0
897 38.0
898 204.0
899 251.0
900 34.0
901 0.0
902 203.0
903 203.0
904 203.0
905 203.0
906 251.0
907 43.0
908 158.0
909 203.0
910 363.0
911 203.0
912 203.0
913 152.0
914 88.0
915 251.0
916 259.0
917 297.0
918 635.0
919 93.0
920 180.0
921 32.0
922 203.0
923 203.0
924 186.0
925 128.0
926 1.0
927 0.0
928 0.0
929 0.0
930 0.0
931 443.0
932 204.0
933 204.0
934 203.0
935 204.0
936 0.0
937 203.0
938 87.0
939 100.0
940 203.0
941 182.0
942 251.0
943 251.0
944 60.0
945 204.0
946 251.0
947 60.0
948 60.0
949 204.0
950 127.0
951 202.0
952 0.0
953 203.0
954 203.0
955 203.0
956 204.0
957 203.0
958 203.0
959 203.0
960 203.0
961 364.0
962 203.0
963 270.0
964 104.0
965 57.0
966 364.0
967 267.0
968 202.0
969 635.0
970 282.0
971 281.0
972 38.0
973 158.0
974 334.0
975 153.0
976 199.0
977 2.0
978 0.0
979 0.0
980 367.0
981 38.0
982 0.0
983 203.0
984 203.0
985 204.0
986 204.0
987 0.0
988 203.0
989 203.0
990 100.0
991 203.0
992 251.0
993 38.0
994 251.0
995 169.0
996 203.0
997 203.0
998 61.0
999 204.0
1000 251.0
1001 204.0
1002 203.0
1003 12.0
1004 224.0
1005 203.0
1006 202.0
1007 203.0
1008 204.0
1009 142.0
1010 364.0
1011 363.0
1012 363.0
1013 203.0
1014 203.0
1015 151.0
1016 175.0
1017 251.0
1018 363.0
1019 98.0
1020 635.0
1021 294.0
1022 158.0
1023 175.0
1024 25.0
1025 334.0
1026 189.0
1027 105.0
1028 0.0
1029 0.0
1030 203.0
1031 0.0
1032 443.0
1033 364.0
1034 204.0
1035 443.0
1036 5.0
1037 203.0
1038 0.0
1039 203.0
1040 203.0
1041 251.0
1042 182.0
1043 203.0
1044 203.0
1045 251.0
1046 49.0
1047 60.0
1048 251.0
1049 60.0
1050 169.0
1051 100.0
1052 252.0
1053 38.0
1054 158.0
1055 25.0
1056 203.0
1057 251.0
1058 203.0
1059 251.0
1060 203.0
1061 203.0
1062 363.0
1063 363.0
1064 203.0
1065 203.0
1066 94.0
1067 158.0
1068 254.0
1069 80.0
1070 73.0
1071 635.0
1072 98.0
1073 169.0
1074 203.0
1075 183.0
1076 334.0
1077 120.0
1078 0.0
1079 203.0
1080 0.0
1081 72.0
1082 443.0
1083 0.0
1084 442.0
1085 204.0
1086 203.0
1087 0.0
1088 11.0
1089 0.0
1090 203.0
1091 203.0
1092 0.0
1093 40.0
1094 204.0
1095 3.0
1096 251.0
1097 71.0
1098 60.0
1099 65.0
1100 60.0
1101 251.0
1102 203.0
1103 203.0
1104 203.0
1105 6.0
1106 203.0
1107 203.0
1108 203.0
1109 203.0
1110 239.0
1111 147.0
1112 203.0
1113 203.0
1114 363.0
1115 203.0
1116 363.0
1117 104.0
1118 130.0
1119 251.0
1120 251.0
1121 98.0
1122 635.0
1123 142.0
1124 158.0
1125 203.0
1126 104.0
1127 334.0
1128 163.0
1129 142.0
1130 186.0
1131 204.0
1132 0.0
1133 443.0
1134 443.0
1135 443.0
1136 204.0
1137 33.0
1138 203.0
1139 203.0
1140 0.0
1141 203.0
1142 204.0
1143 75.0
1144 182.0
1145 203.0
1146 38.0
1147 251.0
1148 114.0
1149 203.0
1150 203.0
1151 203.0
1152 204.0
1153 204.0
1154 204.0
1155 203.0
1156 6.0
1157 251.0
1158 203.0
1159 217.0
1160 251.0
1161 203.0
1162 200.0
1163 204.0
1164 203.0
1165 364.0
1166 203.0
1167 133.0
1168 251.0
1169 103.0
1170 251.0
1171 240.0
1172 93.0
1173 635.0
1174 169.0
1175 79.0
1176 43.0
1177 191.0
1178 334.0
1179 210.0
1180 120.0
1181 0.0
1182 251.0
1183 203.0
1184 443.0
1185 0.0
1186 203.0
1187 204.0
1188 1.0
1189 204.0
1190 204.0
1191 83.0
1192 204.0
1193 204.0
1194 251.0
1195 182.0
1196 251.0
1197 20.0
1198 251.0
1199 203.0
1200 251.0
1201 203.0
1202 17.0
1203 204.0
1204 20.0
1205 204.0
1206 251.0
1207 0.0
1208 251.0
1209 203.0
1210 203.0
1211 235.0
1212 651.0
1213 0.0
1214 203.0
1215 203.0
1216 203.0
1217 203.0
1218 203.0
1219 158.0
1220 157.0
1221 70.0
1222 364.0
1223 163.0
1224 651.0
1225 178.0
1226 202.0
1227 204.0
1228 183.0
1229 202.0
1230 191.0
1231 38.0
1232 0.0
1233 203.0
1234 33.0
1235 443.0
1236 0.0
1237 383.0
1238 203.0
1239 204.0
1240 32.0
1241 29.0
1242 6.0
1243 204.0
1244 203.0
1245 48.0
1246 203.0
1247 203.0
1248 251.0
1249 203.0
1250 49.0
1251 59.0
1252 65.0
1253 18.0
1254 38.0
1255 204.0
1256 203.0
1257 38.0
1258 203.0
1259 203.0
1260 203.0
1261 203.0
1262 203.0
1263 270.0
1264 0.0
1265 203.0
1266 203.0
1267 363.0
1268 203.0
1269 203.0
1270 54.0
1271 51.0
1272 202.0
1273 115.0
1274 94.0
1275 651.0
1276 98.0
1277 169.0
1278 203.0
1279 173.0
1280 203.0
1281 208.0
1282 104.0
1283 251.0
1284 30.0
1285 30.0
1286 393.0
1287 443.0
1288 369.0
1289 204.0
1290 203.0
1291 203.0
1292 203.0
1293 0.0
1294 204.0
1295 203.0
1296 203.0
1297 182.0
1298 204.0
1299 38.0
1300 251.0
1301 76.0
1302 251.0
1303 251.0
1304 180.0
1305 38.0
1306 203.0
1307 203.0
1308 204.0
1309 38.0
1310 203.0
1311 203.0
1312 0.0
1313 203.0
1314 464.0
1315 76.0
1316 31.0
1317 364.0
1318 363.0
1319 203.0
1320 268.0
1321 251.0
1322 175.0
1323 83.0
1324 363.0
1325 251.0
1326 651.0
1327 93.0
1328 158.0
1329 115.0
1330 183.0
1331 308.0
1332 139.0
1333 0.0
1334 203.0
1335 0.0
1336 0.0
1337 443.0
1338 204.0
1339 443.0
1340 203.0
1341 33.0
1342 204.0
1343 203.0
1344 0.0
1345 203.0
1346 204.0
1347 226.0
1348 182.0
1349 203.0
1350 1.0
1351 251.0
1352 49.0
1353 203.0
1354 251.0
1355 203.0
1356 78.0
1357 204.0
1358 204.0
1359 203.0
1360 69.0
1361 251.0
1362 203.0
1363 203.0
1364 203.0
1365 635.0
1366 203.0
1367 164.0
1368 363.0
1369 363.0
1370 203.0
1371 363.0
1372 130.0
1373 251.0
1374 82.0
1375 92.0
1376 251.0
1377 651.0
1378 266.0
1379 83.0
1380 50.0
1381 183.0
1382 334.0
1383 168.0
1384 0.0
1385 0.0
1386 204.0
1387 252.0
1388 443.0
1389 0.0
1390 203.0
1391 204.0
1392 203.0
1393 32.0
1394 204.0
1395 0.0
1396 0.0
1397 127.0
1398 251.0
1399 203.0
1400 203.0
1401 20.0
1402 251.0
1403 32.0
1404 251.0
1405 251.0
1406 18.0
1407 169.0
1408 204.0
1409 203.0
1410 203.0
1411 38.0
1412 251.0
1413 0.0
1414 203.0
1415 203.0
1416 203.0
1417 196.0
1418 203.0
1419 364.0
1420 364.0
1421 203.0
1422 203.0
1423 158.0
1424 87.0
1425 251.0
1426 115.0
1427 251.0
1428 651.0
1429 294.0
1430 38.0
1431 38.0
1432 183.0
1433 203.0
1434 147.0
1435 71.0
1436 0.0
1437 30.0
1438 30.0
1439 442.0
1440 0.0
1441 204.0
1442 204.0
1443 203.0
1444 49.0
1445 204.0
1446 0.0
1447 204.0
1448 204.0
1449 203.0
1450 40.0
1451 152.0
1452 251.0
1453 251.0
1454 105.0
1455 251.0
1456 251.0
1457 60.0
1458 38.0
1459 0.0
1460 203.0
1461 203.0
1462 203.0
1463 203.0
1464 203.0
1465 0.0
1466 203.0
1467 267.0
1468 203.0
1469 164.0
1470 364.0
1471 363.0
1472 203.0
1473 203.0
1474 136.0
1475 30.0
1476 30.0
1477 115.0
1478 251.0
1479 651.0
1480 98.0
1481 191.0
1482 38.0
1483 173.0
1484 334.0
1485 55.0
1486 43.0
1487 203.0
1488 251.0
1489 30.0
1490 0.0
1491 203.0
1492 443.0
1493 204.0
1494 443.0
1495 203.0
1496 11.0
1497 204.0
1498 204.0
1499 204.0
1500 203.0
1501 203.0
1502 203.0
1503 8.0
1504 251.0
1505 60.0
1506 203.0
1507 251.0
1508 65.0
1509 204.0
1510 203.0
1511 203.0
1512 203.0
1513 203.0
1514 251.0
1515 203.0
1516 203.0
1517 363.0
1518 651.0
1519 49.0
1520 203.0
1521 203.0
1522 363.0
1523 203.0
1524 0.0
1525 104.0
1526 251.0
1527 363.0
1528 240.0
1529 275.0
1530 651.0
1531 158.0
1532 83.0
1533 163.0
1534 173.0
1535 334.0
1536 99.0
1537 0.0
1538 0.0
1539 203.0
1540 0.0
1541 443.0
1542 38.0
1543 442.0
1544 203.0
1545 203.0
1546 203.0
1547 11.0
1548 0.0
1549 204.0
1550 127.0
1551 251.0
1552 40.0
1553 203.0
1554 203.0
1555 251.0
1556 60.0
1557 251.0
1558 251.0
1559 203.0
1560 78.0
1561 204.0
1562 203.0
1563 32.0
1564 185.0
1565 251.0
1566 203.0
1567 203.0
1568 203.0
1569 203.0
1570 0.0
1571 203.0
1572 364.0
1573 363.0
1574 203.0
1575 203.0
1576 115.0
1577 251.0
1578 251.0
1579 363.0
1580 275.0
1581 651.0
1582 278.0
1583 38.0
1584 203.0
1585 173.0
1586 203.0
1587 93.0
1588 0.0
1589 251.0
1590 204.0
1591 0.0
1592 0.0
1593 0.0
1594 204.0
1595 56.0
1596 203.0
1597 203.0
1598 29.0
1599 121.0
1600 204.0
1601 203.0
1602 203.0
1603 226.0
1604 203.0
1605 20.0
1606 203.0
1607 60.0
1608 203.0
1609 251.0
1610 65.0
1611 169.0
1612 204.0
1613 204.0
1614 203.0
1615 203.0
1616 251.0
1617 0.0
1618 203.0
1619 203.0
1620 267.0
1621 0.0
1622 203.0
1623 363.0
1624 364.0
1625 364.0
1626 363.0
1627 158.0
1628 0.0
1629 6.0
1630 115.0
1631 251.0
1632 651.0
1633 98.0
1634 38.0
1635 43.0
1636 32.0
1637 334.0
1638 116.0
1639 33.0
1640 203.0
1641 363.0
1642 25.0
1643 443.0
1644 0.0
1645 364.0
1646 203.0
1647 203.0
1648 86.0
1649 0.0
1650 0.0
1651 204.0
1652 148.0
1653 203.0
1654 203.0
1655 203.0
1656 251.0
1657 251.0
1658 60.0
1659 251.0
1660 251.0
1661 60.0
1662 204.0
1663 0.0
1664 251.0
1665 203.0
1666 251.0
1667 251.0
1668 203.0
1669 6.0
1670 262.0
1671 203.0
1672 0.0
1673 164.0
1674 364.0
1675 363.0
1676 203.0
1677 203.0
1678 104.0
1679 0.0
1680 363.0
1681 115.0
1682 251.0
1683 651.0
1684 301.0
1685 169.0
1686 203.0
1687 180.0
1688 334.0
1689 38.0
1690 0.0
1691 70.0
1692 363.0
1693 0.0
1694 82.0
1695 38.0
1696 203.0
1697 204.0
1698 203.0
1699 32.0
1700 11.0
1701 204.0
1702 203.0
1703 204.0
1704 75.0
1705 203.0
1706 203.0
1707 203.0
1708 203.0
1709 131.0
1710 251.0
1711 251.0
1712 203.0
1713 78.0
1714 204.0
1715 85.0
1716 82.0
1717 169.0
1718 251.0
1719 191.0
1720 203.0
1721 239.0
1722 203.0
1723 60.0
1724 203.0
1725 364.0
1726 363.0
1727 203.0
1728 363.0
1729 142.0
1730 0.0
1731 251.0
1732 240.0
1733 262.0
1734 651.0
1735 278.0
1736 202.0
1737 203.0
1738 393.0
1739 334.0
1740 93.0
1741 0.0
1742 203.0
1743 363.0
1744 0.0
1745 443.0
1746 38.0
1747 369.0
1748 56.0
1749 203.0
1750 203.0
1751 29.0
1752 2.0
1753 204.0
1754 203.0
1755 251.0
1756 203.0
1757 152.0
1758 203.0
1759 203.0
1760 71.0
1761 251.0
1762 251.0
1763 203.0
1764 38.0
1765 203.0
1766 204.0
1767 78.0
1768 169.0
1769 251.0
1770 191.0
1771 203.0
1772 203.0
1773 651.0
1774 0.0
1775 203.0
1776 364.0
1777 363.0
1778 203.0
1779 203.0
1780 54.0
1781 251.0
1782 363.0
1783 252.0
1784 251.0
1785 651.0
1786 158.0
1787 203.0
1788 26.0
1789 191.0
1790 38.0
1791 93.0
1792 0.0
1793 203.0
1794 442.0
1795 38.0
1796 443.0
1797 204.0
1798 363.0
1799 204.0
1800 204.0
1801 75.0
1802 25.0
1803 0.0
1804 204.0
1805 203.0
1806 203.0
1807 203.0
1808 203.0
1809 0.0
1810 203.0
1811 60.0
1812 251.0
1813 251.0
1814 65.0
1815 169.0
1816 13.0
1817 203.0
1818 203.0
1819 203.0
1820 251.0
1821 202.0
1822 0.0
1823 286.0
1824 239.0
1825 203.0
1826 196.0
1827 364.0
1828 363.0
1829 203.0
1830 203.0
1831 446.0
1832 251.0
1833 363.0
1834 251.0
1835 262.0
1836 651.0
1837 300.0
1838 203.0
1839 0.0
1840 203.0
1841 98.0
1842 93.0
1843 0.0
1844 252.0
1845 0.0
1846 203.0
1847 393.0
1848 38.0
1849 364.0
1850 204.0
1851 203.0
1852 86.0
1853 0.0
1854 0.0
1855 204.0
1856 204.0
1857 75.0
1858 226.0
1859 204.0
1860 1.0
1861 251.0
1862 203.0
1863 251.0
1864 251.0
1865 60.0
1866 204.0
1867 204.0
1868 127.0
1869 147.0
1870 251.0
1871 251.0
1872 25.0
1873 0.0
1874 203.0
1875 635.0
1876 49.0
1877 191.0
1878 364.0
1879 203.0
1880 203.0
1881 363.0
1882 103.0
1883 105.0
1884 364.0
1885 239.0
1886 262.0
1887 651.0
1888 280.0
1889 202.0
1890 203.0
1891 203.0
1892 49.0
1893 93.0
1894 110.0
1895 0.0
1896 252.0
1897 0.0
1898 82.0
1899 135.0
1900 204.0
1901 203.0
1902 203.0
1903 203.0
1904 29.0
1905 0.0
1906 203.0
1907 203.0
1908 251.0
1909 182.0
1910 203.0
1911 12.0
1912 203.0
1913 120.0
1914 251.0
1915 251.0
1916 203.0
1917 78.0
1918 204.0
1919 100.0
1920 203.0
1921 33.0
1922 251.0
1923 202.0
1924 203.0
1925 203.0
1926 251.0
1927 203.0
1928 203.0
1929 364.0
1930 203.0
1931 203.0
1932 364.0
1933 50.0
1934 363.0
1935 251.0
1936 251.0
1937 262.0
1938 651.0
1939 301.0
1940 169.0
1941 203.0
1942 189.0
1943 334.0
1944 93.0
1945 0.0
1946 203.0
1947 443.0
1948 25.0
1949 391.0
1950 0.0
1951 0.0
1952 0.0
1953 204.0
1954 203.0
1955 25.0
1956 2.0
1957 203.0
1958 127.0
1959 226.0
1960 203.0
1961 203.0
1962 38.0
1963 251.0
1964 87.0
1965 251.0
1966 251.0
1967 203.0
1968 60.0
1969 203.0
1970 203.0
1971 203.0
1972 169.0
1973 251.0
1974 202.0
1975 32.0
1976 198.0
1977 251.0
1978 0.0
1979 203.0
1980 364.0
1981 203.0
1982 203.0
1983 443.0
1984 59.0
1985 203.0
1986 364.0
1987 115.0
1988 267.0
1989 651.0
1990 163.0
1991 186.0
1992 0.0
1993 191.0
1994 203.0
1995 32.0
1996 0.0
1997 203.0
1998 203.0
1999 443.0
2000 383.0
2001 87.0
2002 369.0
2003 204.0
2004 204.0
2005 0.0
2006 0.0
2007 0.0
2008 203.0
2009 204.0
2010 64.0
2011 203.0
2012 203.0
2013 38.0
2014 251.0
2015 38.0
2016 203.0
2017 251.0
2018 251.0
2019 169.0
2020 204.0
2021 203.0
2022 82.0
2023 251.0
2024 251.0
2025 25.0
2026 203.0
2027 239.0
2028 651.0
2029 203.0
2030 191.0
2031 364.0
2032 364.0
2033 30.0
2034 1.0
2035 152.0
2036 28.0
2037 363.0
2038 251.0
2039 262.0
2040 651.0
2041 300.0
2042 25.0
2043 204.0
2044 203.0
2045 110.0
2046 66.0
2047 0.0
2048 0.0
2049 443.0
2050 0.0
2051 399.0
2052 72.0
2053 204.0
2054 204.0
2055 443.0
2056 204.0
2057 29.0
2058 0.0
2059 33.0
2060 142.0
2061 209.0
2062 31.0
2063 22.0
2064 16.0
2065 203.0
2066 203.0
2067 251.0
2068 251.0
2069 251.0
2070 78.0
2071 203.0
2072 121.0
2073 203.0
2074 203.0
2075 251.0
2076 203.0
2077 203.0
2078 203.0
2079 251.0
2080 43.0
2081 203.0
2082 364.0
2083 203.0
2084 203.0
2085 363.0
2086 152.0
2087 251.0
2088 364.0
2089 251.0
2090 251.0
2091 651.0
2092 363.0
2093 114.0
2094 203.0
2095 104.0
2096 202.0
2097 93.0
2098 0.0
2099 0.0
2100 252.0
2101 25.0
2102 443.0
2103 0.0
2104 203.0
2105 98.0
2106 443.0
2107 204.0
2108 204.0
2109 191.0
2110 203.0
2111 203.0
2112 160.0
2113 182.0
2114 203.0
2115 20.0
2116 203.0
2117 98.0
2118 251.0
2119 251.0
2120 251.0
2121 38.0
2122 0.0
2123 252.0
2124 203.0
2125 169.0
2126 251.0
2127 191.0
2128 203.0
2129 203.0
2130 251.0
2131 49.0
2132 203.0
2133 364.0
2134 203.0
2135 203.0
2136 443.0
2137 31.0
2138 203.0
2139 364.0
2140 251.0
2141 262.0
2142 651.0
2143 278.0
2144 202.0
2145 101.0
2146 189.0
2147 38.0
2148 93.0
2149 49.0
2150 203.0
2151 393.0
2152 32.0
2153 383.0
2154 87.0
2155 0.0
2156 204.0
2157 443.0
2158 0.0
2159 11.0
2160 204.0
2161 203.0
2162 127.0
2163 251.0
2164 204.0
2165 203.0
2166 1.0
2167 251.0
2168 251.0
2169 203.0
2170 251.0
2171 251.0
2172 38.0
2173 203.0
2174 203.0
2175 99.0
2176 32.0
2177 251.0
2178 203.0
2179 191.0
2180 198.0
2181 651.0
2182 30.0
2183 191.0
2184 364.0
2185 364.0
2186 24.0
2187 120.0
2188 115.0
2189 413.0
2190 364.0
2191 251.0
2192 262.0
2193 651.0
2194 301.0
2195 196.0
2196 203.0
2197 191.0
2198 251.0
2199 99.0
2200 0.0
2201 30.0
2202 203.0
2203 203.0
2204 399.0
2205 0.0
2206 0.0
2207 203.0
2208 203.0
2209 204.0
2210 204.0
2211 204.0
2212 87.0
2213 203.0
2214 203.0
2215 31.0
2216 203.0
2217 38.0
2218 251.0
2219 0.0
2220 251.0
2221 251.0
2222 251.0
2223 78.0
2224 204.0
2225 203.0
2226 48.0
2227 203.0
2228 251.0
2229 60.0
2230 203.0
2231 203.0
2232 651.0
2233 17.0
2234 31.0
2235 363.0
2236 364.0
2237 203.0
2238 1.0
2239 123.0
2240 22.0
2241 364.0
2242 251.0
2243 262.0
2244 651.0
2245 301.0
2246 33.0
2247 203.0
2248 180.0
2249 180.0
2250 32.0
2251 33.0
2252 0.0
2253 443.0
2254 0.0
2255 367.0
2256 203.0
2257 204.0
2258 143.0
2259 203.0
2260 204.0
2261 204.0
2262 31.0
2263 203.0
2264 203.0
2265 203.0
2266 182.0
2267 203.0
2268 203.0
2269 203.0
2270 98.0
2271 203.0
2272 251.0
2273 251.0
2274 251.0
2275 0.0
2276 99.0
2277 203.0
2278 203.0
2279 251.0
2280 203.0
2281 203.0
2282 203.0
2283 251.0
2284 0.0
2285 203.0
2286 364.0
2287 363.0
2288 203.0
2289 203.0
2290 115.0
2291 22.0
2292 115.0
2293 239.0
2294 259.0
2295 651.0
2296 294.0
2297 114.0
2298 33.0
2299 197.0
2300 110.0
2301 93.0
2302 0.0
2303 0.0
2304 443.0
2305 0.0
2306 443.0
2307 203.0
2308 203.0
2309 204.0
2310 204.0
2311 443.0
2312 0.0
2313 31.0
2314 204.0
2315 203.0
2316 251.0
2317 182.0
2318 251.0
2319 3.0
2320 203.0
2321 44.0
2322 203.0
2323 251.0
2324 251.0
2325 38.0
2326 0.0
2327 204.0
2328 94.0
2329 169.0
2330 251.0
2331 203.0
2332 203.0
2333 203.0
2334 651.0
2335 43.0
2336 203.0
2337 364.0
2338 363.0
2339 363.0
2340 204.0
2341 50.0
2342 203.0
2343 98.0
2344 115.0
2345 251.0
2346 651.0
2347 280.0
2348 109.0
2349 169.0
2350 203.0
2351 171.0
2352 93.0
2353 0.0
2354 203.0
2355 203.0
2356 25.0
2357 383.0
2358 81.0
2359 38.0
2360 204.0
2361 203.0
2362 33.0
2363 29.0
2364 204.0
2365 45.0
2366 203.0
2367 203.0
2368 203.0
2369 251.0
2370 203.0
2371 251.0
2372 80.0
2373 251.0
2374 251.0
2375 251.0
2376 204.0
2377 251.0
2378 204.0
2379 82.0
2380 203.0
2381 251.0
2382 203.0
2383 251.0
2384 203.0
2385 652.0
2386 203.0
2387 31.0
2388 364.0
2389 363.0
2390 0.0
2391 0.0
2392 251.0
2393 203.0
2394 364.0
2395 115.0
2396 262.0
2397 652.0
2398 301.0
2399 25.0
2400 203.0
2401 202.0
2402 180.0
2403 93.0
2404 0.0
2405 0.0
2406 204.0
2407 0.0
2408 367.0
2409 0.0
2410 204.0
2411 204.0
2412 203.0
2413 443.0
2414 29.0
2415 204.0
2416 0.0
2417 30.0
2418 251.0
2419 203.0
2420 203.0
2421 251.0
2422 251.0
2423 43.0
2424 251.0
2425 251.0
2426 251.0
2427 78.0
2428 203.0
2429 85.0
2430 203.0
2431 251.0
2432 251.0
2433 203.0
2434 203.0
2435 203.0
2436 652.0
2437 0.0
2438 203.0
2439 364.0
2440 364.0
2441 364.0
2442 1.0
2443 251.0
2444 22.0
2445 363.0
2446 239.0
2447 251.0
2448 652.0
2449 300.0
2450 38.0
2451 203.0
2452 180.0
2453 181.0
2454 93.0
2455 38.0
2456 0.0
2457 443.0
2458 203.0
2459 367.0
2460 248.0
2461 203.0
2462 251.0
2463 443.0
2464 203.0
2465 204.0
2466 203.0
2467 203.0
2468 203.0
2469 251.0
2470 203.0
2471 251.0
2472 251.0
2473 251.0
2474 43.0
2475 251.0
2476 251.0
2477 251.0
2478 204.0
2479 0.0
2480 204.0
2481 203.0
2482 169.0
2483 251.0
2484 203.0
2485 251.0
2486 203.0
2487 651.0
2488 170.0
2489 31.0
2490 364.0
2491 363.0
2492 203.0
2493 203.0
2494 31.0
2495 115.0
2496 363.0
2497 239.0
2498 240.0
2499 652.0
2500 294.0
2501 301.0
2502 203.0
2503 203.0
2504 202.0
2505 93.0
2506 0.0
2507 203.0
2508 203.0
2509 0.0
2510 443.0
2511 292.0
2512 30.0
2513 204.0
2514 204.0
2515 204.0
2516 203.0
2517 31.0
2518 109.0
2519 127.0
2520 203.0
2521 204.0
2522 251.0
2523 20.0
2524 203.0
2525 136.0
2526 203.0
2527 251.0
2528 251.0
2529 169.0
2530 203.0
2531 204.0
2532 188.0
2533 169.0
2534 251.0
2535 203.0
2536 203.0
2537 651.0
2538 652.0
2539 76.0
2540 31.0
2541 364.0
2542 363.0
2543 364.0
2544 443.0
2545 59.0
2546 203.0
2547 363.0
2548 251.0
2549 251.0
2550 652.0
2551 282.0
2552 108.0
2553 203.0
2554 202.0
2555 180.0
2556 32.0
2557 0.0
2558 443.0
2559 181.0
2560 160.0
2561 383.0
2562 81.0
2563 204.0
2564 204.0
2565 203.0
2566 203.0
2567 43.0
2568 204.0
2569 31.0
2570 203.0
2571 251.0
2572 203.0
2573 203.0
2574 20.0
2575 251.0
2576 44.0
2577 251.0
2578 251.0
2579 251.0
2580 204.0
2581 186.0
2582 203.0
2583 203.0
2584 203.0
2585 251.0
2586 203.0
2587 203.0
2588 203.0
2589 652.0
2590 203.0
2591 70.0
2592 364.0
2593 364.0
2594 364.0
2595 0.0
2596 137.0
2597 115.0
2598 61.0
2599 115.0
2600 80.0
2601 652.0
2602 290.0
2603 196.0
2604 203.0
2605 189.0
2606 157.0
2607 32.0
2608 0.0
2609 443.0
2610 390.0
2611 67.0
2612 443.0
2613 149.0
2614 0.0
2615 203.0
2616 204.0
2617 443.0
2618 29.0
2619 87.0
2620 30.0
2621 203.0
2622 251.0
2623 226.0
2624 203.0
2625 251.0
2626 251.0
2627 203.0
2628 251.0
2629 251.0
2630 251.0
2631 204.0
2632 161.0
2633 251.0
2634 203.0
2635 251.0
2636 251.0
2637 203.0
2638 203.0
2639 652.0
2640 651.0
2641 204.0
2642 70.0
2643 363.0
2644 364.0
2645 203.0
2646 0.0
2647 446.0
2648 33.0
2649 115.0
2650 93.0
2651 251.0
2652 652.0
2653 301.0
2654 294.0
2655 203.0
2656 203.0
2657 32.0
2658 93.0
2659 38.0
2660 443.0
2661 443.0
2662 25.0
2663 383.0
2664 203.0
2665 0.0
2666 204.0
2667 443.0
2668 204.0
2669 203.0
2670 203.0
2671 204.0
2672 203.0
2673 226.0
2674 203.0
2675 203.0
2676 203.0
2677 251.0
2678 38.0
2679 251.0
2680 251.0
2681 251.0
2682 203.0
2683 203.0
2684 204.0
2685 172.0
2686 33.0
2687 251.0
2688 203.0
2689 203.0
2690 251.0
2691 651.0
2692 203.0
2693 70.0
2694 364.0
2695 364.0
2696 203.0
2697 363.0
2698 158.0
2699 203.0
2700 364.0
2701 292.0
2702 381.0
2703 652.0
2704 97.0
2705 158.0
2706 203.0
2707 203.0
2708 185.0
2709 93.0
2710 443.0
2711 141.0
2712 204.0
2713 25.0
2714 443.0
2715 55.0
2716 374.0
2717 204.0
2718 363.0
2719 443.0
2720 33.0
2721 31.0
2722 203.0
2723 203.0
2724 209.0
2725 226.0
2726 203.0
2727 363.0
2728 251.0
2729 44.0
2730 251.0
2731 251.0
2732 251.0
2733 180.0
2734 187.0
2735 203.0
2736 82.0
2737 33.0
2738 251.0
2739 251.0
2740 59.0
2741 507.0
2742 652.0
2743 150.0
2744 70.0
2745 363.0
2746 364.0
2747 50.0
2748 24.0
2749 443.0
2750 148.0
2751 364.0
2752 251.0
2753 284.0
2754 652.0
2755 251.0
2756 186.0
2757 203.0
2758 180.0
2759 38.0
2760 50.0
2761 25.0
2762 145.0
2763 204.0
2764 0.0
2765 367.0
2766 76.0
2767 204.0
2768 203.0
2769 203.0
2770 443.0
2771 204.0
2772 204.0
2773 204.0
2774 203.0
2775 251.0
2776 203.0
2777 203.0
2778 203.0
2779 203.0
2780 104.0
2781 251.0
2782 251.0
2783 251.0
2784 204.0
2785 161.0
2786 252.0
2787 203.0
2788 203.0
2789 251.0
2790 251.0
2791 203.0
2792 651.0
2793 652.0
2794 191.0
2795 203.0
2796 364.0
2797 363.0
2798 364.0
2799 204.0
2800 104.0
2801 6.0
2802 39.0
2803 30.0
2804 251.0
2805 652.0
2806 104.0
2807 275.0
2808 251.0
2809 180.0
2810 38.0
2811 93.0
2812 0.0
2813 63.0
2814 252.0
2815 0.0
2816 383.0
2817 40.0
2818 363.0
2819 204.0
2820 443.0
2821 364.0
2822 33.0
2823 204.0
2824 38.0
2825 203.0
2826 203.0
2827 203.0
2828 363.0
2829 251.0
2830 363.0
2831 43.0
2832 251.0
2833 251.0
2834 251.0
2835 204.0
2836 203.0
2837 203.0
2838 203.0
2839 251.0
2840 251.0
2841 251.0
2842 203.0
2843 251.0
2844 651.0
2845 203.0
2846 70.0
2847 364.0
2848 363.0
2849 203.0
2850 203.0
2851 136.0
2852 413.0
2853 0.0
2854 240.0
2855 80.0
2856 652.0
2857 30.0
2858 158.0
2859 109.0
2860 203.0
2861 202.0
2862 98.0
2863 49.0
2864 16.0
2865 252.0
2866 0.0
2867 443.0
2868 76.0
2869 38.0
2870 204.0
2871 443.0
2872 203.0
2873 203.0
2874 31.0
2875 0.0
2876 203.0
2877 203.0
2878 203.0
2879 203.0
2880 203.0
2881 363.0
2882 33.0
2883 251.0
2884 251.0
2885 251.0
2886 180.0
2887 203.0
2888 203.0
2889 203.0
2890 169.0
2891 251.0
2892 251.0
2893 203.0
2894 443.0
2895 651.0
2896 203.0
2897 203.0
2898 364.0
2899 364.0
2900 203.0
2901 0.0
2902 251.0
2903 203.0
2904 251.0
2905 251.0
2906 364.0
2907 652.0
2908 93.0
2909 275.0
2910 251.0
2911 203.0
2912 203.0
2913 104.0
2914 0.0
2915 49.0
2916 7.0
2917 104.0
2918 443.0
2919 43.0
2920 203.0
2921 203.0
2922 203.0
2923 204.0
2924 204.0
2925 204.0
2926 87.0
2927 203.0
2928 251.0
2929 168.0
2930 203.0
2931 251.0
2932 363.0
2933 43.0
2934 251.0
2935 251.0
2936 251.0
2937 204.0
2938 0.0
2939 203.0
2940 172.0
2941 203.0
2942 251.0
2943 251.0
2944 203.0
2945 203.0
2946 652.0
2947 204.0
2948 31.0
2949 364.0
2950 364.0
2951 203.0
2952 363.0
2953 104.0
2954 413.0
2955 363.0
2956 251.0
2957 93.0
2958 652.0
2959 93.0
2960 181.0
2961 203.0
2962 203.0
2963 32.0
2964 203.0
2965 252.0
2966 32.0
2967 0.0
2968 0.0
2969 383.0
2970 0.0
2971 204.0
2972 204.0
2973 204.0
2974 443.0
2975 204.0
2976 204.0
2977 203.0
2978 203.0
2979 251.0
2980 251.0
2981 203.0
2982 251.0
2983 363.0
2984 43.0
2985 251.0
2986 251.0
2987 251.0
2988 204.0
2989 0.0
2990 252.0
2991 203.0
2992 203.0
2993 251.0
2994 251.0
2995 203.0
2996 235.0
2997 652.0
2998 204.0
2999 70.0
3000 364.0
3001 364.0
3002 204.0
3003 364.0
3004 484.0
3005 98.0
3006 126.0
3007 86.0
3008 251.0
3009 652.0
3010 93.0
3011 294.0
3012 251.0
3013 202.0
3014 203.0
3015 166.0
3016 0.0
3017 203.0
3018 363.0
3019 0.0
3020 383.0
3021 40.0
3022 203.0
3023 204.0
3024 203.0
3025 635.0
3026 204.0
3027 31.0
3028 204.0
3029 203.0
3030 251.0
3031 20.0
3032 203.0
3033 203.0
3034 363.0
3035 38.0
3036 251.0
3037 251.0
3038 251.0
3039 203.0
3040 204.0
3041 203.0
3042 204.0
3043 203.0
3044 251.0
3045 251.0
3046 203.0
3047 380.0
3048 651.0
3049 142.0
3050 203.0
3051 363.0
3052 363.0
3053 204.0
3054 0.0
3055 59.0
3056 446.0
3057 98.0
3058 97.0
3059 110.0
3060 652.0
3061 251.0
3062 158.0
3063 251.0
3064 203.0
3065 202.0
3066 170.0
3067 369.0
3068 145.0
3069 443.0
3070 203.0
3071 443.0
3072 0.0
3073 0.0
3074 203.0
3075 443.0
3076 204.0
3077 204.0
3078 204.0
3079 87.0
3080 203.0
3081 251.0
3082 20.0
3083 203.0
3084 363.0
3085 363.0
3086 49.0
3087 251.0
3088 251.0
3089 251.0
3090 203.0
3091 204.0
3092 204.0
3093 145.0
3094 169.0
3095 251.0
3096 203.0
3097 203.0
3098 203.0
3099 651.0
3100 19.0
3101 203.0
3102 364.0
3103 363.0
3104 364.0
3105 0.0
3106 136.0
3107 115.0
3108 251.0
3109 251.0
3110 92.0
3111 652.0
3112 272.0
3113 266.0
3114 251.0
3115 203.0
3116 183.0
3117 98.0
3118 0.0
3119 32.0
3120 9.0
3121 204.0
3122 443.0
3123 43.0
3124 364.0
3125 443.0
3126 203.0
3127 443.0
3128 204.0
3129 204.0
3130 0.0
3131 203.0
3132 251.0
3133 203.0
3134 203.0
3135 251.0
3136 363.0
3137 43.0
3138 251.0
3139 251.0
3140 251.0
3141 204.0
3142 0.0
3143 204.0
3144 145.0
3145 169.0
3146 251.0
3147 251.0
3148 224.0
3149 652.0
3150 652.0
3151 203.0
3152 31.0
3153 363.0
3154 363.0
3155 0.0
3156 0.0
3157 59.0
3158 115.0
3159 251.0
3160 115.0
3161 251.0
3162 652.0
3163 291.0
3164 177.0
3165 203.0
3166 203.0
3167 203.0
3168 30.0
3169 369.0
3170 16.0
3171 443.0
3172 0.0
3173 383.0
3174 71.0
3175 159.0
3176 204.0
3177 443.0
3178 364.0
3179 204.0
3180 31.0
3181 0.0
3182 203.0
3183 251.0
3184 203.0
3185 203.0
3186 203.0
3187 363.0
3188 33.0
3189 251.0
3190 251.0
3191 251.0
3192 204.0
3193 203.0
3194 252.0
3195 176.0
3196 251.0
3197 251.0
3198 251.0
3199 203.0
3200 203.0
3201 652.0
3202 203.0
3203 203.0
3204 363.0
3205 363.0
3206 203.0
3207 363.0
3208 59.0
3209 484.0
3210 251.0
3211 98.0
3212 251.0
3213 652.0
3214 30.0
3215 294.0
3216 203.0
3217 202.0
3218 110.0
3219 104.0
3220 369.0
3221 363.0
3222 363.0
3223 204.0
3224 383.0
3225 87.0
3226 0.0
3227 443.0
3228 364.0
3229 203.0
3230 204.0
3231 204.0
3232 87.0
3233 203.0
3234 251.0
3235 5.0
3236 203.0
3237 363.0
3238 363.0
3239 38.0
3240 251.0
3241 251.0
3242 203.0
3243 203.0
3244 0.0
3245 251.0
3246 203.0
3247 169.0
3248 251.0
3249 251.0
3250 251.0
3251 507.0
3252 652.0
3253 147.0
3254 363.0
3255 364.0
3256 364.0
3257 203.0
3258 0.0
3259 104.0
3260 148.0
3261 49.0
3262 98.0
3263 33.0
3264 652.0
3265 251.0
3266 158.0
3267 203.0
3268 202.0
3269 334.0
3270 37.0
3271 0.0
3272 145.0
3273 252.0
3274 0.0
3275 443.0
3276 0.0
3277 369.0
3278 203.0
3279 443.0
3280 364.0
3281 6.0
3282 204.0
3283 203.0
3284 203.0
3285 251.0
3286 5.0
3287 203.0
3288 251.0
3289 363.0
3290 33.0
3291 251.0
3292 251.0
3293 251.0
3294 203.0
3295 203.0
3296 204.0
3297 176.0
3298 203.0
3299 251.0
3300 251.0
3301 203.0
3302 443.0
3303 651.0
3304 203.0
3305 191.0
3306 364.0
3307 363.0
3308 203.0
3309 203.0
3310 115.0
3311 148.0
3312 364.0
3313 30.0
3314 251.0
3315 652.0
3316 37.0
3317 193.0
3318 251.0
3319 203.0
3320 334.0
3321 174.0
3322 443.0
3323 289.0
3324 0.0
3325 443.0
3326 443.0
3327 145.0
3328 203.0
3329 443.0
3330 204.0
3331 443.0
3332 203.0
3333 31.0
3334 203.0
3335 203.0
3336 209.0
3337 251.0
3338 342.0
3339 363.0
3340 363.0
3341 33.0
3342 251.0
3343 251.0
3344 251.0
3345 204.0
3346 203.0
3347 252.0
3348 121.0
3349 203.0
3350 251.0
3351 203.0
3352 203.0
3353 507.0
3354 651.0
3355 204.0
3356 203.0
3357 364.0
3358 364.0
3359 364.0
3360 363.0
3361 158.0
3362 115.0
3363 251.0
3364 115.0
3365 251.0
3366 652.0
3367 251.0
3368 158.0
3369 251.0
3370 173.0
3371 49.0
3372 104.0
3373 443.0
3374 363.0
3375 10.0
3376 442.0
3377 383.0
3378 40.0
3379 204.0
3380 443.0
3381 204.0
3382 203.0
3383 29.0
3384 31.0
3385 109.0
3386 203.0
3387 203.0
3388 251.0
3389 203.0
3390 363.0
3391 363.0
3392 49.0
3393 251.0
3394 251.0
3395 251.0
3396 203.0
3397 0.0
3398 203.0
3399 186.0
3400 169.0
3401 251.0
3402 251.0
3403 224.0
3404 507.0
3405 652.0
3406 142.0
3407 203.0
3408 363.0
3409 363.0
3410 0.0
3411 33.0
3412 104.0
3413 115.0
3414 49.0
3415 115.0
3416 363.0
3417 652.0
3418 251.0
3419 79.0
3420 251.0
3421 203.0
3422 49.0
3423 98.0
3424 369.0
3425 145.0
3426 0.0
3427 443.0
3428 383.0
3429 0.0
3430 443.0
3431 363.0
3432 203.0
3433 203.0
3434 33.0
3435 204.0
3436 87.0
3437 203.0
3438 251.0
3439 203.0
3440 203.0
3441 251.0
3442 363.0
3443 33.0
3444 251.0
3445 251.0
3446 251.0
3447 203.0
3448 2.0
3449 203.0
3450 145.0
3451 203.0
3452 251.0
3453 251.0
3454 251.0
3455 203.0
3456 652.0
3457 0.0
3458 191.0
3459 363.0
3460 363.0
3461 81.0
3462 50.0
3463 158.0
3464 152.0
3465 251.0
3466 87.0
3467 363.0
3468 652.0
3469 251.0
3470 169.0
3471 251.0
3472 203.0
3473 203.0
3474 93.0
3475 443.0
3476 363.0
3477 2.0
3478 251.0
3479 443.0
3480 0.0
3481 0.0
3482 443.0
3483 203.0
3484 364.0
3485 203.0
3486 204.0
3487 203.0
3488 203.0
3489 209.0
3490 164.0
3491 345.0
3492 363.0
3493 363.0
3494 38.0
3495 251.0
3496 251.0
3497 251.0
3498 204.0
3499 203.0
3500 204.0
3501 176.0
3502 203.0
3503 251.0
3504 251.0
3505 203.0
3506 203.0
3507 651.0
3508 203.0
3509 164.0
3510 363.0
3511 364.0
3512 153.0
3513 160.0
3514 158.0
3515 484.0
3516 251.0
3517 93.0
3518 363.0
3519 652.0
3520 251.0
3521 276.0
3522 251.0
3523 203.0
3524 202.0
3525 38.0
3526 374.0
3527 443.0
3528 0.0
3529 443.0
3530 383.0
3531 34.0
3532 203.0
3533 443.0
3534 443.0
3535 443.0
3536 45.0
3537 204.0
3538 109.0
3539 203.0
3540 251.0
3541 203.0
3542 342.0
3543 251.0
3544 363.0
3545 43.0
3546 251.0
3547 251.0
3548 251.0
3549 204.0
3550 203.0
3551 203.0
3552 202.0
3553 169.0
3554 251.0
3555 251.0
3556 251.0
3557 652.0
3558 651.0
3559 142.0
3560 203.0
3561 364.0
3562 363.0
3563 151.0
3564 252.0
3565 203.0
3566 115.0
3567 128.0
3568 115.0
3569 251.0
3570 652.0
3571 251.0
3572 79.0
3573 251.0
3574 186.0
3575 49.0
3576 98.0
3577 443.0
3578 289.0
3579 251.0
3580 371.0
3581 443.0
3582 38.0
3583 443.0
3584 203.0
3585 204.0
3586 203.0
3587 203.0
3588 204.0
3589 109.0
3590 203.0
3591 251.0
3592 203.0
3593 203.0
3594 251.0
3595 363.0
3596 43.0
3597 251.0
3598 251.0
3599 251.0
3600 169.0
3601 0.0
3602 204.0
3603 203.0
3604 203.0
3605 251.0
3606 251.0
3607 203.0
3608 251.0
3609 652.0
3610 203.0
3611 203.0
3612 363.0
3613 364.0
3614 203.0
3615 443.0
3616 252.0
3617 148.0
3618 30.0
3619 251.0
3620 251.0
3621 652.0
3622 251.0
3623 163.0
3624 251.0
3625 202.0
3626 203.0
3627 180.0
3628 359.0
3629 364.0
3630 0.0
3631 252.0
3632 443.0
3633 248.0
3634 443.0
3635 443.0
3636 203.0
3637 204.0
3638 203.0
3639 204.0
3640 30.0
3641 203.0
3642 251.0
3643 165.0
3644 203.0
3645 363.0
3646 363.0
3647 43.0
3648 251.0
3649 251.0
3650 251.0
3651 169.0
3652 251.0
3653 203.0
3654 194.0
3655 251.0
3656 251.0
3657 251.0
3658 203.0
3659 651.0
3660 652.0
3661 204.0
3662 191.0
3663 364.0
3664 364.0
3665 203.0
3666 428.0
3667 134.0
3668 148.0
3669 251.0
3670 98.0
3671 251.0
3672 652.0
3673 297.0
3674 181.0
3675 251.0
3676 203.0
3677 131.0
3678 34.0
3679 443.0
3680 289.0
3681 251.0
3682 443.0
3683 443.0
3684 81.0
3685 364.0
3686 204.0
3687 443.0
3688 443.0
3689 204.0
3690 204.0
3691 30.0
3692 203.0
3693 251.0
3694 251.0
3695 203.0
3696 363.0
3697 363.0
3698 43.0
3699 251.0
3700 251.0
3701 251.0
3702 251.0
3703 203.0
3704 252.0
3705 174.0
3706 203.0
3707 251.0
3708 203.0
3709 203.0
3710 651.0
3711 652.0
3712 204.0
3713 191.0
3714 363.0
3715 364.0
3716 203.0
3717 251.0
3718 136.0
3719 148.0
3720 128.0
3721 301.0
3722 251.0
3723 652.0
3724 251.0
3725 279.0
3726 251.0
3727 203.0
3728 180.0
3729 104.0
3730 380.0
3731 289.0
3732 0.0
3733 443.0
3734 443.0
3735 34.0
3736 204.0
3737 204.0
3738 33.0
3739 364.0
3740 29.0
3741 204.0
3742 109.0
3743 203.0
3744 251.0
3745 203.0
3746 203.0
3747 251.0
3748 363.0
3749 43.0
3750 251.0
3751 251.0
3752 251.0
3753 204.0
3754 203.0
3755 203.0
3756 203.0
3757 25.0
3758 251.0
3759 203.0
3760 203.0
3761 507.0
3762 652.0
3763 175.0
3764 203.0
3765 363.0
3766 363.0
3767 151.0
3768 363.0
3769 104.0
3770 484.0
3771 363.0
3772 251.0
3773 363.0
3774 652.0
3775 251.0
3776 163.0
3777 251.0
3778 203.0
3779 251.0
3780 176.0
3781 359.0
3782 443.0
3783 0.0
3784 443.0
3785 443.0
3786 0.0
3787 364.0
3788 443.0
3789 203.0
3790 203.0
3791 204.0
3792 204.0
3793 203.0
3794 203.0
3795 251.0
3796 203.0
3797 203.0
3798 363.0
3799 363.0
3800 120.0
3801 251.0
3802 251.0
3803 203.0
3804 203.0
3805 1.0
3806 203.0
3807 203.0
3808 251.0
3809 251.0
3810 203.0
3811 203.0
3812 380.0
3813 652.0
3814 142.0
3815 191.0
3816 364.0
3817 364.0
3818 184.0
3819 48.0
3820 105.0
3821 115.0
3822 251.0
3823 30.0
3824 251.0
3825 652.0
3826 251.0
3827 301.0
3828 251.0
3829 186.0
3830 33.0
3831 99.0
3832 0.0
3833 145.0
3834 0.0
3835 291.0
3836 383.0
3837 0.0
3838 364.0
3839 203.0
3840 204.0
3841 364.0
3842 203.0
3843 204.0
3844 30.0
3845 203.0
3846 251.0
3847 203.0
3848 203.0
3849 363.0
3850 363.0
3851 43.0
3852 251.0
3853 251.0
3854 251.0
3855 203.0
3856 -2.0
3857 252.0
3858 82.0
3859 251.0
3860 251.0
3861 203.0
3862 203.0
3863 652.0
3864 652.0
3865 204.0
3866 31.0
3867 363.0
3868 363.0
3869 203.0
3870 115.0
3871 54.0
3872 484.0
3873 251.0
3874 363.0
3875 251.0
3876 652.0
3877 251.0
3878 275.0
3879 251.0
3880 197.0
3881 33.0
3882 98.0
3883 374.0
3884 289.0
3885 0.0
3886 443.0
3887 443.0
3888 38.0
3889 443.0
3890 204.0
3891 30.0
3892 443.0
3893 29.0
3894 109.0
3895 204.0
3896 203.0
3897 251.0
3898 203.0
3899 363.0
3900 363.0
3901 363.0
3902 203.0
3903 251.0
3904 251.0
3905 251.0
3906 203.0
3907 204.0
3908 251.0
3909 83.0
3910 169.0
3911 251.0
3912 203.0
3913 203.0
3914 651.0
3915 652.0
3916 163.0
3917 70.0
3918 364.0
3919 363.0
3920 151.0
3921 70.0
3922 115.0
3923 446.0
3924 158.0
3925 251.0
3926 33.0
3927 652.0
3928 98.0
3929 163.0
3930 251.0
3931 111.0
3932 110.0
3933 127.0
3934 369.0
3935 443.0
3936 0.0
3937 443.0
3938 443.0
3939 38.0
3940 203.0
3941 363.0
3942 33.0
3943 443.0
3944 29.0
3945 31.0
3946 203.0
3947 203.0
3948 251.0
3949 251.0
3950 203.0
3951 251.0
3952 363.0
3953 43.0
3954 251.0
3955 251.0
3956 203.0
3957 203.0
3958 203.0
3959 203.0
3960 204.0
3961 203.0
3962 251.0
3963 203.0
3964 203.0
3965 635.0
3966 651.0
3967 204.0
3968 70.0
3969 363.0
3970 363.0
3971 151.0
3972 203.0
3973 136.0
3974 446.0
3975 251.0
3976 251.0
3977 251.0
3978 652.0
3979 267.0
3980 301.0
3981 251.0
3982 203.0
3983 49.0
3984 38.0
3985 291.0
3986 289.0
3987 0.0
3988 443.0
3989 443.0
3990 204.0
3991 364.0
3992 203.0
3993 203.0
3994 363.0
3995 33.0
3996 204.0
3997 203.0
3998 203.0
3999 251.0
4000 203.0
4001 203.0
4002 251.0
4003 363.0
4004 14.0
4005 251.0
4006 251.0
4007 203.0
4008 251.0
4009 7.0
4010 252.0
4011 203.0
4012 251.0
4013 251.0
4014 203.0
4015 203.0
4016 507.0
4017 652.0
4018 203.0
4019 70.0
4020 363.0
4021 364.0
4022 203.0
4023 204.0
4024 50.0
4025 115.0
4026 251.0
4027 363.0
4028 251.0
4029 652.0
4030 261.0
4031 275.0
4032 203.0
4033 38.0
4034 49.0
4035 98.0
4036 443.0
4037 145.0
4038 0.0
4039 443.0
4040 383.0
4041 0.0
4042 364.0
4043 443.0
4044 32.0
4045 364.0
4046 50.0
4047 204.0
4048 0.0
4049 203.0
4050 251.0
4051 35.0
4052 203.0
4053 363.0
4054 363.0
4055 43.0
4056 251.0
4057 251.0
4058 251.0
4059 203.0
4060 203.0
4061 251.0
4062 117.0
4063 251.0
4064 251.0
4065 203.0
4066 203.0
4067 651.0
4068 652.0
4069 175.0
4070 70.0
4071 364.0
4072 364.0
4073 203.0
4074 30.0
4075 31.0
4076 115.0
4077 98.0
4078 251.0
4079 363.0
4080 652.0
4081 251.0
4082 279.0
4083 251.0
4084 32.0
4085 334.0
4086 104.0
4087 443.0
4088 443.0
4089 0.0
4090 443.0
4091 383.0
4092 34.0
4093 364.0
4094 203.0
4095 443.0
4096 635.0
4097 259.0
4098 204.0
4099 109.0
4100 203.0
4101 251.0
4102 203.0
4103 322.0
4104 251.0
4105 363.0
4106 180.0
4107 251.0
4108 251.0
4109 251.0
4110 203.0
4111 204.0
4112 204.0
4113 82.0
4114 169.0
4115 251.0
4116 203.0
4117 203.0
4118 652.0
4119 651.0
4120 204.0
4121 70.0
4122 364.0
4123 364.0
4124 193.0
4125 484.0
4126 50.0
4127 446.0
4128 94.0
4129 364.0
4130 251.0
4131 652.0
4132 251.0
4133 294.0
4134 251.0
4135 104.0
4136 203.0
4137 26.0
4138 380.0
4139 203.0
4140 0.0
4141 443.0
4142 443.0
4143 203.0
4144 443.0
4145 203.0
4146 203.0
4147 203.0
4148 91.0
4149 174.0
4150 203.0
4151 203.0
4152 251.0
4153 203.0
4154 203.0
4155 363.0
4156 363.0
4157 38.0
4158 251.0
4159 251.0
4160 251.0
4161 203.0
4162 0.0
4163 252.0
4164 204.0
4165 169.0
4166 251.0
4167 203.0
4168 203.0
4169 507.0
4170 652.0
4171 204.0
4172 70.0
4173 363.0
4174 363.0
4175 182.0
4176 48.0
4177 123.0
4178 484.0
4179 83.0
4180 364.0
4181 251.0
4182 652.0
4183 251.0
4184 163.0
4185 251.0
4186 196.0
4187 131.0
4188 37.0
4189 443.0
4190 443.0
4191 0.0
4192 443.0
4193 443.0
4194 81.0
4195 443.0
4196 204.0
4197 635.0
4198 203.0
4199 716.0
4200 29.0
4201 30.0
4202 203.0
4203 251.0
4204 203.0
4205 203.0
4206 363.0
4207 363.0
4208 49.0
4209 251.0
4210 251.0
4211 251.0
4212 203.0
4213 0.0
4214 251.0
4215 82.0
4216 251.0
4217 251.0
4218 203.0
4219 203.0
4220 652.0
4221 652.0
4222 204.0
4223 70.0
4224 364.0
4225 363.0
4226 203.0
4227 443.0
4228 152.0
4229 445.0
4230 83.0
4231 364.0
4232 363.0
4233 443.0
4234 30.0
4235 294.0
4236 203.0
4237 173.0
4238 49.0
4239 443.0
4240 443.0
4241 443.0
4242 0.0
4243 443.0
4244 443.0
4245 443.0
4246 443.0
4247 474.0
4248 32.0
4249 33.0
4250 203.0
4251 47.0
4252 109.0
4253 203.0
4254 251.0
4255 203.0
4256 329.0
4257 363.0
4258 363.0
4259 251.0
4260 251.0
4261 251.0
4262 251.0
4263 203.0
4264 203.0
4265 252.0
4266 203.0
4267 203.0
4268 251.0
4269 251.0
4270 203.0
4271 651.0
4272 652.0
4273 204.0
4274 31.0
4275 364.0
4276 363.0
4277 203.0
4278 33.0
4279 59.0
4280 484.0
4281 251.0
4282 251.0
4283 251.0
4284 716.0
4285 251.0
4286 363.0
4287 251.0
4288 200.0
4289 64.0
4290 98.0
4291 443.0
4292 252.0
4293 0.0
4294 443.0
4295 443.0
4296 131.0
4297 29.0
4298 204.0
4299 32.0
4300 33.0
4301 75.0
4302 31.0
4303 45.0
4304 203.0
4305 251.0
4306 203.0
4307 363.0
4308 251.0
4309 363.0
4310 38.0
4311 251.0
4312 251.0
4313 251.0
4314 203.0
4315 203.0
4316 252.0
4317 25.0
4318 169.0
4319 251.0
4320 251.0
4321 203.0
4322 635.0
4323 651.0
4324 175.0
4325 70.0
4326 364.0
4327 363.0
4328 182.0
4329 444.0
4330 31.0
4331 446.0
4332 251.0
4333 251.0
4334 251.0
4335 443.0
4336 93.0
4337 294.0
4338 251.0
4339 203.0
4340 116.0
4341 0.0
4342 363.0
4343 145.0
4344 0.0
4345 443.0
4346 443.0
4347 0.0
4348 31.0
4349 203.0
4350 204.0
4351 203.0
4352 86.0
4353 31.0
4354 204.0
4355 203.0
4356 251.0
4357 20.0
4358 203.0
4359 363.0
4360 363.0
4361 175.0
4362 251.0
4363 251.0
4364 251.0
4365 251.0
4366 0.0
4367 204.0
4368 169.0
4369 169.0
4370 251.0
4371 251.0
4372 203.0
4373 507.0
4374 651.0
4375 203.0
4376 203.0
4377 364.0
4378 364.0
4379 182.0
4380 34.0
4381 130.0
4382 484.0
4383 251.0
4384 363.0
4385 251.0
4386 365.0
4387 297.0
4388 257.0
4389 49.0
4390 55.0
4391 175.0
4392 363.0
4393 374.0
4394 289.0
4395 204.0
4396 443.0
4397 443.0
4398 38.0
4399 443.0
4400 204.0
4401 204.0
4402 204.0
4403 443.0
4404 203.0
4405 31.0
4406 203.0
4407 251.0
4408 182.0
4409 203.0
4410 363.0
4411 363.0
4412 251.0
4413 251.0
4414 251.0
4415 251.0
4416 203.0
4417 0.0
4418 252.0
4419 25.0
4420 203.0
4421 251.0
4422 251.0
4423 203.0
4424 652.0
4425 652.0
4426 169.0
4427 70.0
4428 364.0
4429 363.0
4430 203.0
4431 443.0
4432 251.0
4433 446.0
4434 251.0
4435 363.0
4436 251.0
4437 443.0
4438 251.0
4439 294.0
4440 251.0
4441 173.0
4442 444.0
4443 204.0
4444 443.0
4445 443.0
4446 0.0
4447 443.0
4448 443.0
4449 443.0
4450 443.0
4451 204.0
4452 33.0
4453 364.0
4454 204.0
4455 31.0
4456 0.0
4457 203.0
4458 251.0
4459 203.0
4460 363.0
4461 251.0
4462 363.0
4463 203.0
4464 251.0
4465 251.0
4466 251.0
4467 251.0
4468 252.0
4469 251.0
4470 132.0
4471 203.0
4472 251.0
4473 251.0
4474 203.0
4475 651.0
4476 651.0
4477 147.0
4478 70.0
4479 364.0
4480 364.0
4481 203.0
4482 160.0
4483 31.0
4484 446.0
4485 44.0
4486 251.0
4487 363.0
4488 365.0
4489 286.0
4490 275.0
4491 251.0
4492 116.0
4493 54.0
4494 443.0
4495 443.0
4496 145.0
4497 0.0
4498 443.0
4499 443.0
4500 0.0
4501 204.0
4502 48.0
4503 33.0
4504 33.0
4505 32.0
4506 31.0
4507 203.0
4508 203.0
4509 251.0
4510 203.0
4511 354.0
4512 363.0
4513 363.0
4514 203.0
4515 251.0
4516 251.0
4517 251.0
4518 33.0
4519 252.0
4520 251.0
4521 202.0
4522 203.0
4523 251.0
4524 251.0
4525 203.0
4526 635.0
4527 651.0
4528 203.0
4529 70.0
4530 364.0
4531 364.0
4532 193.0
4533 443.0
4534 59.0
4535 484.0
4536 82.0
4537 251.0
4538 363.0
4539 365.0
4540 251.0
4541 294.0
4542 251.0
4543 62.0
4544 54.0
4545 444.0
4546 443.0
4547 364.0
4548 0.0
4549 443.0
4550 443.0
4551 348.0
4552 203.0
4553 203.0
4554 204.0
4555 203.0
4556 32.0
4557 31.0
4558 204.0
4559 203.0
4560 251.0
4561 203.0
4562 251.0
4563 363.0
4564 363.0
4565 49.0
4566 251.0
4567 251.0
4568 251.0
4569 203.0
4570 203.0
4571 204.0
4572 160.0
4573 33.0
4574 251.0
4575 251.0
4576 87.0
4577 635.0
4578 652.0
4579 142.0
4580 164.0
4581 363.0
4582 363.0
4583 185.0
4584 484.0
4585 148.0
4586 484.0
4587 83.0
4588 251.0
4589 251.0
4590 443.0
4591 99.0
4592 363.0
4593 203.0
4594 152.0
4595 46.0
4596 111.0
4597 444.0
4598 443.0
4599 0.0
4600 443.0
4601 383.0
4602 38.0
4603 203.0
4604 204.0
4605 443.0
4606 204.0
4607 204.0
4608 204.0
4609 87.0
4610 203.0
4611 251.0
4612 251.0
4613 203.0
4614 363.0
4615 363.0
4616 0.0
4617 251.0
4618 251.0
4619 251.0
4620 203.0
4621 105.0
4622 204.0
4623 32.0
4624 199.0
4625 251.0
4626 251.0
4627 203.0
4628 651.0
4629 652.0
4630 175.0
4631 203.0
4632 363.0
4633 364.0
4634 203.0
4635 484.0
4636 251.0
4637 446.0
4638 251.0
4639 363.0
4640 251.0
4641 636.0
4642 30.0
4643 294.0
4644 251.0
4645 94.0
4646 444.0
4647 443.0
4648 444.0
4649 443.0
4650 0.0
4651 443.0
4652 399.0
4653 443.0
4654 204.0
4655 443.0
4656 33.0
4657 364.0
4658 204.0
4659 204.0
4660 87.0
4661 203.0
4662 251.0
4663 171.0
4664 329.0
4665 363.0
4666 363.0
4667 251.0
4668 251.0
4669 251.0
4670 251.0
4671 203.0
4672 251.0
4673 252.0
4674 243.0
4675 251.0
4676 251.0
4677 251.0
4678 203.0
4679 507.0
4680 652.0
4681 204.0
4682 203.0
4683 364.0
4684 364.0
4685 189.0
4686 484.0
4687 115.0
4688 484.0
4689 70.0
4690 251.0
4691 251.0
4692 443.0
4693 251.0
4694 294.0
4695 251.0
4696 64.0
4697 111.0
4698 444.0
4699 444.0
4700 32.0
4701 0.0
4702 443.0
4703 443.0
4704 393.0
4705 443.0
4706 443.0
4707 204.0
4708 32.0
4709 32.0
4710 204.0
4711 203.0
4712 203.0
4713 251.0
4714 251.0
4715 251.0
4716 251.0
4717 363.0
4718 49.0
4719 251.0
4720 251.0
4721 251.0
4722 203.0
4723 203.0
4724 252.0
4725 148.0
4726 33.0
4727 251.0
4728 251.0
4729 203.0
4730 380.0
4731 652.0
4732 204.0
4733 31.0
4734 363.0
4735 363.0
4736 193.0
4737 443.0
4738 31.0
4739 484.0
4740 83.0
4741 363.0
4742 251.0
4743 443.0
4744 248.0
4745 275.0
4746 251.0
4747 44.0
4748 111.0
4749 111.0
4750 443.0
4751 444.0
4752 0.0
4753 443.0
4754 399.0
4755 0.0
4756 204.0
4757 364.0
4758 204.0
4759 204.0
4760 33.0
4761 50.0
4762 203.0
4763 203.0
4764 251.0
4765 182.0
4766 203.0
4767 363.0
4768 363.0
4769 203.0
4770 251.0
4771 251.0
4772 251.0
4773 204.0
4774 203.0
4775 204.0
4776 103.0
4777 33.0
4778 251.0
4779 251.0
4780 203.0
4781 443.0
4782 652.0
4783 204.0
4784 203.0
4785 363.0
4786 364.0
4787 24.0
4788 443.0
4789 363.0
4790 446.0
4791 44.0
4792 251.0
4793 363.0
4794 443.0
4795 251.0
4796 294.0
4797 49.0
4798 42.0
4799 50.0
4800 111.0
4801 444.0
4802 444.0
4803 0.0
4804 443.0
4805 383.0
4806 443.0
4807 204.0
4808 203.0
4809 33.0
4810 203.0
4811 203.0
4812 204.0
4813 31.0
4814 203.0
4815 251.0
4816 203.0
4817 363.0
4818 363.0
4819 363.0
4820 104.0
4821 251.0
4822 251.0
4823 251.0
4824 203.0
4825 252.0
4826 252.0
4827 203.0
4828 203.0
4829 251.0
4830 251.0
4831 203.0
4832 507.0
4833 652.0
4834 175.0
4835 203.0
4836 364.0
4837 363.0
4838 203.0
4839 484.0
4840 152.0
4841 484.0
4842 251.0
4843 364.0
4844 251.0
4845 204.0
4846 246.0
4847 276.0
4848 251.0
4849 152.0
4850 111.0
4851 443.0
4852 444.0
4853 444.0
4854 0.0
4855 443.0
4856 369.0
4857 443.0
4858 204.0
4859 364.0
4860 204.0
4861 365.0
4862 32.0
4863 204.0
4864 20.0
4865 203.0
4866 251.0
4867 203.0
4868 363.0
4869 363.0
4870 363.0
4871 104.0
4872 251.0
4873 251.0
4874 251.0
4875 203.0
4876 251.0
4877 203.0
4878 67.0
4879 203.0
4880 251.0
4881 251.0
4882 203.0
4883 507.0
4884 652.0
4885 203.0
4886 70.0
4887 363.0
4888 363.0
4889 24.0
4890 443.0
4891 484.0
4892 484.0
4893 49.0
4894 363.0
4895 280.0
4896 365.0
4897 93.0
4898 275.0
4899 251.0
4900 45.0
4901 111.0
4902 443.0
4903 443.0
4904 444.0
4905 0.0
4906 443.0
4907 443.0
4908 443.0
4909 204.0
4910 443.0
4911 32.0
4912 33.0
4913 0.0
4914 204.0
4915 203.0
4916 203.0
4917 251.0
4918 182.0
4919 251.0
4920 363.0
4921 363.0
4922 44.0
4923 251.0
4924 251.0
4925 251.0
4926 203.0
4927 252.0
4928 203.0
4929 203.0
4930 169.0
4931 251.0
4932 251.0
4933 203.0
4934 651.0
4935 652.0
4936 32.0
4937 70.0
4938 363.0
4939 363.0
4940 184.0
4941 443.0
4942 115.0
4943 446.0
4944 49.0
4945 251.0
4946 251.0
4947 443.0
4948 251.0
4949 294.0
4950 261.0
4951 33.0
4952 74.0
4953 444.0
4954 444.0
4955 443.0
4956 0.0
4957 443.0
4958 443.0
4959 0.0
4960 203.0
4961 204.0
4962 6.0
4963 443.0
4964 204.0
4965 204.0
4966 87.0
4967 204.0
4968 251.0
4969 182.0
4970 251.0
4971 251.0
4972 363.0
4973 109.0
4974 251.0
4975 251.0
4976 251.0
4977 203.0
4978 252.0
4979 251.0
4980 204.0
4981 169.0
4982 251.0
4983 251.0
4984 203.0
4985 436.0
4986 652.0
4987 203.0
4988 70.0
4989 364.0
4990 363.0
4991 443.0
4992 484.0
4993 152.0
4994 484.0
4995 49.0
4996 251.0
4997 251.0
4998 365.0
4999 251.0
5000 363.0
5001 251.0
5002 11.0
5003 78.0
5004 443.0
5005 444.0
5006 290.0
5007 30.0
5008 443.0
5009 443.0
5010 443.0
5011 204.0
5012 443.0
5013 75.0
5014 443.0
5015 203.0
5016 204.0
5017 87.0
5018 203.0
5019 251.0
5020 203.0
5021 363.0
5022 363.0
5023 363.0
5024 131.0
5025 251.0
5026 251.0
5027 251.0
5028 203.0
5029 251.0
5030 251.0
5031 202.0
5032 251.0
5033 251.0
5034 251.0
5035 203.0
5036 651.0
5037 652.0
5038 204.0
5039 31.0
5040 364.0
5041 363.0
5042 153.0
5043 443.0
5044 115.0
5045 484.0
5046 251.0
5047 363.0
5048 251.0
5049 443.0
5050 294.0
5051 275.0
5052 203.0
5053 69.0
5054 111.0
5055 444.0
5056 444.0
5057 20.0
5058 0.0
5059 443.0
5060 443.0
5061 366.0
5062 443.0
5063 204.0
5064 364.0
5065 940.0
5066 204.0
5067 204.0
5068 204.0
5069 203.0
5070 251.0
5071 203.0
5072 363.0
5073 363.0
5074 363.0
5075 204.0
5076 251.0
5077 251.0
5078 251.0
5079 203.0
5080 252.0
5081 252.0
5082 204.0
5083 203.0
5084 251.0
5085 251.0
5086 203.0
5087 251.0
5088 652.0
5089 203.0
5090 70.0
5091 364.0
5092 1.0
5093 178.0
5094 443.0
5095 115.0
5096 484.0
5097 49.0
5098 363.0
5099 251.0
5100 364.0
